1118400 2556.6
1118410 2561.5
1118420 2561.5
1118430 2567.6
1118440 2573.5
1118450 2577.4
1118460 2583.3
1118470 2589.3
1118480 2589.3
1118490 2595.9
1118500 2602.1
1118510 2602.1
1118520 2605.7
1118530 2610.9
1118540 2610.9
1118550 2617.9
1118560 2627.7
1118570 2627.7
1118580 2638.7
1118590 2647.6
1118600 2656.1
1118610 2656.1
1118620 2665.9
1118630 2674.0
1118640 2674.0
1118650 2679.3
1118660 2684.7
1118670 2684.7
1118680 2699.5
1118690 2712.3
1118700 2712.3
1118710 2724.5
1118720 2732.5
1118730 2732.5
1118740 2739.5
1118750 2746.7
1118760 2746.7
1118770 2754.5
1118780 2762.3
1118790 2773.0
1118800 2773.0
1118810 2781.4
1118820 2788.0
1118830 2788.0
1118840 2792.7
1118850 2792.7
1118860 2792.7
1118870 2780.2
1118880 2762.9
1118890 2762.9
1118900 2752.6
1118910 2747.8
1118920 2747.8
1118930 2746.8
1118940 2746.1
1118950 2746.1
1118960 2742.6
1118970 2736.9
1118980 2731.4
1118990 2731.4
1119000 2725.5
1119010 2721.4
1119020 2721.4
1119030 2716.5
1119040 2711.3
1119050 2711.3
1119060 2707.7
1119070 2701.6
1119080 2701.6
1119090 2694.3
1119100 2686.4
1119110 2686.4
1119120 2677.9
1119130 2669.8
1119140 2671.0
1119150 2663.8
1119160 2656.8
1119170 2649.9
1119180 2649.9
1119190 2643.0
1119200 2636.0
1119210 2636.0
1119220 2629.3
1119230 2623.9
1119240 2623.9
1119250 2618.7
1119260 2615.1
1119270 2615.1
1119280 2612.6
1119290 2610.7
1119300 2610.7
1119310 2610.0
1119320 2610.4
1119330 2610.4
1119340 2611.8
1119350 2612.8
1119360 2612.8
1119370 2612.8
1119380 2613.9
1119390 2616.5
1119400 2616.5
1119410 2618.7
1119420 2618.7
1119430 2618.7
1119440 2616.5
1119450 2613.6
1119460 2613.6
1119470 2606.2
1119480 2604.3
1119490 2604.3
1119500 2580.0
1119510 2557.9
1119520 2557.9
1119530 2540.2
1119540 2531.6
1119550 2526.0
1119560 2526.0
1119570 2522.7
1119580 2519.2
1119590 2519.2
1119600 2514.3
1119610 2508.6
1119620 2508.6
1119630 2502.6
1119640 2496.8
1119650 2496.8
1119660 2490.9
1119670 2484.5
1119680 2484.5
1119690 2478.9
1119700 2470.7
1119710 2470.7
1119720 2463.8
1119730 2456.7
1119740 2451.5
1119750 2451.5
1119760 2449.1
1119770 2447.9
1119780 2447.9
1119790 2446.7
1119800 2445.6
1119810 2445.6
1119820 2445.8
1119830 2446.9
1119840 2446.9
1119850 2447.2
1119860 2448.1
1119870 2448.1
1119880 2449.1
1119890 2450.1
1119900 2450.1
1119910 2450.6
1119920 2451.8
1119930 2452.8
1119940 2452.8
1119950 2454.1
1119960 2457.6
1119970 2457.6
1119980 2460.1
1119990 2462.3
