1118420 2551.2
1118430 2551.2
1118440 2558.7
1118450 2565.8
1118460 2565.8
1118470 2573.5
1118480 2583.7
1118490 2583.7
1118500 2594.0
1118510 2605.2
1118520 2605.2
1118530 2618.9
1118540 2640.0
1118550 2654.2
1118560 2654.2
1118570 2653.1
1118580 2668.0
1118590 2668.0
1118600 2676.2
1118610 2685.0
1118620 2685.0
1118630 2696.2
1118640 2705.6
1118650 2705.6
1118660 2716.9
1118670 2728.4
1118680 2728.4
1118690 2737.6
1118700 2745.8
1118710 2745.8
1118720 2754.8
1118730 2764.2
1118740 2772.7
1118750 2772.7
1118760 2780.5
1118770 2787.4
1118780 2787.4
1118790 2795.8
1118800 2803.5
1118810 2803.5
1118820 2812.0
1118830 2817.3
1118840 2817.3
1118850 2822.2
1118860 2826.8
1118870 2826.8
1118880 2831.2
1118890 2835.0
1118900 2835.0
1118910 2832.9
1118920 2829.9
1118930 2823.9
1118940 2823.9
1118950 2820.7
1118960 2813.1
1118970 2813.1
1118980 2808.9
1118990 2805.5
1119000 2805.5
1119010 2800.1
1119020 2792.5
1119030 2792.5
1119040 2776.3
1119050 2757.4
1119060 2757.4
1119070 2746.8
1119080 2738.4
1119090 2738.4
1119100 2729.5
1119110 2719.2
1119120 2706.6
1119130 2706.6
1119140 2692.3
1119150 2678.4
1119160 2678.4
1119170 2665.5
1119180 2654.0
1119190 2654.0
1119200 2642.1
1119210 2636.9
1119220 2636.9
1119230 2635.5
1119240 2631.4
1119250 2631.4
1119260 2626.9
1119270 2624.9
1119280 2624.9
1119290 2625.4
1119300 2622.9
1119310 2620.3
1119320 2620.3
1119330 2621.2
1119340 2621.8
1119350 2621.8
1119360 2621.1
1119370 2622.9
1119380 2622.9
1119390 2625.5
1119400 2626.4
1119410 2626.4
1119420 2628.3
1119430 2631.4
1119440 2631.4
1119450 2632.1
1119460 2632.5
1119470 2632.5
1119480 2632.8
1119490 2628.6
1119500 2621.2
1119510 2621.2
1119520 2617.0
1119530 2612.5
1119540 2612.5
1119550 2607.2
1119560 2599.4
1119570 2599.4
1119580 2594.4
1119590 2580.0
1119600 2580.0
1119610 2574.8
1119620 2563.3
1119630 2563.3
1119640 2552.5
1119650 2534.7
1119660 2534.7
1119670 2511.7
1119680 2500.0
1119690 2495.5
1119700 2495.5
1119710 2491.2
1119720 2485.9
1119730 2485.9
1119740 2482.7
1119750 2478.8
1119760 2478.8
1119770 2475.2
1119780 2470.7
1119790 2470.7
1119800 2465.2
1119810 2461.9
1119820 2461.9
1119830 2462.7
1119840 2466.1
1119850 2466.1
1119860 2466.6
1119870 2468.6
1119880 2471.8
1119890 2471.8
1119900 2474.7
1119910 2478.3
1119920 2478.3
1119930 2481.3
1119940 2482.4
1119950 2482.4
1119960 2488.9
1119970 2492.3
1119980 2492.3
1119990 2495.4
