1118520 2610.5
1118530 2610.5
1118540 2613.7
1118550 2618.4
1118560 2618.4
1118570 2621.3
1118580 2623.9
1118590 2623.9
1118600 2625.5
1118610 2628.0
1118620 2628.0
1118630 2630.7
1118640 2633.3
1118650 2633.3
1118660 2636.4
1118670 2639.3
1118680 2644.5
1118690 2644.5
1118700 2649.8
1118710 2654.9
1118720 2654.9
1118730 2660.2
1118740 2665.5
1118750 2665.5
1118760 2670.6
1118770 2675.5
1118780 2675.5
1118790 2678.1
1118800 2683.8
1118810 2683.8
1118820 2690.0
1118830 2696.2
1118840 2696.2
1118850 2702.8
1118860 2709.5
1118870 2716.2
1118880 2716.2
1118890 2724.0
1118900 2732.9
1118910 2732.9
1118920 2739.7
1118930 2747.1
1118940 2747.1
1118950 2754.6
1118960 2762.5
1118970 2762.5
1118980 2775.0
1118990 2783.2
1119000 2783.2
1119010 2792.5
1119020 2801.9
1119030 2801.9
1119040 2807.4
1119050 2805.0
1119060 2798.4
1119070 2798.4
1119080 2771.5
1119090 2755.3
1119100 2755.3
1119110 2743.5
1119120 2735.7
1119130 2735.7
1119140 2721.5
1119150 2713.0
1119160 2713.0
1119170 2709.1
1119180 2704.9
1119190 2704.9
1119200 2700.1
1119210 2694.6
1119220 2694.6
1119230 2689.1
1119240 2682.3
1119250 2674.7
1119260 2674.7
1119270 2665.6
1119280 2659.3
1119290 2659.3
1119300 2654.4
1119310 2650.0
1119320 2650.0
1119330 2645.6
1119340 2641.0
1119350 2641.0
1119360 2636.8
1119370 2633.4
1119380 2633.4
1119390 2628.9
1119400 2622.4
1119410 2622.4
1119420 2617.7
1119430 2613.3
1119440 2608.6
1119450 2608.6
1119460 2605.6
1119470 2603.3
1119480 2603.3
1119490 2599.3
1119500 2593.9
1119510 2593.9
1119520 2589.5
1119530 2582.1
1119540 2582.1
1119550 2570.6
1119560 2556.7
1119570 2556.7
1119580 2550.4
1119590 2547.0
1119600 2547.0
1119610 2543.0
1119620 2536.8
1119630 2530.0
1119640 2530.0
1119650 2517.9
1119660 2509.9
1119670 2509.9
1119680 2502.5
1119690 2496.6
1119700 2496.6
1119710 2490.6
1119720 2481.6
1119730 2481.6
1119740 2467.1
1119750 2451.1
1119760 2451.1
1119770 2441.6
1119780 2435.3
1119790 2435.3
1119800 2430.2
1119810 2426.6
1119820 2424.8
1119830 2426.0
1119840 2423.9
1119850 2419.8
1119860 2419.8
1119870 2415.9
1119880 2412.6
1119890 2412.6
1119900 2409.0
1119910 2406.3
1119920 2406.3
1119930 2402.9
1119940 2398.6
1119950 2398.6
1119960 2398.1
1119970 2397.9
1119980 2397.9
1119990 2396.6
