1118500 2595.1
1118510 2596.8
1118520 2596.8
1118530 2597.1
1118540 2598.2
1118550 2598.2
1118560 2600.1
1118570 2602.5
1118580 2602.5
1118590 2606.2
1118600 2608.6
1118610 2611.1
1118620 2611.1
1118630 2614.2
1118640 2617.9
1118650 2617.9
1118660 2623.5
1118670 2628.8
1118680 2628.8
1118690 2635.4
1118700 2640.3
1118710 2640.3
1118720 2645.1
1118730 2651.6
1118740 2651.6
1118750 2658.7
1118760 2664.6
1118770 2664.6
1118780 2670.8
1118790 2678.1
1118800 2685.5
1118810 2685.5
1118820 2693.6
1118830 2702.3
1118840 2702.3
1118850 2709.0
1118860 2715.9
1118870 2718.5
1118880 2725.9
1118890 2732.7
1118900 2732.7
1118910 2739.8
1118920 2746.9
1118930 2746.9
1118940 2754.0
1118950 2762.8
1118960 2762.8
1118970 2774.1
1118980 2781.0
1118990 2779.4
1119000 2779.4
1119010 2769.4
1119020 2764.4
1119030 2764.4
1119040 2761.1
1119050 2745.9
1119060 2745.9
1119070 2737.0
1119080 2731.0
1119090 2731.0
1119100 2723.2
1119110 2715.8
1119120 2715.8
1119130 2709.7
1119140 2704.7
1119150 2704.7
1119160 2699.5
1119170 2694.6
1119180 2690.8
1119190 2690.8
1119200 2686.8
1119210 2682.1
1119220 2677.6
1119230 2673.8
1119240 2670.7
1119250 2670.7
1119260 2669.1
1119270 2666.8
1119280 2666.8
1119290 2661.8
1119300 2655.7
1119310 2655.7
1119320 2647.9
1119330 2643.5
1119340 2643.5
1119350 2640.3
1119360 2637.7
1119370 2628.3
1119380 2628.3
1119390 2623.7
1119400 2618.5
1119410 2618.5
1119420 2617.2
1119430 2615.2
1119440 2615.2
1119450 2611.8
1119460 2609.9
1119470 2609.9
1119480 2607.6
1119490 2605.4
1119500 2605.4
1119510 2604.3
1119520 2601.6
1119530 2601.6
1119540 2592.6
1119550 2579.8
1119560 2580.7
1119570 2580.7
1119580 2565.2
1119590 2543.1
1119600 2543.1
1119610 2534.6
1119620 2528.2
1119630 2528.2
1119640 2521.1
1119650 2514.7
1119660 2514.7
1119670 2508.4
1119680 2502.8
1119690 2502.8
1119700 2497.4
1119710 2487.4
1119720 2487.4
1119730 2479.6
1119740 2475.7
1119750 2472.5
1119760 2472.5
1119770 2471.3
1119780 2468.2
1119790 2468.2
1119800 2460.9
1119810 2451.6
1119820 2451.6
1119830 2436.4
1119840 2427.9
1119850 2427.9
1119860 2422.5
1119870 2419.9
1119880 2419.9
1119890 2418.4
1119900 2416.0
1119910 2415.4
1119920 2409.3
1119930 2405.0
1119940 2404.2
1119950 2404.2
1119960 2403.3
1119970 2402.2
1119980 2402.2
1119990 2401.8
