1117470 2707.1
1117480 2707.1
1117490 2711.8
1117500 2718.1
1117510 2718.1
1117520 2724.6
1117530 2730.1
1117540 2730.1
1117550 2736.9
1117560 2744.3
1117570 2741.5
1117580 2749.0
1117590 2757.6
1117600 2757.6
1117610 2764.6
1117620 2772.4
1117630 2772.4
1117640 2781.8
1117650 2787.6
1117660 2795.3
1117670 2795.3
1117680 2803.0
1117690 2810.2
1117700 2810.2
1117710 2817.3
1117720 2823.5
1117730 2823.5
1117740 2829.5
1117750 2836.0
1117760 2836.0
1117770 2843.5
1117780 2848.4
1117790 2848.4
1117800 2853.6
1117810 2863.8
1117820 2863.8
1117830 2862.2
1117840 2867.9
1117850 2878.5
1117860 2878.5
1117870 2887.7
1117880 2897.2
1117890 2897.2
1117900 2908.7
1117910 2917.5
1117920 2914.7
1117930 2923.7
1117940 2923.3
1117950 2923.3
1117960 2917.4
1117970 2907.9
1117980 2907.9
1117990 2907.4
1118000 2904.5
1118010 2904.5
1118020 2904.1
1118030 2906.8
1118040 2910.7
1118050 2910.7
1118060 2915.0
1118070 2920.2
1118080 2920.2
1118090 2924.0
1118100 2922.0
1118110 2922.0
1118120 2918.7
1118130 2915.7
1118140 2915.7
1118150 2910.6
1118160 2902.4
1118170 2902.4
1118180 2892.7
1118190 2883.9
1118200 2883.9
1118210 2876.6
1118220 2869.2
1118230 2862.7
1118240 2862.7
1118250 2855.9
1118260 2843.9
1118270 2843.9
1118280 2835.7
1118290 2828.6
1118300 2828.6
1118310 2820.0
1118320 2805.0
1118330 2805.0
1118340 2792.6
1118350 2784.9
1118360 2784.9
1118370 2777.8
1118380 2770.6
1118390 2770.6
1118400 2763.7
1118410 2757.8
1118420 2752.5
1118430 2752.5
1118440 2746.9
1118450 2741.3
1118460 2741.3
1118470 2736.4
1118480 2732.8
1118490 2732.8
1118500 2731.0
1118510 2726.5
1118520 2726.5
1118530 2722.8
1118540 2720.3
1118550 2720.3
1118560 2718.8
1118570 2716.8
1118580 2716.8
1118590 2715.2
1118600 2712.8
1118610 2711.6
1118620 2711.6
1118630 2707.9
1118640 2703.6
1118650 2703.6
1118660 2700.2
1118670 2698.3
1118680 2698.3
1118690 2697.0
1118700 2695.7
1118710 2695.7
1118720 2694.3
1118730 2693.0
1118740 2693.0
1118750 2691.4
1118760 2690.0
1118770 2690.0
1118780 2688.2
1118790 2686.3
1118800 2684.3
1118810 2684.3
1118820 2682.6
1118830 2680.9
1118840 2680.9
1118850 2682.6
1118860 2685.5
1118870 2685.5
1118880 2688.4
1118890 2689.5
1118900 2689.5
1118910 2688.7
1118920 2690.2
1118930 2690.2
1118940 2693.8
1118950 2699.8
1118960 2699.8
1118970 2702.0
1118980 2697.9
1118990 2685.1
1119000 2685.1
1119010 2671.0
1119020 2663.5
1119030 2663.5
1119040 2653.1
1119050 2646.1
1119060 2646.1
1119070 2637.2
1119080 2628.2
1119090 2628.2
1119100 2617.4
1119110 2612.0
1119120 2612.0
1119130 2609.3
1119140 2598.2
1119150 2598.2
1119160 2595.5
1119170 2594.6
1119180 2593.3
1119190 2593.3
1119200 2590.0
1119210 2585.4
1119220 2585.4
1119230 2580.8
1119240 2577.4
1119250 2577.4
1119260 2574.0
1119270 2570.9
1119280 2570.9
1119290 2568.1
1119300 2570.7
1119310 2570.7
1119320 2570.4
1119330 2568.7
1119340 2568.7
1119350 2564.0
1119360 2559.6
1119370 2559.6
1119380 2557.5
1119390 2554.1
1119400 2550.7
1119410 2550.7
1119420 2548.7
1119430 2547.6
1119440 2547.6
1119450 2544.4
1119460 2537.5
1119470 2537.5
1119480 2533.8
1119490 2533.1
1119500 2533.1
1119510 2532.8
1119520 2530.7
1119530 2530.7
1119540 2526.8
1119550 2524.4
1119560 2524.4
1119570 2521.5
1119580 2516.4
1119590 2511.5
1119600 2511.5
1119610 2506.6
1119620 2502.3
1119630 2502.3
1119640 2493.8
1119650 2487.9
1119660 2487.9
1119670 2481.9
1119680 2474.5
1119690 2474.5
1119700 2468.0
1119710 2461.8
1119720 2461.8
1119730 2456.2
1119740 2450.5
1119750 2450.5
1119760 2444.0
1119770 2438.3
1119780 2432.4
1119790 2432.4
1119800 2425.7
1119810 2417.9
1119820 2417.9
1119830 2409.6
1119840 2402.6
1119850 2402.6
1119860 2397.2
1119870 2390.3
1119880 2390.3
1119890 2384.5
1119900 2379.2
1119910 2379.2
1119920 2374.0
1119930 2369.6
1119940 2369.6
1119950 2364.7
1119960 2361.3
1119970 2356.5
1119980 2356.5
1119990 2351.7
