1117470 2698.9
1117480 2698.9
1117490 2705.8
1117500 2712.1
1117510 2712.1
1117520 2718.6
1117530 2725.0
1117540 2732.5
1117550 2732.5
1117560 2741.3
1117570 2747.7
1117580 2747.7
1117590 2753.5
1117600 2759.3
1117610 2759.3
1117620 2766.9
1117630 2773.6
1117640 2773.6
1117650 2776.9
1117660 2778.6
1117670 2778.6
1117680 2781.4
1117690 2786.4
1117700 2786.4
1117710 2793.5
1117720 2801.0
1117730 2807.4
1117740 2807.4
1117750 2814.7
1117760 2821.3
1117770 2821.3
1117780 2828.6
1117790 2838.0
1117800 2838.0
1117810 2845.8
1117820 2853.7
1117830 2853.7
1117840 2864.5
1117850 2874.4
1117860 2874.4
1117870 2886.8
1117880 2895.8
1117890 2895.8
1117900 2908.1
1117910 2920.3
1117920 2920.3
1117930 2914.6
1117940 2905.6
1117950 2895.8
1117960 2895.8
1117970 2889.5
1117980 2886.0
1117990 2886.0
1118000 2887.3
1118010 2891.7
1118020 2891.7
1118030 2895.9
1118040 2898.3
1118050 2898.3
1118060 2897.9
1118070 2894.6
1118080 2894.6
1118090 2888.0
1118100 2885.4
1118110 2885.4
1118120 2885.4
1118130 2886.7
1118140 2889.0
1118150 2889.0
1118160 2892.3
1118170 2897.0
1118180 2897.0
1118190 2894.2
1118200 2885.4
1118210 2885.4
1118220 2877.0
1118230 2870.1
1118240 2870.1
1118250 2862.8
1118260 2853.8
1118270 2853.8
1118280 2841.9
1118290 2834.3
1118300 2834.3
1118310 2825.8
1118320 2815.2
1118330 2803.8
1118340 2803.8
1118350 2793.3
1118360 2782.4
1118370 2782.4
1118380 2773.1
1118390 2763.2
1118400 2763.2
1118410 2754.9
1118420 2749.1
1118430 2749.1
1118440 2742.7
1118450 2733.4
1118460 2733.4
1118470 2725.3
1118480 2720.6
1118490 2720.6
1118500 2716.9
1118510 2713.8
1118520 2710.7
1118530 2710.7
1118540 2707.7
1118550 2705.0
1118560 2705.0
1118570 2702.5
1118580 2700.2
1118590 2700.2
1118600 2698.0
1118610 2696.0
1118620 2696.0
1118630 2694.1
1118640 2694.2
1118650 2694.2
1118660 2692.4
1118670 2690.0
1118680 2690.0
1118690 2687.4
1118700 2684.9
1118710 2682.2
1118720 2682.2
1118730 2679.0
1118740 2675.5
1118750 2675.5
1118760 2671.7
1118770 2668.3
1118780 2668.3
1118790 2665.4
1118800 2663.2
1118810 2663.2
1118820 2662.8
1118830 2664.0
1118840 2664.0
1118850 2664.7
1118860 2664.3
1118870 2664.3
1118880 2662.2
1118890 2660.9
1118900 2662.9
1118910 2662.9
1118920 2663.3
1118930 2659.8
1118940 2659.8
1118950 2652.1
1118960 2647.1
1118970 2647.1
1118980 2651.8
1118990 2647.8
1119000 2647.8
1119010 2643.1
1119020 2636.4
1119030 2636.4
1119040 2632.2
1119050 2628.3
1119060 2628.3
1119070 2624.3
1119080 2619.4
1119090 2612.7
1119100 2612.7
1119110 2605.3
1119120 2597.9
1119130 2597.9
1119140 2590.3
1119150 2583.4
1119160 2583.4
1119170 2577.2
1119180 2572.2
1119190 2572.2
1119200 2568.2
1119210 2565.2
1119220 2565.2
1119230 2562.4
1119240 2560.5
1119250 2560.5
1119260 2559.1
1119270 2558.6
1119280 2557.7
1119290 2557.7
1119300 2557.2
1119310 2556.4
1119320 2556.4
1119330 2555.2
1119340 2553.7
1119350 2553.7
1119360 2552.5
1119370 2551.0
1119380 2551.0
1119390 2549.3
1119400 2546.9
1119410 2546.9
1119420 2544.4
1119430 2539.7
1119440 2539.7
1119450 2532.2
1119460 2527.5
1119470 2524.5
1119480 2524.5
1119490 2522.7
1119500 2523.1
1119510 2523.1
1119520 2523.7
1119530 2523.5
1119540 2523.5
1119550 2523.8
1119560 2525.0
1119570 2525.0
1119580 2526.5
1119590 2524.7
1119600 2524.7
1119610 2521.7
1119620 2514.6
1119630 2514.6
1119640 2507.8
1119650 2501.8
1119660 2496.3
1119670 2496.3
1119680 2488.2
1119690 2480.1
1119700 2480.1
1119710 2471.4
1119720 2463.5
1119730 2463.5
1119740 2455.4
1119750 2447.1
1119760 2447.1
1119770 2438.2
1119780 2430.4
1119790 2430.4
1119800 2423.6
1119810 2417.7
1119820 2417.7
1119830 2415.6
1119840 2414.3
1119850 2414.3
1119860 2413.6
1119870 2410.1
1119880 2405.4
1119890 2405.4
1119900 2401.6
1119910 2392.7
1119920 2392.7
1119930 2386.4
1119940 2380.9
1119950 2380.9
1119960 2372.4
1119970 2364.8
1119980 2364.8
1119990 2357.3
