1117380 2620.3
1117390 2624.3
1117400 2630.5
1117410 2630.5
1117420 2636.7
1117430 2642.7
1117440 2642.7
1117450 2648.7
1117460 2654.9
1117470 2654.9
1117480 2663.2
1117490 2669.7
1117500 2669.7
1117510 2676.4
1117520 2683.2
1117530 2683.2
1117540 2690.6
1117550 2698.4
1117560 2698.4
1117570 2706.1
1117580 2713.9
1117590 2722.3
1117600 2722.3
1117610 2729.7
1117620 2737.2
1117630 2737.2
1117640 2744.7
1117650 2753.9
1117660 2753.9
1117670 2762.0
1117680 2770.2
1117690 2770.2
1117700 2778.4
1117710 2790.4
1117720 2790.4
1117730 2804.5
1117740 2815.5
1117750 2815.5
1117760 2824.0
1117770 2834.9
1117780 2849.1
1117790 2849.1
1117800 2865.1
1117810 2873.3
1117820 2863.2
1117830 2879.4
1117840 2896.5
1117850 2896.5
1117860 2909.4
1117870 2918.2
1117880 2918.2
1117890 2909.7
1117900 2896.7
1117910 2896.7
1117920 2879.6
1117930 2871.4
1117940 2871.4
1117950 2861.8
1117960 2842.9
1117970 2842.9
1117980 2836.9
1117990 2829.4
1118000 2818.9
1118010 2818.9
1118020 2813.5
1118030 2807.2
1118040 2807.2
1118050 2801.6
1118060 2796.9
1118070 2796.9
1118080 2793.4
1118090 2790.7
1118100 2790.7
1118110 2789.1
1118120 2788.0
1118130 2788.0
1118140 2785.9
1118150 2783.5
1118160 2783.5
1118170 2785.3
1118180 2781.7
1118190 2779.6
1118200 2779.6
1118210 2777.8
1118220 2775.5
1118230 2775.5
1118240 2772.8
1118250 2770.8
1118260 2770.8
1118270 2769.5
1118280 2768.6
1118290 2768.6
1118300 2766.8
1118310 2763.4
1118320 2763.4
1118330 2758.8
1118340 2754.5
1118350 2754.5
1118360 2744.3
1118370 2728.2
1118380 2717.9
1118390 2717.9
1118400 2712.0
1118410 2705.0
1118420 2705.0
1118430 2695.8
1118440 2691.2
1118450 2691.2
1118460 2686.5
1118470 2680.7
1118480 2680.7
1118490 2674.6
1118500 2670.6
1118510 2676.8
1118520 2671.5
1118530 2667.4
1118540 2667.4
1118550 2663.8
1118560 2660.5
1118570 2657.5
1118580 2657.5
1118590 2654.5
1118600 2652.0
1118610 2652.0
1118620 2650.3
1118630 2650.2
1118640 2650.2
1118650 2651.7
1118660 2652.9
1118670 2652.9
1118680 2655.5
1118690 2658.5
1118700 2658.5
1118710 2661.7
1118720 2663.2
1118730 2663.2
1118740 2663.4
1118750 2663.6
1118760 2663.5
1118770 2663.5
1118780 2662.9
1118790 2657.3
1118800 2657.3
1118810 2648.9
1118820 2642.4
1118830 2642.4
1118840 2636.0
1118850 2629.3
1118860 2633.9
1118870 2629.5
1118880 2625.7
1118890 2625.7
1118900 2622.6
1118910 2619.3
1118920 2619.3
1118930 2615.3
1118940 2606.5
1118950 2599.1
1118960 2599.1
1118970 2593.7
1118980 2589.3
1118990 2589.3
1119000 2587.7
1119010 2586.2
1119020 2586.2
1119030 2584.2
1119040 2581.6
1119050 2581.6
1119060 2578.1
1119070 2573.9
1119080 2573.9
1119090 2569.2
1119100 2564.4
1119110 2564.4
1119120 2559.6
1119130 2555.0
1119140 2551.2
1119150 2551.2
1119160 2547.8
1119170 2544.1
1119180 2544.1
1119190 2540.4
1119200 2539.5
1119210 2539.5
1119220 2535.7
1119230 2531.8
1119240 2531.8
1119250 2528.5
1119260 2525.9
1119270 2525.9
1119280 2523.5
1119290 2521.2
1119300 2521.2
1119310 2519.1
1119320 2517.2
1119330 2515.5
1119340 2515.5
1119350 2513.8
1119360 2512.2
1119370 2512.2
1119380 2511.2
1119390 2510.4
1119400 2510.4
1119410 2509.7
1119420 2509.2
1119430 2509.2
1119440 2508.7
1119450 2508.4
1119460 2508.4
1119470 2509.2
1119480 2511.6
1119490 2511.6
1119500 2513.4
1119510 2513.4
1119520 2514.5
1119530 2514.5
1119540 2513.4
1119550 2510.3
1119560 2510.3
1119570 2509.2
1119580 2508.2
1119590 2508.2
1119600 2507.7
1119610 2507.6
1119620 2507.6
1119630 2507.9
1119640 2508.4
1119650 2508.4
1119660 2509.0
1119670 2508.3
1119680 2508.3
1119690 2508.3
1119700 2510.3
1119710 2510.3
1119720 2510.0
1119730 2508.5
1119740 2507.6
1119750 2507.6
1119760 2505.9
1119770 2505.2
1119780 2505.2
1119790 2505.5
1119800 2506.4
1119810 2506.4
1119820 2506.8
1119830 2506.1
1119840 2506.1
1119850 2504.2
1119860 2501.3
1119870 2501.3
1119880 2497.2
1119890 2494.4
1119900 2487.9
1119910 2481.9
1119920 2473.2
1119930 2464.7
1119940 2464.7
1119950 2455.2
1119960 2445.0
1119970 2445.0
1119980 2435.4
1119990 2426.4
