1116270 2852.6
1116280 2852.1
1116290 2852.5
1116300 2852.5
1116310 2851.9
1116320 2850.4
1116330 2850.4
1116340 2855.1
1116350 2859.1
1116360 2859.1
1116370 2861.4
1116380 2865.6
1116390 2865.6
1116400 2874.7
1116410 2885.6
1116420 2885.6
1116430 2893.0
1116440 2899.9
1116450 2899.9
1116460 2907.7
1116470 2920.4
1116480 2932.6
1116490 2932.6
1116500 2943.6
1116510 2952.2
1116520 2952.2
1116530 2961.7
1116540 2970.3
1116550 2970.3
1116560 2989.4
1116570 2995.5
1116580 2995.5
1116590 3000.0
1116600 3001.3
1116610 3001.3
1116620 3008.7
1116630 3022.3
1116640 3022.3
1116650 3029.0
1116660 3042.1
1116670 3044.8
1116680 3044.8
1116690 3048.3
1116700 3054.2
1116710 3054.2
1116720 3059.7
1116730 3067.6
1116740 3077.4
1116750 3087.5
1116760 3098.6
1116770 3098.6
1116780 3109.5
1116790 3106.0
1116800 3106.0
1116810 3091.4
1116820 3076.9
1116830 3076.9
1116840 3064.6
1116850 3052.2
1116860 3039.6
1116870 3039.6
1116880 3028.6
1116890 3015.0
1116900 3015.0
1116910 3001.4
1116920 2992.5
1116930 2992.5
1116940 2978.4
1116950 2963.3
1116960 2963.3
1116970 2941.6
1116980 2921.4
1116990 2921.4
1117000 2886.1
1117010 2871.2
1117020 2871.2
1117030 2865.8
1117040 2862.0
1117050 2860.0
1117060 2860.0
1117070 2860.0
1117080 2867.0
1117090 2867.0
1117100 2864.8
1117110 2862.8
1117120 2862.8
1117130 2862.5
1117140 2863.5
1117150 2863.5
1117160 2864.1
1117170 2865.3
1117180 2865.3
1117190 2865.1
1117200 2866.3
1117210 2866.3
1117220 2863.1
1117230 2857.1
1117240 2857.1
1117250 2855.1
1117260 2851.8
1117270 2847.6
1117280 2847.6
1117290 2844.3
1117300 2843.0
1117310 2843.0
1117320 2840.7
1117330 2840.8
1117340 2840.8
1117350 2840.1
1117360 2839.9
1117370 2839.9
1117380 2840.4
1117390 2844.1
1117400 2844.1
1117410 2849.6
1117420 2848.1
1117430 2854.5
1117440 2849.7
1117450 2845.8
1117460 2842.5
1117470 2842.5
1117480 2834.3
1117490 2822.9
1117500 2822.9
1117510 2815.3
1117520 2804.7
1117530 2804.7
1117540 2799.4
1117550 2795.7
1117560 2795.7
1117570 2793.6
1117580 2786.5
1117590 2786.5
1117600 2777.1
1117610 2768.8
1117620 2768.8
1117630 2767.4
1117640 2772.2
1117650 2774.0
1117660 2774.0
1117670 2770.7
1117680 2764.6
1117690 2764.6
1117700 2767.9
1117710 2776.4
1117720 2776.4
1117730 2783.4
1117740 2789.3
1117750 2789.3
1117760 2790.7
1117770 2790.9
1117780 2790.9
1117790 2786.0
1117800 2786.5
1117810 2786.5
1117820 2788.0
1117830 2788.1
1117840 2790.6
1117850 2790.6
1117860 2794.8
1117870 2800.6
1117880 2800.6
1117890 2806.9
1117900 2808.1
1117910 2808.1
1117920 2801.8
1117930 2794.5
1117940 2794.5
1117950 2781.2
1117960 2778.2
1117970 2778.2
1117980 2780.1
1117990 2773.0
1118000 2773.0
1118010 2768.4
1118020 2761.6
1118030 2756.2
1118040 2756.2
1118050 2747.0
1118060 2742.0
1118070 2742.0
1118080 2737.6
1118090 2735.0
1118100 2735.0
1118110 2729.8
1118120 2732.6
1118130 2732.6
1118140 2725.7
1118150 2727.8
1118160 2727.8
1118170 2720.4
1118180 2712.2
1118190 2712.2
1118200 2706.6
1118210 2703.7
1118220 2701.9
1118230 2701.9
1118240 2700.5
1118250 2700.2
1118260 2700.2
1118270 2701.3
1118280 2703.8
1118290 2703.8
1118300 2709.3
1118310 2713.2
1118320 2713.2
1118330 2717.7
1118340 2721.7
1118350 2721.7
1118360 2723.1
1118370 2722.0
1118380 2722.0
1118390 2724.3
1118400 2732.0
1118410 2732.3
1118420 2732.3
1118430 2730.7
1118440 2729.0
1118450 2729.0
1118460 2737.4
1118470 2743.3
1118480 2743.3
1118490 2749.1
1118500 2756.7
1118510 2756.7
1118520 2765.0
1118530 2771.0
1118540 2771.0
1118550 2777.7
1118560 2785.0
1118570 2785.0
1118580 2790.7
1118590 2798.1
1118600 2798.1
1118610 2800.9
1118620 2798.9
1118630 2791.2
1118640 2791.2
1118650 2793.3
1118660 2807.4
1118670 2807.4
1118680 2807.8
1118690 2812.0
1118700 2812.0
1118710 2815.8
1118720 2811.7
1118730 2811.7
1118740 2798.8
1118750 2788.2
1118760 2788.2
1118770 2787.2
1118780 2789.1
1118790 2789.1
1118800 2786.5
1118810 2769.9
1118820 2770.6
1118830 2770.6
1118840 2770.2
1118850 2769.1
1118860 2769.1
1118870 2766.1
1118880 2763.1
1118890 2763.1
1118900 2764.1
1118910 2765.7
1118920 2765.7
1118930 2761.3
1118940 2759.9
1118950 2759.9
1118960 2757.4
1118970 2755.3
1118980 2755.3
1118990 2754.9
1119000 2754.5
1119010 2757.4
1119020 2757.4
1119030 2760.9
1119040 2762.8
1119050 2762.8
1119060 2763.6
1119070 2763.7
1119080 2763.7
1119090 2763.1
1119100 2762.0
1119110 2762.0
1119120 2766.5
1119130 2776.8
1119140 2776.8
1119150 2768.5
1119160 2770.9
1119170 2770.9
1119180 2775.3
1119190 2777.9
1119200 2781.8
1119210 2781.8
1119220 2793.4
1119230 2797.9
1119240 2797.9
1119250 2806.0
1119260 2827.3
1119270 2827.3
1119280 2837.0
1119290 2835.4
1119300 2835.4
1119310 2851.9
1119320 2867.4
1119330 2867.4
1119340 2873.3
1119350 2882.8
1119360 2882.8
1119370 2891.7
1119380 2900.0
1119390 2910.0
1119400 2910.0
1119410 2922.6
1119420 2939.3
1119430 2939.3
1119440 2941.4
1119450 2931.0
1119460 2931.0
1119470 2927.7
1119480 2927.2
1119490 2927.2
1119500 2901.9
1119510 2897.0
1119520 2897.0
1119530 2892.3
1119540 2889.9
1119550 2889.9
1119560 2888.6
1119570 2884.2
1119580 2881.5
1119590 2881.5
1119600 2878.6
1119610 2871.1
1119620 2871.1
1119630 2863.4
1119640 2855.1
1119650 2855.1
1119660 2848.1
1119670 2842.2
1119680 2842.2
1119690 2833.9
1119700 2823.3
1119710 2823.3
1119720 2816.2
1119730 2810.3
1119740 2810.3
1119750 2804.8
1119760 2796.5
1119770 2780.5
1119780 2780.5
1119790 2768.0
1119800 2758.4
1119810 2758.4
1119820 2751.1
1119830 2744.9
1119840 2744.9
1119850 2739.4
1119860 2733.8
1119870 2733.8
1119880 2728.3
1119890 2723.0
1119900 2723.0
1119910 2718.6
1119920 2715.6
1119930 2715.6
1119940 2713.6
1119950 2711.3
1119960 2711.3
1119970 2709.5
1119980 2707.8
1119990 2706.0
