1116110 2805.1
1116120 2806.1
1116130 2806.1
1116140 2807.2
1116150 2808.3
1116160 2808.3
1116170 2809.5
1116180 2810.6
1116190 2810.6
1116200 2811.6
1116210 2812.6
1116220 2812.6
1116230 2814.1
1116240 2816.0
1116250 2816.0
1116260 2818.3
1116270 2821.0
1116280 2821.0
1116290 2821.2
1116300 2816.9
1116310 2819.5
1116320 2819.5
1116330 2822.5
1116340 2825.6
1116350 2825.6
1116360 2828.7
1116370 2832.4
1116380 2832.4
1116390 2836.1
1116400 2840.9
1116410 2840.9
1116420 2845.0
1116430 2849.4
1116440 2849.4
1116450 2853.9
1116460 2858.9
1116470 2858.9
1116480 2864.7
1116490 2870.7
1116500 2877.1
1116510 2877.1
1116520 2885.3
1116530 2900.3
1116540 2900.3
1116550 2911.0
1116560 2921.7
1116570 2921.7
1116580 2930.6
1116590 2940.2
1116600 2940.2
1116610 2950.8
1116620 2961.7
1116630 2961.7
1116640 2971.5
1116650 2979.8
1116660 2979.8
1116670 2986.9
1116680 2991.9
1116690 2996.9
1116700 2996.9
1116710 2998.9
1116720 2990.0
1116730 2990.0
1116740 2988.7
1116750 2979.0
1116760 2979.0
1116770 2965.5
1116780 2951.9
1116790 2951.9
1116800 2938.3
1116810 2918.4
1116820 2918.4
1116830 2905.6
1116840 2895.8
1116850 2895.8
1116860 2881.5
1116870 2860.2
1116880 2841.8
1116890 2841.8
1116900 2826.7
1116910 2819.9
1116920 2819.9
1116930 2805.6
1116940 2797.2
1116950 2797.2
1116960 2786.5
1116970 2783.7
1116980 2783.7
1116990 2778.5
1117000 2779.4
1117010 2779.4
1117020 2777.5
1117030 2762.8
1117040 2762.8
1117050 2756.5
1117060 2756.7
1117070 2756.8
1117080 2762.2
1117090 2761.6
1117100 2761.0
1117110 2761.0
1117120 2759.8
1117130 2759.0
1117140 2759.0
1117150 2758.7
1117160 2757.6
1117170 2757.6
1117180 2757.1
1117190 2759.0
1117200 2759.0
1117210 2761.4
1117220 2763.1
1117230 2763.1
1117240 2764.4
1117250 2765.3
1117260 2766.1
1117270 2766.1
1117280 2767.0
1117290 2767.9
1117300 2767.9
1117310 2769.4
1117320 2771.0
1117330 2771.0
1117340 2772.6
1117350 2774.2
1117360 2774.2
1117370 2778.9
1117380 2786.3
1117390 2786.3
1117400 2789.4
1117410 2781.8
1117420 2781.8
1117430 2781.5
1117440 2779.8
1117450 2779.8
1117460 2776.5
1117470 2770.9
1117480 2761.8
1117490 2761.8
1117500 2741.8
1117510 2731.0
1117520 2731.0
1117530 2736.1
1117540 2731.6
1117550 2731.6
1117560 2717.8
1117570 2709.2
1117580 2709.2
1117590 2692.7
1117600 2669.5
1117610 2669.5
1117620 2668.4
1117630 2666.8
1117640 2666.8
1117650 2664.6
1117660 2663.1
1117670 2662.4
1117680 2662.4
1117690 2661.9
1117700 2661.6
1117710 2661.6
1117720 2659.6
1117730 2658.0
1117740 2658.0
1117750 2657.2
1117760 2656.5
1117770 2661.0
1117780 2658.2
1117790 2656.2
1117800 2656.2
1117810 2655.2
1117820 2655.2
1117830 2655.2
1117840 2669.7
1117850 2669.1
1117860 2659.5
1117870 2659.5
1117880 2658.9
1117890 2659.8
1117900 2659.8
1117910 2661.0
1117920 2665.1
1117930 2665.1
1117940 2667.1
1117950 2662.6
1117960 2662.6
1117970 2660.1
1117980 2661.6
1117990 2661.6
1118000 2660.5
1118010 2662.0
1118020 2662.0
1118030 2659.7
1118040 2654.7
1118050 2654.0
1118060 2654.0
1118070 2653.1
1118080 2652.5
1118090 2652.5
1118100 2649.7
1118110 2646.9
1118120 2649.2
1118130 2647.7
1118140 2646.4
1118150 2646.4
1118160 2643.9
1118170 2641.7
1118180 2641.7
1118190 2641.0
1118200 2639.6
1118210 2639.6
1118220 2639.4
1118230 2639.6
1118240 2641.1
1118250 2641.1
1118260 2644.6
1118270 2647.7
1118280 2647.7
1118290 2652.1
1118300 2657.4
1118310 2657.4
1118320 2664.3
1118330 2672.6
1118340 2672.6
1118350 2681.2
1118360 2688.7
1118370 2688.7
1118380 2696.0
1118390 2703.9
1118400 2703.9
1118410 2711.7
1118420 2719.2
1118430 2727.1
1118440 2727.1
1118450 2734.7
1118460 2739.1
1118470 2739.1
1118480 2746.0
1118490 2752.6
1118500 2752.6
1118510 2759.8
1118520 2767.9
1118530 2767.9
1118540 2778.0
1118550 2786.7
1118560 2786.7
1118570 2795.4
1118580 2804.8
1118590 2804.8
1118600 2809.4
1118610 2807.8
1118620 2805.5
1118630 2805.5
1118640 2804.7
1118650 2802.9
1118660 2802.9
1118670 2801.9
1118680 2801.3
1118690 2801.3
1118700 2801.0
1118710 2801.4
1118720 2801.4
1118730 2802.3
1118740 2803.5
1118750 2803.5
1118760 2805.2
1118770 2805.9
1118780 2805.9
1118790 2807.8
1118800 2810.1
1118810 2812.7
1118820 2814.8
1118830 2816.2
1118840 2818.5
1118850 2818.5
1118860 2821.1
1118870 2824.0
1118880 2824.0
1118890 2829.1
1118900 2834.0
1118910 2834.0
1118920 2836.3
1118930 2839.3
1118940 2839.3
1118950 2841.9
1118960 2845.0
1118970 2845.0
1118980 2848.2
1118990 2851.2
1119000 2851.2
1119010 2853.6
1119020 2855.3
1119030 2856.5
1119040 2856.5
1119050 2857.2
1119060 2857.9
1119070 2857.9
1119080 2859.0
1119090 2860.9
1119100 2860.9
1119110 2864.0
1119120 2869.2
1119130 2869.2
1119140 2874.1
1119150 2887.8
1119160 2887.8
1119170 2897.3
1119180 2906.7
1119190 2906.7
1119200 2906.8
1119210 2911.5
1119220 2912.5
1119230 2912.5
1119240 2905.1
1119250 2896.1
1119260 2896.1
1119270 2887.9
1119280 2879.6
1119290 2879.6
1119300 2872.2
1119310 2864.6
1119320 2864.6
1119330 2855.3
1119340 2846.8
1119350 2846.8
1119360 2840.1
1119370 2834.7
1119380 2834.7
1119390 2828.9
1119400 2823.0
1119410 2816.7
1119420 2816.7
1119430 2809.1
1119440 2801.5
1119450 2801.5
1119460 2792.4
1119470 2786.2
1119480 2786.2
1119490 2776.9
1119500 2775.9
1119510 2775.9
1119520 2771.5
1119530 2768.4
1119540 2768.4
1119550 2765.9
1119560 2763.3
1119570 2763.3
1119580 2760.9
1119590 2758.6
1119600 2755.3
1119610 2755.3
1119620 2752.3
1119630 2749.9
1119640 2749.9
1119650 2747.4
1119660 2746.7
1119670 2746.7
1119680 2746.4
1119690 2747.2
1119700 2747.2
1119710 2748.1
1119720 2750.8
1119730 2750.8
1119740 2755.3
1119750 2757.9
1119760 2757.9
1119770 2756.1
1119780 2748.4
1119790 2745.0
1119800 2745.0
1119810 2740.9
1119820 2741.0
1119830 2741.0
1119840 2743.3
1119850 2750.0
1119860 2750.0
1119870 2749.6
1119880 2749.8
1119890 2749.8
1119900 2749.9
1119910 2748.0
1119920 2748.0
1119930 2742.4
1119940 2733.3
1119950 2733.3
1119960 2725.2
1119970 2718.0
1119980 2718.0
1119990 2704.4
