1113090 2553.5
1113100 2557.9
1113110 2561.3
1113120 2561.3
1113130 2562.9
1113140 2565.3
1113150 2565.3
1113160 2568.8
1113170 2571.9
1113180 2571.9
1113190 2574.4
1113200 2577.4
1113210 2577.4
1113220 2580.6
1113230 2585.3
1113240 2585.3
1113250 2588.6
1113260 2590.9
1113270 2590.9
1113280 2594.1
1113290 2596.0
1113300 2596.0
1113310 2599.5
1113320 2602.5
1113330 2604.4
1113340 2604.4
1113350 2606.5
1113360 2608.8
1113370 2608.8
1113380 2611.4
1113390 2613.0
1113400 2613.0
1113410 2613.3
1113420 2614.7
1113430 2614.7
1113440 2617.5
1113450 2621.6
1113460 2621.6
1113470 2627.4
1113480 2633.9
1113490 2633.9
1113500 2640.1
1113510 2646.9
1113520 2652.7
1113530 2652.7
1113540 2657.8
1113550 2665.1
1113560 2665.1
1113570 2675.5
1113580 2686.4
1113590 2686.4
1113600 2700.6
1113610 2709.7
1113620 2709.7
1113630 2715.3
1113640 2723.5
1113650 2723.5
1113660 2729.5
1113670 2733.5
1113680 2733.5
1113690 2734.8
1113700 2735.5
1113710 2737.8
1113720 2737.8
1113730 2740.9
1113740 2744.6
1113750 2744.6
1113760 2743.6
1113770 2731.6
1113780 2731.6
1113790 2721.0
1113800 2709.4
1113810 2709.4
1113820 2698.2
1113830 2695.6
1113840 2695.6
1113850 2702.2
1113860 2712.7
1113870 2712.7
1113880 2714.5
1113890 2710.1
1113900 2705.1
1113910 2705.1
1113920 2697.9
1113930 2698.4
1113940 2698.4
1113950 2693.2
1113960 2682.7
1113970 2682.7
1113980 2654.1
1113990 2655.2
1114000 2655.2
1114010 2651.7
1114020 2636.3
1114030 2636.3
1114040 2628.0
1114050 2624.4
1114060 2624.4
1114070 2626.0
1114080 2626.6
1114090 2625.9
1114100 2625.9
1114110 2622.7
1114120 2618.3
1114130 2618.3
1114140 2615.1
1114150 2611.6
1114160 2611.6
1114170 2607.8
1114180 2604.1
1114190 2604.1
1114200 2600.0
1114210 2595.8
1114220 2595.8
1114230 2592.2
1114240 2589.4
1114250 2589.4
1114260 2587.4
1114270 2585.3
1114280 2585.3
1114290 2582.8
1114300 2580.3
1114310 2578.0
1114320 2572.4
1114330 2570.7
1114340 2569.3
1114350 2569.3
1114360 2567.6
1114370 2567.0
1114380 2567.0
1114390 2565.8
1114640 2558.0
1114650 2561.0
1114710 2567.6
1114720 2568.8
1114730 2568.8
1114740 2572.2
1114750 2575.6
1114760 2575.6
1114770 2578.8
1114780 2583.7
1114790 2583.7
1114800 2591.3
1114810 2597.9
1114820 2597.9
1114830 2602.9
1114840 2607.2
1114850 2607.2
1114860 2608.6
1114870 2609.4
1114880 2609.8
1114890 2609.8
1114900 2607.5
1114910 2608.1
1114920 2608.1
1114930 2610.4
1114940 2611.7
1114950 2611.7
1115030 2608.8
1115040 2608.8
1115050 2610.6
1115060 2612.7
1115070 2618.3
1115080 2618.3
1115090 2626.3
1115100 2630.3
1115110 2630.3
1115120 2632.8
1115130 2636.0
1115140 2636.0
1115150 2642.9
1115160 2650.9
1115170 2650.9
1115180 2655.7
1115190 2658.2
1115200 2658.2
1115210 2662.4
1115220 2666.7
1115230 2666.7
1115240 2670.7
1115250 2676.4
1115260 2676.4
1115270 2678.7
1115280 2677.4
1115290 2680.1
1115300 2680.1
1115310 2683.9
1115320 2686.1
1115330 2686.1
1115340 2684.6
1115350 2688.5
1115360 2688.5
1115370 2692.2
1115380 2695.0
1115390 2695.0
1115400 2700.4
1115410 2712.9
1115420 2712.9
1115430 2727.4
1115440 2734.9
1115450 2734.9
1115460 2742.3
1115470 2756.4
1115480 2762.5
1115490 2762.5
1115500 2765.5
1115510 2769.8
1115520 2769.8
1115530 2778.4
1115540 2802.5
1115550 2802.5
1115560 2818.9
1115570 2826.0
1115580 2826.0
1115590 2829.3
1115600 2832.4
1115610 2832.4
1115620 2838.6
1115630 2843.6
1115640 2843.6
1115650 2850.5
1115660 2857.1
1115670 2863.7
1115680 2863.7
1115690 2854.3
1115700 2839.3
1115710 2839.3
1115720 2831.4
1115730 2824.6
1115740 2824.6
1115750 2815.7
1115760 2799.5
1115770 2799.5
1115780 2779.8
1115790 2760.4
1115800 2760.4
1115810 2751.7
1115820 2746.0
1115830 2746.0
1115840 2743.0
1115850 2739.2
1115860 2734.2
1115870 2734.2
1115880 2730.3
1115890 2724.3
1115900 2724.3
1115910 2718.4
1115920 2714.8
1115930 2714.8
1115940 2710.5
1115950 2707.0
1115960 2707.0
1115970 2703.6
1115980 2701.7
1115990 2701.7
1116000 2699.3
1116010 2695.9
1116020 2695.9
1116030 2697.9
1116040 2696.5
1116050 2695.2
1116060 2695.2
1116070 2695.6
1116080 2696.0
1116090 2696.0
1116100 2693.8
1116110 2692.3
1116120 2692.3
1116130 2690.8
1116140 2690.1
1116150 2690.1
1116160 2689.5
1116170 2689.0
1116180 2689.0
1116190 2688.7
1116200 2688.5
1116210 2688.5
1116220 2688.8
1116230 2689.6
1116240 2690.7
1116250 2690.7
1116260 2692.1
1116270 2695.5
1116280 2695.5
1116290 2699.0
1116300 2703.6
1116310 2703.6
1116320 2709.3
1116330 2716.1
1116340 2716.1
1116350 2723.5
1116360 2731.5
1116370 2728.0
1116380 2724.5
1116390 2720.7
1116400 2720.7
1116410 2717.6
1116420 2718.5
1116430 2718.5
1116440 2718.7
1116450 2717.4
1116460 2715.5
1116470 2715.5
1116480 2712.6
1116490 2707.2
1116500 2707.2
1116510 2698.2
1116520 2691.0
1116530 2691.0
1116540 2683.8
1116550 2679.7
1116560 2679.7
1116570 2672.2
1116580 2659.6
1116590 2659.6
1116600 2647.6
1116610 2644.1
1116620 2644.1
1116630 2638.6
1116640 2631.8
1116650 2626.4
1116660 2626.4
1116670 2621.7
1116680 2616.9
1116690 2616.9
1116700 2612.4
1116710 2603.3
1116720 2603.3
1116730 2598.7
1116740 2594.2
1116750 2594.2
1116760 2589.5
1116770 2585.1
1116780 2585.1
1116790 2581.4
1116800 2579.7
1116810 2579.7
1116820 2577.6
1116830 2574.6
1116840 2571.7
1116850 2571.7
1116860 2568.4
1116870 2565.0
1116880 2565.0
1116890 2561.9
1116900 2559.4
1116910 2559.4
1116920 2557.4
1116930 2555.2
1116940 2555.2
1116950 2552.7
1116960 2550.1
1116970 2550.1
1116980 2547.9
1116990 2545.4
1117000 2545.4
1117010 2543.1
1117020 2540.9
1117030 2539.0
1117040 2539.0
1117050 2536.6
1117060 2534.8
1117070 2534.8
1117080 2533.1
1117090 2530.2
1117100 2530.2
1117110 2528.6
1117120 2527.6
1117130 2527.6
1117140 2525.7
1117150 2521.6
1117160 2521.6
1117170 2518.1
1117180 2515.9
1117190 2515.9
1117200 2513.4
1117210 2510.6
1117220 2508.0
1117230 2508.0
1117240 2506.6
1117250 2509.5
1117260 2509.5
1117270 2509.0
1117280 2506.2
1117290 2506.2
1117300 2505.3
1117310 2505.3
1117320 2505.3
1117330 2504.8
1117340 2502.6
1117350 2502.6
1117360 2498.7
1117370 2494.0
1117380 2494.0
1117390 2489.9
1117400 2482.6
1117410 2482.6
1117420 2478.2
1117430 2474.3
1117440 2471.5
1117450 2471.5
1117460 2468.5
1117470 2465.9
1117480 2465.9
1117490 2464.0
1117500 2462.3
1117510 2462.3
1117520 2461.3
1117530 2460.4
1117540 2460.4
1117550 2460.3
1117560 2460.0
1117570 2460.0
1117580 2459.3
1117590 2458.4
1117600 2458.4
1117610 2458.2
1117620 2456.7
1117630 2455.2
1117640 2455.2
1117650 2453.4
1117660 2452.2
1117670 2452.2
1117680 2450.6
1117690 2448.6
1117700 2448.6
1117710 2447.9
1117720 2445.9
1117730 2445.9
1117740 2444.0
1117750 2440.3
1117760 2440.3
1117770 2439.2
1117780 2438.1
1117790 2438.1
1117800 2438.0
1117810 2438.1
1117820 2438.3
1117830 2438.3
1117840 2439.5
1117850 2438.1
1117860 2438.1
1117870 2436.7
1117880 2436.3
1117890 2436.3
1117900 2433.8
1117910 2431.7
1117920 2431.7
1117930 2429.2
1117940 2426.7
1117950 2426.7
1117960 2425.7
1117970 2424.6
1117980 2424.6
1117990 2423.6
1118000 2422.9
1118010 2422.2
1118020 2422.2
1118030 2421.8
1118040 2421.5
1118050 2421.5
1118060 2421.4
1118070 2421.9
1118080 2421.9
1118090 2423.7
1118100 2420.2
1118110 2420.2
1118120 2415.8
1118130 2410.4
1118140 2410.4
1118150 2406.9
1118160 2401.8
1118170 2401.8
1118180 2395.8
1118190 2394.0
1118200 2394.2
1118210 2394.2
1118220 2393.4
1118230 2391.9
1118240 2391.9
1118250 2390.5
1118260 2389.1
1118270 2389.1
1118280 2385.0
1118290 2380.9
1118300 2380.9
1118310 2378.3
1118320 2376.3
1118330 2376.3
1118340 2375.5
1118350 2377.1
1118360 2377.1
1118370 2378.2
1118380 2378.5
1118390 2378.5
1118400 2378.9
1118410 2380.2
1118420 2382.2
1118430 2382.2
1118440 2385.9
1118450 2389.1
1118460 2389.1
1118470 2393.6
1118480 2397.3
1118490 2397.3
1118500 2400.6
1118510 2404.1
1118520 2404.1
1118530 2407.0
1118540 2409.1
1118550 2409.1
1118560 2411.9
1118570 2415.9
1118580 2415.9
1118590 2419.9
1118600 2423.7
1118610 2428.1
1118620 2428.1
1118630 2432.4
1118640 2436.5
1118650 2436.5
1118660 2440.5
1118670 2443.9
1118680 2443.9
1118690 2447.0
1118700 2449.7
1118710 2449.7
1118720 2452.1
1118730 2454.4
1118740 2454.4
1118750 2456.4
1118760 2457.9
1118770 2457.9
1118780 2465.9
1118790 2468.4
1118800 2470.5
1118810 2470.5
1118820 2473.2
1118830 2476.4
1118840 2476.4
1118850 2479.4
1118860 2483.2
1118870 2483.2
1118880 2485.8
1118890 2489.2
1118900 2489.2
1118910 2493.5
1118920 2498.4
1118930 2498.4
1118940 2503.3
1118950 2508.3
1118960 2508.3
1118970 2513.1
1118980 2518.3
1118990 2523.3
1119000 2523.3
1119010 2528.2
1119020 2533.5
1119030 2533.5
1119040 2538.8
1119050 2544.5
1119060 2544.5
1119070 2549.9
1119080 2555.6
1119090 2555.6
1119100 2561.0
1119110 2566.6
1119120 2566.6
1119130 2570.7
1119140 2576.7
1119150 2576.7
1119160 2583.2
1119170 2590.4
1119180 2597.5
1119190 2597.5
1119200 2604.4
1119210 2612.6
1119220 2612.6
1119230 2630.2
1119240 2637.6
1119250 2637.6
1119260 2643.9
1119270 2652.0
1119280 2652.0
1119290 2659.5
1119300 2667.2
1119310 2667.2
1119320 2674.2
1119330 2680.6
1119340 2680.6
1119350 2686.8
1119360 2693.9
1119370 2704.5
1119380 2704.5
1119390 2714.4
1119400 2720.0
1119410 2720.0
1119420 2728.1
1119430 2733.5
1119440 2733.5
1119450 2737.3
1119460 2743.1
1119470 2749.3
1119480 2753.5
1119490 2760.3
1119500 2760.3
1119510 2770.7
1119520 2784.9
1119530 2784.9
1119540 2791.8
1119550 2797.5
1119560 2797.5
1119570 2803.4
1119580 2812.8
1119590 2823.4
1119600 2823.4
1119610 2833.8
1119620 2839.6
1119630 2839.6
1119640 2847.5
1119650 2838.5
1119660 2838.5
1119670 2831.5
1119680 2837.2
1119690 2837.2
1119700 2831.5
1119710 2822.7
1119720 2822.7
1119730 2817.4
1119740 2811.7
1119750 2811.7
1119760 2798.2
1119770 2781.8
1119780 2768.9
1119790 2768.9
1119800 2754.3
1119810 2735.2
1119820 2735.5
1119830 2722.2
1119840 2704.0
1119850 2704.0
1119860 2690.0
1119870 2682.5
1119880 2682.5
1119890 2679.2
1119900 2677.7
1119910 2677.7
1119920 2674.3
1119930 2669.7
1119940 2669.7
1119950 2665.6
1119960 2661.3
1119970 2655.9
1119980 2655.9
1119990 2651.1
