1115310 2694.4
1115320 2695.9
1115330 2696.2
1115340 2696.2
1115350 2687.3
1115360 2677.4
1115370 2677.4
1115380 2673.3
1115390 2670.1
1115400 2670.1
1115410 2668.3
1115420 2668.8
1115430 2668.8
1115440 2662.4
1115450 2662.3
1115460 2662.3
1115470 2664.7
1115480 2668.5
1115490 2668.5
1115500 2672.8
1115510 2679.0
1115520 2683.6
1115530 2683.6
1115540 2688.0
1115550 2690.0
1115560 2690.0
1115570 2695.9
1115580 2699.2
1115590 2699.2
1115600 2702.5
1115610 2702.3
1115620 2702.3
1115630 2708.7
1115640 2725.9
1115650 2725.9
1115660 2735.7
1115670 2736.8
1115680 2736.8
1115690 2730.0
1115700 2727.1
1115710 2723.9
1115720 2723.9
1115730 2720.9
1115740 2720.5
1115750 2720.5
1115760 2723.8
1115770 2727.2
1115780 2721.3
1115790 2727.3
1115800 2731.8
1115810 2731.8
1115820 2734.5
1115830 2735.6
1115840 2735.6
1115850 2737.6
1115860 2743.8
1115870 2743.8
1115880 2746.4
1115890 2753.1
1115900 2753.1
1115910 2758.1
1115920 2763.6
1115930 2767.7
1115940 2767.7
1115950 2774.7
1115960 2786.1
1115970 2786.1
1115980 2795.4
1115990 2804.0
1116000 2804.0
1116010 2809.8
1116020 2814.7
1116030 2814.7
1116040 2818.2
1116050 2818.6
1116060 2818.6
1116070 2817.2
1116080 2818.4
1116090 2818.4
1116100 2823.0
1116110 2819.8
1116120 2832.9
1116130 2832.9
1116140 2834.1
1116150 2834.7
1116160 2834.7
1116170 2827.1
1116180 2815.9
1116190 2815.9
1116200 2804.4
1116210 2792.5
1116220 2792.5
1116230 2781.4
1116240 2773.1
1116250 2773.1
1116260 2763.8
1116270 2750.6
1116280 2750.6
1116290 2735.0
1116300 2726.2
1116310 2718.7
1116320 2718.7
1116330 2711.7
1116340 2704.1
1116350 2704.1
1116360 2696.9
1116370 2690.2
1116380 2690.2
1116390 2683.3
1116400 2675.9
1116410 2675.9
1116420 2669.1
1116430 2662.4
1116440 2662.4
1116450 2655.6
1116460 2649.2
1116470 2649.1
1116480 2642.4
1116490 2635.6
1116500 2629.5
1116510 2629.5
1116520 2624.7
1116530 2620.3
1116540 2620.3
1116550 2616.2
1116560 2612.8
1116570 2612.8
1116580 2609.8
1116590 2606.7
1116600 2606.7
1116610 2604.0
1116620 2601.3
1116630 2601.3
1116640 2597.7
1116650 2593.0
1116660 2593.0
1116670 2588.9
1116680 2586.6
1116690 2584.5
1116700 2584.5
1116710 2582.7
1116720 2581.9
1116730 2581.9
1116740 2582.4
1116750 2584.6
1116760 2584.6
1116770 2587.5
1116780 2588.2
1116790 2588.2
1116800 2588.3
1116810 2590.5
1116820 2590.5
1116830 2589.6
1116840 2588.1
1116850 2588.1
1116860 2585.8
1116870 2583.1
1116880 2580.2
1116890 2580.2
1116900 2577.3
1116910 2574.9
1116920 2574.9
1116930 2572.7
1116940 2571.3
1116950 2571.3
1116960 2570.4
1116970 2570.1
1116980 2570.1
1116990 2569.7
1117000 2568.7
1117010 2568.7
1117020 2565.7
1117030 2561.4
1117040 2561.4
1117050 2557.4
1117060 2553.2
1117070 2553.2
1117080 2546.7
1117090 2539.9
1117100 2533.0
1117110 2533.0
1117120 2527.0
1117130 2521.9
1117140 2521.9
1117150 2518.1
1117160 2516.7
1117170 2516.7
1117180 2515.0
1117190 2509.3
1117200 2509.3
1117210 2502.5
1117220 2496.4
1117230 2496.4
1117240 2491.4
1117250 2486.7
1117260 2486.7
1117270 2482.5
1117280 2478.3
1117290 2475.4
1117300 2475.4
1117310 2473.8
1117320 2471.9
1117330 2471.9
1117340 2469.4
1117350 2466.7
1117360 2466.7
1117370 2463.7
1117380 2459.9
1117390 2459.9
1117400 2455.9
1117410 2452.5
1117420 2452.5
1117430 2451.7
1117440 2451.6
1117450 2451.6
1117460 2451.5
1117470 2451.5
1117480 2452.6
1117490 2452.6
1117500 2457.3
1117510 2459.5
1117520 2459.5
1117530 2461.3
1117540 2461.6
1117550 2461.6
1117560 2460.5
1117570 2459.2
1117580 2459.2
1117590 2457.8
1117600 2457.0
1117610 2457.0
1117620 2457.0
1117630 2457.1
1117640 2457.1
1117650 2454.6
1117660 2451.9
1117670 2451.5
1117680 2451.5
1117690 2451.5
1117700 2451.6
1117710 2451.6
1117720 2452.8
1117730 2454.6
1117740 2454.6
1117750 2455.0
1117760 2454.9
1117770 2454.9
1117780 2454.5
1117790 2454.7
1117800 2454.7
1117810 2455.4
1117820 2455.4
1117830 2455.4
1117840 2455.4
1117850 2455.5
1117860 2456.0
1117870 2456.0
1117880 2456.4
1117890 2457.5
1117900 2457.5
1117910 2459.0
1117920 2460.1
1117930 2460.1
1117940 2461.7
1117950 2465.6
1117960 2465.6
1117970 2470.3
1117980 2474.6
1117990 2474.6
1118000 2477.7
1118010 2478.1
1118020 2478.1
1118030 2475.7
1118040 2471.3
1118050 2466.6
1118060 2466.6
1118070 2463.1
1118080 2460.6
1118090 2460.6
1118100 2457.8
1118110 2455.5
1118120 2455.5
1118130 2453.0
1118140 2451.5
1118150 2451.5
1118160 2450.7
1118170 2451.2
1118180 2451.2
1118190 2459.8
1118200 2461.5
1118210 2461.5
1118220 2462.7
1118230 2463.5
1118240 2463.5
1118250 2464.8
1118260 2466.5
1118270 2467.9
1118280 2467.9
1118290 2469.4
1118300 2469.9
1118310 2469.9
1118320 2469.8
1118330 2469.3
1118340 2469.3
1118350 2468.3
1118360 2467.5
1118370 2467.5
1118380 2467.5
1118390 2467.4
1118400 2467.4
1118410 2467.0
1118420 2468.0
1118430 2468.0
1118440 2467.9
1118450 2467.2
1118460 2466.8
1118470 2466.8
1118480 2466.4
1118490 2466.0
1118500 2466.0
1118510 2465.4
1118520 2465.1
1118530 2471.0
1118540 2469.0
1118550 2467.2
1118560 2467.2
1118570 2471.3
1118580 2481.1
1118590 2481.1
1118600 2483.5
1118610 2482.8
1118620 2482.8
1118630 2476.6
1118640 2470.8
1118650 2467.7
1118660 2467.7
1118670 2467.4
1118680 2469.6
1118690 2469.6
1118700 2472.6
1118710 2476.1
1118720 2476.1
1118730 2478.6
1118740 2479.9
1118750 2479.9
1118760 2480.5
1118770 2481.2
1118780 2481.2
1118790 2483.5
1118800 2489.1
1118810 2489.1
1118820 2495.6
1118830 2500.5
1118840 2505.7
1118850 2505.7
1118860 2509.2
1118870 2512.6
1118880 2515.4
1118890 2519.6
1118900 2522.7
1118910 2522.7
1118920 2526.8
1118930 2532.6
1118940 2532.6
1118950 2539.7
1118960 2543.4
1118970 2543.4
1118980 2545.0
1118990 2548.8
1119000 2548.8
1119010 2553.5
1119020 2560.5
1119030 2567.9
1119040 2567.9
1119050 2574.5
1119060 2580.5
1119070 2580.5
1119080 2586.5
1119090 2592.4
1119100 2592.4
1119110 2597.9
1119120 2603.5
1119130 2603.5
1119140 2609.5
1119150 2616.2
1119160 2616.2
1119170 2623.4
1119180 2631.4
1119190 2631.4
1119200 2639.8
1119210 2647.5
1119220 2647.5
1119230 2655.0
1119240 2663.6
1119250 2672.5
1119260 2672.5
1119270 2680.7
1119280 2687.4
1119290 2687.4
1119300 2694.2
1119310 2700.9
1119320 2700.9
1119330 2707.4
1119340 2713.4
1119350 2713.4
1119360 2718.9
1119370 2723.3
1119380 2723.3
1119390 2727.2
1119400 2734.1
1119410 2734.1
1119420 2741.5
1119430 2756.7
1119440 2767.0
1119450 2767.0
1119460 2772.9
1119470 2780.2
1119480 2780.2
1119490 2787.2
1119500 2794.5
1119510 2794.5
1119520 2799.6
1119530 2801.6
1119540 2801.6
1119550 2804.1
1119560 2805.2
1119570 2809.4
1119580 2809.2
1119590 2809.5
1119600 2809.5
1119610 2809.4
1119620 2806.5
1119630 2803.6
1119640 2803.6
1119650 2801.9
1119660 2799.7
1119670 2799.7
1119680 2798.6
1119690 2794.3
1119700 2794.3
1119710 2786.9
1119720 2771.8
1119730 2771.8
1119740 2755.8
1119750 2749.5
1119760 2749.5
1119770 2745.8
1119780 2742.6
1119790 2742.6
1119800 2737.8
1119810 2731.4
1119820 2724.6
1119830 2724.6
1119840 2716.3
1119850 2703.2
1119860 2703.2
1119870 2687.2
1119880 2674.0
1119890 2674.0
1119900 2662.1
1119910 2655.1
1119920 2655.0
1119930 2648.1
1119940 2642.8
1119950 2642.8
1119960 2639.2
1119970 2636.2
1119980 2636.2
1119990 2632.8
