1110900 2474.4
1110910 2474.4
1110920 2475.0
1110930 2476.3
1110940 2476.3
1110950 2478.4
1110960 2480.5
1110970 2483.7
1110980 2483.7
1110990 2487.5
1111000 2491.8
1111010 2491.8
1111020 2496.2
1111030 2499.3
1111040 2499.3
1111050 2501.9
1111060 2504.1
1111070 2504.1
1111080 2505.6
1111090 2506.7
1111100 2506.7
1111110 2507.7
1111120 2507.7
1111130 2507.7
1111140 2508.7
1111150 2506.6
1111160 2508.5
1111170 2508.5
1111180 2511.1
1111190 2514.2
1111200 2514.2
1111210 2519.3
1111220 2522.4
1111230 2522.4
1111240 2525.4
1111250 2528.4
1111260 2528.4
1111270 2531.2
1111280 2533.8
1111290 2533.8
1111300 2537.1
1111310 2539.0
1111320 2539.0
1111330 2541.7
1111340 2544.6
1111350 2546.7
1111360 2546.7
1111370 2548.7
1111380 2551.1
1111390 2551.1
1111400 2552.8
1111410 2554.5
1111420 2554.5
1111430 2554.9
1111440 2554.2
1111450 2554.2
1111460 2554.2
1111470 2554.8
1111480 2554.8
1111490 2556.0
1111500 2560.7
1111510 2560.7
1111520 2565.5
1111530 2570.6
1111540 2575.7
1111550 2575.7
1111560 2581.6
1111570 2587.7
1111580 2587.7
1111590 2593.3
1111600 2598.8
1111610 2598.8
1111620 2605.3
1111630 2612.8
1111640 2612.8
1111650 2620.6
1111660 2627.8
1111670 2627.8
1111680 2634.5
1111690 2641.1
1111700 2641.1
1111710 2646.3
1111720 2651.7
1111730 2657.1
1111740 2657.1
1111750 2662.6
1111760 2677.6
1111770 2677.6
1111780 2692.5
1111790 2708.0
1111800 2708.0
1111810 2720.1
1111820 2715.8
1111830 2713.5
1111840 2685.2
1111850 2669.3
1111860 2669.3
1111870 2658.1
1111880 2651.3
1111890 2651.3
1111900 2647.9
1111910 2645.2
1111920 2645.2
1111930 2642.7
1111940 2640.8
1111950 2639.0
1111960 2639.0
1111970 2637.4
1111980 2637.9
1111990 2637.9
1112000 2639.6
1112010 2643.1
1112020 2643.1
1112030 2648.1
1112040 2650.4
1112050 2650.4
1112060 2653.1
1112070 2656.7
1112080 2656.7
1112090 2661.5
1112100 2666.3
1112110 2666.3
1112120 2671.1
1112130 2679.3
1112140 2686.1
1112150 2686.1
1112160 2691.5
1112170 2700.1
1112180 2700.1
1112190 2697.4
1112200 2695.0
1112210 2695.0
1112220 2693.4
1112230 2693.2
1112240 2693.2
1112250 2688.7
1112260 2684.0
1112270 2684.0
1112280 2678.7
1112290 2672.2
1112300 2672.2
1112310 2665.9
1112320 2659.0
1112330 2652.2
1112340 2652.2
1112350 2645.1
1112360 2637.2
1112370 2637.2
1112380 2629.3
1112390 2622.8
1112400 2622.8
1112410 2618.4
1112420 2616.2
1112430 2616.2
1112440 2613.6
1112450 2611.2
1112460 2611.2
1112470 2609.3
1112480 2607.5
1112490 2607.5
1112500 2605.1
1112510 2606.5
1112520 2601.5
1112530 2601.5
1112540 2597.3
1112550 2594.4
1112560 2594.4
1112570 2591.8
1112580 2588.9
1112590 2588.9
1112600 2585.6
1112610 2580.4
1112620 2580.4
1112630 2575.3
1112640 2570.3
1112650 2570.3
1112660 2565.1
1112670 2558.4
1112680 2558.4
1112690 2549.9
1112700 2543.0
1112710 2543.0
1112720 2536.0
1112730 2530.0
1112740 2522.8
1112750 2522.8
1112760 2517.3
1112770 2513.1
1112780 2513.1
1112790 2508.9
1112800 2504.7
1112810 2504.7
1112820 2499.1
1112830 2494.7
1112840 2494.7
1112850 2494.9
1112860 2491.6
1112870 2491.6
1112880 2486.4
1112890 2481.5
1112900 2481.5
1112910 2481.7
1112920 2481.2
1112930 2479.2
1112940 2479.2
1112950 2476.6
1112960 2471.8
1112970 2471.8
1112980 2466.9
1112990 2460.6
1113000 2460.6
1113010 2455.4
1113020 2451.2
1113030 2451.2
1113040 2451.8
1113050 2450.8
1113060 2450.8
1113070 2449.7
1113080 2448.2
1113090 2448.2
1113100 2447.4
1113110 2449.5
1113120 2450.4
1113130 2450.4
1113140 2445.9
1113150 2440.9
1113160 2440.9
1113170 2438.2
1113180 2435.9
1113190 2445.6
1113200 2449.5
1113210 2445.0
1113220 2445.0
1113230 2439.4
1113240 2437.7
1113250 2437.7
1113260 2437.3
1113270 2436.1
1113280 2436.1
1113290 2430.4
1113300 2427.7
1113310 2425.8
1113320 2425.8
1113330 2421.4
1113340 2417.8
1113350 2417.8
1113360 2416.9
1113370 2416.1
1113380 2416.1
1113390 2417.0
1113400 2415.5
1113410 2415.5
1113420 2412.0
1113430 2410.2
1113440 2410.2
1113450 2410.6
1113460 2410.2
1113470 2410.2
1113480 2407.4
1113490 2405.5
1113500 2404.2
1113510 2404.2
1113520 2401.0
1113530 2401.2
1113540 2401.2
1113550 2403.7
1113560 2405.4
1113570 2405.4
1113580 2405.9
1113590 2407.3
1113600 2407.3
1113610 2408.6
1113620 2408.6
1113630 2408.6
1113640 2404.7
1113650 2402.7
1113660 2402.7
1113670 2403.8
1113680 2406.3
1113690 2406.3
1113700 2406.8
1113710 2409.6
1113720 2412.8
1113730 2412.8
1113740 2417.2
1113750 2421.8
1113760 2421.8
1113770 2423.9
1113780 2427.9
1113790 2427.9
1113800 2431.7
1113810 2432.7
1113820 2432.7
1113830 2433.5
1113840 2433.1
1113850 2433.1
1113860 2431.8
1113870 2431.9
1113880 2431.9
1113890 2430.3
1113900 2429.2
1113910 2428.2
1113920 2428.2
1113930 2426.0
1113940 2429.5
1113950 2429.5
1113960 2433.0
1113970 2434.5
1113980 2434.5
1113990 2438.5
1114000 2459.0
1114010 2459.0
1114020 2470.2
1114030 2470.9
1114040 2470.9
1114050 2468.4
1114060 2467.5
1114070 2467.5
1114080 2470.0
1114090 2473.1
1114100 2474.3
1114110 2474.3
1114120 2472.9
1114130 2471.5
1114140 2471.5
1114150 2473.8
1114160 2477.8
1114170 2477.8
1114180 2483.3
1114190 2489.4
1114200 2489.4
1114210 2499.3
1114220 2500.1
1114230 2500.1
1114240 2499.9
1114250 2500.1
1114260 2500.1
1114270 2499.8
1114280 2499.8
1114290 2500.7
1114300 2500.7
1114310 2501.4
1114320 2502.1
1114330 2502.1
1114340 2500.6
1114350 2497.1
1114360 2497.1
1114370 2492.8
1114380 2490.1
1114390 2490.1
1114400 2489.9
1114410 2491.7
1114420 2491.7
1114430 2492.1
1114440 2491.9
1114450 2491.9
1114460 2491.7
1114470 2491.8
1114480 2491.8
1114490 2492.4
1114500 2495.1
1114510 2499.9
1114520 2499.9
1114530 2505.5
1114540 2511.1
1114550 2510.5
1114560 2515.5
1114570 2520.2
1114580 2520.2
1114590 2523.5
1114600 2527.0
1114610 2527.0
1114620 2529.6
1114630 2532.2
1114640 2532.2
1114650 2536.0
1114660 2540.1
1114670 2540.1
1114680 2544.0
1114690 2547.7
1114700 2551.9
1114710 2551.9
1114720 2556.1
1114730 2560.6
1114740 2560.6
1114750 2566.0
1114760 2573.0
1114770 2573.0
1114780 2580.6
1114790 2588.5
1114800 2588.5
1114810 2596.1
1114820 2605.2
1114830 2605.2
1114840 2613.5
1114850 2620.9
1114860 2620.9
1114870 2628.7
1114880 2638.3
1114890 2653.5
1114900 2651.0
1114910 2668.3
1114920 2689.8
1114930 2689.8
1114940 2707.6
1114950 2719.8
1114960 2719.8
1114970 2735.5
1114980 2734.0
1114990 2734.0
1115000 2726.8
1115010 2716.9
1115020 2716.9
1115030 2716.4
1115040 2715.5
1115050 2715.5
1115060 2711.9
1115070 2710.6
1115080 2714.1
1115090 2714.1
1115100 2722.6
1115110 2726.9
1115120 2726.9
1115130 2734.8
1115140 2753.7
1115150 2753.7
1115160 2772.2
1115170 2802.5
1115180 2802.5
1115190 2819.1
1115200 2834.1
1115210 2834.1
1115220 2839.8
1115230 2854.9
1115240 2854.6
1115250 2861.6
1115260 2851.5
1115270 2847.5
1115280 2847.5
1115290 2820.7
1115300 2786.7
1115310 2786.7
1115320 2769.3
1115330 2753.0
1115340 2753.0
1115350 2741.2
1115360 2733.8
1115370 2733.8
1115380 2723.8
1115390 2717.4
1115400 2717.4
1115410 2715.1
1115420 2710.5
1115430 2710.5
1115440 2692.0
1115450 2674.9
1115460 2674.9
1115470 2665.7
1115480 2657.8
1115490 2649.8
1115500 2649.8
1115510 2642.0
1115520 2634.7
1115530 2634.7
1115540 2627.9
1115550 2622.0
1115560 2622.0
1115570 2616.6
1115580 2613.8
1115590 2613.8
1115600 2608.8
1115610 2602.9
1115620 2602.9
1115630 2596.5
1115640 2590.1
1115650 2590.1
1115660 2583.8
1115670 2577.7
1115680 2571.8
1115690 2571.8
1115700 2567.0
1115710 2563.9
1115720 2563.9
1115730 2562.3
1115740 2562.8
1115750 2562.8
1115760 2562.0
1115770 2560.6
1115780 2560.6
1115790 2561.8
1115800 2565.4
1115810 2565.4
1115820 2567.0
1115830 2567.7
1115840 2567.7
1115850 2566.4
1115860 2564.2
1115870 2564.9
1115880 2564.9
1115890 2567.8
1115900 2568.2
1115910 2568.2
1115920 2570.7
1115930 2570.6
1115940 2570.6
1115950 2571.1
1115960 2572.9
1115970 2572.9
1115980 2574.8
1115990 2575.3
1116000 2575.3
1116010 2574.0
1116020 2571.9
1116030 2571.9
1116040 2569.6
1116050 2567.6
1116060 2567.3
1116070 2567.3
1116080 2567.4
1116090 2565.3
1116100 2565.3
1116110 2559.4
1116120 2552.0
1116130 2552.0
1116140 2544.4
1116150 2532.2
1116160 2532.2
1116170 2507.6
1116180 2488.8
1116190 2488.8
1116200 2483.4
1116210 2479.4
1116220 2479.4
1116230 2473.9
1116240 2468.3
1116250 2468.3
1116260 2462.9
1116270 2458.6
1116280 2453.4
1116290 2453.4
1116300 2450.1
1116310 2447.8
1116320 2447.8
1116330 2446.3
1116340 2448.4
1116350 2448.4
1116360 2448.0
1116370 2442.7
1116380 2442.7
1116390 2436.5
1116400 2430.0
1116410 2430.0
1116420 2424.3
1116430 2419.5
1116440 2419.5
1116450 2415.9
1116460 2412.7
1116470 2409.4
1116480 2409.4
1116490 2405.3
1116500 2400.3
1116510 2400.3
1116520 2395.2
1116530 2390.8
1116540 2390.8
1116550 2386.6
1116560 2382.2
1116570 2382.2
1116580 2380.0
1116590 2380.7
1116600 2380.7
1116610 2385.2
1116620 2384.9
1116630 2384.9
1116640 2384.7
1116650 2384.2
1116660 2384.2
1116670 2384.2
1116680 2383.3
1116690 2382.4
1116700 2382.4
1116710 2382.6
1116720 2383.1
1116730 2383.1
1116740 2382.8
1116750 2381.2
1116760 2381.2
1116770 2378.1
1116780 2376.0
1116790 2376.0
1116800 2376.8
1116810 2376.0
1116820 2376.0
1116830 2374.9
1116840 2375.4
1116850 2375.7
1116860 2375.7
1116870 2374.6
1116880 2373.3
1116890 2373.3
1116900 2371.3
1116910 2368.7
1116920 2368.7
1116930 2368.5
1116940 2378.6
1116950 2382.3
1116960 2393.5
1116970 2386.7
1116980 2386.7
1116990 2385.2
1117000 2396.1
1117010 2396.1
1117020 2398.6
1117030 2385.3
1117040 2372.8
1117050 2372.8
1117060 2377.6
1117070 2379.1
1117080 2379.1
1117090 2371.2
1117100 2358.1
1117110 2358.1
1117120 2357.1
1117130 2359.4
1117140 2359.4
1117150 2361.0
1117160 2355.8
1117170 2355.8
1117180 2347.4
1117190 2346.5
1117200 2346.5
1117210 2343.2
1117220 2339.1
1117230 2339.1
1117240 2337.4
1117250 2327.8
1117260 2319.5
1117270 2319.5
1117280 2314.1
1117290 2310.7
1117300 2316.4
1117310 2313.4
1117320 2311.0
1117330 2311.0
1117340 2310.0
1117350 2311.6
1117360 2311.6
1117370 2312.4
1117380 2310.4
1117390 2310.4
1117400 2307.6
1117410 2307.4
1117420 2307.4
1117430 2309.2
1117440 2309.2
1117450 2306.9
1117460 2306.9
1117470 2302.1
1117480 2298.3
1117490 2298.3
1117500 2293.3
1117510 2286.1
1117520 2286.1
1117530 2279.5
1117540 2272.1
1117550 2272.1
1117560 2266.2
1117570 2263.8
1117580 2263.8
1117590 2263.6
1117600 2260.3
1117610 2260.3
1117620 2257.9
1117630 2258.1
1117640 2258.1
1117650 2258.1
1117660 2257.4
1117670 2255.3
1117680 2255.3
1117690 2254.5
1117700 2254.4
1117710 2254.4
1117720 2253.8
1117730 2255.0
1117740 2255.0
1117750 2257.4
1117760 2258.4
1117770 2258.4
1117780 2258.5
1117790 2257.2
1117800 2257.2
1117810 2255.9
1117820 2254.3
1117830 2253.6
1117840 2253.6
1117850 2253.4
1117860 2253.4
1117870 2253.4
1117880 2255.2
1117890 2261.6
1117900 2261.6
1117910 2266.2
1117920 2270.3
1117930 2270.3
1117940 2271.3
1117950 2271.4
1117960 2271.4
1117970 2275.0
1117980 2279.8
1117990 2282.3
1118000 2287.0
1118010 2290.8
1118020 2290.8
1118030 2293.3
1118040 2293.6
1118050 2296.1
1118060 2296.1
1118070 2298.5
1118080 2300.2
1118090 2300.2
1118100 2302.8
1118110 2301.7
1118120 2301.7
1118130 2304.2
1118140 2307.1
1118150 2307.1
1118160 2310.9
1118170 2314.0
1118180 2314.0
1118190 2317.3
1118200 2322.4
1118210 2322.4
1118220 2325.5
1118230 2329.1
1118240 2330.3
1118250 2330.3
1118260 2331.3
1118270 2333.2
1118280 2333.2
1118290 2334.3
1118300 2337.4
1118310 2337.4
1118320 2342.7
1118330 2348.7
1118340 2348.7
1118350 2353.6
1118360 2354.8
1118370 2354.8
1118380 2356.4
1118390 2358.9
1118400 2358.9
1118410 2363.2
1118420 2367.4
1118430 2369.2
1118440 2369.2
1118450 2369.5
1118460 2368.8
1118470 2368.8
1118480 2365.9
1118490 2367.4
1118500 2367.4
1118510 2367.9
1118520 2370.3
1118530 2370.3
1118540 2370.4
1118550 2370.4
1118560 2370.4
1118570 2369.5
1118580 2367.1
1118590 2367.1
1118600 2360.7
1118610 2355.4
1118620 2355.7
1118630 2355.7
1118640 2356.9
1118650 2357.4
1118660 2357.4
1118670 2358.9
1118680 2361.3
1118690 2361.3
1118700 2361.8
1118710 2365.3
1118720 2365.3
1118730 2368.5
1118740 2371.7
1118750 2371.7
1118760 2377.2
1118770 2380.0
1118780 2380.0
1118790 2380.3
1118800 2381.1
1118810 2381.5
1118820 2381.5
1118830 2383.6
1118840 2390.0
1118850 2390.0
1118860 2394.6
1118870 2400.1
1118880 2400.1
1118890 2406.0
1118900 2411.6
1118910 2411.6
1118920 2415.2
1118930 2419.7
1118940 2419.7
1118950 2426.4
1118960 2432.8
1118970 2432.8
1118980 2437.1
1118990 2442.3
1119000 2442.3
1119010 2449.5
1119020 2459.2
1119030 2466.9
1119040 2466.9
1119050 2474.4
1119060 2480.7
1119070 2480.7
1119080 2488.4
1119090 2495.1
1119100 2495.1
1119110 2501.0
1119120 2506.6
1119130 2506.6
1119140 2511.6
1119150 2515.7
1119160 2515.7
1119170 2517.0
1119180 2518.0
1119190 2518.0
1119200 2516.9
1119210 2511.6
1119220 2505.0
1119230 2505.0
1119240 2504.0
1119250 2501.3
1119260 2501.3
1119270 2494.3
1119280 2488.8
1119290 2488.8
1119300 2488.5
1119310 2490.9
1119320 2490.9
1119330 2490.3
1119340 2494.7
1119350 2494.7
1119360 2492.7
1119370 2492.8
1119380 2492.8
1119390 2490.2
1119400 2492.6
1119410 2498.6
1119420 2498.6
1119430 2502.2
1119440 2494.3
1119450 2494.3
1119460 2489.6
1119470 2490.2
1119480 2490.2
1119490 2485.1
1119500 2482.1
1119510 2482.1
1119520 2481.1
1119530 2480.8
1119540 2480.8
1119550 2479.1
1119560 2480.2
1119570 2480.2
1119580 2483.2
1119590 2484.2
1119600 2483.4
1119610 2483.4
1119620 2483.4
1119630 2481.6
1119640 2481.6
1119650 2475.6
1119660 2475.5
1119670 2475.5
1119680 2479.8
1119690 2483.1
1119700 2483.1
1119710 2489.3
1119720 2495.4
1119730 2495.4
1119740 2487.2
1119750 2480.0
1119760 2480.0
1119770 2465.1
1119780 2451.3
1119790 2451.3
1119800 2449.3
1119810 2447.8
1119820 2444.3
1119830 2444.3
1119840 2440.5
1119850 2438.2
1119860 2438.2
1119870 2436.6
1119880 2434.9
1119890 2434.9
1119900 2433.2
1119910 2431.5
1119920 2431.5
1119930 2429.2
1119940 2427.1
1119950 2427.1
1119960 2425.0
1119970 2422.7
1119980 2422.7
1119990 2419.7
