1106310 2395.8
1106320 2397.0
1106330 2397.0
1106340 2397.5
1106350 2397.7
1106360 2397.7
1106370 2400.4
1106380 2407.4
1106390 2407.4
1106400 2414.7
1106410 2418.4
1106420 2418.4
1106430 2419.3
1106440 2419.1
1106450 2419.1
1106460 2417.2
1106470 2408.5
1106480 2406.8
1106490 2406.8
1106500 2405.5
1106510 2405.0
1106520 2405.0
1106530 2403.9
1106540 2400.7
1106550 2400.7
1106560 2399.0
1106570 2398.2
1106580 2398.2
1106590 2396.6
1106600 2395.7
1106610 2395.7
1106620 2395.4
1106630 2396.6
1106640 2396.6
1106650 2398.8
1106660 2400.4
1106670 2400.4
1106680 2401.2
1106690 2402.1
1106700 2402.6
1106710 2402.6
1106720 2404.3
1106730 2407.0
1106740 2407.0
1106750 2408.6
1106760 2409.7
1106770 2409.7
1106780 2411.2
1106790 2412.9
1106800 2412.9
1106810 2410.2
1106820 2413.2
1106830 2413.2
1106840 2417.6
1106850 2422.4
1106860 2422.4
1106870 2427.1
1106880 2431.6
1106890 2435.9
1106900 2435.9
1106910 2439.3
1106920 2443.2
1106930 2443.2
1106940 2449.0
1106950 2455.8
1106960 2455.8
1106970 2462.0
1106980 2467.7
1106990 2467.7
1107000 2472.2
1107010 2478.1
1107020 2478.1
1107030 2483.3
1107040 2488.2
1107050 2488.2
1107060 2493.3
1107070 2498.0
1107080 2505.7
1107090 2505.7
1107100 2519.8
1107110 2523.5
1107120 2523.5
1107130 2526.8
1107140 2516.8
1107150 2516.8
1107160 2518.2
1107170 2522.6
1107180 2522.6
1107190 2523.1
1107200 2528.3
1107210 2528.3
1107220 2534.2
1107230 2540.0
1107240 2540.0
1107250 2547.2
1107260 2553.3
1107270 2553.8
1107280 2553.8
1107290 2550.5
1107300 2546.6
1107310 2546.6
1107320 2542.8
1107330 2536.8
1107340 2536.8
1107350 2521.5
1107360 2512.0
1107370 2512.0
1107380 2501.1
1107390 2489.7
1107400 2489.7
1107410 2479.8
1107420 2473.9
1107430 2473.9
1107440 2468.5
1107450 2465.0
1107460 2465.0
1107470 2461.6
1107480 2453.4
1107490 2451.5
1107500 2451.5
1107510 2449.7
1108780 2646.2
1108790 2646.2
1108800 2652.9
1108810 2655.9
1108820 2663.5
1108830 2670.7
1108840 2676.5
1108850 2676.5
1108860 2685.9
1108870 2692.8
1108880 2699.2
1108890 2699.2
1108900 2704.0
1108910 2702.8
1108920 2702.8
1108930 2693.9
1108940 2694.8
1108950 2694.8
1108960 2685.2
1108970 2677.3
1108980 2677.3
1108990 2672.0
1109000 2668.0
1109010 2668.0
1109020 2661.6
1109030 2655.7
1109040 2655.7
1109050 2651.3
1109060 2647.3
1109070 2646.6
1109080 2646.6
1109090 2642.7
1109100 2640.2
1109110 2640.2
1109120 2643.7
1109130 2644.2
1109140 2644.2
1109150 2645.0
1109160 2627.0
1109170 2627.0
1109180 2623.1
1109190 2624.9
1109200 2624.9
1109210 2624.7
1109220 2619.5
1109230 2619.5
1109240 2619.0
1109250 2620.5
1109260 2619.2
1109270 2619.2
1109280 2615.9
1109290 2615.5
1109300 2615.5
1109310 2616.7
1109320 2615.9
1109330 2615.9
1109340 2611.2
1109350 2605.9
1109360 2605.9
1109370 2601.8
1109380 2598.1
1109390 2598.1
1109400 2593.5
1109410 2590.3
1109420 2590.3
1109430 2588.0
1109440 2583.8
1109450 2572.9
1109460 2572.9
1109470 2561.1
1109480 2555.3
1109490 2555.3
1109500 2544.6
1109510 2542.9
1109520 2542.9
1109530 2542.1
1109540 2540.1
1109550 2540.1
1109560 2538.5
1109570 2535.9
1109580 2535.9
1109590 2533.0
1109600 2529.4
1109610 2529.4
1109620 2524.8
1109630 2520.5
1109640 2520.5
1109650 2517.7
1109660 2515.7
1109670 2511.8
1109680 2511.8
1109690 2506.1
1109700 2501.3
1109710 2501.3
1109720 2495.2
1109730 2488.2
1109740 2488.2
1109750 2480.9
1109760 2473.2
1109770 2473.2
1109780 2466.9
1109790 2460.8
1109800 2460.8
1109810 2454.9
1109820 2449.8
1109830 2446.5
1109840 2441.9
1109850 2438.1
1109860 2434.5
1109870 2434.5
1109880 2431.1
1110710 2411.2
1110720 2411.2
1110730 2411.7
1110740 2413.5
1110750 2413.5
1110760 2416.0
1110770 2419.6
1110780 2419.6
1110790 2423.4
1110800 2423.5
1110810 2423.5
1110820 2423.4
1110830 2424.1
1110840 2426.2
1110850 2426.7
1110860 2429.0
1110870 2431.7
1110880 2431.7
1110890 2433.1
1110900 2435.2
1110910 2435.2
1110920 2438.9
1110930 2443.3
1110940 2443.3
1110950 2449.3
1110960 2456.9
1110970 2456.9
1110980 2464.4
1110990 2480.1
1111000 2480.1
1111010 2489.8
1111020 2496.2
1111030 2501.0
1111040 2501.0
1111050 2505.3
1111060 2510.7
1111070 2510.7
1111080 2514.2
1111090 2518.8
1111100 2518.8
1111110 2523.4
1111120 2527.5
1111130 2527.5
1111140 2530.3
1111150 2533.1
1111160 2533.1
1111170 2536.3
1111180 2537.7
1111190 2542.6
1111200 2540.7
1111210 2531.4
1111220 2531.4
1111230 2519.1
1111240 2506.2
1111250 2492.1
1111260 2492.1
1111270 2482.8
1111280 2473.2
1111290 2473.2
1111300 2463.7
1111310 2457.7
1111320 2457.7
1111330 2451.5
1111340 2444.7
1111350 2444.7
1111360 2438.4
1111370 2432.1
1111380 2432.1
1111390 2426.4
1111400 2422.7
1111410 2422.7
1111420 2418.2
1111430 2412.8
1111440 2409.2
1111450 2409.2
1111460 2409.8
1111470 2404.7
1111480 2404.7
1111490 2396.7
1111500 2389.4
1111510 2389.4
1111520 2390.0
1111530 2386.9
1111540 2386.9
1111550 2383.5
1111560 2380.8
1111570 2380.8
1111580 2378.3
1111590 2374.1
1111600 2374.1
1111610 2367.4
1111620 2362.0
1111630 2358.7
1111640 2358.7
1111650 2355.3
1111660 2353.5
1111670 2353.5
1111680 2354.9
1111690 2353.0
1111700 2353.0
1111710 2351.4
1111720 2351.4
1111730 2351.4
1111740 2349.1
1111750 2344.9
1111760 2344.9
1111770 2342.0
1111780 2341.4
1111790 2341.4
1111800 2341.0
1111810 2337.6
1111820 2335.0
1111830 2335.0
1111840 2334.1
1111850 2332.2
1111860 2333.6
1111870 2329.1
1111880 2325.4
1111890 2325.4
1111900 2322.7
1111910 2321.1
1111920 2321.1
1111930 2320.7
1111940 2318.1
1111950 2318.1
1111960 2317.0
1111970 2315.9
1111980 2315.9
1111990 2315.0
1112000 2314.3
1112010 2314.3
1112020 2313.3
1112030 2311.8
1112040 2310.0
1112050 2310.0
1112060 2308.5
1112070 2306.5
1112080 2306.5
1112090 2303.8
1112100 2301.9
1112110 2301.9
1112120 2299.0
1112130 2296.7
1112140 2296.7
1112150 2295.0
1112160 2293.3
1112170 2293.3
1112180 2291.9
1112190 2290.0
1112200 2292.2
1112210 2289.8
1112220 2288.8
1112230 2286.9
1112240 2286.9
1112250 2284.8
1112260 2281.9
1112270 2281.9
1112280 2278.2
1112290 2275.8
1112300 2275.8
1112310 2273.0
1112320 2270.0
1112330 2270.0
1112340 2265.6
1112350 2260.7
1112360 2260.7
1112370 2255.8
1112380 2250.6
1112390 2250.6
1112400 2243.8
1112410 2236.2
1112420 2232.5
1112430 2232.5
1112440 2230.9
1112450 2230.3
1112460 2230.3
1112470 2229.0
1112480 2228.8
1112490 2228.8
1112500 2229.0
1112510 2228.5
1112520 2228.5
1112530 2228.0
1112540 2234.1
1112550 2234.1
1112560 2234.5
1112570 2235.1
1112580 2235.1
1112590 2234.1
1112600 2233.4
1112610 2232.5
1112620 2232.5
1112630 2230.2
1112640 2226.3
1112650 2226.3
1112660 2223.4
1112670 2219.4
1112680 2219.4
1112690 2216.2
1112700 2212.8
1112710 2212.8
1112720 2210.2
1112730 2207.0
1112740 2207.0
1112750 2205.0
1112760 2202.7
1112770 2202.7
1112780 2200.3
1112790 2199.3
1112800 2199.3
1112810 2201.1
1112820 2203.4
1112830 2203.6
1112840 2203.6
1112850 2199.5
1112860 2197.1
1112870 2197.1
1112880 2194.0
1112890 2191.6
1112900 2191.6
1112910 2186.3
1112920 2180.2
1112930 2180.2
1112940 2173.3
1112950 2165.4
1112960 2165.4
1112970 2160.1
1112980 2157.1
1112990 2157.1
1113000 2154.2
1113010 2151.5
1113020 2149.4
1113030 2149.4
1113040 2146.4
1113050 2143.6
1113060 2143.6
1113070 2140.1
1113080 2138.0
1113090 2138.0
1113100 2139.1
1113110 2136.7
1113120 2136.7
1113130 2137.9
1113140 2140.1
1113150 2140.1
1113160 2139.8
1113170 2141.2
1113180 2141.2
1113190 2141.9
1113200 2142.9
1113210 2144.2
1113220 2151.4
1113230 2152.9
1113240 2153.8
1113250 2153.8
1113260 2154.5
1113270 2154.7
1113280 2154.7
1113290 2156.3
1113300 2156.9
1113310 2156.9
1113320 2159.9
1113330 2166.5
1113340 2166.5
1113350 2172.7
1113360 2177.2
1113370 2177.2
1113380 2180.1
1113390 2184.1
1113400 2189.1
1113410 2189.1
1113420 2194.2
1113430 2195.8
1113440 2195.8
1113450 2196.2
1113460 2197.1
1113470 2197.1
1113480 2198.1
1113490 2199.9
1113500 2199.9
1113510 2203.0
1113520 2205.7
1113530 2205.7
1113540 2206.5
1113550 2207.2
1113560 2207.1
1113570 2208.9
1113580 2211.1
1113590 2211.1
1113600 2212.7
1113610 2214.5
1113620 2213.7
1113630 2213.7
1113640 2212.3
1113650 2212.1
1113660 2212.1
1113670 2212.7
1113680 2215.3
1113690 2215.3
1113700 2218.2
1113710 2218.9
1113720 2218.9
1113730 2218.5
1113740 2220.0
1113750 2220.0
1113760 2223.4
1113770 2228.1
1113780 2228.1
1113790 2232.4
1113800 2236.1
1113810 2237.9
1113820 2237.9
1113830 2242.8
1113840 2248.8
1113850 2248.8
1113860 2253.9
1113870 2255.3
1113880 2255.3
1113890 2255.5
1113900 2261.2
1113910 2261.2
1113920 2261.6
1113930 2263.6
1113940 2263.6
1113950 2266.7
1113960 2272.3
1113970 2272.3
1113980 2278.3
1113990 2285.5
1114000 2291.5
1114010 2291.5
1114020 2296.9
1114030 2302.0
1114040 2302.0
1114050 2308.3
1114060 2314.5
1114070 2314.5
1114080 2321.3
1114090 2331.5
1114100 2331.5
1114110 2339.6
1114120 2344.9
1114130 2344.9
1114140 2353.6
1114150 2361.3
1114160 2361.3
1114170 2367.9
1114180 2370.1
1114190 2370.3
1114200 2370.3
1114210 2372.0
1114220 2373.6
1114230 2373.6
1114240 2374.8
1114250 2377.3
1114260 2377.3
1114270 2378.3
1114280 2379.1
1114290 2379.1
1114300 2379.6
1114310 2381.9
1114320 2381.9
1114330 2384.4
1114340 2385.9
1114350 2385.9
1114360 2387.1
1114370 2388.1
1114380 2388.1
1114390 2388.6
1114400 2389.9
1114410 2392.8
1114420 2392.8
1114430 2394.1
1114440 2393.0
1114450 2393.0
1114460 2393.6
1114470 2396.2
1114480 2396.2
1114490 2398.3
1114500 2401.9
1114510 2401.9
1114520 2403.9
1114530 2404.4
1114540 2404.4
1114550 2404.7
1114560 2406.5
1114570 2406.5
1114580 2408.1
1114590 2412.1
1114600 2416.1
1114610 2416.1
1114620 2418.9
1114630 2418.9
1114640 2418.9
1114650 2418.7
1114660 2418.0
1114670 2418.0
1114680 2415.7
1114690 2411.7
1114700 2411.7
1114710 2412.3
1114720 2413.6
1114730 2413.6
1114740 2419.7
1114750 2419.9
1114760 2419.9
1114770 2421.1
1114780 2420.9
1114790 2423.1
1114800 2423.1
1114810 2424.0
1114820 2425.7
1114830 2425.7
1114840 2429.5
1114850 2433.8
1114860 2433.8
1114870 2439.0
1114880 2444.0
1114890 2444.0
1114900 2449.2
1114910 2455.3
1114920 2455.3
1114930 2459.0
1114940 2463.9
1114950 2463.9
1114960 2469.5
1114970 2475.7
1114980 2481.2
1114990 2481.2
1115000 2486.7
1115010 2491.6
1115020 2491.6
1115030 2501.0
1115040 2524.8
1115050 2524.8
1115060 2541.3
1115070 2552.0
1115080 2552.0
1115090 2552.7
1115100 2557.4
1115110 2557.4
1115120 2563.0
1115130 2571.9
1115140 2571.9
1115150 2594.8
1115160 2605.0
1115170 2605.0
1115180 2609.6
1115190 2619.8
1115200 2635.3
1115210 2635.3
1115220 2645.1
1115230 2652.3
1115240 2652.3
1115250 2658.7
1115260 2662.6
1115270 2654.2
1115280 2660.6
1115290 2668.9
1115300 2668.9
1115310 2685.6
1115320 2702.5
1115330 2702.5
1115340 2717.2
1115350 2726.2
1115360 2726.2
1115370 2736.1
1115380 2745.1
1115390 2754.8
1115400 2754.8
1115410 2761.9
1115420 2761.7
1115430 2761.7
1115440 2763.5
1115450 2767.4
1115460 2767.4
1115470 2773.1
1115480 2778.3
1115490 2778.3
1115500 2784.9
1115510 2790.1
1115520 2790.1
1115530 2794.6
1115540 2798.2
1115550 2798.2
1115560 2801.1
1115570 2802.9
1115580 2804.4
1115590 2804.4
1115600 2807.9
1115610 2820.2
1115620 2820.2
1115630 2822.5
1115640 2809.1
1115650 2809.1
1115660 2775.3
1115670 2757.6
1115680 2757.6
1115690 2750.7
1115700 2745.4
1115710 2745.4
1115720 2742.2
1115730 2736.9
1115740 2736.9
1115750 2731.9
1115760 2726.3
1115770 2719.4
1115780 2719.4
1115790 2706.9
1115800 2697.6
1115810 2697.6
1115820 2690.8
1115830 2683.1
1115840 2683.1
1115850 2674.2
1115860 2665.1
1115870 2665.1
1115880 2659.2
1115890 2654.4
1115900 2654.4
1115910 2651.0
1115920 2646.2
1115930 2646.2
1115940 2642.7
1115950 2639.6
1115960 2638.2
1115970 2634.9
1115980 2629.8
1115990 2629.2
1116000 2629.2
1116010 2628.8
1116020 2623.4
1116030 2623.4
1116040 2616.1
1116050 2613.1
1116060 2613.1
1116070 2613.4
1116080 2611.2
1116090 2611.2
1116100 2604.9
1116110 2596.1
1116120 2596.1
1116130 2589.4
1116140 2587.8
1116150 2587.8
1116160 2588.4
1116170 2585.4
1116180 2582.4
1116190 2582.4
1116200 2578.7
1116210 2572.0
1116220 2572.0
1116230 2564.5
1116240 2560.0
1116250 2560.0
1116260 2556.9
1116270 2555.9
1116280 2555.9
1116290 2554.1
1116300 2555.9
1116310 2555.9
1116320 2555.1
1116330 2553.4
1116340 2553.4
1116350 2547.6
1116360 2532.4
1116370 2514.0
1116380 2514.0
1116390 2496.6
1116400 2486.9
1116410 2486.9
1116420 2480.1
1116430 2474.1
1116440 2474.1
1116450 2468.4
1116460 2463.2
1116470 2463.2
1116480 2458.0
1116490 2452.8
1116500 2452.8
1116510 2450.2
1116520 2450.4
1116530 2450.4
1116540 2448.5
1116550 2444.5
1116560 2438.9
1116570 2438.9
1116580 2433.1
1116590 2431.9
1116600 2431.9
1116610 2433.4
1116620 2434.9
1116630 2434.9
1116640 2431.1
1116650 2424.6
1116660 2424.6
1116670 2416.7
1116680 2405.4
1116690 2405.4
1116700 2395.8
1116710 2385.2
1116720 2385.2
1116730 2371.5
1116740 2358.2
1116750 2358.2
1116760 2336.2
1116770 2311.2
1116780 2289.3
1116790 2289.3
1116800 2271.5
1116810 2262.9
1116820 2262.9
1116830 2255.7
1116840 2249.2
1116850 2249.2
1116860 2242.8
1116870 2236.0
1116880 2236.0
1116890 2229.7
1116900 2222.8
1116910 2222.8
1116920 2216.0
1116930 2209.4
1116940 2209.4
1116950 2204.0
1116960 2198.4
1116970 2192.6
1116980 2192.6
1116990 2189.3
1117000 2184.4
1117010 2184.4
1117020 2180.3
1117030 2177.3
1117040 2177.3
1117050 2177.8
1117060 2176.2
1117070 2176.2
1117080 2172.2
1117090 2170.6
1117100 2170.6
1117110 2171.1
1117120 2171.6
1117130 2171.6
1117140 2171.1
1117150 2170.6
1117160 2169.4
1117170 2169.4
1117180 2168.5
1117190 2168.9
1117200 2168.9
1117210 2169.0
1117220 2168.1
1117230 2168.1
1117240 2167.0
1117250 2165.0
1117260 2165.0
1117270 2163.4
1117280 2162.0
1117290 2162.0
1117300 2161.2
1117310 2160.9
1117320 2160.9
1117330 2163.7
1117340 2163.7
1117350 2163.4
1117360 2163.4
1117370 2163.5
1117380 2162.6
1117390 2162.6
1117400 2159.4
1117410 2156.3
1117420 2156.3
1117430 2156.3
1117440 2159.7
1117450 2159.7
1117460 2158.5
1117470 2154.8
1117480 2154.8
1117490 2154.0
1117500 2153.5
1117510 2153.5
1117520 2154.6
1117530 2156.2
1117540 2156.2
1117550 2157.5
1117560 2159.1
1117570 2159.7
1117580 2159.7
1117590 2160.8
1117600 2162.5
1117610 2162.5
1117620 2163.8
1117630 2164.8
1117640 2164.8
1117650 2164.7
1117660 2164.6
1117670 2164.6
1117680 2167.8
1117690 2168.4
1117700 2168.4
1117710 2169.1
1117720 2166.4
1117730 2166.4
1117740 2161.8
1117750 2159.0
1117760 2157.7
1117770 2157.7
1117780 2147.4
1117790 2136.8
1117800 2136.8
1117810 2134.4
1117820 2134.7
1117830 2134.7
1117840 2134.7
1117850 2133.4
1117860 2133.4
1117870 2131.4
1117880 2129.0
1117890 2129.0
1117900 2127.7
1117910 2124.9
1117920 2124.9
1117930 2122.9
1117940 2120.8
1117950 2120.6
1117960 2120.6
1117970 2122.2
1117980 2124.8
1117990 2124.8
1118000 2126.3
1118010 2127.4
1118020 2129.1
1118030 2128.3
1118040 2128.0
1118050 2128.0
1118060 2127.3
1118070 2125.4
1118080 2125.4
1118090 2123.3
1118100 2121.2
1118110 2121.2
1118120 2118.2
1118130 2116.1
1118140 2114.3
1118150 2114.3
1118160 2111.4
1118170 2110.1
1118180 2110.1
1118190 2110.5
1118200 2111.3
1118210 2111.3
1118220 2113.2
1118230 2115.4
1118240 2115.4
1118250 2118.0
1118260 2121.5
1118270 2121.5
1118280 2126.3
1118290 2131.7
1118300 2131.7
1118310 2137.2
1118320 2143.2
1118330 2143.2
1118340 2149.6
1118350 2155.1
1118360 2161.5
1118370 2164.9
1118380 2170.5
1118390 2175.6
1118400 2175.6
1118410 2178.7
1118420 2181.1
1118430 2181.1
1118440 2185.5
1118450 2189.5
1118460 2189.5
1118470 2191.3
1118480 2194.9
1118490 2194.9
1118500 2199.4
1118510 2202.6
1118520 2202.6
1118530 2206.3
1118540 2208.7
1118550 2210.5
1118560 2210.5
1118570 2212.4
1118580 2214.7
1118590 2214.7
1118600 2215.0
1118610 2218.4
1118620 2218.4
1118630 2222.7
1118640 2224.9
1118650 2224.9
1118660 2227.5
1118670 2230.8
1118680 2230.8
1118690 2235.9
1118700 2240.1
1118710 2242.4
1118720 2245.5
1118730 2248.7
1118740 2251.1
1118750 2251.1
1118760 2253.5
1118770 2256.6
1118780 2256.6
1118790 2261.8
1118800 2266.6
1118810 2266.6
1118820 2269.8
1118830 2269.4
1118840 2269.4
1118850 2267.8
1118860 2268.0
1118870 2268.0
1118880 2268.5
1118890 2269.5
1118900 2269.5
1118910 2270.7
1118920 2270.8
1118930 2271.3
1118940 2271.3
1118950 2272.7
1118960 2274.9
1118970 2274.9
1118980 2277.0
1118990 2275.0
1119000 2275.0
1119010 2275.1
1119020 2275.2
1119030 2275.2
1119040 2275.2
1119050 2275.9
1119060 2278.3
1119070 2280.7
1119080 2283.2
1119090 2283.2
1119100 2284.8
1119110 2284.4
1119120 2284.4
1119130 2283.4
1119140 2282.2
1119150 2281.5
1119160 2281.5
1119170 2280.2
1119180 2277.4
1119190 2277.4
1119200 2275.0
1119210 2274.5
1119220 2274.5
1119230 2273.6
1119240 2272.5
1119250 2272.5
1119260 2271.4
1119270 2273.3
1119280 2273.3
1119290 2273.6
1119300 2270.3
1119310 2270.3
1119320 2267.6
1119330 2267.7
1119340 2265.3
1119350 2265.3
1119360 2260.0
1119370 2250.6
1119380 2250.6
1119390 2245.0
1119400 2242.6
1119410 2242.6
1119420 2235.7
1119430 2226.8
1119440 2226.8
1119450 2219.2
1119460 2211.8
1119470 2211.8
1119480 2204.3
1119490 2196.7
1119500 2196.7
1119510 2189.9
1119520 2184.6
1119530 2180.0
1119540 2180.0
1119550 2176.8
1119560 2175.6
1119570 2175.6
1119580 2177.5
1119590 2179.9
1119600 2179.9
1119610 2183.5
1119620 2182.3
1119630 2182.3
1119640 2184.7
1119650 2187.7
1119660 2187.7
1119670 2190.0
1119680 2191.8
1119690 2191.8
1119700 2192.1
1119710 2193.1
1119720 2192.8
1119730 2192.8
1119740 2191.4
1119750 2194.8
1119760 2194.8
1119770 2193.7
1119780 2193.2
1119790 2193.2
1119800 2194.1
1119810 2195.3
1119820 2195.3
1119830 2197.3
1119840 2198.2
1119850 2198.2
1119860 2199.7
1119870 2200.6
1119880 2200.6
1119890 2199.5
1119900 2200.4
1119910 2200.4
1119920 2202.7
1119930 2206.6
1119940 2209.0
1119950 2209.0
1119960 2213.8
1119970 2219.9
1119980 2219.9
1119990 2226.8
