1110720 2400.3
1110730 2400.3
1110740 2404.2
1110750 2409.5
1110760 2409.5
1110770 2414.3
1110780 2418.9
1110790 2423.1
1110800 2423.1
1110810 2427.8
1110820 2432.5
1110830 2432.5
1110840 2437.1
1110850 2441.4
1110860 2441.4
1110870 2445.2
1110880 2450.2
1110890 2450.2
1110900 2456.0
1110910 2460.8
1110920 2460.8
1110930 2464.8
1110940 2468.8
1110950 2468.8
1110960 2474.1
1110970 2483.6
1110980 2483.6
1110990 2491.9
1111000 2500.6
1111010 2508.0
1111020 2508.0
1111030 2515.3
1111040 2522.2
1111050 2522.2
1111060 2528.2
1111070 2531.8
1111080 2531.8
1111090 2536.1
1111100 2540.6
1111110 2540.6
1111120 2543.4
1111130 2547.0
1111140 2547.0
1111150 2550.1
1111160 2551.3
1111170 2551.3
1111180 2551.7
1111190 2555.1
1111200 2555.6
1111210 2555.6
1111220 2555.9
1111230 2554.0
1111240 2554.0
1111250 2546.5
1111260 2536.7
1111270 2536.7
1111280 2527.1
1111290 2519.0
1111300 2519.0
1111310 2510.7
1111320 2502.6
1111330 2502.6
1111340 2492.8
1111350 2482.7
1111360 2482.7
1111370 2473.3
1111380 2466.9
1111390 2461.2
1111400 2461.2
1111410 2456.4
1111420 2452.4
1111430 2452.4
1111440 2448.7
1111450 2444.6
1111460 2444.6
1111470 2440.2
1111480 2435.5
1111490 2435.5
1111500 2430.4
1111510 2425.6
1111520 2425.6
1111530 2420.9
1111540 2417.3
1111550 2417.3
1111560 2415.1
1111570 2412.6
1111580 2410.5
1111590 2410.5
1111600 2409.1
1111610 2408.6
1111620 2408.6
1111630 2409.1
1111640 2409.4
1111650 2416.4
1111660 2415.9
1111670 2414.8
1111680 2414.8
1111690 2412.5
1111700 2408.9
1111710 2408.9
1111720 2404.2
1111730 2398.8
1111740 2398.8
1111750 2396.4
1111760 2395.3
1111770 2395.3
1111780 2393.3
1111790 2390.3
1111800 2388.5
1111810 2388.5
1111820 2386.6
1111830 2384.4
1111840 2384.4
1111850 2381.3
1111860 2378.5
1111870 2378.5
1111880 2374.7
1111890 2371.9
1111900 2371.9
1111910 2368.9
1111920 2367.6
1111930 2367.6
1111940 2369.9
1111950 2370.3
1111960 2370.3
1111970 2371.5
1111980 2371.2
1111990 2376.3
1112000 2376.3
1112010 2375.0
1112020 2373.3
1112030 2373.3
1112040 2371.5
1112050 2369.0
1112060 2369.0
1112070 2366.8
1112080 2364.7
1112090 2364.7
1112100 2361.3
1112110 2357.7
1112120 2357.7
1112130 2355.0
1112140 2352.7
1112150 2352.7
1112160 2349.5
1112170 2346.8
1112180 2344.1
1112190 2344.1
1112200 2343.4
1112210 2343.2
1112220 2343.2
1112230 2342.8
1112240 2342.4
1112250 2342.4
1112260 2341.6
1112270 2339.8
1112280 2339.8
1112290 2338.7
1112300 2341.3
1112310 2341.3
1112320 2346.8
1112330 2352.6
1112340 2352.6
1112350 2357.8
1112360 2360.8
1112370 2356.7
1112380 2356.7
1112390 2351.7
1112400 2344.8
1112410 2344.8
1112420 2338.2
1112430 2326.6
1112440 2326.6
1112450 2320.6
1112460 2316.9
1112470 2316.9
1112480 2320.3
1112490 2323.3
1112500 2323.3
1112510 2318.3
1112520 2312.7
1112530 2312.7
1112540 2308.2
1112550 2303.4
1112560 2303.4
1112570 2300.4
1112580 2300.8
1112590 2300.7
1112600 2300.7
1112610 2301.7
1112620 2306.4
1112630 2306.4
1112640 2311.3
1112650 2308.6
1112660 2308.6
1112670 2303.1
1112680 2296.5
1112690 2296.5
1112700 2290.4
1112710 2286.1
1112720 2286.1
1112730 2279.9
1112740 2274.9
1112750 2274.9
1112760 2269.9
1112770 2264.8
1112780 2262.6
1112790 2262.6
1112800 2261.4
1112810 2259.4
1112820 2259.4
1112830 2256.8
1112840 2253.6
1112850 2253.6
1112860 2249.4
1112870 2245.8
1112880 2245.8
1112890 2241.9
1112900 2238.1
1112910 2238.1
1112920 2234.1
1112930 2230.0
1112940 2230.0
1112950 2226.2
1112960 2222.3
1112970 2219.1
1112980 2219.1
1112990 2215.9
1113000 2213.1
1113010 2217.8
1113020 2213.5
1113030 2208.9
1113040 2208.9
1113050 2205.8
1113060 2204.6
1113070 2204.6
1113080 2203.0
1113090 2202.0
1113100 2202.0
1113110 2203.8
1113120 2202.8
1113130 2202.8
1113140 2200.4
1113150 2199.2
1113160 2198.7
1113170 2198.7
1113180 2192.7
1113190 2191.0
1113200 2191.0
1113210 2191.1
1113220 2193.3
1113230 2193.3
1113240 2194.2
1113250 2194.9
1113260 2194.9
1113270 2196.0
1113280 2196.8
1113290 2196.8
1113300 2197.3
1113310 2198.3
1113320 2198.3
1113330 2200.4
1113340 2203.0
1113350 2206.9
1113360 2206.9
1113370 2207.7
1113380 2208.0
1113390 2208.0
1113400 2208.5
1113410 2208.5
1113420 2208.5
1113430 2211.0
1113440 2215.9
1113450 2215.9
1113460 2218.6
1113470 2219.9
1113480 2219.9
1113490 2219.5
1113500 2221.8
1113510 2221.8
1113520 2223.1
1113530 2222.9
1113540 2222.9
1113550 2221.3
1113560 2222.5
1113570 2225.4
1113580 2225.4
1113590 2226.2
1113600 2226.6
1113610 2226.6
1113620 2229.5
1113630 2231.8
1113640 2231.8
1113650 2232.8
1113660 2233.0
1113670 2233.0
1113680 2233.2
1113690 2235.9
1113700 2235.9
1113710 2236.8
1113720 2237.2
1113730 2237.2
1113740 2238.5
1113750 2240.9
1113760 2240.6
1113770 2240.6
1113780 2241.5
1113790 2243.5
1113800 2243.5
1113810 2244.6
1113820 2246.1
1113830 2246.1
1113840 2248.9
1113850 2249.6
1113860 2249.6
1113870 2252.2
1113880 2257.7
1113890 2257.7
1113900 2262.8
1113910 2268.9
1113920 2268.9
1113930 2275.8
1113940 2284.4
1113950 2295.0
1113960 2295.0
1113970 2304.1
1113980 2310.0
1113990 2310.0
1114000 2311.9
1114010 2314.3
1114020 2314.3
1114030 2318.2
1114040 2321.1
1114050 2321.1
1114060 2323.0
1114070 2326.1
1114080 2326.1
1114090 2329.2
1114100 2334.1
1114110 2334.1
1114120 2340.7
1114130 2347.4
1114140 2353.3
1114150 2353.3
1114160 2359.3
1114170 2364.9
1114180 2364.9
1114190 2370.0
1114200 2374.4
1114210 2374.4
1114220 2378.8
1114230 2383.1
1114240 2383.1
1114250 2385.8
1114260 2387.5
1114270 2387.5
1114280 2390.7
1114290 2393.2
1114300 2393.2
1114310 2395.3
1114320 2396.3
1114330 2396.3
1114340 2396.0
1114350 2395.5
1114360 2396.1
1114370 2399.4
1114380 2401.0
1114390 2401.9
1114400 2401.9
1114410 2401.8
1114420 2401.4
1114430 2401.4
1114440 2400.6
1114450 2402.5
1114460 2402.5
1114470 2405.0
1114480 2405.9
1114490 2405.9
1114500 2403.0
1114510 2402.8
1114520 2402.8
1114530 2405.5
1114540 2408.5
1114550 2411.8
1114560 2411.8
1114570 2413.6
1114580 2413.0
1114590 2413.0
1114600 2412.6
1114610 2416.2
1114620 2416.2
1114630 2417.2
1114640 2420.0
1114650 2420.0
1114660 2421.6
1114670 2422.7
1114680 2422.7
1114690 2423.3
1114700 2423.5
1114710 2422.9
1114720 2423.2
1114730 2424.0
1114740 2427.2
1114750 2427.2
1114760 2430.0
1114770 2432.9
1114780 2432.9
1114790 2435.2
1114800 2437.1
1114810 2437.1
1114820 2438.8
1114830 2442.1
1114840 2442.1
1114850 2444.0
1114860 2443.9
1114870 2443.9
1114880 2443.2
1114890 2445.0
1114900 2445.0
1114910 2448.7
1114920 2452.6
1114930 2456.4
1114940 2456.4
1114950 2460.1
1114960 2464.1
1114970 2464.1
1114980 2468.4
1114990 2472.8
1115000 2472.8
1115010 2477.5
1115020 2482.6
1115030 2482.6
1115040 2487.6
1115050 2493.2
1115060 2493.9
1115070 2499.5
1115080 2505.1
1115090 2505.1
1115100 2510.8
1115110 2516.6
1115120 2516.6
1115130 2522.4
1115140 2528.6
1115150 2534.7
1115160 2534.7
1115170 2540.8
1115180 2547.2
1115190 2547.2
1115200 2553.4
1115210 2559.8
1115220 2559.8
1115230 2566.4
1115240 2572.8
1115250 2572.8
1115260 2579.2
1115270 2585.8
1115280 2585.8
1115290 2592.5
1115300 2601.7
1115310 2601.7
1115320 2613.6
1115330 2625.8
1115340 2642.2
1115350 2642.2
1115360 2655.7
1115370 2671.8
1115380 2671.8
1115390 2688.2
1115400 2699.5
1115410 2699.5
1115420 2708.8
1115430 2716.3
1115440 2716.3
1115450 2723.4
1115460 2730.9
1115470 2730.9
1115480 2743.2
1115490 2758.2
1115500 2758.2
1115510 2768.0
1115520 2779.0
1115530 2788.8
1115540 2788.8
1115550 2784.9
1115560 2775.9
1115570 2775.9
1115580 2766.9
1115590 2753.5
1115600 2753.5
1115610 2734.6
1115620 2715.6
1115630 2715.6
1115640 2707.8
1115650 2694.1
1115660 2694.1
1115670 2680.2
1115680 2664.3
1115690 2664.3
1115700 2650.8
1115710 2642.2
1115720 2643.1
1115730 2643.1
1115740 2633.3
1115750 2634.2
1115760 2634.2
1115770 2622.8
1115780 2610.5
1115790 2610.5
1115800 2611.4
1115810 2605.5
1115820 2605.5
1115830 2596.7
1115840 2590.3
1115850 2590.3
1115860 2585.6
1115870 2579.1
1115880 2579.1
1115890 2573.5
1115900 2559.6
1115910 2559.6
1115920 2550.3
1115930 2543.9
1115940 2535.9
1115950 2535.9
1115960 2530.3
1115970 2527.6
1115980 2527.6
1115990 2524.3
1116000 2518.3
1116010 2518.3
1116020 2511.6
1116030 2505.4
1116040 2505.4
1116050 2501.2
1116060 2499.4
1116070 2499.4
1116080 2490.7
1116090 2488.0
1116100 2488.0
1116110 2485.1
1116120 2481.7
1116130 2478.5
1116140 2478.5
1116150 2475.9
1116160 2473.0
1116170 2473.0
1116180 2469.5
1116190 2465.7
1116200 2465.7
1116210 2461.7
1116220 2457.8
1116230 2457.8
1116240 2454.8
1116250 2452.9
1116260 2452.9
1116270 2452.0
1116280 2450.5
1116290 2450.5
1116300 2448.7
1116310 2447.3
1116320 2446.1
1116330 2446.1
1116340 2445.3
1116350 2444.7
1116360 2444.7
1116370 2443.9
1116380 2443.0
1116390 2443.0
1116400 2441.5
1116410 2439.7
1116420 2439.7
1116430 2432.1
1116440 2431.5
1116450 2431.5
1116460 2431.5
1116470 2428.8
1116480 2428.8
1116490 2422.3
1116500 2416.9
1116510 2411.0
1116520 2411.0
1116530 2404.7
1116540 2401.3
1116550 2401.3
1116560 2398.3
1116570 2396.3
1116580 2396.3
1116590 2394.8
1116600 2392.3
1116610 2392.3
1116620 2389.7
1116630 2388.2
1116640 2388.2
1116650 2385.9
1116660 2381.4
1116670 2381.4
1116680 2377.3
1116690 2372.0
1116700 2372.0
1116710 2366.9
1116720 2362.1
1116730 2358.6
1116740 2358.6
1116750 2350.7
1116760 2342.5
1116770 2336.8
1116780 2328.8
1116790 2319.4
1116800 2319.4
1116810 2308.5
1116820 2296.7
1116830 2296.7
1116840 2287.9
1116850 2280.4
1116860 2280.4
1116870 2273.7
1116880 2267.9
1116890 2267.9
1116900 2262.9
1116910 2257.0
1116920 2252.3
1116930 2252.3
1116940 2246.6
1116950 2238.0
1116960 2238.0
1116970 2225.4
1116980 2217.1
1116990 2217.1
1117000 2210.3
1117010 2203.5
1117020 2203.5
1117030 2196.4
1117040 2191.6
1117050 2191.6
1117060 2187.6
1117070 2184.0
1117080 2184.0
1117090 2183.6
1117100 2183.7
1117110 2184.0
1117120 2185.0
1117130 2184.8
1117140 2184.4
1117150 2184.4
1117160 2183.8
1117170 2183.4
1117180 2183.4
1117190 2182.6
1117200 2181.9
1117210 2181.9
1117220 2181.1
1117230 2180.2
1117240 2180.2
1117250 2179.5
1117260 2178.9
1117270 2178.9
1117280 2180.1
1117290 2180.0
1117300 2179.2
1117310 2179.2
1117320 2178.8
1117330 2178.6
1117340 2178.6
1117350 2179.3
1117360 2183.0
1117370 2183.0
1117380 2185.4
1117390 2183.4
1117400 2183.4
1117410 2181.8
1117420 2184.3
1117430 2184.3
1117440 2187.7
1117450 2188.9
1117460 2190.8
1117470 2189.7
1117480 2189.0
1117490 2189.0
1117500 2191.0
1117510 2192.9
1117520 2192.8
1117530 2192.8
1117540 2193.9
1117550 2193.9
1117560 2193.9
1117570 2193.6
1117580 2194.3
1117590 2194.3
1117600 2195.6
1117610 2196.6
1117620 2196.6
1117630 2198.8
1117640 2201.8
1117650 2201.8
1117660 2205.7
1117670 2206.8
1117680 2206.8
1117690 2205.1
1117700 2202.0
1117710 2198.2
1117720 2198.2
1117730 2195.9
1117740 2192.3
1117750 2192.3
1117760 2188.0
1117770 2182.9
1117780 2182.9
1117790 2178.2
1117800 2175.5
1117810 2176.2
1117820 2175.0
1117830 2173.8
1117840 2173.8
1117850 2172.8
1117860 2172.0
1117870 2172.0
1117880 2170.9
1117890 2169.8
1117900 2169.0
1117910 2169.0
1117920 2168.2
1117930 2167.8
1117940 2167.8
1117950 2168.3
1117960 2168.0
1117970 2168.0
1117980 2171.5
1117990 2174.6
1118000 2174.6
1118010 2175.4
1118020 2180.3
1118030 2180.3
1118040 2183.0
1118050 2185.3
1118060 2185.3
1118070 2188.4
1118080 2191.6
1118090 2194.8
1118100 2194.8
1118110 2195.5
1118120 2196.3
1118130 2196.3
1118140 2198.2
1118150 2207.9
1118160 2207.9
1118170 2206.7
1118180 2203.6
1118190 2203.6
1118200 2203.0
1118210 2203.1
1118220 2203.1
1118230 2206.2
1118240 2207.0
1118250 2207.0
1118260 2203.3
1118270 2207.6
1118280 2207.6
1118290 2209.7
1118300 2210.8
1118310 2211.8
1118320 2211.8
1118330 2213.4
1118340 2210.2
1118350 2210.2
1118360 2208.4
1118370 2210.4
1118380 2210.4
1118390 2212.8
1118400 2215.0
1118410 2215.0
1118420 2218.2
1118430 2221.3
1118440 2221.3
1118450 2222.6
1118460 2223.4
1118470 2223.4
1118480 2224.4
1118490 2226.9
1118500 2235.1
1118510 2235.1
1118520 2237.9
1118530 2240.5
1118540 2240.5
1118550 2243.3
1118560 2245.4
1118570 2245.4
1118580 2246.4
1118590 2247.5
1118600 2247.5
1118610 2247.5
1118620 2246.6
1118630 2246.6
1118640 2247.7
1118650 2248.3
1118660 2248.3
1118670 2251.0
1118680 2253.9
1118690 2257.6
1118700 2257.6
1118710 2261.0
1118720 2262.7
1118730 2262.7
1118740 2264.0
1118750 2264.5
1118760 2264.5
1118770 2266.2
1118780 2268.2
1118790 2268.2
1118800 2270.6
1118810 2272.5
1118820 2272.5
1118830 2274.3
1118840 2280.0
1118850 2280.0
1118860 2283.1
1118870 2285.5
1118880 2287.8
1118890 2287.8
1118900 2290.9
1118910 2293.2
1118920 2293.2
1118930 2294.3
1118940 2294.2
1118950 2294.2
1118960 2294.3
1118970 2296.0
1118980 2296.0
1118990 2297.2
1119000 2298.5
1119010 2298.5
1119020 2298.7
1119030 2299.8
1119040 2299.8
1119050 2299.7
1119060 2297.2
1119070 2297.2
1119080 2297.1
1119090 2297.6
1119100 2297.8
1119110 2297.8
1119120 2297.9
1119130 2295.5
1119140 2295.5
1119150 2292.0
1119160 2289.6
1119170 2289.6
1119180 2288.5
1119190 2285.8
1119200 2285.8
1119210 2284.2
1119220 2283.6
1119230 2283.6
1119240 2283.2
1119250 2284.6
1119260 2284.6
1119270 2283.9
1119280 2283.4
1119290 2284.9
1119300 2284.9
1119310 2287.4
1119320 2290.1
1119330 2290.1
1119340 2291.1
1119350 2291.3
1119360 2291.3
1119370 2291.1
1119380 2289.7
1119390 2289.7
1119400 2288.3
1119410 2287.1
1119420 2287.1
1119430 2281.2
1119440 2273.0
1119450 2273.0
1119460 2265.3
1119470 2260.0
1119480 2255.4
1119490 2255.4
1119500 2249.7
1119510 2244.2
1119520 2244.2
1119530 2242.7
1119540 2236.7
1119550 2236.7
1119560 2233.1
1119570 2230.0
1119580 2230.0
1119590 2226.4
1119600 2224.2
1119610 2224.2
1119620 2222.9
1119630 2220.7
1119640 2220.7
1119650 2219.4
1119660 2220.3
1119670 2221.4
1119680 2221.4
1119690 2223.4
1119700 2221.8
1119710 2221.8
1119720 2218.6
1119730 2217.1
1119740 2217.1
1119750 2218.3
1119760 2219.8
1119770 2219.8
1119780 2221.0
1119790 2224.1
1119800 2224.1
1119810 2226.1
1119820 2229.2
1119830 2229.2
1119840 2232.8
1119850 2237.0
1119860 2237.0
1119870 2240.5
1119880 2245.7
1119890 2248.8
1119900 2248.8
1119910 2252.3
1119920 2254.8
1119930 2254.8
1119940 2258.0
1119950 2262.1
1119960 2262.1
1119970 2265.5
1119980 2268.5
1119990 2268.5
