1110690 2389.2
1110700 2401.0
1110710 2401.0
1110720 2407.6
1110730 2414.7
1110740 2414.7
1110750 2421.9
1110760 2429.5
1110770 2429.5
1110780 2440.6
1110790 2450.6
1110800 2477.0
1110810 2477.0
1110820 2494.7
1110830 2507.2
1110840 2507.2
1110850 2517.4
1110860 2528.3
1110870 2528.3
1110880 2536.3
1110890 2540.2
1110900 2540.2
1110910 2547.5
1110920 2553.4
1110930 2553.4
1110940 2558.7
1110950 2567.7
1110960 2567.7
1110970 2577.0
1110980 2582.9
1110990 2581.1
1111000 2581.1
1111010 2583.6
1111020 2585.9
1111030 2585.9
1111040 2589.1
1111050 2590.9
1111060 2590.9
1111070 2591.1
1111080 2591.3
1111090 2591.3
1111100 2590.8
1111110 2590.3
1111120 2590.3
1111130 2590.7
1111140 2592.2
1111150 2592.2
1111160 2592.6
1111170 2592.3
1111180 2589.2
1111190 2589.2
1111200 2569.3
1111210 2562.1
1111220 2562.1
1111230 2556.7
1111240 2551.6
1111250 2551.6
1111260 2549.0
1111270 2548.6
1111280 2548.6
1111290 2550.5
1111300 2552.3
1111310 2558.9
1111320 2558.3
1111330 2557.6
1111340 2557.6
1111350 2557.5
1111360 2556.7
1111370 2555.4
1111380 2555.4
1111390 2554.4
1111400 2551.6
1111410 2551.6
1111420 2548.1
1111430 2544.6
1111440 2544.6
1111450 2539.1
1111460 2534.1
1111470 2534.1
1111480 2530.8
1111490 2528.0
1111500 2528.0
1111510 2525.7
1111520 2522.5
1111530 2522.5
1111540 2520.1
1111550 2517.3
1111560 2517.3
1111570 2512.1
1111580 2508.3
1111590 2502.4
1111600 2502.4
1111610 2498.9
1111620 2496.5
1111630 2496.5
1111640 2494.0
1111650 2496.7
1111660 2496.7
1111670 2494.3
1111680 2494.8
1111690 2494.8
1111700 2497.2
1111710 2496.8
1111720 2496.8
1111730 2496.6
1111740 2495.4
1111750 2495.4
1111760 2494.0
1111770 2493.0
1111780 2495.1
1111790 2495.1
1111800 2499.1
1111810 2501.6
1111820 2501.6
1111830 2499.7
1111840 2501.8
1111850 2501.8
1111860 2505.4
1111870 2511.2
1111880 2511.2
1111890 2517.9
1111900 2523.4
1111910 2523.4
1111920 2526.8
1111930 2514.8
1111940 2514.8
1111950 2490.9
1111960 2474.4
1111970 2466.2
1111980 2466.2
1111990 2474.6
1112000 2476.5
1112010 2476.5
1112020 2479.0
1112030 2482.3
1112040 2482.3
1112050 2486.6
1112060 2483.5
1112070 2483.5
1112080 2483.2
1112090 2480.6
1112100 2480.6
1112110 2480.6
1112120 2482.4
1112130 2482.4
1112140 2485.6
1112150 2469.5
1112160 2464.8
1112170 2464.8
1112180 2459.7
1112190 2457.5
1112200 2457.5
1112210 2459.6
1112220 2455.8
1112230 2455.8
1112240 2455.7
1112250 2449.4
1112260 2449.4
1112270 2449.6
1112280 2457.4
1112290 2457.4
1112300 2468.4
1112310 2470.0
1112320 2470.0
1112330 2462.8
1112340 2453.4
1112350 2453.4
1112360 2433.1
1112370 2426.1
1112380 2421.6
1112390 2421.6
1112400 2416.9
1112410 2407.9
1112420 2407.9
1112430 2399.3
1112440 2396.0
1112450 2396.0
1112460 2395.4
1112470 2396.9
1112480 2396.9
1112490 2397.7
1112500 2398.1
1112510 2398.1
1112520 2398.7
1112530 2399.3
1112540 2399.3
1112550 2402.3
1112560 2403.2
1112570 2408.0
1112580 2408.0
1112590 2411.1
1112600 2412.6
1112610 2412.6
1112620 2413.2
1112630 2418.2
1112640 2418.2
1112650 2422.9
1112660 2427.9
1112670 2434.8
1112680 2437.6
1112690 2436.6
1112700 2436.6
1112710 2428.5
1112720 2415.3
1112730 2415.3
1112740 2404.7
1112750 2389.7
1112760 2380.6
1112770 2380.6
1112780 2377.9
1112790 2377.2
1112800 2377.2
1112810 2368.7
1112820 2364.7
1112830 2364.7
1112840 2360.0
1112850 2356.4
1112860 2356.4
1112870 2358.0
1112880 2357.6
1112890 2357.6
1112900 2349.1
1112910 2337.8
1112920 2337.8
1112930 2325.9
1112940 2321.2
1112950 2317.8
1112960 2317.8
1112970 2312.2
1112980 2306.9
1112990 2306.9
1113000 2297.6
1113010 2296.6
1113020 2296.6
1113030 2285.2
1113040 2277.6
1113050 2277.6
1113060 2274.3
1113070 2269.3
1113080 2269.3
1113090 2263.4
1113100 2257.0
1113110 2257.0
1113120 2252.3
1113130 2250.8
1113140 2251.5
1113150 2251.5
1113160 2251.6
1113170 2250.9
1113180 2250.9
1113190 2250.5
1113200 2251.4
1113210 2251.4
1113220 2251.7
1113230 2251.7
1113240 2251.7
1113250 2250.8
1113260 2249.7
1113270 2249.7
1113280 2247.6
1113290 2244.2
1113300 2244.2
1113310 2240.4
1113320 2237.0
1113330 2237.0
1113340 2235.3
1113350 2237.7
1113360 2237.1
1113370 2237.1
1113380 2235.5
1113390 2235.9
1113400 2235.9
1113410 2237.0
1113420 2237.7
1113430 2237.7
1113440 2238.5
1113450 2239.9
1113460 2239.9
1113470 2241.0
1113480 2240.9
1113490 2240.9
1113500 2240.9
1113510 2242.0
1113520 2242.0
1113530 2242.9
1113540 2243.3
1113550 2244.3
1113560 2244.3
1113570 2245.1
1113580 2245.7
1113590 2245.7
1113600 2246.3
1113610 2246.4
1113620 2246.4
1113630 2246.1
1113640 2246.2
1113650 2246.2
1113660 2245.8
1113670 2244.7
1113680 2244.7
1113690 2246.5
1113700 2247.1
1113710 2247.1
1113720 2247.8
1113730 2249.1
1113740 2250.9
1113750 2250.9
1113760 2252.7
1113770 2255.2
1113780 2255.2
1113790 2257.1
1113800 2259.0
1113810 2259.0
1113820 2261.5
1113830 2263.4
1113840 2263.4
1113850 2265.1
1113860 2266.5
1113870 2266.5
1113880 2268.1
1113890 2270.3
1113900 2270.3
1113910 2273.2
1113920 2279.5
1113930 2286.8
1113940 2286.8
1113950 2294.2
1113960 2301.5
1113970 2301.5
1113980 2308.7
1113990 2313.1
1114000 2313.1
1114010 2316.5
1114020 2319.4
1114030 2322.1
1114040 2324.7
1114050 2327.2
1114060 2327.2
1114070 2329.9
1114080 2333.1
1114090 2333.1
1114100 2337.5
1114110 2340.9
1114120 2340.9
1114130 2345.2
1114140 2350.2
1114150 2356.2
1114160 2356.2
1114170 2362.2
1114180 2368.4
1114190 2368.4
1114200 2375.9
1114210 2385.6
1114220 2385.6
1114230 2396.7
1114240 2405.1
1114250 2405.1
1114260 2413.3
1114270 2429.2
1114280 2429.2
1114290 2467.8
1114300 2482.7
1114310 2482.7
1114320 2489.6
1114330 2490.9
1114340 2490.8
1114350 2490.8
1114360 2492.6
1114370 2496.5
1114380 2496.0
1114390 2499.5
1114400 2502.9
1114410 2502.9
1114420 2506.4
1114430 2497.7
1114440 2497.7
1114450 2492.3
1114460 2489.2
1114470 2489.2
1114480 2485.5
1114490 2479.8
1114500 2479.8
1114510 2473.7
1114520 2469.8
1114530 2466.2
1114540 2466.2
1114550 2467.3
1114560 2468.9
1114570 2468.9
1114580 2469.6
1114590 2468.6
1114600 2468.6
1114610 2466.0
1114620 2465.0
1114630 2465.0
1114640 2465.8
1114650 2465.7
1114660 2465.7
1114670 2465.3
1114680 2463.7
1114690 2463.7
1114700 2463.2
1114710 2465.1
1114720 2468.2
1114730 2468.2
1114740 2470.0
1114750 2470.0
1114760 2470.0
1114770 2469.9
1114780 2470.2
1114790 2470.2
1114800 2469.4
1114810 2469.8
1114820 2469.8
1114830 2471.9
1114840 2475.0
1114850 2475.0
1114860 2478.8
1114870 2482.7
1114880 2482.7
1114890 2486.5
1114900 2490.0
1114910 2490.0
1114920 2493.4
1114930 2496.8
1114940 2500.1
1114950 2500.1
1114960 2503.4
1114970 2506.5
1114980 2506.5
1114990 2509.9
1115000 2513.1
1115010 2513.1
1115020 2516.2
1115030 2519.8
1115040 2519.8
1115050 2523.7
1115060 2532.9
1115070 2532.9
1115080 2538.3
1115090 2544.1
1115100 2544.1
1115110 2550.5
1115120 2568.9
1115130 2580.0
1115140 2580.0
1115150 2583.6
1115160 2586.5
1115170 2586.5
1115180 2589.7
1115190 2593.5
1115200 2593.5
1115210 2596.4
1115220 2599.4
1115230 2599.4
1115240 2603.0
1115250 2608.1
1115260 2608.1
1115270 2614.1
1115280 2618.9
1115290 2618.9
1115300 2623.4
1115310 2628.2
1115320 2633.0
1115330 2633.0
1115340 2637.5
1115350 2642.5
1115360 2642.5
1115370 2646.9
1115380 2650.1
1115390 2650.1
1115400 2660.7
1115410 2664.9
1115420 2664.9
1115430 2677.1
1115440 2688.6
1115450 2688.6
1115460 2697.2
1115470 2707.6
1115480 2707.6
1115490 2711.3
1115500 2699.3
1115510 2685.1
1115520 2685.1
1115530 2674.9
1115540 2671.7
1115550 2671.7
1115560 2661.8
1115570 2649.5
1115580 2649.5
1115590 2637.6
1115600 2631.2
1115610 2631.2
1115620 2620.8
1115630 2612.6
1115640 2612.6
1115650 2604.9
1115660 2597.0
1115670 2597.0
1115680 2589.6
1115690 2582.7
1115700 2582.7
1115710 2575.9
1115720 2569.1
1115730 2562.4
1115740 2561.9
1115750 2554.9
1115760 2548.4
1115770 2548.4
1115780 2540.9
1115790 2534.2
1115800 2534.2
1115810 2528.0
1115820 2523.2
1115830 2523.2
1115840 2519.5
1115850 2518.4
1115860 2518.4
1115870 2517.0
1115880 2513.3
1115890 2513.3
1115900 2508.0
1115910 2502.8
1115920 2497.8
1115930 2497.8
1115940 2493.1
1115950 2488.0
1115960 2488.0
1115970 2483.1
1115980 2478.7
1115990 2478.7
1116000 2474.6
1116010 2470.8
1116020 2470.8
1116030 2467.4
1116040 2463.7
1116050 2463.7
1116060 2460.1
1116070 2457.2
1116080 2457.2
1116090 2453.9
1116100 2452.1
1116110 2451.3
1116120 2451.3
1116130 2452.0
1116140 2453.3
1116150 2453.3
1116160 2454.0
1116170 2454.1
1116180 2454.1
1116190 2453.6
1116200 2452.5
1116210 2452.5
1116220 2451.1
1116230 2449.6
1116240 2449.6
1116250 2447.9
1116260 2446.4
1116270 2446.4
1116280 2445.6
1116290 2446.5
1116300 2447.0
1116310 2447.0
1116320 2447.1
1116330 2447.2
1116340 2447.2
1116350 2448.0
1116360 2447.3
1116370 2447.3
1116380 2442.4
1116390 2435.5
1116400 2435.5
1116410 2429.0
1116420 2422.6
1116430 2421.8
1116440 2416.8
1116450 2413.1
1116460 2413.1
1116470 2411.5
1116480 2410.2
1116490 2410.2
1116500 2410.3
1116510 2410.5
1116520 2408.2
1116530 2408.2
1116540 2402.3
1116550 2397.4
1116560 2397.4
1116570 2390.7
1116580 2383.2
1116590 2383.2
1116600 2375.1
1116610 2372.5
1116620 2372.5
1116630 2371.6
1116640 2361.4
1116650 2361.4
1116660 2351.9
1116670 2343.5
1116680 2343.5
1116690 2335.4
1116700 2328.6
1116710 2322.4
1116720 2322.4
1116730 2315.9
1116740 2308.5
1116750 2308.5
1116760 2297.5
1116770 2291.3
1116780 2287.9
1116790 2280.0
1116800 2273.7
1116810 2273.7
1116820 2267.7
1116830 2261.6
1116840 2261.6
1116850 2254.8
1116860 2249.7
1116870 2249.7
1116880 2244.3
1116890 2237.9
1116900 2233.3
1116910 2233.3
1116920 2228.7
1116930 2224.1
1116940 2224.1
1116950 2219.9
1116960 2216.8
1116970 2216.8
1116980 2215.0
1116990 2213.4
1117000 2213.4
1117010 2211.7
1117020 2209.9
1117030 2209.9
1117040 2208.2
1117050 2207.0
1117060 2207.0
1117070 2206.3
1117080 2204.5
1117090 2202.3
1117100 2202.3
1117110 2200.8
1117120 2200.6
1117130 2200.6
1117140 2199.6
1117150 2198.6
1117160 2198.6
1117170 2197.3
1117180 2198.6
1117190 2198.6
1117200 2196.8
1117210 2197.0
1117220 2197.0
1117230 2197.0
1117240 2198.2
1117250 2198.2
1117260 2199.7
1117270 2201.7
1117280 2203.8
1117290 2203.8
1117300 2207.0
1117310 2210.5
1117320 2210.5
1117330 2213.0
1117340 2214.8
1117350 2214.8
1117360 2218.9
1117370 2222.8
1117380 2222.8
1117390 2225.0
1117400 2225.6
1117410 2225.6
1117420 2225.5
1117430 2225.1
1117440 2225.1
1117450 2223.5
1117460 2225.2
1117470 2225.2
1117480 2227.3
1117490 2228.0
1117500 2227.8
1117510 2227.8
1117520 2227.2
1117530 2226.7
1117540 2226.7
1117550 2227.3
1117560 2229.4
1117570 2229.4
1117580 2233.0
1117590 2230.8
1117600 2230.8
1117610 2229.1
1117620 2228.8
1117630 2228.8
1117640 2228.2
1117650 2227.5
1117660 2227.5
1117670 2225.3
1117680 2224.1
1117690 2222.6
1117700 2222.6
1117710 2220.2
1117720 2218.8
1117730 2218.8
1117740 2217.0
1117750 2213.4
1117760 2213.4
1117770 2210.3
1117780 2206.4
1117790 2206.4
1117800 2203.4
1117810 2205.2
1117820 2205.2
1117830 2205.1
1117840 2206.1
1117850 2206.1
1117860 2206.9
1117870 2208.3
1117880 2209.0
1117890 2209.0
1117900 2211.0
1117910 2214.6
1117920 2214.6
1117930 2220.0
1117940 2225.2
1117950 2225.2
1117960 2230.3
1117970 2235.4
1117980 2235.4
1117990 2239.8
1118000 2244.7
1118010 2244.7
1118020 2253.4
1118030 2261.7
1118040 2261.7
1118050 2265.8
1118060 2269.4
1118070 2275.8
1118080 2275.8
1118090 2283.0
1118100 2292.3
1118110 2292.3
1118120 2298.1
1118130 2300.8
1118140 2300.8
1118150 2301.7
1118160 2303.7
1118170 2303.7
1118180 2305.9
1118190 2305.4
1118200 2305.4
1118210 2303.9
1118220 2302.7
1118230 2302.7
1118240 2303.8
1118250 2299.4
1118260 2299.4
1118270 2295.1
1118280 2293.9
1118290 2296.5
1118300 2296.5
1118310 2297.9
1118320 2300.0
1118330 2300.0
1118340 2300.2
1118350 2300.2
1118360 2300.2
1118370 2301.4
1118380 2302.8
1118390 2302.8
1118400 2304.0
1118410 2306.9
1118420 2306.9
1118430 2306.7
1118440 2307.4
1118450 2307.4
1118460 2308.2
1118470 2309.4
1118480 2309.4
1118490 2309.4
1118500 2311.3
1118510 2311.1
1118520 2311.1
1118530 2311.4
1118540 2312.4
1118550 2312.4
1118560 2313.2
1118570 2314.2
1118580 2314.2
1118590 2315.8
1118600 2317.6
1118610 2317.6
1118620 2319.8
1118630 2321.0
1118640 2321.0
1118650 2322.1
1118660 2322.7
1118670 2322.5
1118680 2322.5
1118690 2320.6
1118700 2318.9
1118710 2318.9
1118720 2318.5
1118730 2318.4
1118740 2318.4
1118750 2315.0
1118760 2315.1
1118770 2315.1
1118780 2315.4
1118790 2315.6
1118800 2315.6
1118810 2315.3
1118820 2316.1
1118830 2316.1
1118840 2319.2
1118850 2319.7
1118860 2321.3
1118870 2321.3
1118880 2322.1
1118890 2322.1
1118900 2322.1
1118910 2319.7
1118920 2316.6
1118930 2316.6
1118940 2315.2
1118950 2316.8
1118960 2316.8
1118970 2315.8
1118980 2312.3
1118990 2312.3
1119000 2311.1
1119010 2308.4
1119020 2308.4
1119030 2305.2
1119040 2304.5
1119050 2304.5
1119060 2301.9
1119070 2301.1
1119080 2302.9
1119090 2302.9
1119100 2305.4
1119110 2306.0
1119120 2306.0
1119130 2305.3
1119140 2303.6
1119150 2303.6
1119160 2302.5
1119170 2301.6
1119180 2301.6
1119190 2308.2
1119200 2309.1
1119210 2309.1
1119220 2308.8
1119230 2309.8
1119240 2309.8
1119250 2310.7
1119260 2311.4
1119270 2310.8
1119280 2310.8
1119290 2310.9
1119300 2311.7
1119310 2311.7
1119320 2311.7
1119330 2311.6
1119340 2311.6
1119350 2312.3
1119360 2312.7
1119370 2312.7
1119380 2312.5
1119390 2312.7
1119400 2312.7
1119410 2312.7
1119420 2312.3
1119430 2312.3
1119440 2312.4
1119450 2313.0
1119460 2313.7
1119470 2313.7
1119480 2315.6
1119490 2317.6
1119500 2317.6
1119510 2321.0
1119520 2321.9
1119530 2321.9
1119540 2325.0
1119550 2324.0
1119560 2324.0
1119570 2322.4
1119580 2322.0
1119590 2322.0
1119600 2322.2
1119610 2325.5
1119620 2325.5
1119630 2325.4
1119640 2326.0
1119650 2327.6
1119660 2327.6
1119670 2324.2
1119680 2323.2
1119690 2323.2
1119700 2324.5
1119710 2325.3
1119720 2325.3
1119730 2326.2
1119740 2313.9
1119750 2313.9
1119760 2307.7
1119770 2306.6
1119780 2306.6
1119790 2304.5
1119800 2301.4
1119810 2301.4
1119820 2298.8
1119830 2295.5
1119840 2295.5
1119850 2291.7
1119860 2294.1
1119870 2296.0
1119880 2303.2
1119890 2303.2
1119900 2302.2
1119910 2302.2
1119920 2303.8
1119930 2308.7
1119940 2308.7
1119950 2312.1
1119960 2313.0
1119970 2313.0
1119980 2314.0
1119990 2316.8
