1102140 2252.1
1102150 2252.1
1102160 2253.0
1102170 2252.8
1102180 2252.8
1102190 2252.1
1102200 2252.2
1102210 2252.2
1102220 2252.9
1102230 2251.9
1102240 2251.9
1102250 2250.4
1102260 2249.4
1102270 2249.4
1102280 2250.3
1102290 2251.2
1102300 2251.2
1102310 2249.8
1102320 2245.6
1102330 2238.1
1102340 2238.1
1102350 2237.8
1102360 2238.0
1102370 2238.0
1102380 2237.2
1102390 2236.3
1102400 2236.3
1102410 2235.7
1102420 2234.4
1102430 2234.4
1102440 2234.2
1102450 2232.4
1102460 2232.4
1102470 2230.4
1102480 2229.4
1102490 2229.4
1102500 2227.3
1102510 2225.7
1102520 2225.7
1102530 2224.0
1102540 2224.5
1102550 2224.5
1102560 2224.5
1102570 2223.4
1102580 2223.2
1102590 2223.2
1102600 2222.2
1102610 2221.8
1102620 2221.8
1102630 2220.8
1102640 2220.5
1102650 2220.5
1102660 2220.0
1102670 2211.2
1102680 2211.2
1102690 2210.1
1102700 2208.7
1102710 2208.7
1102720 2205.8
1102730 2202.4
1102740 2199.6
1102750 2199.6
1102760 2196.5
1102770 2193.4
1102780 2193.4
1102790 2190.4
1102800 2187.6
1102810 2187.6
1102820 2184.6
1102830 2183.0
1102840 2183.0
1102850 2182.2
1102860 2182.6
1102870 2182.6
1102880 2183.4
1102890 2182.3
1102900 2182.3
1102910 2182.3
1102920 2186.7
1102930 2189.4
1102940 2189.4
1102950 2192.2
1102960 2194.9
1102970 2194.9
1102980 2197.3
1102990 2199.5
1103000 2199.2
1103010 2202.4
1103020 2205.1
1103030 2205.1
1103040 2206.9
1103050 2208.9
1103060 2208.9
1103070 2211.7
1103080 2215.1
1103090 2215.1
1103100 2218.1
1103110 2221.1
1103120 2221.1
1103130 2224.2
1103140 2226.7
1103150 2228.7
1103160 2228.7
1103170 2231.3
1103180 2234.9
1103190 2234.9
1103200 2236.6
1103210 2238.0
1103220 2238.0
1103230 2238.6
1103240 2239.6
1103250 2239.6
1103260 2241.4
1103270 2244.5
1103280 2244.5
1103290 2249.6
1103300 2252.7
1103310 2252.7
1103320 2253.2
1103330 2253.7
1103340 2254.6
1103350 2254.6
1103360 2257.7
1103370 2261.4
1103380 2261.4
1103390 2265.0
1103400 2267.7
1103410 2267.7
1103420 2270.0
1103430 2271.8
1103440 2271.8
1103450 2274.2
1103460 2277.9
1103470 2277.9
1103480 2280.8
1103490 2283.6
1103500 2283.6
1103510 2286.5
1103520 2289.7
1103530 2292.1
1103540 2292.1
1103550 2294.4
1103560 2296.6
1103570 2296.6
1103580 2298.7
1103590 2301.2
1103600 2301.2
1103610 2305.2
1103620 2309.8
1103630 2309.8
1103640 2315.1
1103650 2321.0
1103660 2318.3
1103670 2325.6
1103680 2333.8
1103690 2333.8
1103700 2342.4
1103710 2347.5
1103720 2347.5
1103730 2353.8
1103740 2360.8
1103750 2367.2
1103760 2367.2
1103770 2373.6
1103780 2376.4
1103790 2376.4
1103800 2371.5
1103810 2362.5
1103820 2362.5
1103830 2354.4
1103840 2349.0
1103850 2349.0
1103860 2346.3
1103870 2341.2
1103880 2341.2
1103890 2331.0
1103900 2324.3
1103910 2324.3
1103920 2319.0
1103930 2319.5
1103940 2318.2
1103950 2318.2
1103960 2318.9
1103970 2323.7
1103980 2323.7
1103990 2337.4
1104000 2338.3
1104010 2338.3
1104020 2330.8
1104030 2324.7
1104040 2324.7
1104050 2318.6
1104060 2316.3
1104070 2316.3
1104080 2317.7
1104090 2317.6
1104100 2317.6
1104110 2315.3
1104120 2311.1
1104130 2304.8
1104140 2304.8
1104150 2293.5
1104160 2285.9
1104170 2285.9
1104180 2279.7
1104190 2273.5
1104200 2273.5
1104210 2265.9
1104220 2256.7
1104230 2256.7
1104240 2248.6
1104250 2240.3
1104260 2240.3
1104270 2232.1
1104280 2222.4
1104290 2222.4
1104300 2211.8
1104310 2202.1
1104320 2202.1
1104330 2202.1
1104340 2196.4
1104350 2192.2
1104360 2192.2
1104370 2189.8
1104380 2183.8
1104390 2183.8
1104400 2177.5
1104410 2171.1
1104420 2171.1
1104430 2165.3
1104440 2160.3
1104450 2160.3
1104460 2155.4
1104470 2150.4
1104480 2150.4
1104490 2146.2
1104500 2142.4
1104510 2142.4
1104520 2138.5
1104530 2134.2
1104540 2130.1
1104550 2130.1
1104560 2129.3
1104570 2128.9
1104580 2128.9
1104590 2127.4
1104600 2127.3
1104610 2127.3
1104620 2129.6
1104630 2129.1
1104640 2129.1
1104650 2127.7
1104660 2133.6
1104670 2133.6
1104680 2131.8
1104690 2128.9
1104700 2128.9
1104710 2126.2
1104720 2122.9
1104730 2120.8
1104740 2120.8
1104750 2119.5
1104760 2117.0
1104770 2117.0
1104780 2114.9
1104790 2113.8
1104800 2113.8
1104810 2112.2
1104820 2108.8
1104830 2108.8
1104840 2104.2
1104850 2099.1
1104860 2099.1
1104870 2095.4
1104880 2093.9
1104890 2093.9
1104900 2092.8
1104910 2090.1
1104920 2090.1
1104930 2087.6
1104940 2086.3
1104950 2085.6
1104960 2085.6
1104970 2085.0
1104980 2083.2
1104990 2088.0
1105000 2086.9
1105010 2085.7
1105020 2085.7
1105030 2084.0
1105040 2082.8
1105050 2082.8
1105060 2082.5
1105070 2082.2
1105080 2082.2
1105090 2081.8
1105100 2081.1
1105110 2081.1
1105120 2080.5
1105130 2080.1
1105140 2079.9
1105150 2079.9
1105160 2079.3
1105170 2078.5
1105180 2078.5
1105190 2078.5
1105200 2078.7
1105210 2078.7
1105220 2079.3
1105230 2079.7
1105240 2079.7
1105250 2079.9
1105260 2080.8
1105270 2080.8
1105280 2081.7
1105290 2083.2
1105300 2083.2
1105310 2084.7
1105320 2087.8
1105330 2092.2
1105340 2092.2
1105350 2091.0
1105360 2089.9
1105370 2089.9
1105380 2091.7
1105390 2095.0
1105400 2095.0
1105410 2098.7
1105420 2102.8
1105430 2102.8
1105440 2107.5
1105450 2112.4
1105460 2112.4
1105470 2116.7
1105480 2121.2
1105490 2121.2
1105500 2126.0
1105510 2130.3
1105520 2130.3
1105530 2135.8
1105540 2142.1
1105550 2148.8
1105560 2148.8
1105570 2156.9
1105580 2167.1
1105590 2167.1
1105600 2177.9
1105610 2185.3
1105620 2185.3
1105630 2188.2
1105640 2190.6
1105650 2190.6
1105660 2192.9
1105670 2193.9
1105680 2193.9
1105690 2195.7
1105700 2196.9
1105710 2196.9
1105720 2197.9
1105730 2199.4
1105740 2200.8
1105750 2200.8
1105760 2201.6
1105770 2202.3
1105780 2202.3
1105790 2202.8
1105800 2203.9
1105810 2203.9
1105820 2205.7
1105830 2207.8
1105840 2207.8
1105850 2210.7
1105860 2213.7
1105870 2213.7
1105880 2216.3
1105890 2218.5
1105900 2218.5
1105910 2220.9
1105920 2223.3
1105930 2225.0
1105940 2225.0
1105950 2227.1
1105960 2229.2
1105970 2229.2
1105980 2231.9
1105990 2236.8
1106000 2236.8
1106010 2243.1
1106020 2247.4
1106030 2247.4
1106040 2249.5
1106050 2252.9
1106060 2252.9
1106070 2253.2
1106080 2254.0
1106090 2254.0
1106100 2255.4
1106110 2256.7
1106120 2256.7
1106130 2258.5
1106140 2259.1
1106150 2259.8
1106160 2259.8
1106170 2260.8
1106180 2261.5
1106190 2261.5
1106200 2264.4
1106210 2267.0
1106220 2267.0
1106230 2269.1
1106240 2270.7
1106250 2270.7
1106260 2271.6
1106270 2273.1
1106280 2273.1
1106290 2274.1
1106300 2275.2
1106310 2275.2
1106320 2276.4
1106330 2277.9
1106340 2278.5
1106350 2278.5
1106360 2279.2
1106370 2279.8
1106380 2279.8
1106390 2281.1
1106400 2282.3
1106410 2282.3
1106420 2282.8
1106430 2283.7
1106440 2283.7
1106450 2284.8
1106460 2285.6
1106470 2285.6
1106480 2286.4
1106490 2287.0
1106500 2287.0
1106510 2288.4
1106520 2290.5
1106530 2292.1
1106540 2292.1
1106550 2293.7
1106560 2295.3
1106570 2295.3
1106580 2296.7
1106590 2298.1
1106600 2298.1
1106610 2299.7
1106620 2301.0
1106630 2301.0
1106640 2302.2
1106650 2303.6
1106660 2303.7
1106670 2305.2
1106680 2307.0
1106690 2307.0
1106700 2309.2
1106710 2311.9
1106720 2311.9
1106730 2314.7
1106740 2317.4
1106750 2320.3
1106760 2320.3
1106770 2323.1
1106780 2326.4
1106790 2326.4
1106800 2330.3
1106810 2334.7
1106820 2334.7
1106830 2339.9
1106840 2345.3
1106850 2345.3
1106860 2350.2
1106870 2353.8
1106880 2353.8
1106890 2355.8
1106900 2357.1
1106910 2357.1
1106920 2357.8
1106930 2358.4
1106940 2359.1
1106950 2359.1
1106960 2359.9
1106970 2360.4
1106980 2360.4
1106990 2360.6
1107000 2359.9
1107010 2359.9
1107020 2360.3
1107030 2360.8
1107040 2360.8
1107050 2361.1
1107060 2361.4
1107070 2361.4
1107080 2361.9
1107090 2362.4
1107100 2362.4
1107110 2362.9
1107120 2363.5
1107130 2364.1
1107140 2364.1
1107150 2364.7
1107160 2365.4
1107170 2365.4
1107180 2366.2
1107190 2367.1
1107200 2367.1
1107210 2368.6
1107220 2370.6
1107230 2370.6
1107240 2372.8
1107250 2374.3
1107260 2374.3
1107270 2375.7
1107280 2378.0
1107290 2378.0
1107300 2380.3
1107310 2383.4
1107320 2383.4
1107330 2384.3
1107340 2387.2
1107350 2389.9
1107360 2389.9
1107370 2393.1
1107380 2396.4
1107390 2396.4
1107400 2400.0
1107410 2403.1
1107420 2403.1
1107430 2404.4
1107440 2407.0
1107450 2407.0
1107460 2411.7
1107470 2417.6
1107480 2417.6
1107490 2423.8
1107500 2430.7
1107510 2430.7
1107520 2437.6
1107530 2444.8
1107540 2451.8
1107550 2451.8
1107560 2458.8
1107570 2466.0
1107580 2466.0
1107590 2473.0
1107600 2479.3
1107610 2479.3
1107620 2485.0
1107630 2491.2
1107640 2491.2
1107650 2495.9
1107660 2499.1
1107670 2501.4
1107680 2505.7
1107690 2511.9
1107700 2511.9
1107710 2516.5
1107720 2515.2
1107730 2512.3
1107740 2512.3
1107750 2508.0
1107760 2506.1
1107770 2506.1
1107780 2506.9
1107790 2507.3
1107800 2507.3
1107810 2508.4
1107820 2509.4
1107830 2509.4
1107840 2510.9
1107850 2513.3
1107860 2513.3
1107870 2515.8
1107880 2518.9
1107890 2518.9
1107900 2521.0
1107910 2519.2
1107920 2519.2
1107930 2515.2
1107940 2507.4
1107950 2501.6
1107960 2501.6
1107970 2498.4
1107980 2495.5
1107990 2495.5
1108000 2498.4
1108010 2493.9
1108020 2493.9
1108030 2489.3
1108040 2485.3
1108050 2485.3
1108060 2481.8
1108070 2477.4
1108080 2477.4
1108090 2476.5
1108100 2476.6
1108110 2476.6
1108120 2474.6
1108130 2473.2
1108140 2475.0
1108150 2475.0
1108160 2475.3
1108170 2472.0
1108180 2472.0
1108190 2470.8
1108200 2469.6
1108210 2469.6
1108220 2471.2
1108230 2472.3
1108240 2472.3
1108250 2471.2
1108260 2463.8
1108270 2463.8
1108280 2460.7
1108290 2455.9
1108300 2455.9
1108310 2451.9
1108320 2446.6
1108330 2441.8
1108340 2449.0
1108350 2445.9
1108360 2440.5
1108370 2440.5
1108380 2429.9
1108390 2420.8
1108400 2420.8
1108410 2414.9
1108420 2412.2
1108430 2412.2
1108440 2408.3
1108450 2398.1
1108460 2398.1
1108470 2377.6
1108480 2370.9
1108490 2370.9
1108500 2367.5
1108510 2364.9
1108520 2364.9
1108530 2361.1
1108540 2356.6
1108550 2353.9
1108560 2353.9
1108570 2348.1
1108580 2344.7
1108590 2344.7
1108600 2345.7
1108610 2346.9
1108620 2346.9
1108630 2348.0
1108640 2353.0
1108650 2353.0
1108660 2355.2
1108670 2357.9
1108680 2362.9
1108690 2364.7
1108700 2366.2
1108710 2366.2
1108720 2365.5
1108730 2366.1
1108740 2367.4
1108750 2367.4
1108760 2369.0
1108770 2369.5
1108780 2369.5
1108790 2368.7
1108800 2367.6
1108810 2367.6
1108820 2366.6
1108830 2365.8
1108840 2365.8
1108850 2369.3
1108860 2370.3
1108870 2370.3
1108880 2371.8
1108890 2373.3
1108900 2373.3
1108910 2374.7
1108920 2376.6
1108930 2377.0
1108940 2377.0
1108950 2378.8
1108960 2380.4
1108970 2380.4
1108980 2381.3
1108990 2380.6
1109000 2380.6
1109010 2386.6
1109020 2388.3
1109030 2388.3
1109040 2385.1
1109050 2375.2
1109060 2375.2
1109070 2363.4
1109080 2354.1
1109090 2354.1
1109100 2344.9
1109110 2336.9
1109120 2336.9
1109130 2329.9
1109140 2323.3
1109150 2317.0
1109160 2317.0
1109170 2311.3
1109180 2306.0
1109190 2306.0
1109200 2301.2
1109210 2295.9
1109220 2295.9
1109230 2291.6
1109240 2287.9
1109250 2287.9
1109260 2282.8
1109270 2279.4
1109280 2279.4
1109290 2277.8
1109300 2280.0
1109310 2280.0
1109320 2282.3
1109330 2285.5
1109340 2287.4
1109350 2287.9
1109360 2285.8
1109370 2283.7
1109380 2283.7
1109390 2284.8
1109400 2286.6
1109410 2286.6
1109420 2287.1
1109430 2286.5
1109440 2286.5
1109450 2284.2
1109460 2280.8
1109470 2280.8
1109480 2279.1
1109490 2277.4
1109500 2277.4
1109510 2276.3
1109520 2276.0
1109530 2276.5
1109540 2276.5
1109550 2277.0
1109560 2277.0
1109570 2277.0
1109580 2276.3
1109590 2276.1
1109600 2276.1
1109610 2276.2
1109620 2275.7
1109630 2275.7
1109640 2274.1
1109650 2272.2
1109660 2272.2
1109670 2270.7
1109680 2269.1
1109690 2270.7
1109700 2269.6
1109710 2269.0
1109720 2269.0
1109730 2268.7
1109740 2267.3
1109750 2265.3
1109760 2265.3
1109770 2263.6
1109780 2262.3
1109790 2262.3
1109800 2261.7
1109810 2260.5
1109820 2260.5
1109830 2259.5
1109840 2258.5
1109850 2258.5
1109860 2256.4
1109870 2253.7
1109880 2253.7
1109890 2252.1
1109900 2250.9
1109910 2250.9
1109920 2250.9
1109930 2250.1
1109940 2248.2
1109950 2248.2
1109960 2246.6
1109970 2245.1
1109980 2245.1
1109990 2245.9
1110000 2246.0
1110010 2246.0
1110020 2245.6
1110030 2247.0
1110040 2247.0
1110050 2246.0
1110060 2245.0
1110070 2245.0
1110080 2243.6
1110090 2242.0
1110100 2242.0
1110110 2239.4
1110120 2234.9
1110130 2230.9
1110140 2230.9
1110150 2232.3
1110160 2233.5
1110170 2233.5
1110180 2232.8
1110190 2232.1
1110200 2232.1
1110210 2232.6
1110220 2233.6
1110230 2233.6
1110240 2233.5
1110250 2233.0
1110260 2233.0
1110270 2236.3
1110280 2240.1
1110290 2240.1
1110300 2242.7
1110310 2245.9
1110320 2245.9
1110330 2249.4
1110340 2255.3
1110350 2261.6
1110360 2263.2
1110370 2269.9
1110380 2277.6
1110390 2277.6
1110400 2284.5
1110410 2291.9
1110420 2291.9
1110430 2299.2
1110440 2303.2
1110450 2303.2
1110460 2307.2
1110470 2310.9
1110480 2310.9
1110490 2314.0
1110500 2316.5
1110510 2316.5
1110520 2319.5
1110530 2322.5
1110540 2324.7
1110550 2324.7
1110560 2326.3
1110570 2328.7
1110580 2328.7
1110590 2331.6
1110600 2334.7
1110610 2334.7
1110620 2338.1
1110630 2341.4
1110640 2341.4
1110650 2344.9
1110660 2349.2
1110670 2349.2
1110680 2352.8
1110690 2354.7
1110700 2359.4
1110710 2360.8
1110720 2361.6
1110730 2362.4
1110740 2362.4
1110750 2364.3
1110760 2366.2
1110770 2366.2
1110780 2368.5
1110790 2370.8
1110800 2370.8
1110810 2373.5
1110820 2377.2
1110830 2377.2
1110840 2380.2
1110850 2383.3
1110860 2383.3
1110870 2386.8
1110880 2390.0
1110890 2390.0
1110900 2392.5
1110910 2393.4
1110920 2393.4
1110930 2394.2
1110940 2394.2
1110950 2395.8
1110960 2395.8
1110970 2399.7
1110980 2403.7
1110990 2403.7
1111000 2407.2
1111010 2409.6
1111020 2409.6
1111030 2411.1
1111040 2412.7
1111050 2412.7
1111060 2414.0
1111070 2414.7
1111080 2414.7
1111090 2415.2
1111100 2416.4
1111110 2416.4
1111120 2417.8
1111130 2419.8
1111140 2423.1
1111150 2423.1
1111160 2428.5
1111170 2435.3
1111180 2435.3
1111190 2442.4
1111200 2450.2
1111210 2450.2
1111220 2458.3
1111230 2466.2
1111240 2466.2
1111250 2478.2
1111260 2487.8
1111270 2487.8
1111280 2496.0
1111290 2497.7
1111300 2497.7
1111310 2498.7
1111320 2504.6
1111330 2515.4
1111340 2515.4
1111350 2527.7
1111360 2537.3
1111370 2537.3
1111380 2549.2
1111390 2545.8
1111400 2545.8
1111410 2533.4
1111420 2523.1
1111430 2523.1
1111440 2506.8
1111450 2493.8
1111460 2493.8
1111470 2479.2
1111480 2472.5
1111490 2472.5
1111500 2465.7
1111510 2458.7
1111520 2458.7
1111530 2451.6
1111540 2445.1
1111550 2438.7
1111560 2438.7
1111570 2432.4
1111580 2426.6
1111590 2426.6
1111600 2421.5
1111610 2417.7
1111620 2417.7
1111630 2415.1
1111640 2411.8
1111650 2411.8
1111660 2408.2
1111670 2406.0
1111680 2406.0
1111690 2402.8
1111700 2401.4
1111710 2401.4
1111720 2403.4
1111730 2403.2
1111740 2401.8
1111750 2401.8
1111760 2400.3
1111770 2397.8
1111780 2397.8
1111790 2394.7
1111800 2392.9
1111810 2392.9
1111820 2392.1
1111830 2391.8
1111840 2391.8
1111850 2391.7
1111860 2390.3
1111870 2390.3
1111880 2386.9
1111890 2383.0
1111900 2383.0
1111910 2379.9
1111920 2378.1
1111930 2376.5
1111940 2376.5
1111950 2374.8
1111960 2372.3
1111970 2372.3
1111980 2367.6
1111990 2361.5
1112000 2361.5
1112010 2355.8
1112020 2351.1
1112030 2351.1
1112040 2346.3
1112050 2341.9
1112060 2343.9
1112070 2339.7
1112080 2335.8
1112090 2335.8
1112100 2332.4
1112110 2329.8
1112120 2329.8
1112130 2325.7
1112140 2321.7
1112150 2316.3
1112160 2316.3
1112170 2311.9
1112180 2310.0
1112190 2310.0
1112200 2308.3
1112210 2306.7
1112220 2306.7
1112230 2304.5
1112240 2301.9
1112250 2301.9
1112260 2298.3
1112270 2298.3
1112280 2298.3
1112290 2299.9
1112300 2300.0
1112310 2300.0
1112320 2300.1
1112330 2300.1
1112340 2300.3
1112350 2300.3
1112360 2301.0
1112370 2301.8
1112380 2301.8
1112390 2302.7
1112400 2312.2
1112410 2312.2
1112420 2315.6
1112430 2319.0
1112440 2319.0
1112450 2322.4
1112460 2326.3
1112470 2326.3
1112480 2329.5
1112490 2331.1
1112500 2331.1
1112510 2332.3
1112520 2333.0
1112530 2332.9
1112540 2332.9
1112550 2332.9
1112560 2332.4
1112570 2332.4
1112580 2331.6
1112590 2330.7
1112600 2330.7
1112610 2328.8
1112620 2327.1
1112630 2327.1
1112640 2326.1
1112650 2324.7
1112660 2324.7
1112670 2320.1
1112680 2312.7
1112690 2312.7
1112700 2303.9
1112710 2294.9
1112720 2294.9
1112730 2281.2
1112740 2277.0
1112750 2264.0
1112760 2264.0
1112770 2249.6
1112780 2235.9
1112790 2235.9
1112800 2222.9
1112810 2216.0
1112820 2216.0
1112830 2210.4
1112840 2204.2
1112850 2204.2
1112860 2197.9
1112870 2191.7
1112880 2191.7
1112890 2185.3
1112900 2179.4
1112910 2179.4
1112920 2174.1
1112930 2170.1
1112940 2164.0
1112950 2164.0
1112960 2156.0
1112970 2146.0
1112980 2146.0
1112990 2134.2
1113000 2129.0
1113010 2129.0
1113020 2124.6
1113030 2119.7
1113040 2119.7
1113050 2107.3
1113060 2086.4
1113070 2086.4
1113080 2064.4
1113090 2055.1
1113100 2055.1
1113110 2047.6
1113120 2036.0
1113130 2021.5
1113140 2021.5
1113150 2013.3
1113160 2005.3
1113170 2005.3
1113180 1992.0
1113190 1977.9
1113200 1977.9
1113210 1969.1
1113220 1960.8
1113230 1960.8
1113240 1952.8
1113250 1945.1
1113260 1945.1
1113270 1937.2
1113280 1929.1
1113290 1929.1
1113300 1922.3
1113310 1915.8
1113320 1908.7
1113330 1908.7
1113340 1901.8
1113350 1895.1
1113360 1895.1
1113370 1888.4
1113380 1882.7
1113390 1882.7
1113400 1877.1
1113410 1871.6
1113420 1873.8
1113430 1868.8
1113440 1864.1
1113450 1864.1
1113460 1859.9
1113470 1856.5
1113480 1856.5
1113490 1855.0
1113500 1856.5
1113510 1856.5
1113520 1857.6
1113530 1859.0
1113540 1860.3
1113550 1860.3
1113560 1861.3
1113570 1863.1
1113580 1863.1
1113590 1865.1
1113600 1868.1
1113610 1868.1
1113620 1872.0
1113630 1876.7
1113640 1876.7
1113650 1881.6
1113660 1887.3
1113670 1887.3
1113680 1893.3
1113690 1899.9
1113700 1899.9
1113710 1906.5
1113720 1913.4
1113730 1919.6
1113740 1919.6
1113750 1925.8
1113760 1935.3
1113770 1935.3
1113780 1940.7
1113790 1947.9
1113800 1947.9
1113810 1960.5
1113820 1971.6
1113830 1971.6
1113840 1979.6
1113850 1987.6
1113860 1987.6
1113870 1996.8
1113880 2003.9
1113890 2003.9
1113900 2013.3
1113910 2027.0
1113920 2041.4
1113930 2041.4
1113940 2048.9
1113950 2055.5
1113960 2055.5
1113970 2061.1
1113980 2067.5
1113990 2067.5
1114000 2072.0
1114010 2076.9
1114020 2076.9
1114030 2082.0
1114040 2087.4
1114050 2087.4
1114060 2093.6
1114070 2099.5
1114080 2099.5
1114090 2105.4
1114100 2112.7
1114110 2112.7
1114120 2116.1
1114130 2117.6
1114140 2119.1
1114150 2119.1
1114160 2120.1
1114170 2123.8
1114180 2123.8
1114190 2128.4
1114200 2132.9
1114210 2132.9
1114220 2136.2
1114230 2139.6
1114240 2139.6
1114250 2143.9
1114260 2148.8
1114270 2148.8
1114280 2153.2
1114290 2158.2
1114300 2158.2
1114310 2163.9
1114320 2169.1
1114330 2173.3
1114340 2173.3
1114350 2176.6
1114360 2179.3
1114370 2179.3
1114380 2182.4
1114390 2185.8
1114400 2185.8
1114410 2189.4
1114420 2193.1
1114430 2193.1
1114440 2202.5
1114450 2206.5
1114460 2206.5
1114470 2211.6
1114480 2216.8
1114490 2216.8
1114500 2221.5
1114510 2226.0
1114520 2230.6
1114530 2230.6
1114540 2232.6
1114550 2235.8
1114560 2235.8
1114570 2242.2
1114580 2244.6
1114590 2244.6
1114600 2247.4
1114610 2252.1
1114620 2252.1
1114630 2257.2
1114640 2261.6
1114650 2261.6
1114660 2265.4
1114670 2268.9
1114680 2268.9
1114690 2272.2
1114700 2275.4
1114710 2275.4
1114720 2278.6
1114730 2281.7
1114740 2284.7
1114750 2284.7
1114760 2288.0
1114770 2291.4
1114780 2295.8
1114790 2299.1
1114800 2302.9
1114810 2302.9
1114820 2306.7
1114830 2311.7
1114840 2311.7
1114850 2316.3
1114860 2321.4
1114870 2321.4
1114880 2327.2
1114890 2332.4
1114900 2332.4
1114910 2337.4
1114920 2342.2
1114930 2346.5
1114940 2346.5
1114950 2350.3
1114960 2354.5
1114970 2354.5
1114980 2358.2
1114990 2361.4
1115000 2361.4
1115010 2364.3
1115020 2366.7
1115030 2366.7
1115040 2368.0
1115050 2369.6
1115060 2369.6
1115070 2373.9
1115080 2379.4
1115090 2379.4
1115100 2384.4
1115110 2389.0
1115120 2398.2
1115130 2398.2
1115140 2403.1
1115150 2408.0
1115160 2408.0
1115170 2412.7
1115180 2417.6
1115190 2417.6
1115200 2422.8
1115210 2428.8
1115220 2428.8
1115230 2436.4
1115240 2444.0
1115250 2444.0
1115260 2450.9
1115270 2455.9
1115280 2455.9
1115290 2459.5
1115300 2463.6
1115310 2463.6
1115320 2467.7
1115330 2471.2
1115340 2475.0
1115350 2475.0
1115360 2476.6
1115370 2473.5
1115380 2473.5
1115390 2475.2
1115400 2483.7
1115410 2483.7
1115420 2491.3
1115430 2496.4
1115440 2496.4
1115450 2499.4
1115460 2502.1
1115470 2508.9
1115480 2511.6
1115490 2513.4
1115500 2513.4
1115510 2514.4
1115520 2514.2
1115530 2512.3
1115540 2512.3
1115550 2513.0
1115560 2514.2
1115570 2514.2
1115580 2520.6
1115590 2526.9
1115600 2526.9
1115610 2532.9
1115620 2535.9
1115630 2535.9
1115640 2536.2
1115650 2536.7
1115660 2536.7
1115670 2540.8
1115680 2544.3
1115690 2544.3
1115700 2544.8
1115710 2544.9
1115720 2548.8
1115730 2548.8
1115740 2555.4
1115750 2561.7
1115760 2561.7
1115770 2564.8
1115780 2565.8
1115790 2565.8
1115800 2567.9
1115810 2576.9
1115820 2576.9
1115830 2578.2
1115840 2578.5
1115850 2578.5
1115860 2578.6
1115870 2578.8
1115880 2578.8
1115890 2579.6
1115900 2578.5
1115910 2578.5
1115920 2569.9
1115930 2560.8
1115940 2549.8
1115950 2549.8
1115960 2541.9
1115970 2531.9
1115980 2531.9
1115990 2514.2
1116000 2503.7
1116010 2503.7
1116020 2496.8
1116030 2490.8
1116040 2490.8
1116050 2484.2
1116060 2478.3
1116070 2478.3
1116080 2473.1
1116090 2468.0
1116100 2468.0
1116110 2462.7
1116120 2457.8
1116130 2453.0
1116140 2453.0
1116150 2449.1
1116160 2444.6
1116170 2444.6
1116180 2440.5
1116190 2437.0
1116200 2437.0
1116210 2435.0
1116220 2433.8
1116230 2433.8
1116240 2433.0
1116250 2432.0
1116260 2432.0
1116270 2430.6
1116280 2429.6
1116290 2429.6
1116300 2428.6
1116310 2425.1
1116320 2419.2
1116330 2419.2
1116340 2413.6
1116350 2403.1
1116360 2403.1
1116370 2393.3
1116380 2386.3
1116390 2386.3
1116400 2381.0
1116410 2374.1
1116420 2374.1
1116430 2372.1
1116440 2372.3
1116450 2372.3
1116460 2366.2
1116470 2361.8
1116480 2361.8
1116490 2356.3
1116500 2365.3
1116510 2365.3
1116520 2350.6
1116530 2341.3
1116540 2324.4
1116550 2324.4
1116560 2313.2
1116570 2310.5
1116580 2310.5
1116590 2306.7
1116600 2302.2
1116610 2302.2
1116620 2297.7
1116630 2291.9
1116640 2291.9
1116650 2286.8
1116660 2283.5
1116670 2283.5
1116680 2279.3
1116690 2278.2
1116700 2278.2
1116710 2272.4
1116720 2266.0
1116730 2262.8
1116740 2262.8
1116750 2260.4
1116760 2257.8
1116770 2257.8
1116780 2255.4
1116790 2255.5
1116800 2255.5
1116810 2255.7
1116820 2251.4
1116830 2251.4
1116840 2250.5
1116850 2247.6
1116860 2247.6
1116870 2230.1
1116880 2211.4
1116890 2211.4
1116900 2207.4
1116910 2204.4
1116920 2201.6
1116930 2201.6
1116940 2199.3
1116950 2197.1
1116960 2197.1
1116970 2195.4
1116980 2193.2
1116990 2193.2
1117000 2191.1
1117010 2189.2
1117020 2189.2
1117030 2188.0
1117040 2187.5
1117050 2187.5
1117060 2186.8
1117070 2186.3
1117080 2186.3
1117090 2188.7
1117100 2190.9
1117110 2190.9
1117120 2192.8
1117130 2194.3
1117140 2194.9
1117150 2194.9
1117160 2193.7
1117170 2190.5
1117180 2190.5
1117190 2195.3
1117200 2195.7
1117210 2195.7
1117220 2198.9
1117230 2201.5
1117240 2201.5
1117250 2204.1
1117260 2210.0
1117270 2210.0
1117280 2206.6
1117290 2212.1
1117300 2212.1
1117310 2211.4
1117320 2208.2
1117330 2205.4
1117340 2205.4
1117350 2191.5
1117360 2183.4
1117370 2183.4
1117380 2175.3
1117390 2169.1
1117400 2169.1
1117410 2165.0
1117420 2163.1
1117430 2163.1
1117440 2164.7
1117450 2166.9
1117460 2166.9
1117470 2168.6
1117480 2171.1
1117490 2171.1
1117500 2174.9
1117510 2177.7
1117520 2180.5
1117530 2182.4
1117540 2180.6
1117550 2174.8
1117560 2174.8
1117570 2168.6
1117580 2166.7
1117590 2166.7
1117600 2166.1
1117610 2165.2
1117620 2165.2
1117630 2164.6
1117640 2160.4
1117650 2160.4
1117660 2157.5
1117670 2156.3
1117680 2156.3
1117690 2158.3
1117700 2160.6
1117710 2160.6
1117720 2160.6
1117730 2160.5
1117740 2157.7
1117750 2157.7
1117760 2149.4
1117770 2142.9
1117780 2142.9
1117790 2130.6
1117800 2122.7
1117810 2122.7
1117820 2116.6
1117830 2112.1
1117840 2112.1
1117850 2107.7
1117860 2101.6
1117870 2099.0
1117880 2093.1
1117890 2087.5
1117900 2087.5
1117910 2082.5
1117920 2078.9
1117930 2074.4
1117940 2074.4
1117950 2069.5
1117960 2063.7
1117970 2063.7
1117980 2057.6
1117990 2052.6
1118000 2052.6
1118010 2050.0
1118020 2048.7
1118030 2048.7
1118040 2048.3
1118050 2044.6
1118060 2044.6
1118070 2037.5
1118080 2030.6
1118090 2030.6
1118100 2024.5
1118110 2018.9
1118120 2014.6
1118130 2014.6
1118140 2011.7
1118150 2005.1
1118160 2005.1
1118170 1993.2
1118180 1983.3
1118190 1983.3
1118200 1975.6
1118210 1968.1
1118220 1964.3
1118230 1956.2
1118240 1948.5
1118250 1948.5
1118260 1941.6
1118270 1933.4
1118280 1933.4
1118290 1924.7
1118300 1914.4
1118310 1905.9
1118320 1905.9
1118330 1898.9
1118340 1892.5
1118350 1892.5
1118360 1885.1
1118370 1878.4
1118380 1878.4
1118390 1872.8
1118400 1868.1
1118410 1868.1
1118420 1863.5
1118430 1859.8
1118440 1859.8
1118450 1855.6
1118460 1851.8
1118470 1851.8
1118480 1848.4
1118490 1844.8
1118500 1844.8
1118510 1840.8
1118520 1838.1
1118530 1834.8
1118540 1834.8
1118550 1832.3
1118560 1829.1
1118570 1830.8
1118580 1827.4
1118590 1824.1
1118600 1824.1
1118610 1821.3
1118620 1819.6
1118630 1819.6
1118640 1817.3
1118650 1814.2
1118660 1814.2
1118670 1812.1
1118680 1808.5
1118690 1808.5
1118700 1805.7
1118710 1803.4
1118720 1799.9
1118730 1799.9
1118740 1797.2
1118750 1794.1
1118760 1794.1
1118770 1790.9
1118780 1788.7
1118790 1788.7
1118800 1785.5
1118810 1783.0
1118820 1783.0
1118830 1782.2
1118840 1781.5
1118850 1781.5
1118860 1779.7
1118870 1778.3
1118880 1778.3
1118890 1777.2
1118900 1775.0
1118910 1773.8
1118920 1773.8
1118930 1770.8
1118940 1766.7
1118950 1766.7
1118960 1764.7
1118970 1762.6
1118980 1762.6
1118990 1760.2
1119000 1757.3
1119010 1757.3
1119020 1759.3
1119030 1764.5
1119040 1764.5
1119050 1767.7
1119060 1767.0
1119070 1767.0
1119080 1769.3
1119090 1773.1
1119100 1773.1
1119110 1777.1
1119120 1781.7
1119130 1783.8
1119140 1783.8
1119150 1787.7
1119160 1792.0
1119170 1792.0
1119180 1797.1
1119190 1799.6
1119200 1799.6
1119210 1804.8
1119220 1808.2
1119230 1808.2
1119240 1809.7
1119250 1812.1
1119260 1813.2
1119270 1815.2
1119280 1818.1
1119290 1818.1
1119300 1823.6
1119310 1826.7
1119320 1828.7
1119330 1828.7
1119340 1829.1
1119350 1827.2
1119360 1827.2
1119370 1827.8
1119380 1831.2
1119390 1831.2
1119400 1832.6
1119410 1833.8
1119420 1833.8
1119430 1836.7
1119440 1839.0
1119450 1839.0
1119460 1841.4
1119470 1843.1
1119480 1843.1
1119490 1844.6
1119500 1847.0
1119510 1850.2
1119520 1850.2
1119530 1853.3
1119540 1856.9
1119550 1856.9
1119560 1861.9
1119570 1865.4
1119580 1865.4
1119590 1868.6
1119600 1873.1
1119610 1873.1
1119620 1875.6
1119630 1878.3
1119640 1878.3
1119650 1880.4
1119660 1881.6
1119670 1881.6
1119680 1883.3
1119690 1885.0
1119700 1885.0
1119710 1887.3
1119720 1889.9
1119730 1893.9
1119740 1893.9
1119750 1897.1
1119760 1900.7
1119770 1900.7
1119780 1904.4
1119790 1907.9
1119800 1907.9
1119810 1910.8
1119820 1912.6
1119830 1912.6
1119840 1915.8
1119850 1919.9
1119860 1919.9
1119870 1923.0
1119880 1926.9
1119890 1926.9
1119900 1930.3
1119910 1935.3
1119920 1941.7
1119930 1941.7
1119940 1948.8
1119950 1953.1
1119960 1953.1
1119970 1959.6
1119980 1967.9
1119990 1967.9
