1100000 2497.4
1100010 2493.2
1100020 2489.7
1100030 2489.7
1100040 2485.8
1100050 2481.9
1100060 2481.9
1100070 2479.4
1100080 2477.4
1100090 2475.1
1100100 2475.1
1100110 2472.6
1100120 2470.4
1100130 2470.4
1100140 2467.7
1100150 2465.7
1100160 2465.7
1100170 2462.9
1100180 2461.0
1100190 2461.0
1100200 2460.6
1100210 2459.8
1100220 2459.8
1100230 2458.1
1100240 2455.7
1100250 2449.9
1100260 2447.8
1100270 2445.3
1100280 2445.3
1100290 2441.5
1100300 2437.7
1100310 2435.1
1100320 2435.1
1100330 2432.6
1100340 2431.8
1100350 2431.8
1100360 2431.4
1100370 2429.7
1100380 2429.7
1100390 2428.3
1100400 2426.8
1100410 2426.8
1100420 2424.5
1100430 2422.4
1100440 2422.4
1100450 2420.3
1100460 2418.3
1100470 2418.3
1100480 2417.1
1100490 2416.2
1100500 2413.5
1100510 2413.5
1100520 2410.5
1100530 2407.4
1100540 2407.4
1100550 2407.4
1100560 2407.3
1100570 2407.3
1100580 2403.2
1100590 2403.9
1100600 2403.9
1100610 2402.3
1100620 2401.3
1100630 2401.3
1100640 2401.9
1100650 2402.7
1100660 2402.7
1100670 2404.0
1100680 2403.1
1100690 2403.1
1100700 2402.7
1100710 2403.3
1100720 2404.9
1100730 2404.9
1100740 2405.9
1100750 2407.9
1100760 2407.9
1100770 2411.2
1100780 2412.2
1100790 2412.2
1100800 2412.4
1100810 2412.2
1100820 2412.2
1100830 2412.7
1100840 2412.0
1100850 2412.0
1100860 2410.9
1100870 2410.8
1100880 2410.8
1100890 2410.0
1100900 2407.7
1100910 2405.4
1100920 2405.4
1100930 2402.9
1100940 2404.3
1100950 2404.3
1100960 2405.4
1100970 2405.7
1100980 2405.7
1100990 2406.9
1101000 2408.4
1101010 2408.4
1101020 2408.2
1101030 2404.5
1101040 2404.5
1101050 2398.2
1101060 2391.3
1101070 2391.3
1101080 2384.7
1101090 2378.9
1101100 2376.2
1101110 2376.2
1101120 2375.1
1101130 2375.0
1101140 2375.0
1101150 2375.3
1101160 2375.6
1101170 2375.6
1101180 2376.9
1101190 2376.1
1101200 2376.1
1101210 2375.7
1101220 2375.1
1101230 2375.1
1101240 2373.1
1101250 2373.5
1101260 2373.5
1101270 2372.9
1101280 2371.0
1101290 2371.0
1101300 2370.4
1101310 2371.2
1101320 2369.3
1101330 2369.3
1101340 2366.0
1101350 2364.9
1101360 2364.9
1101370 2366.3
1101380 2367.0
1101390 2367.0
1101400 2366.6
1101410 2366.4
1101420 2366.4
1101430 2366.3
1101440 2365.6
1101450 2365.6
1101460 2366.2
1101470 2364.5
1101480 2364.5
1101490 2362.8
1101500 2360.8
1101510 2358.7
1101520 2358.7
1101530 2356.2
1101540 2353.0
1101550 2353.0
1101560 2352.1
1101570 2349.9
1101580 2349.9
1101590 2349.7
1101600 2351.1
1101610 2351.1
1101620 2351.2
1101630 2351.0
1101640 2351.0
1101650 2353.8
1101660 2357.0
1101670 2357.0
1101680 2360.0
1101690 2362.8
1101700 2362.8
1101710 2366.2
1101720 2372.1
1101730 2380.3
1101740 2380.3
1101750 2386.4
1101760 2390.3
1101770 2390.3
1101780 2384.3
1101790 2375.7
1101800 2375.7
1101810 2368.7
1101820 2361.1
1101830 2361.1
1101840 2358.5
1101850 2353.1
1101860 2353.1
1101870 2346.8
1101880 2342.6
1101890 2342.6
1101900 2348.5
1101910 2344.4
1101920 2337.0
1101930 2337.0
1101940 2333.5
1101950 2327.4
1101960 2327.4
1101970 2319.7
1101980 2320.8
1101990 2320.8
1102000 2318.4
1102010 2312.7
1102020 2312.7
1102030 2310.2
1102040 2311.6
1102050 2311.6
1102060 2308.6
1102070 2301.7
1102080 2301.7
1102090 2294.0
1102100 2285.8
1102110 2285.8
1102120 2276.5
1102130 2265.9
1102140 2250.5
1102150 2250.5
1102160 2241.4
1102170 2235.3
1102180 2235.3
1102190 2220.9
1102200 2211.5
1102210 2211.5
1102220 2203.3
1102230 2194.1
1102240 2194.1
1102250 2186.7
1102260 2179.7
1102270 2179.7
1102280 2173.2
1102290 2167.1
1102300 2167.1
1102310 2160.6
1102320 2154.2
1102330 2149.6
1102340 2149.6
1102350 2146.7
1102360 2144.0
1102370 2144.0
1102380 2140.9
1102390 2138.6
1102400 2138.6
1102410 2136.7
1102420 2134.5
1102430 2134.5
1102440 2131.7
1102450 2128.9
1102460 2128.9
1102470 2125.9
1102480 2121.5
1102490 2121.5
1102500 2116.1
1102510 2111.0
1102520 2106.9
1102530 2106.9
1102540 2104.4
1102550 2102.1
1102560 2102.2
1102570 2100.2
1102580 2099.5
1102590 2099.5
1102600 2098.5
1102610 2094.1
1102620 2094.1
1102630 2087.1
1102640 2079.7
1102650 2079.7
1102660 2072.4
1102670 2064.9
1102680 2064.9
1102690 2058.4
1102700 2052.7
1102710 2052.7
1102720 2047.1
1102730 2041.8
1102740 2037.1
1102750 2037.1
1102760 2032.0
1102770 2027.0
1102780 2027.0
1102790 2022.3
1102800 2019.5
1102810 2019.5
1102820 2016.2
1102830 2013.1
1102840 2013.1
1102850 2007.4
1102860 2000.8
1102870 2000.8
1102880 1994.2
1102890 1987.0
1102900 1986.4
1102910 1979.7
1102920 1973.3
1102930 1966.7
1102940 1966.7
1102950 1961.6
1102960 1957.2
1102970 1957.2
1102980 1950.2
1102990 1945.0
1103000 1945.0
1103010 1937.2
1103020 1928.1
1103030 1928.1
1103040 1920.3
1103050 1913.8
1103060 1913.8
1103070 1906.5
1103080 1897.4
1103090 1897.4
1103100 1886.8
1103110 1876.6
1103120 1876.6
1103130 1867.8
1103140 1859.6
1103150 1852.7
1103160 1852.7
1103170 1846.3
1103180 1839.9
1103190 1839.9
1103200 1833.3
1103210 1826.9
1103220 1826.9
1103230 1821.6
1103240 1815.4
1103250 1815.4
1103260 1809.3
1103270 1804.8
1103280 1804.8
1103290 1801.3
1103300 1798.4
1103310 1798.4
1103320 1795.5
1103330 1792.2
1103340 1790.3
1103350 1790.3
1103360 1787.9
1103370 1784.1
1103380 1784.1
1103390 1780.5
1103400 1778.4
1103410 1778.4
1103420 1779.3
1103430 1780.6
1103440 1780.6
1103450 1781.8
1103460 1784.8
1103470 1784.8
1103480 1788.2
1103490 1790.5
1103500 1790.5
1103510 1792.7
1103520 1795.8
1103530 1798.6
1103540 1798.6
1103550 1801.1
1103560 1805.3
1103570 1805.3
1103580 1809.0
1103590 1812.6
1103600 1812.6
1103610 1816.2
1103620 1820.0
1103630 1820.0
1103640 1824.3
1103650 1828.4
1103660 1828.4
1103670 1832.3
1103680 1836.6
1103690 1836.6
1103700 1840.9
1103710 1845.5
1103720 1845.5
1103730 1850.4
1103740 1855.6
1103750 1861.1
1103760 1861.1
1103770 1866.5
1103780 1872.3
1103790 1872.3
1103800 1878.1
1103810 1883.7
1103820 1883.7
1103830 1889.3
1103840 1895.0
1103850 1895.0
1103860 1900.8
1103870 1907.1
1103880 1907.1
1103890 1914.6
1103900 1920.6
1103910 1920.6
1103920 1926.8
1103930 1934.8
1103940 1944.3
1103950 1944.3
1103960 1950.1
1103970 1954.7
1103980 1954.7
1103990 1961.4
1104000 1969.2
1104010 1969.2
1104020 1976.8
1104030 1983.5
1104040 1983.5
1104050 1989.1
1104060 1994.8
1104070 1994.8
1104080 2001.0
1104090 2007.2
1104100 2007.2
1104110 2013.8
1104120 2019.9
1104130 2019.9
1104140 2026.6
1104150 2033.6
1104160 2040.4
1104170 2040.4
1104180 2047.6
1104190 2054.5
1104200 2054.5
1104210 2061.2
1104220 2067.9
1104230 2066.8
1104240 2073.5
1104250 2080.3
1104260 2080.3
1104270 2087.2
1104280 2094.2
1104290 2094.2
1104300 2101.4
1104310 2108.9
1104320 2108.9
1104330 2116.3
1104340 2123.1
1104350 2130.3
1104360 2130.3
1104370 2137.8
1104380 2144.6
1104390 2144.6
1104400 2151.7
1104410 2159.0
1104420 2159.0
1104430 2166.8
1104440 2174.4
1104450 2174.4
1104460 2181.4
1104470 2188.9
1104480 2188.9
1104490 2196.7
1104500 2204.7
1104510 2204.7
1104520 2212.9
1104530 2222.3
1104540 2222.3
1104550 2241.0
1104560 2255.7
1104570 2277.6
1104580 2277.6
1104590 2290.3
1104600 2302.9
1104610 2302.9
1104620 2298.9
1104630 2287.5
1104640 2287.5
1104650 2290.4
1104660 2295.5
1104670 2295.5
1104680 2302.0
1104690 2309.6
1104700 2309.6
1104710 2318.6
1104720 2328.7
1104730 2328.7
1104740 2343.0
1104750 2361.8
1104760 2372.2
1104770 2372.2
1104780 2384.1
1104790 2394.1
1104800 2394.1
1104810 2402.5
1104820 2408.9
1104830 2408.9
1104840 2415.6
1104850 2423.0
1104860 2423.0
1104870 2431.5
1104880 2440.1
1104890 2434.2
1104900 2442.9
1104910 2452.3
1104920 2452.3
1104930 2464.2
1104940 2474.6
1104950 2499.5
1104960 2499.5
1104970 2516.2
1104980 2530.9
1104990 2530.9
1105000 2539.7
1105010 2546.2
1105020 2546.2
1105030 2551.4
1105040 2553.4
1105050 2553.4
1105060 2562.1
1105070 2571.9
1105080 2571.9
1105090 2580.8
1105100 2593.7
1105110 2593.7
1105120 2611.2
1105130 2625.8
1105140 2625.8
1105150 2631.1
1105160 2626.9
1105170 2617.0
1105180 2617.0
1105190 2607.6
1105200 2599.3
1105210 2599.3
1105220 2604.3
1105230 2599.8
1105240 2599.8
1105250 2592.3
1105260 2587.9
1105270 2587.9
1105280 2580.0
1105290 2565.8
1105300 2565.8
1105310 2554.9
1105320 2546.3
1105330 2546.3
1105340 2538.6
1105350 2521.7
1105360 2512.8
1105370 2512.8
1105380 2507.2
1105390 2500.3
1105400 2500.3
1105410 2492.8
1105420 2485.8
1105430 2485.8
1105440 2478.8
1105450 2469.9
1105460 2469.9
1105470 2462.1
1105480 2455.7
1105490 2455.7
1105500 2450.4
1105510 2445.4
1105520 2445.4
1105530 2439.9
1105540 2433.2
1105550 2433.2
1105560 2431.5
1105570 2424.7
1105580 2418.5
1105590 2418.5
1105600 2412.3
1105610 2405.3
1105620 2405.3
1105630 2398.4
1105640 2392.1
1105650 2392.1
1105660 2385.4
1105670 2379.1
1105680 2379.1
1105690 2373.5
1105700 2367.7
1105710 2367.7
1105720 2362.2
1105730 2356.7
1105740 2356.7
1105750 2351.6
1105760 2346.9
1105770 2342.1
1105780 2342.1
1105790 2336.5
1105800 2331.5
1105810 2331.5
1105820 2326.4
1105830 2321.2
1105840 2321.2
1105850 2315.9
1105860 2310.9
1105870 2310.9
1105880 2307.3
1105890 2306.2
1105900 2306.2
1105910 2302.9
1105920 2300.3
1105930 2300.3
1105940 2296.9
1105950 2293.1
1105960 2289.6
1105970 2289.6
1105980 2286.4
1105990 2283.0
1106000 2283.0
1106010 2280.3
1106020 2277.0
1106030 2277.0
1106040 2273.9
1106050 2270.7
1106060 2270.7
1106070 2267.3
1106080 2263.7
1106090 2263.7
1106100 2260.2
1106110 2257.6
1106120 2257.6
1106130 2255.6
1106140 2254.5
1106150 2254.5
1106160 2252.5
1106170 2250.2
1106180 2248.8
1106190 2248.8
1106200 2247.2
1106210 2246.0
1106220 2246.0
1106230 2250.0
1106240 2246.7
1106250 2246.7
1106260 2244.9
1106270 2244.0
1106280 2244.0
1106290 2243.7
1106300 2243.3
1106310 2243.3
1106320 2243.3
1106330 2243.6
1106340 2243.6
1106350 2243.7
1106360 2244.2
1106370 2244.1
1106380 2244.1
1106390 2245.8
1106400 2247.6
1106410 2247.6
1106420 2248.1
1106430 2248.0
1106440 2248.0
1106450 2247.4
1106460 2247.4
1106470 2247.4
1106480 2246.2
1106490 2243.7
1106500 2243.7
1106510 2241.4
1106520 2240.1
1106530 2240.1
1106540 2239.6
1106550 2237.6
1106560 2240.4
1106570 2237.8
1106580 2233.5
1106590 2227.7
1106600 2227.7
1106610 2223.4
1106620 2220.2
1106630 2220.2
1106640 2216.5
1106650 2213.5
1106660 2213.5
1106670 2211.5
1106680 2208.6
1106690 2208.6
1106700 2205.6
1106710 2203.3
1106720 2203.3
1106730 2202.3
1106740 2200.1
1106750 2200.1
1106760 2198.1
1106770 2197.5
1106780 2196.2
1106790 2196.2
1106800 2193.6
1106810 2191.0
1106820 2191.0
1106830 2191.0
1106840 2189.7
1106850 2189.7
1106860 2189.2
1106870 2189.3
1106880 2189.3
1106890 2190.4
1106900 2196.1
1106910 2196.1
1106920 2198.4
1106930 2200.9
1106940 2200.9
1106950 2203.0
1106960 2204.5
1106970 2205.9
1106980 2205.9
1106990 2206.4
1107000 2206.5
1107010 2206.5
1107020 2206.9
1107030 2207.5
1107040 2207.5
1107050 2208.5
1107060 2210.5
1107070 2210.5
1107080 2210.9
1107090 2210.7
1107100 2210.7
1107110 2210.5
1107120 2210.5
1107130 2210.5
1107140 2210.7
1107150 2210.3
1107160 2210.3
1107170 2210.8
1107180 2209.9
1107190 2209.1
1107200 2209.1
1107210 2209.9
1107220 2207.6
1107230 2209.3
1107240 2204.7
1107250 2201.9
1107260 2201.9
1107270 2201.0
1107280 2200.3
1107290 2200.3
1107300 2199.8
1107310 2198.5
1107320 2198.5
1107330 2197.1
1107340 2196.4
1107350 2196.4
1107360 2194.8
1107370 2192.2
1107380 2191.8
1107390 2191.8
1107400 2192.8
1107410 2191.0
1107420 2191.0
1107430 2185.9
1107440 2181.4
1107450 2181.4
1107460 2178.8
1107470 2177.2
1107480 2177.2
1107490 2175.0
1107500 2172.5
1107510 2172.5
1107520 2170.5
1107530 2168.6
1107540 2168.6
1107550 2166.2
1107560 2164.1
1107570 2165.6
1107580 2164.4
1107590 2163.2
1107600 2163.1
1107610 2163.1
1107620 2163.2
1107630 2163.5
1107640 2163.5
1107650 2164.4
1107660 2165.0
1107670 2165.0
1107680 2164.9
1107690 2163.7
1107700 2163.7
1107710 2162.4
1107720 2161.3
1107730 2161.3
1107740 2161.6
1107750 2162.6
1107760 2162.6
1107770 2163.3
1107780 2162.9
1107790 2161.3
1107800 2161.3
1107810 2159.4
1107820 2156.8
1107830 2156.8
1107840 2153.5
1107850 2151.1
1107860 2151.1
1107870 2149.4
1107880 2147.4
1107890 2147.4
1107900 2151.0
1107910 2146.2
1107920 2146.2
1107930 2143.5
1107940 2142.1
1107950 2142.1
1107960 2140.5
1107970 2138.9
1107980 2138.9
1107990 2136.1
1108000 2134.4
1108010 2132.5
1108020 2132.5
1108030 2130.2
1108040 2127.7
1108050 2127.7
1108060 2125.8
1108070 2123.4
1108080 2123.4
1108090 2119.9
1108100 2116.8
1108110 2116.8
1108120 2113.6
1108130 2111.0
1108140 2111.0
1108150 2109.1
1108160 2101.5
1108170 2101.5
1108180 2090.1
1108190 2081.7
1108200 2069.1
1108210 2069.1
1108220 2064.9
1108230 2061.4
1108240 2068.4
1108250 2069.6
1108260 2072.4
1108270 2072.4
1108280 2072.8
1108290 2070.8
1108300 2070.8
1108310 2067.4
1108320 2065.6
1108330 2065.6
1108340 2062.2
1108350 2058.9
1108360 2058.9
1108370 2056.0
1108380 2054.0
1108390 2052.5
1108400 2052.5
1108410 2049.4
1108420 2045.9
1108430 2045.9
1108440 2041.3
1108450 2037.1
1108460 2037.1
1108470 2030.7
1108480 2024.0
1108490 2024.0
1108500 2017.0
1108510 2010.4
1108520 2010.4
1108530 2007.1
1108540 2006.0
1108550 2006.0
1108560 2003.8
1108570 2000.1
1108580 2005.6
1108590 2000.0
1108600 1994.6
1108610 1991.4
1108620 1991.4
1108630 1988.7
1108640 1985.3
1108650 1985.3
1108660 1983.8
1108670 1981.8
1108680 1981.8
1108690 1978.1
1108700 1974.0
1108710 1974.0
1108720 1969.7
1108730 1964.6
1108740 1964.6
1108750 1959.3
1108760 1953.0
1108770 1953.0
1108780 1947.9
1108790 1944.4
1108800 1940.5
1108810 1940.5
1108820 1938.2
1108830 1936.3
1108840 1936.3
1108850 1933.2
1108860 1929.3
1108870 1929.3
1108880 1925.6
1108890 1922.1
1108900 1922.1
1108910 1922.6
1108920 1920.0
1108930 1920.0
1108940 1916.8
1108950 1914.0
1108960 1914.0
1108970 1911.9
1108980 1909.9
1108990 1909.9
1109000 1908.4
1109010 1908.2
1109020 1908.7
1109030 1908.7
1109040 1909.6
1109050 1910.3
1109060 1910.3
1109070 1911.9
1109080 1914.0
1109090 1914.0
1109100 1916.5
1109110 1920.4
1109120 1920.4
1109130 1924.9
1109140 1929.3
1109150 1929.3
1109160 1934.0
1109170 1939.2
1109180 1939.2
1109190 1944.2
1109200 1949.2
1109210 1954.3
1109220 1954.3
1109230 1959.2
1109240 1963.8
1109250 1958.5
1109260 1962.7
1109270 1968.2
1109280 1968.2
1109290 1974.7
1109300 1981.7
1109310 1981.7
1109320 1988.7
1109330 1996.1
1109340 1996.1
1109350 2003.2
1109360 2013.9
1109370 2013.9
1109380 2028.8
1109390 2040.3
1109400 2049.4
1109410 2049.4
1109420 2058.1
1109430 2066.0
1109440 2066.0
1109450 2071.3
1109460 2073.6
1109470 2073.6
1109480 2071.2
1109490 2079.0
1109500 2079.0
1109510 2090.0
1109520 2099.0
1109530 2099.0
1109540 2107.6
1109550 2116.7
1109560 2116.7
1109570 2125.1
1109580 2133.5
1109590 2127.6
1109600 2133.1
1109610 2137.2
1109620 2143.2
1109630 2143.2
1109640 2152.0
1109650 2161.3
1109660 2161.3
1109670 2168.5
1109680 2174.5
1109690 2174.5
1109700 2180.0
1109710 2185.3
1109720 2185.3
1109730 2189.3
1109740 2192.6
1109750 2192.6
1109760 2197.8
1109770 2202.1
1109780 2202.1
1109790 2206.6
1109800 2213.0
1109810 2220.1
1109820 2220.1
1109830 2225.8
1109840 2233.3
1109850 2233.3
1109860 2236.3
1109870 2240.0
1109880 2240.0
1109890 2234.4
1109900 2231.0
1109910 2231.0
1109920 2231.5
1109930 2237.5
1109940 2237.5
1109950 2246.5
1109960 2253.4
1109970 2253.4
1109980 2258.4
1109990 2263.8
1110000 2263.8
1110010 2269.7
1110020 2276.6
1110030 2283.3
1110040 2283.3
1110050 2285.6
1110060 2288.3
1110070 2288.3
1110080 2291.7
1110090 2294.9
1110100 2294.9
1110110 2298.2
1110120 2300.3
1110130 2300.3
1110140 2302.8
1110150 2305.3
1110160 2305.3
1110170 2307.1
1110180 2309.6
1110190 2309.6
1110200 2312.6
1110210 2315.0
1110220 2316.9
1110230 2316.9
1110240 2320.1
1110250 2322.8
1110260 2325.6
1110270 2327.8
1110280 2331.0
1110290 2331.0
1110300 2334.5
1110310 2338.3
1110320 2338.3
1110330 2343.6
1110340 2350.1
1110350 2350.1
1110360 2357.3
1110370 2362.9
1110380 2362.9
1110390 2367.0
1110400 2371.9
1110410 2376.9
1110420 2376.9
1110430 2382.5
1110440 2387.7
1110450 2387.7
1110460 2392.1
1110470 2395.6
1110480 2395.6
1110490 2398.1
1110500 2401.9
1110510 2401.9
1110520 2405.7
1110530 2409.7
1110540 2409.7
1110550 2415.0
1110560 2420.7
1110570 2420.7
1110580 2426.2
1110590 2430.9
1110600 2435.9
1110610 2438.6
1110620 2441.4
1110630 2444.4
1110640 2444.4
1110650 2448.0
1110660 2451.2
1110670 2451.2
1110680 2456.5
1110690 2461.3
1110700 2461.3
1110710 2458.5
1110720 2451.7
1110730 2451.7
1110740 2444.9
1110750 2439.0
1110760 2439.0
1110770 2434.9
1110780 2432.7
1110790 2432.7
1110800 2429.1
1110810 2427.5
1110820 2424.7
1110830 2424.7
1110840 2420.3
1110850 2414.8
1110860 2414.8
1110870 2408.5
1110880 2400.3
1110890 2400.3
1110900 2392.6
1110910 2385.8
1110920 2385.8
1110930 2379.9
1110940 2377.7
1110950 2377.7
1110960 2371.4
1110970 2366.7
1110980 2366.7
1110990 2364.9
1111000 2365.7
1111010 2365.7
1111020 2366.5
1111030 2366.4
1111040 2363.0
1111050 2363.0
1111060 2358.9
1111070 2354.2
1111080 2354.2
1111090 2350.3
1111100 2347.4
1111110 2347.4
1111120 2343.4
1111130 2336.2
1111140 2336.2
1111150 2328.5
1111160 2326.7
1111170 2326.7
1111180 2325.0
1111190 2323.2
1111200 2323.2
1111210 2320.1
1111220 2315.1
1111230 2310.2
1111240 2310.2
1111250 2307.5
1111260 2303.3
1111270 2303.3
1111280 2303.7
1111290 2300.7
1111300 2300.7
1111310 2296.6
1111320 2292.9
1111330 2292.9
1111340 2289.9
1111350 2287.8
1111360 2287.8
1111370 2286.4
1111380 2285.9
1111390 2285.9
1111400 2285.4
1111410 2284.8
1111420 2285.0
1111430 2285.0
1111440 2284.7
1111450 2284.1
1111460 2284.1
1111470 2283.8
1111480 2282.0
1111490 2282.0
1111500 2279.4
1111510 2277.1
1111520 2277.1
1111530 2274.4
1111540 2272.3
1111550 2272.3
1111560 2269.9
1111570 2268.2
1111580 2268.2
1111590 2266.3
1111600 2263.7
1111610 2263.7
1111620 2267.1
1111630 2265.4
1111640 2266.3
1111650 2266.3
1111660 2268.7
1111670 2271.2
1111680 2271.2
1111690 2273.1
1111700 2274.1
1111710 2274.1
1111720 2274.9
1111730 2276.3
1111740 2276.3
1111750 2278.0
1111760 2279.2
1111770 2279.2
1111780 2280.7
1111790 2281.7
1111800 2281.7
1111810 2280.8
1111820 2282.8
1111830 2284.0
1111840 2284.0
1111850 2286.3
1111860 2289.9
1111870 2289.9
1111880 2292.1
1111890 2294.7
1111900 2294.7
1111910 2297.0
1111920 2301.2
1111930 2301.2
1111940 2304.7
1111950 2308.0
1111960 2310.6
1111970 2314.5
1111980 2318.6
1111990 2318.6
1112000 2322.9
1112010 2322.5
1112020 2311.9
1112030 2311.9
1112040 2303.0
1112050 2293.5
1112060 2293.5
1112070 2278.2
1112080 2263.7
1112090 2263.7
1112100 2256.1
1112110 2249.0
1112120 2249.0
1112130 2242.9
1112140 2237.2
1112150 2237.2
1112160 2232.2
1112170 2229.4
1112180 2229.4
1112190 2226.6
1112200 2224.1
1112210 2224.1
1112220 2223.3
1112230 2222.7
1112240 2220.7
1112250 2220.7
1112260 2218.0
1112270 2214.4
1112280 2214.4
1112290 2213.0
1112300 2217.1
1112310 2217.1
1112320 2221.6
1112330 2225.6
1112340 2225.6
1112350 2225.0
1112360 2221.1
1112370 2221.1
1112380 2219.1
1112390 2217.7
1112400 2217.7
1112410 2217.5
1112420 2215.8
1112430 2209.8
1112440 2209.8
1112450 2203.3
1112460 2196.8
1112470 2196.8
1112480 2184.2
1112490 2172.0
1112500 2172.0
1112510 2150.9
1112520 2142.4
1112530 2142.4
1112540 2134.3
1112550 2124.1
1112560 2124.1
1112570 2113.6
1112580 2104.8
1112590 2104.8
1112600 2096.8
1112610 2087.9
1112620 2087.9
1112630 2077.5
1112640 2076.2
1112650 2073.6
1112660 2073.6
1112670 2068.6
1112680 2070.1
1112690 2070.1
1112700 2065.7
1112710 2056.3
1112720 2056.3
1112730 2051.2
1112740 2044.8
1112750 2044.8
1112760 2037.6
1112770 2034.1
1112780 2034.1
1112790 2026.5
1112800 2017.3
1112810 2017.3
1112820 2009.2
1112830 2002.5
1112840 2002.3
1112850 2002.3
1112860 1981.2
1112870 1970.8
1112880 1970.8
1112890 1962.0
1112900 1954.2
1112910 1954.2
1112920 1946.6
1112930 1939.0
1112940 1939.0
1112950 1930.9
1112960 1925.0
1112970 1925.0
1112980 1929.6
1112990 1919.5
1113000 1919.5
1113010 1915.3
1113020 1912.4
1113030 1906.4
1113040 1906.4
1113050 1897.5
1113060 1886.2
1113070 1886.2
1113080 1876.3
1113090 1866.4
1113100 1866.4
1113110 1857.9
1113120 1850.2
1113130 1850.2
1113140 1839.5
1113150 1825.4
1113160 1825.4
1113170 1808.8
1113180 1797.7
1113190 1797.7
1113200 1788.0
1113210 1778.3
1113220 1778.3
1113230 1762.2
1113240 1752.7
1113250 1745.3
1113260 1745.3
1113270 1739.2
1113280 1733.5
1113290 1733.5
1113300 1729.3
1113310 1726.0
1113320 1731.0
1113330 1727.6
1113340 1723.2
1113350 1723.2
1113360 1719.0
1113370 1715.6
1113380 1715.6
1113390 1711.6
1113400 1708.1
1113410 1708.1
1113420 1704.4
1113430 1700.1
1113440 1695.7
1113450 1695.7
1113460 1693.4
1113470 1692.2
1113480 1692.2
1113490 1694.7
1113500 1699.1
1113510 1699.1
1113520 1703.3
1113530 1707.0
1113540 1707.0
1113550 1710.5
1113560 1714.4
1113570 1714.4
1113580 1718.5
1113590 1722.8
1113600 1722.8
1113610 1727.2
1113620 1731.6
1113630 1731.6
1113640 1735.6
1113650 1740.2
1113660 1745.3
1113670 1745.3
1113680 1750.3
1113690 1755.2
1113700 1755.2
1113710 1760.5
1113720 1766.0
1113730 1766.0
1113740 1771.2
1113750 1776.9
1113760 1776.9
1113770 1783.1
1113780 1789.5
1113790 1789.5
1113800 1795.2
1113810 1801.2
1113820 1801.2
1113830 1807.3
1113840 1817.3
1113850 1827.3
1113860 1827.3
1113870 1839.9
1113880 1848.1
1113890 1848.1
1113900 1855.9
1113910 1863.9
1113920 1863.9
1113930 1872.2
1113940 1881.9
1113950 1881.9
1113960 1896.5
1113970 1909.8
1113980 1909.8
1113990 1917.6
1114000 1913.6
1114010 1913.6
1114020 1930.0
1114030 1941.1
1114040 1948.5
1114050 1948.5
1114060 1958.1
1114070 1967.4
1114080 1967.4
1114090 1975.4
1114100 1982.9
1114110 1982.9
1114120 1990.6
1114130 1997.9
1114140 1997.9
1114150 2005.5
1114160 2013.2
1114170 2013.2
1114180 2020.0
1114190 2026.6
1114200 2026.6
1114210 2033.9
1114220 2041.2
1114230 2041.2
1114240 2047.2
1114250 2053.9
1114260 2060.8
1114270 2060.8
1114280 2068.1
1114290 2075.8
1114300 2075.8
1114310 2082.4
1114320 2087.4
1114330 2087.4
1114340 2086.1
1114350 2091.2
1114360 2091.2
1114370 2096.8
1114380 2102.3
1114390 2102.3
1114400 2108.2
1114410 2115.0
1114420 2115.0
1114430 2122.1
1114440 2129.4
1114450 2137.6
1114460 2137.6
1114470 2149.1
1114480 2156.0
1114490 2156.0
1114500 2160.2
1114510 2160.1
1114520 2160.1
1114530 2155.3
1114540 2148.5
1114550 2148.5
1114560 2144.8
1114570 2146.3
1114580 2146.3
1114590 2150.3
1114600 2154.4
1114610 2154.4
1114620 2157.7
1114630 2158.5
1114640 2158.5
1114650 2158.1
1114660 2157.3
1114670 2156.4
1114680 2161.2
1114690 2160.2
1114700 2159.3
1114710 2159.3
1114720 2159.7
1114730 2160.5
1114740 2160.5
1114750 2161.1
1114760 2161.8
1114770 2161.8
1114780 2162.6
1114790 2163.4
1114800 2163.4
1114810 2164.5
1114820 2165.9
1114830 2165.9
1114840 2167.5
1114850 2168.4
1114860 2168.9
1114870 2168.9
1114880 2169.9
1114890 2171.3
1114900 2171.3
1114910 2172.1
1114920 2173.0
1114930 2173.0
1114940 2173.7
1114950 2174.2
1114960 2174.2
1114970 2174.8
1114980 2176.2
1114990 2176.2
1115000 2176.7
1115010 2176.6
1115020 2177.1
1115030 2177.3
1115040 2177.3
1115050 2177.7
1115060 2177.7
1115070 2179.0
1115080 2179.9
1115090 2179.9
1115100 2180.6
1115110 2181.7
1115120 2181.7
1115130 2183.2
1115140 2185.4
1115150 2185.4
1115160 2187.6
1115170 2189.9
1115180 2189.9
1115190 2192.1
1115200 2194.4
1115210 2194.4
1115220 2197.0
1115230 2199.7
1115240 2199.7
1115250 2202.4
1115260 2205.7
1115270 2210.5
1115280 2210.5
1115290 2215.4
1115300 2219.8
1115310 2219.8
1115320 2224.5
1115330 2229.1
1115340 2229.1
1115350 2233.8
1115360 2239.3
1115370 2234.3
1115380 2237.7
1115390 2240.5
1115400 2240.5
1115410 2245.0
1115420 2252.4
1115430 2252.4
1115440 2259.6
1115450 2266.0
1115460 2272.2
1115470 2272.2
1115480 2278.2
1115490 2284.8
1115500 2284.8
1115510 2291.7
1115520 2299.2
1115530 2299.2
1115540 2306.7
1115550 2314.4
1115560 2314.4
1115570 2332.1
1115580 2356.8
1115590 2356.8
1115600 2369.3
1115610 2374.9
1115620 2374.9
1115630 2376.3
1115640 2377.2
1115650 2378.9
1115660 2378.9
1115670 2381.4
1115680 2383.5
1115690 2383.5
1115700 2384.9
1115710 2391.0
1115720 2391.0
1115730 2393.4
1115740 2394.6
1115750 2394.6
1115760 2396.9
1115770 2398.4
1115780 2398.4
1115790 2398.8
1115800 2398.5
1115810 2398.5
1115820 2397.8
1115830 2397.0
1115840 2397.0
1115850 2396.4
1115860 2396.2
1115870 2395.7
1115880 2395.7
1115890 2394.6
1115900 2392.6
1115910 2392.6
1115920 2391.0
1115930 2393.3
1115940 2393.3
1115950 2397.1
1115960 2402.6
1115970 2402.6
1115980 2407.2
1115990 2412.5
1116000 2412.5
1116010 2418.6
1116020 2424.8
1116030 2424.8
1116040 2431.3
1116050 2435.9
1116060 2443.4
1116070 2443.4
1116080 2450.5
1116090 2457.6
1116100 2457.6
1116110 2464.3
1116120 2471.2
1116130 2471.2
1116140 2477.7
1116150 2484.2
1116160 2484.2
1116170 2490.6
1116180 2499.6
1116190 2499.6
1116200 2507.4
1116210 2515.0
1116220 2515.0
1116230 2522.8
1116240 2530.5
1116250 2530.5
1116260 2538.6
1116270 2547.8
1116280 2559.1
1116290 2559.1
1116300 2571.2
1116310 2580.5
1116320 2580.5
1116330 2587.6
1116340 2597.1
1116350 2597.1
1116360 2609.1
1116370 2617.5
1116380 2617.5
1116390 2625.0
1116400 2635.1
1116410 2635.1
1116420 2644.4
1116430 2638.3
1116440 2638.3
1116450 2621.4
1116460 2606.7
1116470 2592.5
1116480 2592.5
1116490 2576.2
1116500 2564.7
1116510 2564.7
1116520 2556.8
1116530 2544.8
1116540 2544.8
1116550 2538.9
1116560 2536.0
1116570 2536.0
1116580 2533.7
1116590 2531.9
1116600 2531.9
1116610 2530.2
1116620 2527.9
1116630 2527.9
1116640 2525.2
1116650 2522.3
1116660 2519.4
1116670 2519.4
1116680 2516.9
1116690 2514.7
1116700 2514.7
1116710 2513.1
1116720 2513.7
1116730 2513.7
1116740 2521.5
1116750 2522.5
1116760 2522.5
1116770 2522.9
1116780 2523.2
1116790 2523.2
1116800 2525.4
1116810 2527.8
1116820 2527.8
1116830 2528.8
1116840 2527.6
1116850 2527.6
1116860 2524.9
1116870 2521.2
1116880 2521.4
1116890 2521.4
1116900 2522.1
1116910 2520.1
1116920 2520.1
1116930 2515.7
1116940 2511.8
1116950 2511.8
1116960 2510.8
1116970 2518.5
1116980 2518.5
1116990 2521.8
1117000 2515.7
1117010 2515.7
1117020 2511.4
1117030 2516.1
1117040 2516.1
1117050 2519.7
1117060 2510.4
1117070 2508.3
1117080 2540.6
1117090 2544.7
1117100 2543.7
1117110 2543.7
1117120 2539.8
1117130 2532.6
1117140 2532.6
1117150 2526.1
1117160 2520.1
1117170 2520.1
1117180 2515.5
1117190 2510.2
1117200 2510.2
1117210 2508.0
1117220 2503.3
1117230 2503.3
1117240 2497.3
1117250 2497.4
1117260 2497.4
1117270 2499.6
1117280 2504.5
1117290 2510.1
1117300 2510.1
1117310 2514.0
1117320 2515.7
1117330 2515.7
1117340 2519.6
1117350 2518.1
1117360 2518.1
1117370 2518.2
1117380 2522.8
1117390 2522.8
1117400 2527.9
1117410 2533.2
1117420 2533.2
1117430 2545.4
1117440 2551.9
1117450 2551.9
1117460 2559.0
1117470 2564.5
1117480 2568.6
1117490 2568.6
1117500 2571.7
1117510 2575.3
1117520 2575.3
1117530 2579.5
1117540 2583.9
1117550 2583.9
1117560 2590.8
1117570 2591.2
1117580 2591.2
1117590 2585.5
1117600 2579.6
1117610 2579.6
1117620 2575.5
1117630 2573.1
1117640 2573.1
1117650 2572.2
1117660 2571.0
1117670 2565.7
1117680 2565.7
1117690 2556.3
1117700 2555.3
1117710 2555.3
1117720 2558.1
1117730 2562.3
1117740 2562.3
1117750 2561.9
1117760 2555.5
1117770 2548.9
1117780 2540.1
1117790 2529.8
1117800 2529.8
1117810 2519.4
1117820 2509.4
1117830 2509.4
1117840 2498.4
1117850 2485.1
1117860 2485.1
1117870 2478.5
1117880 2480.7
1117890 2481.5
1117900 2481.5
1117910 2472.8
1117920 2455.5
1117930 2455.5
1117940 2444.0
1117950 2435.4
1117960 2435.4
1117970 2427.4
1117980 2420.4
1117990 2420.4
1118000 2415.8
1118010 2412.8
1118020 2412.8
1118030 2416.1
1118040 2421.4
1118050 2421.4
1118060 2427.3
1118070 2438.8
1118080 2449.3
1118090 2449.3
1118100 2449.1
1118110 2441.6
1118120 2426.1
1118130 2433.5
1118140 2438.5
1118150 2438.5
1118160 2430.7
1118170 2430.5
1118180 2430.5
1118190 2429.0
1118200 2426.8
1118210 2426.8
1118220 2424.1
1118230 2414.7
1118240 2414.7
1118250 2412.6
1118260 2414.9
1118270 2414.9
1118280 2411.8
1118290 2410.9
1118300 2401.9
1118310 2401.9
1118320 2393.1
1118330 2397.8
1118340 2397.8
1118350 2402.9
1118360 2407.4
1118370 2407.4
1118380 2399.6
1118390 2390.1
1118400 2390.1
1118410 2379.5
1118420 2372.1
1118430 2372.1
1118440 2357.2
1118450 2341.2
1118460 2333.9
1118470 2321.2
1118480 2308.2
1118490 2300.3
1118500 2300.3
1118510 2292.9
1118520 2286.6
1118530 2286.6
1118540 2279.3
1118550 2274.4
1118560 2274.4
1118570 2266.6
1118580 2258.3
1118590 2258.3
1118600 2249.7
1118610 2248.9
1118620 2248.9
1118630 2243.2
1118640 2230.0
1118650 2230.0
1118660 2221.7
1118670 2196.1
1118680 2175.1
1118690 2175.1
1118700 2172.3
1118710 2169.2
1118720 2169.2
1118730 2164.1
1118740 2158.4
1118750 2158.4
1118760 2152.7
1118770 2149.2
1118780 2149.2
1118790 2147.5
1118800 2145.1
1118810 2135.3
1118820 2132.7
1118830 2127.3
1118840 2127.3
1118850 2118.9
1118860 2112.7
1118870 2112.7
1118880 2108.4
1118890 2106.4
1118900 2105.0
1118910 2105.0
1118920 2100.6
1118930 2096.4
1118940 2096.4
1118950 2092.7
1118960 2090.4
1118970 2090.4
1118980 2087.2
1118990 2081.5
1119000 2081.5
1119010 2066.1
1119020 2057.3
1119030 2057.3
1119040 2047.6
1119050 2038.9
1119060 2038.9
1119070 2029.4
1119080 2020.3
1119090 2009.3
1119100 2009.3
1119110 1998.9
1119120 1980.0
1119130 1980.0
1119140 1966.0
1119150 1959.8
1119160 1954.6
1119170 1946.6
1119180 1934.2
1119190 1934.2
1119200 1921.7
1119210 1906.0
1119220 1906.0
1119230 1890.3
1119240 1878.3
1119250 1878.3
1119260 1866.3
1119270 1857.1
1119280 1857.1
1119290 1847.5
1119300 1837.9
1119310 1828.8
1119320 1828.8
1119330 1816.8
1119340 1810.9
1119350 1810.9
1119360 1804.9
1119370 1800.8
1119380 1800.8
1119390 1797.2
1119400 1790.5
1119410 1790.5
1119420 1787.3
1119430 1784.9
1119440 1784.9
1119450 1768.7
1119460 1759.1
1119470 1759.1
1119480 1750.2
1119490 1738.1
1119500 1721.3
1119510 1721.3
1119520 1715.0
1119530 1710.3
1119540 1710.3
1119550 1707.8
1119560 1707.4
1119570 1707.4
1119580 1706.6
1119590 1705.0
1119600 1705.0
1119610 1704.0
1119620 1704.7
1119630 1704.7
1119640 1705.4
1119650 1705.2
1119660 1705.2
1119670 1704.7
1119680 1703.7
1119690 1702.8
1119700 1702.8
1119710 1702.2
1119720 1700.7
1119730 1700.7
1119740 1699.3
1119750 1698.8
1119760 1698.8
1119770 1697.7
1119780 1695.8
1119790 1695.8
1119800 1694.3
1119810 1694.6
1119820 1694.6
1119830 1700.4
1119840 1702.9
1119850 1704.7
1119860 1708.5
1119870 1711.1
1119880 1711.1
1119890 1715.3
1119900 1719.5
1119910 1723.6
1119920 1723.6
1119930 1728.0
1119940 1732.2
1119950 1732.2
1119960 1734.1
1119970 1735.1
1119980 1735.1
1119990 1735.2
