1100000 2248.1
1100010 2240.9
1100020 2240.9
1100030 2232.6
1100040 2225.6
1100050 2225.6
1100060 2221.7
1100070 2217.3
1100080 2217.3
1100090 2219.0
1100100 2221.1
1100110 2221.1
1100120 2221.6
1100130 2221.7
1100140 2221.7
1100150 2221.1
1100160 2220.3
1100170 2220.3
1100180 2222.9
1100190 2220.5
1100200 2219.0
1100210 2219.0
1100220 2218.7
1100230 2218.8
1100240 2218.8
1100250 2219.3
1100260 2220.0
1100270 2220.0
1100280 2220.5
1100290 2220.4
1100300 2220.4
1100310 2219.8
1100320 2219.0
1100330 2219.0
1100340 2219.9
1100350 2222.2
1100360 2222.2
1100370 2223.1
1100380 2223.0
1100390 2223.0
1100400 2223.1
1100410 2223.1
1100420 2222.9
1100430 2222.9
1100440 2223.2
1100450 2222.8
1100460 2222.8
1100470 2222.3
1100480 2222.7
1100490 2222.7
1100500 2223.5
1100510 2229.7
1100520 2229.7
1100530 2229.4
1100540 2229.1
1100550 2229.1
1100560 2228.6
1100570 2228.1
1100580 2228.1
1100590 2227.3
1100600 2223.9
1100610 2221.3
1100620 2221.3
1100630 2219.6
1100640 2235.3
1100650 2235.3
1100660 2249.7
1100670 2258.3
1100680 2258.3
1100690 2261.2
1100700 2255.4
1100710 2255.4
1100720 2250.3
1100730 2241.9
1100740 2241.9
1100750 2234.3
1100760 2229.4
1100770 2229.4
1100780 2220.2
1100790 2214.2
1100800 2214.2
1100810 2210.1
1100820 2217.0
1100830 2222.3
1100840 2259.6
1100850 2261.3
1100860 2262.9
1100870 2262.9
1100880 2258.2
1100890 2240.2
1100900 2240.2
1100910 2212.2
1100920 2188.8
1100930 2188.8
1100940 2215.2
1100950 2233.3
1100960 2233.3
1100970 2233.2
1100980 2225.4
1100990 2225.4
1101000 2221.0
1101010 2210.7
1101020 2203.6
1101030 2203.6
1101040 2205.1
1101050 2201.4
1101060 2201.4
1101070 2196.3
1101080 2199.3
1101090 2199.3
1101100 2209.2
1101110 2211.6
1101120 2211.6
1101130 2205.7
1101140 2200.8
1101150 2200.8
1101160 2202.9
1101170 2222.9
1101180 2222.9
1101190 2221.3
1101200 2211.4
1101210 2211.4
1101220 2202.8
1101230 2195.4
1101240 2185.7
1101250 2185.7
1101260 2174.4
1101270 2177.7
1101280 2177.7
1101290 2179.6
1101300 2177.3
1101310 2177.3
1101320 2171.8
1101330 2168.2
1101340 2168.2
1101350 2165.5
1101360 2164.0
1101370 2164.0
1101380 2165.0
1101390 2166.8
1101400 2166.8
1101410 2168.1
1101420 2171.2
1101430 2174.6
1101440 2174.6
1101450 2171.1
1101460 2171.7
1101470 2171.7
1101480 2170.8
1101490 2161.2
1101500 2169.5
1101510 2156.5
1101520 2146.3
1101530 2146.3
1101540 2138.8
1101550 2131.3
1101560 2131.3
1101570 2122.9
1101580 2111.0
1101590 2111.0
1101600 2103.2
1101610 2102.1
1101620 2102.1
1101630 2101.7
1101640 2097.8
1101650 2091.7
1101660 2091.7
1101670 2085.9
1101680 2081.5
1101690 2081.5
1101700 2077.7
1101710 2069.2
1101720 2069.2
1101730 2068.0
1101740 2071.7
1101750 2071.7
1101760 2073.6
1101770 2074.8
1101780 2074.8
1101790 2075.0
1101800 2075.1
1101810 2075.1
1101820 2075.4
1101830 2081.2
1101840 2079.8
1101850 2079.8
1101860 2077.0
1101870 2073.5
1101880 2073.5
1101890 2069.4
1101900 2065.0
1101910 2065.0
1101920 2060.3
1101930 2055.7
1101940 2055.7
1101950 2050.3
1101960 2044.2
1101970 2044.2
1101980 2037.1
1101990 2031.6
1102000 2031.6
1102010 2026.8
1102020 2021.7
1102030 2021.7
1102040 2017.0
1102050 2012.1
1102060 2006.8
1102070 2006.8
1102080 2001.4
1102090 1996.3
1102100 1996.3
1102110 1991.4
1102120 1986.7
1102130 1986.7
1102140 1981.7
1102150 1976.3
1102160 1979.2
1102170 1974.4
1102180 1969.9
1102190 1969.9
1102200 1965.2
1102210 1959.9
1102220 1959.9
1102230 1955.2
1102240 1951.2
1102250 1946.7
1102260 1946.7
1102270 1942.4
1102280 1937.7
1102290 1937.7
1102300 1933.3
1102310 1928.8
1102320 1928.8
1102330 1924.5
1102340 1919.7
1102350 1919.7
1102360 1915.2
1102370 1910.6
1102380 1910.6
1102390 1906.2
1102400 1901.9
1102410 1901.9
1102420 1898.3
1102430 1894.2
1102440 1894.2
1102450 1890.0
1102460 1886.6
1102470 1884.1
1102480 1884.1
1102490 1883.6
1102500 1880.3
1102510 1880.3
1102520 1877.2
1102530 1873.0
1102540 1873.0
1102550 1868.3
1102560 1864.2
1102570 1864.2
1102580 1859.8
1102590 1855.8
1102600 1855.8
1102610 1852.0
1102620 1848.1
1102630 1848.1
1102640 1844.3
1102650 1840.0
1102660 1836.9
1102670 1836.9
1102680 1833.1
1102690 1828.6
1102700 1828.6
1102710 1823.7
1102720 1818.5
1102730 1818.5
1102740 1813.7
1102750 1809.0
1102760 1809.0
1102770 1804.1
1102780 1799.0
1102790 1799.0
1102800 1793.5
1102810 1788.4
1102820 1790.7
1102830 1785.2
1102840 1779.8
1102850 1779.8
1102860 1774.7
1102870 1769.7
1102880 1764.4
1102890 1764.4
1102900 1759.5
1102910 1754.5
1102920 1754.5
1102930 1749.5
1102940 1744.4
1102950 1744.4
1102960 1739.3
1102970 1734.2
1102980 1734.2
1102990 1729.4
1103000 1724.7
1103010 1724.7
1103020 1720.0
1103030 1715.3
1103040 1715.3
1103050 1710.0
1103060 1709.0
1103070 1708.7
1103080 1708.7
1103090 1708.8
1103100 1707.7
1103110 1707.7
1103120 1708.8
1103130 1711.3
1103140 1711.3
1103150 1712.0
1103160 1715.1
1103170 1715.1
1103180 1716.2
1103190 1717.9
1103200 1717.9
1103210 1719.0
1103220 1720.3
1103230 1720.3
1103240 1721.4
1103250 1722.7
1103260 1724.1
1103270 1724.1
1103280 1725.8
1103290 1727.1
1103300 1727.1
1103310 1727.3
1103320 1728.3
1103330 1728.3
1103340 1730.1
1103350 1732.0
1103360 1732.0
1103370 1733.3
1103380 1733.8
1103390 1733.8
1103400 1734.7
1103410 1736.9
1103420 1736.9
1103430 1738.4
1103440 1739.8
1103450 1739.8
1103460 1741.8
1103470 1742.1
1103480 1743.6
1103490 1746.4
1103500 1748.0
1103510 1749.7
1103520 1749.7
1103530 1750.7
1103540 1751.3
1103550 1751.3
1103560 1751.9
1103570 1752.1
1103580 1752.1
1103590 1752.7
1103600 1754.2
1103610 1754.2
1103620 1757.0
1103630 1761.2
1103640 1761.2
1103650 1766.4
1103660 1771.4
1103670 1776.0
1103680 1776.0
1103690 1780.7
1103700 1786.0
1103710 1786.0
1103720 1792.3
1103730 1798.8
1103740 1798.8
1103750 1805.5
1103760 1812.4
1103770 1812.4
1103780 1819.0
1103790 1825.9
1103800 1825.9
1103810 1832.7
1103820 1840.3
1103830 1840.3
1103840 1847.4
1103850 1854.3
1103860 1854.3
1103870 1861.3
1103880 1868.2
1103890 1875.5
1103900 1875.5
1103910 1882.5
1103920 1889.7
1103930 1889.7
1103940 1897.2
1103950 1904.3
1103960 1904.3
1103970 1909.4
1103980 1913.3
1103990 1913.3
1104000 1918.6
1104010 1925.3
1104020 1925.3
1104030 1935.4
1104040 1951.8
1104050 1951.8
1104060 1964.0
1104070 1973.4
1104080 1982.2
1104090 1982.2
1104100 1991.7
1104110 2005.3
1104120 2005.3
1104130 2019.1
1104140 2042.0
1104150 2039.7
1104160 2053.6
1104170 2062.6
1104180 2062.6
1104190 2070.8
1104200 2077.8
1104210 2077.8
1104220 2077.5
1104230 2074.1
1104240 2074.1
1104250 2100.6
1104260 2110.0
1104270 2110.0
1104280 2116.5
1104290 2126.5
1104300 2140.2
1104310 2140.2
1104320 2152.4
1104330 2162.5
1104340 2162.5
1104350 2169.2
1104360 2179.9
1104370 2179.9
1104380 2192.8
1104390 2206.3
1104400 2206.3
1104410 2221.3
1104420 2239.6
1104430 2239.6
1104440 2257.9
1104450 2253.4
1104460 2253.4
1104470 2245.6
1104480 2232.2
1104490 2223.7
1104500 2223.7
1104510 2211.1
1104520 2203.9
1104530 2203.9
1104540 2196.8
1104550 2189.8
1104560 2189.8
1104570 2183.2
1104580 2177.2
1104590 2177.2
1104600 2172.0
1104610 2166.6
1104620 2166.6
1104630 2161.9
1104640 2159.8
1104650 2159.8
1104660 2159.7
1104670 2159.8
1104680 2159.8
1104690 2160.9
1104700 2162.9
1104710 2165.4
1104720 2165.4
1104730 2168.2
1104740 2171.1
1104750 2171.1
1104760 2174.3
1104770 2177.9
1104780 2177.9
1104790 2181.3
1104800 2185.1
1104810 2185.1
1104820 2192.5
1104830 2197.0
1104840 2197.0
1104850 2201.3
1104860 2205.5
1104870 2205.5
1104880 2209.4
1104890 2212.8
1104900 2216.3
1104910 2216.3
1104920 2220.4
1104930 2225.6
1104940 2225.6
1104950 2231.4
1104960 2237.4
1104970 2237.4
1104980 2243.2
1104990 2248.8
1105000 2248.8
1105010 2254.1
1105020 2258.6
1105030 2258.6
1105040 2263.1
1105050 2269.0
1105060 2269.0
1105070 2276.3
1105080 2283.9
1105090 2283.9
1105100 2291.1
1105110 2299.1
1105120 2308.7
1105130 2308.7
1105140 2319.6
1105150 2325.2
1105160 2325.2
1105170 2333.7
1105180 2342.4
1105190 2342.4
1105200 2350.9
1105210 2358.9
1105220 2358.9
1105230 2367.2
1105240 2376.0
1105250 2376.0
1105260 2383.9
1105270 2391.2
1105280 2391.2
1105290 2394.5
1105300 2395.4
1105310 2386.3
1105320 2386.3
1105330 2378.7
1105340 2370.4
1105350 2370.4
1105360 2364.9
1105370 2361.8
1105380 2361.8
1105390 2377.5
1105400 2392.0
1105410 2392.0
1105420 2397.4
1105430 2388.5
1105440 2388.5
1105450 2374.5
1105460 2364.1
1105470 2364.1
1105480 2355.1
1105490 2351.0
1105500 2351.0
1105510 2343.8
1105520 2336.3
1105530 2328.5
1105540 2328.5
1105550 2321.0
1105560 2315.7
1105570 2315.7
1105580 2310.4
1105590 2304.2
1105600 2304.2
1105610 2297.5
1105620 2290.9
1105630 2290.9
1105640 2283.2
1105650 2277.0
1105660 2277.0
1105670 2271.8
1105680 2265.9
1105690 2265.9
1105700 2259.0
1105710 2252.2
1105720 2245.6
1105730 2245.6
1105740 2240.5
1105750 2235.3
1105760 2235.3
1105770 2230.3
1105780 2225.3
1105790 2225.3
1105800 2219.7
1105810 2214.0
1105820 2217.1
1105830 2211.9
1105840 2206.9
1105850 2206.9
1105860 2202.0
1105870 2197.8
1105880 2197.8
1105890 2193.7
1105900 2190.5
1105910 2186.5
1105920 2186.5
1105930 2182.1
1105940 2177.9
1105950 2177.9
1105960 2174.8
1105970 2170.8
1105980 2170.8
1105990 2165.5
1106000 2160.4
1106010 2160.4
1106020 2157.0
1106030 2154.1
1106040 2154.1
1106050 2151.7
1106060 2149.7
1106070 2149.7
1106080 2147.6
1106090 2142.9
1106100 2142.9
1106110 2136.6
1106120 2133.1
1106130 2130.0
1106140 2130.0
1106150 2131.0
1106160 2128.4
1106170 2128.4
1106180 2122.9
1106190 2116.6
1106200 2116.6
1106210 2111.4
1106220 2107.9
1106230 2107.9
1106240 2105.9
1106250 2104.4
1106260 2104.4
1106270 2103.5
1106280 2100.2
1106290 2100.2
1106300 2093.9
1106310 2088.1
1106320 2084.3
1106330 2084.3
1106340 2080.8
1106350 2077.4
1106360 2077.4
1106370 2073.3
1106380 2070.1
1106390 2070.1
1106400 2066.9
1106410 2064.4
1106420 2064.4
1106430 2062.1
1106440 2060.7
1106450 2060.7
1106460 2060.2
1106470 2059.0
1106480 2059.0
1106490 2057.8
1106500 2055.2
1106510 2055.2
1106520 2052.9
1106530 2050.5
1106540 2048.6
1106550 2048.6
1106560 2046.2
1106570 2042.1
1106580 2042.1
1106590 2039.0
1106600 2036.5
1106610 2036.5
1106620 2034.0
1106630 2030.9
1106640 2030.9
1106650 2029.0
1106660 2027.4
1106670 2027.4
1106680 2025.3
1106690 2023.0
1106700 2023.0
1106710 2022.8
1106720 2020.7
1106730 2018.6
1106740 2018.6
1106750 2015.2
1106760 2012.4
1106770 2012.4
1106780 2011.2
1106790 2008.6
1106800 2008.6
1106810 2006.0
1106820 2005.8
1106830 2005.8
1106840 2005.3
1106850 2005.1
1106860 2005.1
1106870 2004.7
1106880 2002.4
1106890 2002.4
1106900 2002.7
1106910 2001.7
1106920 2001.7
1106930 2000.2
1106940 1998.1
1106950 1997.0
1106960 1997.0
1106970 1995.3
1106980 1992.9
1106990 1992.9
1107000 1990.7
1107010 1988.6
1107020 1988.6
1107030 1986.0
1107040 1983.3
1107050 1983.3
1107060 1979.0
1107070 1972.9
1107080 1972.9
1107090 1966.8
1107100 1961.9
1107110 1961.9
1107120 1959.3
1107130 1958.1
1107140 1954.2
1107150 1954.2
1107160 1950.0
1107170 1945.8
1107180 1945.8
1107190 1942.5
1107200 1936.4
1107210 1936.4
1107220 1929.3
1107230 1922.6
1107240 1922.6
1107250 1916.7
1107260 1910.3
1107270 1910.3
1107280 1904.5
1107290 1899.4
1107300 1899.4
1107310 1894.8
1107320 1889.7
1107330 1889.7
1107340 1885.7
1107350 1877.7
1107360 1870.2
1107370 1870.2
1107380 1864.7
1107390 1858.4
1107400 1858.4
1107410 1851.5
1107420 1844.0
1107430 1844.0
1107440 1837.9
1107450 1831.9
1107460 1831.9
1107470 1824.8
1107480 1820.1
1107490 1822.5
1107500 1817.7
1107510 1814.4
1107520 1814.4
1107530 1811.4
1107540 1808.0
1107550 1804.6
1107560 1804.6
1107570 1801.5
1107580 1799.4
1107590 1799.4
1107600 1797.7
1107610 1797.1
1107620 1797.1
1107630 1795.9
1107640 1794.8
1107650 1794.8
1107660 1795.9
1107670 1798.1
1107680 1798.1
1107690 1799.2
1107700 1800.5
1107710 1800.5
1107720 1802.2
1107730 1803.9
1107740 1803.9
1107750 1805.7
1107760 1807.5
1107770 1809.5
1107780 1809.5
1107790 1811.4
1107800 1813.4
1107810 1813.4
1107820 1815.4
1107830 1817.9
1107840 1817.9
1107850 1820.0
1107860 1822.4
1107870 1822.4
1107880 1825.0
1107890 1827.6
1107900 1827.6
1107910 1830.4
1107920 1833.6
1107930 1833.6
1107940 1837.0
1107950 1839.9
1107960 1842.5
1107970 1842.5
1107980 1845.6
1107990 1848.9
1108000 1848.9
1108010 1852.6
1108020 1860.6
1108030 1860.6
1108040 1869.6
1108050 1878.3
1108060 1878.3
1108070 1886.6
1108080 1894.7
1108090 1894.7
1108100 1903.2
1108110 1911.4
1108120 1911.4
1108130 1917.9
1108140 1923.8
1108150 1928.8
1108160 1928.8
1108170 1929.9
1108180 1932.6
1108190 1932.6
1108200 1932.5
1108210 1931.8
1108220 1931.8
1108230 1932.4
1108240 1934.3
1108250 1934.3
1108260 1939.9
1108270 1947.3
1108280 1947.3
1108290 1955.1
1108300 1963.1
1108310 1963.1
1108320 1970.7
1108330 1978.6
1108340 1978.6
1108350 1985.4
1108360 1990.6
1108370 1997.3
1108380 1997.3
1108390 2002.6
1108400 2009.7
1108410 2009.7
1108420 2016.7
1108430 2024.1
1108440 2024.1
1108450 2030.6
1108460 2035.5
1108470 2035.5
1108480 2037.7
1108490 2039.8
1108500 2037.0
1108510 2040.2
1108520 2043.4
1108530 2043.4
1108540 2046.5
1108550 2050.7
1108560 2056.2
1108570 2056.2
1108580 2062.5
1108590 2068.8
1108600 2068.8
1108610 2075.0
1108620 2081.4
1108630 2081.4
1108640 2088.6
1108650 2096.2
1108660 2096.2
1108670 2104.0
1108680 2112.7
1108690 2112.7
1108700 2119.1
1108710 2124.1
1108720 2124.1
1108730 2129.6
1108740 2134.4
1108750 2134.4
1108760 2139.8
1108770 2145.0
1108780 2151.0
1108790 2151.0
1108800 2158.0
1108810 2165.7
1108820 2165.7
1108830 2178.2
1108840 2190.1
1108850 2190.1
1108860 2196.8
1108870 2201.7
1108880 2201.7
1108890 2208.2
1108900 2214.0
1108910 2214.0
1108920 2218.1
1108930 2221.0
1108940 2221.0
1108950 2222.9
1108960 2225.5
1108970 2227.6
1108980 2227.6
1108990 2230.5
1109000 2232.7
1109010 2232.7
1109020 2234.1
1109030 2236.2
1109040 2236.2
1109050 2240.2
1109060 2244.0
1109070 2244.0
1109080 2247.8
1109090 2250.9
1109100 2250.9
1109110 2255.6
1109120 2259.8
1109130 2259.8
1109140 2264.5
1109150 2269.2
1109160 2269.2
1109170 2272.0
1109180 2270.6
1109190 2273.9
1109200 2273.9
1109210 2276.6
1109220 2279.3
1109230 2279.3
1109240 2282.4
1109250 2285.5
1109260 2285.5
1109270 2287.8
1109280 2290.5
1109290 2290.5
1109300 2292.5
1109310 2293.6
1109320 2293.6
1109330 2295.3
1109340 2297.3
1109350 2297.3
1109360 2300.6
1109370 2303.4
1109380 2306.3
1109390 2306.3
1109400 2309.4
1109410 2310.9
1109420 2310.9
1109430 2311.9
1109440 2313.2
1109450 2313.2
1109460 2314.1
1109470 2315.4
1109480 2315.4
1109490 2317.7
1109500 2320.3
1109510 2319.8
1109520 2322.2
1109530 2324.3
1109540 2324.3
1109550 2326.4
1109560 2328.3
1109570 2328.3
1109580 2330.1
1109590 2331.4
1109600 2332.7
1109610 2332.7
1109620 2334.9
1109630 2337.7
1109640 2337.7
1109650 2340.2
1109660 2342.6
1109670 2342.6
1109680 2344.4
1109690 2346.3
1109700 2346.3
1109710 2350.6
1109720 2352.8
1109730 2352.8
1109740 2355.0
1109750 2358.4
1109760 2358.4
1109770 2363.9
1109780 2369.4
1109790 2371.9
1109800 2371.9
1109810 2375.0
1109820 2378.4
1109830 2378.4
1109840 2384.0
1109850 2387.7
1109860 2387.7
1109870 2391.7
1109880 2395.3
1109890 2395.3
1109900 2400.0
1109910 2405.4
1109920 2405.4
1109930 2411.2
1109940 2417.7
1109950 2417.7
1109960 2425.1
1109970 2435.0
1109980 2435.0
1109990 2447.3
1110000 2454.2
1110010 2458.3
1110020 2458.3
1110030 2462.1
1110040 2467.0
1110050 2467.0
1110060 2471.8
1110070 2476.0
1110080 2476.0
1110090 2481.0
1110100 2487.1
1110110 2487.1
1110120 2493.3
1110130 2497.5
1110140 2497.5
1110150 2491.9
1110160 2485.6
1110170 2485.6
1110180 2480.6
1110190 2467.6
1110200 2460.0
1110210 2460.0
1110220 2453.8
1110230 2447.8
1110240 2447.8
1110250 2440.4
1110260 2432.7
1110270 2432.7
1110280 2424.7
1110290 2416.6
1110300 2416.6
1110310 2409.5
1110320 2398.7
1110330 2398.7
1110340 2391.4
1110350 2386.0
1110360 2386.0
1110370 2382.0
1110380 2379.6
1110390 2377.9
1110400 2377.9
1110410 2376.5
1110420 2375.2
1110430 2375.2
1110440 2374.4
1110450 2372.9
1110460 2372.9
1110470 2371.4
1110480 2370.2
1110490 2370.2
1110500 2368.9
1110510 2367.5
1110520 2367.5
1110530 2367.7
1110540 2366.9
1110550 2366.9
1110560 2366.4
1110570 2366.2
1110580 2366.2
1110590 2365.9
1110600 2365.4
1110610 2363.9
1110620 2363.9
1110630 2361.5
1110640 2357.8
1110650 2357.8
1110660 2353.6
1110670 2349.5
1110680 2349.5
1110690 2346.0
1110700 2342.0
1110710 2342.0
1110720 2339.3
1110730 2336.2
1110740 2336.2
1110750 2333.2
1110760 2331.1
1110770 2331.1
1110780 2329.7
1110790 2328.5
1110800 2327.9
1110810 2327.9
1110820 2328.2
1110830 2327.8
1110840 2327.8
1110850 2328.2
1110860 2328.9
1110870 2326.8
1110880 2327.6
1110890 2327.6
1110900 2327.6
1110910 2325.9
1110920 2323.6
1110930 2323.6
1110940 2322.0
1110950 2320.4
1110960 2320.4
1110970 2318.8
1110980 2317.3
1110990 2317.3
1111000 2316.3
1111010 2315.4
1111020 2314.0
1111030 2314.0
1111040 2312.3
1111050 2310.9
1111060 2310.9
1111070 2309.5
1111080 2307.9
1111090 2307.9
1111100 2305.9
1111110 2303.6
1111120 2303.6
1111130 2301.3
1111140 2298.0
1111150 2298.0
1111160 2294.7
1111170 2291.0
1111180 2291.0
1111190 2288.3
1111200 2286.7
1111210 2285.5
1111220 2285.5
1111230 2284.4
1111240 2283.9
1111250 2283.9
1111260 2284.9
1111270 2286.3
1111280 2286.3
1111290 2286.5
1111300 2286.3
1111310 2286.3
1111320 2286.7
1111330 2287.8
1111340 2287.8
1111350 2292.8
1111360 2297.5
1111370 2297.5
1111380 2297.7
1111390 2296.1
1111400 2296.1
1111410 2288.1
1111420 2277.7
1111430 2272.8
1111440 2272.8
1111450 2270.8
1111460 2271.2
1111470 2271.2
1111480 2271.2
1111490 2270.5
1111500 2270.5
1111510 2267.3
1111520 2264.0
1111530 2264.0
1111540 2250.7
1111550 2246.5
1111560 2246.5
1111570 2241.2
1111580 2235.1
1111590 2235.1
1111600 2228.8
1111610 2224.6
1111620 2220.2
1111630 2220.2
1111640 2215.3
1111650 2209.3
1111660 2209.3
1111670 2203.5
1111680 2200.6
1111690 2200.6
1111700 2196.5
1111710 2194.5
1111720 2194.5
1111730 2189.8
1111740 2184.6
1111750 2184.6
1111760 2179.1
1111770 2174.8
1111780 2174.8
1111790 2171.1
1111800 2167.9
1111810 2167.9
1111820 2164.7
1111830 2161.1
1111840 2157.5
1111850 2157.5
1111860 2154.2
1111870 2150.6
1111880 2146.9
1111890 2143.5
1111900 2140.7
1111910 2140.7
1111920 2138.5
1111930 2135.6
1111940 2135.6
1111950 2133.2
1111960 2132.1
1111970 2132.1
1111980 2130.3
1111990 2128.4
1112000 2128.4
1112010 2126.0
1112020 2124.7
1112030 2124.0
1112040 2124.0
1112050 2121.7
1112060 2118.1
1112070 2118.1
1112080 2115.2
1112090 2110.2
1112100 2110.2
1112110 2106.2
1112120 2104.7
1112130 2104.7
1112140 2105.1
1112150 2103.4
1112160 2103.4
1112170 2101.3
1112180 2097.2
1112190 2097.2
1112200 2090.8
1112210 2085.5
1112220 2081.0
1112230 2081.0
1112240 2075.0
1112250 2070.3
1112260 2070.3
1112270 2066.2
1112280 2063.0
1112290 2063.0
1112300 2060.4
1112310 2055.0
1112320 2055.0
1112330 2046.3
1112340 2037.4
1112350 2037.4
1112360 2030.0
1112370 2023.0
1112380 2023.0
1112390 2017.1
1112400 2011.6
1112410 2011.6
1112420 2005.3
1112430 1998.5
1112440 1992.1
1112450 1992.1
1112460 1995.4
1112470 2000.1
1112480 2000.1
1112490 1996.0
1112500 1990.9
1112510 1990.9
1112520 1986.0
1112530 1980.6
1112540 1980.6
1112550 1974.2
1112560 1962.6
1112570 1962.6
1112580 1956.4
1112590 1950.1
1112600 1950.1
1112610 1944.3
1112620 1939.2
1112630 1933.9
1112640 1933.9
1112650 1927.6
1112660 1920.9
1112670 1920.9
1112680 1914.7
1112690 1906.9
1112700 1906.9
1112710 1897.3
1112720 1887.9
1112730 1887.9
1112740 1878.7
1112750 1866.7
1112760 1866.7
1112770 1855.5
1112780 1846.4
1112790 1846.4
1112800 1837.1
1112810 1827.8
1112820 1827.8
1112830 1817.8
1112840 1808.3
1112850 1795.4
1112860 1795.4
1112870 1786.5
1112880 1778.8
1112890 1778.8
1112900 1769.7
1112910 1761.9
1112920 1761.9
1112930 1753.8
1112940 1745.3
1112950 1745.3
1112960 1736.2
1112970 1729.2
1112980 1729.2
1112990 1723.0
1113000 1716.8
1113010 1716.8
1113020 1710.7
1113030 1704.7
1113040 1699.3
1113050 1699.3
1113060 1694.2
1113070 1689.8
1113080 1689.8
1113090 1686.9
1113100 1684.2
1113110 1684.2
1113120 1681.7
1113130 1679.1
1113140 1679.1
1113150 1676.9
1113160 1673.8
1113170 1673.8
1113180 1670.0
1113190 1666.9
1113200 1666.9
1113210 1664.2
1113220 1661.6
1113230 1661.6
1113240 1657.5
1113250 1655.0
1113260 1652.6
1113270 1652.6
1113280 1650.2
1113290 1648.8
1113300 1648.8
1113310 1646.5
1113320 1644.2
1113330 1644.2
1113340 1642.0
1113350 1638.9
1113360 1638.9
1113370 1636.9
1113380 1634.8
1113390 1634.8
1113400 1632.2
1113410 1629.8
1113420 1629.8
1113430 1627.3
1113440 1625.1
1113450 1621.7
1113460 1621.7
1113470 1617.6
1113480 1617.3
1113490 1617.3
1113500 1618.4
1113510 1621.3
1113520 1621.3
1113530 1624.8
1113540 1628.4
1113550 1628.4
1113560 1631.7
1113570 1635.5
1113580 1639.1
1113590 1644.0
1113600 1649.8
1113610 1649.8
1113620 1655.1
1113630 1661.1
1113640 1670.4
1113650 1670.4
1113660 1684.4
1113670 1698.3
1113680 1698.3
1113690 1706.1
1113700 1723.8
1113710 1723.8
1113720 1745.1
1113730 1755.6
1113740 1755.6
1113750 1765.6
1113760 1783.4
1113770 1783.4
1113780 1798.6
1113790 1808.2
1113800 1808.2
1113810 1818.5
1113820 1828.2
1113830 1828.2
1113840 1831.5
1113850 1837.2
1113860 1844.0
1113870 1844.0
1113880 1863.3
1113890 1866.7
1113900 1866.7
1113910 1868.1
1113920 1870.0
1113930 1877.9
1113940 1886.3
1113950 1908.5
1113960 1908.5
1113970 1910.9
1113980 1906.3
1113990 1906.3
1114000 1904.3
1114010 1899.4
1114020 1899.4
1114030 1923.8
1114040 1943.7
1114050 1954.7
1114060 1954.7
1114070 1962.9
1114080 1965.9
1114090 1965.9
1114100 1965.7
1114110 1955.9
1114120 1955.9
1114130 1960.8
1114140 1985.0
1114150 1985.0
1114160 1994.3
1114170 1995.5
1114180 1995.5
1114190 1996.3
1114200 1997.5
1114210 1997.5
1114220 1998.8
1114230 2001.5
1114240 2001.5
1114250 2003.0
1114260 2002.8
1114270 2013.7
1114280 2013.7
1114290 2018.3
1114300 2027.3
1114310 2027.3
1114320 2036.7
1114330 2039.2
1114340 2039.2
1114350 2043.1
1114360 2047.1
1114370 2047.1
1114380 2051.7
1114390 2057.9
1114400 2057.9
1114410 2064.8
1114420 2069.5
1114430 2069.5
1114440 2072.9
1114450 2073.5
1114460 2075.4
1114470 2075.4
1114480 2074.0
1114490 2070.4
1114500 2070.4
1114510 2066.3
1114520 2064.8
1114530 2064.8
1114540 2063.4
1114550 2059.8
1114560 2059.8
1114570 2058.8
1114580 2059.9
1114590 2059.9
1114600 2060.2
1114610 2064.2
1114620 2064.2
1114630 2063.5
1114640 2062.7
1114650 2062.7
1114660 2062.3
1114670 2061.9
1114680 2061.5
1114690 2061.5
1114700 2061.3
1114710 2061.9
1114720 2061.9
1114730 2062.5
1114740 2063.5
1114750 2063.5
1114760 2064.1
1114770 2063.7
1114780 2063.7
1114790 2062.6
1114800 2062.7
1114810 2062.7
1114820 2063.3
1114830 2063.5
1114840 2063.5
1114850 2065.5
1114860 2068.5
1114870 2070.9
1114880 2070.9
1114890 2075.3
1114900 2079.0
1114910 2079.0
1114920 2082.1
1114930 2082.9
1114940 2082.9
1114950 2085.3
1114960 2084.4
1114970 2084.4
1114980 2080.8
1114990 2078.8
1115000 2078.8
1115010 2079.2
1115020 2081.1
1115030 2081.1
1115040 2083.0
1115050 2084.0
1115060 2084.0
1115070 2085.6
1115080 2087.6
1115090 2090.1
1115100 2090.1
1115110 2093.2
1115120 2096.9
1115130 2096.9
1115140 2100.6
1115150 2105.6
1115160 2105.6
1115170 2110.6
1115180 2115.4
1115190 2115.4
1115200 2119.5
1115210 2122.2
1115220 2122.2
1115230 2124.4
1115240 2126.1
1115250 2126.1
1115260 2127.4
1115270 2128.3
1115280 2129.6
1115290 2131.4
1115300 2133.2
1115310 2135.8
1115320 2135.8
1115330 2138.9
1115340 2141.7
1115350 2141.7
1115360 2143.7
1115370 2144.5
1115380 2144.5
1115390 2145.8
1115400 2147.4
1115410 2147.4
1115420 2148.4
1115430 2150.5
1115440 2150.5
1115450 2152.7
1115460 2154.6
1115470 2156.6
1115480 2156.6
1115490 2159.7
1115500 2163.8
1115510 2163.8
1115520 2170.1
1115530 2176.8
1115540 2176.8
1115550 2182.5
1115560 2188.0
1115570 2188.0
1115580 2193.5
1115590 2198.4
1115600 2198.4
1115610 2203.9
1115620 2209.1
1115630 2209.1
1115640 2220.1
1115650 2223.9
1115660 2223.9
1115670 2227.6
1115680 2231.5
1115690 2234.8
1115700 2234.8
1115710 2237.0
1115720 2239.0
1115730 2239.0
1115740 2240.8
1115750 2242.2
1115760 2242.2
1115770 2243.9
1115780 2245.9
1115790 2245.9
1115800 2249.0
1115810 2253.0
1115820 2253.0
1115830 2257.0
1115840 2261.2
1115850 2261.2
1115860 2264.5
1115870 2266.5
1115880 2267.7
1115890 2267.7
1115900 2267.5
1115910 2267.5
1115920 2267.5
1115930 2269.6
1115940 2273.2
1115950 2273.2
1115960 2276.2
1115970 2277.5
1115980 2281.7
1115990 2284.1
1116000 2287.0
1116010 2287.0
1116020 2292.3
1116030 2298.3
1116040 2298.3
1116050 2303.7
1116060 2308.9
1116070 2308.9
1116080 2314.2
1116090 2320.7
1116100 2304.1
1116110 2304.1
1116120 2281.1
1116130 2274.3
1116140 2274.3
1116150 2264.6
1116160 2251.8
1116170 2251.8
1116180 2243.2
1116190 2235.7
1116200 2235.7
1116210 2228.6
1116220 2222.7
1116230 2222.7
1116240 2219.0
1116250 2211.0
1116260 2211.0
1116270 2198.3
1116280 2188.2
1116290 2173.3
1116300 2173.3
1116310 2164.3
1116320 2160.0
1116330 2160.0
1116340 2154.5
1116350 2149.3
1116360 2149.3
1116370 2143.9
1116380 2138.4
1116390 2138.4
1116400 2132.7
1116410 2127.3
1116420 2127.3
1116430 2122.1
1116440 2116.8
1116450 2116.8
1116460 2111.9
1116470 2107.7
1116480 2107.7
1116490 2103.2
1116500 2098.4
1116510 2094.3
1116520 2094.3
1116530 2090.2
1116540 2085.9
1116550 2085.9
1116560 2081.5
1116570 2076.6
1116580 2076.6
1116590 2070.3
1116600 2065.4
1116610 2065.4
1116620 2061.1
1116630 2057.5
1116640 2057.5
1116650 2055.6
1116660 2050.2
1116670 2052.3
1116680 2045.3
1116690 2040.5
1116700 2036.7
1116710 2036.7
1116720 2030.9
1116730 2027.8
1116740 2027.8
1116750 2022.3
1116760 2019.6
1116770 2019.6
1116780 2016.5
1116790 2011.9
1116800 2011.9
1116810 2007.7
1116820 2003.0
1116830 2003.0
1116840 1999.4
1116850 1995.7
1116860 1995.7
1116870 1990.0
1116880 1986.6
1116890 1983.8
1116900 1983.8
1116910 1982.8
1116920 1983.5
1116930 1983.5
1116940 1984.3
1116950 1984.4
1116960 1984.4
1116970 1984.7
1116980 1985.3
1116990 1985.3
1117000 1986.4
1117010 1993.4
1117020 1993.4
1117030 1998.1
1117040 2001.9
1117050 2001.9
1117060 2006.5
1117070 2009.5
1117080 2009.5
1117090 2012.1
1117100 2016.8
1117110 2020.4
1117120 2020.4
1117130 2021.5
1117140 2022.6
1117150 2022.6
1117160 2026.7
1117170 2031.1
1117180 2031.1
1117190 2034.6
1117200 2038.6
1117210 2038.6
1117220 2042.9
1117230 2047.7
1117240 2047.7
1117250 2051.6
1117260 2056.4
1117270 2056.4
1117280 2060.9
1117290 2065.8
1117300 2068.5
1117310 2068.5
1117320 2068.6
1117330 2069.3
1117340 2069.3
1117350 2073.5
1117360 2079.8
1117370 2079.8
1117380 2085.5
1117390 2090.7
1117400 2090.7
1117410 2096.3
1117420 2101.4
1117430 2101.4
1117440 2106.6
1117450 2112.3
1117460 2112.3
1117470 2118.8
1117480 2126.5
1117490 2126.5
1117500 2133.5
1117510 2140.0
1117520 2147.4
1117530 2147.4
1117540 2154.9
1117550 2162.6
1117560 2162.6
1117570 2168.3
1117580 2173.0
1117590 2173.0
1117600 2177.8
1117610 2183.0
1117620 2183.0
1117630 2188.9
1117640 2195.7
1117650 2195.7
1117660 2202.6
1117670 2210.1
1117680 2210.1
1117690 2218.8
1117700 2225.9
1117710 2234.5
1117720 2234.5
1117730 2241.6
1117740 2246.7
1117750 2246.7
1117760 2248.2
1117770 2250.3
1117780 2250.3
1117790 2253.0
1117800 2254.8
1117810 2254.8
1117820 2256.7
1117830 2260.3
1117840 2260.3
1117850 2264.6
1117860 2270.4
1117870 2270.4
1117880 2277.1
1117890 2284.8
1117900 2284.8
1117910 2292.8
1117920 2302.4
1117930 2313.8
1117940 2313.8
1117950 2318.9
1117960 2313.7
1117970 2313.7
1117980 2311.9
1117990 2313.8
1118000 2313.8
1118010 2314.8
1118020 2314.8
1118030 2314.8
1118040 2313.8
1118050 2319.1
1118060 2319.1
1118070 2318.9
1118080 2318.5
1118090 2318.5
1118100 2317.8
1118110 2317.3
1118120 2318.0
1118130 2318.0
1118140 2319.2
1118150 2320.7
1118160 2320.7
1118170 2322.1
1118180 2324.9
1118190 2324.9
1118200 2331.2
1118210 2338.8
1118220 2338.8
1118230 2343.1
1118240 2346.0
1118250 2346.0
1118260 2340.3
1118270 2337.3
1118280 2337.3
1118290 2332.7
1118300 2327.2
1118310 2327.2
1118320 2323.4
1118330 2318.9
1118340 2318.7
1118350 2318.7
1118360 2315.4
1118370 2315.4
1118380 2315.4
1118390 2308.5
1118400 2304.5
1118410 2304.5
1118420 2297.5
1118430 2291.7
1118440 2291.7
1118450 2288.3
1118460 2282.9
1118470 2282.9
1118480 2282.2
1118490 2286.2
1118500 2286.2
1118510 2286.6
1118520 2281.7
1118530 2278.8
1118540 2278.8
1118550 2268.7
1118560 2253.9
1118570 2253.9
1118580 2244.5
1118590 2238.1
1118600 2238.1
1118610 2227.4
1118620 2215.5
1118630 2215.5
1118640 2203.3
1118650 2194.3
1118660 2194.3
1118670 2187.6
1118680 2181.5
1118690 2181.5
1118700 2176.1
1118710 2175.2
1118720 2172.6
1118730 2172.6
1118740 2158.5
1118750 2151.7
1118760 2151.7
1118770 2144.8
1118780 2140.1
1118790 2140.1
1118800 2135.3
1118810 2130.8
1118820 2130.8
1118830 2127.7
1118840 2123.9
1118850 2123.9
1118860 2119.1
1118870 2114.4
1118880 2114.4
1118890 2110.5
1118900 2107.1
1118910 2107.1
1118920 2103.7
1118930 2095.8
1118940 2088.5
1118950 2088.5
1118960 2083.0
1118970 2080.9
1118980 2080.9
1118990 2077.5
1119000 2072.3
1119010 2072.3
1119020 2072.8
1119030 2065.9
1119040 2065.9
1119050 2057.3
1119060 2049.1
1119070 2049.1
1119080 2037.8
1119090 2030.6
1119100 2030.6
1119110 2023.9
1119120 2016.3
1119130 2006.3
1119140 2006.3
1119150 1998.1
1119160 1991.0
1119170 1991.0
1119180 1983.4
1119190 1976.4
1119200 1976.4
1119210 1971.5
1119220 1967.9
1119230 1967.9
1119240 1963.0
1119250 1956.9
1119260 1956.9
1119270 1951.0
1119280 1945.4
1119290 1945.4
1119300 1939.6
1119310 1935.4
1119320 1935.4
1119330 1931.2
1119340 1925.9
1119350 1920.4
1119360 1920.4
1119370 1914.3
1119380 1908.7
1119390 1908.7
1119400 1904.6
1119410 1899.6
1119420 1899.6
1119430 1903.2
1119440 1898.3
1119450 1898.3
1119460 1893.8
1119470 1896.4
1119480 1896.4
1119490 1898.6
1119500 1892.7
1119510 1892.7
1119520 1882.7
1119530 1875.9
1119540 1872.4
1119550 1872.4
1119560 1875.4
1119570 1879.6
1119580 1879.6
1119590 1882.7
1119600 1878.9
1119610 1878.9
1119620 1855.5
1119630 1841.9
1119640 1841.9
1119650 1842.2
1119660 1839.6
1119670 1839.6
1119680 1843.4
1119690 1847.6
1119700 1847.6
1119710 1847.5
1119720 1841.2
1119730 1841.2
1119740 1837.1
1119750 1833.9
1119760 1825.2
1119770 1825.2
1119780 1818.8
1119790 1797.5
1119800 1797.5
1119810 1777.2
1119820 1768.6
1119830 1768.6
1119840 1755.7
1119850 1744.9
1119860 1744.9
1119870 1736.6
1119880 1727.4
1119890 1727.4
1119900 1718.5
1119910 1701.9
1119920 1701.9
1119930 1682.3
1119940 1665.5
1119950 1655.7
1119960 1655.7
1119970 1645.8
1119980 1638.6
1119990 1638.6
