1100000 2370.7
1100010 2370.7
1100020 2372.3
1100030 2373.1
1100040 2373.1
1100050 2373.8
1100060 2375.8
1100070 2375.8
1100080 2377.8
1100090 2385.1
1100100 2385.1
1100110 2386.9
1100120 2389.5
1100130 2389.5
1100140 2392.4
1100150 2396.2
1100160 2396.2
1100170 2401.1
1100180 2406.6
1100190 2411.9
1100200 2411.9
1100210 2416.5
1100220 2420.3
1100230 2420.3
1100240 2421.4
1100250 2423.1
1100260 2423.1
1100270 2428.2
1100280 2433.3
1100290 2433.3
1100300 2436.9
1100310 2437.8
1100320 2437.8
1100330 2438.4
1100340 2446.0
1100350 2446.0
1100360 2449.7
1100370 2455.9
1100380 2455.9
1100390 2465.4
1100400 2475.4
1100410 2486.0
1100420 2489.3
1100430 2506.5
1100440 2516.0
1100450 2516.0
1100460 2507.2
1100470 2490.1
1100480 2490.1
1100490 2511.9
1100500 2525.8
1100510 2525.8
1100520 2532.2
1100530 2535.8
1100540 2535.8
1100550 2514.9
1100560 2484.6
1100570 2484.6
1100580 2457.6
1100590 2454.5
1100600 2456.2
1100610 2456.2
1100620 2458.4
1100630 2460.6
1100640 2460.6
1100650 2461.5
1100660 2461.9
1100670 2461.9
1100680 2460.6
1100690 2460.7
1100700 2460.7
1100710 2472.0
1100720 2485.7
1100730 2485.7
1100740 2498.2
1100750 2521.7
1100760 2521.7
1100770 2527.9
1100780 2524.3
1100790 2524.3
1100800 2526.0
1100810 2522.0
1100820 2518.5
1100830 2518.5
1100840 2513.7
1100850 2510.9
1100860 2510.9
1100870 2512.0
1100880 2512.6
1100890 2512.6
1100900 2514.3
1100910 2516.9
1100920 2516.9
1100930 2521.6
1100940 2528.0
1100950 2528.0
1100960 2534.7
1100970 2538.7
1100980 2538.7
1100990 2540.6
1101000 2542.3
1101010 2543.9
1101020 2543.9
1101030 2543.9
1101040 2541.2
1101050 2541.2
1101060 2538.7
1101070 2539.7
1101080 2555.1
1101090 2559.6
1101100 2565.9
1101110 2565.9
1101120 2567.0
1101130 2562.5
1101140 2562.5
1101150 2556.3
1101160 2548.3
1101170 2548.3
1101180 2546.3
1101190 2550.2
1101200 2551.6
1101210 2551.6
1101220 2557.1
1101230 2556.7
1101240 2556.7
1101250 2553.9
1101260 2556.0
1101270 2556.0
1101280 2559.4
1101290 2560.2
1101300 2560.2
1101310 2561.0
1101320 2561.7
1101330 2561.7
1101340 2561.3
1101350 2561.7
1101360 2561.7
1101370 2563.3
1101380 2563.5
1101390 2563.5
1101400 2564.3
1101410 2571.8
1101420 2571.6
1101430 2571.6
1101440 2569.0
1101450 2551.9
1101460 2551.9
1101470 2525.8
1101480 2504.3
1101490 2504.3
1101500 2493.7
1101510 2476.4
1101520 2476.4
1101530 2465.5
1101540 2455.4
1101550 2455.4
1101560 2443.9
1101570 2431.4
1101580 2431.4
1101590 2423.2
1101600 2415.4
1101610 2403.7
1101620 2403.7
1101630 2395.1
1101640 2386.6
1101650 2386.6
1101660 2367.9
1101670 2337.9
1101680 2337.9
1101690 2324.2
1101700 2324.3
1101710 2324.3
1101720 2327.3
1101730 2331.0
1101740 2361.1
1101750 2362.9
1101760 2358.3
1101770 2358.3
1101780 2356.0
1101790 2360.7
1101800 2360.7
1101810 2360.2
1101820 2360.9
1101830 2370.8
1101840 2370.8
1101850 2361.1
1101860 2356.2
1101870 2356.2
1101880 2355.1
1101890 2341.4
1101900 2341.4
1101910 2327.9
1101920 2319.7
1101930 2319.7
1101940 2312.2
1101950 2305.0
1101960 2305.0
1101970 2296.8
1101980 2285.3
1101990 2285.3
1102000 2263.5
1102010 2247.6
1102020 2240.2
1102030 2240.2
1102040 2233.6
1102050 2227.6
1102060 2227.6
1102070 2219.2
1102080 2212.6
1102090 2212.6
1102100 2204.3
1102110 2195.8
1102120 2195.8
1102130 2187.1
1102140 2180.3
1102150 2180.3
1102160 2174.6
1102170 2169.2
1102180 2169.2
1102190 2158.8
1102200 2144.7
1102210 2144.7
1102220 2132.9
1102230 2121.4
1102240 2111.2
1102250 2111.2
1102260 2097.1
1102270 2088.3
1102280 2088.3
1102290 2082.1
1102300 2076.7
1102310 2076.7
1102320 2071.6
1102330 2066.1
1102340 2066.1
1102350 2060.6
1102360 2055.5
1102370 2055.5
1102380 2050.1
1102390 2044.2
1102400 2049.1
1102410 2042.6
1102420 2036.3
1102430 2026.9
1102440 2026.9
1102450 2018.2
1102460 2011.8
1102470 2011.8
1102480 2004.3
1102490 1996.3
1102500 1996.3
1102510 1987.8
1102520 1979.1
1102530 1979.1
1102540 1971.9
1102550 1964.0
1102560 1964.0
1102570 1956.7
1102580 1949.3
1102590 1949.3
1102600 1941.1
1102610 1933.5
1102620 1933.5
1102630 1926.4
1102640 1919.1
1102650 1912.5
1102660 1912.5
1102670 1906.9
1102680 1900.7
1102690 1900.7
1102700 1894.0
1102710 1891.7
1102720 1891.7
1102730 1892.9
1102740 1886.9
1102750 1886.9
1102760 1881.5
1102770 1878.3
1102780 1878.3
1102790 1873.3
1102800 1867.2
1102810 1867.2
1102820 1860.9
1102830 1854.6
1102840 1849.1
1102850 1849.1
1102860 1843.2
1102870 1837.6
1102880 1837.6
1102890 1832.6
1102900 1827.4
1102910 1827.4
1102920 1822.2
1102930 1817.2
1102940 1817.2
1102950 1812.1
1102960 1806.8
1102970 1806.8
1102980 1801.5
1102990 1796.2
1103000 1796.2
1103010 1791.0
1103020 1785.5
1103030 1779.9
1103040 1779.9
1103050 1774.9
1103060 1770.1
1103070 1770.1
1103080 1765.0
1103090 1759.8
1103100 1759.8
1103110 1755.1
1103120 1750.7
1103130 1750.7
1103140 1746.7
1103150 1744.7
1103160 1744.7
1103170 1748.5
1103180 1750.4
1103190 1750.4
1103200 1751.1
1103210 1752.3
1103220 1752.3
1103230 1754.4
1103240 1755.8
1103250 1757.4
1103260 1757.4
1103270 1758.9
1103280 1761.0
1103290 1761.0
1103300 1763.6
1103310 1765.9
1103320 1765.9
1103330 1768.3
1103340 1771.0
1103350 1771.0
1103360 1773.1
1103370 1775.3
1103380 1775.3
1103390 1778.1
1103400 1780.6
1103410 1780.6
1103420 1783.5
1103430 1786.4
1103440 1789.2
1103450 1789.2
1103460 1792.1
1103470 1795.4
1103480 1795.4
1103490 1798.6
1103500 1801.7
1103510 1801.7
1103520 1804.9
1103530 1808.3
1103540 1808.3
1103550 1811.8
1103560 1815.5
1103570 1815.5
1103580 1819.3
1103590 1823.4
1103600 1823.4
1103610 1827.8
1103620 1832.1
1103630 1832.1
1103640 1836.3
1103650 1840.6
1103660 1844.7
1103670 1844.7
1103680 1848.7
1103690 1852.7
1103700 1852.7
1103710 1856.9
1103720 1861.4
1103730 1862.4
1103740 1867.1
1103750 1871.8
1103760 1871.8
1103770 1876.4
1103780 1881.1
1103790 1881.1
1103800 1886.1
1103810 1891.4
1103820 1891.4
1103830 1895.5
1103840 1900.0
1103850 1906.4
1103860 1906.4
1103870 1911.3
1103880 1916.7
1103890 1916.7
1103900 1922.0
1103910 1927.3
1103920 1927.3
1103930 1932.5
1103940 1937.9
1103950 1937.9
1103960 1943.2
1103970 1948.4
1103980 1948.4
1103990 1953.7
1104000 1958.9
1104010 1958.9
1104020 1966.3
1104030 1974.1
1104040 1974.1
1104050 1978.3
1104060 1979.9
1104070 1985.0
1104080 1985.0
1104090 1990.1
1104100 1995.3
1104110 1995.3
1104120 2000.7
1104130 2005.9
1104140 2005.9
1104150 2010.8
1104160 2016.1
1104170 2016.1
1104180 2021.2
1104190 2026.3
1104200 2026.3
1104210 2031.7
1104220 2036.8
1104230 2036.8
1104240 2041.9
1104250 2046.9
1104260 2052.2
1104270 2052.2
1104280 2057.5
1104290 2062.8
1104300 2062.8
1104310 2068.1
1104320 2073.6
1104330 2073.6
1104340 2079.0
1104350 2085.0
1104360 2085.0
1104370 2091.0
1104380 2096.8
1104390 2096.8
1104400 2102.7
1104410 2108.8
1104420 2108.8
1104430 2115.3
1104440 2121.8
1104450 2121.8
1104460 2128.0
1104470 2134.0
1104480 2139.5
1104490 2139.5
1104500 2145.1
1104510 2150.7
1104520 2150.7
1104530 2156.4
1104540 2162.0
1104550 2162.0
1104560 2167.9
1104570 2173.6
1104580 2173.6
1104590 2179.4
1104600 2185.4
1104610 2185.4
1104620 2191.5
1104630 2197.3
1104640 2197.3
1104650 2203.2
1104660 2209.1
1104670 2215.4
1104680 2215.4
1104690 2221.7
1104700 2227.6
1104710 2227.6
1104720 2234.0
1104730 2241.3
1104740 2241.3
1104750 2247.7
1104760 2254.3
1104770 2254.3
1104780 2260.9
1104790 2267.8
1104800 2267.8
1104810 2274.6
1104820 2281.5
1104830 2281.5
1104840 2288.6
1104850 2296.1
1104860 2296.1
1104870 2304.1
1104880 2312.0
1104890 2320.3
1104900 2320.3
1104910 2328.7
1104920 2336.9
1104930 2336.9
1104940 2342.0
1104950 2349.4
1104960 2349.4
1104970 2357.6
1104980 2365.2
1104990 2365.2
1105000 2373.1
1105010 2381.3
1105020 2381.3
1105030 2390.4
1105040 2399.4
1105050 2399.4
1105060 2402.7
1105070 2410.2
1105080 2418.1
1105090 2418.1
1105100 2426.1
1105110 2434.4
1105120 2434.4
1105130 2442.4
1105140 2450.8
1105150 2450.8
1105160 2459.1
1105170 2466.4
1105180 2466.4
1105190 2472.7
1105200 2482.3
1105210 2482.3
1105220 2491.2
1105230 2499.4
1105240 2499.4
1105250 2511.3
1105260 2526.1
1105270 2538.7
1105280 2538.7
1105290 2537.6
1105300 2532.7
1105310 2532.7
1105320 2524.6
1105330 2511.5
1105340 2511.5
1105350 2501.1
1105360 2493.8
1105370 2493.8
1105380 2488.4
1105390 2478.3
1105400 2478.3
1105410 2476.2
1105420 2478.8
1105430 2478.8
1105440 2481.6
1105450 2477.8
1105460 2477.8
1105470 2471.0
1105480 2467.3
1105490 2464.3
1105500 2464.3
1105510 2459.5
1105520 2456.9
1105530 2456.9
1105540 2450.0
1105550 2447.2
1105560 2447.2
1105570 2440.1
1105580 2432.8
1105590 2432.8
1105600 2421.2
1105610 2412.4
1105620 2412.4
1105630 2404.8
1105640 2397.7
1105650 2397.7
1105660 2391.1
1105670 2385.4
1105680 2380.0
1105690 2380.0
1105700 2375.2
1105710 2370.9
1105720 2370.9
1105730 2366.7
1105740 2363.6
1105750 2363.6
1105760 2361.5
1105770 2357.7
1105780 2357.7
1105790 2353.1
1105800 2348.4
1105810 2348.4
1105820 2346.4
1105830 2344.9
1105840 2344.9
1105850 2343.6
1105860 2342.9
1105870 2342.9
1105880 2341.4
1105890 2338.6
1105900 2336.3
1105910 2336.3
1105920 2333.2
1105930 2329.3
1105940 2329.3
1105950 2325.3
1105960 2320.8
1105970 2320.8
1105980 2314.6
1105990 2308.5
1106000 2308.5
1106010 2306.1
1106020 2304.1
1106030 2304.1
1106040 2301.6
1106050 2299.7
1106060 2294.6
1106070 2291.9
1106080 2285.5
1106090 2279.2
1106100 2279.2
1106110 2270.9
1106120 2263.7
1106130 2263.7
1106140 2257.4
1106150 2251.3
1106160 2251.3
1106170 2247.5
1106180 2246.3
1106190 2246.3
1106200 2243.6
1106210 2241.8
1106220 2241.8
1106230 2239.1
1106240 2235.3
1106250 2235.3
1106260 2232.3
1106270 2229.0
1106280 2229.0
1106290 2224.8
1106300 2221.5
1106310 2218.0
1106320 2218.0
1106330 2212.1
1106340 2206.7
1106350 2206.7
1106360 2202.0
1106370 2198.4
1106380 2198.4
1106390 2194.5
1106400 2189.6
1106410 2189.6
1106420 2184.7
1106430 2180.1
1106440 2180.1
1106450 2175.7
1106460 2171.3
1106470 2171.3
1106480 2167.1
1106490 2163.6
1106500 2159.8
1106510 2159.8
1106520 2156.3
1106530 2152.9
1106540 2152.9
1106550 2150.0
1106560 2147.8
1106570 2147.8
1106580 2146.3
1106590 2144.1
1106600 2144.1
1106610 2142.5
1106620 2140.1
1106630 2140.1
1106640 2137.5
1106650 2135.1
1106660 2135.1
1106670 2133.7
1106680 2132.0
1106690 2132.0
1106700 2128.6
1106710 2124.0
1106720 2120.5
1106730 2124.5
1106740 2120.5
1106750 2115.5
1106760 2115.5
1106770 2111.7
1106780 2108.4
1106790 2108.4
1106800 2105.3
1106810 2101.2
1106820 2101.2
1106830 2097.0
1106840 2093.1
1106850 2093.1
1106860 2090.0
1106870 2086.8
1106880 2086.8
1106890 2084.0
1106900 2081.6
1106910 2078.3
1106920 2078.3
1106930 2074.0
1106940 2070.6
1106950 2070.6
1106960 2067.2
1106970 2063.4
1106980 2063.4
1106990 2058.5
1107000 2053.7
1107010 2053.7
1107020 2049.4
1107030 2046.1
1107040 2046.1
1107050 2042.9
1107060 2040.2
1107070 2041.8
1107080 2040.1
1107090 2038.1
1107100 2034.3
1107110 2034.3
1107120 2030.3
1107130 2027.5
1107140 2027.5
1107150 2025.1
1107160 2023.7
1107170 2023.7
1107180 2023.0
1107190 2023.2
1107200 2023.2
1107210 2021.6
1107220 2017.2
1107230 2017.2
1107240 2011.9
1107250 2005.8
1107260 2005.8
1107270 1999.1
1107280 1993.3
1107290 1993.3
1107300 1987.4
1107310 1980.9
1107320 1974.2
1107330 1974.2
1107340 1967.0
1107350 1960.9
1107360 1960.9
1107370 1955.5
1107380 1948.9
1107390 1948.9
1107400 1945.1
1107410 1938.9
1107420 1938.9
1107430 1933.4
1107440 1927.0
1107450 1927.0
1107460 1916.7
1107470 1907.0
1107480 1907.0
1107490 1898.3
1107500 1892.7
1107510 1887.3
1107520 1887.3
1107530 1882.2
1107540 1880.4
1107550 1880.4
1107560 1877.2
1107570 1872.6
1107580 1872.6
1107590 1869.4
1107600 1867.0
1107610 1867.0
1107620 1865.3
1107630 1863.5
1107640 1863.5
1107650 1860.1
1107660 1853.4
1107670 1853.4
1107680 1846.9
1107690 1841.6
1107700 1841.6
1107710 1837.2
1107720 1833.4
1107730 1830.3
1107740 1833.7
1107750 1830.4
1107760 1826.9
1107770 1826.9
1107780 1823.5
1107790 1817.6
1107800 1817.6
1107810 1813.7
1107820 1813.9
1107830 1813.9
1107840 1814.2
1107850 1815.9
1107860 1815.9
1107870 1817.8
1107880 1819.3
1107890 1819.3
1107900 1820.9
1107910 1822.5
1107920 1824.2
1107930 1824.2
1107940 1825.7
1107950 1827.6
1107960 1827.6
1107970 1829.4
1107980 1831.0
1107990 1831.0
1108000 1832.9
1108010 1834.8
1108020 1834.8
1108030 1837.0
1108040 1839.1
1108050 1839.1
1108060 1841.4
1108070 1842.7
1108080 1842.7
1108090 1845.0
1108100 1847.5
1108110 1847.5
1108120 1849.8
1108130 1852.2
1108140 1854.6
1108150 1854.6
1108160 1857.4
1108170 1859.7
1108180 1859.7
1108190 1862.5
1108200 1865.7
1108210 1865.7
1108220 1868.4
1108230 1871.3
1108240 1871.3
1108250 1874.3
1108260 1877.4
1108270 1877.4
1108280 1881.4
1108290 1884.7
1108300 1884.7
1108310 1888.1
1108320 1891.4
1108330 1894.6
1108340 1894.6
1108350 1897.8
1108360 1901.2
1108370 1901.2
1108380 1904.6
1108390 1908.0
1108400 1908.0
1108410 1911.9
1108420 1915.1
1108430 1915.1
1108440 1917.7
1108450 1920.1
1108460 1920.1
1108470 1924.4
1108480 1929.1
1108490 1929.1
1108500 1933.1
1108510 1937.8
1108520 1937.8
1108530 1942.7
1108540 1946.4
1108550 1949.5
1108560 1949.5
1108570 1952.9
1108580 1956.9
1108590 1956.9
1108600 1960.4
1108610 1964.0
1108620 1964.0
1108630 1968.9
1108640 1972.9
1108650 1972.9
1108660 1978.3
1108670 1985.7
1108680 1985.7
1108690 1995.2
1108700 2002.9
1108710 2002.9
1108720 2011.4
1108730 2019.8
1108740 2025.0
1108750 2024.3
1108760 2031.6
1108770 2038.8
1108780 2038.8
1108790 2045.5
1108800 2052.3
1108810 2052.3
1108820 2058.7
1108830 2065.8
1108840 2065.8
1108850 2073.2
1108860 2080.1
1108870 2080.1
1108880 2086.8
1108890 2093.9
1108900 2093.9
1108910 2102.3
1108920 2110.4
1108930 2116.8
1108940 2116.8
1108950 2122.1
1108960 2127.6
1108970 2127.6
1108980 2136.0
1108990 2143.2
1109000 2143.2
1109010 2151.0
1109020 2154.6
1109030 2154.6
1109040 2156.0
1109050 2161.5
1109060 2161.5
1109070 2164.5
1109080 2172.2
1109090 2172.2
1109100 2175.9
1109110 2179.7
1109120 2179.7
1109130 2184.3
1109140 2188.8
1109150 2195.0
1109160 2195.0
1109170 2200.7
1109180 2206.1
1109190 2206.1
1109200 2210.5
1109210 2215.2
1109220 2215.2
1109230 2219.6
1109240 2225.7
1109250 2225.7
1109260 2230.0
1109270 2235.4
1109280 2235.4
1109290 2239.7
1109300 2243.7
1109310 2243.7
1109320 2248.3
1109330 2253.8
1109340 2259.2
1109350 2259.2
1109360 2264.9
1109370 2270.2
1109380 2270.2
1109390 2275.8
1109400 2278.9
1109410 2278.9
1109420 2283.4
1109430 2286.0
1109440 2286.0
1109450 2288.4
1109460 2293.2
1109470 2293.2
1109480 2295.8
1109490 2301.0
1109500 2301.0
1109510 2306.9
1109520 2312.4
1109530 2312.4
1109540 2314.2
1109550 2315.1
1109560 2320.2
1109570 2320.2
1109580 2322.2
1109590 2322.0
1109600 2322.0
1109610 2321.9
1109620 2323.0
1109630 2323.0
1109640 2323.7
1109650 2324.9
1109660 2324.9
1109670 2327.9
1109680 2331.7
1109690 2331.7
1109700 2334.7
1109710 2339.2
1109720 2339.2
1109730 2344.1
1109740 2348.3
1109750 2351.9
1109760 2351.9
1109770 2354.8
1109780 2357.7
1109790 2357.7
1109800 2361.5
1109810 2365.1
1109820 2365.1
1109830 2369.9
1109840 2374.3
1109850 2374.3
1109860 2378.0
1109870 2380.8
1109880 2380.8
1109890 2384.8
1109900 2390.1
1109910 2390.1
1109920 2396.6
1109930 2402.7
1109940 2402.7
1109950 2407.9
1109960 2413.1
1109970 2417.7
1109980 2417.7
1109990 2423.0
1110000 2428.2
1110010 2428.2
1110020 2432.1
1110030 2436.5
1110040 2436.5
1110050 2440.9
1110060 2445.4
1110070 2445.4
1110080 2448.8
1110090 2451.2
1110100 2451.2
1110110 2456.3
1110120 2461.8
1110130 2461.8
1110140 2466.5
1110150 2471.4
1110160 2476.5
1110170 2476.5
1110180 2481.6
1110190 2487.8
1110200 2487.8
1110210 2493.2
1110220 2499.1
1110230 2499.1
1110240 2505.3
1110250 2510.9
1110260 2510.9
1110270 2511.7
1110280 2515.8
1110290 2515.8
1110300 2515.7
1110310 2508.9
1110320 2508.9
1110330 2502.4
1110340 2494.7
1110350 2486.0
1110360 2486.0
1110370 2478.0
1110380 2469.5
1110390 2469.5
1110400 2460.0
1110410 2447.5
1110420 2447.5
1110430 2435.5
1110440 2427.0
1110450 2427.0
1110460 2421.3
1110470 2416.1
1110480 2416.1
1110490 2411.2
1110500 2406.8
1110510 2406.8
1110520 2402.4
1110530 2397.2
1110540 2397.2
1110550 2392.8
1110560 2389.9
1110570 2387.2
1110580 2387.2
1110590 2384.5
1110600 2383.9
1110610 2383.9
1110620 2382.3
1110630 2380.2
1110640 2380.2
1110650 2378.2
1110660 2376.7
1110670 2376.7
1110680 2375.1
1110690 2373.9
1110700 2373.9
1110710 2371.5
1110720 2368.1
1110730 2368.1
1110740 2362.4
1110750 2355.5
1110760 2355.0
1110770 2356.6
1110780 2359.7
1110790 2362.3
1110800 2362.3
1110810 2364.6
1110820 2366.5
1110830 2366.5
1110840 2367.7
1110850 2367.6
1110860 2367.6
1110870 2364.9
1110880 2363.4
1110890 2363.4
1110900 2357.9
1110910 2354.7
1110920 2354.7
1110930 2351.9
1110940 2346.2
1110950 2346.2
1110960 2327.9
1110970 2316.5
1110980 2308.4
1110990 2308.4
1111000 2297.8
1111010 2288.5
1111020 2288.5
1111030 2280.9
1111040 2272.2
1111050 2272.2
1111060 2264.8
1111070 2257.8
1111080 2257.8
1111090 2250.9
1111100 2245.1
1111110 2245.9
1111120 2240.6
1111130 2234.6
1111140 2234.6
1111150 2227.8
1111160 2220.1
1111170 2214.3
1111180 2214.3
1111190 2209.5
1111200 2204.7
1111210 2204.7
1111220 2200.4
1111230 2196.1
1111240 2196.1
1111250 2192.2
1111260 2188.9
1111270 2188.9
1111280 2186.2
1111290 2184.0
1111300 2184.0
1111310 2181.8
1111320 2179.8
1111330 2179.8
1111340 2177.4
1111350 2174.6
1111360 2174.6
1111370 2172.0
1111380 2169.2
1111390 2167.5
1111400 2167.5
1111410 2165.5
1111420 2164.0
1111430 2164.0
1111440 2162.2
1111450 2157.6
1111460 2157.6
1111470 2157.7
1111480 2157.2
1111490 2157.2
1111500 2158.1
1111510 2158.0
1111520 2158.0
1111530 2156.4
1111540 2155.1
1111550 2155.1
1111560 2153.4
1111570 2151.6
1111580 2150.2
1111590 2150.2
1111600 2149.3
1111610 2148.6
1111620 2148.6
1111630 2148.0
1111640 2146.1
1111650 2146.1
1111660 2143.9
1111670 2142.2
1111680 2142.2
1111690 2140.8
1111700 2139.3
1111710 2139.3
1111720 2137.7
1111730 2136.3
1111740 2136.3
1111750 2134.6
1111760 2133.1
1111770 2130.7
1111780 2130.7
1111790 2128.8
1111800 2125.0
1111810 2125.0
1111820 2121.1
1111830 2117.4
1111840 2117.4
1111850 2114.4
1111860 2112.1
1111870 2112.1
1111880 2109.5
1111890 2105.6
1111900 2105.6
1111910 2100.0
1111920 2094.3
1111930 2094.3
1111940 2089.0
1111950 2084.0
1111960 2084.0
1111970 2079.5
1111980 2075.9
1111990 2072.1
1112000 2072.1
1112010 2068.0
1112020 2066.3
1112030 2066.3
1112040 2065.9
1112050 2064.2
1112060 2064.2
1112070 2061.7
1112080 2058.8
1112090 2058.8
1112100 2053.6
1112110 2049.5
1112120 2049.5
1112130 2045.2
1112140 2041.6
1112150 2041.6
1112160 2038.2
1112170 2034.4
1112180 2029.9
1112190 2029.9
1112200 2026.8
1112210 2024.4
1112220 2024.4
1112230 2021.0
1112240 2017.0
1112250 2017.0
1112260 2011.8
1112270 2005.3
1112280 2005.3
1112290 1999.0
1112300 1994.8
1112310 1994.8
1112320 1992.9
1112330 1991.7
1112340 1991.7
1112350 1991.1
1112360 1987.7
1112370 1987.7
1112380 1984.4
1112390 1979.8
1112400 1975.5
1112410 1975.5
1112420 1971.9
1112430 1967.9
1112440 1967.9
1112450 1962.4
1112460 1956.3
1112470 1956.0
1112480 1950.9
1112490 1945.2
1112500 1945.2
1112510 1938.9
1112520 1932.5
1112530 1932.5
1112540 1926.2
1112550 1920.6
1112560 1920.6
1112570 1914.4
1112580 1907.4
1112590 1899.9
1112600 1899.9
1112610 1892.9
1112620 1887.6
1112630 1887.6
1112640 1884.1
1112650 1879.0
1112660 1879.0
1112670 1866.3
1112680 1851.9
1112690 1851.9
1112700 1842.0
1112710 1831.5
1112720 1831.5
1112730 1820.0
1112740 1814.0
1112750 1814.0
1112760 1816.9
1112770 1825.0
1112780 1825.0
1112790 1828.3
1112800 1828.7
1112810 1822.3
1112820 1822.3
1112830 1813.9
1112840 1810.5
1112850 1810.5
1112860 1804.9
1112870 1798.1
1112880 1798.1
1112890 1789.3
1112900 1780.8
1112910 1780.8
1112920 1772.9
1112930 1764.9
1112940 1764.9
1112950 1758.0
1112960 1751.1
1112970 1751.1
1112980 1742.6
1112990 1733.0
1113000 1724.8
1113010 1724.8
1113020 1717.4
1113030 1710.9
1113040 1710.9
1113050 1702.0
1113060 1694.7
1113070 1694.7
1113080 1688.0
1113090 1682.0
1113100 1682.0
1113110 1676.4
1113120 1672.3
1113130 1672.3
1113140 1665.7
1113150 1659.3
1113160 1659.3
1113170 1653.3
1113180 1651.4
1113190 1649.7
1113200 1649.7
1113210 1647.4
1113220 1645.1
1113230 1645.1
1113240 1642.7
1113250 1640.6
1113260 1640.6
1113270 1638.6
1113280 1637.1
1113290 1637.1
1113300 1636.4
1113310 1638.0
1113320 1638.0
1113330 1643.1
1113340 1646.1
1113350 1646.1
1113360 1648.9
1113370 1650.6
1113380 1650.6
1113390 1652.1
1113400 1654.5
1113410 1656.4
1113420 1656.4
1113430 1658.3
1113440 1660.2
1113450 1660.2
1113460 1661.7
1113470 1664.1
1113480 1664.1
1113490 1668.5
1113500 1670.7
1113510 1670.7
1113520 1673.2
1113530 1675.3
1113540 1675.3
1113550 1676.9
1113560 1681.4
1113570 1681.4
1113580 1689.9
1113590 1697.7
1113600 1706.6
1113610 1706.6
1113620 1716.7
1113630 1729.2
1113640 1729.2
1113650 1743.6
1113660 1762.4
1113670 1762.4
1113680 1774.8
1113690 1784.8
1113700 1784.8
1113710 1793.2
1113720 1806.2
1113730 1806.2
1113740 1821.2
1113750 1829.4
1113760 1829.4
1113770 1836.8
1113780 1844.1
1113790 1844.1
1113800 1850.9
1113810 1859.0
1113820 1866.8
1113830 1869.1
1113840 1877.8
1113850 1885.3
1113860 1885.3
1113870 1895.9
1113880 1908.5
1113890 1908.5
1113900 1915.5
1113910 1922.3
1113920 1922.3
1113930 1929.3
1113940 1939.3
1113950 1939.3
1113960 1949.6
1113970 1956.6
1113980 1956.6
1113990 1962.6
1114000 1971.4
1114010 1981.5
1114020 1981.5
1114030 1994.8
1114040 2009.0
1114050 2009.0
1114060 2015.1
1114070 2021.3
1114080 2021.3
1114090 2027.5
1114100 2034.2
1114110 2034.2
1114120 2041.5
1114130 2047.5
1114140 2047.5
1114150 2053.6
1114160 2060.4
1114170 2061.3
1114180 2069.9
1114190 2078.1
1114200 2078.1
1114210 2086.8
1114220 2097.7
1114230 2106.9
1114240 2106.9
1114250 2113.7
1114260 2119.3
1114270 2119.3
1114280 2124.9
1114290 2129.5
1114300 2129.5
1114310 2134.1
1114320 2139.5
1114330 2139.5
1114340 2141.0
1114350 2150.1
1114360 2150.1
1114370 2154.6
1114380 2163.3
1114390 2163.3
1114400 2170.7
1114410 2178.6
1114420 2186.6
1114430 2186.6
1114440 2198.5
1114450 2211.3
1114460 2211.3
1114470 2219.7
1114480 2227.1
1114490 2227.1
1114500 2232.8
1114510 2234.0
1114520 2234.0
1114530 2235.1
1114540 2235.8
1114550 2235.8
1114560 2237.1
1114570 2240.0
1114580 2240.0
1114590 2245.4
1114600 2250.6
1114610 2256.8
1114620 2256.8
1114630 2262.6
1114640 2271.3
1114650 2271.3
1114660 2281.3
1114670 2286.1
1114680 2286.1
1114690 2286.5
1114700 2290.6
1114710 2290.6
1114720 2293.0
1114730 2288.3
1114740 2288.3
1114750 2287.9
1114760 2284.4
1114770 2284.4
1114780 2276.7
1114790 2272.8
1114800 2272.8
1114810 2268.2
1114820 2267.1
1114830 2275.5
1114840 2275.5
1114850 2285.3
1114860 2296.7
1114870 2296.7
1114880 2291.6
1114890 2276.7
1114900 2276.7
1114910 2272.8
1114920 2266.3
1114930 2266.3
1114940 2257.5
1114950 2249.6
1114960 2249.6
1114970 2246.6
1114980 2242.8
1114990 2242.8
1115000 2240.1
1115010 2236.8
1115020 2232.1
1115030 2232.1
1115040 2227.4
1115050 2223.8
1115060 2223.8
1115070 2222.6
1115080 2221.5
1115090 2221.5
1115100 2222.2
1115110 2221.9
1115120 2221.9
1115130 2221.1
1115140 2220.1
1115150 2220.1
1115160 2219.3
1115170 2217.3
1115180 2217.3
1115190 2216.1
1115200 2219.2
1115210 2219.2
1115220 2217.7
1115230 2216.1
1115240 2213.2
1115250 2213.2
1115260 2211.3
1115270 2208.6
1115280 2208.6
1115290 2206.6
1115300 2204.1
1115310 2204.1
1115320 2203.6
1115330 2205.3
1115340 2205.3
1115350 2205.8
1115360 2204.9
1115370 2204.9
1115380 2204.7
1115390 2206.5
1115400 2206.5
1115410 2209.6
1115420 2214.4
1115430 2218.6
1115440 2218.6
1115450 2219.2
1115460 2221.5
1115470 2221.5
1115480 2224.5
1115490 2227.7
1115500 2227.7
1115510 2232.4
1115520 2238.1
1115530 2238.1
1115540 2241.4
1115550 2242.9
1115560 2242.9
1115570 2245.6
1115580 2249.5
1115590 2249.5
1115600 2251.5
1115610 2251.4
1115620 2251.9
1115630 2251.9
1115640 2254.1
1115650 2256.1
1115660 2256.1
1115670 2258.4
1115680 2261.9
1115690 2261.9
1115700 2266.3
1115710 2271.7
1115720 2271.7
1115730 2277.4
1115740 2283.0
1115750 2283.0
1115760 2289.1
1115770 2295.6
1115780 2295.6
1115790 2303.4
1115800 2311.8
1115810 2311.8
1115820 2319.0
1115830 2326.3
1115840 2334.9
1115850 2334.9
1115860 2343.5
1115870 2350.3
1115880 2345.4
1115890 2351.5
1115900 2355.2
1115910 2355.2
1115920 2357.6
1115930 2359.5
1115940 2359.5
1115950 2360.7
1115960 2361.3
1115970 2361.3
1115980 2360.8
1115990 2359.4
1116000 2359.4
1116010 2361.1
1116020 2364.8
1116030 2368.7
1116040 2368.7
1116050 2367.8
1116060 2364.6
1116070 2364.6
1116080 2354.5
1116090 2348.5
1116100 2348.5
1116110 2331.8
1116120 2317.9
1116130 2317.9
1116140 2302.1
1116150 2294.8
1116160 2294.8
1116170 2289.7
1116180 2284.2
1116190 2284.2
1116200 2280.3
1116210 2276.5
1116220 2276.5
1116230 2267.5
1116240 2264.0
1116250 2260.3
1116260 2260.3
1116270 2256.7
1116280 2252.9
1116290 2252.9
1116300 2249.8
1116310 2247.6
1116320 2247.6
1116330 2245.2
1116340 2242.0
1116350 2242.0
1116360 2237.7
1116370 2231.8
1116380 2231.8
1116390 2216.3
1116400 2206.0
1116410 2206.0
1116420 2196.7
1116430 2189.3
1116440 2184.7
1116450 2184.7
1116460 2182.5
1116470 2179.8
1116480 2179.8
1116490 2179.0
1116500 2177.8
1116510 2177.8
1116520 2176.0
1116530 2174.5
1116540 2174.5
1116550 2172.2
1116560 2169.0
1116570 2172.8
1116580 2169.8
1116590 2166.7
1116600 2166.7
1116610 2163.0
1116620 2159.2
1116630 2159.2
1116640 2155.2
1116650 2151.6
1116660 2148.2
1116670 2148.2
1116680 2145.6
1116690 2143.5
1116700 2143.5
1116710 2140.6
1116720 2133.8
1116730 2133.8
1116740 2127.3
1116750 2122.6
1116760 2122.6
1116770 2120.1
1116780 2119.7
1116790 2119.7
1116800 2118.5
1116810 2114.9
1116820 2114.9
1116830 2110.9
1116840 2106.8
1116850 2105.2
1116860 2105.2
1116870 2103.5
1116880 2100.9
1116890 2100.9
1116900 2098.3
1116910 2099.7
1116920 2099.7
1116930 2099.0
1116940 2099.5
1116950 2099.5
1116960 2099.7
1116970 2099.6
1116980 2099.6
1116990 2100.8
1117000 2101.2
1117010 2101.2
1117020 2101.7
1117030 2102.3
1117040 2104.6
1117050 2104.6
1117060 2105.3
1117070 2103.9
1117080 2103.9
1117090 2103.6
1117100 2103.5
1117110 2103.5
1117120 2103.3
1117130 2103.4
1117140 2103.4
1117150 2104.0
1117160 2104.9
1117170 2104.9
1117180 2105.2
1117190 2105.7
1117200 2105.7
1117210 2109.5
1117220 2114.0
1117230 2114.0
1117240 2117.5
1117250 2117.9
1117260 2120.3
1117270 2120.3
1117280 2122.8
1117290 2126.8
1117300 2126.8
1117310 2132.8
1117320 2139.6
1117330 2139.6
1117340 2146.5
1117350 2154.1
1117360 2154.1
1117370 2159.4
1117380 2162.6
1117390 2162.6
1117400 2166.5
1117410 2170.1
1117420 2170.1
1117430 2173.9
1117440 2179.0
1117450 2185.3
1117460 2185.3
1117470 2193.5
1117480 2201.6
1117490 2201.6
1117500 2209.0
1117510 2217.5
1117520 2217.5
1117530 2226.6
1117540 2234.9
1117550 2234.9
1117560 2243.4
1117570 2254.3
1117580 2254.3
1117590 2259.8
1117600 2265.1
1117610 2265.1
1117620 2269.0
1117630 2272.6
1117640 2272.6
1117650 2273.4
1117660 2272.7
1117670 2273.8
1117680 2273.8
1117690 2277.0
1117700 2281.7
1117710 2281.7
1117720 2287.6
1117730 2294.4
1117740 2294.4
1117750 2302.2
1117760 2310.6
1117770 2310.6
1117780 2324.0
1117790 2330.1
1117800 2330.1
1117810 2335.2
1117820 2340.9
1117830 2340.9
1117840 2346.9
1117850 2353.5
1117860 2361.6
1117870 2361.6
1117880 2368.0
1117890 2367.7
1117900 2367.7
1117910 2363.0
1117920 2362.7
1117930 2362.7
1117940 2358.2
1117950 2339.8
1117960 2339.8
1117970 2331.8
1117980 2325.2
1117990 2325.2
1118000 2319.9
1118010 2314.7
1118020 2314.7
1118030 2307.0
1118040 2303.5
1118050 2303.5
1118060 2301.1
1118070 2298.5
1118080 2295.8
1118090 2295.8
1118100 2292.1
1118110 2287.7
1118120 2287.7
1118130 2283.7
1118140 2279.6
1118150 2279.6
1118160 2276.6
1118170 2275.5
1118180 2275.5
1118190 2274.3
1118200 2272.8
1118210 2272.8
1118220 2270.7
1118230 2267.7
1118240 2267.7
1118250 2264.0
1118260 2259.2
1118270 2253.0
1118280 2253.0
1118290 2241.4
1118300 2234.5
1118310 2234.5
1118320 2228.1
1118330 2221.9
1118340 2221.9
1118350 2215.6
1118360 2209.4
1118370 2209.4
1118380 2204.2
1118390 2199.7
1118400 2199.7
1118410 2194.8
1118420 2188.7
1118430 2188.7
1118440 2183.3
1118450 2178.2
1118460 2173.8
1118470 2173.8
1118480 2170.4
1118490 2165.5
1118500 2165.5
1118510 2159.7
1118520 2154.1
1118530 2154.1
1118540 2149.1
1118550 2145.1
1118560 2145.1
1118570 2142.7
1118580 2141.1
1118590 2141.1
1118600 2139.4
1118610 2137.7
1118620 2137.7
1118630 2135.5
1118640 2137.2
1118650 2137.2
1118660 2136.3
1118670 2135.5
1118680 2135.4
1118690 2135.4
1118700 2135.7
1118710 2135.6
1118720 2135.6
1118730 2134.7
1118740 2133.9
1118750 2133.9
1118760 2133.2
1118770 2132.5
1118780 2132.5
1118790 2132.3
1118800 2133.5
1118810 2133.5
1118820 2133.7
1118830 2131.1
1118840 2131.1
1118850 2127.1
1118860 2124.9
1118870 2122.1
1118880 2122.1
1118890 2119.7
1118900 2118.5
1118910 2118.5
1118920 2117.9
1118930 2116.4
1118940 2116.4
1118950 2113.7
1118960 2110.9
1118970 2110.9
1118980 2111.7
1118990 2111.0
1119000 2111.0
1119010 2108.7
1119020 2108.1
1119030 2108.1
1119040 2104.9
1119050 2099.2
1119060 2099.2
1119070 2092.8
1119080 2087.7
1119090 2085.5
1119100 2085.5
1119110 2082.5
1119120 2078.6
1119130 2078.6
1119140 2074.5
1119150 2069.2
1119160 2069.2
1119170 2063.7
1119180 2057.7
1119190 2057.7
1119200 2051.9
1119210 2046.6
1119220 2046.6
1119230 2041.5
1119240 2036.9
1119250 2036.9
1119260 2034.2
1119270 2033.2
1119280 2030.5
1119290 2030.5
1119300 2030.7
1119310 2029.4
1119320 2029.4
1119330 2027.0
1119340 2012.6
1119350 2012.6
1119360 2004.7
1119370 1998.8
1119380 1998.8
1119390 1992.7
1119400 1986.7
1119410 1986.7
1119420 1980.4
1119430 1973.9
1119440 1973.9
1119450 1968.8
1119460 1962.3
1119470 1962.3
1119480 1956.0
1119490 1950.7
1119500 1948.2
1119510 1948.2
1119520 1943.9
1119530 1931.7
1119540 1931.7
1119550 1919.1
1119560 1909.9
1119570 1909.9
1119580 1902.4
1119590 1895.8
1119600 1895.8
1119610 1887.8
1119620 1874.6
1119630 1874.6
1119640 1865.5
1119650 1855.0
1119660 1855.0
1119670 1829.0
1119680 1806.2
1119690 1793.0
1119700 1793.0
1119710 1775.9
1119720 1766.5
1119730 1766.5
1119740 1751.9
1119750 1731.3
1119760 1731.3
1119770 1712.0
1119780 1690.0
1119790 1690.0
1119800 1670.9
1119810 1657.1
1119820 1657.1
1119830 1652.0
1119840 1647.7
1119850 1647.7
1119860 1641.4
1119870 1633.9
1119880 1626.9
1119890 1626.9
1119900 1620.1
1119910 1612.8
1119920 1612.8
1119930 1605.1
1119940 1598.5
1119950 1598.5
1119960 1594.7
1119970 1589.4
1119980 1589.4
1119990 1581.9
