1100000 2260.4
1100010 2256.6
1100020 2252.6
1100030 2252.6
1100040 2248.7
1100050 2246.0
1100060 2246.0
1100070 2244.1
1100080 2241.7
1100090 2241.7
1100100 2237.4
1100110 2236.5
1100120 2236.5
1100130 2236.2
1100140 2236.1
1100150 2236.1
1100160 2235.7
1100170 2234.8
1100180 2234.8
1100190 2233.4
1100200 2232.4
1100210 2232.4
1100220 2231.6
1100230 2230.8
1100240 2230.2
1100250 2230.2
1100260 2230.3
1100270 2230.2
1100280 2230.2
1100290 2229.7
1100300 2228.8
1100310 2228.8
1100320 2227.2
1100330 2224.1
1100340 2224.1
1100350 2220.7
1100360 2218.0
1100370 2218.0
1100380 2216.3
1100390 2215.0
1100400 2215.0
1100410 2214.2
1100420 2213.9
1100430 2212.5
1100440 2212.5
1100450 2210.4
1100460 2209.6
1100470 2209.6
1100480 2208.7
1100490 2207.1
1100500 2207.1
1100510 2205.1
1100520 2202.2
1100530 2202.2
1100540 2198.2
1100550 2194.2
1100560 2194.2
1100570 2192.1
1100580 2190.1
1100590 2190.1
1100600 2187.7
1100610 2185.7
1100620 2185.7
1100630 2183.4
1100640 2181.6
1100650 2179.6
1100660 2179.6
1100670 2177.8
1100680 2175.6
1100690 2175.6
1100700 2173.3
1100710 2171.3
1100720 2171.3
1100730 2169.4
1100740 2167.7
1100750 2163.8
1100760 2161.5
1100770 2159.9
1100780 2159.9
1100790 2158.7
1100800 2157.3
1100810 2157.3
1100820 2156.0
1100830 2155.0
1100840 2154.1
1100850 2154.1
1100860 2153.3
1100870 2152.3
1100880 2152.3
1100890 2151.0
1100900 2149.5
1100910 2149.5
1100920 2147.6
1100930 2145.6
1100940 2145.6
1100950 2143.4
1100960 2141.2
1100970 2141.2
1100980 2138.7
1100990 2135.4
1101000 2135.4
1101010 2132.1
1101020 2129.7
1101030 2129.7
1101040 2127.9
1101050 2126.4
1101060 2124.8
1101070 2124.8
1101080 2117.6
1101090 2114.4
1101100 2114.4
1101110 2111.3
1101120 2108.6
1101130 2108.6
1101140 2106.1
1101150 2104.5
1101160 2104.5
1101170 2102.3
1101180 2099.5
1101190 2099.5
1101200 2097.9
1101210 2094.9
1101220 2094.9
1101230 2092.9
1101240 2091.9
1101250 2087.7
1101260 2087.7
1101270 2084.9
1101280 2085.5
1101290 2085.5
1101300 2084.2
1101310 2082.6
1101320 2082.6
1101330 2081.1
1101340 2080.1
1101350 2080.1
1101360 2078.8
1101370 2077.5
1101380 2077.5
1101390 2076.5
1101400 2074.6
1101410 2074.6
1101420 2070.3
1101430 2069.4
1101440 2069.4
1101450 2069.0
1101460 2068.2
1101470 2066.6
1101480 2066.6
1101490 2064.9
1101500 2063.2
1101510 2063.2
1101520 2061.2
1101530 2059.3
1101540 2059.3
1101550 2057.5
1101560 2056.1
1101570 2056.1
1101580 2055.6
1101590 2055.0
1101600 2055.0
1101610 2055.1
1101620 2056.6
1101630 2056.6
1101640 2056.3
1101650 2055.2
1101660 2053.9
1101670 2053.9
1101680 2050.3
1101690 2044.7
1101700 2044.7
1101710 2041.6
1101720 2040.2
1101730 2040.2
1101740 2041.1
1101750 2040.0
1101760 2040.0
1101770 2038.5
1101780 2033.6
1101790 2033.6
1101800 2032.5
1101810 2031.8
1101820 2031.8
1101830 2032.3
1101840 2033.4
1101850 2033.4
1101860 2034.9
1101870 2037.5
1101880 2039.6
1101890 2039.6
1101900 2040.0
1101910 2040.2
1101920 2040.2
1101930 2039.5
1101940 2037.3
1101950 2037.3
1101960 2035.9
1101970 2035.0
1101980 2035.0
1101990 2033.7
1102000 2031.6
1102010 2031.6
1102020 2030.0
1102030 2028.4
1102040 2028.4
1102050 2027.2
1102060 2025.1
1102070 2022.7
1102080 2020.2
1102090 2017.9
1102100 2016.3
1102110 2016.3
1102120 2014.7
1102130 2011.5
1102140 2011.5
1102150 2007.1
1102160 2005.4
1102170 2005.4
1102180 2005.0
1102190 2003.2
1102200 2003.2
1102210 2000.9
1102220 1998.6
1102230 1998.6
1102240 1996.0
1102250 1993.3
1102260 1993.3
1102270 1989.9
1102280 1985.8
1102290 1983.4
1102300 1983.4
1102310 1982.0
1102320 1980.7
1102330 1980.7
1102340 1978.2
1102350 1974.8
1102360 1974.8
1102370 1970.6
1102380 1966.8
1102390 1966.8
1102400 1962.5
1102410 1955.1
1102420 1955.1
1102430 1951.0
1102440 1946.1
1102450 1946.1
1102460 1941.0
1102470 1935.8
1102480 1930.9
1102490 1930.9
1102500 1925.4
1102510 1920.1
1102520 1920.1
1102530 1915.5
1102540 1912.4
1102550 1912.4
1102560 1907.7
1102570 1903.5
1102580 1903.5
1102590 1901.6
1102600 1899.1
1102610 1899.1
1102620 1895.5
1102630 1892.0
1102640 1892.0
1102650 1888.5
1102660 1884.7
1102670 1884.7
1102680 1881.5
1102690 1878.0
1102700 1874.8
1102710 1874.8
1102720 1872.1
1102730 1869.3
1102740 1870.1
1102750 1866.9
1102760 1863.2
1102770 1863.2
1102780 1859.9
1102790 1856.6
1102800 1856.6
1102810 1853.3
1102820 1849.3
1102830 1849.3
1102840 1844.9
1102850 1840.3
1102860 1840.3
1102870 1835.3
1102880 1831.3
1102890 1828.6
1102900 1828.6
1102910 1825.8
1102920 1818.3
1102930 1818.3
1102940 1810.4
1102950 1803.3
1102960 1803.3
1102970 1796.4
1102980 1787.8
1102990 1787.8
1103000 1781.0
1103010 1776.1
1103020 1776.1
1103030 1771.2
1103040 1764.0
1103050 1764.0
1103060 1756.4
1103070 1751.9
1103080 1751.9
1103090 1743.7
1103100 1737.5
1103110 1734.7
1103120 1734.7
1103130 1732.8
1103140 1729.4
1103150 1729.4
1103160 1724.8
1103170 1718.5
1103180 1718.5
1103190 1711.5
1103200 1704.5
1103210 1704.5
1103220 1697.4
1103230 1691.7
1103240 1691.7
1103250 1686.7
1103260 1683.4
1103270 1683.4
1103280 1681.4
1103290 1679.3
1103300 1676.6
1103310 1676.6
1103320 1670.6
1103330 1663.3
1103340 1663.3
1103350 1657.0
1103360 1653.7
1103370 1653.7
1103380 1650.5
1103390 1645.5
1103400 1642.5
1103410 1639.6
1103420 1637.2
1103430 1637.2
1103440 1636.6
1103450 1636.9
1103460 1636.9
1103470 1637.9
1103480 1638.7
1103490 1638.7
1103500 1638.6
1103510 1638.8
1103520 1639.4
1103530 1639.4
1103540 1639.8
1103550 1640.4
1103560 1640.4
1103570 1640.6
1103580 1640.6
1103590 1640.6
1103600 1640.9
1103610 1641.5
1103620 1641.5
1103630 1642.8
1103640 1644.4
1103650 1644.4
1103660 1646.5
1103670 1649.0
1103680 1649.0
1103690 1651.8
1103700 1655.2
1103710 1658.7
1103720 1658.7
1103730 1662.3
1103740 1666.7
1103750 1666.7
1103760 1670.3
1103770 1673.7
1103780 1673.7
1103790 1677.4
1103800 1681.1
1103810 1681.1
1103820 1684.8
1103830 1688.4
1103840 1688.4
1103850 1692.0
1103860 1696.1
1103870 1696.1
1103880 1699.8
1103890 1703.9
1103900 1703.9
1103910 1707.7
1103920 1711.2
1103930 1715.0
1103940 1715.0
1103950 1718.7
1103960 1722.1
1103970 1722.1
1103980 1725.3
1103990 1728.4
1104000 1728.4
1104010 1731.2
1104020 1733.8
1104030 1733.8
1104040 1736.5
1104050 1739.1
1104060 1739.1
1104070 1746.3
1104080 1748.7
1104090 1748.7
1104100 1750.4
1104110 1750.2
1104120 1750.1
1104130 1750.1
1104140 1756.7
1104150 1760.9
1104160 1760.9
1104170 1766.4
1104180 1773.0
1104190 1773.0
1104200 1780.1
1104210 1787.0
1104220 1787.0
1104230 1794.2
1104240 1801.4
1104250 1801.4
1104260 1809.9
1104270 1818.7
1104280 1818.7
1104290 1826.6
1104300 1837.1
1104310 1837.1
1104320 1848.0
1104330 1863.8
1104340 1873.9
1104350 1873.9
1104360 1881.7
1104370 1884.6
1104380 1884.6
1104390 1891.1
1104400 1925.6
1104410 1925.6
1104420 1940.4
1104430 1945.5
1104440 1945.5
1104450 1948.9
1104460 1942.9
1104470 1942.9
1104480 1932.0
1104490 1924.7
1104500 1924.7
1104510 1932.6
1104520 1942.7
1104530 1951.5
1104540 1951.5
1104550 1962.4
1104560 1963.6
1104570 1963.6
1104580 1969.8
1104590 1985.1
1104600 1985.1
1104610 2012.7
1104620 2021.0
1104630 2021.0
1104640 2016.2
1104650 2008.7
1104660 2008.7
1104670 2025.7
1104680 2039.6
1104690 2039.6
1104700 2051.7
1104710 2071.5
1104720 2071.5
1104730 2092.5
1104740 2101.3
1104750 2090.6
1104760 2090.6
1104770 2078.9
1104780 2067.7
1104790 2067.7
1104800 2067.5
1104810 2081.9
1104820 2081.9
1104830 2097.1
1104840 2105.7
1104850 2105.7
1104860 2101.9
1104870 2096.7
1104880 2096.7
1104890 2100.2
1104900 2091.7
1104910 2091.7
1104920 2080.3
1104930 2064.6
1104940 2046.2
1104950 2046.2
1104960 2027.7
1104970 2020.0
1104980 2020.0
1104990 2013.2
1105000 1999.9
1105010 1999.9
1105020 1987.8
1105030 1980.2
1105040 1980.2
1105050 1973.6
1105060 1969.5
1105070 1980.8
1105080 1972.7
1105090 1963.7
1105100 1963.7
1105110 1962.6
1105120 1962.4
1105130 1962.4
1105140 1962.4
1105150 1967.2
1105160 1984.3
1105170 1984.3
1105180 2003.1
1105190 2015.1
1105200 2015.1
1105210 2008.9
1105220 2005.3
1105230 2005.3
1105240 2012.8
1105250 2017.5
1105260 2017.5
1105270 2011.0
1105280 2004.9
1105290 2004.9
1105300 2004.5
1105310 2007.1
1105320 2007.1
1105330 2012.8
1105340 2020.7
1105350 2028.7
1105360 2028.7
1105370 2037.0
1105380 2045.6
1105390 2045.6
1105400 2056.7
1105410 2066.1
1105420 2066.1
1105430 2075.7
1105440 2087.1
1105450 2087.1
1105460 2101.7
1105470 2113.2
1105480 2113.2
1105490 2114.6
1105500 2109.7
1105510 2109.7
1105520 2103.8
1105530 2097.3
1105540 2097.3
1105550 2090.4
1105560 2085.1
1105570 2080.5
1105580 2080.5
1105590 2075.7
1105600 2071.5
1105610 2071.5
1105620 2066.8
1105630 2060.5
1105640 2060.5
1105650 2051.9
1105660 2041.7
1105670 2041.7
1105680 2033.3
1105690 2024.2
1105700 2024.2
1105710 2012.8
1105720 2008.8
1105730 2008.8
1105740 2008.8
1105750 2001.1
1105760 1991.9
1105770 1991.9
1105780 1983.7
1105790 1977.6
1105800 1977.6
1105810 1971.3
1105820 1965.1
1105830 1965.1
1105840 1958.9
1105850 1953.6
1105860 1953.6
1105870 1949.4
1105880 1944.0
1105890 1944.0
1105900 1941.9
1105910 1940.1
1105920 1940.1
1105930 1941.2
1105940 1943.2
1105950 1943.1
1105960 1943.1
1105970 1943.7
1105980 1941.3
1105990 1941.3
1106000 1939.0
1106010 1937.2
1106020 1937.2
1106030 1937.2
1106040 1939.1
1106050 1939.1
1106060 1939.5
1106070 1938.0
1106080 1938.0
1106090 1935.6
1106100 1933.5
1106110 1933.5
1106120 1931.5
1106130 1929.9
1106140 1929.9
1106150 1928.1
1106160 1925.8
1106170 1926.9
1106180 1926.9
1106190 1928.2
1106200 1927.5
1106210 1927.5
1106220 1922.5
1106230 1915.3
1106240 1915.3
1106250 1907.2
1106260 1900.4
1106270 1900.4
1106280 1894.2
1106290 1890.0
1106300 1890.0
1106310 1886.3
1106320 1883.2
1106330 1883.2
1106340 1880.7
1106350 1877.3
1106360 1873.2
1106370 1873.2
1106380 1868.4
1106390 1864.6
1106400 1870.0
1106410 1863.3
1106420 1855.5
1106430 1855.5
1106440 1848.0
1106450 1843.0
1106460 1843.0
1106470 1842.6
1106480 1841.5
1106490 1841.5
1106500 1837.2
1106510 1833.6
1106520 1833.6
1106530 1831.2
1106540 1827.4
1106550 1827.4
1106560 1823.1
1106570 1819.2
1106580 1816.0
1106590 1816.0
1106600 1810.9
1106610 1807.1
1106620 1807.1
1106630 1805.4
1106640 1803.5
1106650 1803.5
1106660 1801.6
1106670 1798.6
1106680 1798.6
1106690 1795.8
1106700 1793.1
1106710 1793.1
1106720 1790.9
1106730 1788.7
1106740 1795.2
1106750 1791.8
1106760 1788.8
1106770 1786.1
1106780 1786.1
1106790 1784.2
1106800 1781.8
1106810 1781.8
1106820 1778.1
1106830 1775.2
1106840 1775.2
1106850 1772.8
1106860 1770.3
1106870 1770.3
1106880 1767.1
1106890 1763.8
1106900 1763.8
1106910 1760.8
1106920 1759.3
1106930 1759.3
1106940 1759.4
1106950 1760.2
1106960 1760.2
1106970 1760.1
1106980 1760.3
1106990 1760.5
1107000 1760.5
1107010 1760.6
1107020 1760.9
1107030 1760.9
1107040 1761.1
1107050 1761.2
1107060 1761.2
1107070 1761.7
1107080 1761.9
1107090 1761.9
1107100 1762.1
1107110 1762.5
1107120 1762.5
1107130 1763.3
1107140 1764.6
1107150 1764.6
1107160 1764.9
1107170 1765.8
1107180 1768.0
1107190 1768.0
1107200 1770.3
1107210 1772.4
1107220 1772.4
1107230 1775.2
1107240 1778.0
1107250 1778.0
1107260 1780.3
1107270 1782.2
1107280 1782.2
1107290 1784.2
1107300 1786.4
1107310 1786.4
1107320 1788.9
1107330 1790.5
1107340 1790.5
1107350 1791.9
1107360 1794.7
1107370 1794.7
1107380 1798.0
1107390 1801.5
1107400 1805.0
1107410 1801.1
1107420 1804.0
1107430 1807.3
1107440 1807.3
1107450 1811.2
1107460 1816.4
1107470 1816.4
1107480 1822.2
1107490 1827.9
1107500 1827.9
1107510 1833.6
1107520 1839.1
1107530 1839.1
1107540 1845.3
1107550 1851.5
1107560 1851.5
1107570 1858.7
1107580 1865.3
1107590 1871.3
1107600 1871.3
1107610 1877.3
1107620 1883.0
1107630 1883.0
1107640 1888.8
1107650 1894.3
1107660 1894.3
1107670 1899.9
1107680 1905.3
1107690 1905.3
1107700 1910.8
1107710 1916.2
1107720 1916.2
1107730 1921.6
1107740 1926.9
1107750 1922.9
1107760 1928.0
1107770 1933.2
1107780 1933.2
1107790 1938.1
1107800 1941.6
1107810 1944.2
1107820 1944.2
1107830 1946.8
1107840 1949.5
1107850 1949.5
1107860 1954.9
1107870 1961.5
1107880 1961.5
1107890 1967.6
1107900 1972.7
1107910 1972.7
1107920 1978.5
1107930 1984.6
1107940 1984.6
1107950 1991.0
1107960 1998.2
1107970 1998.2
1107980 2005.5
1107990 2013.7
1108000 2022.1
1108010 2022.1
1108020 2030.2
1108030 2038.8
1108040 2038.8
1108050 2046.9
1108060 2054.3
1108070 2054.3
1108080 2058.7
1108090 2065.4
1108100 2065.4
1108110 2071.9
1108120 2077.3
1108130 2077.3
1108140 2081.9
1108150 2087.5
1108160 2087.5
1108170 2092.8
1108180 2099.0
1108190 2099.0
1108200 2105.5
1108210 2112.1
1108220 2118.8
1108230 2118.8
1108240 2125.3
1108250 2132.4
1108260 2132.4
1108270 2139.6
1108280 2147.1
1108290 2147.1
1108300 2152.6
1108310 2158.7
1108320 2158.7
1108330 2165.8
1108340 2171.5
1108350 2171.5
1108360 2178.5
1108370 2184.0
1108380 2184.0
1108390 2188.8
1108400 2194.6
1108410 2198.9
1108420 2196.9
1108430 2202.5
1108440 2210.7
1108450 2210.7
1108460 2219.7
1108470 2228.5
1108480 2228.5
1108490 2236.8
1108500 2245.6
1108510 2245.6
1108520 2251.6
1108530 2257.0
1108540 2257.0
1108550 2263.4
1108560 2269.6
1108570 2269.6
1108580 2275.7
1108590 2281.9
1108600 2281.9
1108610 2292.8
1108620 2305.8
1108630 2310.2
1108640 2310.2
1108650 2314.2
1108660 2317.6
1108670 2317.6
1108680 2320.6
1108690 2322.7
1108700 2322.7
1108710 2324.6
1108720 2326.3
1108730 2326.3
1108740 2327.1
1108750 2321.1
1108760 2321.1
1108770 2317.2
1108780 2314.1
1108790 2314.1
1108800 2310.2
1108810 2306.2
1108820 2302.3
1108830 2302.3
1108840 2298.6
1108850 2296.0
1108860 2296.0
1108870 2294.1
1108880 2293.0
1108890 2293.0
1108900 2292.6
1108910 2293.2
1108920 2293.2
1108930 2294.1
1108940 2294.3
1108950 2294.3
1108960 2295.0
1108970 2297.4
1108980 2297.4
1108990 2299.6
1109000 2301.6
1109010 2301.6
1109020 2302.9
1109030 2303.0
1109040 2303.7
1109050 2303.7
1109060 2305.2
1109070 2305.9
1109080 2305.9
1109090 2306.3
1109100 2307.2
1109110 2307.2
1109120 2308.4
1109130 2309.9
1109140 2309.9
1109150 2312.6
1109160 2316.0
1109170 2316.0
1109180 2319.3
1109190 2323.6
1109200 2323.6
1109210 2327.9
1109220 2331.7
1109230 2334.9
1109240 2334.9
1109250 2338.0
1109260 2340.1
1109270 2340.1
1109280 2342.3
1109290 2344.5
1109300 2344.5
1109310 2348.9
1109320 2355.5
1109330 2355.5
1109340 2361.8
1109350 2369.4
1109360 2369.4
1109370 2377.7
1109380 2384.6
1109390 2384.6
1109400 2390.1
1109410 2395.1
1109420 2395.1
1109430 2395.5
1109440 2400.1
1109450 2404.4
1109460 2404.4
1109470 2408.8
1109480 2413.5
1109490 2413.5
1109500 2417.3
1109510 2420.2
1109520 2420.2
1109530 2424.8
1109540 2430.9
1109550 2430.9
1109560 2436.2
1109570 2440.6
1109580 2440.6
1109590 2445.9
1109600 2451.3
1109610 2451.3
1109620 2456.7
1109630 2462.4
1109640 2469.2
1109650 2469.2
1109660 2475.8
1109670 2482.1
1109680 2482.1
1109690 2487.8
1109700 2493.0
1109710 2493.0
1109720 2497.6
1109730 2503.6
1109740 2503.6
1109750 2508.6
1109760 2511.9
1109770 2508.6
1109780 2511.8
1109790 2513.4
1109800 2513.4
1109810 2515.5
1109820 2520.9
1109830 2520.9
1109840 2527.8
1109850 2533.0
1109860 2534.8
1109870 2534.8
1109880 2535.3
1109890 2534.2
1109900 2534.2
1109910 2532.4
1109920 2529.5
1109930 2529.5
1109940 2523.8
1109950 2518.8
1109960 2518.8
1109970 2512.6
1109980 2506.7
1109990 2506.7
1110000 2504.5
1110010 2501.9
1110020 2501.9
1110030 2502.5
1110040 2505.7
1110050 2510.6
1110060 2510.6
1110070 2513.7
1110080 2515.9
1110090 2515.9
1110100 2507.1
1110110 2505.9
1110120 2505.9
1110130 2504.3
1110140 2500.3
1110150 2500.3
1110160 2498.5
1110170 2492.8
1110180 2492.8
1110190 2471.5
1110200 2454.7
1110210 2454.7
1110220 2446.1
1110230 2434.9
1110240 2434.9
1110250 2425.2
1110260 2415.9
1110270 2412.1
1110280 2412.1
1110290 2409.3
1110300 2406.7
1110310 2406.7
1110320 2406.3
1110330 2405.5
1110340 2405.5
1110350 2405.8
1110360 2405.3
1110370 2405.3
1110380 2404.1
1110390 2401.3
1110400 2401.3
1110410 2399.8
1110420 2396.8
1110430 2396.8
1110440 2384.4
1110450 2377.3
1110460 2371.3
1110470 2371.3
1110480 2362.4
1110490 2349.6
1110500 2349.6
1110510 2340.9
1110520 2334.5
1110530 2334.5
1110540 2329.0
1110550 2325.9
1110560 2325.9
1110570 2323.0
1110580 2318.3
1110590 2318.3
1110600 2313.1
1110610 2310.3
1110620 2310.3
1110630 2307.9
1110640 2302.9
1110650 2298.4
1110660 2298.4
1110670 2294.8
1110680 2289.5
1110690 2289.5
1110700 2283.7
1110710 2279.7
1110720 2279.7
1110730 2277.9
1110740 2277.9
1110750 2277.9
1110760 2277.3
1110770 2275.9
1110780 2283.0
1110790 2281.8
1110800 2282.7
1110810 2282.7
1110820 2283.7
1110830 2284.8
1110840 2284.8
1110850 2284.5
1110860 2288.1
1110870 2290.4
1110880 2290.4
1110890 2294.0
1110900 2297.5
1110910 2297.5
1110920 2301.6
1110930 2309.6
1110940 2309.6
1110950 2318.5
1110960 2314.2
1110970 2314.2
1110980 2315.0
1110990 2321.5
1111000 2321.5
1111010 2329.9
1111020 2337.8
1111030 2337.8
1111040 2346.0
1111050 2354.4
1111060 2364.7
1111070 2364.7
1111080 2373.2
1111090 2382.7
1111100 2382.7
1111110 2392.3
1111120 2399.1
1111130 2399.1
1111140 2406.7
1111150 2411.7
1111160 2411.7
1111170 2411.0
1111180 2407.0
1111190 2407.0
1111200 2403.4
1111210 2400.7
1111220 2400.7
1111230 2398.2
1111240 2397.6
1111250 2397.6
1111260 2396.3
1111270 2393.1
1111280 2390.3
1111290 2390.3
1111300 2388.7
1111310 2384.6
1111320 2384.6
1111330 2380.6
1111340 2379.8
1111350 2379.8
1111360 2377.8
1111370 2375.2
1111380 2375.2
1111390 2373.0
1111400 2369.9
1111410 2369.9
1111420 2366.6
1111430 2363.3
1111440 2363.3
1111450 2360.0
1111460 2352.2
1111470 2348.2
1111480 2348.2
1111490 2343.4
1111500 2339.3
1111510 2339.3
1111520 2336.1
1111530 2333.0
1111540 2333.0
1111550 2330.6
1111560 2328.2
1111570 2328.2
1111580 2327.5
1111590 2327.4
1111600 2327.4
1111610 2328.8
1111620 2330.4
1111630 2330.4
1111640 2330.2
1111650 2325.7
1111660 2325.7
1111670 2323.6
1111680 2324.8
1111690 2326.9
1111700 2326.9
1111710 2329.8
1111720 2331.6
1111730 2331.6
1111740 2331.6
1111750 2329.8
1111760 2329.8
1111770 2327.5
1111780 2323.5
1111790 2323.5
1111800 2321.9
1111810 2320.1
1111820 2320.1
1111830 2316.6
1111840 2314.9
1111850 2314.9
1111860 2312.3
1111870 2309.6
1111880 2306.5
1111890 2306.5
1111900 2301.6
1111910 2296.8
1111920 2296.8
1111930 2293.1
1111940 2288.5
1111950 2288.5
1111960 2285.0
1111970 2283.0
1111980 2283.0
1111990 2282.5
1112000 2280.5
1112010 2280.5
1112020 2278.4
1112030 2274.9
1112040 2274.9
1112050 2268.9
1112060 2259.7
1112070 2259.7
1112080 2255.3
1112090 2254.2
1112100 2254.9
1112110 2254.9
1112120 2253.3
1112130 2249.9
1112140 2245.3
1112150 2243.8
1112160 2242.2
1112170 2242.2
1112180 2239.6
1112190 2239.7
1112200 2239.7
1112210 2234.7
1112220 2231.8
1112230 2231.8
1112240 2218.4
1112250 2202.3
1112260 2202.3
1112270 2193.4
1112280 2185.4
1112290 2177.9
1112300 2177.9
1112310 2167.3
1112320 2162.1
1112330 2162.1
1112340 2156.9
1112350 2151.3
1112360 2151.3
1112370 2145.9
1112380 2139.6
1112390 2139.6
1112400 2124.5
1112410 2118.6
1112420 2118.6
1112430 2119.5
1112440 2113.9
1112450 2113.9
1112460 2106.3
1112470 2101.2
1112480 2080.2
1112490 2070.2
1112500 2073.6
1112510 2076.1
1112520 2076.1
1112530 2065.5
1112540 2050.3
1112550 2050.3
1112560 2036.9
1112570 2012.8
1112580 2012.8
1112590 2014.1
1112600 2031.6
1112610 2031.6
1112620 2051.1
1112630 2053.3
1112640 2053.3
1112650 2045.1
1112660 2055.7
1112670 2055.7
1112680 2049.7
1112690 2030.6
1112700 2017.4
1112710 2017.4
1112720 2004.0
1112730 1989.5
1112740 1989.5
1112750 1978.5
1112760 1967.7
1112770 1967.7
1112780 1958.7
1112790 1952.9
1112800 1952.9
1112810 1949.7
1112820 1932.9
1112830 1932.9
1112840 1933.4
1112850 1936.9
1112860 1936.9
1112870 1936.9
1112880 1931.6
1112890 1931.6
1112900 1918.7
1112910 1906.5
1112920 1893.5
1112930 1893.5
1112940 1898.8
1112950 1896.6
1112960 1896.6
1112970 1887.5
1112980 1874.3
1112990 1874.3
1113000 1873.1
1113010 1872.1
1113020 1872.1
1113030 1860.9
1113040 1852.0
1113050 1852.0
1113060 1842.2
1113070 1829.7
1113080 1829.7
1113090 1820.6
1113100 1816.9
1113110 1815.5
1113120 1815.5
1113130 1809.2
1113140 1801.2
1113150 1801.2
1113160 1772.9
1113170 1761.1
1113180 1761.1
1113190 1758.4
1113200 1750.3
1113210 1750.3
1113220 1737.4
1113230 1726.0
1113240 1726.0
1113250 1714.9
1113260 1705.4
1113270 1705.4
1113280 1697.1
1113290 1689.3
1113300 1689.3
1113310 1683.7
1113320 1679.6
1113330 1675.3
1113340 1675.3
1113350 1670.4
1113360 1665.6
1113370 1665.6
1113380 1660.9
1113390 1656.3
1113400 1656.3
1113410 1651.8
1113420 1647.3
1113430 1647.3
1113440 1643.4
1113450 1639.9
1113460 1639.9
1113470 1635.6
1113480 1630.6
1113490 1630.6
1113500 1624.2
1113510 1620.1
1113520 1615.9
1113530 1615.9
1113540 1610.9
1113550 1606.3
1113560 1606.3
1113570 1602.2
1113580 1598.8
1113590 1598.8
1113600 1595.5
1113610 1592.5
1113620 1592.5
1113630 1589.2
1113640 1585.8
1113650 1585.8
1113660 1583.9
1113670 1583.0
1113680 1583.0
1113690 1582.1
1113700 1581.8
1113710 1581.8
1113720 1581.8
1113730 1581.9
1113740 1581.7
1113750 1581.7
1113760 1581.8
1113770 1583.3
1113780 1583.3
1113790 1586.4
1113800 1589.8
1113810 1589.8
1113820 1592.8
1113830 1596.9
1113840 1600.1
1113850 1606.0
1113860 1611.2
1113870 1611.2
1113880 1616.9
1113890 1622.8
1113900 1622.8
1113910 1629.1
1113920 1635.8
1113930 1642.1
1113940 1642.1
1113950 1648.8
1113960 1653.9
1113970 1653.9
1113980 1659.0
1113990 1665.3
1114000 1665.3
1114010 1673.5
1114020 1684.1
1114030 1684.1
1114040 1697.4
1114050 1718.0
1114060 1718.0
1114070 1722.8
1114080 1719.7
1114090 1719.7
1114100 1718.5
1114110 1724.3
1114120 1732.9
1114130 1732.9
1114140 1746.8
1114150 1764.4
1114160 1764.4
1114170 1779.3
1114180 1785.8
1114190 1785.8
1114200 1797.1
1114210 1803.2
1114220 1803.2
1114230 1805.8
1114240 1805.2
1114250 1805.2
1114260 1815.6
1114270 1821.4
1114280 1821.4
1114290 1823.7
1114300 1835.6
1114310 1835.6
1114320 1849.3
1114330 1859.7
1114340 1870.5
1114350 1870.5
1114360 1879.5
1114370 1886.4
1114380 1886.4
1114390 1892.4
1114400 1898.9
1114410 1898.9
1114420 1905.1
1114430 1912.4
1114440 1912.4
1114450 1919.1
1114460 1925.1
1114470 1925.1
1114480 1932.3
1114490 1940.4
1114500 1940.4
1114510 1947.9
1114520 1959.6
1114530 1965.0
1114540 1965.0
1114550 1971.2
1114560 1976.9
1114570 1976.9
1114580 1982.5
1114590 1986.3
1114600 1986.3
1114610 1990.5
1114620 1995.2
1114630 1995.2
1114640 2000.7
1114650 2006.9
1114660 2006.9
1114670 2013.3
1114680 2018.7
1114690 2018.7
1114700 2024.5
1114710 2033.6
1114720 2033.6
1114730 2042.7
1114740 2051.8
1114750 2054.9
1114760 2054.9
1114770 2049.9
1114780 2058.2
1114790 2058.2
1114800 2068.6
1114810 2075.6
1114820 2075.6
1114830 2081.6
1114840 2087.7
1114850 2087.7
1114860 2093.9
1114870 2103.4
1114880 2103.4
1114890 2110.9
1114900 2117.3
1114910 2117.3
1114920 2123.5
1114930 2130.1
1114940 2136.9
1114950 2136.9
1114960 2144.3
1114970 2151.6
1114980 2151.6
1114990 2159.7
1115000 2168.9
1115010 2168.9
1115020 2183.9
1115030 2196.1
1115040 2196.1
1115050 2204.0
1115060 2211.4
1115070 2211.4
1115080 2219.6
1115090 2228.4
1115100 2228.4
1115110 2235.5
1115120 2242.8
1115130 2242.8
1115140 2250.8
1115150 2258.5
1115160 2265.5
1115170 2265.5
1115180 2272.3
1115190 2278.1
1115200 2278.1
1115210 2286.9
1115220 2292.5
1115230 2292.5
1115240 2298.9
1115250 2306.5
1115260 2306.5
1115270 2315.4
1115280 2321.4
1115290 2321.4
1115300 2323.7
1115310 2326.1
1115320 2326.1
1115330 2328.9
1115340 2332.2
1115350 2335.3
1115360 2335.3
1115370 2338.5
1115380 2341.5
1115390 2341.5
1115400 2344.1
1115410 2346.6
1115420 2346.6
1115430 2349.0
1115440 2351.4
1115450 2351.4
1115460 2353.4
1115470 2355.4
1115480 2355.4
1115490 2357.0
1115500 2358.7
1115510 2358.7
1115520 2360.4
1115530 2361.8
1115540 2361.8
1115550 2360.4
1115560 2354.6
1115570 2347.1
1115580 2347.1
1115590 2339.3
1115600 2333.1
1115610 2333.1
1115620 2326.6
1115630 2320.9
1115640 2320.9
1115650 2316.9
1115660 2314.2
1115670 2314.2
1115680 2313.8
1115690 2315.2
1115700 2315.2
1115710 2316.7
1115720 2320.2
1115730 2320.2
1115740 2324.0
1115750 2325.9
1115760 2327.0
1115770 2327.0
1115780 2327.3
1115790 2328.4
1115800 2328.4
1115810 2330.2
1115820 2332.2
1115830 2332.2
1115840 2332.2
1115850 2327.7
1115860 2327.7
1115870 2310.9
1115880 2304.5
1115890 2315.3
1115900 2311.1
1115910 2310.5
1115920 2310.5
1115930 2306.1
1115940 2300.4
1115950 2300.4
1115960 2295.8
1115970 2296.0
1115980 2296.4
1115990 2296.4
1116000 2296.3
1116010 2295.0
1116020 2295.0
1116030 2293.9
1116040 2293.3
1116050 2293.3
1116060 2295.5
1116070 2298.0
1116080 2298.0
1116090 2297.7
1116100 2298.3
1116110 2298.3
1116120 2296.3
1116130 2293.7
1116140 2293.7
1116150 2289.4
1116160 2282.5
1116170 2275.8
1116180 2275.8
1116190 2271.6
1116200 2267.4
1116210 2267.4
1116220 2263.5
1116230 2258.4
1116240 2261.9
1116250 2244.8
1116260 2232.7
1116270 2232.7
1116280 2237.5
1116290 2236.3
1116300 2236.3
1116310 2221.7
1116320 2188.6
1116330 2188.6
1116340 2168.9
1116350 2158.8
1116360 2150.6
1116370 2150.6
1116380 2141.0
1116390 2132.2
1116400 2132.2
1116410 2121.2
1116420 2112.0
1116430 2112.0
1116440 2104.9
1116450 2097.8
1116460 2097.8
1116470 2090.6
1116480 2083.0
1116490 2083.0
1116500 2076.6
1116510 2070.0
1116520 2070.0
1116530 2063.5
1116540 2057.0
1116550 2057.0
1116560 2050.7
1116570 2044.3
1116580 2039.1
1116590 2039.1
1116600 2033.3
1116610 2027.3
1116620 2027.3
1116630 2021.3
1116640 2015.0
1116650 2015.0
1116660 2008.9
1116670 2003.2
1116680 2003.2
1116690 1997.3
1116700 1991.2
1116710 1991.2
1116720 1985.4
1116730 1979.7
1116740 1979.7
1116750 1973.8
1116760 1968.1
1116770 1961.3
1116780 1961.3
1116790 1953.7
1116800 1946.8
1116810 1946.8
1116820 1941.0
1116830 1935.3
1116840 1935.3
1116850 1929.6
1116860 1924.1
1116870 1924.1
1116880 1918.4
1116890 1912.4
1116900 1912.4
1116910 1906.7
1116920 1900.3
1116930 1900.3
1116940 1894.7
1116950 1889.6
1116960 1889.6
1116970 1885.6
1116980 1882.2
1116990 1879.2
1117000 1879.2
1117010 1877.1
1117020 1875.0
1117030 1875.0
1117040 1875.1
1117050 1876.9
1117060 1876.9
1117070 1879.4
1117080 1882.1
1117090 1882.1
1117100 1884.8
1117110 1887.2
1117120 1887.2
1117130 1889.9
1117140 1891.9
1117150 1891.9
1117160 1893.9
1117170 1895.6
1117180 1896.7
1117190 1896.7
1117200 1901.6
1117210 1907.9
1117220 1907.9
1117230 1914.5
1117240 1920.7
1117250 1920.7
1117260 1927.2
1117270 1936.8
1117280 1936.8
1117290 1944.1
1117300 1952.3
1117310 1952.3
1117320 1959.1
1117330 1964.6
1117340 1964.6
1117350 1967.4
1117360 1977.1
1117370 1977.1
1117380 1988.2
1117390 1998.3
1117400 2010.5
1117410 2010.5
1117420 2019.4
1117430 2024.7
1117440 2024.7
1117450 2031.2
1117460 2028.7
1117470 2028.7
1117480 2036.1
1117490 2044.6
1117500 2044.6
1117510 2053.8
1117520 2061.2
1117530 2061.2
1117540 2066.2
1117550 2071.1
1117560 2071.1
1117570 2073.4
1117580 2076.2
1117590 2077.0
1117600 2077.0
1117610 2079.7
1117620 2078.1
1117630 2078.1
1117640 2079.8
1117650 2079.7
1117660 2079.7
1117670 2077.4
1117680 2073.9
1117690 2073.9
1117700 2069.5
1117710 2065.3
1117720 2065.3
1117730 2061.4
1117740 2058.2
1117750 2058.2
1117760 2055.0
1117770 2051.5
1117780 2051.5
1117790 2048.2
1117800 2045.3
1117810 2041.3
1117820 2041.3
1117830 2038.0
1117840 2038.9
1117850 2038.9
1117860 2038.1
1117870 2032.2
1117880 2032.2
1117890 2036.6
1117900 2038.7
1117910 2038.7
1117920 2036.8
1117930 2034.7
1117940 2034.7
1117950 2032.0
1117960 2034.3
1117970 2034.3
1117980 2031.2
1117990 2027.6
1118000 2025.9
1118010 2025.9
1118020 2025.7
1118030 2024.2
1118040 2024.2
1118050 2020.4
1118060 2017.7
1118070 2017.7
1118080 2013.6
1118090 2009.8
1118100 2009.8
1118110 2007.1
1118120 2004.9
1118130 2004.9
1118140 2002.1
1118150 1999.1
1118160 1999.1
1118170 1996.0
1118180 1990.9
1118190 1990.9
1118200 1985.2
1118210 1982.5
1118220 1983.2
1118230 1983.2
1118240 1985.7
1118250 1988.7
1118260 1988.7
1118270 1992.1
1118280 1995.0
1118290 1995.0
1118300 2003.5
1118310 2005.4
1118320 2005.4
1118330 2006.7
1118340 2008.2
1118350 2008.2
1118360 2009.5
1118370 2010.4
1118380 2010.4
1118390 2012.0
1118400 2013.8
1118410 2016.1
1118420 2016.1
1118430 2017.2
1118440 2014.8
1118450 2014.8
1118460 2014.5
1118470 2014.5
1118480 2014.5
1118490 2012.1
1118500 2010.4
1118510 2010.4
1118520 2009.3
1118530 2009.5
1118540 2009.5
1118550 2008.9
1118560 2008.5
1118570 2008.5
1118580 2007.6
1118590 2007.0
1118600 2007.0
1118610 2005.9
1118620 2005.7
1118630 2006.2
1118640 2006.2
1118650 2012.3
1118660 2010.8
1118670 2010.8
1118680 2011.7
1118690 2013.2
1118700 2013.2
1118710 2013.8
1118720 2015.4
1118730 2015.4
1118740 2018.5
1118750 2020.4
1118760 2020.4
1118770 2021.3
1118780 2021.6
1118790 2021.6
1118800 2017.8
1118810 2014.8
1118820 2017.1
1118830 2017.1
1118840 2018.2
1118850 2019.1
1118860 2019.1
1118870 2021.0
1118880 2022.4
1118890 2022.4
1118900 2022.7
1118910 2020.4
1118920 2020.4
1118930 2015.5
1118940 2014.5
1118950 2014.5
1118960 2015.0
1118970 2020.7
1118980 2020.7
1118990 2027.9
1119000 2035.2
1119010 2035.2
1119020 2041.1
1119030 2043.3
1119040 2042.3
1119050 2042.3
1119060 2039.9
1119070 2036.2
1119080 2036.2
1119090 2031.4
1119100 2031.5
1119110 2031.5
1119120 2030.4
1119130 2027.8
1119140 2027.8
1119150 2026.2
1119160 2025.1
1119170 2025.1
1119180 2024.7
1119190 2024.6
1119200 2024.6
1119210 2022.9
1119220 2022.0
1119230 2019.2
1119240 2019.2
1119250 2012.3
1119260 2005.9
1119270 2005.9
1119280 2004.0
1119290 2003.1
1119300 2003.1
1119310 2001.5
1119320 1998.7
1119330 1998.7
1119340 2002.7
1119350 1997.2
1119360 1997.2
1119370 1995.0
1119380 1994.5
1119390 1994.5
1119400 1990.4
1119410 1985.2
1119420 1982.5
1119430 1982.5
1119440 1983.8
1119450 1985.9
1119460 1985.9
1119470 1988.3
1119480 1990.2
1119490 1990.2
1119500 1990.7
1119510 1991.3
1119520 1991.3
1119530 1992.1
1119540 1994.4
1119550 1994.4
1119560 1996.0
1119570 2000.6
1119580 2000.6
1119590 2004.7
1119600 2007.0
1119610 2007.0
1119620 2007.5
1119630 2005.9
1119640 2005.2
1119650 2005.2
1119660 2003.9
1119670 2002.6
1119680 2002.6
1119690 2005.3
1119700 2003.4
1119710 2003.4
1119720 1999.9
1119730 1998.4
1119740 1998.4
1119750 1999.5
1119760 1997.5
1119770 1997.5
1119780 1997.0
1119790 1997.9
1119800 1997.9
1119810 1998.5
1119820 1998.5
1119830 1998.5
1119840 1998.5
1119850 1999.4
1119860 1999.7
1119870 1999.7
1119880 1997.4
1119890 1992.6
1119900 1992.6
1119910 1986.4
1119920 1981.2
1119930 1981.2
1119940 1979.9
1119950 1981.9
1119960 1981.9
1119970 1984.1
1119980 1984.1
1119990 1984.1
