1100000 2316.1
1100010 2316.1
1100020 2310.9
1100030 2305.3
1100040 2305.3
1100050 2300.8
1100060 2299.9
1100070 2299.9
1100080 2301.4
1100090 2301.6
1100100 2301.6
1100110 2297.1
1100120 2297.6
1100130 2298.1
1100140 2298.1
1100150 2297.7
1100160 2296.6
1100170 2296.6
1100180 2294.9
1100190 2293.6
1100200 2293.6
1100210 2292.2
1100220 2288.9
1100230 2288.9
1100240 2286.0
1100250 2283.4
1100260 2283.4
1100270 2283.3
1100280 2286.1
1100290 2286.1
1100300 2291.1
1100310 2290.3
1100320 2290.2
1100330 2290.2
1100340 2293.0
1100350 2293.8
1100360 2293.8
1100370 2288.1
1100380 2281.7
1100390 2281.7
1100400 2278.8
1100410 2276.3
1100420 2276.3
1100430 2274.1
1100440 2265.6
1100450 2265.6
1100460 2264.1
1100470 2262.0
1100480 2262.0
1100490 2260.5
1100500 2260.1
1100510 2260.1
1100520 2259.7
1100530 2259.7
1100540 2260.4
1100550 2260.4
1100560 2260.7
1100570 2260.3
1100580 2260.3
1100590 2261.0
1100600 2263.1
1100610 2263.1
1100620 2264.9
1100630 2266.6
1100640 2266.6
1100650 2266.9
1100660 2266.6
1100670 2266.6
1100680 2267.7
1100690 2269.7
1100700 2269.7
1100710 2275.5
1100720 2273.1
1100730 2270.9
1100740 2270.9
1100750 2275.0
1100760 2273.7
1100770 2259.1
1100780 2257.3
1100790 2254.9
1100800 2254.9
1100810 2253.1
1100820 2251.5
1100830 2251.5
1100840 2250.2
1100850 2248.1
1100860 2248.1
1100870 2244.5
1100880 2241.4
1100890 2241.4
1100900 2238.1
1100910 2235.1
1100920 2235.1
1100930 2232.8
1100940 2230.2
1100950 2227.7
1100960 2227.7
1100970 2223.7
1100980 2219.3
1100990 2219.3
1101000 2215.7
1101010 2212.4
1101020 2212.4
1101030 2210.6
1101040 2210.5
1101050 2210.5
1101060 2211.2
1101070 2210.1
1101080 2210.1
1101090 2208.3
1101100 2208.0
1101110 2208.0
1101120 2207.0
1101130 2205.5
1101140 2202.9
1101150 2202.9
1101160 2199.6
1101170 2197.4
1101180 2197.4
1101190 2195.0
1101200 2192.3
1101210 2192.3
1101220 2190.2
1101230 2188.1
1101240 2188.1
1101250 2185.6
1101260 2183.1
1101270 2183.1
1101280 2181.0
1101290 2178.7
1101300 2178.7
1101310 2176.5
1101320 2174.6
1101330 2174.6
1101340 2172.5
1101350 2169.7
1101360 2166.9
1101370 2166.9
1101380 2164.5
1101390 2162.1
1101400 2162.1
1101410 2159.8
1101420 2157.4
1101430 2160.2
1101440 2157.7
1101450 2154.4
1101460 2154.4
1101470 2151.1
1101480 2148.6
1101490 2148.6
1101500 2146.0
1101510 2144.4
1101520 2144.4
1101530 2141.6
1101540 2138.4
1101550 2136.5
1101560 2136.5
1101570 2133.9
1101580 2129.1
1101590 2129.1
1101600 2125.6
1101610 2123.7
1101620 2123.7
1101630 2122.3
1101640 2121.0
1101650 2121.0
1101660 2119.6
1101670 2118.3
1101680 2118.3
1101690 2117.0
1101700 2115.5
1101710 2115.5
1101720 2114.0
1101730 2112.3
1101740 2112.3
1101750 2110.1
1101760 2108.9
1101770 2106.7
1101780 2106.7
1101790 2104.6
1101800 2102.4
1101810 2102.4
1101820 2098.8
1101830 2094.9
1101840 2094.9
1101850 2092.3
1101860 2090.3
1101870 2090.3
1101880 2087.7
1101890 2085.5
1101900 2085.5
1101910 2082.3
1101920 2078.9
1101930 2078.9
1101940 2075.4
1101950 2072.4
1101960 2070.5
1101970 2070.5
1101980 2068.0
1101990 2064.8
1102000 2064.8
1102010 2061.6
1102020 2059.5
1102030 2059.5
1102040 2057.2
1102050 2055.7
1102060 2055.7
1102070 2054.5
1102080 2052.9
1102090 2054.0
1102100 2052.9
1102110 2052.5
1102120 2052.5
1102130 2051.6
1102140 2048.7
1102150 2048.7
1102160 2044.0
1102170 2038.4
1102180 2034.5
1102190 2034.5
1102200 2030.6
1102210 2027.6
1102220 2027.6
1102230 2024.3
1102240 2021.1
1102250 2021.1
1102260 2017.7
1102270 2014.2
1102280 2014.2
1102290 2010.6
1102300 2007.0
1102310 2007.0
1102320 2003.1
1102330 1999.0
1102340 1999.0
1102350 1994.7
1102360 1990.5
1102370 1986.2
1102380 1986.2
1102390 1982.0
1102400 1977.8
1102410 1977.8
1102420 1971.4
1102430 1967.5
1102440 1967.5
1102450 1964.0
1102460 1961.5
1102470 1961.5
1102480 1958.2
1102490 1953.1
1102500 1953.1
1102510 1948.8
1102520 1945.2
1102530 1945.2
1102540 1942.5
1102550 1940.8
1102560 1940.8
1102570 1939.2
1102580 1936.4
1102590 1932.5
1102600 1932.5
1102610 1928.4
1102620 1925.0
1102630 1925.0
1102640 1921.6
1102650 1917.8
1102660 1917.8
1102670 1914.0
1102680 1910.3
1102690 1910.3
1102700 1906.7
1102710 1903.0
1102720 1903.0
1102730 1899.4
1102740 1895.7
1102750 1895.5
1102760 1891.9
1102770 1888.1
1102780 1885.0
1102790 1885.0
1102800 1882.2
1102810 1878.7
1102820 1878.7
1102830 1876.1
1102840 1871.9
1102850 1871.9
1102860 1867.5
1102870 1864.6
1102880 1864.6
1102890 1861.2
1102900 1858.6
1102910 1858.6
1102920 1855.6
1102930 1852.7
1102940 1852.7
1102950 1850.2
1102960 1847.1
1102970 1847.1
1102980 1844.6
1102990 1843.6
1103000 1841.3
1103010 1841.3
1103020 1837.7
1103030 1833.5
1103040 1833.5
1103050 1830.1
1103060 1826.6
1103070 1826.6
1103080 1823.0
1103090 1818.2
1103100 1818.2
1103110 1814.4
1103120 1810.4
1103130 1810.4
1103140 1806.3
1103150 1802.0
1103160 1802.0
1103170 1797.3
1103180 1792.7
1103190 1787.8
1103200 1787.8
1103210 1783.3
1103220 1780.5
1103230 1780.5
1103240 1777.3
1103250 1774.8
1103260 1774.8
1103270 1773.2
1103280 1769.7
1103290 1769.7
1103300 1764.8
1103310 1760.2
1103320 1760.2
1103330 1754.5
1103340 1747.9
1103350 1747.9
1103360 1742.1
1103370 1735.9
1103380 1735.9
1103390 1730.6
1103400 1725.5
1103410 1720.5
1103420 1719.5
1103430 1714.3
1103440 1711.1
1103450 1711.1
1103460 1707.2
1103470 1703.4
1103480 1703.4
1103490 1700.3
1103500 1694.1
1103510 1694.1
1103520 1687.4
1103530 1681.8
1103540 1681.8
1103550 1674.9
1103560 1667.8
1103570 1667.8
1103580 1660.5
1103590 1654.0
1103600 1647.8
1103610 1647.8
1103620 1641.6
1103630 1635.9
1103640 1635.9
1103650 1630.9
1103660 1626.3
1103670 1626.3
1103680 1623.5
1103690 1619.7
1103700 1619.7
1103710 1615.4
1103720 1612.5
1103730 1612.5
1103740 1609.0
1103750 1605.0
1103760 1605.0
1103770 1599.5
1103780 1592.4
1103790 1592.4
1103800 1587.8
1103810 1586.8
1103820 1589.0
1103830 1589.0
1103840 1591.1
1103850 1591.9
1103860 1591.9
1103870 1594.3
1103880 1596.4
1103890 1596.4
1103900 1596.2
1103910 1597.7
1103920 1597.7
1103930 1600.7
1103940 1602.5
1103950 1602.5
1103960 1604.5
1103970 1606.8
1103980 1606.8
1103990 1609.0
1104000 1611.5
1104010 1615.0
1104020 1615.0
1104030 1618.7
1104040 1621.3
1104050 1621.3
1104060 1623.8
1104070 1627.5
1104080 1630.1
1104090 1633.8
1104100 1638.1
1104110 1638.1
1104120 1642.4
1104130 1646.6
1104140 1646.6
1104150 1651.2
1104160 1655.8
1104170 1655.8
1104180 1660.4
1104190 1664.9
1104200 1664.9
1104210 1668.9
1104220 1673.0
1104230 1677.2
1104240 1677.2
1104250 1681.1
1104260 1684.9
1104270 1684.9
1104280 1688.9
1104290 1692.6
1104300 1692.6
1104310 1696.1
1104320 1700.1
1104330 1700.1
1104340 1704.6
1104350 1708.8
1104360 1708.8
1104370 1713.2
1104380 1716.6
1104390 1716.6
1104400 1719.6
1104410 1728.6
1104420 1731.5
1104430 1731.5
1104440 1734.4
1104450 1737.3
1104460 1737.3
1104470 1740.8
1104480 1743.5
1104490 1743.5
1104500 1746.1
1104510 1749.7
1104520 1749.7
1104530 1753.1
1104540 1757.1
1104550 1757.1
1104560 1762.0
1104570 1767.1
1104580 1767.1
1104590 1771.9
1104600 1773.5
1104610 1773.5
1104620 1779.5
1104630 1784.7
1104640 1792.0
1104650 1792.0
1104660 1800.4
1104670 1805.7
1104680 1805.7
1104690 1813.7
1104700 1824.8
1104710 1824.8
1104720 1833.7
1104730 1840.9
1104740 1840.9
1104750 1852.7
1104760 1859.9
1104770 1859.9
1104780 1861.9
1104790 1852.8
1104800 1852.8
1104810 1850.3
1104820 1852.7
1104830 1853.6
1104840 1853.6
1104850 1853.0
1104860 1851.3
1104870 1851.3
1104880 1844.8
1104890 1837.1
1104900 1837.1
1104910 1829.9
1104920 1822.8
1104930 1822.8
1104940 1814.6
1104950 1806.6
1104960 1806.6
1104970 1799.9
1104980 1793.9
1104990 1793.9
1105000 1788.0
1105010 1781.9
1105020 1781.9
1105030 1775.9
1105040 1773.1
1105050 1773.8
1105060 1773.8
1105070 1774.4
1105080 1780.7
1105090 1780.7
1105100 1785.6
1105110 1792.1
1105120 1792.1
1105130 1800.9
1105140 1812.3
1105150 1812.3
1105160 1825.6
1105170 1835.6
1105180 1835.6
1105190 1843.0
1105200 1854.6
1105210 1854.6
1105220 1865.0
1105230 1872.5
1105240 1879.5
1105250 1879.5
1105260 1883.2
1105270 1880.9
1105280 1880.9
1105290 1874.1
1105300 1867.9
1105310 1867.9
1105320 1863.2
1105330 1861.3
1105340 1861.3
1105350 1859.6
1105360 1851.8
1105370 1851.8
1105380 1843.1
1105390 1836.2
1105400 1836.2
1105410 1826.7
1105420 1817.5
1105430 1817.5
1105440 1814.6
1105450 1815.9
1105460 1819.1
1105470 1819.1
1105480 1828.9
1105490 1832.5
1105500 1832.5
1105510 1834.0
1105520 1836.4
1105530 1836.4
1105540 1843.3
1105550 1852.5
1105560 1852.5
1105570 1857.3
1105580 1853.9
1105590 1853.9
1105600 1850.2
1105610 1849.2
1105620 1849.2
1105630 1849.1
1105640 1845.9
1105650 1840.7
1105660 1840.7
1105670 1833.6
1105680 1828.1
1105690 1828.1
1105700 1827.3
1105710 1819.9
1105720 1819.9
1105730 1811.3
1105740 1805.5
1105750 1818.0
1105760 1803.2
1105770 1797.6
1105780 1797.6
1105790 1801.3
1105800 1803.6
1105810 1803.6
1105820 1800.0
1105830 1800.9
1105840 1800.9
1105850 1801.8
1105860 1801.0
1105870 1797.1
1105880 1797.1
1105890 1793.9
1105900 1788.1
1105910 1788.1
1105920 1784.9
1105930 1780.5
1105940 1780.5
1105950 1774.0
1105960 1767.6
1105970 1767.6
1105980 1762.3
1105990 1757.6
1106000 1757.6
1106010 1752.5
1106020 1748.9
1106030 1748.9
1106040 1746.7
1106050 1745.9
1106060 1745.4
1106070 1745.4
1106080 1748.4
1106090 1747.1
1106100 1747.1
1106110 1749.4
1106120 1751.4
1106130 1751.4
1106140 1750.9
1106150 1748.8
1106160 1748.8
1106170 1745.5
1106180 1743.7
1106190 1743.7
1106200 1740.3
1106210 1736.9
1106220 1736.9
1106230 1732.2
1106240 1727.2
1106250 1727.2
1106260 1723.3
1106270 1719.8
1106280 1716.6
1106290 1716.6
1106300 1713.6
1106310 1711.8
1106320 1711.8
1106330 1710.2
1106340 1704.5
1106350 1704.5
1106360 1697.6
1106370 1699.1
1106380 1699.1
1106390 1703.4
1106400 1706.1
1106410 1706.1
1106420 1707.9
1106430 1712.5
1106440 1712.5
1106450 1716.7
1106460 1721.2
1106470 1727.0
1106480 1727.0
1106490 1733.0
1106500 1739.1
1106510 1739.1
1106520 1743.2
1106530 1746.1
1106540 1746.1
1106550 1749.2
1106560 1752.5
1106570 1752.5
1106580 1756.4
1106590 1760.1
1106600 1760.1
1106610 1764.7
1106620 1770.0
1106630 1770.0
1106640 1775.4
1106650 1781.2
1106660 1781.2
1106670 1786.8
1106680 1792.0
1106690 1798.7
1106700 1798.7
1106710 1806.1
1106720 1814.8
1106730 1814.8
1106740 1821.8
1106750 1818.9
1106760 1818.9
1106770 1822.7
1106780 1825.9
1106790 1825.9
1106800 1828.3
1106810 1831.7
1106820 1831.7
1106830 1835.9
1106840 1839.9
1106850 1839.9
1106860 1843.7
1106870 1847.5
1106880 1850.8
1106890 1850.8
1106900 1853.9
1106910 1857.6
1106920 1857.6
1106930 1861.6
1106940 1866.0
1106950 1866.0
1106960 1869.9
1106970 1874.1
1106980 1874.1
1106990 1877.9
1107000 1881.8
1107010 1881.8
1107020 1885.9
1107030 1889.4
1107040 1889.4
1107050 1892.3
1107060 1894.0
1107070 1894.0
1107080 1896.0
1107090 1893.0
1107100 1897.4
1107110 1897.4
1107120 1901.7
1107130 1906.2
1107140 1906.2
1107150 1910.7
1107160 1915.2
1107170 1915.2
1107180 1918.9
1107190 1922.3
1107200 1922.3
1107210 1925.0
1107220 1927.4
1107230 1927.4
1107240 1929.4
1107250 1932.8
1107260 1932.8
1107270 1936.9
1107280 1940.6
1107290 1944.4
1107300 1944.4
1107310 1949.1
1107320 1953.9
1107330 1953.9
1107340 1958.4
1107350 1962.9
1107360 1962.9
1107370 1968.3
1107380 1972.9
1107390 1972.9
1107400 1978.1
1107410 1982.8
1107420 1976.2
1107430 1980.6
1107440 1986.4
1107450 1986.4
1107460 1994.6
1107470 2004.4
1107480 2004.4
1107490 2007.7
1107500 2009.2
1107510 2015.9
1107520 2015.9
1107530 2036.7
1107540 2047.5
1107550 2047.5
1107560 2056.6
1107570 2064.0
1107580 2064.0
1107590 2071.7
1107600 2079.1
1107610 2079.1
1107620 2086.9
1107630 2094.4
1107640 2094.4
1107650 2102.2
1107660 2104.2
1107670 2104.2
1107680 2116.6
1107690 2124.9
1107700 2130.8
1107710 2130.8
1107720 2138.4
1107730 2142.8
1107740 2142.8
1107750 2154.4
1107760 2164.0
1107770 2164.0
1107780 2174.5
1107790 2186.3
1107800 2186.3
1107810 2195.7
1107820 2205.2
1107830 2205.2
1107840 2215.5
1107850 2223.6
1107860 2223.6
1107870 2230.7
1107880 2237.7
1107890 2237.7
1107900 2247.0
1107910 2252.7
1107920 2258.3
1107930 2258.3
1107940 2263.5
1107950 2269.2
1107960 2269.2
1107970 2274.9
1107980 2280.5
1107990 2280.5
1108000 2284.5
1108010 2285.7
1108020 2285.7
1108030 2285.9
1108040 2285.4
1108050 2285.4
1108060 2281.0
1108070 2269.2
1108080 2269.2
1108090 2262.5
1108100 2248.9
1108110 2249.2
1108120 2249.2
1108130 2253.2
1108140 2250.5
1108150 2250.5
1108160 2244.5
1108170 2236.5
1108180 2236.5
1108190 2236.1
1108200 2238.7
1108210 2238.7
1108220 2250.1
1108230 2259.8
1108240 2259.8
1108250 2272.3
1108260 2281.4
1108270 2281.4
1108280 2284.0
1108290 2285.7
1108300 2285.7
1108310 2287.7
1108320 2290.1
1108330 2292.5
1108340 2292.5
1108350 2294.7
1108360 2296.8
1108370 2296.8
1108380 2299.1
1108390 2301.1
1108400 2301.1
1108410 2303.2
1108420 2305.8
1108430 2305.9
1108440 2309.5
1108450 2315.0
1108460 2315.0
1108470 2318.6
1108480 2322.0
1108490 2322.0
1108500 2326.3
1108510 2331.5
1108520 2335.5
1108530 2335.5
1108540 2337.2
1108550 2338.3
1108560 2338.3
1108570 2339.0
1108580 2339.5
1108590 2339.5
1108600 2340.6
1108610 2344.9
1108620 2344.9
1108630 2351.2
1108640 2356.1
1108650 2356.1
1108660 2357.6
1108670 2360.0
1108680 2360.0
1108690 2363.4
1108700 2367.7
1108710 2367.7
1108720 2369.5
1108730 2369.9
1108740 2370.6
1108750 2370.6
1108760 2369.5
1108770 2369.0
1108780 2369.0
1108790 2373.1
1108800 2377.4
1108810 2377.4
1108820 2382.5
1108830 2388.7
1108840 2388.7
1108850 2396.9
1108860 2404.7
1108870 2404.7
1108880 2413.0
1108890 2424.5
1108900 2424.5
1108910 2433.6
1108920 2443.2
1108930 2449.3
1108940 2449.3
1108950 2455.7
1108960 2462.9
1108970 2462.9
1108980 2470.9
1108990 2477.5
1109000 2477.5
1109010 2483.8
1109020 2490.4
1109030 2490.4
1109040 2496.8
1109050 2503.6
1109060 2503.6
1109070 2510.9
1109080 2517.1
1109090 2517.1
1109100 2517.1
1109110 2512.7
1109120 2512.7
1109130 2511.5
1109140 2507.8
1109150 2505.4
1109160 2505.4
1109170 2502.7
1109180 2497.8
1109190 2497.8
1109200 2491.9
1109210 2488.2
1109220 2488.2
1109230 2488.8
1109240 2490.8
1109250 2490.8
1109260 2493.1
1109270 2495.1
1109280 2495.1
1109290 2496.2
1109300 2495.4
1109310 2495.4
1109320 2498.1
1109330 2503.6
1109340 2509.2
1109350 2509.2
1109360 2511.0
1109370 2512.8
1109380 2512.8
1109390 2511.9
1109400 2516.0
1109410 2516.0
1109420 2522.4
1109430 2528.1
1109440 2523.4
1109450 2528.5
1109460 2528.1
1109470 2528.1
1109480 2525.3
1109490 2520.9
1109500 2520.9
1109510 2517.9
1109520 2512.5
1109530 2512.5
1109540 2502.5
1109550 2488.1
1109560 2483.3
1109570 2483.3
1109580 2480.9
1109590 2481.7
1109600 2481.7
1109610 2485.5
1109620 2487.9
1109630 2487.9
1109640 2483.6
1109650 2474.2
1109660 2474.2
1109670 2464.5
1109680 2455.5
1109690 2455.5
1109700 2439.0
1109710 2424.0
1109720 2424.0
1109730 2402.5
1109740 2387.0
1109750 2372.6
1109760 2372.6
1109770 2368.1
1109780 2370.8
1109790 2370.8
1109800 2365.5
1109810 2361.0
1109820 2361.0
1109830 2360.6
1109840 2362.2
1109850 2362.2
1109860 2364.3
1109870 2367.3
1109880 2367.3
1109890 2368.5
1109900 2368.8
1109910 2368.8
1109920 2372.5
1109930 2377.7
1109940 2377.7
1109950 2382.9
1109960 2386.9
1109970 2390.9
1109980 2390.9
1109990 2397.9
1110000 2402.8
1110010 2402.8
1110020 2391.5
1110030 2386.0
1110040 2386.0
1110050 2380.6
1110060 2367.5
1110070 2367.5
1110080 2348.2
1110090 2334.3
1110100 2334.3
1110110 2326.6
1110120 2320.5
1110130 2320.5
1110140 2312.2
1110150 2303.5
1110160 2295.7
1110170 2295.7
1110180 2287.8
1110190 2279.7
1110200 2279.7
1110210 2271.8
1110220 2264.0
1110230 2264.0
1110240 2256.7
1110250 2250.2
1110260 2250.2
1110270 2244.3
1110280 2238.5
1110290 2238.5
1110300 2233.2
1110310 2228.0
1110320 2228.0
1110330 2222.6
1110340 2217.3
1110350 2217.3
1110360 2211.8
1110370 2206.6
1110380 2201.3
1110390 2201.3
1110400 2196.1
1110410 2191.1
1110420 2191.1
1110430 2186.4
1110440 2181.6
1110450 2181.6
1110460 2180.1
1110470 2175.9
1110480 2175.9
1110490 2172.2
1110500 2169.1
1110510 2169.1
1110520 2166.3
1110530 2164.2
1110540 2164.2
1110550 2162.3
1110560 2161.1
1110570 2161.5
1110580 2161.5
1110590 2163.4
1110600 2165.0
1110610 2165.0
1110620 2166.3
1110630 2168.9
1110640 2168.9
1110650 2171.7
1110660 2174.7
1110670 2174.7
1110680 2174.0
1110690 2171.3
1110700 2171.3
1110710 2170.7
1110720 2171.9
1110730 2171.9
1110740 2174.0
1110750 2175.0
1110760 2175.0
1110770 2174.4
1110780 2173.3
1110790 2174.8
1110800 2174.8
1110810 2174.6
1110820 2174.4
1110830 2174.4
1110840 2175.2
1110850 2177.4
1110860 2177.4
1110870 2179.5
1110880 2180.6
1110890 2180.6
1110900 2182.3
1110910 2184.3
1110920 2184.3
1110930 2187.5
1110940 2187.3
1110950 2187.3
1110960 2183.5
1110970 2178.2
1110980 2174.0
1110990 2174.0
1111000 2174.8
1111010 2177.1
1111020 2177.1
1111030 2179.9
1111040 2183.6
1111050 2183.6
1111060 2187.9
1111070 2192.4
1111080 2192.4
1111090 2197.1
1111100 2201.6
1111110 2201.6
1111120 2205.2
1111130 2213.9
1111140 2213.9
1111150 2217.2
1111160 2221.2
1111170 2221.2
1111180 2225.9
1111190 2231.0
1111200 2236.0
1111210 2236.0
1111220 2240.8
1111230 2244.0
1111240 2244.0
1111250 2245.9
1111260 2250.9
1111270 2250.9
1111280 2256.5
1111290 2266.2
1111300 2266.2
1111310 2268.7
1111320 2268.7
1111330 2268.7
1111340 2268.9
1111350 2269.2
1111360 2269.2
1111370 2269.8
1111380 2274.6
1111390 2281.5
1111400 2281.5
1111410 2287.3
1111420 2294.3
1111430 2294.3
1111440 2298.7
1111450 2300.7
1111460 2300.7
1111470 2305.8
1111480 2309.6
1111490 2309.6
1111500 2313.8
1111510 2318.6
1111520 2318.6
1111530 2324.0
1111540 2326.0
1111550 2326.0
1111560 2328.1
1111570 2330.0
1111580 2330.0
1111590 2331.2
1111600 2333.0
1111610 2335.6
1111620 2335.6
1111630 2341.0
1111640 2346.9
1111650 2346.9
1111660 2353.7
1111670 2361.3
1111680 2361.3
1111690 2371.0
1111700 2375.2
1111710 2375.2
1111720 2369.2
1111730 2363.1
1111740 2363.1
1111750 2358.7
1111760 2354.0
1111770 2354.0
1111780 2348.7
1111790 2344.8
1111800 2342.2
1111810 2337.3
1111820 2333.2
1111830 2328.7
1111840 2328.7
1111850 2323.5
1111860 2322.6
1111870 2322.6
1111880 2322.9
1111890 2323.3
1111900 2323.3
1111910 2324.8
1111920 2326.3
1111930 2326.3
1111940 2325.3
1111950 2322.2
1111960 2322.2
1111970 2318.0
1111980 2316.7
1111990 2316.7
1112000 2315.8
1112010 2312.2
1112020 2302.3
1112030 2302.3
1112040 2287.7
1112050 2278.0
1112060 2278.0
1112070 2271.1
1112080 2264.4
1112090 2264.4
1112100 2261.6
1112110 2259.9
1112120 2259.9
1112130 2260.3
1112140 2261.0
1112150 2256.7
1112160 2255.1
1112170 2254.4
1112180 2254.4
1112190 2253.2
1112200 2246.5
1112210 2241.3
1112220 2241.3
1112230 2236.4
1112240 2230.9
1112250 2230.9
1112260 2226.4
1112270 2223.7
1112280 2223.7
1112290 2221.9
1112300 2220.3
1112310 2220.3
1112320 2217.6
1112330 2213.0
1112340 2213.0
1112350 2209.1
1112360 2207.8
1112370 2207.8
1112380 2207.0
1112390 2203.5
1112400 2203.5
1112410 2198.2
1112420 2194.0
1112430 2192.3
1112440 2192.3
1112450 2190.2
1112460 2186.4
1112470 2186.4
1112480 2181.5
1112490 2180.0
1112500 2180.0
1112510 2177.0
1112520 2174.1
1112530 2174.1
1112540 2171.4
1112550 2167.1
1112560 2167.1
1112570 2159.4
1112580 2152.6
1112590 2152.6
1112600 2139.2
1112610 2124.4
1112620 2114.2
1112630 2114.2
1112640 2102.8
1112650 2092.9
1112660 2092.9
1112670 2088.8
1112680 2084.3
1112690 2084.3
1112700 2079.4
1112710 2074.4
1112720 2074.4
1112730 2069.2
1112740 2064.0
1112750 2064.0
1112760 2059.2
1112770 2052.4
1112780 2052.4
1112790 2044.8
1112800 2032.5
1112810 2032.5
1112820 2025.1
1112830 2018.2
1112840 2013.1
1112850 2013.1
1112860 2006.7
1112870 1999.3
1112880 1999.3
1112890 1989.7
1112900 1976.5
1112910 1976.5
1112920 1962.8
1112930 1944.8
1112940 1944.8
1112950 1941.7
1112960 1937.8
1112970 1937.8
1112980 1927.1
1112990 1921.5
1113000 1921.5
1113010 1908.5
1113020 1896.0
1113030 1884.4
1113040 1884.4
1113050 1864.4
1113060 1847.8
1113070 1847.8
1113080 1839.9
1113090 1844.3
1113100 1844.3
1113110 1849.6
1113120 1849.4
1113130 1849.4
1113140 1859.0
1113150 1857.3
1113160 1857.3
1113170 1835.3
1113180 1841.2
1113190 1841.2
1113200 1840.2
1113210 1830.9
1113220 1830.9
1113230 1822.1
1113240 1810.7
1113250 1800.7
1113260 1800.7
1113270 1792.9
1113280 1781.6
1113290 1781.6
1113300 1770.8
1113310 1758.1
1113320 1758.1
1113330 1748.5
1113340 1741.8
1113350 1741.8
1113360 1734.7
1113370 1726.3
1113380 1726.3
1113390 1718.3
1113400 1712.2
1113410 1712.2
1113420 1704.5
1113430 1697.2
1113440 1690.8
1113450 1690.8
1113460 1685.6
1113470 1677.8
1113480 1677.8
1113490 1669.1
1113500 1662.7
1113510 1658.8
1113520 1653.8
1113530 1648.1
1113540 1648.1
1113550 1641.8
1113560 1635.3
1113570 1635.3
1113580 1628.8
1113590 1622.3
1113600 1622.3
1113610 1615.8
1113620 1609.6
1113630 1609.6
1113640 1603.6
1113650 1598.0
1113660 1592.7
1113670 1592.7
1113680 1588.1
1113690 1583.6
1113700 1583.6
1113710 1579.4
1113720 1575.6
1113730 1575.6
1113740 1574.3
1113750 1574.5
1113760 1574.5
1113770 1574.6
1113780 1574.7
1113790 1574.7
1113800 1574.8
1113810 1574.9
1113820 1574.9
1113830 1576.2
1113840 1578.0
1113850 1581.1
1113860 1581.1
1113870 1584.5
1113880 1587.6
1113890 1587.6
1113900 1590.7
1113910 1594.3
1113920 1594.3
1113930 1598.3
1113940 1602.2
1113950 1602.2
1113960 1605.7
1113970 1609.1
1113980 1609.1
1113990 1612.6
1114000 1615.8
1114010 1615.8
1114020 1619.2
1114030 1623.2
1114040 1623.2
1114050 1627.1
1114060 1631.4
1114070 1637.8
1114080 1637.8
1114090 1641.7
1114100 1647.5
1114110 1647.5
1114120 1656.1
1114130 1664.0
1114140 1664.0
1114150 1673.0
1114160 1680.8
1114170 1680.8
1114180 1687.3
1114190 1694.5
1114200 1704.3
1114210 1705.7
1114220 1712.2
1114230 1712.2
1114240 1728.3
1114250 1739.9
1114260 1746.9
1114270 1746.9
1114280 1754.2
1114290 1764.6
1114300 1764.6
1114310 1768.2
1114320 1774.4
1114330 1774.4
1114340 1783.2
1114350 1789.6
1114360 1789.6
1114370 1796.1
1114380 1803.1
1114390 1803.1
1114400 1810.2
1114410 1816.4
1114420 1816.4
1114430 1821.8
1114440 1827.4
1114450 1832.4
1114460 1832.4
1114470 1837.8
1114480 1843.7
1114490 1843.7
1114500 1849.7
1114510 1855.2
1114520 1855.2
1114530 1863.1
1114540 1877.0
1114550 1877.0
1114560 1887.1
1114570 1894.6
1114580 1894.6
1114590 1901.7
1114600 1910.0
1114610 1910.0
1114620 1918.4
1114630 1926.4
1114640 1926.4
1114650 1933.4
1114660 1939.5
1114670 1943.9
1114680 1943.9
1114690 1949.5
1114700 1956.4
1114710 1956.4
1114720 1962.7
1114730 1969.4
1114740 1969.4
1114750 1975.6
1114760 1981.1
1114770 1981.1
1114780 1985.8
1114790 1990.4
1114800 1990.4
1114810 1994.7
1114820 1998.9
1114830 1998.9
1114840 2003.1
1114850 2007.9
1114860 2012.8
1114870 2012.8
1114880 2020.6
1114890 2025.9
1114900 2025.9
1114910 2030.2
1114920 2034.2
1114930 2034.2
1114940 2038.1
1114950 2043.0
1114960 2043.0
1114970 2048.6
1114980 2054.2
1114990 2054.2
1115000 2059.7
1115010 2064.8
1115020 2064.8
1115030 2069.4
1115040 2075.0
1115050 2075.0
1115060 2081.0
1115070 2087.2
1115080 2092.6
1115090 2092.6
1115100 2098.1
1115110 2103.6
1115120 2103.6
1115130 2108.7
1115140 2113.3
1115150 2113.3
1115160 2118.5
1115170 2123.7
1115180 2123.7
1115190 2127.8
1115200 2131.9
1115210 2131.9
1115220 2141.1
1115230 2145.1
1115240 2145.1
1115250 2147.0
1115260 2150.4
1115270 2152.7
1115280 2152.7
1115290 2154.2
1115300 2159.1
1115310 2159.1
1115320 2163.0
1115330 2167.3
1115340 2167.3
1115350 2178.0
1115360 2177.9
1115370 2177.9
1115380 2179.8
1115390 2183.8
1115400 2183.8
1115410 2184.9
1115420 2187.1
1115430 2187.1
1115440 2189.2
1115450 2190.3
1115460 2190.3
1115470 2193.4
1115480 2202.7
1115490 2206.7
1115500 2206.7
1115510 2207.8
1115520 2216.5
1115530 2216.5
1115540 2213.2
1115550 2212.2
1115560 2212.2
1115570 2224.5
1115580 2234.1
1115590 2234.1
1115600 2233.6
1115610 2222.8
1115620 2222.8
1115630 2218.4
1115640 2213.9
1115650 2213.9
1115660 2211.1
1115670 2208.6
1115680 2206.2
1115690 2206.2
1115700 2204.6
1115710 2203.5
1115720 2203.5
1115730 2201.5
1115740 2202.4
1115750 2202.4
1115760 2205.8
1115770 2206.4
1115780 2206.4
1115790 2205.7
1115800 2207.3
1115810 2207.3
1115820 2208.2
1115830 2209.0
1115840 2209.0
1115850 2210.7
1115860 2210.7
1115870 2210.7
1115880 2209.8
1115890 2207.8
1115900 2208.1
1115910 2214.3
1115920 2212.5
1115930 2209.0
1115940 2209.0
1115950 2205.3
1115960 2200.1
1115970 2200.1
1115980 2195.6
1115990 2190.4
1116000 2190.4
1116010 2183.5
1116020 2175.7
1116030 2175.7
1116040 2168.3
1116050 2161.3
1116060 2161.3
1116070 2153.8
1116080 2147.6
1116090 2142.6
1116100 2142.6
1116110 2138.6
1116120 2134.6
1116130 2134.6
1116140 2130.7
1116150 2128.0
1116160 2128.0
1116170 2126.0
1116180 2124.0
1116190 2124.0
1116200 2122.6
1116210 2121.6
1116220 2121.6
1116230 2120.6
1116240 2119.4
1116250 2119.1
1116260 2119.1
1116270 2118.6
1116280 2118.6
1116290 2116.0
1116300 2114.3
1116310 2111.6
1116320 2111.6
1116330 2109.5
1116340 2107.5
1116350 2107.5
1116360 2106.7
1116370 2105.6
1116380 2105.6
1116390 2102.4
1116400 2097.7
1116410 2097.7
1116420 2095.2
1116430 2094.6
1116440 2094.6
1116450 2093.3
1116460 2090.6
1116470 2090.6
1116480 2087.0
1116490 2084.3
1116500 2081.0
1116510 2081.0
1116520 2077.3
1116530 2075.1
1116540 2075.1
1116550 2071.5
1116560 2066.5
1116570 2066.5
1116580 2062.0
1116590 2059.0
1116600 2058.5
1116610 2054.3
1116620 2050.3
1116630 2050.3
1116640 2047.3
1116650 2043.2
1116660 2043.2
1116670 2038.5
1116680 2033.7
1116690 2033.7
1116700 2028.4
1116710 2022.7
1116720 2016.2
1116730 2016.2
1116740 2009.7
1116750 2002.0
1116760 2002.0
1116770 1991.2
1116780 1980.0
1116790 1980.0
1116800 1971.3
1116810 1964.4
1116820 1964.4
1116830 1957.8
1116840 1950.2
1116850 1950.2
1116860 1942.4
1116870 1934.8
1116880 1934.8
1116890 1926.4
1116900 1918.2
1116910 1910.2
1116920 1910.2
1116930 1901.8
1116940 1891.9
1116950 1891.9
1116960 1884.3
1116970 1878.4
1116980 1878.4
1116990 1872.0
1117000 1864.6
1117010 1864.6
1117020 1856.8
1117030 1848.6
1117040 1848.6
1117050 1840.6
1117060 1832.5
1117070 1832.5
1117080 1825.5
1117090 1821.1
1117100 1821.1
1117110 1820.7
1117120 1820.7
1117130 1822.8
1117140 1822.8
1117150 1822.0
1117160 1819.6
1117170 1819.6
1117180 1817.4
1117190 1815.6
1117200 1815.6
1117210 1820.8
1117220 1823.4
1117230 1823.4
1117240 1824.8
1117250 1824.7
1117260 1824.7
1117270 1824.8
1117280 1824.1
1117290 1824.1
1117300 1825.8
1117310 1831.1
1117320 1835.6
1117330 1835.6
1117340 1839.4
1117350 1838.2
1117360 1838.2
1117370 1832.6
1117380 1827.3
1117390 1827.3
1117400 1826.0
1117410 1829.3
1117420 1829.3
1117430 1835.1
1117440 1841.5
1117450 1841.5
1117460 1845.9
1117470 1845.2
1117480 1845.2
1117490 1843.3
1117500 1841.0
1117510 1841.0
1117520 1839.3
1117530 1836.4
1117540 1832.9
1117550 1832.9
1117560 1829.8
1117570 1827.6
1117580 1827.6
1117590 1826.8
1117600 1826.0
1117610 1826.0
1117620 1826.5
1117630 1830.9
1117640 1830.9
1117650 1831.0
1117660 1830.5
1117670 1830.5
1117680 1828.2
1117690 1826.6
1117700 1826.6
1117710 1824.5
1117720 1823.8
1117730 1823.9
1117740 1823.9
1117750 1823.1
1117760 1820.5
1117770 1820.5
1117780 1818.3
1117790 1816.5
1117800 1816.5
1117810 1815.7
1117820 1815.2
1117830 1815.2
1117840 1814.9
1117850 1814.7
1117860 1814.7
1117870 1811.0
1117880 1814.2
1117890 1814.2
1117900 1819.6
1117910 1817.0
1117920 1817.0
1117930 1810.8
1117940 1808.3
1117950 1808.9
1117960 1808.9
1117970 1820.7
1117980 1827.8
1117990 1827.8
1118000 1829.4
1118010 1829.4
1118020 1829.4
1118030 1830.3
1118040 1832.4
1118050 1832.4
1118060 1834.5
1118070 1836.9
1118080 1836.9
1118090 1839.8
1118100 1841.1
1118110 1841.1
1118120 1841.7
1118130 1843.0
1118140 1844.4
1118150 1844.4
1118160 1846.1
1118170 1849.0
1118180 1849.0
1118190 1849.3
1118200 1849.4
1118210 1849.4
1118220 1850.9
1118230 1850.8
1118240 1850.8
1118250 1850.7
1118260 1852.1
1118270 1852.1
1118280 1853.5
1118290 1854.2
1118300 1854.2
1118310 1855.3
1118320 1862.0
1118330 1862.0
1118340 1861.7
1118350 1860.6
1118360 1859.8
1118370 1859.8
1118380 1860.2
1118390 1861.3
1118400 1861.3
1118410 1861.1
1118420 1859.5
1118430 1859.5
1118440 1857.6
1118450 1855.4
1118460 1855.4
1118470 1853.9
1118480 1852.5
1118490 1852.5
1118500 1851.8
1118510 1851.4
1118520 1851.4
1118530 1850.3
1118540 1848.7
1118550 1847.3
1118560 1847.3
1118570 1845.5
1118580 1844.3
1118590 1844.3
1118600 1845.7
1118610 1847.9
1118620 1847.9
1118630 1850.4
1118640 1850.8
1118650 1850.8
1118660 1853.0
1118670 1850.4
1118680 1850.4
1118690 1847.3
1118700 1846.0
1118710 1846.0
1118720 1846.6
1118730 1846.8
1118740 1846.8
1118750 1846.3
1118760 1851.1
1118770 1851.7
1118780 1851.7
1118790 1851.7
1118800 1859.8
1118810 1859.8
1118820 1864.8
1118830 1865.8
1118840 1865.8
1118850 1867.7
1118860 1870.1
1118870 1870.1
1118880 1869.7
1118890 1869.4
1118900 1869.4
1118910 1869.3
1118920 1870.7
1118930 1870.7
1118940 1875.4
1118950 1880.1
1118960 1882.1
1118970 1882.1
1118980 1882.3
1118990 1883.4
1119000 1883.4
1119010 1893.9
1119020 1893.6
1119030 1893.6
1119040 1891.2
1119050 1889.1
1119060 1889.1
1119070 1887.0
1119080 1885.1
1119090 1885.1
1119100 1883.4
1119110 1881.2
1119120 1881.2
1119130 1878.9
1119140 1876.0
1119150 1876.0
1119160 1872.0
1119170 1869.2
1119180 1867.7
1119190 1867.7
1119200 1865.2
1119210 1863.0
1119220 1863.0
1119230 1860.4
1119240 1856.0
1119250 1856.0
1119260 1851.2
1119270 1849.6
1119280 1849.6
1119290 1849.1
1119300 1849.3
1119310 1849.3
1119320 1848.6
1119330 1847.5
1119340 1847.5
1119350 1846.7
1119360 1852.2
1119370 1855.2
1119380 1855.2
1119390 1857.9
1119400 1859.4
1119410 1859.4
1119420 1859.8
1119430 1859.6
1119440 1859.6
1119450 1859.7
1119460 1859.6
1119470 1859.6
1119480 1857.8
1119490 1856.2
1119500 1856.2
1119510 1856.1
1119520 1856.1
1119530 1856.1
1119540 1857.1
1119550 1859.0
1119560 1860.0
1119570 1860.0
1119580 1860.4
1119590 1860.9
1119600 1860.9
1119610 1862.6
1119620 1864.4
1119630 1864.4
1119640 1868.0
1119650 1872.1
1119660 1872.1
1119670 1874.7
1119680 1876.6
1119690 1876.6
1119700 1884.3
1119710 1885.8
1119720 1885.8
1119730 1886.8
1119740 1889.5
1119750 1889.5
1119760 1891.8
1119770 1893.0
1119780 1889.6
1119790 1889.6
1119800 1890.9
1119810 1889.4
1119820 1889.4
1119830 1884.6
1119840 1880.9
1119850 1880.9
1119860 1878.8
1119870 1878.5
1119880 1878.5
1119890 1877.9
1119900 1874.7
1119910 1874.7
1119920 1870.0
1119930 1867.4
1119940 1867.4
1119950 1868.1
1119960 1869.0
1119970 1871.0
1119980 1871.0
1119990 1872.3
