1100000 2466.7
1100010 2467.6
1100020 2467.6
1100030 2463.2
1100040 2461.4
1100050 2461.4
1100060 2460.0
1100070 2451.5
1100080 2451.5
1100090 2449.4
1100100 2453.4
1100110 2453.4
1100120 2451.9
1100130 2453.4
1100140 2453.4
1100150 2456.7
1100160 2459.3
1100170 2457.7
1100180 2457.7
1100190 2452.5
1100200 2451.3
1100210 2451.3
1100220 2451.1
1100230 2448.9
1100240 2448.9
1100250 2452.8
1100260 2449.1
1100270 2449.1
1100280 2444.8
1100290 2445.7
1100300 2439.9
1100310 2444.2
1100320 2437.3
1100330 2437.3
1100340 2429.4
1100350 2424.3
1100360 2421.0
1100370 2421.0
1100380 2420.2
1100390 2419.3
1100400 2419.3
1100410 2419.8
1100420 2418.2
1100430 2418.2
1100440 2417.4
1100450 2416.3
1100460 2416.3
1100470 2415.5
1100480 2415.8
1100490 2415.8
1100500 2416.8
1100510 2412.9
1100520 2412.9
1100530 2405.8
1100540 2397.0
1100550 2397.0
1100560 2383.2
1100570 2373.0
1100580 2361.2
1100590 2361.2
1100600 2352.7
1100610 2346.6
1100620 2346.6
1100630 2333.8
1100640 2326.5
1100650 2326.5
1100660 2319.4
1100670 2312.8
1100680 2312.8
1100690 2306.5
1100700 2300.0
1100710 2300.0
1100720 2293.8
1100730 2287.5
1100740 2287.5
1100750 2282.1
1100760 2276.9
1100770 2271.9
1100780 2271.9
1100790 2266.8
1100800 2261.4
1100810 2261.4
1100820 2257.2
1100830 2253.7
1100840 2253.7
1100850 2250.5
1100860 2248.1
1100870 2248.1
1100880 2246.3
1100890 2246.3
1100900 2246.3
1100910 2244.5
1100920 2240.7
1100930 2240.7
1100940 2235.9
1100950 2230.2
1100960 2232.4
1100970 2229.2
1100980 2227.9
1100990 2226.7
1101000 2226.7
1101010 2224.5
1101020 2223.1
1101030 2223.1
1101040 2219.4
1101050 2214.8
1101060 2214.8
1101070 2210.0
1101080 2207.1
1101090 2207.1
1101100 2204.6
1101110 2201.9
1101120 2201.9
1101130 2196.1
1101140 2192.0
1101150 2192.0
1101160 2187.1
1101170 2184.1
1101180 2181.5
1101190 2181.5
1101200 2179.3
1101210 2177.3
1101220 2177.3
1101230 2175.5
1101240 2173.6
1101250 2173.6
1101260 2171.6
1101270 2169.5
1101280 2169.5
1101290 2167.3
1101300 2165.2
1101310 2165.2
1101320 2163.4
1101330 2161.5
1101340 2161.5
1101350 2159.6
1101360 2158.1
1101370 2158.1
1101380 2156.9
1101390 2155.5
1101400 2154.0
1101410 2154.0
1101420 2152.4
1101430 2150.8
1101440 2150.8
1101450 2149.0
1101460 2147.0
1101470 2147.0
1101480 2144.7
1101490 2142.5
1101500 2142.5
1101510 2140.1
1101520 2137.8
1101530 2137.8
1101540 2136.2
1101550 2134.2
1101560 2134.2
1101570 2131.5
1101580 2127.4
1101590 2123.3
1101600 2123.3
1101610 2122.3
1101620 2121.5
1101630 2121.5
1101640 2119.8
1101650 2117.3
1101660 2117.3
1101670 2114.1
1101680 2111.2
1101690 2111.2
1101700 2108.9
1101710 2106.7
1101720 2106.7
1101730 2104.8
1101740 2103.1
1101750 2103.1
1101760 2101.7
1101770 2099.8
1101780 2099.8
1101790 2097.8
1101800 2096.0
1101810 2094.3
1101820 2094.3
1101830 2092.3
1101840 2090.2
1101850 2090.2
1101860 2089.1
1101870 2086.6
1101880 2086.6
1101890 2084.0
1101900 2081.5
1101910 2081.5
1101920 2078.8
1101930 2075.9
1101940 2075.9
1101950 2072.9
1101960 2070.3
1101970 2070.3
1101980 2067.8
1101990 2065.4
1102000 2063.4
1102010 2063.4
1102020 2060.6
1102030 2055.2
1102040 2055.2
1102050 2052.4
1102060 2050.3
1102070 2050.3
1102080 2048.2
1102090 2045.9
1102100 2045.9
1102110 2043.0
1102120 2039.8
1102130 2039.8
1102140 2036.5
1102150 2033.1
1102160 2033.1
1102170 2029.4
1102180 2026.1
1102190 2026.1
1102200 2023.4
1102210 2021.6
1102220 2020.0
1102230 2020.0
1102240 2016.4
1102250 2013.6
1102260 2013.6
1102270 2010.6
1102280 2008.1
1102290 2007.9
1102300 2005.3
1102310 2002.4
1102320 2002.4
1102330 1998.9
1102340 1992.9
1102350 1992.9
1102360 1985.0
1102370 1978.2
1102380 1978.2
1102390 1972.2
1102400 1967.9
1102410 1963.5
1102420 1963.5
1102430 1957.8
1102440 1951.1
1102450 1951.1
1102460 1945.8
1102470 1940.9
1102480 1940.9
1102490 1935.1
1102500 1930.0
1102510 1930.0
1102520 1925.0
1102530 1919.5
1102540 1919.5
1102550 1914.2
1102560 1909.5
1102570 1909.5
1102580 1904.0
1102590 1897.8
1102600 1897.8
1102610 1893.1
1102620 1885.6
1102630 1876.9
1102640 1876.9
1102650 1868.6
1102660 1860.8
1102670 1860.8
1102680 1854.4
1102690 1848.6
1102700 1848.6
1102710 1843.6
1102720 1839.4
1102730 1839.4
1102740 1835.9
1102750 1832.5
1102760 1832.5
1102770 1828.8
1102780 1824.9
1102790 1824.9
1102800 1821.1
1102810 1817.1
1102820 1813.2
1102830 1813.2
1102840 1809.1
1102850 1806.8
1102860 1806.8
1102870 1805.9
1102880 1807.6
1102890 1807.6
1102900 1810.5
1102910 1812.7
1102920 1812.7
1102930 1814.4
1102940 1816.1
1102950 1825.0
1102960 1827.8
1102970 1830.4
1102980 1830.4
1102990 1832.2
1103000 1831.5
1103010 1831.5
1103020 1829.9
1103030 1828.5
1103040 1827.4
1103050 1827.4
1103060 1826.4
1103070 1824.9
1103080 1824.9
1103090 1822.6
1103100 1820.5
1103110 1820.5
1103120 1818.0
1103130 1814.9
1103140 1814.9
1103150 1810.5
1103160 1804.3
1103170 1804.3
1103180 1798.5
1103190 1793.2
1103200 1793.2
1103210 1787.6
1103220 1783.8
1103230 1780.4
1103240 1780.4
1103250 1776.9
1103260 1772.2
1103270 1772.2
1103280 1769.6
1103290 1763.0
1103300 1763.0
1103310 1757.3
1103320 1752.3
1103330 1752.3
1103340 1747.3
1103350 1740.0
1103360 1740.0
1103370 1733.6
1103380 1730.0
1103390 1730.0
1103400 1724.6
1103410 1723.8
1103420 1723.8
1103430 1721.5
1103440 1715.6
1103450 1711.1
1103460 1711.1
1103470 1706.2
1103480 1701.0
1103490 1701.0
1103500 1696.7
1103510 1691.9
1103520 1691.9
1103530 1687.3
1103540 1680.4
1103550 1680.4
1103560 1675.4
1103570 1671.9
1103580 1671.9
1103590 1668.6
1103600 1664.5
1103610 1666.6
1103620 1661.6
1103630 1658.9
1103640 1658.9
1103650 1657.2
1103660 1656.3
1103670 1651.1
1103680 1651.1
1103690 1644.9
1103700 1639.0
1103710 1639.0
1103720 1633.2
1103730 1625.1
1103740 1625.1
1103750 1616.7
1103760 1608.7
1103770 1608.7
1103780 1600.5
1103790 1595.2
1103800 1595.2
1103810 1589.8
1103820 1583.6
1103830 1583.6
1103840 1577.2
1103850 1571.0
1103860 1565.2
1103870 1565.2
1103880 1559.8
1103890 1554.2
1103900 1554.2
1103910 1549.9
1103920 1548.4
1103930 1548.4
1103940 1547.6
1103950 1546.2
1103960 1546.2
1103970 1547.1
1103980 1548.6
1103990 1548.6
1104000 1550.8
1104010 1552.6
1104020 1552.6
1104030 1554.6
1104040 1556.2
1104050 1556.2
1104060 1557.0
1104070 1558.5
1104080 1559.7
1104090 1559.7
1104100 1561.2
1104110 1561.9
1104120 1561.9
1104130 1562.9
1104140 1563.9
1104150 1563.9
1104160 1564.8
1104170 1566.0
1104180 1566.0
1104190 1567.6
1104200 1568.8
1104210 1568.8
1104220 1570.4
1104230 1571.9
1104240 1571.9
1104250 1573.7
1104260 1575.7
1104270 1577.6
1104280 1579.3
1104290 1581.3
1104300 1582.5
1104310 1582.5
1104320 1584.7
1104330 1586.7
1104340 1586.7
1104350 1591.5
1104360 1598.5
1104370 1598.5
1104380 1605.1
1104390 1609.2
1104400 1609.2
1104410 1611.8
1104420 1615.7
1104430 1615.7
1104440 1619.4
1104450 1623.0
1104460 1623.0
1104470 1626.7
1104480 1629.9
1104490 1631.0
1104500 1631.0
1104510 1630.0
1104520 1627.1
1104530 1627.1
1104540 1623.2
1104550 1621.5
1104560 1621.5
1104570 1622.3
1104580 1624.6
1104590 1624.6
1104600 1626.9
1104610 1630.5
1104620 1630.5
1104630 1632.5
1104640 1634.4
1104650 1634.4
1104660 1636.5
1104670 1638.2
1104680 1640.6
1104690 1640.6
1104700 1642.7
1104710 1645.2
1104720 1645.2
1104730 1647.5
1104740 1648.1
1104750 1648.1
1104760 1648.8
1104770 1650.4
1104780 1650.4
1104790 1652.0
1104800 1652.8
1104810 1652.8
1104820 1653.2
1104830 1655.3
1104840 1655.3
1104850 1655.1
1104860 1655.6
1104870 1655.6
1104880 1656.5
1104890 1656.8
1104900 1654.7
1104910 1654.7
1104920 1652.9
1104930 1653.0
1104940 1653.0
1104950 1657.2
1104960 1658.9
1104970 1658.9
1104980 1660.4
1104990 1660.4
1105000 1660.4
1105010 1660.1
1105020 1658.4
1105030 1658.4
1105040 1657.4
1105050 1657.8
1105060 1657.8
1105070 1656.9
1105080 1656.7
1105090 1654.7
1105100 1654.7
1105110 1651.2
1105120 1648.7
1105130 1648.7
1105140 1645.0
1105150 1642.9
1105160 1642.9
1105170 1641.1
1105180 1639.6
1105190 1639.6
1105200 1637.9
1105210 1636.3
1105220 1636.3
1105230 1634.7
1105240 1633.0
1105250 1633.0
1105260 1631.3
1105270 1629.9
1105280 1635.7
1105290 1634.7
1105300 1634.8
1105310 1635.2
1105320 1635.2
1105330 1634.3
1105340 1634.6
1105350 1634.6
1105360 1635.9
1105370 1637.9
1105380 1637.9
1105390 1640.8
1105400 1641.9
1105410 1641.9
1105420 1643.1
1105430 1645.3
1105440 1645.3
1105450 1646.4
1105460 1649.2
1105470 1649.2
1105480 1650.0
1105490 1650.8
1105500 1651.9
1105510 1651.9
1105520 1652.3
1105530 1652.7
1105540 1652.7
1105550 1653.6
1105560 1652.9
1105570 1652.9
1105580 1652.7
1105590 1652.5
1105600 1652.5
1105610 1654.9
1105620 1654.2
1105630 1654.2
1105640 1652.9
1105650 1652.1
1105660 1652.1
1105670 1651.9
1105680 1651.1
1105690 1651.1
1105700 1649.8
1105710 1647.9
1105720 1647.6
1105730 1647.6
1105740 1648.3
1105750 1648.1
1105760 1648.1
1105770 1648.7
1105780 1649.5
1105790 1649.5
1105800 1649.8
1105810 1649.6
1105820 1649.6
1105830 1650.6
1105840 1651.6
1105850 1651.6
1105860 1651.1
1105870 1653.4
1105880 1653.4
1105890 1658.4
1105900 1665.0
1105910 1669.9
1105920 1669.9
1105930 1672.8
1105940 1674.7
1105950 1671.6
1105960 1674.5
1105970 1677.3
1105980 1677.3
1105990 1680.8
1106000 1683.9
1106010 1683.9
1106020 1685.1
1106030 1687.9
1106040 1687.9
1106050 1692.2
1106060 1696.9
1106070 1696.9
1106080 1701.6
1106090 1705.3
1106100 1705.3
1106110 1709.3
1106120 1713.9
1106130 1720.1
1106140 1720.1
1106150 1725.7
1106160 1730.3
1106170 1730.3
1106180 1735.7
1106190 1740.6
1106200 1740.6
1106210 1745.7
1106220 1751.2
1106230 1751.2
1106240 1757.3
1106250 1763.5
1106260 1763.5
1106270 1769.4
1106280 1770.2
1106290 1770.2
1106300 1776.1
1106310 1783.1
1106320 1789.8
1106330 1789.8
1106340 1795.4
1106350 1800.4
1106360 1800.4
1106370 1805.1
1106380 1809.2
1106390 1809.2
1106400 1812.8
1106410 1816.6
1106420 1816.6
1106430 1821.0
1106440 1826.0
1106450 1826.0
1106460 1831.6
1106470 1837.7
1106480 1837.7
1106490 1843.6
1106500 1849.7
1106510 1849.7
1106520 1856.2
1106530 1862.9
1106540 1870.7
1106550 1870.7
1106560 1877.7
1106570 1884.5
1106580 1884.5
1106590 1891.0
1106600 1897.0
1106610 1897.0
1106620 1899.7
1106630 1906.4
1106640 1906.4
1106650 1912.6
1106660 1918.8
1106670 1918.8
1106680 1923.9
1106690 1924.0
1106700 1924.0
1106710 1928.0
1106720 1937.1
1106730 1943.9
1106740 1943.9
1106750 1951.6
1106760 1958.8
1106770 1958.8
1106780 1965.7
1106790 1973.1
1106800 1973.1
1106810 1983.5
1106820 1991.5
1106830 1991.5
1106840 1995.6
1106850 1999.5
1106860 1999.5
1106870 2003.4
1106880 2007.5
1106890 2007.5
1106900 2011.9
1106910 2016.7
1106920 2016.7
1106930 2021.4
1106940 2026.2
1106950 2025.7
1106960 2025.7
1106970 2029.8
1106980 2033.7
1106990 2033.7
1107000 2038.5
1107010 2043.6
1107020 2043.6
1107030 2051.6
1107040 2059.5
1107050 2059.5
1107060 2070.6
1107070 2080.3
1107080 2080.3
1107090 2084.3
1107100 2084.8
1107110 2084.8
1107120 2084.7
1107130 2088.3
1107140 2093.0
1107150 2093.0
1107160 2098.1
1107170 2102.1
1107180 2102.1
1107190 2103.7
1107200 2103.0
1107210 2103.0
1107220 2103.2
1107230 2104.4
1107240 2104.4
1107250 2106.9
1107260 2112.0
1107270 2112.0
1107280 2116.1
1107290 2109.7
1107300 2109.7
1107310 2115.7
1107320 2124.7
1107330 2124.7
1107340 2130.8
1107350 2134.8
1107360 2137.9
1107370 2137.9
1107380 2141.2
1107390 2144.4
1107400 2144.4
1107410 2146.3
1107420 2150.7
1107430 2150.7
1107440 2156.6
1107450 2162.4
1107460 2162.4
1107470 2167.0
1107480 2171.4
1107490 2171.4
1107500 2174.7
1107510 2178.6
1107520 2178.6
1107530 2183.4
1107540 2190.5
1107550 2204.3
1107560 2204.3
1107570 2217.7
1107580 2229.5
1107590 2229.5
1107600 2236.6
1107610 2245.1
1107620 2239.2
1107630 2259.3
1107640 2286.0
1107650 2286.0
1107660 2300.9
1107670 2311.8
1107680 2311.8
1107690 2322.5
1107700 2336.1
1107710 2336.1
1107720 2347.0
1107730 2341.9
1107740 2341.9
1107750 2331.8
1107760 2345.2
1107770 2365.3
1107780 2365.3
1107790 2375.9
1107800 2386.7
1107810 2386.7
1107820 2396.5
1107830 2391.7
1107840 2391.7
1107850 2385.7
1107860 2391.1
1107870 2391.1
1107880 2402.6
1107890 2414.2
1107900 2414.2
1107910 2426.4
1107920 2434.6
1107930 2434.6
1107940 2436.8
1107950 2442.5
1107960 2445.0
1107970 2445.0
1107980 2449.3
1107990 2453.6
1108000 2453.6
1108010 2460.8
1108020 2470.7
1108030 2470.7
1108040 2475.5
1108050 2475.3
1108060 2475.3
1108070 2472.9
1108080 2470.3
1108090 2470.3
1108100 2468.8
1108110 2467.4
1108120 2467.4
1108130 2467.7
1108140 2469.2
1108150 2469.2
1108160 2470.9
1108170 2473.2
1108180 2475.6
1108190 2475.6
1108200 2477.9
1108210 2480.9
1108220 2480.9
1108230 2484.4
1108240 2488.4
1108250 2488.4
1108260 2491.4
1108270 2489.4
1108280 2489.4
1108290 2470.0
1108300 2454.7
1108310 2454.7
1108320 2443.4
1108330 2436.4
1108340 2436.4
1108350 2430.3
1108360 2420.7
1108370 2415.1
1108380 2415.1
1108390 2410.8
1108400 2405.1
1108410 2405.1
1108420 2397.6
1108430 2389.3
1108440 2389.3
1108450 2386.6
1108460 2385.6
1108470 2385.6
1108480 2383.8
1108490 2382.1
1108500 2382.1
1108510 2382.2
1108520 2383.1
1108530 2383.1
1108540 2383.7
1108550 2384.1
1108560 2384.1
1108570 2384.2
1108580 2384.4
1108590 2384.2
1108600 2384.2
1108610 2386.0
1108620 2388.8
1108630 2384.3
1108640 2388.2
1108650 2391.9
1108660 2391.9
1108670 2395.8
1108680 2399.5
1108690 2399.5
1108700 2403.3
1108710 2407.1
1108720 2407.1
1108730 2410.2
1108740 2413.8
1108750 2413.8
1108760 2417.1
1108770 2420.5
1108780 2424.0
1108790 2424.0
1108800 2428.1
1108810 2433.1
1108820 2433.1
1108830 2437.7
1108840 2443.6
1108850 2443.6
1108860 2449.7
1108870 2455.6
1108880 2455.6
1108890 2461.7
1108900 2468.1
1108910 2468.1
1108920 2474.9
1108930 2484.8
1108940 2484.8
1108950 2493.9
1108960 2500.7
1108970 2496.5
1108980 2504.0
1108990 2511.9
1109000 2520.1
1109010 2520.1
1109020 2528.4
1109030 2540.7
1109040 2540.7
1109050 2547.9
1109060 2554.5
1109070 2554.5
1109080 2561.7
1109090 2568.5
1109100 2568.5
1109110 2575.0
1109120 2575.3
1109130 2575.3
1109140 2570.2
1109150 2565.4
1109160 2565.4
1109170 2561.7
1109180 2560.5
1109190 2558.1
1109200 2558.1
1109210 2555.7
1109220 2553.3
1109230 2553.3
1109240 2551.0
1109250 2550.3
1109260 2550.3
1109270 2545.5
1109280 2534.3
1109290 2534.3
1109300 2526.7
1109310 2514.8
1109320 2514.8
1109330 2507.8
1109340 2500.8
1109350 2500.8
1109360 2494.3
1109370 2488.0
1109380 2488.0
1109390 2481.1
1109400 2472.7
1109410 2456.4
1109420 2456.4
1109430 2448.0
1109440 2439.1
1109450 2439.1
1109460 2431.2
1109470 2426.1
1109480 2426.1
1109490 2422.3
1109500 2418.8
1109510 2418.8
1109520 2414.0
1109530 2409.4
1109540 2409.4
1109550 2406.1
1109560 2401.2
1109570 2401.2
1109580 2397.2
1109590 2395.5
1109600 2392.8
1109610 2392.8
1109620 2386.3
1109630 2380.9
1109640 2378.4
1109650 2373.2
1109660 2367.3
1109670 2367.3
1109680 2362.1
1109690 2358.0
1109700 2358.0
1109710 2348.3
1109720 2337.0
1109730 2337.0
1109740 2330.1
1109750 2326.7
1109760 2326.7
1109770 2321.8
1109780 2318.2
1109790 2318.2
1109800 2310.4
1109810 2302.3
1109820 2298.0
1109830 2298.0
1109840 2291.4
1109850 2282.2
1109860 2282.2
1109870 2270.5
1109880 2264.9
1109890 2264.9
1109900 2259.2
1109910 2252.6
1109920 2252.6
1109930 2248.5
1109940 2244.0
1109950 2244.0
1109960 2239.3
1109970 2233.4
1109980 2231.1
1109990 2226.2
1110000 2221.5
1110010 2217.4
1110020 2217.4
1110030 2213.4
1110040 2210.0
1110050 2210.0
1110060 2207.0
1110070 2201.7
1110080 2201.7
1110090 2192.6
1110100 2184.7
1110110 2184.7
1110120 2180.1
1110130 2176.5
1110140 2176.5
1110150 2172.9
1110160 2169.0
1110170 2169.0
1110180 2164.8
1110190 2160.8
1110200 2160.8
1110210 2156.5
1110220 2151.8
1110230 2146.3
1110240 2146.3
1110250 2139.0
1110260 2133.1
1110270 2133.1
1110280 2127.5
1110290 2121.8
1110300 2121.8
1110310 2116.1
1110320 2115.8
1110330 2115.8
1110340 2114.2
1110350 2113.4
1110360 2113.4
1110370 2113.5
1110380 2114.3
1110390 2114.3
1110400 2112.1
1110410 2108.0
1110420 2103.9
1110430 2103.9
1110440 2100.7
1110450 2095.9
1110460 2095.9
1110470 2088.2
1110480 2080.6
1110490 2080.6
1110500 2074.3
1110510 2069.7
1110520 2069.7
1110530 2066.9
1110540 2066.0
1110550 2066.0
1110560 2064.8
1110570 2062.8
1110580 2062.8
1110590 2063.7
1110600 2065.1
1110610 2065.1
1110620 2066.6
1110630 2069.3
1110640 2071.8
1110650 2071.8
1110660 2080.6
1110670 2084.0
1110680 2084.0
1110690 2087.9
1110700 2091.2
1110710 2091.2
1110720 2095.5
1110730 2100.1
1110740 2100.1
1110750 2104.9
1110760 2110.3
1110770 2110.3
1110780 2114.9
1110790 2119.6
1110800 2119.6
1110810 2124.5
1110820 2131.2
1110830 2134.8
1110840 2134.8
1110850 2142.9
1110860 2146.5
1110870 2146.5
1110880 2147.8
1110890 2152.7
1110900 2152.7
1110910 2157.4
1110920 2161.2
1110930 2161.2
1110940 2163.8
1110950 2167.6
1110960 2167.6
1110970 2172.5
1110980 2177.7
1110990 2177.7
1111000 2184.1
1111010 2190.0
1111020 2190.0
1111030 2194.9
1111040 2200.0
1111050 2204.9
1111060 2204.9
1111070 2210.4
1111080 2216.1
1111090 2216.1
1111100 2222.2
1111110 2228.4
1111120 2228.4
1111130 2234.7
1111140 2241.0
1111150 2241.0
1111160 2247.4
1111170 2254.3
1111180 2254.3
1111190 2261.9
1111200 2269.2
1111210 2269.2
1111220 2276.6
1111230 2284.1
1111240 2292.5
1111250 2292.5
1111260 2300.9
1111270 2307.0
1111280 2307.0
1111290 2313.7
1111300 2321.4
1111310 2321.4
1111320 2329.0
1111330 2333.0
1111340 2333.0
1111350 2338.9
1111360 2343.2
1111370 2343.2
1111380 2346.2
1111390 2348.9
1111400 2348.9
1111410 2351.0
1111420 2353.9
1111430 2353.9
1111440 2356.2
1111450 2357.9
1111460 2359.6
1111470 2359.6
1111480 2362.5
1111490 2365.1
1111500 2365.1
1111510 2366.4
1111520 2368.7
1111530 2368.7
1111540 2373.7
1111550 2378.7
1111560 2378.7
1111570 2383.5
1111580 2387.1
1111590 2387.1
1111600 2389.2
1111610 2391.2
1111620 2391.2
1111630 2392.1
1111640 2394.7
1111650 2399.2
1111660 2399.2
1111670 2402.4
1111680 2407.1
1111690 2407.1
1111700 2407.3
1111710 2398.5
1111720 2398.5
1111730 2390.6
1111740 2384.9
1111750 2384.9
1111760 2380.1
1111770 2375.7
1111780 2375.7
1111790 2370.9
1111800 2367.9
1111810 2367.9
1111820 2363.2
1111830 2358.9
1111840 2358.9
1111850 2355.4
1111860 2354.2
1111870 2354.2
1111880 2354.2
1111890 2351.8
1111900 2349.0
1111910 2349.0
1111920 2348.7
1111930 2350.0
1111940 2350.0
1111950 2349.6
1111960 2348.5
1111970 2348.5
1111980 2345.4
1111990 2343.9
1112000 2343.9
1112010 2339.2
1112020 2333.3
1112030 2333.3
1112040 2331.4
1112050 2328.6
1112060 2326.1
1112070 2326.1
1112080 2323.7
1112090 2321.8
1112100 2321.8
1112110 2320.2
1112120 2318.6
1112130 2318.6
1112140 2318.5
1112150 2318.5
1112160 2318.5
1112170 2318.5
1112180 2318.8
1112190 2318.8
1112200 2320.5
1112210 2320.2
1112220 2320.2
1112230 2319.8
1112240 2320.6
1112250 2320.6
1112260 2321.6
1112270 2323.0
1112280 2323.4
1112290 2323.4
1112300 2321.9
1112310 2319.9
1112320 2319.9
1112330 2316.5
1112340 2308.7
1112350 2303.1
1112360 2297.8
1112370 2292.8
1112380 2292.8
1112390 2288.3
1112400 2283.8
1112410 2283.8
1112420 2280.3
1112430 2277.0
1112440 2277.0
1112450 2272.6
1112460 2267.4
1112470 2264.8
1112480 2264.8
1112490 2259.9
1112500 2252.7
1112510 2252.7
1112520 2247.8
1112530 2242.7
1112540 2242.7
1112550 2238.7
1112560 2234.2
1112570 2234.2
1112580 2230.7
1112590 2226.6
1112600 2226.6
1112610 2221.0
1112620 2211.0
1112630 2211.0
1112640 2190.8
1112650 2177.7
1112660 2177.7
1112670 2168.9
1112680 2158.5
1112690 2149.1
1112700 2149.1
1112710 2139.8
1112720 2128.1
1112730 2128.1
1112740 2120.3
1112750 2113.6
1112760 2113.6
1112770 2109.0
1112780 2101.2
1112790 2101.2
1112800 2087.2
1112810 2079.3
1112820 2079.3
1112830 2072.8
1112840 2066.3
1112850 2066.3
1112860 2060.3
1112870 2054.6
1112880 2049.2
1112890 2049.2
1112900 2044.6
1112910 2041.2
1112920 2041.2
1112930 2036.1
1112940 2031.3
1112950 2031.3
1112960 2027.5
1112970 2022.5
1112980 2022.5
1112990 2016.2
1113000 2009.1
1113010 2009.1
1113020 2003.4
1113030 1992.8
1113040 1992.8
1113050 1983.1
1113060 1974.6
1113070 1974.6
1113080 1965.4
1113090 1953.9
1113100 1940.2
1113110 1940.2
1113120 1928.6
1113130 1917.1
1113140 1917.1
1113150 1905.2
1113160 1895.8
1113170 1895.8
1113180 1888.0
1113190 1879.4
1113200 1879.4
1113210 1871.9
1113220 1864.2
1113230 1864.2
1113240 1856.5
1113250 1849.8
1113260 1849.8
1113270 1843.5
1113280 1836.3
1113290 1828.6
1113300 1828.6
1113310 1822.9
1113320 1816.5
1113330 1816.5
1113340 1811.5
1113350 1805.8
1113360 1805.8
1113370 1798.1
1113380 1792.9
1113390 1792.9
1113400 1787.8
1113410 1781.8
1113420 1781.8
1113430 1776.1
1113440 1772.2
1113450 1772.2
1113460 1767.3
1113470 1761.9
1113480 1761.9
1113490 1756.7
1113500 1744.0
1113510 1732.5
1113520 1732.5
1113530 1719.2
1113540 1708.1
1113550 1708.1
1113560 1700.7
1113570 1693.7
1113580 1693.7
1113590 1687.9
1113600 1677.4
1113610 1677.4
1113620 1661.7
1113630 1649.6
1113640 1649.6
1113650 1641.9
1113660 1635.3
1113670 1635.3
1113680 1629.3
1113690 1624.1
1113700 1618.9
1113710 1618.9
1113720 1612.4
1113730 1607.7
1113740 1607.7
1113750 1602.9
1113760 1598.1
1113770 1598.1
1113780 1593.7
1113790 1589.4
1113800 1589.4
1113810 1585.5
1113820 1581.8
1113830 1581.8
1113840 1578.4
1113850 1575.5
1113860 1575.5
1113870 1572.9
1113880 1571.1
1113890 1571.1
1113900 1570.9
1113910 1570.8
1113920 1570.8
1113930 1570.8
1113940 1570.8
1113950 1570.9
1113960 1570.9
1113970 1570.7
1113980 1571.2
1113990 1571.2
1114000 1570.9
1114010 1570.0
1114020 1570.0
1114030 1570.2
1114040 1571.0
1114050 1571.0
1114060 1571.9
1114070 1573.5
1114080 1573.5
1114090 1575.1
1114100 1577.5
1114110 1581.6
1114120 1581.6
1114130 1586.1
1114140 1591.2
1114150 1591.2
1114160 1596.4
1114170 1601.7
1114180 1601.7
1114190 1606.5
1114200 1610.9
1114210 1610.9
1114220 1616.8
1114230 1623.8
1114240 1623.8
1114250 1630.4
1114260 1636.3
1114270 1636.3
1114280 1642.3
1114290 1648.3
1114300 1648.3
1114310 1654.5
1114320 1659.9
1114330 1666.0
1114340 1666.0
1114350 1677.5
1114360 1694.1
1114370 1694.1
1114380 1707.5
1114390 1717.6
1114400 1714.1
1114410 1731.4
1114420 1748.0
1114430 1748.0
1114440 1760.3
1114450 1768.0
1114460 1768.0
1114470 1772.1
1114480 1777.7
1114490 1777.7
1114500 1783.7
1114510 1793.3
1114520 1794.9
1114530 1794.9
1114540 1801.9
1114550 1803.6
1114560 1803.6
1114570 1797.4
1114580 1798.4
1114590 1798.4
1114600 1802.4
1114610 1798.6
1114620 1798.6
1114630 1801.4
1114640 1805.0
1114650 1805.0
1114660 1812.3
1114670 1826.8
1114680 1826.8
1114690 1837.9
1114700 1843.9
1114710 1843.9
1114720 1851.1
1114730 1855.0
1114740 1860.8
1114750 1860.8
1114760 1860.3
1114770 1863.9
1114780 1863.9
1114790 1870.1
1114800 1878.0
1114810 1878.0
1114820 1887.6
1114830 1896.8
1114840 1896.8
1114850 1905.6
1114860 1914.0
1114870 1914.0
1114880 1920.1
1114890 1924.5
1114900 1924.5
1114910 1929.4
1114920 1935.0
1114930 1942.8
1114940 1942.8
1114950 1951.0
1114960 1958.2
1114970 1958.2
1114980 1963.3
1114990 1968.1
1115000 1968.1
1115010 1972.2
1115020 1976.2
1115030 1976.2
1115040 1981.5
1115050 1985.9
1115060 1985.9
1115070 1989.8
1115080 1999.4
1115090 1999.4
1115100 2004.0
1115110 2010.3
1115120 2010.3
1115130 2017.4
1115140 2025.1
1115150 2033.3
1115160 2033.3
1115170 2039.2
1115180 2044.6
1115190 2044.6
1115200 2051.8
1115210 2057.9
1115220 2057.9
1115230 2060.0
1115240 2063.3
1115250 2063.3
1115260 2066.8
1115270 2069.9
1115280 2069.9
1115290 2071.5
1115300 2070.9
1115310 2070.9
1115320 2071.4
1115330 2071.8
1115340 2074.4
1115350 2074.4
1115360 2078.2
1115370 2081.9
1115380 2081.9
1115390 2082.9
1115400 2082.4
1115410 2082.4
1115420 2082.4
1115430 2084.0
1115440 2084.0
1115450 2082.7
1115460 2081.5
1115470 2081.5
1115480 2080.3
1115490 2077.4
1115500 2077.4
1115510 2073.0
1115520 2068.5
1115530 2068.5
1115540 2064.6
1115550 2062.0
1115560 2063.8
1115570 2063.8
1115580 2065.6
1115590 2067.5
1115600 2067.5
1115610 2068.5
1115620 2067.2
1115630 2067.2
1115640 2068.1
1115650 2072.8
1115660 2072.8
1115670 2077.6
1115680 2082.7
1115690 2082.7
1115700 2087.7
1115710 2092.6
1115720 2092.6
1115730 2098.5
1115740 2104.1
1115750 2110.6
1115760 2110.6
1115770 2115.9
1115780 2123.7
1115790 2123.7
1115800 2131.8
1115810 2131.9
1115820 2131.9
1115830 2131.2
1115840 2128.4
1115850 2128.4
1115860 2126.5
1115870 2124.3
1115880 2124.3
1115890 2120.4
1115900 2116.7
1115910 2116.7
1115920 2114.3
1115930 2112.6
1115940 2112.6
1115950 2110.7
1115960 2108.8
1115970 2105.8
1115980 2105.8
1115990 2102.6
1116000 2099.8
1116010 2099.8
1116020 2097.4
1116030 2094.1
1116040 2094.1
1116050 2089.6
1116060 2085.5
1116070 2085.5
1116080 2081.4
1116090 2077.2
1116100 2077.2
1116110 2072.1
1116120 2064.8
1116130 2064.8
1116140 2060.1
1116150 2053.1
1116160 2050.0
1116170 2050.0
1116180 2048.3
1116190 2047.6
1116200 2047.6
1116210 2045.6
1116220 2042.8
1116230 2042.8
1116240 2041.9
1116250 2041.9
1116260 2041.9
1116270 2040.8
1116280 2039.1
1116290 2039.1
1116300 2036.7
1116310 2033.9
1116320 2033.9
1116330 2031.7
1116340 2030.5
1116350 2030.5
1116360 2029.1
1116370 2027.3
1116380 2025.7
1116390 2025.7
1116400 2025.3
1116410 2023.4
1116420 2023.4
1116430 2020.2
1116440 2016.7
1116450 2016.7
1116460 2015.9
1116470 2013.2
1116480 2013.2
1116490 2011.7
1116500 2010.4
1116510 2010.4
1116520 2008.8
1116530 2005.5
1116540 2005.5
1116550 2000.3
1116560 1994.5
1116570 1991.9
1116580 1991.9
1116590 1990.8
1116600 1989.4
1116610 1989.4
1116620 1984.2
1116630 1979.6
1116640 1979.6
1116650 1977.0
1116660 1976.2
1116670 1976.2
1116680 1975.1
1116690 1973.5
1116700 1973.5
1116710 1971.9
1116720 1971.3
1116730 1971.3
1116740 1970.6
1116750 1968.9
1116760 1968.9
1116770 1966.1
1116780 1963.1
1116790 1959.8
1116800 1962.3
1116810 1959.3
1116820 1955.2
1116830 1955.2
1116840 1948.4
1116850 1942.6
1116860 1942.6
1116870 1939.4
1116880 1935.8
1116890 1935.8
1116900 1930.9
1116910 1925.7
1116920 1925.7
1116930 1919.2
1116940 1913.5
1116950 1913.5
1116960 1907.4
1116970 1900.5
1116980 1892.8
1116990 1892.8
1117000 1884.8
1117010 1876.5
1117020 1876.5
1117030 1867.6
1117040 1859.9
1117050 1859.9
1117060 1852.3
1117070 1844.5
1117080 1844.5
1117090 1837.0
1117100 1830.7
1117110 1830.7
1117120 1825.2
1117130 1817.3
1117140 1809.4
1117150 1800.0
1117160 1789.0
1117170 1789.0
1117180 1776.6
1117190 1768.3
1117200 1760.4
1117210 1760.4
1117220 1750.3
1117230 1741.7
1117240 1741.7
1117250 1735.9
1117260 1723.8
1117270 1723.8
1117280 1712.3
1117290 1699.3
1117300 1699.3
1117310 1687.8
1117320 1679.2
1117330 1679.2
1117340 1670.9
1117350 1661.5
1117360 1661.5
1117370 1652.9
1117380 1643.7
1117390 1634.9
1117400 1634.9
1117410 1629.1
1117420 1624.0
1117430 1624.0
1117440 1620.9
1117450 1623.4
1117460 1623.4
1117470 1621.9
1117480 1623.2
1117490 1632.6
1117500 1634.2
1117510 1637.5
1117520 1637.5
1117530 1640.1
1117540 1635.8
1117550 1635.8
1117560 1632.8
1117570 1626.9
1117580 1626.9
1117590 1621.4
1117600 1617.2
1117610 1615.7
1117620 1615.7
1117630 1618.1
1117640 1624.1
1117650 1624.1
1117660 1628.4
1117670 1631.4
1117680 1631.4
1117690 1634.8
1117700 1639.2
1117710 1639.2
1117720 1643.8
1117730 1647.5
1117740 1647.5
1117750 1648.7
1117760 1645.6
1117770 1645.6
1117780 1638.9
1117790 1630.5
1117800 1624.7
1117810 1624.7
1117820 1617.8
1117830 1621.2
1117840 1621.2
1117850 1616.9
1117860 1621.0
1117870 1621.0
1117880 1629.1
1117890 1639.5
1117900 1639.5
1117910 1650.3
1117920 1660.6
1117930 1660.6
1117940 1671.0
1117950 1678.0
1117960 1678.0
1117970 1681.3
1117980 1684.0
1117990 1684.0
1118000 1686.0
1118010 1688.4
1118020 1691.4
1118030 1691.4
1118040 1695.5
1118050 1698.7
1118060 1698.7
1118070 1700.6
1118080 1701.9
1118090 1701.9
1118100 1703.4
1118110 1705.3
1118120 1705.3
1118130 1705.9
1118140 1707.4
1118150 1707.4
1118160 1710.3
1118170 1714.5
1118180 1722.0
1118190 1725.5
1118200 1726.9
1118210 1726.6
1118220 1726.6
1118230 1724.9
1118240 1725.3
1118250 1725.3
1118260 1725.6
1118270 1726.9
1118280 1726.9
1118290 1728.0
1118300 1729.2
1118310 1729.2
1118320 1729.8
1118330 1728.5
1118340 1728.5
1118350 1728.3
1118360 1729.6
1118370 1729.6
1118380 1730.4
1118390 1730.2
1118400 1730.2
1118410 1729.8
1118420 1731.6
1118430 1735.7
1118440 1735.7
1118450 1738.4
1118460 1738.9
1118470 1738.9
1118480 1738.7
1118490 1738.1
1118500 1738.1
1118510 1739.0
1118520 1743.8
1118530 1743.8
1118540 1742.8
1118550 1740.1
1118560 1740.1
1118570 1738.6
1118580 1736.8
1118590 1736.8
1118600 1734.4
1118610 1731.8
1118620 1729.4
1118630 1729.4
1118640 1726.4
1118650 1723.0
1118660 1723.0
1118670 1721.0
1118680 1719.3
1118690 1719.3
1118700 1714.1
1118710 1708.3
1118720 1708.3
1118730 1702.9
1118740 1699.5
1118750 1699.5
1118760 1704.3
1118770 1711.4
1118780 1711.4
1118790 1717.1
1118800 1720.1
1118810 1720.1
1118820 1717.4
1118830 1712.5
1118840 1708.5
1118850 1708.5
1118860 1706.9
1118870 1708.9
1118880 1708.9
1118890 1709.4
1118900 1708.4
1118910 1708.4
1118920 1706.6
1118930 1705.3
1118940 1705.3
1118950 1706.3
1118960 1707.2
1118970 1707.2
1118980 1706.5
1118990 1704.2
1119000 1704.2
1119010 1701.0
1119020 1701.7
1119030 1703.2
1119040 1703.2
1119050 1702.3
1119060 1699.6
1119070 1699.6
1119080 1697.0
1119090 1696.6
1119100 1696.6
1119110 1698.7
1119120 1702.4
1119130 1702.4
1119140 1706.2
1119150 1707.6
1119160 1707.6
1119170 1709.9
1119180 1712.5
1119190 1712.5
1119200 1714.7
1119210 1715.7
1119220 1720.3
1119230 1722.5
1119240 1727.9
1119250 1728.9
1119260 1728.9
1119270 1728.7
1119280 1728.6
1119290 1728.6
1119300 1728.3
1119310 1728.1
1119320 1728.1
1119330 1727.8
1119340 1726.1
1119350 1726.1
1119360 1724.5
1119370 1725.4
1119380 1725.4
1119390 1726.7
1119400 1727.7
1119410 1727.7
1119420 1728.7
1119430 1728.7
1119440 1728.8
1119450 1728.8
1119460 1728.9
1119470 1728.7
1119480 1728.7
1119490 1729.0
1119500 1729.6
1119510 1729.6
1119520 1729.8
1119530 1729.9
1119540 1729.9
1119550 1729.8
1119560 1734.4
1119570 1734.4
1119580 1736.6
1119590 1739.7
1119600 1739.7
1119610 1742.0
1119620 1743.9
1119630 1743.9
1119640 1743.5
1119650 1743.2
1119660 1743.2
1119670 1743.2
1119680 1743.3
1119690 1743.2
1119700 1743.2
1119710 1743.7
1119720 1744.0
1119730 1744.0
1119740 1744.2
1119750 1745.9
1119760 1745.9
1119770 1748.6
1119780 1750.7
1119790 1750.7
1119800 1753.1
1119810 1756.7
1119820 1756.7
1119830 1759.2
1119840 1762.4
1119850 1764.0
1119860 1764.0
1119870 1764.1
1119880 1764.7
1119890 1764.7
1119900 1764.7
1119910 1769.0
1119920 1769.0
1119930 1768.3
1119940 1767.1
1119950 1767.1
1119960 1766.3
1119970 1765.5
1119980 1765.5
1119990 1765.3
