1100000 2164.4
1100010 2164.4
1100020 2161.2
1100030 2158.2
1100040 2158.2
1100050 2155.7
1100060 2153.0
1100070 2153.0
1100080 2149.6
1100090 2146.9
1100100 2146.9
1100110 2143.9
1100120 2140.8
1100130 2140.8
1100140 2138.1
1100150 2135.3
1100160 2135.3
1100170 2132.0
1100180 2129.1
1100190 2127.9
1100200 2127.9
1100210 2124.6
1100220 2120.3
1100230 2120.3
1100240 2116.5
1100250 2113.0
1100260 2113.0
1100270 2109.2
1100280 2105.6
1100290 2105.6
1100300 2103.4
1100310 2103.6
1100320 2103.6
1100330 2102.9
1100340 2103.0
1100350 2103.0
1100360 2103.9
1100370 2104.2
1100380 2104.2
1100390 2102.3
1100400 2098.8
1100410 2095.4
1100420 2095.4
1100430 2092.3
1100440 2091.2
1100450 2091.2
1100460 2090.7
1100470 2089.9
1100480 2089.9
1100490 2088.4
1100500 2087.4
1100510 2087.4
1100520 2085.6
1100530 2084.0
1100540 2084.0
1100550 2083.0
1100560 2082.3
1100570 2082.3
1100580 2081.8
1100590 2080.4
1100600 2079.0
1100610 2079.0
1100620 2077.1
1100630 2079.6
1100640 2079.6
1100650 2079.2
1100660 2078.5
1100670 2078.5
1100680 2079.6
1100690 2081.5
1100700 2081.5
1100710 2082.8
1100720 2083.1
1100730 2083.1
1100740 2081.7
1100750 2078.5
1100760 2078.5
1100770 2075.5
1100780 2073.4
1100790 2073.4
1100800 2070.1
1100810 2069.2
1100820 2068.6
1100830 2068.6
1100840 2067.1
1100850 2067.0
1100860 2067.0
1100870 2067.8
1100880 2070.0
1100890 2070.0
1100900 2070.3
1100910 2068.0
1100920 2068.0
1100930 2067.0
1100940 2065.3
1100950 2065.3
1100960 2068.5
1100970 2067.6
1100980 2067.6
1100990 2061.0
1101000 2054.9
1101010 2054.9
1101020 2049.5
1101030 2043.2
1101040 2043.4
1101050 2043.4
1101060 2046.8
1101070 2050.9
1101080 2050.9
1101090 2056.4
1101100 2064.4
1101110 2064.4
1101120 2072.0
1101130 2076.9
1101140 2076.9
1101150 2079.9
1101160 2083.3
1101170 2083.3
1101180 2086.2
1101190 2088.1
1101200 2088.1
1101210 2090.9
1101220 2092.6
1101230 2098.0
1101240 2098.0
1101250 2098.1
1101260 2095.9
1101270 2095.9
1101280 2095.8
1101290 2095.4
1101300 2103.0
1101310 2100.1
1101320 2096.3
1101330 2096.3
1101340 2091.0
1101350 2086.8
1101360 2086.8
1101370 2081.9
1101380 2077.2
1101390 2077.2
1101400 2071.3
1101410 2066.0
1101420 2066.0
1101430 2062.3
1101440 2058.0
1101450 2058.7
1101460 2058.7
1101470 2058.8
1101480 2057.1
1101490 2057.1
1101500 2053.1
1101510 2048.0
1101520 2048.0
1101530 2041.4
1101540 2033.1
1101550 2033.1
1101560 2026.6
1101570 2018.2
1101580 2018.2
1101590 2012.3
1101600 2006.0
1101610 2006.0
1101620 1998.9
1101630 1993.0
1101640 1985.0
1101650 1985.0
1101660 1979.5
1101670 1975.2
1101680 1975.2
1101690 1972.1
1101700 1969.7
1101710 1969.7
1101720 1968.0
1101730 1965.7
1101740 1965.7
1101750 1962.4
1101760 1961.3
1101770 1961.3
1101780 1958.9
1101790 1952.4
1101800 1952.4
1101810 1948.5
1101820 1946.3
1101830 1946.3
1101840 1945.5
1101850 1940.6
1101860 1937.3
1101870 1937.3
1101880 1931.8
1101890 1930.6
1101900 1930.6
1101910 1927.3
1101920 1925.0
1101930 1925.0
1101940 1922.4
1101950 1918.5
1101960 1925.3
1101970 1921.4
1101980 1917.5
1101990 1917.5
1102000 1914.1
1102010 1910.7
1102020 1910.7
1102030 1905.6
1102040 1899.5
1102050 1893.9
1102060 1893.9
1102070 1889.9
1102080 1887.3
1102090 1887.3
1102100 1882.5
1102110 1877.7
1102120 1877.7
1102130 1871.3
1102140 1864.2
1102150 1864.2
1102160 1857.3
1102170 1850.6
1102180 1850.6
1102190 1845.2
1102200 1841.2
1102210 1841.2
1102220 1837.6
1102230 1836.0
1102240 1836.0
1102250 1834.4
1102260 1829.5
1102270 1823.7
1102280 1823.7
1102290 1817.8
1102300 1812.5
1102310 1812.5
1102320 1808.7
1102330 1804.9
1102340 1804.9
1102350 1801.3
1102360 1797.7
1102370 1797.7
1102380 1791.9
1102390 1786.5
1102400 1786.5
1102410 1782.6
1102420 1780.4
1102430 1780.4
1102440 1778.1
1102450 1777.3
1102460 1777.3
1102470 1776.2
1102480 1776.5
1102490 1774.7
1102500 1774.7
1102510 1770.9
1102520 1765.6
1102530 1765.6
1102540 1760.4
1102550 1755.7
1102560 1755.7
1102570 1751.6
1102580 1747.9
1102590 1747.9
1102600 1743.8
1102610 1739.6
1102620 1740.5
1102630 1737.2
1102640 1734.4
1102650 1734.4
1102660 1733.3
1102670 1728.3
1102680 1722.6
1102690 1722.6
1102700 1717.9
1102710 1714.6
1102720 1714.6
1102730 1712.2
1102740 1709.9
1102750 1709.9
1102760 1707.9
1102770 1706.1
1102780 1706.1
1102790 1705.2
1102800 1706.0
1102810 1706.0
1102820 1708.0
1102830 1707.8
1102840 1707.8
1102850 1703.0
1102860 1698.7
1102870 1698.7
1102880 1695.5
1102890 1692.4
1102900 1690.9
1102910 1690.9
1102920 1692.7
1102930 1694.9
1102940 1694.9
1102950 1700.7
1102960 1701.3
1102970 1701.3
1102980 1701.7
1102990 1702.7
1103000 1702.7
1103010 1703.7
1103020 1704.4
1103030 1704.4
1103040 1700.5
1103050 1696.0
1103060 1696.0
1103070 1694.2
1103080 1694.1
1103090 1691.7
1103100 1691.7
1103110 1688.9
1103120 1687.8
1103130 1687.8
1103140 1686.3
1103150 1683.9
1103160 1683.9
1103170 1680.9
1103180 1677.3
1103190 1677.3
1103200 1673.9
1103210 1671.6
1103220 1671.6
1103230 1670.0
1103240 1667.2
1103250 1667.2
1103260 1661.5
1103270 1654.6
1103280 1652.7
1103290 1645.4
1103300 1638.1
1103310 1632.2
1103320 1632.2
1103330 1628.3
1103340 1624.9
1103350 1624.9
1103360 1623.0
1103370 1621.9
1103380 1621.9
1103390 1621.7
1103400 1620.4
1103410 1620.4
1103420 1618.6
1103430 1614.2
1103440 1614.2
1103450 1608.3
1103460 1601.8
1103470 1601.8
1103480 1596.6
1103490 1592.5
1103500 1588.6
1103510 1588.6
1103520 1584.8
1103530 1580.0
1103540 1580.0
1103550 1575.2
1103560 1570.9
1103570 1570.9
1103580 1566.9
1103590 1563.0
1103600 1563.0
1103610 1557.9
1103620 1552.8
1103630 1552.8
1103640 1547.1
1103650 1541.9
1103660 1541.9
1103670 1536.5
1103680 1530.9
1103690 1530.9
1103700 1525.0
1103710 1519.1
1103720 1512.9
1103730 1512.9
1103740 1509.2
1103750 1508.4
1103760 1508.4
1103770 1507.6
1103780 1506.3
1103790 1506.3
1103800 1504.6
1103810 1503.3
1103820 1503.3
1103830 1502.2
1103840 1501.7
1103850 1501.7
1103860 1501.5
1103870 1500.5
1103880 1500.5
1103890 1497.9
1103900 1493.7
1103910 1485.5
1103920 1485.5
1103930 1477.1
1103940 1471.7
1103950 1471.4
1103960 1467.1
1103970 1464.8
1103980 1464.8
1103990 1463.8
1104000 1462.3
1104010 1462.3
1104020 1460.8
1104030 1459.4
1104040 1459.4
1104050 1458.2
1104060 1457.7
1104070 1457.7
1104080 1456.1
1104090 1451.7
1104100 1451.7
1104110 1448.8
1104120 1452.0
1104130 1454.0
1104140 1454.0
1104150 1454.5
1104160 1455.3
1104170 1455.3
1104180 1455.9
1104190 1457.7
1104200 1457.7
1104210 1460.6
1104220 1463.1
1104230 1463.1
1104240 1466.4
1104250 1469.9
1104260 1469.9
1104270 1474.2
1104280 1479.3
1104290 1479.3
1104300 1483.9
1104310 1488.6
1104320 1488.6
1104330 1493.8
1104340 1499.3
1104350 1505.1
1104360 1505.1
1104370 1510.9
1104380 1517.2
1104390 1517.2
1104400 1524.0
1104410 1529.4
1104420 1529.4
1104430 1535.9
1104440 1542.6
1104450 1542.6
1104460 1549.4
1104470 1556.4
1104480 1556.4
1104490 1563.6
1104500 1570.5
1104510 1570.5
1104520 1577.9
1104530 1585.6
1104540 1593.7
1104550 1593.7
1104560 1602.6
1104570 1613.1
1104580 1613.1
1104590 1626.0
1104600 1637.2
1104610 1641.0
1104620 1648.6
1104630 1656.0
1104640 1656.0
1104650 1664.0
1104660 1673.7
1104670 1673.7
1104680 1683.4
1104690 1694.5
1104700 1694.5
1104710 1704.6
1104720 1715.2
1104730 1715.2
1104740 1727.6
1104750 1735.7
1104760 1743.9
1104770 1743.9
1104780 1750.5
1104790 1755.9
1104800 1755.9
1104810 1762.5
1104820 1770.3
1104830 1770.3
1104840 1778.9
1104850 1787.4
1104860 1787.4
1104870 1795.7
1104880 1803.4
1104890 1803.4
1104900 1810.4
1104910 1814.9
1104920 1814.9
1104930 1820.7
1104940 1829.0
1104950 1832.0
1104960 1832.0
1104970 1838.4
1104980 1846.0
1104990 1846.0
1105000 1854.9
1105010 1863.1
1105020 1863.1
1105030 1872.7
1105040 1882.4
1105050 1882.4
1105060 1892.6
1105070 1900.7
1105080 1900.7
1105090 1910.1
1105100 1917.8
1105110 1917.8
1105120 1924.2
1105130 1931.8
1105140 1931.8
1105150 1941.8
1105160 1951.5
1105170 1956.1
1105180 1956.1
1105190 1959.4
1105200 1962.5
1105210 1962.5
1105220 1966.2
1105230 1973.5
1105240 1973.5
1105250 1980.5
1105260 1991.1
1105270 1991.1
1105280 1996.5
1105290 2000.2
1105300 2000.2
1105310 2003.5
1105320 2007.7
1105330 2007.7
1105340 2010.5
1105350 2013.6
1105360 2015.4
1105370 2015.4
1105380 2017.6
1105390 2018.5
1105400 2018.5
1105410 2018.8
1105420 2018.9
1105430 2018.9
1105440 2018.3
1105450 2017.6
1105460 2017.6
1105470 2017.6
1105480 2017.3
1105490 2017.3
1105500 2017.6
1105510 2018.0
1105520 2018.0
1105530 2018.4
1105540 2018.8
1105550 2018.8
1105560 2019.6
1105570 2020.8
1105580 2022.8
1105590 2022.8
1105600 2024.8
1105610 2026.8
1105620 2022.1
1105630 2023.7
1105640 2025.6
1105650 2025.6
1105660 2029.9
1105670 2034.1
1105680 2034.1
1105690 2035.6
1105700 2036.2
1105710 2036.2
1105720 2037.4
1105730 2038.9
1105740 2038.9
1105750 2040.2
1105760 2041.9
1105770 2044.8
1105780 2044.8
1105790 2047.7
1105800 2050.2
1105810 2050.2
1105820 2052.9
1105830 2055.8
1105840 2055.8
1105850 2057.9
1105860 2059.8
1105870 2059.8
1105880 2061.4
1105890 2063.8
1105900 2063.8
1105910 2066.8
1105920 2069.5
1105930 2069.5
1105940 2072.8
1105950 2072.7
1105960 2072.7
1105970 2076.0
1105980 2080.1
1105990 2084.8
1106000 2084.8
1106010 2089.4
1106020 2093.6
1106030 2093.6
1106040 2097.2
1106050 2099.7
1106060 2099.7
1106070 2103.2
1106080 2106.2
1106090 2106.2
1106100 2110.8
1106110 2116.0
1106120 2116.0
1106130 2123.4
1106140 2137.8
1106150 2137.8
1106160 2143.8
1106170 2143.4
1106180 2143.4
1106190 2147.8
1106200 2157.3
1106210 2164.2
1106220 2164.2
1106230 2168.9
1106240 2174.0
1106250 2174.0
1106260 2179.5
1106270 2183.0
1106280 2175.6
1106290 2181.4
1106300 2186.7
1106310 2186.7
1106320 2192.0
1106330 2199.9
1106340 2199.9
1106350 2208.5
1106360 2214.5
1106370 2214.5
1106380 2221.5
1106390 2229.3
1106400 2235.8
1106410 2235.8
1106420 2241.2
1106430 2247.0
1106440 2247.0
1106450 2254.4
1106460 2262.8
1106470 2262.8
1106480 2269.1
1106490 2276.5
1106500 2276.5
1106510 2283.6
1106520 2290.7
1106530 2290.7
1106540 2300.0
1106550 2308.2
1106560 2308.2
1106570 2313.3
1106580 2320.9
1106590 2320.9
1106600 2331.5
1106610 2340.9
1106620 2341.4
1106630 2341.4
1106640 2343.9
1106650 2347.9
1106660 2347.9
1106670 2352.6
1106680 2363.7
1106690 2363.7
1106700 2373.2
1106710 2374.5
1106720 2374.5
1106730 2379.4
1106740 2385.6
1106750 2385.6
1106760 2393.1
1106770 2399.0
1106780 2399.0
1106790 2405.8
1106800 2412.7
1106810 2418.8
1106820 2418.8
1106830 2426.1
1106840 2434.1
1106850 2434.1
1106860 2440.8
1106870 2436.5
1106880 2436.5
1106890 2425.9
1106900 2418.4
1106910 2418.4
1106920 2413.7
1106930 2410.9
1106940 2410.9
1106950 2414.9
1106960 2404.0
1106970 2404.0
1106980 2391.8
1106990 2381.8
1107000 2381.8
1107010 2371.3
1107020 2362.6
1107030 2355.5
1107040 2355.5
1107050 2349.8
1107060 2343.8
1107070 2343.8
1107080 2337.9
1107090 2331.4
1107100 2331.4
1107110 2328.5
1107120 2333.4
1107130 2333.4
1107140 2339.0
1107150 2345.6
1107160 2345.6
1107170 2352.1
1107180 2354.7
1107190 2354.7
1107200 2354.4
1107210 2354.7
1107220 2356.0
1107230 2356.0
1107240 2357.4
1107250 2358.7
1107260 2358.7
1107270 2359.4
1107280 2358.0
1107290 2366.2
1107300 2365.1
1107310 2358.8
1107320 2358.8
1107330 2354.1
1107340 2353.2
1107350 2353.2
1107360 2349.2
1107370 2350.0
1107380 2350.0
1107390 2348.5
1107400 2348.4
1107410 2348.4
1107420 2351.1
1107430 2351.7
1107440 2356.0
1107450 2356.0
1107460 2355.7
1107470 2361.9
1107480 2361.9
1107490 2363.6
1107500 2365.9
1107510 2365.9
1107520 2364.7
1107530 2364.3
1107540 2364.3
1107550 2366.0
1107560 2369.1
1107570 2369.1
1107580 2371.5
1107590 2374.8
1107600 2374.8
1107610 2379.3
1107620 2385.0
1107630 2404.5
1107640 2404.5
1107650 2412.4
1107660 2414.4
1107670 2414.4
1107680 2414.5
1107690 2409.5
1107700 2409.5
1107710 2403.7
1107720 2402.1
1107730 2402.1
1107740 2408.7
1107750 2407.9
1107760 2407.9
1107770 2408.4
1107780 2400.7
1107790 2400.7
1107800 2388.4
1107810 2376.9
1107820 2376.9
1107830 2368.1
1107840 2361.5
1107850 2353.1
1107860 2353.1
1107870 2342.7
1107880 2332.7
1107890 2332.7
1107900 2321.7
1107910 2314.1
1107920 2314.1
1107930 2322.2
1107940 2337.1
1107950 2337.1
1107960 2356.9
1107970 2360.3
1107980 2360.3
1107990 2362.7
1108000 2363.4
1108010 2363.4
1108020 2363.6
1108030 2359.5
1108040 2353.6
1108050 2353.6
1108060 2343.8
1108070 2336.4
1108080 2336.4
1108090 2320.7
1108100 2319.4
1108110 2319.4
1108120 2314.7
1108130 2300.6
1108140 2300.6
1108150 2303.6
1108160 2301.0
1108170 2301.0
1108180 2319.0
1108190 2338.0
1108200 2338.0
1108210 2351.7
1108220 2362.2
1108230 2362.2
1108240 2369.4
1108250 2368.8
1108260 2356.2
1108270 2356.2
1108280 2345.6
1108290 2328.8
1108300 2347.8
1108310 2330.9
1108320 2320.5
1108330 2320.5
1108340 2297.6
1108350 2280.3
1108360 2280.3
1108370 2265.3
1108380 2251.5
1108390 2251.5
1108400 2253.8
1108410 2262.8
1108420 2262.8
1108430 2270.1
1108440 2280.4
1108450 2280.4
1108460 2293.1
1108470 2300.9
1108480 2306.6
1108490 2306.6
1108500 2312.6
1108510 2318.8
1108520 2318.8
1108530 2319.5
1108540 2321.0
1108550 2321.0
1108560 2323.0
1108570 2327.2
1108580 2327.2
1108590 2337.6
1108600 2344.2
1108610 2344.2
1108620 2350.0
1108630 2369.0
1108640 2369.0
1108650 2379.0
1108660 2388.0
1108670 2390.9
1108680 2390.9
1108690 2392.7
1108700 2402.8
1108710 2402.8
1108720 2414.5
1108730 2431.0
1108740 2431.0
1108750 2452.4
1108760 2461.8
1108770 2461.8
1108780 2460.8
1108790 2453.3
1108800 2453.3
1108810 2444.0
1108820 2434.8
1108830 2434.8
1108840 2424.9
1108850 2416.3
1108860 2416.3
1108870 2411.3
1108880 2408.2
1108890 2404.8
1108900 2404.8
1108910 2399.4
1108920 2390.1
1108930 2390.1
1108940 2373.8
1108950 2352.3
1108960 2352.3
1108970 2341.4
1108980 2334.6
1108990 2334.6
1109000 2328.6
1109010 2322.6
1109020 2322.6
1109030 2317.2
1109040 2312.5
1109050 2312.5
1109060 2310.0
1109070 2309.5
1109080 2309.7
1109090 2309.7
1109100 2309.9
1109110 2311.3
1109120 2311.3
1109130 2312.6
1109140 2312.8
1109150 2312.8
1109160 2311.4
1109170 2309.6
1109180 2309.6
1109190 2306.4
1109200 2299.8
1109210 2299.8
1109220 2293.2
1109230 2294.4
1109240 2294.4
1109250 2297.5
1109260 2300.3
1109270 2300.3
1109280 2302.9
1109290 2304.8
1109300 2307.6
1109310 2313.8
1109320 2316.8
1109330 2318.4
1109340 2318.4
1109350 2320.6
1109360 2322.6
1109370 2322.6
1109380 2323.8
1109390 2326.7
1109400 2326.7
1109410 2329.5
1109420 2331.8
1109430 2331.8
1109440 2335.1
1109450 2339.6
1109460 2339.6
1109470 2344.7
1109480 2350.4
1109490 2356.2
1109500 2356.2
1109510 2362.0
1109520 2367.9
1109530 2367.9
1109540 2374.1
1109550 2380.3
1109560 2380.3
1109570 2385.9
1109580 2392.1
1109590 2392.1
1109600 2399.1
1109610 2406.1
1109620 2406.1
1109630 2413.0
1109640 2421.9
1109650 2423.3
1109660 2432.9
1109670 2443.3
1109680 2443.3
1109690 2455.2
1109700 2476.0
1109710 2489.5
1109720 2489.5
1109730 2496.8
1109740 2505.2
1109750 2505.2
1109760 2516.6
1109770 2523.9
1109780 2523.9
1109790 2517.0
1109800 2508.8
1109810 2508.8
1109820 2501.0
1109830 2494.0
1109840 2494.0
1109850 2488.2
1109860 2482.3
1109870 2482.3
1109880 2475.9
1109890 2465.1
1109900 2453.7
1109910 2453.7
1109920 2445.0
1109930 2437.4
1109940 2437.4
1109950 2430.6
1109960 2410.2
1109970 2410.2
1109980 2405.6
1109990 2399.0
1110000 2399.0
1110010 2385.3
1110020 2374.3
1110030 2374.3
1110040 2366.0
1110050 2355.5
1110060 2355.5
1110070 2347.6
1110080 2341.8
1110090 2341.8
1110100 2336.1
1110110 2330.1
1110120 2316.9
1110130 2316.9
1110140 2303.9
1110150 2295.9
1110160 2295.9
1110170 2289.9
1110180 2289.4
1110190 2289.4
1110200 2283.6
1110210 2278.0
1110220 2278.0
1110230 2272.0
1110240 2264.5
1110250 2264.5
1110260 2251.4
1110270 2220.0
1110280 2220.0
1110290 2193.5
1110300 2171.1
1110310 2171.1
1110320 2160.4
1110330 2153.4
1110340 2146.7
1110350 2146.7
1110360 2141.0
1110370 2134.8
1110380 2134.8
1110390 2128.5
1110400 2123.0
1110410 2123.0
1110420 2118.0
1110430 2112.9
1110440 2112.9
1110450 2107.8
1110460 2103.6
1110470 2103.6
1110480 2099.9
1110490 2096.3
1110500 2096.3
1110510 2092.9
1110520 2090.0
1110530 2087.1
1110540 2087.1
1110550 2083.3
1110560 2078.2
1110570 2078.2
1110580 2074.7
1110590 2071.9
1110600 2071.9
1110610 2068.2
1110620 2064.2
1110630 2064.2
1110640 2061.7
1110650 2059.7
1110660 2058.9
1110670 2056.9
1110680 2054.6
1110690 2054.6
1110700 2054.1
1110710 2054.4
1110720 2054.4
1110730 2052.6
1110740 2050.0
1110750 2046.2
1110760 2046.2
1110770 2042.6
1110780 2040.6
1110790 2040.6
1110800 2038.1
1110810 2034.8
1110820 2034.8
1110830 2030.9
1110840 2025.0
1110850 2025.0
1110860 2018.2
1110870 2010.5
1110880 2010.5
1110890 2002.1
1110900 1994.6
1110910 1994.6
1110920 1988.7
1110930 1979.8
1110940 1971.2
1110950 1971.2
1110960 1964.0
1110970 1958.1
1110980 1958.1
1110990 1952.7
1111000 1941.1
1111010 1941.1
1111020 1934.4
1111030 1928.7
1111040 1928.7
1111050 1926.0
1111060 1925.5
1111070 1925.5
1111080 1924.9
1111090 1925.3
1111100 1925.3
1111110 1925.6
1111120 1926.2
1111130 1926.2
1111140 1925.4
1111150 1925.2
1111160 1926.9
1111170 1926.9
1111180 1929.1
1111190 1932.0
1111200 1932.0
1111210 1934.9
1111220 1938.4
1111230 1938.4
1111240 1942.6
1111250 1944.0
1111260 1944.0
1111270 1946.2
1111280 1947.7
1111290 1947.7
1111300 1948.9
1111310 1950.9
1111320 1950.9
1111330 1953.0
1111340 1961.1
1111350 1963.6
1111360 1963.6
1111370 1965.7
1111380 1967.4
1111390 1967.4
1111400 1969.8
1111410 1973.2
1111420 1973.2
1111430 1978.0
1111440 1983.1
1111450 1983.1
1111460 1987.5
1111470 1991.6
1111480 1991.6
1111490 1999.7
1111500 2008.5
1111510 2008.5
1111520 2017.5
1111530 2022.9
1111540 2022.9
1111550 2031.1
1111560 2039.1
1111570 2045.4
1111580 2045.4
1111590 2052.1
1111600 2057.5
1111610 2057.5
1111620 2064.9
1111630 2073.1
1111640 2073.1
1111650 2080.6
1111660 2087.5
1111670 2087.5
1111680 2099.3
1111690 2105.7
1111700 2105.7
1111710 2112.9
1111720 2119.3
1111730 2119.3
1111740 2126.9
1111750 2134.1
1111760 2137.9
1111770 2137.9
1111780 2141.3
1111790 2138.5
1111800 2138.5
1111810 2128.9
1111820 2125.0
1111830 2125.0
1111840 2122.1
1111850 2120.3
1111860 2120.3
1111870 2120.7
1111880 2124.7
1111890 2124.7
1111900 2131.0
1111910 2144.2
1111920 2144.2
1111930 2153.2
1111940 2160.3
1111950 2160.3
1111960 2168.9
1111970 2194.1
1111980 2193.5
1111990 2193.5
1112000 2196.0
1112010 2195.6
1112020 2198.4
1112030 2194.8
1112040 2189.9
1112050 2189.9
1112060 2186.4
1112070 2186.9
1112080 2186.9
1112090 2189.1
1112100 2191.3
1112110 2191.3
1112120 2191.4
1112130 2190.7
1112140 2190.7
1112150 2188.1
1112160 2182.9
1112170 2177.1
1112180 2177.1
1112190 2173.6
1112200 2172.5
1112210 2172.5
1112220 2174.1
1112230 2177.7
1112240 2177.7
1112250 2182.1
1112260 2187.8
1112270 2187.8
1112280 2194.5
1112290 2202.8
1112300 2202.8
1112310 2209.5
1112320 2216.0
1112330 2216.0
1112340 2223.2
1112350 2233.3
1112360 2233.7
1112370 2241.0
1112380 2246.9
1112390 2254.1
1112400 2254.1
1112410 2261.1
1112420 2268.4
1112430 2268.4
1112440 2276.6
1112450 2285.0
1112460 2285.0
1112470 2293.2
1112480 2301.2
1112490 2301.2
1112500 2309.6
1112510 2317.6
1112520 2317.6
1112530 2325.4
1112540 2332.7
1112550 2332.7
1112560 2340.4
1112570 2346.6
1112580 2352.8
1112590 2352.8
1112600 2356.5
1112610 2355.7
1112620 2355.7
1112630 2353.4
1112640 2350.6
1112650 2350.6
1112660 2347.5
1112670 2343.7
1112680 2343.7
1112690 2340.0
1112700 2326.0
1112710 2326.0
1112720 2322.2
1112730 2324.9
1112740 2324.9
1112750 2326.8
1112760 2322.3
1112770 2322.3
1112780 2321.4
1112790 2313.7
1112800 2304.8
1112810 2304.8
1112820 2291.8
1112830 2279.8
1112840 2279.8
1112850 2277.3
1112860 2279.8
1112870 2279.8
1112880 2271.2
1112890 2262.0
1112900 2262.0
1112910 2254.8
1112920 2244.8
1112930 2244.8
1112940 2230.8
1112950 2219.3
1112960 2219.3
1112970 2207.6
1112980 2195.5
1112990 2195.5
1113000 2182.5
1113010 2168.7
1113020 2142.4
1113030 2142.4
1113040 2116.3
1113050 2109.8
1113060 2109.8
1113070 2093.0
1113080 2073.2
1113090 2073.2
1113100 2060.4
1113110 2052.4
1113120 2052.4
1113130 2046.1
1113140 2039.0
1113150 2039.0
1113160 2031.9
1113170 2024.6
1113180 2024.6
1113190 2017.5
1113200 2010.1
1113210 2002.7
1113220 2002.7
1113230 1995.2
1113240 1987.6
1113250 1987.6
1113260 1980.1
1113270 1972.9
1113280 1972.9
1113290 1965.3
1113300 1958.1
1113310 1958.1
1113320 1950.9
1113330 1943.7
1113340 1943.7
1113350 1937.0
1113360 1930.3
1113370 1930.3
1113380 1922.0
1113390 1915.6
1113400 1915.6
1113410 1909.2
1113420 1903.2
1113430 1897.3
1113440 1897.3
1113450 1891.1
1113460 1885.6
1113470 1885.6
1113480 1880.2
1113490 1875.2
1113500 1875.2
1113510 1870.7
1113520 1866.8
1113530 1866.8
1113540 1862.3
1113550 1855.7
1113560 1855.7
1113570 1848.8
1113580 1843.3
1113590 1843.3
1113600 1838.2
1113610 1833.5
1113620 1829.2
1113630 1829.2
1113640 1823.5
1113650 1817.5
1113660 1817.5
1113670 1810.0
1113680 1802.5
1113690 1802.5
1113700 1796.3
1113710 1790.4
1113720 1785.9
1113730 1778.6
1113740 1774.5
1113750 1774.5
1113760 1770.8
1113770 1767.3
1113780 1767.3
1113790 1760.9
1113800 1752.8
1113810 1752.8
1113820 1746.4
1113830 1740.7
1113840 1737.9
1113850 1737.9
1113860 1735.0
1113870 1733.5
1113880 1733.5
1113890 1730.1
1113900 1726.0
1113910 1726.0
1113920 1720.7
1113930 1714.5
1113940 1714.5
1113950 1707.4
1113960 1701.0
1113970 1701.0
1113980 1694.4
1113990 1685.9
1114000 1685.9
1114010 1663.3
1114020 1650.3
1114030 1641.2
1114040 1641.2
1114050 1634.6
1114060 1625.4
1114070 1625.4
1114080 1620.5
1114090 1615.6
1114100 1615.6
1114110 1610.3
1114120 1604.6
1114130 1604.6
1114140 1599.5
1114150 1595.4
1114160 1595.4
1114170 1592.6
1114180 1590.5
1114190 1590.5
1114200 1588.7
1114210 1586.7
1114220 1586.7
1114230 1584.1
1114240 1582.4
1114250 1581.2
1114260 1581.2
1114270 1579.8
1114280 1579.4
1114290 1579.4
1114300 1578.9
1114310 1575.2
1114320 1575.2
1114330 1568.3
1114340 1562.7
1114350 1562.7
1114360 1558.5
1114370 1554.5
1114380 1554.5
1114390 1550.9
1114400 1548.6
1114410 1548.6
1114420 1543.9
1114430 1538.7
1114440 1537.9
1114450 1537.9
1114460 1537.6
1114470 1539.3
1114480 1539.3
1114490 1541.0
1114500 1540.0
1114510 1540.0
1114520 1539.2
1114530 1538.3
1114540 1538.3
1114550 1538.9
1114560 1539.2
1114570 1539.2
1114580 1539.8
1114590 1541.8
1114600 1541.8
1114610 1546.9
1114620 1551.7
1114630 1551.7
1114640 1556.3
1114650 1561.7
1114660 1566.6
1114670 1566.6
1114680 1571.4
1114690 1576.3
1114700 1576.3
1114710 1581.9
1114720 1587.8
1114730 1587.8
1114740 1600.2
1114750 1605.2
1114760 1605.2
1114770 1609.9
1114780 1612.4
1114790 1612.4
1114800 1614.0
1114810 1619.7
1114820 1619.7
1114830 1627.0
1114840 1630.5
1114850 1634.4
1114860 1634.4
1114870 1642.9
1114880 1654.7
1114890 1654.7
1114900 1661.4
1114910 1666.7
1114920 1666.7
1114930 1671.0
1114940 1672.1
1114950 1672.1
1114960 1674.9
1114970 1683.9
1114980 1683.9
1114990 1689.9
1115000 1698.8
1115010 1698.8
1115020 1707.5
1115030 1711.1
1115040 1711.1
1115050 1712.3
1115060 1718.3
1115070 1724.3
1115080 1724.3
1115090 1740.8
1115100 1742.7
1115110 1742.7
1115120 1745.9
1115130 1754.8
1115140 1754.8
1115150 1763.2
1115160 1773.6
1115170 1773.6
1115180 1781.2
1115190 1784.8
1115200 1784.8
1115210 1781.2
1115220 1784.3
1115230 1784.3
1115240 1788.5
1115250 1792.4
1115260 1795.6
1115270 1795.6
1115280 1800.9
1115290 1808.1
1115300 1808.1
1115310 1817.0
1115320 1822.7
1115330 1822.7
1115340 1825.5
1115350 1827.7
1115360 1827.7
1115370 1830.3
1115380 1830.4
1115390 1830.4
1115400 1828.4
1115410 1829.5
1115420 1829.5
1115430 1833.5
1115440 1832.9
1115450 1832.9
1115460 1831.2
1115470 1830.2
1115480 1829.6
1115490 1829.6
1115500 1829.8
1115510 1830.6
1115520 1830.6
1115530 1830.7
1115540 1831.9
1115550 1831.9
1115560 1833.2
1115570 1833.7
1115580 1833.7
1115590 1833.8
1115600 1832.9
1115610 1832.9
1115620 1829.2
1115630 1826.1
1115640 1826.1
1115650 1826.0
1115660 1827.9
1115670 1827.9
1115680 1829.7
1115690 1829.8
1115700 1827.6
1115710 1827.6
1115720 1828.1
1115730 1827.6
1115740 1827.6
1115750 1823.6
1115760 1820.8
1115770 1828.6
1115780 1824.9
1115790 1819.5
1115800 1819.5
1115810 1816.5
1115820 1815.7
1115830 1815.7
1115840 1815.8
1115850 1815.8
1115860 1815.8
1115870 1811.5
1115880 1806.3
1115890 1802.2
1115900 1802.2
1115910 1798.0
1115920 1797.5
1115930 1797.5
1115940 1798.0
1115950 1797.2
1115960 1797.2
1115970 1796.0
1115980 1794.1
1115990 1794.1
1116000 1791.0
1116010 1788.9
1116020 1788.9
1116030 1787.1
1116040 1786.7
1116050 1786.7
1116060 1786.7
1116070 1787.4
1116080 1787.4
1116090 1786.6
1116100 1785.4
1116110 1784.9
1116120 1790.5
1116130 1788.5
1116140 1787.6
1116150 1787.6
1116160 1787.1
1116170 1787.9
1116180 1787.9
1116190 1789.3
1116200 1789.0
1116210 1789.0
1116220 1785.4
1116230 1782.5
1116240 1782.5
1116250 1779.3
1116260 1774.6
1116270 1774.6
1116280 1770.6
1116290 1766.3
1116300 1761.6
1116310 1761.6
1116320 1758.2
1116330 1755.4
1116340 1755.4
1116350 1752.0
1116360 1749.4
1116370 1749.4
1116380 1747.5
1116390 1745.3
1116400 1745.3
1116410 1743.3
1116420 1740.7
1116430 1740.7
1116440 1738.8
1116450 1736.9
1116460 1743.4
1116470 1740.9
1116480 1737.6
1116490 1737.6
1116500 1735.5
1116510 1732.8
1116520 1728.6
1116530 1728.6
1116540 1724.8
1116550 1720.5
1116560 1720.5
1116570 1717.3
1116580 1712.8
1116590 1712.8
1116600 1708.3
1116610 1705.0
1116620 1705.0
1116630 1702.0
1116640 1695.9
1116650 1695.9
1116660 1690.8
1116670 1686.3
1116680 1686.3
1116690 1682.7
1116700 1680.8
1116710 1678.5
1116720 1678.5
1116730 1675.9
1116740 1673.0
1116750 1673.0
1116760 1670.9
1116770 1668.3
1116780 1668.3
1116790 1665.3
1116800 1667.7
1116810 1667.7
1116820 1663.5
1116830 1660.8
1116840 1660.8
1116850 1659.2
1116860 1658.3
1116870 1658.3
1116880 1655.5
1116890 1653.7
1116900 1653.7
1116910 1652.0
1116920 1650.7
1116930 1649.1
1116940 1649.1
1116950 1647.7
1116960 1647.3
1116970 1647.3
1116980 1648.0
1116990 1647.2
1117000 1647.2
1117010 1645.3
1117020 1642.2
1117030 1642.2
1117040 1640.6
1117050 1639.8
1117060 1639.8
1117070 1638.7
1117080 1636.9
1117090 1636.9
1117100 1635.2
1117110 1633.1
1117120 1631.0
1117130 1631.0
1117140 1628.9
1117150 1633.8
1117160 1633.8
1117170 1630.7
1117180 1628.5
1117190 1628.5
1117200 1626.3
1117210 1623.9
1117220 1623.9
1117230 1621.9
1117240 1620.3
1117250 1620.3
1117260 1618.5
1117270 1616.5
1117280 1616.5
1117290 1612.9
1117300 1609.2
1117310 1609.2
1117320 1607.7
1117330 1605.4
1117340 1602.5
1117350 1602.5
1117360 1599.0
1117370 1595.3
1117380 1595.3
1117390 1590.8
1117400 1586.0
1117410 1586.0
1117420 1580.6
1117430 1574.6
1117440 1574.6
1117450 1568.8
1117460 1561.9
1117470 1561.9
1117480 1555.5
1117490 1554.0
1117500 1554.0
1117510 1547.4
1117520 1541.4
1117530 1535.9
1117540 1535.9
1117550 1529.5
1117560 1521.6
1117570 1521.6
1117580 1513.9
1117590 1506.0
1117600 1506.0
1117610 1500.3
1117620 1495.4
1117630 1495.4
1117640 1487.9
1117650 1481.9
1117660 1481.9
1117670 1475.0
1117680 1468.4
1117690 1468.4
1117700 1462.2
1117710 1455.6
1117720 1455.6
1117730 1449.3
1117740 1442.4
1117750 1435.5
1117760 1435.5
1117770 1428.1
1117780 1421.7
1117790 1421.7
1117800 1415.1
1117810 1408.1
1117820 1408.1
1117830 1399.6
1117840 1392.9
1117850 1392.9
1117860 1384.5
1117870 1375.6
1117880 1375.6
1117890 1366.2
1117900 1358.1
1117910 1358.1
1117920 1351.7
1117930 1345.2
1117940 1339.4
1117950 1339.4
1117960 1334.8
1117970 1331.9
1117980 1331.9
1117990 1329.4
1118000 1327.0
1118010 1327.0
1118020 1324.7
1118030 1322.7
1118040 1322.7
1118050 1320.7
1118060 1317.5
1118070 1317.5
1118080 1310.9
1118090 1303.0
1118100 1303.0
1118110 1294.1
1118120 1286.1
1118130 1286.1
1118140 1278.3
1118150 1269.7
1118160 1261.2
1118170 1261.2
1118180 1248.2
1118190 1241.5
1118200 1241.5
1118210 1236.3
1118220 1231.4
1118230 1231.4
1118240 1228.4
1118250 1228.9
1118260 1228.9
1118270 1229.6
1118280 1232.4
1118290 1232.4
1118300 1235.4
1118310 1239.0
1118320 1239.0
1118330 1241.5
1118340 1243.5
1118350 1246.1
1118360 1246.1
1118370 1250.3
1118380 1254.3
1118390 1254.3
1118400 1258.2
1118410 1264.4
1118420 1264.4
1118430 1268.1
1118440 1270.7
1118450 1270.7
1118460 1272.6
1118470 1273.4
1118480 1273.4
1118490 1273.5
1118500 1275.0
1118510 1275.0
1118520 1275.2
1118530 1284.2
1118540 1284.2
1118550 1283.1
1118560 1281.9
1118570 1280.7
1118580 1280.7
1118590 1279.0
1118600 1277.6
1118610 1277.6
1118620 1277.9
1118630 1278.2
1118640 1278.2
1118650 1277.7
1118660 1277.9
1118670 1277.9
1118680 1276.9
1118690 1274.5
1118700 1274.5
1118710 1273.5
1118720 1273.2
1118730 1273.2
1118740 1271.3
1118750 1269.6
1118760 1269.6
1118770 1268.6
1118780 1268.9
1118790 1268.9
1118800 1268.9
1118810 1268.0
1118820 1266.3
1118830 1266.3
1118840 1264.6
1118850 1263.8
1118860 1263.8
1118870 1265.2
1118880 1263.0
1118890 1263.0
1118900 1260.3
1118910 1256.7
1118920 1256.7
1118930 1251.3
1118940 1244.7
1118950 1244.7
1118960 1237.9
1118970 1231.7
1118980 1228.4
1118990 1228.4
1119000 1227.3
1119010 1224.6
1119020 1224.6
1119030 1219.5
1119040 1216.6
1119050 1216.6
1119060 1215.1
1119070 1214.6
1119080 1214.6
1119090 1214.1
1119100 1213.0
1119110 1213.0
1119120 1211.5
1119130 1209.3
1119140 1209.3
1119150 1206.1
1119160 1204.3
1119170 1204.3
1119180 1201.6
1119190 1199.3
1119200 1197.7
1119210 1197.7
1119220 1200.9
1119230 1199.3
1119240 1199.3
1119250 1198.4
1119260 1197.6
1119270 1197.6
1119280 1196.9
1119290 1197.5
1119300 1197.5
1119310 1199.2
1119320 1201.6
1119330 1201.6
1119340 1203.3
1119350 1204.6
1119360 1204.6
1119370 1204.9
1119380 1204.9
1119390 1204.5
1119400 1204.5
1119410 1203.6
1119420 1203.0
1119430 1203.0
1119440 1201.5
1119450 1195.7
1119460 1195.7
1119470 1191.8
1119480 1193.9
1119490 1193.9
1119500 1195.6
1119510 1192.7
1119520 1192.7
1119530 1192.6
1119540 1192.0
1119550 1192.0
1119560 1191.5
1119570 1195.6
1119580 1195.6
1119590 1195.9
1119600 1195.3
1119610 1195.7
1119620 1195.7
1119630 1194.5
1119640 1194.4
1119650 1194.4
1119660 1193.6
1119670 1192.9
1119680 1192.9
1119690 1192.3
1119700 1190.8
1119710 1190.8
1119720 1190.2
1119730 1190.1
1119740 1190.1
1119750 1191.4
1119760 1192.7
1119770 1192.7
1119780 1191.5
1119790 1190.5
1119800 1194.6
1119810 1194.6
1119820 1196.3
1119830 1195.2
1119840 1195.2
1119850 1193.8
1119860 1192.7
1119870 1192.7
1119880 1192.7
1119890 1192.5
1119900 1192.5
1119910 1197.4
1119920 1197.2
1119930 1197.2
1119940 1197.3
1119950 1196.9
1119960 1196.9
1119970 1196.3
1119980 1195.4
1119990 1195.4
