1100000 2168.1
1100010 2168.1
1100020 2163.3
1100030 2159.8
1100040 2159.8
1100050 2157.6
1100060 2155.3
1100070 2155.3
1100080 2152.7
1100090 2149.7
1100100 2149.7
1100110 2146.7
1100120 2143.5
1100130 2142.1
1100140 2139.0
1100150 2135.3
1100160 2135.3
1100170 2130.0
1100180 2124.6
1100190 2119.9
1100200 2119.9
1100210 2116.0
1100220 2112.8
1100230 2112.8
1100240 2110.5
1100250 2107.8
1100260 2107.8
1100270 2104.3
1100280 2100.3
1100290 2100.3
1100300 2095.5
1100310 2091.5
1100320 2091.5
1100330 2088.4
1100340 2085.0
1100350 2085.0
1100360 2080.2
1100370 2074.9
1100380 2074.9
1100390 2069.5
1100400 2064.3
1100410 2058.6
1100420 2058.6
1100430 2054.0
1100440 2052.5
1100450 2052.5
1100460 2051.0
1100470 2048.5
1100480 2048.5
1100490 2045.9
1100500 2043.9
1100510 2043.9
1100520 2042.1
1100530 2040.3
1100540 2040.3
1100550 2037.0
1100560 2035.0
1100570 2035.0
1100580 2034.0
1100590 2030.9
1100600 2030.9
1100610 2028.6
1100620 2026.2
1100630 2023.1
1100640 2023.1
1100650 2021.8
1100660 2020.6
1100670 2020.6
1100680 2019.8
1100690 2017.9
1100700 2017.9
1100710 2015.9
1100720 2014.4
1100730 2014.4
1100740 2013.2
1100750 2011.2
1100760 2011.2
1100770 2008.5
1100780 2004.7
1100790 2009.1
1100800 2004.1
1100810 1997.5
1100820 1991.8
1100830 1991.8
1100840 1988.7
1100850 1985.2
1100860 1985.2
1100870 1982.8
1100880 1980.6
1100890 1980.6
1100900 1976.9
1100910 1973.4
1100920 1973.4
1100930 1969.6
1100940 1965.2
1100950 1965.2
1100960 1963.4
1100970 1962.2
1100980 1962.2
1100990 1959.9
1101000 1956.8
1101010 1956.8
1101020 1954.7
1101030 1952.4
1101040 1948.9
1101050 1948.9
1101060 1946.2
1101070 1946.5
1101080 1946.5
1101090 1947.7
1101100 1948.8
1101110 1948.8
1101120 1956.1
1101130 1955.9
1101140 1955.9
1101150 1954.1
1101160 1950.8
1101170 1950.8
1101180 1948.8
1101190 1945.5
1101200 1945.5
1101210 1941.5
1101220 1939.0
1101230 1937.5
1101240 1937.5
1101250 1936.8
1101260 1936.2
1101270 1936.2
1101280 1935.7
1101290 1935.1
1101300 1935.1
1101310 1934.3
1101320 1933.3
1101330 1933.3
1101340 1932.1
1101350 1929.9
1101360 1929.9
1101370 1927.4
1101380 1925.6
1101390 1925.6
1101400 1924.1
1101410 1922.3
1101420 1922.3
1101430 1919.7
1101440 1916.9
1101450 1915.7
1101460 1915.7
1101470 1913.0
1101480 1910.5
1101490 1910.5
1101500 1907.4
1101510 1904.5
1101520 1904.5
1101530 1901.5
1101540 1898.3
1101550 1898.3
1101560 1895.7
1101570 1893.3
1101580 1893.3
1101590 1891.2
1101600 1889.9
1101610 1889.9
1101620 1889.0
1101630 1887.4
1101640 1884.8
1101650 1884.8
1101660 1881.5
1101670 1877.7
1101680 1877.7
1101690 1873.6
1101700 1869.1
1101710 1869.1
1101720 1864.7
1101730 1860.9
1101740 1860.9
1101750 1857.4
1101760 1854.1
1101770 1854.1
1101780 1856.2
1101790 1853.9
1101800 1853.9
1101810 1851.4
1101820 1848.5
1101830 1848.5
1101840 1845.4
1101850 1842.0
1101860 1838.5
1101870 1838.5
1101880 1835.4
1101890 1832.8
1101900 1832.8
1101910 1829.7
1101920 1826.3
1101930 1826.3
1101940 1822.1
1101950 1817.5
1101960 1817.5
1101970 1813.0
1101980 1808.8
1101990 1808.8
1102000 1804.4
1102010 1800.5
1102020 1800.5
1102030 1797.7
1102040 1794.8
1102050 1794.8
1102060 1791.9
1102070 1788.8
1102080 1785.9
1102090 1785.9
1102100 1781.9
1102110 1784.3
1102120 1784.3
1102130 1780.5
1102140 1775.3
1102150 1775.3
1102160 1769.2
1102170 1763.5
1102180 1763.5
1102190 1758.9
1102200 1756.5
1102210 1756.5
1102220 1755.1
1102230 1753.3
1102240 1753.3
1102250 1750.6
1102260 1748.2
1102270 1746.1
1102280 1746.1
1102290 1743.9
1102300 1741.2
1102310 1741.2
1102320 1737.7
1102330 1733.2
1102340 1733.2
1102350 1726.4
1102360 1721.0
1102370 1721.0
1102380 1716.5
1102390 1715.7
1102400 1715.7
1102410 1717.2
1102420 1719.1
1102430 1719.1
1102440 1712.0
1102450 1711.2
1102460 1711.2
1102470 1711.7
1102480 1712.1
1102490 1710.1
1102500 1710.1
1102510 1706.8
1102520 1704.2
1102530 1704.2
1102540 1700.1
1102550 1694.7
1102560 1694.7
1102570 1690.4
1102580 1687.0
1102590 1687.0
1102600 1686.4
1102610 1684.8
1102620 1684.8
1102630 1681.2
1102640 1676.3
1102650 1676.3
1102660 1670.2
1102670 1665.2
1102680 1663.0
1102690 1663.0
1102700 1661.8
1102710 1660.3
1102720 1660.3
1102730 1659.1
1102740 1656.5
1102750 1656.5
1102760 1653.7
1102770 1648.1
1102780 1648.1
1102790 1643.9
1102800 1641.7
1102810 1641.7
1102820 1641.0
1102830 1637.9
1102840 1637.9
1102850 1635.5
1102860 1634.8
1102870 1634.8
1102880 1633.1
1102890 1631.2
1102900 1628.3
1102910 1628.3
1102920 1625.1
1102930 1621.1
1102940 1621.1
1102950 1617.4
1102960 1613.9
1102970 1613.9
1102980 1612.0
1102990 1611.6
1103000 1611.6
1103010 1609.1
1103020 1604.9
1103030 1604.9
1103040 1599.1
1103050 1593.7
1103060 1593.7
1103070 1589.6
1103080 1585.4
1103090 1582.2
1103100 1585.8
1103110 1584.8
1103120 1582.3
1103130 1582.3
1103140 1578.9
1103150 1575.6
1103160 1575.6
1103170 1571.7
1103180 1568.4
1103190 1568.4
1103200 1565.8
1103210 1563.4
1103220 1563.4
1103230 1560.9
1103240 1558.2
1103250 1558.2
1103260 1556.8
1103270 1555.4
1103280 1555.4
1103290 1552.8
1103300 1552.1
1103310 1551.5
1103320 1551.5
1103330 1550.0
1103340 1551.0
1103350 1551.0
1103360 1552.5
1103370 1553.5
1103380 1553.5
1103390 1553.9
1103400 1552.3
1103410 1552.3
1103420 1549.2
1103430 1545.7
1103440 1552.2
1103450 1549.2
1103460 1545.6
1103470 1545.6
1103480 1541.4
1103490 1537.4
1103500 1534.2
1103510 1534.2
1103520 1530.7
1103530 1527.3
1103540 1527.3
1103550 1523.9
1103560 1520.5
1103570 1520.5
1103580 1517.3
1103590 1513.9
1103600 1513.9
1103610 1510.9
1103620 1507.6
1103630 1507.6
1103640 1503.4
1103650 1499.5
1103660 1499.5
1103670 1495.8
1103680 1491.7
1103690 1491.7
1103700 1487.2
1103710 1482.7
1103720 1479.0
1103730 1479.0
1103740 1475.6
1103750 1473.7
1103760 1473.7
1103770 1472.2
1103780 1469.8
1103790 1469.8
1103800 1469.1
1103810 1469.4
1103820 1469.4
1103830 1470.1
1103840 1470.0
1103850 1470.0
1103860 1469.6
1103870 1469.6
1103880 1469.6
1103890 1470.0
1103900 1470.0
1103910 1470.0
1103920 1469.7
1103930 1469.3
1103940 1469.1
1103950 1469.1
1103960 1469.0
1103970 1468.1
1103980 1468.1
1103990 1466.0
1104000 1458.1
1104010 1458.1
1104020 1449.9
1104030 1442.5
1104040 1442.5
1104050 1436.1
1104060 1434.6
1104070 1434.6
1104080 1434.0
1104090 1432.1
1104100 1432.1
1104110 1428.6
1104120 1431.3
1104130 1434.2
1104140 1434.2
1104150 1434.9
1104160 1433.9
1104170 1433.9
1104180 1434.7
1104190 1436.6
1104200 1436.6
1104210 1438.0
1104220 1440.2
1104230 1440.2
1104240 1442.1
1104250 1444.8
1104260 1444.8
1104270 1450.6
1104280 1457.6
1104290 1457.6
1104300 1464.3
1104310 1470.8
1104320 1470.8
1104330 1477.4
1104340 1484.0
1104350 1490.5
1104360 1490.5
1104370 1497.4
1104380 1504.4
1104390 1504.4
1104400 1511.1
1104410 1517.9
1104420 1517.9
1104430 1525.0
1104440 1534.6
1104450 1534.6
1104460 1541.7
1104470 1548.9
1104480 1548.9
1104490 1556.2
1104500 1563.6
1104510 1563.6
1104520 1571.0
1104530 1578.2
1104540 1587.2
1104550 1587.2
1104560 1596.1
1104570 1607.0
1104580 1607.0
1104590 1622.1
1104600 1636.1
1104610 1636.1
1104620 1647.5
1104630 1653.1
1104640 1653.1
1104650 1657.1
1104660 1663.3
1104670 1663.3
1104680 1671.1
1104690 1679.1
1104700 1679.1
1104710 1686.7
1104720 1697.0
1104730 1697.0
1104740 1708.9
1104750 1716.8
1104760 1724.9
1104770 1726.8
1104780 1736.9
1104790 1746.3
1104800 1746.3
1104810 1760.1
1104820 1771.5
1104830 1771.5
1104840 1782.1
1104850 1793.1
1104860 1793.1
1104870 1803.0
1104880 1814.6
1104890 1814.6
1104900 1824.0
1104910 1832.0
1104920 1832.0
1104930 1838.8
1104940 1844.6
1104950 1850.0
1104960 1850.0
1104970 1854.8
1104980 1861.1
1104990 1861.1
1105000 1867.9
1105010 1874.6
1105020 1874.6
1105030 1881.1
1105040 1888.2
1105050 1888.2
1105060 1895.6
1105070 1902.6
1105080 1902.6
1105090 1909.2
1105100 1920.3
1105110 1920.3
1105120 1925.9
1105130 1931.6
1105140 1931.6
1105150 1935.7
1105160 1936.0
1105170 1934.7
1105180 1934.7
1105190 1940.6
1105200 1944.0
1105210 1944.0
1105220 1946.3
1105230 1954.4
1105240 1954.4
1105250 1969.0
1105260 1978.4
1105270 1978.4
1105280 1986.2
1105290 1996.5
1105300 1996.5
1105310 2004.1
1105320 2008.8
1105330 2008.8
1105340 2009.1
1105350 2012.2
1105360 2012.2
1105370 2019.4
1105380 2026.5
1105390 2039.0
1105400 2039.0
1105410 2051.2
1105420 2064.7
1105430 2064.7
1105440 2075.9
1105450 2087.5
1105460 2087.5
1105470 2088.8
1105480 2093.6
1105490 2093.6
1105500 2104.2
1105510 2113.1
1105520 2113.1
1105530 2121.8
1105540 2129.7
1105550 2129.7
1105560 2137.3
1105570 2145.3
1105580 2153.0
1105590 2153.0
1105600 2162.1
1105610 2171.8
1105620 2171.8
1105630 2179.6
1105640 2189.4
1105650 2189.4
1105660 2200.1
1105670 2211.2
1105680 2211.2
1105690 2215.8
1105700 2220.4
1105710 2220.4
1105720 2221.4
1105730 2221.1
1105740 2221.1
1105750 2221.0
1105760 2221.9
1105770 2213.9
1105780 2215.3
1105790 2216.4
1105800 2218.1
1105810 2218.1
1105820 2221.2
1105830 2226.7
1105840 2226.7
1105850 2232.3
1105860 2234.3
1105870 2234.3
1105880 2235.9
1105890 2235.7
1105900 2235.7
1105910 2234.1
1105920 2235.2
1105930 2235.2
1105940 2240.7
1105950 2245.0
1105960 2245.0
1105970 2247.5
1105980 2249.8
1105990 2252.6
1106000 2252.6
1106010 2255.5
1106020 2258.2
1106030 2258.2
1106040 2261.0
1106050 2263.9
1106060 2263.9
1106070 2269.3
1106080 2270.7
1106090 2270.7
1106100 2266.2
1106110 2276.4
1106120 2276.4
1106130 2286.3
1106140 2292.4
1106150 2292.4
1106160 2300.9
1106170 2306.7
1106180 2306.7
1106190 2305.6
1106200 2307.5
1106210 2310.1
1106220 2310.1
1106230 2308.6
1106240 2303.5
1106250 2303.5
1106260 2299.9
1106270 2296.7
1106280 2296.7
1106290 2294.5
1106300 2286.2
1106310 2286.2
1106320 2284.3
1106330 2283.1
1106340 2283.1
1106350 2278.8
1106360 2281.6
1106370 2281.6
1106380 2285.5
1106390 2289.2
1106400 2298.6
1106410 2298.6
1106420 2301.9
1106430 2299.3
1106440 2315.2
1106450 2308.2
1106460 2305.4
1106470 2305.4
1106480 2305.5
1106490 2302.5
1106500 2302.5
1106510 2294.9
1106520 2298.9
1106530 2298.9
1106540 2293.2
1106550 2296.1
1106560 2296.1
1106570 2303.6
1106580 2304.2
1106590 2304.2
1106600 2304.9
1106610 2304.7
1106620 2313.6
1106630 2313.6
1106640 2318.2
1106650 2315.3
1106660 2315.3
1106670 2311.6
1106680 2306.8
1106690 2306.8
1106700 2299.6
1106710 2293.1
1106720 2293.1
1106730 2289.2
1106740 2287.6
1106750 2287.6
1106760 2286.1
1106770 2285.2
1106780 2285.2
1106790 2284.7
1106800 2287.6
1106810 2287.6
1106820 2291.7
1106830 2294.4
1106840 2296.8
1106850 2296.8
1106860 2297.9
1106870 2295.4
1106880 2295.4
1106890 2290.1
1106900 2280.6
1106910 2280.6
1106920 2270.4
1106930 2257.1
1106940 2257.1
1106950 2249.2
1106960 2242.7
1106970 2242.7
1106980 2235.7
1106990 2229.0
1107000 2229.0
1107010 2222.2
1107020 2216.2
1107030 2210.7
1107040 2210.7
1107050 2205.5
1107060 2200.9
1107070 2200.9
1107080 2197.0
1107090 2193.2
1107100 2193.2
1107110 2191.1
1107120 2188.3
1107130 2188.3
1107140 2186.0
1107150 2183.3
1107160 2183.3
1107170 2181.8
1107180 2181.2
1107190 2181.2
1107200 2181.4
1107210 2181.6
1107220 2181.6
1107230 2180.7
1107240 2179.8
1107250 2179.7
1107260 2179.7
1107270 2178.7
1107280 2177.2
1107290 2177.2
1107300 2175.2
1107310 2174.2
1107320 2174.2
1107330 2172.5
1107340 2170.4
1107350 2170.4
1107360 2168.5
1107370 2167.0
1107380 2167.0
1107390 2165.2
1107400 2165.4
1107410 2165.4
1107420 2165.5
1107430 2164.7
1107440 2167.9
1107450 2167.9
1107460 2165.3
1107470 2162.7
1107480 2162.7
1107490 2161.3
1107500 2160.7
1107510 2160.7
1107520 2162.3
1107530 2163.7
1107540 2163.7
1107550 2163.2
1107560 2160.7
1107570 2160.7
1107580 2157.6
1107590 2155.9
1107600 2155.9
1107610 2155.9
1107620 2154.7
1107630 2154.7
1107640 2152.4
1107650 2150.3
1107660 2146.9
1107670 2146.9
1107680 2142.1
1107690 2135.1
1107700 2135.1
1107710 2127.1
1107720 2123.6
1107730 2123.6
1107740 2123.6
1107750 2121.9
1107760 2121.9
1107770 2119.3
1107780 2121.7
1107790 2121.7
1107800 2115.6
1107810 2108.9
1107820 2108.9
1107830 2104.0
1107840 2101.7
1107850 2099.1
1107860 2099.1
1107870 2092.2
1107880 2091.8
1107890 2091.8
1107900 2095.0
1107910 2093.3
1107920 2093.3
1107930 2082.3
1107940 2070.6
1107950 2070.6
1107960 2068.8
1107970 2064.9
1107980 2064.9
1107990 2061.8
1108000 2056.6
1108010 2056.6
1108020 2052.7
1108030 2050.6
1108040 2050.6
1108050 2048.4
1108060 2049.8
1108070 2048.9
1108080 2048.9
1108090 2046.4
1108100 2044.9
1108110 2044.9
1108120 2052.6
1108130 2054.4
1108140 2054.4
1108150 2059.3
1108160 2060.2
1108170 2060.2
1108180 2063.7
1108190 2066.4
1108200 2066.4
1108210 2068.5
1108220 2071.6
1108230 2071.6
1108240 2075.5
1108250 2077.8
1108260 2079.5
1108270 2079.5
1108280 2082.7
1108290 2085.6
1108300 2085.6
1108310 2086.2
1108320 2087.4
1108330 2087.4
1108340 2087.5
1108350 2087.8
1108360 2087.8
1108370 2088.0
1108380 2088.7
1108390 2088.7
1108400 2089.6
1108410 2091.6
1108420 2091.6
1108430 2092.4
1108440 2093.9
1108450 2099.1
1108460 2102.1
1108470 2105.3
1108480 2108.1
1108490 2108.1
1108500 2111.4
1108510 2114.8
1108520 2114.8
1108530 2117.3
1108540 2119.2
1108550 2119.2
1108560 2121.1
1108570 2122.5
1108580 2122.5
1108590 2124.0
1108600 2124.9
1108610 2124.9
1108620 2124.4
1108630 2124.0
1108640 2124.0
1108650 2122.9
1108660 2121.6
1108670 2121.6
1108680 2120.3
1108690 2118.1
1108700 2115.9
1108710 2115.9
1108720 2113.9
1108730 2112.9
1108740 2112.9
1108750 2111.4
1108760 2110.6
1108770 2110.6
1108780 2109.9
1108790 2115.0
1108800 2115.0
1108810 2115.9
1108820 2118.3
1108830 2118.3
1108840 2121.5
1108850 2124.4
1108860 2124.4
1108870 2127.4
1108880 2130.2
1108890 2131.9
1108900 2131.9
1108910 2133.2
1108920 2135.8
1108930 2135.8
1108940 2138.3
1108950 2141.1
1108960 2141.1
1108970 2142.8
1108980 2145.2
1108990 2145.2
1109000 2152.2
1109010 2163.0
1109020 2163.0
1109030 2169.9
1109040 2176.0
1109050 2176.0
1109060 2181.0
1109070 2184.1
1109080 2184.1
1109090 2185.7
1109100 2186.3
1109110 2186.3
1109120 2186.3
1109130 2189.5
1109140 2190.1
1109150 2190.1
1109160 2191.0
1109170 2192.5
1109180 2192.5
1109190 2194.2
1109200 2195.6
1109210 2195.6
1109220 2197.3
1109230 2200.0
1109240 2200.0
1109250 2202.8
1109260 2205.3
1109270 2205.3
1109280 2207.9
1109290 2211.5
1109300 2216.1
1109310 2216.1
1109320 2221.2
1109330 2226.7
1109340 2226.7
1109350 2232.4
1109360 2238.4
1109370 2238.4
1109380 2243.9
1109390 2249.3
1109400 2249.3
1109410 2255.2
1109420 2261.1
1109430 2261.1
1109440 2267.0
1109450 2273.3
1109460 2275.3
1109470 2280.8
1109480 2289.2
1109490 2289.2
1109500 2297.0
1109510 2309.5
1109520 2317.9
1109530 2317.9
1109540 2328.9
1109550 2336.2
1109560 2336.2
1109570 2343.1
1109580 2356.3
1109590 2356.3
1109600 2373.9
1109610 2393.4
1109620 2393.4
1109630 2400.8
1109640 2407.1
1109650 2407.1
1109660 2413.4
1109670 2417.4
1109680 2417.4
1109690 2419.4
1109700 2415.1
1109710 2417.8
1109720 2417.8
1109730 2411.2
1109740 2410.3
1109750 2410.3
1109760 2417.4
1109770 2400.6
1109780 2400.6
1109790 2399.3
1109800 2412.4
1109810 2412.4
1109820 2416.1
1109830 2403.9
1109840 2403.9
1109850 2397.1
1109860 2394.7
1109870 2394.7
1109880 2395.3
1109890 2395.6
1109900 2395.6
1109910 2389.2
1109920 2376.0
1109930 2360.8
1109940 2360.8
1109950 2350.8
1109960 2340.1
1109970 2340.1
1109980 2327.6
1109990 2314.7
1110000 2314.7
1110010 2307.2
1110020 2301.1
1110030 2301.1
1110040 2295.8
1110050 2291.8
1110060 2291.8
1110070 2291.7
1110080 2289.9
1110090 2289.9
1110100 2274.8
1110110 2264.0
1110120 2264.0
1110130 2256.5
1110140 2250.3
1110150 2245.2
1110160 2245.2
1110170 2238.0
1110180 2217.6
1110190 2217.6
1110200 2200.0
1110210 2190.7
1110220 2190.7
1110230 2181.3
1110240 2174.3
1110250 2174.3
1110260 2168.0
1110270 2162.0
1110280 2162.0
1110290 2156.0
1110300 2150.2
1110310 2150.2
1110320 2144.8
1110330 2139.8
1110340 2135.5
1110350 2135.5
1110360 2131.9
1110370 2128.9
1110380 2128.9
1110390 2126.1
1110400 2123.3
1110410 2123.3
1110420 2120.0
1110430 2117.1
1110440 2117.1
1110450 2115.2
1110460 2113.4
1110470 2113.4
1110480 2110.5
1110490 2108.0
1110500 2108.0
1110510 2105.3
1110520 2103.1
1110530 2103.1
1110540 2102.0
1110550 2100.6
1110560 2095.5
1110570 2095.5
1110580 2089.1
1110590 2083.6
1110600 2083.6
1110610 2078.2
1110620 2075.3
1110630 2075.3
1110640 2073.0
1110650 2070.1
1110660 2070.1
1110670 2068.4
1110680 2065.2
1110690 2065.2
1110700 2061.8
1110710 2058.9
1110720 2058.9
1110730 2056.5
1110740 2053.5
1110750 2050.3
1110760 2050.3
1110770 2047.0
1110780 2044.2
1110790 2044.2
1110800 2040.7
1110810 2036.1
1110820 2038.0
1110830 2034.3
1110840 2031.4
1110850 2031.4
1110860 2027.6
1110870 2023.1
1110880 2023.1
1110890 2018.9
1110900 2015.3
1110910 2015.3
1110920 2011.1
1110930 2006.5
1110940 2006.5
1110950 2002.0
1110960 1998.4
1110970 1996.3
1110980 1996.3
1110990 1993.8
1111000 1988.5
1111010 1988.5
1111020 1981.7
1111030 1974.1
1111040 1974.1
1111050 1966.1
1111060 1958.1
1111070 1958.1
1111080 1949.3
1111090 1940.2
1111100 1940.2
1111110 1930.9
1111120 1922.4
1111130 1922.4
1111140 1915.0
1111150 1910.1
1111160 1907.1
1111170 1907.1
1111180 1905.1
1111190 1904.6
1111200 1904.6
1111210 1903.8
1111220 1905.8
1111230 1905.8
1111240 1906.7
1111250 1905.8
1111260 1905.8
1111270 1905.2
1111280 1904.7
1111290 1904.7
1111300 1904.4
1111310 1903.0
1111320 1903.0
1111330 1899.8
1111340 1896.2
1111350 1896.2
1111360 1893.3
1111370 1890.2
1111380 1889.9
1111390 1889.9
1111400 1889.6
1111410 1889.3
1111420 1889.3
1111430 1888.7
1111440 1889.4
1111450 1889.4
1111460 1889.9
1111470 1888.5
1111480 1888.5
1111490 1890.0
1111500 1893.9
1111510 1893.9
1111520 1900.1
1111530 1906.8
1111540 1906.8
1111550 1913.1
1111560 1918.1
1111570 1922.9
1111580 1922.9
1111590 1927.7
1111600 1933.4
1111610 1933.4
1111620 1944.3
1111630 1955.6
1111640 1955.6
1111650 1967.5
1111660 1977.7
1111670 1977.7
1111680 1986.3
1111690 1996.0
1111700 1996.0
1111710 2004.0
1111720 2002.5
1111730 2002.5
1111740 1993.9
1111750 1990.9
1111760 1990.9
1111770 1987.4
1111780 1995.6
1111790 2006.2
1111800 2006.2
1111810 2014.6
1111820 2024.7
1111830 2020.2
1111840 2029.8
1111850 2041.2
1111860 2041.2
1111870 2052.5
1111880 2061.1
1111890 2061.1
1111900 2069.7
1111910 2078.7
1111920 2078.7
1111930 2084.4
1111940 2087.3
1111950 2087.3
1111960 2090.4
1111970 2094.0
1111980 2097.4
1111990 2097.4
1112000 2101.7
1112010 2106.3
1112020 2106.3
1112030 2111.9
1112040 2118.1
1112050 2118.1
1112060 2124.2
1112070 2129.0
1112080 2129.0
1112090 2134.2
1112100 2139.7
1112110 2139.7
1112120 2145.4
1112130 2150.5
1112140 2150.5
1112150 2155.4
1112160 2160.2
1112170 2156.3
1112180 2160.9
1112190 2165.4
1112200 2170.3
1112210 2170.3
1112220 2175.2
1112230 2180.6
1112240 2180.6
1112250 2186.5
1112260 2192.1
1112270 2192.1
1112280 2198.2
1112290 2204.9
1112300 2204.9
1112310 2212.6
1112320 2220.7
1112330 2220.7
1112340 2229.5
1112350 2237.3
1112360 2237.3
1112370 2244.4
1112380 2252.1
1112390 2252.1
1112400 2260.2
1112410 2267.2
1112420 2274.6
1112430 2274.6
1112440 2283.0
1112450 2291.7
1112460 2291.7
1112470 2298.9
1112480 2305.1
1112490 2305.1
1112500 2311.4
1112510 2318.0
1112520 2318.0
1112530 2321.2
1112540 2319.8
1112550 2319.8
1112560 2317.7
1112570 2318.2
1112580 2318.2
1112590 2319.0
1112600 2319.4
1112610 2317.9
1112620 2317.9
1112630 2316.9
1112640 2316.9
1112650 2316.9
1112660 2316.8
1112670 2318.1
1112680 2318.1
1112690 2321.1
1112700 2325.8
1112710 2325.8
1112720 2329.5
1112730 2332.0
1112740 2332.0
1112750 2331.9
1112760 2327.1
1112770 2327.1
1112780 2320.4
1112790 2315.7
1112800 2315.7
1112810 2313.4
1112820 2310.1
1112830 2305.0
1112840 2305.0
1112850 2301.9
1112860 2296.5
1112870 2296.5
1112880 2290.2
1112890 2284.6
1112900 2284.6
1112910 2279.3
1112920 2275.1
1112930 2275.1
1112940 2269.4
1112950 2261.1
1112960 2261.1
1112970 2256.7
1112980 2251.1
1112990 2251.1
1113000 2246.5
1113010 2242.4
1113020 2235.3
1113030 2235.3
1113040 2229.3
1113050 2221.2
1113060 2221.2
1113070 2216.8
1113080 2210.9
1113090 2210.9
1113100 2203.8
1113110 2195.1
1113120 2195.1
1113130 2180.9
1113140 2165.9
1113150 2165.9
1113160 2155.7
1113170 2145.8
1113180 2145.8
1113190 2136.9
1113200 2129.3
1113210 2129.3
1113220 2120.4
1113230 2110.5
1113240 2097.4
1113250 2097.4
1113260 2084.1
1113270 2076.3
1113280 2076.3
1113290 2052.9
1113300 2035.4
1113310 2035.4
1113320 2027.2
1113330 2019.2
1113340 2019.2
1113350 2010.5
1113360 2002.2
1113370 2002.2
1113380 1995.7
1113390 1989.3
1113400 1989.3
1113410 1981.2
1113420 1971.2
1113430 1961.2
1113440 1961.2
1113450 1948.7
1113460 1941.6
1113470 1941.6
1113480 1934.3
1113490 1927.1
1113500 1927.1
1113510 1919.9
1113520 1912.5
1113530 1912.5
1113540 1904.1
1113550 1897.0
1113560 1897.0
1113570 1890.3
1113580 1883.9
1113590 1883.9
1113600 1877.6
1113610 1871.5
1113620 1871.5
1113630 1865.7
1113640 1860.2
1113650 1854.9
1113660 1854.9
1113670 1849.6
1113680 1844.1
1113690 1844.1
1113700 1840.9
1113710 1837.3
1113720 1837.3
1113730 1831.7
1113740 1827.1
1113750 1827.1
1113760 1824.4
1113770 1820.8
1113780 1820.8
1113790 1815.4
1113800 1809.5
1113810 1809.5
1113820 1805.6
1113830 1801.7
1113840 1796.9
1113850 1796.9
1113860 1791.6
1113870 1784.4
1113880 1780.8
1113890 1774.4
1113900 1767.5
1113910 1767.5
1113920 1760.2
1113930 1753.4
1113940 1753.4
1113950 1747.2
1113960 1740.8
1113970 1740.8
1113980 1735.0
1113990 1728.9
1114000 1728.9
1114010 1720.9
1114020 1713.4
1114030 1713.4
1114040 1706.7
1114050 1700.4
1114060 1694.0
1114070 1694.0
1114080 1687.8
1114090 1681.6
1114100 1681.6
1114110 1675.1
1114120 1668.5
1114130 1668.5
1114140 1661.7
1114150 1654.4
1114160 1654.4
1114170 1646.7
1114180 1639.4
1114190 1639.4
1114200 1632.4
1114210 1625.7
1114220 1624.2
1114230 1617.4
1114240 1610.5
1114250 1610.5
1114260 1603.1
1114270 1594.2
1114280 1586.8
1114290 1586.8
1114300 1581.1
1114310 1576.1
1114320 1576.1
1114330 1570.6
1114340 1565.6
1114350 1565.6
1114360 1560.7
1114370 1556.0
1114380 1556.0
1114390 1551.3
1114400 1546.8
1114410 1546.8
1114420 1541.8
1114430 1535.7
1114440 1535.7
1114450 1530.4
1114460 1526.2
1114470 1522.8
1114480 1522.8
1114490 1519.7
1114500 1516.9
1114510 1516.9
1114520 1513.3
1114530 1509.0
1114540 1509.0
1114550 1505.1
1114560 1500.4
1114570 1500.4
1114580 1496.0
1114590 1494.2
1114600 1494.2
1114610 1494.6
1114620 1494.2
1114630 1494.2
1114640 1492.0
1114650 1490.1
1114660 1490.1
1114670 1489.6
1114680 1489.7
1114690 1489.2
1114700 1489.2
1114710 1497.0
1114720 1503.2
1114730 1503.2
1114740 1506.5
1114750 1511.5
1114760 1511.5
1114770 1517.8
1114780 1524.3
1114790 1524.3
1114800 1528.0
1114810 1531.4
1114820 1531.4
1114830 1534.5
1114840 1533.7
1114850 1533.7
1114860 1533.1
1114870 1540.9
1114880 1546.9
1114890 1546.9
1114900 1557.0
1114910 1563.6
1114920 1563.6
1114930 1570.0
1114940 1577.4
1114950 1577.4
1114960 1582.8
1114970 1583.4
1114980 1583.4
1114990 1584.8
1115000 1588.6
1115010 1588.6
1115020 1593.8
1115030 1597.3
1115040 1597.3
1115050 1599.6
1115060 1601.8
1115070 1601.8
1115080 1603.4
1115090 1605.4
1115100 1607.7
1115110 1607.7
1115120 1609.7
1115130 1609.8
1115140 1609.8
1115150 1611.0
1115160 1613.0
1115170 1613.0
1115180 1614.6
1115190 1618.7
1115200 1618.7
1115210 1622.7
1115220 1628.4
1115230 1628.4
1115240 1633.4
1115250 1643.0
1115260 1643.0
1115270 1646.0
1115280 1651.6
1115290 1656.8
1115300 1656.8
1115310 1661.5
1115320 1665.4
1115330 1665.4
1115340 1666.8
1115350 1665.2
1115360 1665.2
1115370 1663.1
1115380 1659.2
1115390 1659.2
1115400 1657.6
1115410 1655.9
1115420 1655.9
1115430 1656.5
1115440 1661.2
1115450 1661.2
1115460 1674.4
1115470 1695.5
1115480 1695.5
1115490 1701.5
1115500 1703.4
1115510 1702.7
1115520 1702.7
1115530 1701.7
1115540 1703.7
1115550 1703.7
1115560 1708.6
1115570 1712.4
1115580 1712.4
1115590 1724.2
1115600 1728.4
1115610 1728.4
1115620 1732.7
1115630 1733.3
1115640 1733.3
1115650 1731.1
1115660 1728.0
1115670 1728.0
1115680 1723.4
1115690 1719.6
1115700 1715.6
1115710 1715.6
1115720 1710.6
1115730 1706.7
1115740 1706.7
1115750 1701.8
1115760 1694.5
1115770 1694.5
1115780 1690.1
1115790 1690.5
1115800 1690.5
1115810 1691.0
1115820 1690.9
1115830 1690.9
1115840 1690.9
1115850 1690.4
1115860 1690.4
1115870 1685.5
1115880 1680.8
1115890 1680.8
1115900 1673.7
1115910 1668.3
1115920 1663.6
1115930 1674.8
1115940 1667.2
1115950 1662.7
1115960 1662.7
1115970 1660.3
1115980 1658.2
1115990 1658.2
1116000 1655.8
1116010 1650.6
1116020 1650.6
1116030 1645.9
1116040 1641.3
1116050 1641.3
1116060 1638.0
1116070 1634.6
1116080 1634.6
1116090 1632.8
1116100 1631.1
1116110 1629.8
1116120 1629.8
1116130 1630.1
1116140 1630.4
1116150 1630.4
1116160 1629.5
1116170 1628.5
1116180 1628.5
1116190 1629.8
1116200 1629.6
1116210 1629.6
1116220 1628.8
1116230 1629.1
1116240 1629.1
1116250 1632.5
1116260 1631.4
1116270 1631.4
1116280 1635.0
1116290 1633.6
1116300 1633.6
1116310 1635.5
1116320 1635.5
1116330 1633.8
1116340 1633.8
1116350 1632.0
1116360 1631.4
1116370 1631.4
1116380 1631.6
1116390 1632.5
1116400 1632.5
1116410 1630.5
1116420 1627.9
1116430 1627.9
1116440 1624.4
1116450 1620.6
1116460 1620.6
1116470 1618.8
1116480 1616.4
1116490 1616.4
1116500 1613.8
1116510 1610.4
1116520 1610.4
1116530 1607.3
1116540 1604.4
1116550 1600.9
1116560 1600.9
1116570 1596.8
1116580 1592.2
1116590 1592.2
1116600 1588.9
1116610 1586.9
1116620 1589.7
1116630 1587.1
1116640 1585.1
1116650 1585.1
1116660 1584.2
1116670 1582.0
1116680 1582.0
1116690 1580.5
1116700 1579.5
1116710 1579.5
1116720 1576.6
1116730 1572.1
1116740 1567.5
1116750 1567.5
1116760 1563.7
1116770 1560.3
1116780 1560.3
1116790 1557.3
1116800 1554.4
1116810 1554.4
1116820 1552.1
1116830 1550.4
1116840 1550.4
1116850 1548.7
1116860 1547.0
1116870 1547.0
1116880 1545.3
1116890 1544.3
1116900 1544.3
1116910 1542.3
1116920 1538.3
1116930 1538.3
1116940 1535.2
1116950 1535.1
1116960 1539.2
1116970 1539.2
1116980 1538.3
1116990 1535.9
1117000 1535.9
1117010 1533.5
1117020 1532.4
1117030 1532.4
1117040 1531.7
1117050 1532.0
1117060 1532.0
1117070 1530.3
1117080 1527.3
1117090 1527.3
1117100 1523.9
1117110 1520.7
1117120 1520.7
1117130 1517.2
1117140 1514.3
1117150 1511.1
1117160 1511.1
1117170 1506.7
1117180 1501.6
1117190 1501.6
1117200 1496.7
1117210 1492.1
1117220 1492.1
1117230 1487.1
1117240 1482.8
1117250 1482.8
1117260 1480.8
1117270 1478.3
1117280 1478.3
1117290 1474.5
1117300 1470.7
1117310 1473.8
1117320 1469.1
1117330 1465.5
1117340 1465.5
1117350 1463.1
1117360 1460.3
1117370 1458.4
1117380 1458.4
1117390 1456.1
1117400 1453.0
1117410 1453.0
1117420 1449.3
1117430 1444.8
1117440 1444.8
1117450 1438.2
1117460 1433.7
1117470 1433.7
1117480 1430.1
1117490 1426.3
1117500 1426.3
1117510 1422.9
1117520 1420.3
1117530 1420.3
1117540 1416.8
1117550 1411.9
1117560 1406.1
1117570 1406.1
1117580 1400.0
1117590 1395.7
1117600 1395.7
1117610 1391.8
1117620 1388.8
1117630 1388.8
1117640 1385.8
1117650 1384.1
1117660 1384.1
1117670 1379.8
1117680 1375.3
1117690 1375.3
1117700 1370.7
1117710 1366.6
1117720 1366.6
1117730 1362.7
1117740 1359.1
1117750 1359.1
1117760 1355.1
1117770 1350.6
1117780 1346.5
1117790 1346.5
1117800 1341.9
1117810 1337.3
1117820 1337.3
1117830 1331.6
1117840 1324.7
1117850 1324.7
1117860 1318.6
1117870 1313.5
1117880 1313.5
1117890 1308.0
1117900 1299.2
1117910 1299.2
1117920 1292.2
1117930 1285.6
1117940 1285.6
1117950 1278.7
1117960 1272.0
1117970 1265.7
1117980 1265.7
1117990 1258.7
1118000 1254.6
1118010 1254.6
1118020 1247.8
1118030 1242.2
1118040 1242.2
1118050 1237.2
1118060 1231.5
1118070 1231.5
1118080 1226.4
1118090 1222.8
1118100 1222.8
1118110 1217.5
1118120 1209.7
1118130 1209.7
1118140 1204.0
1118150 1199.3
1118160 1199.3
1118170 1194.0
1118180 1188.4
1118190 1182.9
1118200 1182.9
1118210 1176.1
1118220 1172.6
1118230 1172.6
1118240 1175.8
1118250 1173.9
1118260 1173.9
1118270 1169.2
1118280 1165.3
1118290 1165.3
1118300 1164.4
1118310 1164.9
1118320 1164.9
1118330 1164.9
1118340 1168.1
1118350 1168.1
1118360 1168.3
1118370 1169.2
1118380 1169.2
1118390 1171.2
1118400 1174.2
1118410 1176.2
1118420 1176.2
1118430 1181.5
1118440 1190.3
1118450 1190.3
1118460 1198.7
1118470 1206.5
1118480 1206.5
1118490 1210.5
1118500 1209.7
1118510 1209.7
1118520 1207.5
1118530 1204.9
1118540 1204.9
1118550 1201.8
1118560 1197.6
1118570 1197.6
1118580 1193.7
1118590 1190.3
1118600 1187.3
1118610 1187.3
1118620 1183.7
1118630 1179.9
1118640 1179.9
1118650 1176.2
1118660 1173.2
1118670 1173.2
1118680 1171.4
1118690 1173.8
1118700 1173.8
1118710 1170.6
1118720 1166.5
1118730 1166.5
1118740 1162.1
1118750 1158.7
1118760 1158.7
1118770 1155.8
1118780 1153.1
1118790 1153.1
1118800 1150.9
1118810 1148.4
1118820 1145.2
1118830 1145.2
1118840 1141.4
1118850 1137.9
1118860 1137.9
1118870 1134.4
1118880 1131.1
1118890 1131.1
1118900 1128.5
1118910 1126.2
1118920 1126.2
1118930 1125.1
1118940 1125.7
1118950 1125.7
1118960 1126.2
1118970 1125.3
1118980 1125.3
1118990 1124.2
1119000 1124.6
1119010 1126.0
1119020 1126.0
1119030 1133.1
1119040 1131.2
1119050 1131.2
1119060 1129.1
1119070 1127.2
1119080 1127.2
1119090 1125.7
1119100 1124.2
1119110 1124.2
1119120 1123.1
1119130 1121.3
1119140 1121.3
1119150 1118.0
1119160 1116.4
1119170 1116.4
1119180 1115.4
1119190 1112.9
1119200 1112.9
1119210 1110.9
1119220 1103.8
1119230 1100.3
1119240 1100.3
1119250 1101.9
1119260 1101.6
1119270 1101.6
1119280 1105.5
1119290 1107.8
1119300 1107.8
1119310 1107.3
1119320 1105.4
1119330 1105.4
1119340 1104.5
1119350 1103.0
1119360 1103.0
1119370 1102.0
1119380 1108.3
1119390 1108.3
1119400 1104.5
1119410 1100.9
1119420 1099.3
1119430 1099.3
1119440 1098.1
1119450 1096.6
1119460 1096.6
1119470 1094.0
1119480 1093.3
1119490 1093.3
1119500 1090.8
1119510 1085.1
1119520 1085.1
1119530 1079.1
1119540 1077.7
1119550 1077.7
1119560 1077.9
1119570 1076.3
1119580 1076.3
1119590 1077.6
1119600 1076.5
1119610 1076.5
1119620 1073.8
1119630 1071.0
1119640 1068.9
1119650 1068.9
1119660 1067.3
1119670 1065.4
1119680 1065.4
1119690 1063.8
1119700 1062.3
1119710 1062.3
1119720 1062.1
1119730 1065.4
1119740 1065.4
1119750 1062.9
1119760 1061.7
1119770 1061.7
1119780 1060.4
1119790 1058.4
1119800 1058.4
1119810 1059.0
1119820 1058.5
1119830 1055.7
1119840 1055.7
1119850 1055.3
1119860 1058.3
1119870 1058.3
1119880 1057.3
1119890 1052.2
1119900 1052.2
1119910 1048.5
1119920 1046.4
1119930 1046.4
1119940 1045.0
1119950 1044.7
1119960 1044.7
1119970 1044.8
1119980 1044.7
1119990 1044.7
