1100000 2214.4
1100010 2214.4
1100020 2208.3
1100030 2202.7
1100040 2202.7
1100050 2198.0
1100060 2193.5
1100070 2193.5
1100080 2189.0
1100090 2184.7
1100100 2184.7
1100110 2180.7
1100120 2177.3
1100130 2177.3
1100140 2173.9
1100150 2170.1
1100160 2170.1
1100170 2166.9
1100180 2164.3
1100190 2161.0
1100200 2161.0
1100210 2157.3
1100220 2154.9
1100230 2154.9
1100240 2153.1
1100250 2148.8
1100260 2148.8
1100270 2141.2
1100280 2130.6
1100290 2130.6
1100300 2123.6
1100310 2115.8
1100320 2115.8
1100330 2108.3
1100340 2100.5
1100350 2100.5
1100360 2095.7
1100370 2092.7
1100380 2092.7
1100390 2089.5
1100400 2085.4
1100410 2080.9
1100420 2080.9
1100430 2076.6
1100440 2072.6
1100450 2072.6
1100460 2069.6
1100470 2066.8
1100480 2066.8
1100490 2063.3
1100500 2059.6
1100510 2059.6
1100520 2055.0
1100530 2050.8
1100540 2050.8
1100550 2047.3
1100560 2043.6
1100570 2043.6
1100580 2040.0
1100590 2036.3
1100600 2036.3
1100610 2029.4
1100620 2024.7
1100630 2020.9
1100640 2020.9
1100650 2017.5
1100660 2013.8
1100670 2013.8
1100680 2009.4
1100690 2005.5
1100700 2005.5
1100710 2002.2
1100720 1999.5
1100730 1999.5
1100740 1996.8
1100750 1995.3
1100760 1995.3
1100770 1994.9
1100780 1992.9
1100790 1992.9
1100800 1990.9
1100810 1987.2
1100820 1984.0
1100830 1984.0
1100840 1980.1
1100850 1976.9
1100860 1976.9
1100870 1974.0
1100880 1970.9
1100890 1970.9
1100900 1967.8
1100910 1964.9
1100920 1964.9
1100930 1962.2
1100940 1955.4
1100950 1955.4
1100960 1952.3
1100970 1949.8
1100980 1949.8
1100990 1947.1
1101000 1944.0
1101010 1944.0
1101020 1937.9
1101030 1930.9
1101040 1926.2
1101050 1926.2
1101060 1921.4
1101070 1917.6
1101080 1917.6
1101090 1915.1
1101100 1912.0
1101110 1912.0
1101120 1909.2
1101130 1906.9
1101140 1906.9
1101150 1906.3
1101160 1906.1
1101170 1906.1
1101180 1906.2
1101190 1906.3
1101200 1906.3
1101210 1906.8
1101220 1907.0
1101230 1906.2
1101240 1906.2
1101250 1904.2
1101260 1901.6
1101270 1899.5
1101280 1896.6
1101290 1894.1
1101300 1894.1
1101310 1892.2
1101320 1890.3
1101330 1890.3
1101340 1888.3
1101350 1886.3
1101360 1886.3
1101370 1884.3
1101380 1881.6
1101390 1881.6
1101400 1877.9
1101410 1874.7
1101420 1874.7
1101430 1872.2
1101440 1870.5
1101450 1868.3
1101460 1868.3
1101470 1866.4
1101480 1864.8
1101490 1864.8
1101500 1863.2
1101510 1862.2
1101520 1862.2
1101530 1862.1
1101540 1862.7
1101550 1862.7
1101560 1861.7
1101570 1860.8
1101580 1860.8
1101590 1857.1
1101600 1850.1
1101610 1850.1
1101620 1850.1
1101630 1849.5
1101640 1846.7
1101650 1846.7
1101660 1844.5
1101670 1843.2
1101680 1843.2
1101690 1841.9
1101700 1841.2
1101710 1841.2
1101720 1841.2
1101730 1841.6
1101740 1841.6
1101750 1841.7
1101760 1841.2
1101770 1841.2
1101780 1844.0
1101790 1849.3
1101800 1849.3
1101810 1850.3
1101820 1846.7
1101830 1846.7
1101840 1844.7
1101850 1843.4
1101860 1843.3
1101870 1843.3
1101880 1845.4
1101890 1847.1
1101900 1847.1
1101910 1849.1
1101920 1851.4
1101930 1844.5
1101940 1846.5
1101950 1848.2
1101960 1848.2
1101970 1850.1
1101980 1850.9
1101990 1850.9
1102000 1852.3
1102010 1853.7
1102020 1853.7
1102030 1855.3
1102040 1856.0
1102050 1856.0
1102060 1858.1
1102070 1860.7
1102080 1861.8
1102090 1861.8
1102100 1862.8
1102110 1864.1
1102120 1864.1
1102130 1865.0
1102140 1866.6
1102150 1866.6
1102160 1867.2
1102170 1867.2
1102180 1867.2
1102190 1867.7
1102200 1869.5
1102210 1869.5
1102220 1869.9
1102230 1869.7
1102240 1869.7
1102250 1870.0
1102260 1862.4
1102270 1863.8
1102280 1863.8
1102290 1864.0
1102300 1862.9
1102310 1862.9
1102320 1860.9
1102330 1860.8
1102340 1860.8
1102350 1860.3
1102360 1859.3
1102370 1859.3
1102380 1856.5
1102390 1854.5
1102400 1854.5
1102410 1852.4
1102420 1849.6
1102430 1849.6
1102440 1846.7
1102450 1843.9
1102460 1843.9
1102470 1841.4
1102480 1838.4
1102490 1835.8
1102500 1835.8
1102510 1833.0
1102520 1830.8
1102530 1830.8
1102540 1827.4
1102550 1824.2
1102560 1824.2
1102570 1821.3
1102580 1818.7
1102590 1815.3
1102600 1812.7
1102610 1810.3
1102620 1810.3
1102630 1806.0
1102640 1802.9
1102650 1802.9
1102660 1800.4
1102670 1798.2
1102680 1795.0
1102690 1795.0
1102700 1791.6
1102710 1787.0
1102720 1787.0
1102730 1782.1
1102740 1777.2
1102750 1777.2
1102760 1772.7
1102770 1768.2
1102780 1768.2
1102790 1763.5
1102800 1759.7
1102810 1759.7
1102820 1755.9
1102830 1752.4
1102840 1752.4
1102850 1747.8
1102860 1742.9
1102870 1742.9
1102880 1737.9
1102890 1733.3
1102900 1729.2
1102910 1729.2
1102920 1725.9
1102930 1722.4
1102940 1722.4
1102950 1719.3
1102960 1714.9
1102970 1714.9
1102980 1710.7
1102990 1706.7
1103000 1706.7
1103010 1702.1
1103020 1695.2
1103030 1695.2
1103040 1692.3
1103050 1689.5
1103060 1689.5
1103070 1686.7
1103080 1684.8
1103090 1684.8
1103100 1684.1
1103110 1682.4
1103120 1680.4
1103130 1680.4
1103140 1677.8
1103150 1674.7
1103160 1674.7
1103170 1671.1
1103180 1665.4
1103190 1665.4
1103200 1654.6
1103210 1639.6
1103220 1639.6
1103230 1625.9
1103240 1617.9
1103250 1617.9
1103260 1610.0
1103270 1601.3
1103280 1601.3
1103290 1594.5
1103300 1588.3
1103310 1581.4
1103320 1581.4
1103330 1575.7
1103340 1571.4
1103350 1571.4
1103360 1568.1
1103370 1567.5
1103380 1567.5
1103390 1563.7
1103400 1560.4
1103410 1560.4
1103420 1557.9
1103430 1556.5
1103440 1556.5
1103450 1554.7
1103460 1551.8
1103470 1551.8
1103480 1547.0
1103490 1540.6
1103500 1540.6
1103510 1532.8
1103520 1524.3
1103530 1518.2
1103540 1518.2
1103550 1508.9
1103560 1500.0
1103570 1500.0
1103580 1495.1
1103590 1491.5
1103600 1491.5
1103610 1488.1
1103620 1483.5
1103630 1483.5
1103640 1479.9
1103650 1476.9
1103660 1476.9
1103670 1474.4
1103680 1472.1
1103690 1472.1
1103700 1470.5
1103710 1468.0
1103720 1465.8
1103730 1465.8
1103740 1464.1
1103750 1462.3
1103760 1462.3
1103770 1460.4
1103780 1458.4
1103790 1458.4
1103800 1456.2
1103810 1454.5
1103820 1454.5
1103830 1452.9
1103840 1451.2
1103850 1451.2
1103860 1449.5
1103870 1447.8
1103880 1447.8
1103890 1446.0
1103900 1444.4
1103910 1444.4
1103920 1443.5
1103930 1440.7
1103940 1436.9
1103950 1436.9
1103960 1433.7
1103970 1431.9
1103980 1431.9
1103990 1430.1
1104000 1427.9
1104010 1427.9
1104020 1426.5
1104030 1425.1
1104040 1425.1
1104050 1423.7
1104060 1422.2
1104070 1422.2
1104080 1421.1
1104090 1419.4
1104100 1419.4
1104110 1418.5
1104120 1416.2
1104130 1418.2
1104140 1418.2
1104150 1418.3
1104160 1418.7
1104170 1418.7
1104180 1418.7
1104190 1418.3
1104200 1418.3
1104210 1418.5
1104220 1419.2
1104230 1419.2
1104240 1419.6
1104250 1419.9
1104260 1421.4
1104270 1421.8
1104280 1423.0
1104290 1423.0
1104300 1428.1
1104310 1432.4
1104320 1432.4
1104330 1437.5
1104340 1443.8
1104350 1450.3
1104360 1450.3
1104370 1456.0
1104380 1461.9
1104390 1461.9
1104400 1467.9
1104410 1473.6
1104420 1473.6
1104430 1479.2
1104440 1485.0
1104450 1485.0
1104460 1490.3
1104470 1495.8
1104480 1495.8
1104490 1501.5
1104500 1507.0
1104510 1507.0
1104520 1512.6
1104530 1518.4
1104540 1518.4
1104550 1525.0
1104560 1532.3
1104570 1540.5
1104580 1540.5
1104590 1552.9
1104600 1565.0
1104610 1565.0
1104620 1572.3
1104630 1577.0
1104640 1577.0
1104650 1581.8
1104660 1588.6
1104670 1588.6
1104680 1594.4
1104690 1600.4
1104700 1600.4
1104710 1607.7
1104720 1616.4
1104730 1616.4
1104740 1624.3
1104750 1633.0
1104760 1641.4
1104770 1641.4
1104780 1648.9
1104790 1656.7
1104800 1656.7
1104810 1665.1
1104820 1674.3
1104830 1674.3
1104840 1683.0
1104850 1692.2
1104860 1692.2
1104870 1700.6
1104880 1700.3
1104890 1700.3
1104900 1701.8
1104910 1708.9
1104920 1713.4
1104930 1720.2
1104940 1725.8
1104950 1725.8
1104960 1726.9
1104970 1724.2
1104980 1720.6
1104990 1720.6
1105000 1724.2
1105010 1735.4
1105020 1735.4
1105030 1748.6
1105040 1764.0
1105050 1764.0
1105060 1777.5
1105070 1788.1
1105080 1788.1
1105090 1793.8
1105100 1791.4
1105110 1791.4
1105120 1788.0
1105130 1790.1
1105140 1790.1
1105150 1802.1
1105160 1813.4
1105170 1826.8
1105180 1826.8
1105190 1838.7
1105200 1850.1
1105210 1850.1
1105220 1858.6
1105230 1865.9
1105240 1865.9
1105250 1879.0
1105260 1892.5
1105270 1892.5
1105280 1906.5
1105290 1914.2
1105300 1914.2
1105310 1922.6
1105320 1931.0
1105330 1931.0
1105340 1938.7
1105350 1946.2
1105360 1946.2
1105370 1951.7
1105380 1946.8
1105390 1961.0
1105400 1961.0
1105410 1990.2
1105420 2003.8
1105430 2003.8
1105440 2012.6
1105450 2015.1
1105460 2015.1
1105470 2019.6
1105480 2030.2
1105490 2030.2
1105500 2037.2
1105510 2042.5
1105520 2042.5
1105530 2052.9
1105540 2065.9
1105550 2065.9
1105560 2077.3
1105570 2086.2
1105580 2092.9
1105590 2092.7
1105600 2101.3
1105610 2109.3
1105620 2109.3
1105630 2116.4
1105640 2123.4
1105650 2123.4
1105660 2130.3
1105670 2137.8
1105680 2137.8
1105690 2146.2
1105700 2157.5
1105710 2157.5
1105720 2177.9
1105730 2184.5
1105740 2184.5
1105750 2188.4
1105760 2188.4
1105770 2188.4
1105780 2177.4
1105790 2161.7
1105800 2153.4
1105810 2153.4
1105820 2169.1
1105830 2202.4
1105840 2202.4
1105850 2235.5
1105860 2252.4
1105870 2252.4
1105880 2259.6
1105890 2268.8
1105900 2268.8
1105910 2272.5
1105920 2274.9
1105930 2274.9
1105940 2266.0
1105950 2259.4
1105960 2259.4
1105970 2253.3
1105980 2246.5
1105990 2246.5
1106000 2240.2
1106010 2234.4
1106020 2228.6
1106030 2228.6
1106040 2223.3
1106050 2210.8
1106060 2210.8
1106070 2193.2
1106080 2176.2
1106090 2176.2
1106100 2173.3
1106110 2167.7
1106120 2167.7
1106130 2155.7
1106140 2140.3
1106150 2140.3
1106160 2129.9
1106170 2121.9
1106180 2121.9
1106190 2117.7
1106200 2116.1
1106210 2113.7
1106220 2113.7
1106230 2110.6
1106240 2107.2
1106250 2107.2
1106260 2108.4
1106270 2104.4
1106280 2104.4
1106290 2100.1
1106300 2096.7
1106310 2096.7
1106320 2093.6
1106330 2090.7
1106340 2090.7
1106350 2089.5
1106360 2088.1
1106370 2088.1
1106380 2088.0
1106390 2087.4
1106400 2087.4
1106410 2086.1
1106420 2084.9
1106430 2084.0
1106440 2084.0
1106450 2083.6
1106460 2084.4
1106470 2084.4
1106480 2085.5
1106490 2087.0
1106500 2087.0
1106510 2090.8
1106520 2094.9
1106530 2094.9
1106540 2098.7
1106550 2102.5
1106560 2102.5
1106570 2104.2
1106580 2110.9
1106590 2117.2
1106600 2119.7
1106610 2119.6
1106620 2121.5
1106630 2121.5
1106640 2128.6
1106650 2140.6
1106660 2140.6
1106670 2157.0
1106680 2173.4
1106690 2173.4
1106700 2185.5
1106710 2192.2
1106720 2192.2
1106730 2198.0
1106740 2220.7
1106750 2220.7
1106760 2237.3
1106770 2242.6
1106780 2242.6
1106790 2250.6
1106800 2250.2
1106810 2250.2
1106820 2248.9
1106830 2248.7
1106840 2244.6
1106850 2244.6
1106860 2240.7
1106870 2234.3
1106880 2234.3
1106890 2230.0
1106900 2223.6
1106910 2223.6
1106920 2217.1
1106930 2219.7
1106940 2219.7
1106950 2219.5
1106960 2221.9
1106970 2221.9
1106980 2225.1
1106990 2225.4
1107000 2225.4
1107010 2224.7
1107020 2225.6
1107030 2227.6
1107040 2227.6
1107050 2228.1
1107060 2227.1
1107070 2227.1
1107080 2226.8
1107090 2228.2
1107100 2228.2
1107110 2233.2
1107120 2235.8
1107130 2235.8
1107140 2232.6
1107150 2225.6
1107160 2225.6
1107170 2215.4
1107180 2197.7
1107190 2197.7
1107200 2173.9
1107210 2162.3
1107220 2162.3
1107230 2153.9
1107240 2147.0
1107250 2140.6
1107260 2140.5
1107270 2134.4
1107280 2129.7
1107290 2129.7
1107300 2125.6
1107310 2122.7
1107320 2122.7
1107330 2120.4
1107340 2115.0
1107350 2115.0
1107360 2110.2
1107370 2105.5
1107380 2105.5
1107390 2102.7
1107400 2100.1
1107410 2100.1
1107420 2098.1
1107430 2096.5
1107440 2096.5
1107450 2095.0
1107460 2096.3
1107470 2098.4
1107480 2098.4
1107490 2101.9
1107500 2104.8
1107510 2104.8
1107520 2105.4
1107530 2103.7
1107540 2103.7
1107550 2098.9
1107560 2093.6
1107570 2093.6
1107580 2086.9
1107590 2074.6
1107600 2073.8
1107610 2066.6
1107620 2060.6
1107630 2060.6
1107640 2054.6
1107650 2048.2
1107660 2041.5
1107670 2041.5
1107680 2033.6
1107690 2027.2
1107700 2027.2
1107710 2019.0
1107720 2008.0
1107730 2008.0
1107740 2004.3
1107750 2000.6
1107760 2000.6
1107770 1995.2
1107780 1988.0
1107790 1988.0
1107800 1981.1
1107810 1976.4
1107820 1976.4
1107830 1970.3
1107840 1964.3
1107850 1964.3
1107860 1957.1
1107870 1949.1
1107880 1943.7
1107890 1943.7
1107900 1940.0
1107910 1938.3
1107920 1938.3
1107930 1938.4
1107940 1942.3
1107950 1942.3
1107960 1940.2
1107970 1939.2
1107980 1939.2
1107990 1939.1
1108000 1939.3
1108010 1939.3
1108020 1939.3
1108030 1939.4
1108040 1939.4
1108050 1940.6
1108060 1941.9
1108070 1943.9
1108080 1943.9
1108090 1946.0
1108100 1946.6
1108110 1946.6
1108120 1948.0
1108130 1948.9
1108140 1948.9
1108150 1950.7
1108160 1952.9
1108170 1952.9
1108180 1954.9
1108190 1956.8
1108200 1956.8
1108210 1959.3
1108220 1961.0
1108230 1961.0
1108240 1963.5
1108250 1967.2
1108260 1967.2
1108270 1975.3
1108280 1979.8
1108290 1982.6
1108300 1982.6
1108310 1984.2
1108320 1986.3
1108330 1986.3
1108340 1985.6
1108350 1986.2
1108360 1986.2
1108370 1987.2
1108380 1988.1
1108390 1988.1
1108400 1990.2
1108410 1992.2
1108420 1992.2
1108430 1994.1
1108440 2003.9
1108450 2003.9
1108460 2011.8
1108470 2016.4
1108480 2022.0
1108490 2022.0
1108500 2029.0
1108510 2036.1
1108520 2036.1
1108530 2043.1
1108540 2048.6
1108550 2048.6
1108560 2054.8
1108570 2061.7
1108580 2061.7
1108590 2069.9
1108600 2075.7
1108610 2071.2
1108620 2073.5
1108630 2074.7
1108640 2074.7
1108650 2077.2
1108660 2080.5
1108670 2080.5
1108680 2084.2
1108690 2087.2
1108700 2089.6
1108710 2089.6
1108720 2092.0
1108730 2094.9
1108740 2094.9
1108750 2098.8
1108760 2101.5
1108770 2101.5
1108780 2102.3
1108790 2102.3
1108800 2102.3
1108810 2102.4
1108820 2102.8
1108830 2102.8
1108840 2103.8
1108850 2105.5
1108860 2105.5
1108870 2107.2
1108880 2110.5
1108890 2110.5
1108900 2111.8
1108910 2112.3
1108920 2113.3
1108930 2113.3
1108940 2113.7
1108950 2112.5
1108960 2112.5
1108970 2113.0
1108980 2114.1
1108990 2114.1
1109000 2115.0
1109010 2116.7
1109020 2116.7
1109030 2117.7
1109040 2120.6
1109050 2120.6
1109060 2123.7
1109070 2126.8
1109080 2126.8
1109090 2130.1
1109100 2133.8
1109110 2137.1
1109120 2137.1
1109130 2141.1
1109140 2146.0
1109150 2146.0
1109160 2151.2
1109170 2157.2
1109180 2157.2
1109190 2163.5
1109200 2170.3
1109210 2170.3
1109220 2177.5
1109230 2185.2
1109240 2185.2
1109250 2191.7
1109260 2199.9
1109270 2199.9
1109280 2207.4
1109290 2213.4
1109300 2213.4
1109310 2221.3
1109320 2232.9
1109330 2240.7
1109340 2240.7
1109350 2253.7
1109360 2261.7
1109370 2261.7
1109380 2268.7
1109390 2274.3
1109400 2274.3
1109410 2283.4
1109420 2292.2
1109430 2292.2
1109440 2302.1
1109450 2312.6
1109460 2312.6
1109470 2326.9
1109480 2337.8
1109490 2337.8
1109500 2341.6
1109510 2333.9
1109520 2322.7
1109530 2322.7
1109540 2306.1
1109550 2298.0
1109560 2298.0
1109570 2286.9
1109580 2279.8
1109590 2279.8
1109600 2274.3
1109610 2268.1
1109620 2271.0
1109630 2264.9
1109640 2253.7
1109650 2253.7
1109660 2247.0
1109670 2243.9
1109680 2243.9
1109690 2243.3
1109700 2242.8
1109710 2242.8
1109720 2243.0
1109730 2241.8
1109740 2240.3
1109750 2240.3
1109760 2239.0
1109770 2237.3
1109780 2237.3
1109790 2235.2
1109800 2232.7
1109810 2232.7
1109820 2230.0
1109830 2227.2
1109840 2227.2
1109850 2223.9
1109860 2220.2
1109870 2220.2
1109880 2216.4
1109890 2212.6
1109900 2212.6
1109910 2209.1
1109920 2206.0
1109930 2203.4
1109940 2203.4
1109950 2200.8
1109960 2203.8
1109970 2203.8
1109980 2201.2
1109990 2198.5
1110000 2198.5
1110010 2195.8
1110020 2193.0
1110030 2193.0
1110040 2189.8
1110050 2186.4
1110060 2186.4
1110070 2182.5
1110080 2181.3
1110090 2181.3
1110100 2181.4
1110110 2179.0
1110120 2179.0
1110130 2173.8
1110140 2167.8
1110150 2163.9
1110160 2163.9
1110170 2163.6
1110180 2162.5
1110190 2162.5
1110200 2160.0
1110210 2157.8
1110220 2157.8
1110230 2155.8
1110240 2151.8
1110250 2151.8
1110260 2146.2
1110270 2141.7
1110280 2141.7
1110290 2139.2
1110300 2140.9
1110310 2140.9
1110320 2138.6
1110330 2133.2
1110340 2133.2
1110350 2127.4
1110360 2119.8
1110370 2114.4
1110380 2114.4
1110390 2111.7
1110400 2110.2
1110410 2110.2
1110420 2109.2
1110430 2107.5
1110440 2107.5
1110450 2105.0
1110460 2102.6
1110470 2102.6
1110480 2100.7
1110490 2098.6
1110500 2098.6
1110510 2097.0
1110520 2096.5
1110530 2096.5
1110540 2096.4
1110550 2095.8
1110560 2093.8
1110570 2093.8
1110580 2091.0
1110590 2086.4
1110600 2086.4
1110610 2081.8
1110620 2078.6
1110630 2080.4
1110640 2076.3
1110650 2071.6
1110660 2071.6
1110670 2066.7
1110680 2062.1
1110690 2062.1
1110700 2056.9
1110710 2051.1
1110720 2051.1
1110730 2045.7
1110740 2042.1
1110750 2042.1
1110760 2038.0
1110770 2034.3
1110780 2029.2
1110790 2029.2
1110800 2023.6
1110810 2017.3
1110820 2017.3
1110830 2011.0
1110840 2005.0
1110850 2005.0
1110860 1999.4
1110870 1994.6
1110880 1994.6
1110890 1990.7
1110900 1985.2
1110910 1985.2
1110920 1980.0
1110930 1974.6
1110940 1974.6
1110950 1969.1
1110960 1963.8
1110970 1956.5
1110980 1956.5
1110990 1952.1
1111000 1947.2
1111010 1947.2
1111020 1942.7
1111030 1938.3
1111040 1938.3
1111050 1933.7
1111060 1929.5
1111070 1929.5
1111080 1925.6
1111090 1921.5
1111100 1921.5
1111110 1917.2
1111120 1912.9
1111130 1912.9
1111140 1907.5
1111150 1900.9
1111160 1900.9
1111170 1895.1
1111180 1889.2
1111190 1883.3
1111200 1883.3
1111210 1877.1
1111220 1871.5
1111230 1871.5
1111240 1867.0
1111250 1862.7
1111260 1862.7
1111270 1858.8
1111280 1855.3
1111290 1855.3
1111300 1851.4
1111310 1854.2
1111320 1854.2
1111330 1853.2
1111340 1854.0
1111350 1854.0
1111360 1857.6
1111370 1859.7
1111380 1860.2
1111390 1860.2
1111400 1859.4
1111410 1859.0
1111420 1859.0
1111430 1859.5
1111440 1858.8
1111450 1858.8
1111460 1858.1
1111470 1860.5
1111480 1860.5
1111490 1863.1
1111500 1866.6
1111510 1866.6
1111520 1869.3
1111530 1873.4
1111540 1873.4
1111550 1877.7
1111560 1882.3
1111570 1882.3
1111580 1887.5
1111590 1892.9
1111600 1898.7
1111610 1898.7
1111620 1904.4
1111630 1909.7
1111640 1909.7
1111650 1917.9
1111660 1923.7
1111670 1923.7
1111680 1929.7
1111690 1935.9
1111700 1935.9
1111710 1942.3
1111720 1948.6
1111730 1948.6
1111740 1954.8
1111750 1960.7
1111760 1960.7
1111770 1966.8
1111780 1972.2
1111790 1972.2
1111800 1976.7
1111810 1981.1
1111820 1995.1
1111830 1995.1
1111840 2016.8
1111850 2020.8
1111860 2020.8
1111870 2023.4
1111880 2040.9
1111890 2040.9
1111900 2063.3
1111910 2075.9
1111920 2075.9
1111930 2088.2
1111940 2100.7
1111950 2100.7
1111960 2110.7
1111970 2123.0
1111980 2123.0
1111990 2121.4
1112000 2129.2
1112010 2134.3
1112020 2134.3
1112030 2138.9
1112040 2148.6
1112050 2148.6
1112060 2157.3
1112070 2168.2
1112080 2168.2
1112090 2173.9
1112100 2181.4
1112110 2181.4
1112120 2192.3
1112130 2201.4
1112140 2201.4
1112150 2202.8
1112160 2209.0
1112170 2209.0
1112180 2221.6
1112190 2229.5
1112200 2229.5
1112210 2225.5
1112220 2227.7
1112230 2236.8
1112240 2236.8
1112250 2249.3
1112260 2269.1
1112270 2269.1
1112280 2284.6
1112290 2288.9
1112300 2288.9
1112310 2289.3
1112320 2286.2
1112330 2293.3
1112340 2286.7
1112350 2277.9
1112360 2277.9
1112370 2273.3
1112380 2271.2
1112390 2271.2
1112400 2264.9
1112410 2258.4
1112420 2253.2
1112430 2253.2
1112440 2249.0
1112450 2244.2
1112460 2244.2
1112470 2238.8
1112480 2239.0
1112490 2239.0
1112500 2238.7
1112510 2237.7
1112520 2237.7
1112530 2236.4
1112540 2227.8
1112550 2227.8
1112560 2222.5
1112570 2219.6
1112580 2219.6
1112590 2216.8
1112600 2216.6
1112610 2216.6
1112620 2218.9
1112630 2220.1
1112640 2224.5
1112650 2224.5
1112660 2228.9
1112670 2238.1
1112680 2238.1
1112690 2241.4
1112700 2247.2
1112710 2247.2
1112720 2255.0
1112730 2257.5
1112740 2257.5
1112750 2261.7
1112760 2269.7
1112770 2269.7
1112780 2276.7
1112790 2280.3
1112800 2280.3
1112810 2283.2
1112820 2285.5
1112830 2286.5
1112840 2286.5
1112850 2286.8
1112860 2289.7
1112870 2289.7
1112880 2292.8
1112890 2296.2
1112900 2296.2
1112910 2298.6
1112920 2299.5
1112930 2299.5
1112940 2301.6
1112950 2303.0
1112960 2303.0
1112970 2303.3
1112980 2303.0
1112990 2303.0
1113000 2303.2
1113010 2302.9
1113020 2302.9
1113030 2302.5
1113040 2297.3
1113050 2290.2
1113060 2290.2
1113070 2282.8
1113080 2274.3
1113090 2274.3
1113100 2265.1
1113110 2255.9
1113120 2255.9
1113130 2246.6
1113140 2242.7
1113150 2242.7
1113160 2238.3
1113170 2230.7
1113180 2230.7
1113190 2223.1
1113200 2215.6
1113210 2215.6
1113220 2214.0
1113230 2209.8
1113240 2209.8
1113250 2202.7
1113260 2193.4
1113270 2182.8
1113280 2182.8
1113290 2172.1
1113300 2156.6
1113310 2156.6
1113320 2131.5
1113330 2125.1
1113340 2125.1
1113350 2079.2
1113360 2067.2
1113370 2067.2
1113380 2062.4
1113390 2056.0
1113400 2056.0
1113410 2047.7
1113420 2038.1
1113430 2038.1
1113440 2028.3
1113450 2013.0
1113460 2005.1
1113470 2005.1
1113480 1998.0
1113490 1990.6
1113500 1990.6
1113510 1983.6
1113520 1976.8
1113530 1976.8
1113540 1970.3
1113550 1963.9
1113560 1963.9
1113570 1958.0
1113580 1952.9
1113590 1952.9
1113600 1947.6
1113610 1943.0
1113620 1943.0
1113630 1939.2
1113640 1935.5
1113650 1935.5
1113660 1933.4
1113670 1932.5
1113680 1932.3
1113690 1924.8
1113700 1923.2
1113710 1919.4
1113720 1919.4
1113730 1915.6
1113740 1907.5
1113750 1907.5
1113760 1899.9
1113770 1893.0
1113780 1893.0
1113790 1885.5
1113800 1876.6
1113810 1876.6
1113820 1868.7
1113830 1861.1
1113840 1861.1
1113850 1853.7
1113860 1847.0
1113870 1840.2
1113880 1840.2
1113890 1832.3
1113900 1824.2
1113910 1824.2
1113920 1816.4
1113930 1809.0
1113940 1809.0
1113950 1800.9
1113960 1791.2
1113970 1791.2
1113980 1781.9
1113990 1773.4
1114000 1773.4
1114010 1764.8
1114020 1756.4
1114030 1756.5
1114040 1748.1
1114050 1740.1
1114060 1740.1
1114070 1732.6
1114080 1725.1
1114090 1717.8
1114100 1717.8
1114110 1710.2
1114120 1703.2
1114130 1703.2
1114140 1696.0
1114150 1689.8
1114160 1689.8
1114170 1683.2
1114180 1675.0
1114190 1675.0
1114200 1667.1
1114210 1659.3
1114220 1659.3
1114230 1652.4
1114240 1645.8
1114250 1645.8
1114260 1639.2
1114270 1632.3
1114280 1625.2
1114290 1625.2
1114300 1617.5
1114310 1610.1
1114320 1610.1
1114330 1603.0
1114340 1596.3
1114350 1596.3
1114360 1589.9
1114370 1583.5
1114380 1581.6
1114390 1575.0
1114400 1568.4
1114410 1568.4
1114420 1562.1
1114430 1555.7
1114440 1555.7
1114450 1549.4
1114460 1543.0
1114470 1543.0
1114480 1536.8
1114490 1530.8
1114500 1525.3
1114510 1525.3
1114520 1519.4
1114530 1514.0
1114540 1514.0
1114550 1508.1
1114560 1502.6
1114570 1502.6
1114580 1497.7
1114590 1492.7
1114600 1492.7
1114610 1488.0
1114620 1483.9
1114630 1483.9
1114640 1480.3
1114650 1477.6
1114660 1477.6
1114670 1474.1
1114680 1471.5
1114690 1469.4
1114700 1469.4
1114710 1468.5
1114720 1467.1
1114730 1467.1
1114740 1466.5
1114750 1467.0
1114760 1467.0
1114770 1466.0
1114780 1461.8
1114790 1461.8
1114800 1458.4
1114810 1456.3
1114820 1456.3
1114830 1455.4
1114840 1452.1
1114850 1452.1
1114860 1452.0
1114870 1453.2
1114880 1453.2
1114890 1453.6
1114900 1453.9
1114910 1457.5
1114920 1457.5
1114930 1460.1
1114940 1461.9
1114950 1461.9
1114960 1463.7
1114970 1469.6
1114980 1469.6
1114990 1472.9
1115000 1474.5
1115010 1474.5
1115020 1475.8
1115030 1478.4
1115040 1478.4
1115050 1480.3
1115060 1485.6
1115070 1485.6
1115080 1487.4
1115090 1488.9
1115100 1488.9
1115110 1491.3
1115120 1493.4
1115130 1495.2
1115140 1495.2
1115150 1496.9
1115160 1498.9
1115170 1498.9
1115180 1501.5
1115190 1504.3
1115200 1504.3
1115210 1506.5
1115220 1508.3
1115230 1508.3
1115240 1509.6
1115250 1511.5
1115260 1511.5
1115270 1513.3
1115280 1514.5
1115290 1514.5
1115300 1515.4
1115310 1516.1
1115320 1516.5
1115330 1516.5
1115340 1516.7
1115350 1515.2
1115360 1515.2
1115370 1519.1
1115380 1522.9
1115390 1522.9
1115400 1531.0
1115410 1534.3
1115420 1534.3
1115430 1537.5
1115440 1540.2
1115450 1540.2
1115460 1540.6
1115470 1537.1
1115480 1537.1
1115490 1536.5
1115500 1540.1
1115510 1540.1
1115520 1539.4
1115530 1544.9
1115540 1548.7
1115550 1548.7
1115560 1549.7
1115570 1550.5
1115580 1550.5
1115590 1549.7
1115600 1550.1
1115610 1550.1
1115620 1554.1
1115630 1555.8
1115640 1555.8
1115650 1557.3
1115660 1559.7
1115670 1559.7
1115680 1561.3
1115690 1563.3
1115700 1563.3
1115710 1566.8
1115720 1569.6
1115730 1572.1
1115740 1572.1
1115750 1581.9
1115760 1584.9
1115770 1584.9
1115780 1587.5
1115790 1589.0
1115800 1589.0
1115810 1589.5
1115820 1589.6
1115830 1589.6
1115840 1589.4
1115850 1588.3
1115860 1588.3
1115870 1586.2
1115880 1584.3
1115890 1584.3
1115900 1582.8
1115910 1581.1
1115920 1581.1
1115930 1578.9
1115940 1574.9
1115950 1568.8
1115960 1568.8
1115970 1561.8
1115980 1553.3
1115990 1553.3
1116000 1544.7
1116010 1535.2
1116020 1535.2
1116030 1525.5
1116040 1516.8
1116050 1516.8
1116060 1508.8
1116070 1500.8
1116080 1500.8
1116090 1495.8
1116100 1488.4
1116110 1488.4
1116120 1485.1
1116130 1487.2
1116140 1483.5
1116150 1483.5
1116160 1483.5
1116170 1483.2
1116180 1483.2
1116190 1484.7
1116200 1489.0
1116210 1489.0
1116220 1488.2
1116230 1484.1
1116240 1484.1
1116250 1477.8
1116260 1472.4
1116270 1472.4
1116280 1468.0
1116290 1466.3
1116300 1466.3
1116310 1464.1
1116320 1461.7
1116330 1461.7
1116340 1458.7
1116350 1456.4
1116360 1454.8
1116370 1454.8
1116380 1454.8
1116390 1455.7
1116400 1455.7
1116410 1455.3
1116420 1454.7
1116430 1462.6
1116440 1462.3
1116450 1465.5
1116460 1465.5
1116470 1471.7
1116480 1476.3
1116490 1476.3
1116500 1479.1
1116510 1483.7
1116520 1483.7
1116530 1486.3
1116540 1485.9
1116550 1485.1
1116560 1485.1
1116570 1481.6
1116580 1479.5
1116590 1479.5
1116600 1479.6
1116610 1479.1
1116620 1479.1
1116630 1477.8
1116640 1477.3
1116650 1477.3
1116660 1476.9
1116670 1475.8
1116680 1475.8
1116690 1474.0
1116700 1472.2
1116710 1472.2
1116720 1471.2
1116730 1473.2
1116740 1473.2
1116750 1475.1
1116760 1474.9
1116770 1472.7
1116780 1478.1
1116790 1477.4
1116800 1474.2
1116810 1474.2
1116820 1470.6
1116830 1467.3
1116840 1467.3
1116850 1464.9
1116860 1462.0
1116870 1462.0
1116880 1458.1
1116890 1454.5
1116900 1454.5
1116910 1451.9
1116920 1448.4
1116930 1448.4
1116940 1444.2
1116950 1440.2
1116960 1440.2
1116970 1435.6
1116980 1431.0
1116990 1427.7
1117000 1427.7
1117010 1425.4
1117020 1424.2
1117030 1424.2
1117040 1423.1
1117050 1422.1
1117060 1422.1
1117070 1421.6
1117080 1419.1
1117090 1419.1
1117100 1416.1
1117110 1414.6
1117120 1419.6
1117130 1417.9
1117140 1415.9
1117150 1415.9
1117160 1413.6
1117170 1409.5
1117180 1406.4
1117190 1406.4
1117200 1402.5
1117210 1398.6
1117220 1398.6
1117230 1396.0
1117240 1392.6
1117250 1392.6
1117260 1389.9
1117270 1387.1
1117280 1387.1
1117290 1385.1
1117300 1382.0
1117310 1382.0
1117320 1378.2
1117330 1374.4
1117340 1374.4
1117350 1369.9
1117360 1365.5
1117370 1365.5
1117380 1362.9
1117390 1362.3
1117400 1359.6
1117410 1359.6
1117420 1355.3
1117430 1350.7
1117440 1350.7
1117450 1347.2
1117460 1345.0
1117470 1352.9
1117480 1351.4
1117490 1349.8
1117500 1349.8
1117510 1347.5
1117520 1343.7
1117530 1343.7
1117540 1340.0
1117550 1337.0
1117560 1337.0
1117570 1333.9
1117580 1331.3
1117590 1328.5
1117600 1328.5
1117610 1326.4
1117620 1323.2
1117630 1323.2
1117640 1318.7
1117650 1313.7
1117660 1313.7
1117670 1309.3
1117680 1305.7
1117690 1305.7
1117700 1302.8
1117710 1299.0
1117720 1299.0
1117730 1295.0
1117740 1291.4
1117750 1291.4
1117760 1287.1
1117770 1280.7
1117780 1280.7
1117790 1271.6
1117800 1263.4
1117810 1261.7
1117820 1261.7
1117830 1256.5
1117840 1251.8
1117850 1251.8
1117860 1245.8
1117870 1238.1
1117880 1238.1
1117890 1229.9
1117900 1223.1
1117910 1223.1
1117920 1215.8
1117930 1207.3
1117940 1207.3
1117950 1199.2
1117960 1191.9
1117970 1191.9
1117980 1186.4
1117990 1180.8
1118000 1174.6
1118010 1174.6
1118020 1167.8
1118030 1160.1
1118040 1160.1
1118050 1151.8
1118060 1144.0
1118070 1144.0
1118080 1136.9
1118090 1130.8
1118100 1130.8
1118110 1125.8
1118120 1121.6
1118130 1121.6
1118140 1117.7
1118150 1114.9
1118160 1117.9
1118170 1116.6
1118180 1116.6
1118190 1116.6
1118200 1116.7
1118210 1115.3
1118220 1114.3
1118230 1114.3
1118240 1114.2
1118250 1113.9
1118260 1113.9
1118270 1112.9
1118280 1112.3
1118290 1112.3
1118300 1113.0
1118310 1113.1
1118320 1113.1
1118330 1112.8
1118340 1110.3
1118350 1110.3
1118360 1106.3
1118370 1105.3
1118380 1105.3
1118390 1107.8
1118400 1114.0
1118410 1114.0
1118420 1120.6
1118430 1124.0
1118440 1125.6
1118450 1125.6
1118460 1127.2
1118470 1130.6
1118480 1130.6
1118490 1135.5
1118500 1141.3
1118510 1141.3
1118520 1142.4
1118530 1142.6
1118540 1142.6
1118550 1143.8
1118560 1143.9
1118570 1143.9
1118580 1143.0
1118590 1141.9
1118600 1141.9
1118610 1140.4
1118620 1138.3
1118630 1136.0
1118640 1136.0
1118650 1133.6
1118660 1131.7
1118670 1131.7
1118680 1130.5
1118690 1130.1
1118700 1130.1
1118710 1130.1
1118720 1129.6
1118730 1129.6
1118740 1127.9
1118750 1125.1
1118760 1125.1
1118770 1121.9
1118780 1118.2
1118790 1118.2
1118800 1114.6
1118810 1111.4
1118820 1111.4
1118830 1107.7
1118840 1103.8
1118850 1101.3
1118860 1101.3
1118870 1096.2
1118880 1088.0
1118890 1088.0
1118900 1080.8
1118910 1073.5
1118920 1073.5
1118930 1068.9
1118940 1063.7
1118950 1063.7
1118960 1056.9
1118970 1050.9
1118980 1050.9
1118990 1046.3
1119000 1043.4
1119010 1043.4
1119020 1039.4
1119030 1036.3
1119040 1032.5
1119050 1032.5
1119060 1030.4
1119070 1029.0
1119080 1029.0
1119090 1028.5
1119100 1027.6
1119110 1027.6
1119120 1026.1
1119130 1024.4
1119140 1024.4
1119150 1023.5
1119160 1023.2
1119170 1023.2
1119180 1023.6
1119190 1025.9
1119200 1025.9
1119210 1025.9
1119220 1025.5
1119230 1025.5
1119240 1025.2
1119250 1024.9
1119260 1024.0
1119270 1024.0
1119280 1023.2
1119290 1023.1
1119300 1023.1
1119310 1023.4
1119320 1026.3
1119330 1026.3
1119340 1029.6
1119350 1030.0
1119360 1030.0
1119370 1030.0
1119380 1029.9
1119390 1029.9
1119400 1029.9
1119410 1030.2
1119420 1030.2
1119430 1030.5
1119440 1030.7
1119450 1030.8
1119460 1030.8
1119470 1030.6
1119480 1030.6
1119490 1030.6
1119500 1030.8
1119510 1030.7
1119520 1030.7
1119530 1030.8
1119540 1031.5
1119550 1031.5
1119560 1031.3
1119570 1030.2
1119580 1030.2
1119590 1031.2
1119600 1033.1
1119610 1033.1
1119620 1033.6
1119630 1033.8
1119640 1033.8
1119650 1034.0
1119660 1034.2
1119670 1034.2
1119680 1034.2
1119690 1034.4
1119700 1035.5
1119710 1035.5
1119720 1035.6
1119730 1035.3
1119740 1035.3
1119750 1034.9
1119760 1035.2
1119770 1035.2
1119780 1035.6
1119790 1035.8
1119800 1035.8
1119810 1036.4
1119820 1037.1
1119830 1037.1
1119840 1038.3
1119850 1039.1
1119860 1039.6
1119870 1039.6
1119880 1039.5
1119890 1041.0
1119900 1041.0
1119910 1041.7
1119920 1041.6
1119930 1041.6
1119940 1041.5
1119950 1041.5
1119960 1041.5
1119970 1041.7
1119980 1041.8
1119990 1041.8
