1100000 2283.5
1100010 2273.2
1100020 2267.6
1100030 2267.6
1100040 2264.2
1100050 2261.4
1100060 2261.4
1100070 2252.6
1100080 2249.3
1100090 2249.3
1100100 2245.3
1100110 2242.2
1100120 2239.4
1100130 2239.4
1100140 2238.2
1100150 2236.3
1100160 2236.3
1100170 2233.9
1100180 2228.7
1100190 2228.7
1100200 2222.9
1100210 2224.5
1100220 2224.5
1100230 2226.2
1100240 2224.6
1100250 2224.6
1100260 2217.2
1100270 2206.7
1100280 2206.7
1100290 2197.5
1100300 2193.8
1100310 2191.3
1100320 2191.3
1100330 2187.5
1100340 2184.7
1100350 2184.7
1100360 2181.1
1100370 2177.4
1100380 2177.4
1100390 2173.2
1100400 2161.9
1100410 2161.9
1100420 2157.1
1100430 2153.4
1100440 2153.4
1100450 2150.1
1100460 2147.1
1100470 2147.1
1100480 2144.6
1100490 2141.3
1100500 2141.3
1100510 2138.7
1100520 2137.2
1100530 2135.4
1100540 2135.4
1100550 2133.1
1100560 2131.2
1100570 2131.2
1100580 2125.2
1100590 2118.0
1100600 2118.0
1100610 2113.9
1100620 2113.5
1100630 2113.5
1100640 2112.6
1100650 2113.1
1100660 2113.1
1100670 2112.0
1100680 2107.7
1100690 2107.7
1100700 2106.8
1100710 2106.0
1100720 2099.8
1100730 2095.9
1100740 2091.1
1100750 2087.2
1100760 2087.2
1100770 2083.1
1100780 2078.0
1100790 2078.0
1100800 2076.2
1100810 2073.9
1100820 2073.9
1100830 2071.0
1100840 2067.0
1100850 2067.0
1100860 2060.3
1100870 2054.0
1100880 2054.0
1100890 2047.7
1100900 2040.6
1100910 2040.6
1100920 2030.6
1100930 2024.1
1100940 2021.1
1100950 2021.1
1100960 2018.5
1100970 2017.4
1100980 2017.4
1100990 2015.6
1101000 2011.6
1101010 2011.6
1101020 2010.1
1101030 2009.7
1101040 2009.7
1101050 2008.4
1101060 2001.2
1101070 2001.2
1101080 1999.7
1101090 1997.4
1101100 1997.4
1101110 1995.5
1101120 1993.6
1101130 1993.6
1101140 1991.5
1101150 1988.8
1101160 1986.2
1101170 1986.2
1101180 1982.6
1101190 1979.9
1101200 1979.9
1101210 1978.3
1101220 1977.6
1101230 1977.6
1101240 1976.7
1101250 1974.8
1101260 1974.8
1101270 1972.6
1101280 1970.3
1101290 1970.3
1101300 1968.1
1101310 1967.4
1101320 1967.4
1101330 1966.3
1101340 1964.3
1101350 1962.8
1101360 1962.8
1101370 1962.2
1101380 1962.0
1101390 1956.0
1101400 1956.0
1101410 1955.4
1101420 1955.4
1101430 1954.6
1101440 1953.3
1101450 1953.3
1101460 1952.3
1101470 1952.6
1101480 1952.6
1101490 1952.9
1101500 1953.7
1101510 1953.7
1101520 1953.9
1101530 1953.0
1101540 1953.0
1101550 1952.5
1101560 1952.4
1101570 1952.0
1101580 1952.0
1101590 1952.7
1101600 1953.2
1101610 1953.2
1101620 1955.7
1101630 1956.9
1101640 1956.9
1101650 1957.0
1101660 1956.6
1101670 1956.6
1101680 1957.0
1101690 1956.6
1101700 1956.6
1101710 1956.4
1101720 1948.9
1101730 1948.9
1101740 1949.9
1101750 1951.1
1101760 1952.6
1101770 1952.6
1101780 1954.8
1101790 1956.4
1101800 1956.4
1101810 1959.8
1101820 1964.0
1101830 1964.0
1101840 1968.2
1101850 1971.7
1101860 1971.7
1101870 1972.1
1101880 1973.0
1101890 1973.0
1101900 1973.6
1101910 1973.8
1101920 1973.8
1101930 1974.3
1101940 1974.9
1101950 1974.9
1101960 1975.3
1101970 1975.8
1101980 1976.6
1101990 1976.6
1102000 1977.0
1102010 1976.9
1102020 1976.9
1102030 1976.2
1102040 1975.7
1102050 1975.7
1102060 1972.1
1102070 1972.1
1102080 1972.1
1102090 1972.4
1102100 1971.8
1102110 1971.8
1102120 1971.5
1102130 1970.8
1102140 1970.8
1102150 1971.2
1102160 1970.9
1102170 1970.9
1102180 1969.8
1102190 1968.8
1102200 1967.2
1102210 1967.2
1102220 1964.9
1102230 1962.7
1102240 1962.7
1102250 1961.8
1102260 1961.6
1102270 1961.6
1102280 1962.0
1102290 1960.5
1102300 1960.5
1102310 1958.1
1102320 1955.5
1102330 1955.5
1102340 1952.5
1102350 1949.7
1102360 1949.7
1102370 1946.6
1102380 1943.3
1102390 1936.5
1102400 1936.5
1102410 1932.9
1102420 1930.0
1102430 1930.0
1102440 1927.0
1102450 1923.4
1102460 1923.4
1102470 1919.3
1102480 1914.9
1102490 1914.9
1102500 1910.5
1102510 1906.3
1102520 1906.3
1102530 1902.6
1102540 1898.9
1102550 1898.9
1102560 1894.6
1102570 1890.2
1102580 1890.2
1102590 1885.4
1102600 1880.2
1102610 1874.8
1102620 1874.8
1102630 1868.9
1102640 1863.0
1102650 1863.0
1102660 1856.9
1102670 1850.5
1102680 1850.5
1102690 1844.5
1102700 1838.6
1102710 1838.6
1102720 1830.5
1102730 1824.9
1102740 1824.9
1102750 1820.2
1102760 1815.6
1102770 1815.6
1102780 1810.8
1102790 1805.8
1102800 1801.3
1102810 1801.3
1102820 1796.8
1102830 1791.6
1102840 1791.6
1102850 1786.2
1102860 1780.9
1102870 1780.9
1102880 1775.3
1102890 1770.5
1102900 1770.5
1102910 1766.1
1102920 1761.2
1102930 1761.2
1102940 1754.6
1102950 1748.0
1102960 1748.0
1102970 1741.4
1102980 1735.2
1102990 1735.2
1103000 1729.9
1103010 1725.1
1103020 1719.4
1103030 1719.4
1103040 1713.0
1103050 1708.8
1103060 1708.8
1103070 1701.8
1103080 1694.9
1103090 1694.9
1103100 1687.1
1103110 1681.6
1103120 1681.6
1103130 1678.2
1103140 1674.9
1103150 1674.9
1103160 1671.0
1103170 1665.7
1103180 1665.7
1103190 1661.0
1103200 1656.1
1103210 1647.8
1103220 1647.8
1103230 1640.1
1103240 1631.6
1103250 1631.6
1103260 1621.0
1103270 1614.2
1103280 1614.2
1103290 1608.5
1103300 1602.9
1103310 1602.9
1103320 1597.4
1103330 1592.9
1103340 1592.9
1103350 1591.5
1103360 1585.8
1103370 1585.8
1103380 1574.4
1103390 1571.3
1103400 1571.3
1103410 1568.3
1103420 1563.6
1103430 1557.9
1103440 1557.9
1103450 1552.7
1103460 1549.0
1103470 1549.0
1103480 1545.2
1103490 1540.4
1103500 1540.4
1103510 1532.6
1103520 1526.5
1103530 1526.5
1103540 1520.9
1103550 1515.0
1103560 1515.0
1103570 1508.5
1103580 1502.5
1103590 1502.5
1103600 1496.4
1103610 1490.3
1103620 1490.3
1103630 1484.4
1103640 1480.1
1103650 1475.6
1103660 1475.6
1103670 1471.7
1103680 1469.6
1103690 1469.6
1103700 1465.7
1103710 1462.1
1103720 1463.0
1103730 1459.6
1103740 1456.5
1103750 1456.5
1103760 1453.8
1103770 1451.0
1103780 1451.0
1103790 1448.0
1103800 1445.3
1103810 1445.3
1103820 1442.9
1103830 1440.5
1103840 1438.0
1103850 1438.0
1103860 1436.4
1103870 1434.7
1103880 1434.7
1103890 1432.9
1103900 1431.1
1103910 1431.1
1103920 1429.4
1103930 1427.4
1103940 1427.4
1103950 1426.0
1103960 1424.3
1103970 1424.3
1103980 1421.7
1103990 1419.7
1104000 1419.7
1104010 1419.8
1104020 1419.6
1104030 1419.6
1104040 1416.7
1104050 1414.4
1104060 1410.2
1104070 1410.2
1104080 1408.9
1104090 1409.0
1104100 1409.0
1104110 1409.3
1104120 1409.5
1104130 1409.5
1104140 1407.0
1104150 1408.2
1104160 1408.2
1104170 1409.3
1104180 1409.3
1104190 1409.3
1104200 1409.2
1104210 1409.1
1104220 1409.1
1104230 1409.0
1104240 1408.8
1104250 1408.6
1104260 1408.6
1104270 1408.5
1104280 1409.1
1104290 1409.1
1104300 1409.8
1104310 1410.2
1104320 1410.2
1104330 1411.1
1104340 1411.5
1104350 1411.5
1104360 1413.7
1104370 1417.1
1104380 1417.4
1104390 1421.1
1104400 1425.5
1104410 1425.5
1104420 1430.3
1104430 1435.0
1104440 1435.0
1104450 1440.3
1104460 1445.5
1104470 1451.2
1104480 1451.2
1104490 1456.9
1104500 1462.8
1104510 1462.8
1104520 1468.7
1104530 1474.6
1104540 1474.6
1104550 1480.4
1104560 1486.4
1104570 1486.4
1104580 1492.5
1104590 1500.0
1104600 1500.0
1104610 1513.7
1104620 1518.3
1104630 1518.3
1104640 1523.2
1104650 1528.8
1104660 1528.8
1104670 1534.2
1104680 1539.8
1104690 1545.4
1104700 1545.4
1104710 1554.4
1104720 1560.0
1104730 1560.0
1104740 1565.6
1104750 1570.5
1104760 1570.5
1104770 1575.2
1104780 1579.5
1104790 1579.5
1104800 1581.5
1104810 1582.9
1104820 1582.9
1104830 1583.9
1104840 1588.1
1104850 1588.1
1104860 1593.2
1104870 1600.8
1104880 1609.3
1104890 1609.3
1104900 1617.7
1104910 1625.8
1104920 1625.8
1104930 1632.6
1104940 1640.3
1104950 1640.3
1104960 1650.1
1104970 1656.4
1104980 1656.4
1104990 1662.4
1105000 1668.7
1105010 1668.7
1105020 1676.0
1105030 1684.8
1105040 1684.8
1105050 1699.9
1105060 1707.1
1105070 1707.1
1105080 1716.6
1105090 1723.7
1105100 1734.8
1105110 1734.8
1105120 1746.3
1105130 1756.0
1105140 1756.0
1105150 1757.6
1105160 1761.6
1105170 1761.6
1105180 1768.8
1105190 1774.7
1105200 1774.7
1105210 1782.1
1105220 1792.1
1105230 1792.1
1105240 1798.2
1105250 1811.2
1105260 1811.2
1105270 1824.2
1105280 1830.9
1105290 1830.1
1105300 1830.1
1105310 1826.3
1105320 1843.2
1105330 1843.2
1105340 1852.3
1105350 1850.1
1105360 1850.1
1105370 1843.7
1105380 1854.4
1105390 1854.4
1105400 1856.5
1105410 1858.1
1105420 1858.1
1105430 1862.7
1105440 1874.6
1105450 1874.6
1105460 1884.4
1105470 1890.9
1105480 1890.9
1105490 1897.7
1105500 1904.9
1105510 1913.8
1105520 1913.8
1105530 1922.1
1105540 1930.4
1105550 1930.4
1105560 1943.8
1105570 1960.2
1105580 1960.2
1105590 1971.8
1105600 1974.5
1105610 1974.5
1105620 1977.0
1105630 1983.2
1105640 1983.2
1105650 1991.3
1105660 1988.7
1105670 1988.7
1105680 1971.6
1105690 1958.8
1105700 1951.3
1105710 1951.3
1105720 1961.6
1105730 1983.1
1105740 1983.1
1105750 2010.7
1105760 2026.5
1105770 2026.5
1105780 2041.6
1105790 2052.1
1105800 2052.1
1105810 2081.2
1105820 2097.2
1105830 2097.2
1105840 2105.1
1105850 2111.6
1105860 2111.6
1105870 2110.6
1105880 2103.6
1105890 2103.6
1105900 2091.3
1105910 2085.9
1105920 2106.8
1105930 2106.8
1105940 2130.9
1105950 2155.2
1105960 2155.2
1105970 2167.9
1105980 2163.4
1105990 2163.4
1106000 2146.3
1106010 2158.4
1106020 2158.4
1106030 2155.2
1106040 2142.7
1106050 2136.1
1106060 2129.3
1106070 2119.8
1106080 2119.8
1106090 2108.2
1106100 2099.4
1106110 2099.4
1106120 2090.8
1106130 2083.1
1106140 2075.0
1106150 2075.0
1106160 2068.0
1106170 2060.6
1106180 2060.6
1106190 2053.3
1106200 2046.8
1106210 2046.8
1106220 2040.6
1106230 2034.8
1106240 2034.8
1106250 2031.2
1106260 2027.7
1106270 2027.7
1106280 2023.6
1106290 2019.4
1106300 2019.4
1106310 2016.5
1106320 2015.3
1106330 2014.4
1106340 2014.4
1106350 2013.1
1106360 2012.1
1106370 2012.1
1106380 2012.3
1106390 2010.6
1106400 2010.6
1106410 2008.2
1106420 2005.5
1106430 2005.5
1106440 2004.1
1106450 2003.1
1106460 2003.1
1106470 2002.4
1106480 2000.7
1106490 2000.7
1106500 1999.6
1106510 1998.9
1106520 1998.9
1106530 1997.7
1106540 1997.5
1106550 1997.7
1106560 1997.7
1106570 1997.9
1106580 1999.4
1106590 1999.4
1106600 2000.6
1106610 2001.8
1106620 2001.8
1106630 2003.6
1106640 2006.4
1106650 2006.4
1106660 2009.5
1106670 2013.2
1106680 2013.2
1106690 2017.5
1106700 2022.0
1106710 2022.0
1106720 2029.1
1106730 2033.8
1106740 2040.1
1106750 2040.1
1106760 2044.9
1106770 2049.1
1106780 2049.1
1106790 2053.2
1106800 2058.5
1106810 2058.5
1106820 2065.5
1106830 2072.7
1106840 2072.7
1106850 2086.0
1106860 2112.3
1106870 2112.3
1106880 2123.9
1106890 2131.2
1106900 2131.2
1106910 2139.2
1106920 2153.5
1106930 2153.5
1106940 2171.8
1106950 2175.4
1106960 2179.7
1106970 2179.7
1106980 2197.6
1106990 2203.4
1107000 2203.4
1107010 2203.4
1107020 2193.9
1107030 2193.9
1107040 2172.3
1107050 2170.8
1107060 2170.8
1107070 2164.1
1107080 2158.7
1107090 2158.7
1107100 2154.5
1107110 2150.9
1107120 2150.9
1107130 2148.4
1107140 2146.6
1107150 2146.6
1107160 2143.6
1107170 2137.7
1107180 2130.6
1107190 2130.6
1107200 2120.3
1107210 2115.1
1107220 2115.1
1107230 2108.4
1107240 2099.5
1107250 2099.5
1107260 2090.5
1107270 2081.9
1107280 2081.9
1107290 2073.0
1107300 2064.9
1107310 2064.9
1107320 2055.9
1107330 2046.7
1107340 2046.7
1107350 2039.3
1107360 2032.1
1107370 2025.0
1107380 2025.0
1107390 2024.7
1107400 2019.2
1107410 2019.2
1107420 2012.3
1107430 2005.8
1107440 2005.8
1107450 1998.0
1107460 1989.4
1107470 1989.4
1107480 1981.2
1107490 1974.8
1107500 1974.8
1107510 1969.3
1107520 1965.0
1107530 1965.0
1107540 1958.4
1107550 1949.4
1107560 1949.4
1107570 1942.3
1107580 1936.7
1107590 1931.4
1107600 1931.4
1107610 1925.2
1107620 1919.1
1107630 1919.1
1107640 1915.1
1107650 1911.6
1107660 1911.6
1107670 1908.3
1107680 1906.0
1107690 1906.0
1107700 1902.7
1107710 1898.8
1107720 1898.8
1107730 1895.3
1107740 1889.0
1107750 1889.0
1107760 1883.7
1107770 1878.0
1107780 1872.4
1107790 1872.4
1107800 1866.0
1107810 1859.6
1107820 1859.6
1107830 1855.5
1107840 1855.1
1107850 1855.1
1107860 1855.0
1107870 1855.7
1107880 1855.7
1107890 1857.3
1107900 1858.6
1107910 1858.6
1107920 1859.4
1107930 1860.2
1107940 1860.2
1107950 1860.6
1107960 1861.2
1107970 1861.2
1107980 1863.1
1107990 1864.6
1108000 1864.7
1108010 1864.7
1108020 1865.5
1108030 1866.0
1108040 1866.0
1108050 1866.8
1108060 1870.4
1108070 1870.4
1108080 1871.2
1108090 1873.0
1108100 1873.0
1108110 1873.7
1108120 1873.8
1108130 1873.8
1108140 1875.0
1108150 1877.3
1108160 1877.3
1108170 1881.2
1108180 1885.4
1108190 1891.7
1108200 1891.7
1108210 1899.0
1108220 1906.0
1108230 1906.0
1108240 1912.7
1108250 1920.3
1108260 1920.3
1108270 1928.1
1108280 1935.7
1108290 1935.7
1108300 1942.8
1108310 1949.6
1108320 1949.6
1108330 1956.3
1108340 1963.3
1108350 1963.3
1108360 1970.3
1108370 1977.4
1108380 1977.4
1108390 1984.4
1108400 1988.8
1108410 2005.2
1108420 2005.2
1108430 2020.4
1108440 2028.3
1108450 2028.3
1108460 2035.3
1108470 2041.5
1108480 2041.5
1108490 2047.8
1108500 2052.5
1108510 2052.5
1108520 2056.6
1108530 2060.8
1108540 2060.8
1108550 2065.9
1108560 2071.3
1108570 2071.3
1108580 2076.8
1108590 2082.5
1108600 2082.5
1108610 2088.3
1108620 2093.0
1108630 2097.0
1108640 2097.0
1108650 2100.7
1108660 2104.1
1108670 2104.1
1108680 2107.2
1108690 2110.2
1108700 2110.2
1108710 2113.5
1108720 2117.1
1108730 2117.1
1108740 2120.4
1108750 2123.1
1108760 2123.1
1108770 2127.7
1108780 2132.0
1108790 2132.0
1108800 2135.9
1108810 2139.8
1108820 2143.4
1108830 2143.4
1108840 2147.0
1108850 2151.2
1108860 2151.2
1108870 2155.8
1108880 2160.7
1108890 2160.7
1108900 2165.9
1108910 2171.0
1108920 2171.0
1108930 2175.7
1108940 2180.1
1108950 2180.1
1108960 2183.9
1108970 2185.5
1108980 2185.5
1108990 2187.6
1109000 2195.1
1109010 2195.1
1109020 2205.6
1109030 2215.2
1109040 2221.7
1109050 2221.7
1109060 2224.5
1109070 2227.4
1109080 2227.4
1109090 2239.6
1109100 2241.7
1109110 2241.7
1109120 2243.6
1109130 2253.1
1109140 2253.1
1109150 2259.8
1109160 2263.5
1109170 2263.5
1109180 2266.7
1109190 2275.2
1109200 2275.2
1109210 2288.6
1109220 2300.6
1109230 2308.6
1109240 2308.6
1109250 2316.0
1109260 2322.8
1109270 2322.8
1109280 2335.7
1109290 2349.2
1109300 2349.2
1109310 2360.6
1109320 2366.4
1109330 2366.4
1109340 2366.8
1109350 2360.7
1109360 2360.7
1109370 2346.3
1109380 2331.5
1109390 2331.5
1109400 2321.7
1109410 2318.6
1109420 2318.6
1109430 2313.3
1109440 2308.5
1109450 2298.6
1109460 2298.6
1109470 2278.4
1109480 2272.8
1109490 2272.8
1109500 2269.9
1109510 2259.3
1109520 2259.3
1109530 2253.6
1109540 2248.4
1109550 2248.4
1109560 2244.8
1109570 2241.0
1109580 2241.0
1109590 2236.8
1109600 2232.4
1109610 2232.4
1109620 2230.7
1109630 2229.6
1109640 2229.6
1109650 2226.1
1109660 2222.7
1109670 2222.1
1109680 2222.1
1109690 2221.6
1109700 2222.6
1109710 2222.6
1109720 2223.6
1109730 2221.9
1109740 2221.9
1109750 2215.5
1109760 2209.5
1109770 2209.5
1109780 2205.0
1109790 2202.0
1109800 2202.0
1109810 2201.3
1109820 2196.6
1109830 2196.6
1109840 2191.0
1109850 2183.7
1109860 2177.2
1109870 2177.2
1109880 2170.0
1109890 2164.0
1109900 2164.0
1109910 2158.8
1109920 2154.9
1109930 2154.9
1109940 2152.2
1109950 2150.6
1109960 2150.6
1109970 2150.8
1109980 2150.5
1109990 2150.5
1110000 2150.5
1110010 2149.4
1110020 2149.4
1110030 2149.1
1110040 2149.3
1110050 2149.3
1110060 2148.7
1110070 2147.8
1110080 2148.0
1110090 2148.0
1110100 2146.7
1110110 2145.0
1110120 2145.0
1110130 2141.5
1110140 2138.1
1110150 2138.1
1110160 2135.4
1110170 2132.2
1110180 2132.2
1110190 2127.9
1110200 2122.9
1110210 2122.9
1110220 2117.9
1110230 2111.5
1110240 2111.5
1110250 2105.1
1110260 2099.7
1110270 2095.5
1110280 2095.5
1110290 2093.0
1110300 2092.0
1110310 2092.0
1110320 2092.1
1110330 2092.9
1110340 2092.9
1110350 2092.3
1110360 2089.4
1110370 2089.4
1110380 2088.0
1110390 2089.2
1110400 2089.2
1110410 2089.2
1110420 2088.4
1110430 2088.4
1110440 2086.4
1110450 2084.2
1110460 2084.2
1110470 2082.8
1110480 2081.3
1110490 2079.6
1110500 2079.6
1110510 2078.4
1110520 2076.0
1110530 2076.0
1110540 2073.6
1110550 2071.4
1110560 2071.4
1110570 2068.6
1110580 2065.8
1110590 2065.8
1110600 2062.8
1110610 2058.3
1110620 2058.3
1110630 2053.6
1110640 2050.6
1110650 2050.6
1110660 2047.5
1110670 2044.2
1110680 2041.3
1110690 2041.3
1110700 2038.5
1110710 2036.1
1110720 2036.1
1110730 2034.1
1110740 2031.6
1110750 2031.6
1110760 2029.3
1110770 2027.2
1110780 2027.2
1110790 2027.1
1110800 2026.5
1110810 2026.5
1110820 2024.6
1110830 2019.7
1110840 2019.7
1110850 2012.6
1110860 2005.7
1110870 2005.7
1110880 1999.2
1110890 1992.8
1110900 1987.1
1110910 1987.1
1110920 1979.9
1110930 1972.9
1110940 1972.9
1110950 1966.3
1110960 1960.8
1110970 1960.8
1110980 1956.0
1110990 1951.9
1111000 1951.9
1111010 1950.2
1111020 1947.4
1111030 1947.4
1111040 1944.3
1111050 1940.3
1111060 1940.3
1111070 1934.5
1111080 1929.2
1111090 1929.2
1111100 1921.3
1111110 1915.8
1111120 1910.8
1111130 1910.8
1111140 1907.1
1111150 1903.7
1111160 1903.7
1111170 1899.3
1111180 1894.7
1111190 1894.7
1111200 1889.7
1111210 1882.8
1111220 1882.8
1111230 1875.9
1111240 1869.2
1111250 1869.2
1111260 1861.8
1111270 1854.4
1111280 1854.4
1111290 1848.3
1111300 1841.4
1111310 1834.3
1111320 1834.3
1111330 1827.9
1111340 1821.4
1111350 1821.4
1111360 1816.8
1111370 1816.4
1111380 1816.4
1111390 1820.5
1111400 1820.9
1111410 1820.9
1111420 1817.7
1111430 1816.7
1111440 1818.4
1111450 1819.6
1111460 1820.6
1111470 1820.6
1111480 1821.8
1111490 1823.0
1111500 1823.0
1111510 1824.9
1111520 1826.9
1111530 1829.4
1111540 1829.4
1111550 1833.3
1111560 1838.4
1111570 1838.4
1111580 1843.8
1111590 1849.4
1111600 1849.4
1111610 1855.4
1111620 1861.4
1111630 1861.4
1111640 1866.9
1111650 1872.6
1111660 1872.6
1111670 1878.5
1111680 1884.9
1111690 1884.9
1111700 1891.3
1111710 1898.1
1111720 1905.3
1111730 1905.3
1111740 1912.1
1111750 1919.4
1111760 1919.4
1111770 1926.2
1111780 1935.3
1111790 1935.3
1111800 1942.8
1111810 1950.0
1111820 1950.0
1111830 1957.7
1111840 1964.9
1111850 1964.9
1111860 1971.3
1111870 1977.8
1111880 1977.8
1111890 1983.4
1111900 1990.0
1111910 1990.0
1111920 2001.1
1111930 2015.0
1111940 2026.4
1111950 2026.4
1111960 2035.1
1111970 2052.9
1111980 2052.9
1111990 2060.2
1112000 2058.1
1112010 2058.1
1112020 2061.1
1112030 2085.3
1112040 2085.3
1112050 2105.1
1112060 2120.2
1112070 2120.2
1112080 2122.6
1112090 2130.8
1112100 2130.8
1112110 2152.5
1112120 2170.5
1112130 2196.0
1112140 2196.0
1112150 2204.8
1112160 2206.8
1112170 2206.8
1112180 2208.2
1112190 2209.6
1112200 2209.6
1112210 2209.6
1112220 2208.2
1112230 2208.2
1112240 2205.7
1112250 2203.5
1112260 2203.5
1112270 2198.2
1112280 2194.0
1112290 2194.0
1112300 2192.4
1112310 2191.0
1112320 2191.0
1112330 2189.6
1112340 2187.5
1112350 2187.0
1112360 2187.0
1112370 2185.8
1112380 2182.2
1112390 2182.2
1112400 2179.9
1112410 2177.9
1112420 2177.9
1112430 2176.0
1112440 2174.7
1112450 2174.7
1112460 2183.9
1112470 2187.1
1112480 2187.1
1112490 2187.9
1112500 2188.0
1112510 2188.0
1112520 2189.0
1112530 2190.1
1112540 2190.1
1112550 2192.4
1112560 2195.3
1112570 2196.9
1112580 2196.9
1112590 2198.8
1112600 2201.4
1112610 2201.4
1112620 2202.3
1112630 2206.3
1112640 2206.3
1112650 2213.4
1112660 2221.6
1112670 2221.6
1112680 2229.4
1112690 2238.3
1112700 2238.3
1112710 2251.6
1112720 2259.5
1112730 2259.5
1112740 2263.4
1112750 2264.8
1112760 2263.2
1112770 2263.2
1112780 2260.8
1112790 2258.6
1112800 2258.7
1112810 2258.1
1112820 2256.2
1112830 2256.2
1112840 2254.7
1112850 2253.5
1112860 2253.5
1112870 2254.2
1112880 2253.5
1112890 2253.5
1112900 2251.4
1112910 2249.2
1112920 2249.2
1112930 2242.6
1112940 2238.1
1112950 2238.1
1112960 2234.0
1112970 2227.6
1112980 2223.6
1112990 2223.6
1113000 2223.4
1113010 2224.8
1113020 2224.8
1113030 2221.6
1113040 2215.8
1113050 2215.8
1113060 2211.2
1113070 2209.2
1113080 2209.2
1113090 2208.9
1113100 2208.6
1113110 2208.6
1113120 2208.4
1113130 2209.1
1113140 2216.4
1113150 2217.7
1113160 2218.7
1113170 2215.8
1113180 2215.8
1113190 2214.2
1113200 2210.5
1113210 2210.5
1113220 2204.4
1113230 2200.7
1113240 2200.7
1113250 2196.2
1113260 2188.6
1113270 2188.6
1113280 2177.9
1113290 2168.6
1113300 2168.6
1113310 2158.5
1113320 2150.3
1113330 2150.3
1113340 2144.3
1113350 2138.8
1113360 2138.8
1113370 2133.0
1113380 2126.7
1113390 2120.5
1113400 2120.5
1113410 2113.4
1113420 2103.7
1113430 2103.7
1113440 2097.5
1113450 2092.2
1113460 2092.2
1113470 2084.8
1113480 2081.4
1113490 2081.4
1113500 2074.5
1113510 2068.7
1113520 2068.7
1113530 2064.2
1113540 2058.0
1113550 2058.0
1113560 2051.1
1113570 2044.2
1113580 2030.2
1113590 2030.2
1113600 2020.2
1113610 2013.0
1113620 2013.0
1113630 2006.1
1113640 1999.8
1113650 1999.8
1113660 1993.5
1113670 1987.3
1113680 1987.3
1113690 1982.0
1113700 1977.4
1113710 1977.4
1113720 1970.8
1113730 1961.6
1113740 1961.6
1113750 1953.4
1113760 1946.9
1113770 1946.9
1113780 1940.3
1113790 1933.6
1113800 1926.9
1113810 1926.9
1113820 1917.3
1113830 1908.3
1113840 1908.3
1113850 1900.6
1113860 1892.6
1113870 1892.6
1113880 1884.7
1113890 1878.0
1113900 1878.0
1113910 1872.4
1113920 1867.4
1113930 1867.4
1113940 1861.7
1113950 1854.6
1113960 1854.6
1113970 1846.2
1113980 1838.4
1113990 1838.4
1114000 1832.7
1114010 1825.9
1114020 1817.8
1114030 1817.8
1114040 1809.6
1114050 1802.6
1114060 1802.6
1114070 1794.8
1114080 1786.1
1114090 1786.1
1114100 1777.4
1114110 1769.4
1114120 1769.4
1114130 1761.0
1114140 1752.3
1114150 1752.3
1114160 1738.9
1114170 1730.4
1114180 1730.4
1114190 1719.6
1114200 1705.8
1114210 1696.8
1114220 1696.8
1114230 1692.1
1114240 1688.3
1114250 1688.3
1114260 1684.3
1114270 1680.1
1114280 1680.1
1114290 1674.7
1114300 1667.5
1114310 1667.5
1114320 1658.3
1114330 1649.8
1114340 1649.8
1114350 1641.2
1114360 1633.3
1114370 1633.3
1114380 1628.8
1114390 1620.0
1114400 1620.0
1114410 1610.6
1114420 1601.9
1114430 1593.5
1114440 1593.5
1114450 1586.1
1114460 1580.2
1114470 1580.2
1114480 1575.0
1114490 1567.6
1114500 1567.6
1114510 1558.6
1114520 1550.8
1114530 1550.8
1114540 1545.9
1114550 1542.4
1114560 1542.4
1114570 1538.8
1114580 1534.4
1114590 1534.4
1114600 1535.1
1114610 1536.7
1114620 1536.9
1114630 1536.9
1114640 1534.7
1114650 1529.8
1114660 1529.8
1114670 1523.7
1114680 1516.7
1114690 1516.7
1114700 1507.4
1114710 1502.9
1114720 1502.9
1114730 1496.8
1114740 1491.5
1114750 1491.5
1114760 1486.1
1114770 1479.9
1114780 1479.9
1114790 1475.7
1114800 1470.7
1114810 1470.7
1114820 1465.0
1114830 1459.3
1114840 1455.5
1114850 1453.8
1114860 1448.8
1114870 1445.5
1114880 1445.5
1114890 1444.4
1114900 1442.9
1114910 1442.9
1114920 1441.2
1114930 1438.9
1114940 1438.9
1114950 1436.2
1114960 1433.2
1114970 1433.2
1114980 1430.2
1114990 1425.8
1115000 1425.8
1115010 1422.8
1115020 1419.8
1115030 1421.4
1115040 1421.4
1115050 1424.7
1115060 1430.9
1115070 1430.9
1115080 1433.0
1115090 1433.8
1115100 1433.8
1115110 1435.9
1115120 1436.7
1115130 1436.7
1115140 1436.5
1115150 1437.6
1115160 1437.6
1115170 1439.4
1115180 1440.2
1115190 1442.2
1115200 1442.8
1115210 1443.7
1115220 1443.7
1115230 1444.2
1115240 1444.9
1115250 1446.1
1115260 1446.1
1115270 1446.3
1115280 1446.1
1115290 1446.1
1115300 1446.0
1115310 1447.2
1115320 1447.2
1115330 1447.9
1115340 1448.1
1115350 1448.1
1115360 1448.0
1115370 1447.5
1115380 1447.5
1115390 1446.6
1115400 1446.4
1115410 1446.4
1115420 1446.8
1115430 1447.6
1115440 1447.6
1115450 1447.6
1115460 1446.0
1115470 1445.5
1115480 1445.5
1115490 1446.0
1115500 1446.9
1115510 1446.9
1115520 1447.8
1115530 1452.2
1115540 1452.2
1115550 1452.9
1115560 1452.9
1115570 1452.9
1115580 1451.9
1115590 1451.6
1115600 1451.6
1115610 1450.7
1115620 1449.7
1115630 1449.7
1115640 1448.0
1115650 1446.9
1115660 1446.2
1115670 1446.2
1115680 1445.9
1115690 1444.9
1115700 1444.9
1115710 1443.9
1115720 1443.6
1115730 1443.6
1115740 1444.0
1115750 1445.2
1115760 1445.2
1115770 1447.0
1115780 1449.1
1115790 1449.1
1115800 1448.6
1115810 1449.4
1115820 1449.4
1115830 1449.6
1115840 1449.5
1115850 1449.5
1115860 1449.5
1115870 1448.8
1115880 1454.8
1115890 1454.8
1115900 1453.2
1115910 1452.2
1115920 1452.2
1115930 1451.2
1115940 1452.5
1115950 1452.5
1115960 1454.9
1115970 1457.6
1115980 1457.6
1115990 1459.4
1116000 1461.0
1116010 1461.0
1116020 1462.8
1116030 1463.7
1116040 1463.7
1116050 1461.7
1116060 1457.3
1116070 1449.1
1116080 1449.1
1116090 1440.4
1116100 1432.8
1116110 1432.8
1116120 1425.8
1116130 1418.9
1116140 1418.9
1116150 1412.3
1116160 1405.4
1116170 1405.4
1116180 1398.2
1116190 1391.1
1116200 1391.1
1116210 1381.5
1116220 1371.4
1116230 1371.4
1116240 1365.5
1116250 1362.0
1116260 1362.0
1116270 1364.9
1116280 1365.4
1116290 1363.5
1116300 1363.5
1116310 1360.5
1116320 1361.9
1116330 1361.9
1116340 1364.0
1116350 1362.9
1116360 1362.9
1116370 1359.2
1116380 1356.6
1116390 1356.6
1116400 1352.5
1116410 1347.9
1116420 1347.9
1116430 1345.1
1116440 1340.5
1116450 1340.5
1116460 1335.9
1116470 1336.3
1116480 1340.7
1116490 1340.7
1116500 1344.3
1116510 1347.6
1116520 1347.6
1116530 1350.4
1116540 1353.5
1116550 1353.5
1116560 1364.9
1116570 1370.7
1116580 1370.7
1116590 1375.4
1116600 1379.1
1116610 1379.1
1116620 1385.9
1116630 1392.6
1116640 1392.6
1116650 1392.4
1116660 1389.7
1116670 1389.7
1116680 1386.6
1116690 1383.4
1116700 1379.7
1116710 1379.7
1116720 1376.5
1116730 1373.3
1116740 1373.3
1116750 1370.0
1116760 1366.7
1116770 1366.7
1116780 1363.8
1116790 1361.4
1116800 1361.4
1116810 1359.2
1116820 1356.5
1116830 1356.5
1116840 1353.8
1116850 1351.4
1116860 1351.4
1116870 1349.5
1116880 1347.6
1116890 1347.6
1116900 1346.3
1116910 1348.6
1116920 1347.8
1116930 1347.8
1116940 1347.6
1116950 1347.6
1116960 1347.6
1116970 1344.6
1116980 1340.1
1116990 1340.1
1117000 1337.7
1117010 1335.9
1117020 1335.9
1117030 1333.6
1117040 1331.8
1117050 1331.8
1117060 1329.6
1117070 1325.5
1117080 1325.5
1117090 1320.9
1117100 1317.8
1117110 1314.8
1117120 1314.8
1117130 1312.3
1117140 1310.0
1117150 1310.0
1117160 1308.8
1117170 1307.4
1117180 1307.4
1117190 1305.8
1117200 1304.1
1117210 1304.1
1117220 1301.9
1117230 1299.5
1117240 1299.5
1117250 1303.6
1117260 1300.0
1117270 1300.0
1117280 1295.5
1117290 1290.5
1117300 1290.5
1117310 1285.1
1117320 1279.9
1117330 1274.7
1117340 1274.7
1117350 1268.9
1117360 1262.8
1117370 1262.8
1117380 1256.5
1117390 1250.5
1117400 1250.5
1117410 1244.5
1117420 1239.3
1117430 1239.3
1117440 1235.7
1117450 1233.1
1117460 1233.1
1117470 1232.7
1117480 1234.3
1117490 1234.3
1117500 1235.0
1117510 1235.1
1117520 1234.8
1117530 1234.8
1117540 1233.6
1117550 1231.2
1117560 1231.2
1117570 1228.7
1117580 1226.3
1117590 1226.3
1117600 1229.8
1117610 1225.9
1117620 1225.9
1117630 1221.4
1117640 1215.2
1117650 1215.2
1117660 1207.8
1117670 1203.1
1117680 1203.1
1117690 1199.8
1117700 1195.5
1117710 1195.5
1117720 1191.4
1117730 1186.4
1117740 1181.6
1117750 1181.6
1117760 1177.5
1117770 1174.3
1117780 1174.3
1117790 1170.4
1117800 1166.0
1117810 1166.0
1117820 1159.7
1117830 1154.2
1117840 1154.2
1117850 1148.3
1117860 1143.6
1117870 1143.6
1117880 1137.9
1117890 1132.2
1117900 1132.2
1117910 1126.2
1117920 1119.9
1117930 1113.6
1117940 1120.1
1117950 1114.9
1117960 1109.5
1117970 1109.5
1117980 1104.1
1117990 1099.4
1118000 1099.4
1118010 1093.4
1118020 1089.8
1118030 1089.8
1118040 1089.4
1118050 1090.5
1118060 1090.5
1118070 1089.9
1118080 1087.8
1118090 1087.8
1118100 1084.0
1118110 1079.8
1118120 1079.8
1118130 1076.8
1118140 1073.2
1118150 1071.5
1118160 1071.5
1118170 1070.0
1118180 1069.4
1118190 1069.4
1118200 1069.4
1118210 1069.3
1118220 1069.3
1118230 1069.0
1118240 1069.0
1118250 1069.0
1118260 1069.2
1118270 1069.8
1118280 1069.8
1118290 1073.3
1118300 1074.3
1118310 1074.3
1118320 1074.2
1118330 1072.6
1118340 1072.6
1118350 1070.5
1118360 1068.5
1118370 1068.2
1118380 1068.2
1118390 1066.1
1118400 1061.5
1118410 1061.5
1118420 1062.8
1118430 1066.4
1118440 1066.4
1118450 1074.3
1118460 1080.8
1118470 1080.8
1118480 1081.5
1118490 1081.8
1118500 1081.8
1118510 1082.7
1118520 1082.0
1118530 1082.0
1118540 1078.6
1118550 1077.2
1118560 1077.2
1118570 1077.2
1118580 1077.9
1118590 1078.2
1118600 1078.2
1118610 1078.5
1118620 1073.4
1118630 1077.1
1118640 1068.5
1118650 1059.9
1118660 1059.9
1118670 1051.9
1118680 1044.8
1118690 1044.8
1118700 1039.0
1118710 1033.0
1118720 1033.0
1118730 1026.9
1118740 1022.3
1118750 1022.3
1118760 1019.0
1118770 1018.4
1118780 1018.4
1118790 1018.4
1118800 1018.0
1118810 1017.7
1118820 1017.7
1118830 1017.8
1118840 1017.6
1118850 1017.6
1118860 1017.0
1118870 1016.1
1118880 1016.1
1118890 1017.3
1118900 1018.6
1118910 1018.6
1118920 1018.6
1118930 1018.4
1118940 1018.4
1118950 1018.4
1118960 1018.6
1118970 1018.9
1118980 1018.8
1118990 1019.1
1119000 1018.7
1119010 1018.7
1119020 1018.8
1119030 1019.3
1119040 1019.3
1119050 1019.7
1119060 1019.9
1119070 1019.9
1119080 1020.2
1119090 1020.5
1119100 1020.5
1119110 1020.8
1119120 1021.8
1119130 1021.8
1119140 1023.9
1119150 1027.1
1119160 1027.1
1119170 1030.9
1119180 1034.5
1119190 1035.8
1119200 1035.8
1119210 1036.3
1119220 1036.4
1119230 1036.4
1119240 1036.2
1119250 1034.9
1119260 1034.9
1119270 1033.6
1119280 1032.5
1119290 1032.5
1119300 1031.8
1119310 1030.9
1119320 1030.9
1119330 1026.4
1119340 1026.6
1119350 1026.6
1119360 1026.7
1119370 1026.7
1119380 1027.2
1119390 1027.2
1119400 1027.5
1119410 1028.2
1119420 1028.2
1119430 1028.6
1119440 1028.8
1119450 1028.8
1119460 1029.3
1119470 1029.9
1119480 1029.9
1119490 1030.6
1119500 1031.4
1119510 1031.4
1119520 1031.9
1119530 1032.4
1119540 1032.4
1119550 1031.2
1119560 1031.6
1119570 1031.6
1119580 1032.7
1119590 1035.1
1119600 1038.3
1119610 1038.3
1119620 1040.5
1119630 1039.2
1119640 1039.2
1119650 1040.2
1119660 1040.9
1119670 1037.3
1119680 1037.1
1119690 1038.0
1119700 1038.0
1119710 1039.1
1119720 1040.3
1119730 1040.3
1119740 1042.7
1119750 1045.6
1119760 1045.6
1119770 1048.1
1119780 1050.8
1119790 1052.6
1119800 1052.6
1119810 1053.9
1119820 1055.0
1119830 1055.0
1119840 1055.5
1119850 1055.7
1119860 1055.7
1119870 1055.2
1119880 1054.7
1119890 1054.7
1119900 1055.2
1119910 1057.4
1119920 1057.4
1119930 1059.9
1119940 1062.4
1119950 1062.4
1119960 1065.1
1119970 1068.3
1119980 1068.3
1119990 1071.2
