1100000 2443.7
1100010 2443.6
1100020 2443.0
1100030 2442.3
1100040 2442.3
1100050 2441.7
1100060 2441.1
1100070 2441.1
1100080 2440.2
1100090 2439.6
1100100 2439.6
1100110 2434.9
1100120 2425.2
1100130 2425.2
1100140 2415.4
1100150 2407.2
1100160 2407.2
1100170 2398.5
1100180 2389.8
1100190 2389.8
1100200 2379.8
1100210 2368.6
1100220 2368.6
1100230 2358.5
1100240 2347.7
1100250 2338.4
1100260 2338.4
1100270 2328.6
1100280 2321.8
1100290 2321.8
1100300 2315.8
1100310 2310.4
1100320 2310.4
1100330 2305.1
1100340 2300.0
1100350 2300.0
1100360 2295.8
1100370 2290.8
1100380 2290.8
1100390 2284.9
1100400 2278.5
1100410 2278.5
1100420 2272.0
1100430 2267.0
1100440 2263.6
1100450 2263.6
1100460 2262.8
1100470 2261.7
1100480 2261.7
1100490 2259.7
1100500 2257.8
1100510 2257.8
1100520 2256.2
1100530 2254.8
1100540 2254.8
1100550 2254.3
1100560 2255.9
1100570 2255.9
1100580 2256.0
1100590 2255.3
1100600 2255.3
1100610 2252.4
1100620 2248.5
1100630 2248.5
1100640 2245.8
1100650 2242.0
1100660 2237.9
1100670 2237.9
1100680 2233.2
1100690 2227.8
1100700 2227.8
1100710 2220.5
1100720 2213.1
1100730 2213.1
1100740 2206.1
1100750 2199.6
1100760 2199.6
1100770 2193.5
1100780 2187.6
1100790 2187.6
1100800 2181.9
1100810 2176.5
1100820 2176.5
1100830 2172.7
1100840 2169.7
1100850 2169.7
1100860 2165.4
1100870 2157.5
1100880 2144.7
1100890 2144.7
1100900 2137.6
1100910 2127.5
1100920 2127.5
1100930 2119.6
1100940 2118.0
1100950 2118.0
1100960 2113.4
1100970 2109.2
1100980 2109.2
1100990 2104.8
1101000 2100.5
1101010 2100.5
1101020 2096.5
1101030 2092.5
1101040 2092.5
1101050 2088.8
1101060 2085.1
1101070 2081.6
1101080 2081.6
1101090 2078.3
1101100 2074.9
1101110 2074.9
1101120 2071.4
1101130 2067.6
1101140 2067.6
1101150 2064.0
1101160 2060.6
1101170 2060.6
1101180 2057.1
1101190 2053.8
1101200 2053.8
1101210 2050.4
1101220 2046.4
1101230 2046.4
1101240 2042.8
1101250 2038.8
1101260 2038.8
1101270 2039.4
1101280 2035.2
1101290 2031.1
1101300 2031.1
1101310 2026.7
1101320 2022.5
1101330 2022.5
1101340 2019.1
1101350 2015.4
1101360 2015.4
1101370 2011.4
1101380 2007.6
1101390 2007.6
1101400 2003.7
1101410 1999.3
1101420 1999.3
1101430 1995.7
1101440 1992.3
1101450 1992.3
1101460 1988.8
1101470 1985.4
1101480 1981.9
1101490 1981.9
1101500 1978.2
1101510 1974.3
1101520 1974.3
1101530 1970.9
1101540 1967.6
1101550 1967.6
1101560 1963.7
1101570 1960.3
1101580 1960.3
1101590 1957.3
1101600 1954.5
1101610 1956.6
1101620 1952.8
1101630 1949.6
1101640 1949.6
1101650 1945.9
1101660 1941.5
1101670 1941.5
1101680 1938.3
1101690 1935.9
1101700 1933.5
1101710 1933.5
1101720 1930.5
1101730 1928.2
1101740 1928.2
1101750 1925.0
1101760 1920.2
1101770 1920.2
1101780 1915.1
1101790 1911.7
1101800 1911.7
1101810 1909.2
1101820 1906.5
1101830 1906.5
1101840 1904.0
1101850 1901.9
1101860 1901.9
1101870 1899.4
1101880 1897.3
1101890 1897.3
1101900 1895.2
1101910 1893.1
1101920 1891.2
1101930 1891.2
1101940 1892.0
1101950 1890.4
1101960 1890.4
1101970 1889.3
1101980 1888.2
1101990 1888.2
1102000 1887.5
1102010 1886.3
1102020 1886.3
1102030 1884.1
1102040 1881.6
1102050 1881.6
1102060 1879.8
1102070 1877.4
1102080 1877.4
1102090 1874.2
1102100 1875.0
1102110 1874.7
1102120 1874.7
1102130 1873.7
1102140 1872.4
1102150 1872.4
1102160 1871.2
1102170 1869.2
1102180 1869.2
1102190 1865.5
1102200 1859.4
1102210 1859.4
1102220 1856.3
1102230 1858.5
1102240 1858.5
1102250 1860.6
1102260 1859.1
1102270 1860.5
1102280 1856.4
1102290 1855.1
1102300 1855.1
1102310 1853.7
1102320 1852.2
1102330 1850.0
1102340 1850.0
1102350 1847.6
1102360 1845.4
1102370 1845.4
1102380 1842.5
1102390 1840.7
1102400 1840.7
1102410 1837.9
1102420 1832.7
1102430 1832.7
1102440 1828.2
1102450 1825.4
1102460 1825.4
1102470 1824.0
1102480 1823.6
1102490 1823.6
1102500 1821.8
1102510 1820.7
1102520 1821.0
1102530 1821.0
1102540 1818.7
1102550 1814.4
1102560 1814.4
1102570 1809.0
1102580 1806.1
1102590 1806.1
1102600 1808.7
1102610 1806.1
1102620 1806.1
1102630 1805.0
1102640 1804.3
1102650 1804.3
1102660 1806.8
1102670 1812.6
1102680 1812.6
1102690 1816.1
1102700 1814.6
1102710 1814.6
1102720 1812.4
1102730 1810.9
1102740 1807.5
1102750 1807.5
1102760 1805.0
1102770 1801.5
1102780 1801.5
1102790 1798.7
1102800 1797.7
1102810 1797.7
1102820 1795.4
1102830 1792.0
1102840 1792.0
1102850 1788.8
1102860 1785.2
1102870 1785.2
1102880 1780.5
1102890 1777.8
1102900 1777.8
1102910 1774.4
1102920 1769.7
1102930 1771.3
1102940 1767.2
1102950 1762.7
1102960 1758.6
1102970 1758.6
1102980 1752.6
1102990 1747.4
1103000 1747.4
1103010 1743.2
1103020 1740.5
1103030 1740.5
1103040 1740.2
1103050 1739.7
1103060 1739.7
1103070 1738.4
1103080 1736.6
1103090 1736.6
1103100 1733.9
1103110 1730.3
1103120 1730.3
1103130 1727.0
1103140 1722.7
1103150 1718.6
1103160 1718.6
1103170 1715.3
1103180 1711.7
1103190 1711.7
1103200 1708.1
1103210 1704.1
1103220 1704.1
1103230 1700.0
1103240 1696.6
1103250 1696.6
1103260 1688.9
1103270 1686.3
1103280 1686.3
1103290 1683.5
1103300 1681.1
1103310 1681.1
1103320 1679.2
1103330 1677.1
1103340 1677.1
1103350 1674.9
1103360 1672.1
1103370 1668.5
1103380 1668.5
1103390 1665.7
1103400 1666.4
1103410 1666.4
1103420 1664.4
1103430 1658.9
1103440 1658.9
1103450 1651.2
1103460 1643.8
1103470 1643.8
1103480 1635.7
1103490 1627.7
1103500 1627.7
1103510 1620.2
1103520 1614.2
1103530 1614.2
1103540 1608.9
1103550 1602.3
1103560 1602.3
1103570 1597.1
1103580 1593.9
1103590 1591.3
1103600 1584.0
1103610 1584.2
1103620 1584.8
1103630 1584.8
1103640 1583.0
1103650 1579.7
1103660 1579.7
1103670 1572.2
1103680 1565.4
1103690 1565.4
1103700 1557.9
1103710 1550.9
1103720 1550.9
1103730 1544.0
1103740 1537.4
1103750 1537.4
1103760 1531.1
1103770 1523.7
1103780 1516.5
1103790 1516.5
1103800 1508.7
1103810 1499.6
1103820 1499.6
1103830 1490.2
1103840 1482.3
1103850 1482.3
1103860 1475.8
1103870 1469.7
1103880 1469.7
1103890 1463.8
1103900 1458.9
1103910 1458.9
1103920 1454.1
1103930 1450.8
1103940 1450.8
1103950 1454.9
1103960 1458.5
1103970 1458.5
1103980 1455.2
1103990 1454.6
1104000 1454.4
1104010 1454.4
1104020 1452.9
1104030 1449.6
1104040 1449.6
1104050 1446.6
1104060 1444.2
1104070 1444.2
1104080 1441.5
1104090 1438.0
1104100 1438.0
1104110 1434.1
1104120 1431.2
1104130 1431.2
1104140 1428.7
1104150 1426.1
1104160 1426.1
1104170 1424.0
1104180 1421.5
1104190 1416.7
1104200 1416.7
1104210 1411.0
1104220 1406.0
1104230 1406.0
1104240 1404.2
1104250 1403.3
1104260 1402.8
1104270 1400.6
1104280 1395.7
1104290 1395.7
1104300 1394.0
1104310 1391.7
1104320 1391.7
1104330 1389.0
1104340 1388.1
1104350 1388.1
1104360 1387.9
1104370 1388.1
1104380 1388.1
1104390 1387.0
1104400 1386.9
1104410 1391.9
1104420 1391.9
1104430 1395.3
1104440 1397.2
1104450 1397.2
1104460 1398.0
1104470 1399.3
1104480 1399.3
1104490 1400.6
1104500 1401.9
1104510 1401.9
1104520 1403.0
1104530 1405.3
1104540 1405.3
1104550 1409.7
1104560 1413.6
1104570 1413.6
1104580 1416.0
1104590 1419.4
1104600 1419.4
1104610 1422.2
1104620 1425.8
1104630 1426.9
1104640 1426.9
1104650 1428.0
1104660 1431.6
1104670 1431.6
1104680 1433.8
1104690 1436.4
1104700 1436.4
1104710 1439.2
1104720 1442.3
1104730 1442.3
1104740 1445.8
1104750 1449.2
1104760 1449.2
1104770 1451.9
1104780 1455.4
1104790 1455.4
1104800 1459.2
1104810 1462.3
1104820 1466.0
1104830 1466.0
1104840 1468.5
1104850 1471.3
1104860 1471.3
1104870 1474.8
1104880 1478.5
1104890 1478.5
1104900 1482.4
1104910 1485.2
1104920 1485.2
1104930 1490.6
1104940 1494.1
1104950 1494.1
1104960 1498.4
1104970 1503.6
1104980 1503.6
1104990 1508.4
1105000 1511.6
1105010 1511.6
1105020 1515.3
1105030 1519.1
1105040 1522.7
1105050 1522.7
1105060 1526.6
1105070 1531.4
1105080 1531.4
1105090 1535.3
1105100 1536.8
1105110 1536.8
1105120 1537.0
1105130 1543.0
1105140 1543.0
1105150 1546.2
1105160 1548.8
1105170 1548.8
1105180 1551.6
1105190 1554.9
1105200 1554.9
1105210 1558.9
1105220 1563.3
1105230 1567.9
1105240 1567.9
1105250 1571.6
1105260 1578.8
1105270 1578.8
1105280 1574.4
1105290 1578.4
1105300 1578.4
1105310 1587.7
1105320 1598.7
1105330 1598.7
1105340 1607.6
1105350 1618.2
1105360 1618.2
1105370 1626.3
1105380 1634.6
1105390 1634.6
1105400 1643.1
1105410 1653.0
1105420 1653.0
1105430 1665.8
1105440 1681.2
1105450 1696.9
1105460 1696.9
1105470 1704.9
1105480 1709.0
1105490 1709.0
1105500 1709.8
1105510 1705.9
1105520 1705.9
1105530 1705.5
1105540 1711.9
1105550 1711.9
1105560 1721.2
1105570 1730.0
1105580 1730.0
1105590 1739.6
1105600 1753.0
1105610 1753.0
1105620 1763.0
1105630 1771.3
1105640 1771.3
1105650 1782.0
1105660 1791.2
1105670 1798.3
1105680 1798.3
1105690 1803.0
1105700 1802.0
1105710 1802.0
1105720 1805.0
1105730 1813.4
1105740 1813.4
1105750 1821.7
1105760 1826.2
1105770 1826.2
1105780 1823.8
1105790 1818.6
1105800 1818.6
1105810 1817.2
1105820 1815.9
1105830 1815.9
1105840 1821.7
1105850 1830.5
1105860 1836.6
1105870 1836.6
1105880 1841.6
1105890 1846.0
1105900 1846.0
1105910 1850.7
1105920 1857.3
1105930 1861.9
1105940 1869.2
1105950 1879.6
1105960 1879.6
1105970 1894.3
1105980 1908.7
1105990 1908.7
1106000 1922.2
1106010 1932.7
1106020 1932.7
1106030 1941.6
1106040 1940.8
1106050 1940.8
1106060 1934.8
1106070 1928.9
1106080 1922.3
1106090 1922.3
1106100 1914.7
1106110 1905.6
1106120 1905.6
1106130 1897.2
1106140 1889.3
1106150 1889.3
1106160 1882.3
1106170 1876.3
1106180 1876.3
1106190 1869.9
1106200 1863.8
1106210 1863.8
1106220 1858.7
1106230 1853.6
1106240 1853.6
1106250 1848.3
1106260 1849.7
1106270 1848.8
1106280 1848.8
1106290 1848.3
1106300 1848.8
1106310 1848.8
1106320 1849.1
1106330 1848.6
1106340 1848.6
1106350 1849.1
1106360 1849.9
1106370 1849.9
1106380 1850.1
1106390 1849.8
1106400 1849.8
1106410 1849.5
1106420 1848.8
1106430 1848.8
1106440 1848.2
1106450 1847.6
1106460 1847.6
1106470 1847.5
1106480 1847.3
1106490 1846.9
1106500 1846.9
1106510 1846.9
1106520 1847.5
1106530 1847.5
1106540 1848.4
1106550 1849.8
1106560 1849.8
1106570 1850.9
1106580 1851.6
1106590 1851.6
1106600 1858.8
1106610 1859.2
1106620 1859.2
1106630 1859.5
1106640 1859.5
1106650 1859.5
1106660 1859.7
1106670 1861.1
1106680 1861.1
1106690 1865.9
1106700 1870.7
1106710 1874.0
1106720 1874.0
1106730 1875.6
1106740 1879.0
1106750 1879.0
1106760 1884.5
1106770 1891.7
1106780 1891.7
1106790 1899.2
1106800 1907.0
1106810 1907.0
1106820 1915.3
1106830 1923.6
1106840 1923.6
1106850 1932.0
1106860 1938.9
1106870 1938.9
1106880 1933.3
1106890 1924.1
1106900 1921.0
1106910 1921.0
1106920 1919.5
1106930 1921.3
1106940 1921.3
1106950 1919.5
1106960 1917.1
1106970 1917.1
1106980 1915.0
1106990 1914.1
1107000 1914.1
1107010 1912.5
1107020 1909.5
1107030 1909.5
1107040 1905.9
1107050 1900.3
1107060 1900.3
1107070 1896.9
1107080 1892.5
1107090 1892.5
1107100 1887.9
1107110 1883.2
1107120 1876.9
1107130 1876.9
1107140 1871.0
1107150 1866.3
1107160 1866.3
1107170 1863.4
1107180 1859.5
1107190 1859.5
1107200 1852.0
1107210 1843.5
1107220 1843.5
1107230 1835.3
1107240 1827.4
1107250 1827.4
1107260 1820.2
1107270 1820.3
1107280 1820.3
1107290 1815.4
1107300 1810.4
1107310 1803.4
1107320 1803.4
1107330 1796.8
1107340 1790.2
1107350 1790.2
1107360 1780.6
1107370 1771.2
1107380 1771.2
1107390 1766.8
1107400 1763.1
1107410 1763.1
1107420 1756.9
1107430 1751.8
1107440 1751.8
1107450 1746.6
1107460 1740.1
1107470 1740.1
1107480 1732.9
1107490 1728.1
1107500 1728.1
1107510 1723.4
1107520 1718.3
1107530 1713.5
1107540 1713.5
1107550 1711.4
1107560 1710.8
1107570 1710.8
1107580 1711.0
1107590 1711.5
1107600 1712.8
1107610 1713.7
1107620 1714.7
1107630 1714.7
1107640 1715.3
1107650 1716.6
1107660 1716.6
1107670 1717.6
1107680 1718.5
1107690 1718.5
1107700 1719.3
1107710 1720.1
1107720 1720.1
1107730 1720.8
1107740 1723.2
1107750 1727.8
1107760 1727.8
1107770 1732.4
1107780 1737.8
1107790 1737.8
1107800 1742.7
1107810 1748.0
1107820 1748.0
1107830 1753.3
1107840 1759.7
1107850 1759.7
1107860 1767.7
1107870 1776.0
1107880 1776.0
1107890 1783.6
1107900 1790.8
1107910 1790.8
1107920 1798.2
1107930 1810.0
1107940 1815.6
1107950 1815.6
1107960 1827.2
1107970 1839.5
1107980 1839.5
1107990 1847.1
1108000 1859.7
1108010 1859.7
1108020 1871.5
1108030 1880.7
1108040 1880.7
1108050 1889.6
1108060 1899.8
1108070 1899.8
1108080 1910.4
1108090 1926.1
1108100 1926.1
1108110 1938.6
1108120 1950.2
1108130 1950.2
1108140 1961.0
1108150 1971.1
1108160 1986.0
1108170 1986.0
1108180 2003.5
1108190 2009.3
1108200 2009.3
1108210 2019.1
1108220 2028.5
1108230 2028.5
1108240 2039.3
1108250 2048.0
1108260 2048.0
1108270 2057.4
1108280 2067.7
1108290 2067.7
1108300 2075.4
1108310 2082.9
1108320 2082.9
1108330 2090.7
1108340 2098.5
1108350 2098.5
1108360 2106.2
1108370 2113.5
1108380 2121.7
1108390 2121.7
1108400 2129.7
1108410 2137.6
1108420 2137.6
1108430 2145.3
1108440 2152.6
1108450 2152.6
1108460 2155.6
1108470 2152.7
1108480 2152.7
1108490 2146.7
1108500 2140.8
1108510 2140.8
1108520 2135.9
1108530 2131.2
1108540 2131.2
1108550 2128.2
1108560 2125.9
1108570 2125.5
1108580 2125.5
1108590 2127.0
1108600 2127.7
1108610 2136.0
1108620 2140.7
1108630 2141.4
1108640 2141.4
1108650 2139.8
1108660 2142.1
1108670 2142.1
1108680 2145.3
1108690 2147.1
1108700 2147.1
1108710 2147.7
1108720 2149.5
1108730 2149.5
1108740 2149.2
1108750 2147.5
1108760 2147.5
1108770 2146.3
1108780 2147.6
1108790 2148.8
1108800 2148.8
1108810 2150.2
1108820 2151.1
1108830 2151.1
1108840 2152.3
1108850 2154.6
1108860 2154.6
1108870 2157.9
1108880 2159.9
1108890 2159.9
1108900 2163.3
1108910 2166.6
1108920 2166.6
1108930 2169.3
1108940 2172.0
1108950 2171.7
1108960 2174.6
1108970 2174.9
1108980 2174.6
1108990 2174.6
1109000 2176.3
1109010 2177.4
1109020 2177.4
1109030 2178.6
1109040 2178.0
1109050 2178.0
1109060 2176.4
1109070 2176.9
1109080 2176.9
1109090 2181.1
1109100 2186.5
1109110 2186.5
1109120 2191.1
1109130 2194.1
1109140 2194.1
1109150 2196.6
1109160 2196.6
1109170 2196.6
1109180 2195.2
1109190 2190.6
1109200 2187.5
1109210 2187.5
1109220 2183.7
1109230 2183.6
1109240 2183.6
1109250 2183.6
1109260 2180.0
1109270 2180.0
1109280 2179.0
1109290 2177.8
1109300 2177.8
1109310 2178.3
1109320 2177.4
1109330 2177.4
1109340 2175.6
1109350 2174.7
1109360 2174.7
1109370 2175.8
1109380 2178.2
1109390 2178.2
1109400 2179.8
1109410 2181.5
1109420 2183.4
1109430 2183.4
1109440 2185.9
1109450 2188.7
1109460 2188.7
1109470 2191.0
1109480 2192.0
1109490 2192.0
1109500 2192.3
1109510 2192.6
1109520 2192.6
1109530 2192.6
1109540 2191.6
1109550 2191.6
1109560 2189.9
1109570 2187.7
1109580 2187.7
1109590 2185.7
1109600 2183.2
1109610 2180.9
1109620 2180.9
1109630 2180.0
1109640 2176.3
1109650 2176.3
1109660 2173.3
1109670 2170.4
1109680 2170.4
1109690 2167.4
1109700 2165.5
1109710 2165.5
1109720 2164.6
1109730 2164.0
1109740 2164.0
1109750 2163.0
1109760 2161.2
1109770 2161.2
1109780 2157.6
1109790 2153.3
1109800 2153.3
1109810 2149.7
1109820 2147.2
1109830 2145.6
1109840 2145.6
1109850 2144.9
1109860 2143.7
1109870 2143.7
1109880 2142.3
1109890 2140.1
1109900 2140.1
1109910 2136.7
1109920 2132.9
1109930 2132.9
1109940 2129.4
1109950 2123.6
1109960 2120.2
1109970 2115.8
1109980 2111.8
1109990 2111.8
1110000 2108.3
1110010 2105.6
1110020 2104.1
1110030 2104.1
1110040 2102.6
1110050 2101.4
1110060 2101.4
1110070 2100.3
1110080 2099.3
1110090 2099.3
1110100 2098.1
1110110 2096.5
1110120 2096.5
1110130 2094.6
1110140 2092.6
1110150 2092.6
1110160 2090.9
1110170 2089.0
1110180 2089.0
1110190 2087.0
1110200 2085.0
1110210 2085.0
1110220 2082.9
1110230 2080.1
1110240 2077.3
1110250 2077.3
1110260 2075.5
1110270 2073.8
1110280 2073.8
1110290 2072.6
1110300 2072.3
1110310 2072.3
1110320 2071.6
1110330 2071.2
1110340 2071.2
1110350 2070.1
1110360 2067.2
1110370 2067.2
1110380 2062.6
1110390 2057.5
1110400 2057.5
1110410 2049.9
1110420 2040.6
1110430 2040.6
1110440 2033.9
1110450 2029.5
1110460 2025.1
1110470 2025.1
1110480 2020.2
1110490 2011.6
1110500 2011.6
1110510 2004.4
1110520 2001.5
1110530 2001.5
1110540 1999.7
1110550 1996.3
1110560 1996.3
1110570 1991.2
1110580 1985.1
1110590 1985.1
1110600 1978.4
1110610 1971.5
1110620 1971.5
1110630 1965.5
1110640 1956.9
1110650 1951.3
1110660 1951.3
1110670 1942.8
1110680 1935.3
1110690 1935.3
1110700 1929.1
1110710 1924.6
1110720 1924.6
1110730 1920.9
1110740 1914.4
1110750 1914.4
1110760 1906.9
1110770 1901.4
1110780 1901.4
1110790 1895.8
1110800 1891.2
1110810 1891.2
1110820 1886.4
1110830 1880.8
1110840 1880.8
1110850 1879.4
1110860 1878.1
1110870 1875.3
1110880 1875.3
1110890 1870.4
1110900 1867.1
1110910 1867.1
1110920 1864.8
1110930 1861.3
1110940 1861.3
1110950 1857.7
1110960 1852.6
1110970 1852.6
1110980 1841.8
1110990 1835.1
1111000 1835.1
1111010 1829.0
1111020 1824.9
1111030 1824.9
1111040 1821.7
1111050 1820.2
1111060 1821.9
1111070 1821.9
1111080 1823.8
1111090 1824.6
1111100 1824.6
1111110 1827.0
1111120 1826.8
1111130 1826.8
1111140 1822.3
1111150 1817.7
1111160 1817.7
1111170 1813.4
1111180 1809.2
1111190 1809.2
1111200 1805.4
1111210 1798.6
1111220 1798.6
1111230 1791.3
1111240 1784.8
1111250 1784.8
1111260 1781.2
1111270 1782.3
1111280 1779.3
1111290 1779.3
1111300 1774.6
1111310 1769.5
1111320 1770.1
1111330 1765.1
1111340 1762.5
1111350 1762.5
1111360 1761.0
1111370 1760.2
1111380 1760.2
1111390 1759.2
1111400 1758.7
1111410 1758.7
1111420 1758.7
1111430 1758.6
1111440 1758.6
1111450 1758.9
1111460 1758.6
1111470 1758.6
1111480 1757.6
1111490 1757.9
1111500 1757.4
1111510 1757.4
1111520 1756.1
1111530 1755.6
1111540 1755.6
1111550 1756.2
1111560 1758.4
1111570 1758.4
1111580 1760.9
1111590 1764.0
1111600 1764.0
1111610 1767.5
1111620 1771.2
1111630 1771.2
1111640 1774.9
1111650 1779.0
1111660 1779.2
1111670 1783.2
1111680 1787.4
1111690 1791.6
1111700 1791.6
1111710 1795.3
1111720 1798.6
1111730 1798.6
1111740 1803.0
1111750 1807.4
1111760 1807.4
1111770 1811.6
1111780 1815.8
1111790 1815.8
1111800 1819.9
1111810 1824.8
1111820 1824.8
1111830 1830.6
1111840 1837.3
1111850 1837.3
1111860 1843.9
1111870 1851.4
1111880 1851.4
1111890 1860.5
1111900 1868.6
1111910 1875.8
1111920 1875.8
1111930 1883.5
1111940 1891.6
1111950 1891.6
1111960 1900.6
1111970 1908.5
1111980 1908.5
1111990 1916.4
1112000 1915.8
1112010 1915.8
1112020 1925.2
1112030 1934.4
1112040 1934.4
1112050 1951.6
1112060 1962.9
1112070 1962.9
1112080 1968.6
1112090 1973.9
1112100 1981.7
1112110 1981.7
1112120 1989.9
1112130 1995.5
1112140 1995.5
1112150 1999.7
1112160 2004.5
1112170 2004.5
1112180 2011.0
1112190 2018.1
1112200 2018.1
1112210 2025.7
1112220 2033.9
1112230 2033.9
1112240 2042.3
1112250 2050.5
1112260 2050.5
1112270 2057.5
1112280 2063.5
1112290 2063.5
1112300 2069.9
1112310 2076.2
1112320 2083.3
1112330 2083.3
1112340 2092.8
1112350 2100.3
1112360 2100.3
1112370 2107.7
1112380 2114.9
1112390 2114.9
1112400 2122.1
1112410 2129.5
1112420 2129.5
1112430 2136.1
1112440 2143.1
1112450 2143.1
1112460 2150.2
1112470 2156.8
1112480 2156.8
1112490 2164.7
1112500 2170.7
1112510 2170.7
1112520 2179.9
1112530 2185.5
1112540 2186.2
1112550 2186.2
1112560 2185.4
1112570 2183.1
1112580 2183.1
1112590 2176.1
1112600 2166.9
1112610 2166.9
1112620 2160.8
1112630 2155.7
1112640 2155.7
1112650 2149.2
1112660 2143.3
1112670 2143.3
1112680 2143.1
1112690 2135.4
1112700 2135.4
1112710 2129.6
1112720 2124.1
1112730 2122.1
1112740 2122.1
1112750 2121.4
1112760 2119.9
1112770 2119.9
1112780 2118.5
1112790 2118.1
1112800 2118.1
1112810 2119.1
1112820 2120.8
1112830 2120.8
1112840 2121.3
1112850 2119.7
1112860 2119.7
1112870 2119.4
1112880 2119.2
1112890 2119.2
1112900 2117.3
1112910 2114.1
1112920 2114.1
1112930 2111.8
1112940 2114.2
1112950 2115.1
1112960 2115.1
1112970 2114.9
1112980 2114.9
1112990 2114.9
1113000 2113.2
1113010 2110.8
1113020 2115.7
1113030 2112.6
1113040 2108.1
1113050 2108.1
1113060 2103.2
1113070 2100.2
1113080 2100.2
1113090 2095.0
1113100 2091.8
1113110 2091.8
1113120 2088.0
1113130 2084.5
1113140 2080.9
1113150 2080.9
1113160 2078.2
1113170 2075.2
1113180 2075.2
1113190 2073.5
1113200 2069.4
1113210 2069.4
1113220 2064.7
1113230 2061.3
1113240 2061.3
1113250 2058.7
1113260 2056.6
1113270 2056.6
1113280 2053.7
1113290 2048.5
1113300 2048.5
1113310 2045.0
1113320 2042.4
1113330 2042.4
1113340 2038.9
1113350 2035.5
1113360 2035.1
1113370 2035.1
1113380 2033.9
1113390 2032.8
1113400 2032.8
1113410 2029.9
1113420 2027.1
1113430 2027.1
1113440 2024.9
1113450 2024.3
1113460 2024.3
1113470 2020.9
1113480 2016.0
1113490 2016.0
1113500 2011.6
1113510 2007.8
1113520 2007.8
1113530 2004.8
1113540 2002.5
1113550 2002.5
1113560 1998.6
1113570 1992.5
1113580 1989.0
1113590 1989.0
1113600 1984.3
1113610 1979.0
1113620 1979.0
1113630 1975.7
1113640 1974.5
1113650 1974.5
1113660 1972.5
1113670 1967.3
1113680 1967.3
1113690 1962.7
1113700 1963.9
1113710 1963.9
1113720 1959.1
1113730 1955.3
1113740 1955.3
1113750 1949.9
1113760 1944.2
1113770 1939.6
1113780 1939.6
1113790 1935.3
1113800 1932.1
1113810 1932.1
1113820 1928.8
1113830 1920.6
1113840 1920.6
1113850 1915.3
1113860 1910.0
1113870 1910.0
1113880 1905.2
1113890 1901.6
1113900 1901.6
1113910 1896.4
1113920 1893.8
1113930 1893.8
1113940 1890.5
1113950 1887.6
1113960 1887.6
1113970 1884.4
1113980 1878.7
1113990 1877.1
1114000 1877.1
1114010 1876.3
1114020 1874.7
1114030 1874.7
1114040 1866.7
1114050 1859.4
1114060 1859.4
1114070 1851.7
1114080 1845.1
1114090 1845.1
1114100 1837.6
1114110 1830.7
1114120 1830.7
1114130 1821.7
1114140 1809.2
1114150 1809.2
1114160 1798.7
1114170 1790.7
1114180 1783.0
1114190 1783.0
1114200 1775.9
1114210 1768.8
1114220 1768.8
1114230 1762.0
1114240 1755.5
1114250 1755.5
1114260 1749.1
1114270 1743.1
1114280 1743.1
1114290 1736.6
1114300 1729.3
1114310 1729.3
1114320 1722.0
1114330 1714.9
1114340 1714.9
1114350 1707.6
1114360 1700.9
1114370 1700.9
1114380 1693.5
1114390 1687.4
1114400 1681.6
1114410 1681.6
1114420 1675.8
1114430 1670.5
1114440 1670.5
1114450 1664.8
1114460 1659.8
1114470 1659.8
1114480 1655.2
1114490 1651.0
1114500 1651.0
1114510 1646.7
1114520 1642.8
1114530 1642.8
1114540 1638.9
1114550 1635.0
1114560 1635.0
1114570 1630.5
1114580 1626.3
1114590 1626.3
1114600 1623.1
1114610 1620.3
1114620 1616.9
1114630 1616.9
1114640 1613.6
1114650 1609.6
1114660 1609.6
1114670 1605.3
1114680 1601.5
1114690 1601.5
1114700 1596.8
1114710 1592.7
1114720 1592.7
1114730 1589.1
1114740 1585.6
1114750 1585.6
1114760 1579.5
1114770 1574.6
1114780 1574.6
1114790 1568.7
1114800 1563.1
1114810 1557.3
1114820 1557.3
1114830 1551.7
1114840 1547.9
1114850 1547.9
1114860 1544.1
1114870 1540.8
1114880 1540.8
1114890 1537.7
1114900 1534.6
1114910 1534.6
1114920 1531.8
1114930 1529.2
1114940 1529.2
1114950 1526.4
1114960 1523.5
1114970 1523.5
1114980 1520.8
1114990 1517.6
1115000 1517.6
1115010 1514.7
1115020 1510.9
1115030 1506.9
1115040 1506.9
1115050 1504.8
1115060 1502.4
1115070 1502.2
1115080 1499.9
1115090 1497.1
1115100 1497.1
1115110 1494.8
1115120 1492.6
1115130 1492.6
1115140 1490.9
1115150 1489.0
1115160 1489.0
1115170 1485.9
1115180 1481.7
1115190 1481.7
1115200 1477.5
1115210 1472.4
1115220 1466.2
1115230 1466.2
1115240 1460.5
1115250 1455.9
1115260 1455.9
1115270 1450.9
1115280 1444.7
1115290 1444.7
1115300 1439.8
1115310 1433.6
1115320 1433.6
1115330 1428.4
1115340 1424.0
1115350 1424.0
1115360 1418.0
1115370 1407.4
1115380 1407.4
1115390 1393.1
1115400 1382.5
1115410 1379.8
1115420 1369.2
1115430 1368.8
1115440 1370.0
1115450 1370.0
1115460 1360.9
1115470 1347.9
1115480 1347.9
1115490 1336.7
1115500 1323.0
1115510 1323.0
1115520 1306.8
1115530 1296.9
1115540 1296.9
1115550 1287.4
1115560 1275.8
1115570 1275.8
1115580 1259.3
1115590 1251.8
1115600 1251.8
1115610 1248.3
1115620 1245.2
1115630 1227.5
1115640 1227.5
1115650 1217.7
1115660 1218.9
1115670 1218.9
1115680 1217.8
1115690 1215.7
1115700 1215.7
1115710 1212.0
1115720 1209.6
1115730 1209.6
1115740 1207.5
1115750 1215.8
1115760 1215.8
1115770 1213.4
1115780 1206.5
1115790 1206.5
1115800 1203.5
1115810 1203.4
1115820 1203.4
1115830 1200.5
1115840 1198.6
1115850 1195.9
1115860 1195.9
1115870 1194.1
1115880 1193.6
1115890 1193.6
1115900 1191.7
1115910 1190.4
1115920 1190.4
1115930 1188.6
1115940 1187.5
1115950 1187.5
1115960 1186.0
1115970 1183.4
1115980 1183.4
1115990 1178.9
1116000 1173.0
1116010 1173.0
1116020 1170.4
1116030 1170.0
1116040 1170.0
1116050 1168.3
1116060 1166.5
1116070 1164.2
1116080 1164.2
1116090 1161.1
1116100 1167.3
1116110 1167.3
1116120 1166.0
1116130 1163.6
1116140 1163.6
1116150 1162.9
1116160 1162.1
1116170 1162.1
1116180 1161.7
1116190 1162.4
1116200 1162.4
1116210 1163.7
1116220 1159.4
1116230 1159.4
1116240 1156.9
1116250 1153.1
1116260 1148.6
1116270 1148.6
1116280 1144.8
1116290 1142.7
1116300 1142.7
1116310 1141.3
1116320 1139.1
1116330 1139.1
1116340 1136.8
1116350 1134.9
1116360 1134.9
1116370 1132.8
1116380 1130.9
1116390 1130.9
1116400 1126.4
1116410 1118.8
1116420 1118.8
1116430 1111.2
1116440 1109.9
1116450 1109.9
1116460 1104.4
1116470 1099.6
1116480 1096.2
1116490 1096.2
1116500 1093.8
1116510 1093.2
1116520 1093.2
1116530 1093.1
1116540 1092.4
1116550 1092.4
1116560 1092.9
1116570 1092.8
1116580 1092.8
1116590 1089.0
1116600 1088.4
1116610 1088.4
1116620 1092.0
1116630 1089.8
1116640 1089.8
1116650 1087.8
1116660 1085.7
1116670 1083.1
1116680 1083.1
1116690 1080.7
1116700 1079.0
1116710 1079.0
1116720 1078.0
1116730 1075.4
1116740 1075.4
1116750 1074.0
1116760 1074.2
1116770 1074.2
1116780 1082.8
1116790 1081.7
1116800 1081.7
1116810 1080.8
1116820 1080.0
1116830 1080.0
1116840 1078.0
1116850 1077.5
1116860 1077.5
1116870 1075.7
1116880 1072.5
1116890 1070.6
1116900 1070.6
1116910 1066.3
1116920 1064.7
1116930 1064.7
1116940 1065.1
1116950 1064.1
1116960 1064.1
1116970 1062.0
1116980 1059.8
1116990 1059.8
1117000 1058.7
1117010 1057.0
1117020 1057.0
1117030 1055.8
1117040 1055.5
1117050 1055.5
1117060 1054.9
1117070 1053.1
1117080 1053.1
1117090 1050.5
1117100 1048.4
1117110 1047.5
1117120 1047.5
1117130 1051.3
1117140 1050.3
1117150 1050.3
1117160 1049.6
1117170 1049.3
1117180 1049.3
1117190 1049.9
1117200 1050.2
1117210 1050.2
1117220 1049.9
1117230 1046.7
1117240 1046.7
1117250 1041.9
1117260 1038.2
1117270 1038.2
1117280 1034.4
1117290 1031.5
1117300 1027.5
1117310 1027.5
1117320 1020.7
1117330 1014.6
1117340 1014.6
1117350 1010.0
1117360 1007.5
1117370 1007.5
1117380 1004.1
1117390 1000.9
1117400 1000.9
1117410 998.2
1117420 997.2
1117430 997.2
1117440 997.2
1117450 997.1
1117460 997.1
1117470 997.1
1117480 997.1
1117490 997.1
1117500 997.1
1117510 997.1
1117520 997.1
1117530 997.1
1117540 997.1
1117550 997.1
1117560 997.1
1117570 997.1
1117580 997.1
1117590 997.1
1117600 997.1
1117610 997.1
1117620 997.1
1117630 997.1
1117640 997.1
1117650 997.1
1117660 997.1
1117670 997.1
1117680 997.1
1117690 997.1
1117700 997.1
1117710 997.1
1117720 997.1
1117730 997.1
1117740 997.1
1117750 997.1
1117760 997.1
1117770 997.1
1117780 997.1
1117790 997.1
1117800 997.1
1117810 997.1
1117820 997.1
1117830 997.1
1117840 997.1
1117850 997.1
1117860 997.6
1117870 997.6
1117880 1001.9
1117890 1007.5
1117900 1007.5
1117910 1007.9
1117920 1002.2
1117930 998.1
1117940 998.1
1117950 998.2
1117960 998.0
1117970 998.0
1117980 997.0
1117990 996.0
1118000 996.0
1118010 998.6
1118020 1000.1
1118030 1000.1
1118040 1000.1
1118050 1000.1
1118060 1000.1
1118070 1000.1
1118080 1000.4
1118090 1000.4
1118100 1002.2
1118110 1006.3
1118120 1006.3
1118130 1011.6
1118140 1016.9
1118150 1024.7
1118160 1018.8
1118170 1025.5
1118180 1032.8
1118190 1032.8
1118200 1038.9
1118210 1042.1
1118220 1042.1
1118230 1047.1
1118240 1054.4
1118250 1054.4
1118260 1061.0
1118270 1066.3
1118280 1066.3
1118290 1070.2
1118300 1075.3
1118310 1075.3
1118320 1080.9
1118330 1087.3
1118340 1093.3
1118350 1093.3
1118360 1098.9
1118370 1104.0
1118380 1104.0
1118390 1109.4
1118400 1114.3
1118410 1114.3
1118420 1119.2
1118430 1123.7
1118440 1123.7
1118450 1128.1
1118460 1132.8
1118470 1132.8
1118480 1137.5
1118490 1141.9
1118500 1141.9
1118510 1138.6
1118520 1142.4
1118530 1142.4
1118540 1145.1
1118550 1146.2
1118560 1145.6
1118570 1145.6
1118580 1149.4
1118590 1153.8
1118600 1153.8
1118610 1157.8
1118620 1162.5
1118630 1162.5
1118640 1167.6
1118650 1172.0
1118660 1172.0
1118670 1176.7
1118680 1183.0
1118690 1183.0
1118700 1187.2
1118710 1190.6
1118720 1190.6
1118730 1194.9
1118740 1199.1
1118750 1205.6
1118760 1205.6
1118770 1211.3
1118780 1215.1
1118790 1215.1
1118800 1222.5
1118810 1235.1
1118820 1235.1
1118830 1247.5
1118840 1249.4
1118850 1249.4
1118860 1231.8
1118870 1232.4
1118880 1232.4
1118890 1236.6
1118900 1237.5
1118910 1237.5
1118920 1238.4
1118930 1238.4
1118940 1238.4
1118950 1240.4
1118960 1247.9
1118970 1253.7
1118980 1253.7
1118990 1255.7
1119000 1261.8
1119010 1261.8
1119020 1267.4
1119030 1276.5
1119040 1276.5
1119050 1283.4
1119060 1283.3
1119070 1283.3
1119080 1281.1
1119090 1279.6
1119100 1279.6
1119110 1287.3
1119120 1296.5
1119130 1296.5
1119140 1304.3
1119150 1311.5
1119160 1318.6
1119170 1318.6
1119180 1323.3
1119190 1325.5
1119200 1314.1
1119210 1314.2
1119220 1316.1
1119230 1316.1
1119240 1312.2
1119250 1308.2
1119260 1308.2
1119270 1309.7
1119280 1321.2
1119290 1321.2
1119300 1343.0
1119310 1360.4
1119320 1360.4
1119330 1375.1
1119340 1383.1
1119350 1383.1
1119360 1391.9
1119370 1404.0
1119380 1411.2
1119390 1411.2
1119400 1415.7
1119410 1418.6
1119420 1418.6
1119430 1417.3
1119440 1424.1
1119450 1424.1
1119460 1428.2
1119470 1431.3
1119480 1431.3
1119490 1435.4
1119500 1439.2
1119510 1439.2
1119520 1440.7
1119530 1442.7
1119540 1442.7
1119550 1440.9
1119560 1443.1
1119570 1443.1
1119580 1445.5
1119590 1446.5
1119600 1446.4
1119610 1446.4
1119620 1448.1
1119630 1452.2
1119640 1452.2
1119650 1457.9
1119660 1461.1
1119670 1461.1
1119680 1463.2
1119690 1464.4
1119700 1464.4
1119710 1464.6
1119720 1466.0
1119730 1466.0
1119740 1468.7
1119750 1471.4
1119760 1471.4
1119770 1473.5
1119780 1475.6
1119790 1477.4
1119800 1477.4
1119810 1479.3
1119820 1480.2
1119830 1480.2
1119840 1481.5
1119850 1484.3
1119860 1484.3
1119870 1487.5
1119880 1490.7
1119890 1490.7
1119900 1486.4
1119910 1487.2
1119920 1487.2
1119930 1488.4
1119940 1490.0
1119950 1490.0
1119960 1490.7
1119970 1492.7
1119980 1492.7
1119990 1492.7
