1100000 2399.5
1100010 2405.0
1100020 2414.1
1100030 2414.1
1100040 2418.0
1100050 2421.4
1100060 2421.4
1100070 2424.0
1100080 2425.4
1100090 2425.4
1100100 2427.3
1100110 2431.2
1100120 2425.8
1100130 2425.8
1100140 2421.6
1100150 2415.0
1100160 2415.0
1100170 2400.5
1100180 2392.9
1100190 2392.9
1100200 2387.7
1100210 2388.5
1100220 2388.5
1100230 2379.6
1100240 2363.7
1100250 2363.7
1100260 2354.8
1100270 2348.5
1100280 2348.5
1100290 2344.7
1100300 2340.2
1100310 2337.0
1100320 2337.0
1100330 2333.4
1100340 2329.5
1100350 2324.1
1100360 2320.4
1100370 2316.4
1100380 2316.4
1100390 2312.5
1100400 2309.1
1100410 2309.1
1100420 2306.7
1100430 2304.7
1100440 2304.7
1100450 2303.5
1100460 2301.2
1100470 2301.2
1100480 2299.4
1100490 2297.1
1100500 2297.1
1100510 2293.3
1100520 2290.2
1100530 2288.0
1100540 2288.0
1100550 2285.8
1100560 2284.6
1100570 2284.6
1100580 2285.2
1100590 2284.8
1100600 2284.8
1100610 2283.4
1100620 2283.1
1100630 2283.1
1100640 2279.9
1100650 2274.4
1100660 2274.4
1100670 2267.9
1100680 2257.2
1100690 2257.2
1100700 2252.9
1100710 2251.2
1100720 2251.2
1100730 2251.3
1100740 2252.0
1100750 2251.4
1100760 2251.4
1100770 2247.6
1100780 2243.2
1100790 2243.2
1100800 2239.3
1100810 2237.5
1100820 2237.5
1100830 2234.7
1100840 2233.6
1100850 2233.6
1100860 2237.3
1100870 2242.0
1100880 2242.0
1100890 2242.1
1100900 2238.9
1100910 2238.9
1100920 2231.5
1100930 2225.3
1100940 2220.9
1100950 2220.9
1100960 2214.5
1100970 2210.5
1100980 2210.5
1100990 2211.7
1101000 2205.8
1101010 2195.8
1101020 2191.7
1101030 2188.4
1101040 2188.4
1101050 2185.6
1101060 2185.2
1101070 2185.2
1101080 2183.1
1101090 2178.6
1101100 2178.6
1101110 2176.8
1101120 2174.5
1101130 2174.5
1101140 2171.6
1101150 2170.0
1101160 2166.8
1101170 2166.8
1101180 2164.7
1101190 2163.6
1101200 2163.6
1101210 2161.1
1101220 2159.4
1101230 2159.4
1101240 2158.5
1101250 2156.9
1101260 2156.9
1101270 2155.8
1101280 2154.5
1101290 2154.5
1101300 2153.5
1101310 2152.9
1101320 2152.9
1101330 2152.3
1101340 2145.5
1101350 2145.5
1101360 2144.7
1101370 2144.0
1101380 2143.6
1101390 2143.6
1101400 2143.2
1101410 2141.8
1101420 2141.8
1101430 2140.5
1101440 2138.7
1101450 2138.7
1101460 2137.3
1101470 2134.8
1101480 2134.8
1101490 2132.6
1101500 2130.5
1101510 2130.5
1101520 2127.6
1101530 2124.5
1101540 2124.5
1101550 2121.2
1101560 2118.5
1101570 2116.3
1101580 2116.3
1101590 2113.9
1101600 2110.7
1101610 2110.7
1101620 2106.7
1101630 2102.1
1101640 2102.1
1101650 2098.3
1101660 2094.5
1101670 2092.5
1101680 2090.0
1101690 2087.1
1101700 2087.1
1101710 2084.4
1101720 2082.2
1101730 2082.2
1101740 2079.5
1101750 2076.7
1101760 2076.7
1101770 2073.7
1101780 2071.1
1101790 2067.9
1101800 2067.9
1101810 2064.3
1101820 2061.1
1101830 2061.1
1101840 2057.8
1101850 2054.5
1101860 2054.5
1101870 2051.4
1101880 2048.6
1101890 2048.6
1101900 2045.8
1101910 2042.3
1101920 2042.3
1101930 2038.9
1101940 2035.3
1101950 2035.3
1101960 2032.2
1101970 2029.3
1101980 2026.8
1101990 2026.8
1102000 2026.7
1102010 2023.5
1102020 2023.5
1102030 2020.8
1102040 2018.0
1102050 2018.0
1102060 2015.6
1102070 2013.6
1102080 2013.6
1102090 2012.2
1102100 2011.5
1102110 2011.5
1102120 2011.7
1102130 2012.1
1102140 2012.1
1102150 2011.9
1102160 2010.3
1102170 2010.3
1102180 2008.3
1102190 2006.2
1102200 2004.4
1102210 2004.4
1102220 2002.1
1102230 2000.1
1102240 2000.1
1102250 1998.2
1102260 1997.2
1102270 1997.2
1102280 1995.0
1102290 1992.9
1102300 1992.9
1102310 1991.5
1102320 1989.5
1102330 1989.0
1102340 1985.3
1102350 1981.3
1102360 1981.3
1102370 1976.3
1102380 1971.2
1102390 1971.2
1102400 1965.7
1102410 1959.7
1102420 1953.3
1102430 1953.3
1102440 1947.6
1102450 1942.5
1102460 1942.5
1102470 1939.1
1102480 1936.5
1102490 1936.5
1102500 1934.0
1102510 1931.8
1102520 1931.8
1102530 1930.5
1102540 1926.9
1102550 1926.9
1102560 1921.3
1102570 1915.5
1102580 1915.5
1102590 1909.0
1102600 1901.8
1102610 1897.3
1102620 1897.3
1102630 1896.2
1102640 1894.6
1102650 1894.6
1102660 1886.9
1102670 1881.1
1102680 1881.1
1102690 1879.8
1102700 1879.5
1102710 1879.5
1102720 1874.1
1102730 1868.2
1102740 1868.2
1102750 1861.5
1102760 1855.2
1102770 1855.2
1102780 1849.1
1102790 1844.1
1102800 1844.1
1102810 1842.1
1102820 1840.0
1102830 1837.6
1102840 1837.6
1102850 1835.9
1102860 1834.9
1102870 1834.9
1102880 1833.2
1102890 1829.7
1102900 1829.7
1102910 1824.4
1102920 1818.5
1102930 1818.5
1102940 1816.0
1102950 1816.2
1102960 1816.2
1102970 1813.6
1102980 1810.8
1102990 1803.9
1103000 1802.1
1103010 1797.9
1103020 1797.9
1103030 1793.7
1103040 1790.0
1103050 1786.5
1103060 1786.5
1103070 1782.9
1103080 1777.9
1103090 1777.9
1103100 1772.6
1103110 1765.2
1103120 1765.2
1103130 1757.2
1103140 1749.2
1103150 1749.2
1103160 1742.7
1103170 1736.1
1103180 1736.1
1103190 1729.6
1103200 1723.6
1103210 1723.6
1103220 1717.2
1103230 1709.9
1103240 1703.2
1103250 1703.2
1103260 1698.1
1103270 1694.3
1103280 1694.3
1103290 1689.1
1103300 1682.9
1103310 1682.9
1103320 1677.0
1103330 1665.3
1103340 1665.3
1103350 1659.5
1103360 1654.2
1103370 1654.2
1103380 1650.4
1103390 1646.7
1103400 1646.7
1103410 1643.0
1103420 1640.1
1103430 1640.1
1103440 1636.5
1103450 1634.1
1103460 1633.3
1103470 1633.3
1103480 1632.5
1103490 1631.4
1103500 1631.4
1103510 1626.7
1103520 1619.4
1103530 1619.4
1103540 1612.7
1103550 1605.7
1103560 1605.7
1103570 1599.2
1103580 1591.7
1103590 1591.7
1103600 1588.0
1103610 1585.0
1103620 1585.0
1103630 1582.8
1103640 1581.7
1103650 1580.4
1103660 1576.4
1103670 1574.9
1103680 1572.7
1103690 1572.7
1103700 1572.5
1103710 1571.6
1103720 1571.6
1103730 1568.7
1103740 1568.2
1103750 1568.2
1103760 1567.8
1103770 1565.5
1103780 1565.5
1103790 1564.0
1103800 1563.6
1103810 1563.6
1103820 1564.3
1103830 1566.2
1103840 1566.2
1103850 1569.2
1103860 1572.3
1103870 1571.4
1103880 1571.4
1103890 1563.2
1103900 1556.1
1103910 1556.1
1103920 1549.2
1103930 1544.0
1103940 1544.0
1103950 1540.6
1103960 1535.9
1103970 1535.9
1103980 1539.6
1103990 1539.3
1104000 1539.3
1104010 1544.3
1104020 1549.2
1104030 1549.2
1104040 1548.8
1104050 1546.7
1104060 1546.7
1104070 1544.0
1104080 1541.8
1104090 1541.7
1104100 1541.7
1104110 1545.8
1104120 1547.4
1104130 1547.4
1104140 1543.2
1104150 1538.1
1104160 1538.1
1104170 1533.1
1104180 1529.2
1104190 1529.2
1104200 1526.4
1104210 1522.3
1104220 1522.3
1104230 1517.4
1104240 1516.1
1104250 1516.1
1104260 1512.3
1104270 1508.3
1104280 1505.9
1104290 1505.9
1104300 1502.8
1104310 1499.1
1104320 1493.7
1104330 1489.5
1104340 1485.2
1104350 1485.2
1104360 1479.5
1104370 1472.5
1104380 1472.5
1104390 1464.8
1104400 1461.0
1104410 1461.0
1104420 1459.5
1104430 1455.9
1104440 1455.9
1104450 1453.9
1104460 1451.6
1104470 1451.6
1104480 1447.6
1104490 1445.0
1104500 1440.5
1104510 1440.5
1104520 1435.0
1104530 1429.2
1104540 1429.2
1104550 1424.2
1104560 1419.2
1104570 1419.2
1104580 1414.8
1104590 1411.1
1104600 1411.1
1104610 1407.7
1104620 1400.7
1104630 1400.7
1104640 1393.5
1104650 1387.0
1104660 1381.8
1104670 1375.7
1104680 1369.9
1104690 1369.9
1104700 1364.4
1104710 1359.0
1104720 1356.3
1104730 1356.3
1104740 1355.0
1104750 1352.9
1104760 1352.9
1104770 1353.6
1104780 1354.6
1104790 1354.6
1104800 1354.8
1104810 1354.6
1104820 1354.6
1104830 1356.6
1104840 1357.4
1104850 1357.4
1104860 1358.5
1104870 1358.3
1104880 1358.3
1104890 1359.6
1104900 1361.1
1104910 1363.2
1104920 1363.2
1104930 1364.4
1104940 1363.7
1104950 1363.7
1104960 1362.7
1104970 1367.6
1104980 1367.6
1104990 1373.2
1105000 1372.6
1105010 1372.6
1105020 1374.7
1105030 1374.8
1105040 1374.8
1105050 1375.2
1105060 1375.5
1105070 1375.5
1105080 1376.5
1105090 1377.9
1105100 1377.9
1105110 1378.9
1105120 1380.6
1105130 1381.8
1105140 1381.8
1105150 1384.0
1105160 1386.7
1105170 1386.7
1105180 1390.0
1105190 1393.5
1105200 1393.5
1105210 1396.7
1105220 1400.5
1105230 1400.5
1105240 1404.7
1105250 1409.3
1105260 1409.3
1105270 1413.1
1105280 1416.7
1105290 1416.7
1105300 1420.2
1105310 1423.4
1105320 1423.4
1105330 1431.0
1105340 1434.6
1105350 1438.8
1105360 1438.8
1105370 1443.0
1105380 1446.8
1105390 1446.8
1105400 1451.1
1105410 1454.8
1105420 1454.8
1105430 1458.8
1105440 1462.5
1105450 1462.5
1105460 1466.0
1105470 1469.8
1105480 1469.8
1105490 1473.8
1105500 1477.5
1105510 1477.5
1105520 1481.9
1105530 1486.3
1105540 1490.6
1105550 1490.6
1105560 1494.6
1105570 1497.8
1105580 1497.8
1105590 1502.0
1105600 1505.1
1105610 1505.1
1105620 1507.7
1105630 1510.1
1105640 1510.1
1105650 1512.1
1105660 1521.1
1105670 1521.1
1105680 1523.6
1105690 1527.9
1105700 1527.9
1105710 1532.2
1105720 1537.6
1105730 1537.6
1105740 1543.2
1105750 1548.8
1105760 1552.9
1105770 1552.9
1105780 1557.2
1105790 1561.6
1105800 1561.6
1105810 1566.8
1105820 1575.7
1105830 1575.7
1105840 1583.7
1105850 1585.0
1105860 1585.0
1105870 1586.6
1105880 1586.4
1105890 1586.4
1105900 1591.9
1105910 1605.1
1105920 1605.1
1105930 1616.2
1105940 1626.3
1105950 1633.9
1105960 1633.9
1105970 1641.0
1105980 1650.0
1105990 1653.7
1106000 1662.4
1106010 1670.5
1106020 1670.5
1106030 1677.3
1106040 1683.8
1106050 1683.8
1106060 1691.3
1106070 1698.8
1106080 1698.8
1106090 1705.8
1106100 1710.3
1106110 1710.3
1106120 1707.1
1106130 1704.4
1106140 1704.4
1106150 1700.9
1106160 1698.0
1106170 1694.1
1106180 1694.1
1106190 1688.0
1106200 1681.4
1106210 1681.4
1106220 1675.9
1106230 1671.2
1106240 1671.2
1106250 1668.4
1106260 1670.6
1106270 1670.6
1106280 1677.3
1106290 1680.4
1106300 1680.4
1106310 1682.7
1106320 1684.4
1106330 1690.4
1106340 1693.8
1106350 1696.1
1106360 1696.1
1106370 1697.4
1106380 1699.9
1106390 1703.9
1106400 1703.9
1106410 1708.1
1106420 1712.7
1106430 1712.7
1106440 1717.0
1106450 1722.7
1106460 1722.7
1106470 1730.5
1106480 1739.0
1106490 1739.0
1106500 1747.6
1106510 1756.4
1106520 1756.4
1106530 1765.0
1106540 1772.9
1106550 1772.9
1106560 1779.2
1106570 1784.6
1106580 1790.2
1106590 1790.2
1106600 1798.8
1106610 1807.9
1106620 1807.9
1106630 1815.8
1106640 1821.9
1106650 1821.9
1106660 1830.4
1106670 1836.8
1106680 1836.8
1106690 1842.6
1106700 1846.9
1106710 1846.9
1106720 1849.1
1106730 1847.8
1106740 1847.8
1106750 1839.5
1106760 1830.3
1106770 1830.3
1106780 1822.5
1106790 1815.9
1106800 1809.0
1106810 1809.0
1106820 1801.8
1106830 1795.3
1106840 1795.3
1106850 1789.0
1106860 1782.7
1106870 1782.7
1106880 1775.0
1106890 1767.4
1106900 1767.4
1106910 1761.5
1106920 1757.0
1106930 1757.0
1106940 1753.0
1106950 1748.9
1106960 1748.9
1106970 1744.8
1106980 1741.1
1106990 1741.1
1107000 1739.2
1107010 1731.6
1107020 1723.6
1107030 1723.6
1107040 1715.2
1107050 1706.9
1107060 1706.9
1107070 1698.8
1107080 1691.8
1107090 1691.8
1107100 1686.7
1107110 1682.9
1107120 1682.9
1107130 1679.1
1107140 1676.0
1107150 1676.0
1107160 1672.9
1107170 1671.1
1107180 1671.1
1107190 1667.7
1107200 1660.9
1107210 1653.4
1107220 1653.4
1107230 1646.8
1107240 1643.1
1107250 1643.1
1107260 1640.1
1107270 1636.1
1107280 1636.1
1107290 1633.0
1107300 1631.0
1107310 1631.0
1107320 1630.3
1107330 1632.0
1107340 1632.0
1107350 1631.5
1107360 1631.3
1107370 1631.3
1107380 1630.5
1107390 1631.1
1107400 1631.1
1107410 1632.7
1107420 1636.2
1107430 1639.6
1107440 1639.6
1107450 1642.9
1107460 1646.2
1107470 1646.2
1107480 1650.8
1107490 1656.5
1107500 1656.5
1107510 1663.7
1107520 1669.7
1107530 1669.7
1107540 1674.5
1107550 1679.0
1107560 1679.0
1107570 1684.3
1107580 1689.7
1107590 1689.7
1107600 1694.7
1107610 1700.5
1107620 1705.4
1107630 1705.4
1107640 1710.0
1107650 1717.0
1107660 1717.0
1107670 1724.2
1107680 1735.9
1107690 1735.9
1107700 1751.2
1107710 1764.4
1107720 1764.4
1107730 1775.6
1107740 1786.6
1107750 1786.6
1107760 1800.2
1107770 1811.3
1107780 1811.3
1107790 1823.0
1107800 1835.2
1107810 1835.2
1107820 1847.0
1107830 1856.7
1107840 1864.8
1107850 1864.8
1107860 1872.0
1107870 1879.5
1107880 1879.5
1107890 1886.9
1107900 1894.1
1107910 1894.1
1107920 1901.5
1107930 1909.4
1107940 1909.4
1107950 1917.5
1107960 1925.0
1107970 1925.0
1107980 1932.3
1107990 1939.4
1108000 1939.4
1108010 1943.8
1108020 1946.8
1108030 1946.8
1108040 1949.6
1108050 1958.1
1108060 1962.3
1108070 1962.3
1108080 1966.6
1108090 1975.3
1108100 1975.3
1108110 1980.2
1108120 1980.6
1108130 1980.6
1108140 1977.5
1108150 1974.4
1108160 1974.4
1108170 1971.9
1108180 1969.0
1108190 1969.0
1108200 1967.0
1108210 1965.4
1108220 1965.4
1108230 1962.6
1108240 1959.2
1108250 1955.2
1108260 1955.2
1108270 1951.3
1108280 1948.1
1108290 1948.1
1108300 1946.2
1108310 1944.4
1108320 1944.4
1108330 1943.1
1108340 1946.4
1108350 1946.4
1108360 1946.3
1108370 1946.8
1108380 1946.8
1108390 1946.8
1108400 1946.6
1108410 1946.6
1108420 1945.9
1108430 1945.1
1108440 1945.1
1108450 1944.3
1108460 1943.2
1108470 1942.6
1108480 1942.6
1108490 1940.4
1108500 1944.2
1108510 1944.2
1108520 1943.9
1108530 1943.9
1108540 1943.9
1108550 1944.8
1108560 1945.5
1108570 1945.5
1108580 1945.5
1108590 1946.1
1108600 1946.1
1108610 1948.2
1108620 1951.3
1108630 1951.3
1108640 1954.1
1108650 1957.7
1108660 1957.7
1108670 1962.7
1108680 1973.5
1108690 1979.3
1108700 1979.3
1108710 1983.7
1108720 1986.4
1108730 1986.4
1108740 1990.5
1108750 1991.5
1108760 1991.5
1108770 1990.0
1108780 1993.9
1108790 1993.9
1108800 1998.8
1108810 1999.3
1108820 1999.3
1108830 1998.4
1108840 2000.8
1108850 2000.8
1108860 2005.7
1108870 2014.7
1108880 2022.6
1108890 2022.6
1108900 2026.0
1108910 2028.8
1108920 2028.8
1108930 2031.6
1108940 2034.1
1108950 2034.1
1108960 2036.8
1108970 2039.6
1108980 2039.6
1108990 2042.2
1109000 2045.0
1109010 2045.0
1109020 2048.0
1109030 2051.7
1109040 2051.7
1109050 2057.4
1109060 2064.1
1109070 2064.1
1109080 2070.4
1109090 2076.2
1109100 2081.6
1109110 2081.6
1109120 2086.6
1109130 2089.7
1109140 2089.7
1109150 2095.1
1109160 2100.7
1109170 2100.7
1109180 2106.4
1109190 2111.6
1109200 2111.6
1109210 2116.2
1109220 2121.4
1109230 2121.4
1109240 2126.3
1109250 2130.6
1109260 2130.6
1109270 2135.3
1109280 2140.6
1109290 2146.4
1109300 2146.4
1109310 2150.0
1109320 2153.1
1109330 2153.1
1109340 2158.2
1109350 2164.9
1109360 2164.9
1109370 2172.2
1109380 2180.0
1109390 2180.0
1109400 2186.8
1109410 2193.0
1109420 2193.0
1109430 2196.8
1109440 2199.3
1109450 2199.3
1109460 2204.1
1109470 2207.6
1109480 2207.6
1109490 2208.6
1109500 2208.9
1109510 2208.4
1109520 2208.4
1109530 2207.7
1109540 2206.9
1109550 2206.9
1109560 2205.5
1109570 2203.3
1109580 2203.3
1109590 2200.3
1109600 2197.3
1109610 2197.3
1109620 2193.9
1109630 2189.9
1109640 2189.9
1109650 2186.4
1109660 2183.1
1109670 2183.1
1109680 2179.7
1109690 2177.7
1109700 2177.7
1109710 2174.7
1109720 2173.0
1109730 2171.7
1109740 2171.7
1109750 2169.9
1109760 2167.8
1109770 2167.8
1109780 2165.7
1109790 2162.4
1109800 2162.4
1109810 2158.0
1109820 2154.2
1109830 2154.2
1109840 2149.4
1109850 2144.3
1109860 2144.3
1109870 2140.3
1109880 2137.7
1109890 2137.7
1109900 2135.5
1109910 2133.1
1109920 2130.6
1109930 2130.6
1109940 2126.7
1109950 2125.6
1109960 2125.6
1109970 2123.3
1109980 2119.9
1109990 2119.9
1110000 2117.4
1110010 2113.5
1110020 2113.5
1110030 2113.8
1110040 2112.5
1110050 2112.5
1110060 2110.6
1110070 2108.5
1110080 2108.5
1110090 2106.2
1110100 2104.9
1110110 2104.9
1110120 2101.0
1110130 2096.2
1110140 2090.9
1110150 2090.9
1110160 2084.8
1110170 2079.6
1110180 2079.6
1110190 2077.2
1110200 2076.7
1110210 2076.7
1110220 2075.5
1110230 2072.1
1110240 2072.1
1110250 2068.8
1110260 2066.9
1110270 2066.9
1110280 2064.9
1110290 2062.6
1110300 2062.6
1110310 2062.3
1110320 2061.7
1110330 2061.7
1110340 2058.7
1110350 2053.3
1110360 2046.7
1110370 2048.7
1110380 2043.9
1110390 2040.0
1110400 2040.0
1110410 2037.6
1110420 2035.4
1110430 2035.4
1110440 2031.4
1110450 2025.3
1110460 2025.3
1110470 2020.2
1110480 2015.2
1110490 2015.2
1110500 2012.6
1110510 2010.6
1110520 2010.6
1110530 2008.6
1110540 2006.5
1110550 2005.1
1110560 2005.1
1110570 2003.4
1110580 2001.2
1110590 2001.2
1110600 1998.3
1110610 1994.5
1110620 1994.5
1110630 1991.5
1110640 1987.7
1110650 1987.7
1110660 1983.3
1110670 1976.6
1110680 1976.6
1110690 1969.2
1110700 1967.1
1110710 1967.1
1110720 1960.3
1110730 1955.1
1110740 1955.1
1110750 1950.1
1110760 1945.7
1110770 1941.9
1110780 1941.9
1110790 1937.2
1110800 1932.1
1110810 1932.1
1110820 1926.7
1110830 1921.5
1110840 1921.5
1110850 1916.4
1110860 1912.2
1110870 1912.2
1110880 1907.7
1110890 1901.9
1110900 1901.9
1110910 1893.2
1110920 1886.2
1110930 1886.2
1110940 1880.0
1110950 1873.4
1110960 1868.0
1110970 1868.0
1110980 1861.6
1110990 1853.2
1111000 1853.2
1111010 1845.5
1111020 1839.4
1111030 1839.4
1111040 1833.0
1111050 1824.2
1111060 1824.2
1111070 1815.2
1111080 1807.0
1111090 1807.0
1111100 1800.8
1111110 1793.0
1111120 1793.0
1111130 1784.6
1111140 1777.1
1111150 1777.1
1111160 1770.7
1111170 1764.6
1111180 1758.1
1111190 1758.1
1111200 1752.6
1111210 1746.8
1111220 1746.8
1111230 1741.7
1111240 1737.7
1111250 1737.7
1111260 1733.6
1111270 1730.5
1111280 1730.5
1111290 1728.0
1111300 1725.0
1111310 1725.0
1111320 1722.9
1111330 1720.5
1111340 1720.5
1111350 1718.2
1111360 1716.3
1111370 1716.3
1111380 1714.5
1111390 1712.6
1111400 1711.4
1111410 1711.4
1111420 1709.4
1111430 1711.9
1111440 1711.9
1111450 1717.3
1111460 1721.7
1111470 1721.7
1111480 1727.7
1111490 1732.4
1111500 1732.4
1111510 1736.9
1111520 1741.9
1111530 1741.9
1111540 1747.5
1111550 1751.1
1111560 1751.1
1111570 1753.5
1111580 1759.7
1111590 1763.9
1111600 1763.9
1111610 1768.6
1111620 1771.3
1111630 1771.3
1111640 1775.7
1111650 1783.1
1111660 1783.1
1111670 1791.3
1111680 1798.2
1111690 1798.2
1111700 1803.7
1111710 1810.0
1111720 1806.9
1111730 1814.3
1111740 1823.1
1111750 1823.1
1111760 1834.0
1111770 1840.6
1111780 1840.6
1111790 1843.6
1111800 1846.2
1111810 1848.2
1111820 1848.2
1111830 1850.5
1111840 1853.2
1111850 1853.2
1111860 1856.0
1111870 1858.7
1111880 1858.7
1111890 1862.6
1111900 1866.9
1111910 1866.9
1111920 1870.5
1111930 1875.2
1111940 1875.2
1111950 1880.5
1111960 1885.8
1111970 1885.8
1111980 1892.9
1111990 1900.4
1112000 1900.4
1112010 1907.9
1112020 1915.0
1112030 1921.4
1112040 1921.4
1112050 1927.8
1112060 1936.7
1112070 1936.7
1112080 1942.8
1112090 1948.2
1112100 1948.2
1112110 1952.4
1112120 1955.8
1112130 1955.8
1112140 1957.9
1112150 1960.2
1112160 1960.2
1112170 1962.8
1112180 1965.4
1112190 1965.4
1112200 1969.0
1112210 1973.9
1112220 1980.1
1112230 1980.1
1112240 1987.6
1112250 1995.2
1112260 1995.2
1112270 2002.1
1112280 2006.1
1112290 2006.1
1112300 2006.9
1112310 2007.1
1112320 2007.1
1112330 2007.4
1112340 2007.2
1112350 2007.2
1112360 2007.3
1112370 2009.1
1112380 2009.1
1112390 2011.1
1112400 2019.0
1112410 2019.0
1112420 2019.2
1112430 2017.2
1112440 2014.6
1112450 2014.6
1112460 2012.5
1112470 2010.4
1112480 2010.4
1112490 2010.3
1112500 2010.2
1112510 2010.2
1112520 2006.7
1112530 2004.4
1112540 2004.4
1112550 2004.3
1112560 2004.1
1112570 2004.1
1112580 2002.3
1112590 1999.5
1112600 1999.5
1112610 1997.5
1112620 1995.7
1112630 1993.0
1112640 1993.0
1112650 1988.9
1112660 1986.2
1112670 1986.2
1112680 1986.2
1112690 1986.7
1112700 1986.7
1112710 1985.4
1112720 1979.9
1112730 1979.9
1112740 1979.3
1112750 1974.4
1112760 1974.4
1112770 1972.0
1112780 1971.7
1112790 1971.7
1112800 1971.2
1112810 1968.1
1112820 1968.1
1112830 1963.9
1112840 1959.8
1112850 1954.1
1112860 1954.1
1112870 1949.3
1112880 1947.8
1112890 1947.8
1112900 1944.7
1112910 1940.9
1112920 1940.9
1112930 1938.1
1112940 1934.0
1112950 1934.0
1112960 1930.4
1112970 1927.5
1112980 1927.5
1112990 1925.7
1113000 1922.3
1113010 1922.3
1113020 1914.7
1113030 1910.3
1113040 1910.3
1113050 1906.1
1113060 1902.9
1113070 1901.4
1113080 1906.7
1113090 1904.0
1113100 1900.2
1113110 1900.2
1113120 1898.0
1113130 1895.6
1113140 1895.6
1113150 1896.5
1113160 1895.3
1113170 1895.3
1113180 1897.3
1113190 1902.0
1113200 1902.0
1113210 1902.4
1113220 1899.6
1113230 1899.6
1113240 1898.7
1113250 1901.3
1113260 1904.3
1113270 1904.3
1113280 1906.7
1113290 1910.9
1113300 1910.9
1113310 1911.9
1113320 1908.1
1113330 1908.1
1113340 1901.7
1113350 1895.3
1113360 1895.3
1113370 1887.5
1113380 1881.1
1113390 1881.1
1113400 1873.5
1113410 1865.8
1113420 1868.5
1113430 1861.5
1113440 1856.3
1113450 1856.3
1113460 1852.8
1113470 1850.3
1113480 1849.0
1113490 1849.0
1113500 1848.0
1113510 1844.2
1113520 1844.2
1113530 1840.2
1113540 1836.9
1113550 1836.9
1113560 1834.8
1113570 1832.2
1113580 1832.2
1113590 1827.2
1113600 1821.4
1113610 1821.4
1113620 1818.0
1113630 1817.6
1113640 1817.6
1113650 1813.7
1113660 1808.5
1113670 1805.0
1113680 1805.0
1113690 1801.4
1113700 1796.7
1113710 1796.7
1113720 1792.9
1113730 1788.8
1113740 1788.8
1113750 1784.8
1113760 1780.0
1113770 1783.4
1113780 1778.3
1113790 1774.1
1113800 1774.1
1113810 1770.2
1113820 1766.8
1113830 1766.8
1113840 1763.3
1113850 1760.6
1113860 1760.6
1113870 1757.4
1113880 1755.5
1113890 1753.7
1113900 1753.7
1113910 1750.1
1113920 1746.4
1113930 1746.4
1113940 1742.5
1113950 1738.2
1113960 1738.2
1113970 1734.8
1113980 1730.5
1113990 1730.5
1114000 1725.2
1114010 1719.7
1114020 1719.7
1114030 1714.4
1114040 1709.3
1114050 1709.3
1114060 1704.6
1114070 1700.7
1114080 1700.7
1114090 1698.2
1114100 1696.6
1114110 1695.6
1114120 1695.6
1114130 1693.3
1114140 1689.5
1114150 1689.5
1114160 1685.9
1114170 1684.2
1114180 1684.2
1114190 1683.2
1114200 1682.0
1114210 1682.0
1114220 1680.3
1114230 1677.8
1114240 1677.8
1114250 1673.1
1114260 1667.0
1114270 1667.0
1114280 1662.0
1114290 1657.7
1114300 1653.6
1114310 1653.6
1114320 1649.6
1114330 1644.8
1114340 1644.8
1114350 1639.8
1114360 1634.3
1114370 1634.3
1114380 1629.1
1114390 1625.1
1114400 1625.1
1114410 1621.4
1114420 1617.1
1114430 1617.1
1114440 1612.2
1114450 1606.9
1114460 1606.9
1114470 1598.9
1114480 1591.3
1114490 1591.3
1114500 1584.6
1114510 1579.5
1114520 1574.6
1114530 1574.6
1114540 1570.8
1114550 1566.5
1114560 1566.5
1114570 1559.4
1114580 1552.6
1114590 1552.6
1114600 1547.1
1114610 1542.8
1114620 1542.8
1114630 1539.3
1114640 1535.6
1114650 1535.6
1114660 1533.0
1114670 1530.7
1114680 1530.7
1114690 1528.3
1114700 1526.5
1114710 1526.5
1114720 1524.2
1114730 1519.5
1114740 1511.7
1114750 1511.7
1114760 1502.5
1114770 1495.1
1114780 1495.1
1114790 1493.2
1114800 1488.4
1114810 1488.4
1114820 1484.0
1114830 1478.9
1114840 1478.9
1114850 1471.7
1114860 1464.5
1114870 1464.5
1114880 1457.7
1114890 1451.4
1114900 1451.4
1114910 1445.7
1114920 1439.4
1114930 1432.1
1114940 1432.1
1114950 1426.7
1114960 1420.4
1114970 1420.4
1114980 1414.1
1114990 1413.2
1115000 1413.2
1115010 1412.3
1115020 1408.2
1115030 1408.2
1115040 1404.6
1115050 1401.1
1115060 1401.1
1115070 1395.5
1115080 1393.2
1115090 1393.2
1115100 1391.0
1115110 1388.4
1115120 1388.4
1115130 1390.8
1115140 1387.3
1115150 1384.0
1115160 1384.0
1115170 1381.0
1115180 1378.5
1115190 1378.5
1115200 1376.3
1115210 1373.6
1115220 1373.6
1115230 1369.7
1115240 1365.8
1115250 1365.8
1115260 1361.9
1115270 1358.4
1115280 1358.4
1115290 1354.3
1115300 1350.4
1115310 1350.4
1115320 1346.1
1115330 1340.7
1115340 1335.0
1115350 1335.0
1115360 1328.9
1115370 1322.8
1115380 1322.8
1115390 1316.4
1115400 1309.2
1115410 1309.2
1115420 1302.6
1115430 1295.7
1115440 1295.7
1115450 1290.1
1115460 1285.3
1115470 1285.3
1115480 1283.8
1115490 1277.3
1115500 1277.3
1115510 1270.3
1115520 1263.8
1115530 1263.8
1115540 1258.0
1115550 1252.4
1115560 1248.3
1115570 1248.3
1115580 1244.3
1115590 1238.0
1115600 1238.0
1115610 1230.6
1115620 1223.5
1115630 1223.5
1115640 1215.8
1115650 1208.0
1115660 1208.0
1115670 1200.0
1115680 1193.2
1115690 1193.2
1115700 1185.6
1115710 1178.5
1115720 1178.5
1115730 1171.0
1115740 1163.8
1115750 1163.8
1115760 1158.0
1115770 1151.3
1115780 1144.1
1115790 1144.1
1115800 1137.7
1115810 1131.8
1115820 1135.2
1115830 1127.6
1115840 1118.2
1115850 1118.2
1115860 1110.8
1115870 1106.7
1115880 1106.7
1115890 1103.5
1115900 1102.1
1115910 1102.1
1115920 1098.7
1115930 1094.9
1115940 1094.9
1115950 1091.3
1115960 1088.5
1115970 1084.2
1115980 1084.2
1115990 1079.2
1116000 1074.0
1116010 1074.0
1116020 1069.4
1116030 1062.4
1116040 1062.4
1116050 1055.8
1116060 1051.2
1116070 1051.2
1116080 1047.8
1116090 1042.9
1116100 1042.9
1116110 1037.5
1116120 1032.1
1116130 1032.1
1116140 1026.8
1116150 1021.7
1116160 1025.1
1116170 1020.3
1116180 1015.9
1116190 1013.1
1116200 1013.1
1116210 1009.1
1116220 1006.4
1116230 1006.4
1116240 1005.3
1116250 1006.4
1116260 1006.4
1116270 1006.2
1116280 1008.2
1116290 1008.2
1116300 1011.3
1116310 1011.7
1116320 1011.7
1116330 1011.8
1116340 1011.2
1116350 1011.2
1116360 1009.8
1116370 1008.6
1116380 1007.9
1116390 1007.9
1116400 1007.8
1116410 1008.9
1116420 1008.9
1116430 1008.6
1116440 1008.0
1116450 1008.0
1116460 1007.0
1116470 1006.1
1116480 1006.1
1116490 1005.4
1116500 1005.2
1116510 1006.1
1116520 1006.3
1116530 1004.8
1116540 1004.8
1116550 1003.3
1116560 1002.8
1116570 1002.8
1116580 1001.7
1116590 1000.7
1116600 999.9
1116610 999.9
1116620 999.4
1116630 998.7
1116640 998.7
1116650 998.1
1116660 997.3
1116670 997.3
1116680 996.3
1116690 995.2
1116700 995.2
1116710 994.2
1116720 993.3
1116730 993.3
1116740 992.2
1116750 991.2
1116760 991.2
1116770 990.2
1116780 989.3
1116790 989.3
1116800 988.5
1116810 987.6
1116820 986.9
1116830 986.9
1116840 986.1
1116850 986.0
1116860 986.0
1116870 985.0
1116880 982.8
1116890 982.8
1116900 981.1
1116910 980.7
1116920 980.7
1116930 981.0
1116940 981.0
1116950 981.0
1116960 981.2
1116970 981.3
1116980 981.3
1116990 980.2
1117000 982.3
1117010 982.8
1117020 982.8
1117030 983.5
1117040 985.0
1117050 985.0
1117060 985.3
1117070 985.7
1117080 985.7
1117090 986.9
1117100 988.6
1117110 988.6
1117120 990.3
1117130 992.9
1117140 992.9
1117150 993.3
1117160 993.8
1117170 993.8
1117180 995.9
1117190 997.5
1117200 995.6
1117210 996.0
1117220 995.6
1117230 994.8
1117240 994.8
1117250 994.8
1117260 995.9
1117270 995.9
1117280 997.7
1117290 998.8
1117300 998.8
1117310 999.0
1117320 999.9
1117330 999.9
1117340 1001.5
1117350 1003.7
1117360 1003.7
1117370 1005.6
1117380 1007.5
1117390 1007.5
1117400 1010.5
1117410 1013.3
1117420 1013.3
1117430 1016.1
1117440 1019.1
1117450 1022.8
1117460 1022.8
1117470 1027.1
1117480 1031.1
1117490 1031.1
1117500 1034.4
1117510 1037.9
1117520 1037.9
1117530 1041.5
1117540 1042.2
1117550 1042.2
1117560 1044.8
1117570 1047.4
1117580 1047.4
1117590 1050.2
1117600 1053.0
1117610 1053.0
1117620 1056.7
1117630 1060.6
1117640 1063.7
1117650 1063.7
1117660 1067.5
1117670 1070.4
1117680 1070.4
1117690 1073.0
1117700 1075.9
1117710 1075.9
1117720 1079.3
1117730 1083.9
1117740 1083.9
1117750 1087.4
1117760 1087.0
1117770 1087.0
1117780 1087.8
1117790 1090.3
1117800 1090.3
1117810 1095.6
1117820 1101.6
1117830 1101.6
1117840 1108.1
1117850 1112.4
1117860 1117.5
1117870 1117.5
1117880 1122.8
1117890 1124.9
1117900 1124.9
1117910 1131.5
1117920 1138.1
1117930 1138.1
1117940 1144.7
1117950 1152.6
1117960 1152.6
1117970 1161.0
1117980 1168.7
1117990 1168.7
1118000 1176.3
1118010 1183.9
1118020 1183.9
1118030 1191.2
1118040 1198.8
1118050 1206.4
1118060 1206.4
1118070 1214.0
1118080 1221.7
1118090 1221.7
1118100 1229.3
1118110 1235.9
1118120 1235.9
1118130 1242.3
1118140 1249.9
1118150 1249.9
1118160 1256.2
1118170 1263.8
1118180 1263.8
1118190 1268.7
1118200 1273.3
1118210 1273.3
1118220 1280.1
1118230 1284.7
1118240 1284.7
1118250 1299.7
1118260 1314.1
1118270 1325.3
1118280 1325.3
1118290 1314.4
1118300 1308.1
1118310 1308.1
1118320 1314.4
1118330 1329.1
1118340 1329.1
1118350 1351.6
1118360 1373.4
1118370 1373.4
1118380 1388.7
1118390 1398.3
1118400 1398.3
1118410 1405.6
1118420 1413.2
1118430 1413.2
1118440 1422.1
1118450 1432.6
1118460 1432.6
1118470 1439.8
1118480 1445.0
1118490 1449.4
1118500 1449.4
1118510 1453.4
1118520 1457.5
1118530 1457.5
1118540 1461.4
1118550 1464.1
1118560 1464.1
1118570 1466.9
1118580 1468.7
1118590 1468.7
1118600 1469.6
1118610 1471.5
1118620 1471.5
1118630 1472.8
1118640 1474.4
1118650 1474.4
1118660 1475.2
1118670 1476.7
1118680 1479.0
1118690 1479.0
1118700 1481.3
1118710 1483.3
1118720 1483.3
1118730 1486.2
1118740 1488.3
1118750 1488.3
1118760 1490.1
1118770 1492.0
1118780 1492.0
1118790 1494.2
1118800 1496.0
1118810 1496.0
1118820 1497.7
1118830 1499.2
1118840 1499.2
1118850 1501.0
1118860 1501.7
1118870 1501.7
1118880 1502.4
1118890 1503.5
1118900 1504.6
1118910 1504.6
1118920 1502.7
1118930 1505.1
1118940 1505.1
1118950 1506.6
1118960 1507.2
1118970 1507.2
1118980 1507.9
1118990 1508.9
1119000 1508.9
1119010 1509.9
1119020 1511.4
1119030 1511.4
1119040 1512.5
1119050 1514.5
1119060 1514.5
1119070 1517.6
1119080 1520.1
1119090 1521.1
1119100 1521.1
1119110 1523.0
1119120 1526.6
1119130 1526.6
1119140 1531.0
1119150 1535.5
1119160 1535.5
1119170 1540.1
1119180 1544.4
1119190 1544.4
1119200 1548.9
1119210 1553.4
1119220 1553.4
1119230 1557.2
1119240 1560.5
1119250 1560.5
1119260 1563.9
1119270 1560.2
1119280 1560.2
1119290 1562.1
1119300 1564.0
1119310 1566.5
1119320 1566.5
1119330 1568.7
1119340 1569.7
1119350 1569.7
1119360 1571.3
1119370 1574.4
1119380 1574.4
1119390 1579.3
1119400 1584.6
1119410 1584.6
1119420 1589.3
1119430 1594.0
1119440 1594.0
1119450 1598.7
1119460 1602.5
1119470 1602.5
1119480 1605.4
1119490 1607.6
1119500 1607.6
1119510 1609.3
1119520 1611.3
1119530 1613.6
1119540 1613.6
1119550 1615.9
1119560 1618.7
1119570 1618.7
1119580 1621.4
1119590 1624.0
1119600 1624.0
1119610 1626.5
1119620 1621.4
1119630 1621.4
1119640 1624.8
1119650 1628.5
1119660 1628.5
1119670 1633.2
1119680 1638.1
1119690 1638.1
1119700 1642.5
1119710 1647.2
1119720 1650.6
1119730 1650.6
1119740 1652.2
1119750 1653.5
1119760 1653.5
1119770 1655.6
1119780 1657.7
1119790 1657.7
1119800 1661.6
1119810 1666.8
1119820 1666.8
1119830 1673.0
1119840 1676.4
1119850 1676.4
1119860 1680.1
1119870 1684.9
1119880 1684.9
1119890 1690.7
1119900 1698.8
1119910 1698.8
1119920 1702.0
1119930 1703.4
1119940 1699.6
1119950 1699.6
1119960 1690.7
1119970 1693.7
1119980 1693.7
1119990 1698.3
