1100000 2411.3
1100010 2401.7
1100020 2401.7
1100030 2395.3
1100040 2390.0
1100050 2390.0
1100060 2386.2
1100070 2383.0
1100080 2383.0
1100090 2379.7
1100100 2376.6
1100110 2376.6
1100120 2372.1
1100130 2368.0
1100140 2368.0
1100150 2363.6
1100160 2348.0
1100170 2348.0
1100180 2338.9
1100190 2332.0
1100200 2332.0
1100210 2326.2
1100220 2320.9
1100230 2315.1
1100240 2315.1
1100250 2309.1
1100260 2303.4
1100270 2303.4
1100280 2298.3
1100290 2292.9
1100300 2292.9
1100310 2287.8
1100320 2284.0
1100330 2284.0
1100340 2280.2
1100350 2276.4
1100360 2276.4
1100370 2273.6
1100380 2270.3
1100390 2270.3
1100400 2267.5
1100410 2266.2
1100420 2265.4
1100430 2265.4
1100440 2264.9
1100450 2264.3
1100460 2264.3
1100470 2263.1
1100480 2261.2
1100490 2259.9
1100500 2256.7
1100510 2253.2
1100520 2253.2
1100530 2250.7
1100540 2248.9
1100550 2248.9
1100560 2248.7
1100570 2249.5
1100580 2249.5
1100590 2244.5
1100600 2237.2
1100610 2237.2
1100620 2233.9
1100630 2232.2
1100640 2230.3
1100650 2230.3
1100660 2228.8
1100670 2228.3
1100680 2228.3
1100690 2227.6
1100700 2224.5
1100710 2224.5
1100720 2222.7
1100730 2219.6
1100740 2219.6
1100750 2212.1
1100760 2205.2
1100770 2205.2
1100780 2198.9
1100790 2193.6
1100800 2193.6
1100810 2188.1
1100820 2179.0
1100830 2179.0
1100840 2173.1
1100850 2166.8
1100860 2161.6
1100870 2161.6
1100880 2155.6
1100890 2150.4
1100900 2150.4
1100910 2147.0
1100920 2144.0
1100930 2144.0
1100940 2140.4
1100950 2135.6
1100960 2135.6
1100970 2131.7
1100980 2129.2
1100990 2129.2
1101000 2126.6
1101010 2124.1
1101020 2124.1
1101030 2122.1
1101040 2120.6
1101050 2119.0
1101060 2119.0
1101070 2117.6
1101080 2115.8
1101090 2115.8
1101100 2113.9
1101110 2111.7
1101120 2111.7
1101130 2110.6
1101140 2109.3
1101150 2104.2
1101160 2102.6
1101170 2100.4
1101180 2100.4
1101190 2098.6
1101200 2096.7
1101210 2096.7
1101220 2094.2
1101230 2091.9
1101240 2091.9
1101250 2089.5
1101260 2086.6
1101270 2083.2
1101280 2083.2
1101290 2081.0
1101300 2079.3
1101310 2079.3
1101320 2078.1
1101330 2077.4
1101340 2077.4
1101350 2076.8
1101360 2075.9
1101370 2075.9
1101380 2074.8
1101390 2073.8
1101400 2073.8
1101410 2072.8
1101420 2071.7
1101430 2071.7
1101440 2070.4
1101450 2069.5
1101460 2069.5
1101470 2068.5
1101480 2061.9
1101490 2061.2
1101500 2061.2
1101510 2060.1
1101520 2056.1
1101530 2056.1
1101540 2051.4
1101550 2050.6
1101560 2050.6
1101570 2048.2
1101580 2045.5
1101590 2045.5
1101600 2044.7
1101610 2040.4
1101620 2040.4
1101630 2036.4
1101640 2037.4
1101650 2037.4
1101660 2038.5
1101670 2037.0
1101680 2032.7
1101690 2032.7
1101700 2030.9
1101710 2031.3
1101720 2031.3
1101730 2031.2
1101740 2031.5
1101750 2031.5
1101760 2030.8
1101770 2029.6
1101780 2029.6
1101790 2028.2
1101800 2026.9
1101810 2019.0
1101820 2019.2
1101830 2015.3
1101840 2015.3
1101850 2011.5
1101860 2010.3
1101870 2010.3
1101880 2008.9
1101890 2007.9
1101900 2007.6
1101910 2007.6
1101920 2007.6
1101930 2004.9
1101940 2004.9
1101950 2001.9
1101960 1999.6
1101970 1999.6
1101980 1995.5
1101990 1991.4
1102000 1991.4
1102010 1991.1
1102020 1993.2
1102030 1993.2
1102040 1992.7
1102050 1988.6
1102060 1988.6
1102070 1983.1
1102080 1981.8
1102090 1979.4
1102100 1979.4
1102110 1977.3
1102120 1975.5
1102130 1975.5
1102140 1967.9
1102150 1965.1
1102160 1965.1
1102170 1960.8
1102180 1955.7
1102190 1955.7
1102200 1949.9
1102210 1948.5
1102220 1948.5
1102230 1949.6
1102240 1947.4
1102250 1947.4
1102260 1941.4
1102270 1936.9
1102280 1936.9
1102290 1933.6
1102300 1930.4
1102310 1931.1
1102320 1931.1
1102330 1929.3
1102340 1921.7
1102350 1921.7
1102360 1915.5
1102370 1913.0
1102380 1913.0
1102390 1912.5
1102400 1911.4
1102410 1911.4
1102420 1909.6
1102430 1907.5
1102440 1907.5
1102450 1904.6
1102460 1901.3
1102470 1895.4
1102480 1892.4
1102490 1886.5
1102500 1886.5
1102510 1880.7
1102520 1875.4
1102530 1870.9
1102540 1870.9
1102550 1867.0
1102560 1863.2
1102570 1863.2
1102580 1858.8
1102590 1854.7
1102600 1854.7
1102610 1851.7
1102620 1851.5
1102630 1851.5
1102640 1847.8
1102650 1842.4
1102660 1842.4
1102670 1838.2
1102680 1834.3
1102690 1834.3
1102700 1830.4
1102710 1826.5
1102720 1820.4
1102730 1820.4
1102740 1812.6
1102750 1805.1
1102760 1805.1
1102770 1799.0
1102780 1794.7
1102790 1794.7
1102800 1791.1
1102810 1782.1
1102820 1782.1
1102830 1778.6
1102840 1777.5
1102850 1777.5
1102860 1776.1
1102870 1774.4
1102880 1774.4
1102890 1772.2
1102900 1767.4
1102910 1767.4
1102920 1760.7
1102930 1753.6
1102940 1748.2
1102950 1748.2
1102960 1745.8
1102970 1742.1
1102980 1742.1
1102990 1739.2
1103000 1736.9
1103010 1736.9
1103020 1732.6
1103030 1729.9
1103040 1729.9
1103050 1726.8
1103060 1724.5
1103070 1724.5
1103080 1721.4
1103090 1714.4
1103100 1714.4
1103110 1707.5
1103120 1701.5
1103130 1701.5
1103140 1694.8
1103150 1688.1
1103160 1680.0
1103170 1680.0
1103180 1672.3
1103190 1666.1
1103200 1666.1
1103210 1660.8
1103220 1656.2
1103230 1656.2
1103240 1652.3
1103250 1648.6
1103260 1648.6
1103270 1644.8
1103280 1640.4
1103290 1640.4
1103300 1635.8
1103310 1632.1
1103320 1632.1
1103330 1629.3
1103340 1626.7
1103350 1625.5
1103360 1625.5
1103370 1625.6
1103380 1626.1
1103390 1626.1
1103400 1625.3
1103410 1625.1
1103420 1625.1
1103430 1626.5
1103440 1627.7
1103450 1627.7
1103460 1628.7
1103470 1622.1
1103480 1622.1
1103490 1622.1
1103500 1623.5
1103510 1623.5
1103520 1624.8
1103530 1624.4
1103540 1624.4
1103550 1623.8
1103560 1622.7
1103570 1621.3
1103580 1621.3
1103590 1620.1
1103600 1617.6
1103610 1617.6
1103620 1614.2
1103630 1610.3
1103640 1610.3
1103650 1606.7
1103660 1603.4
1103670 1603.4
1103680 1600.8
1103690 1597.9
1103700 1597.9
1103710 1593.9
1103720 1589.8
1103730 1589.8
1103740 1586.4
1103750 1583.5
1103760 1581.6
1103770 1581.6
1103780 1579.6
1103790 1577.3
1103800 1579.7
1103810 1576.7
1103820 1573.4
1103830 1573.4
1103840 1571.5
1103850 1568.5
1103860 1568.5
1103870 1565.0
1103880 1558.9
1103890 1558.9
1103900 1550.9
1103910 1543.2
1103920 1543.2
1103930 1537.9
1103940 1537.0
1103950 1537.0
1103960 1533.6
1103970 1526.8
1103980 1520.6
1103990 1520.6
1104000 1515.5
1104010 1507.9
1104020 1507.9
1104030 1499.7
1104040 1493.9
1104050 1493.9
1104060 1486.8
1104070 1475.5
1104080 1475.5
1104090 1470.4
1104100 1471.6
1104110 1471.6
1104120 1469.0
1104130 1467.7
1104140 1461.7
1104150 1462.7
1104160 1462.7
1104170 1462.7
1104180 1464.6
1104190 1469.3
1104200 1473.6
1104210 1473.6
1104220 1478.6
1104230 1484.0
1104240 1484.0
1104250 1490.3
1104260 1492.8
1104270 1492.8
1104280 1489.0
1104290 1483.1
1104300 1483.1
1104310 1478.3
1104320 1472.5
1104330 1472.5
1104340 1466.6
1104350 1460.6
1104360 1460.6
1104370 1454.1
1104380 1447.7
1104390 1441.6
1104400 1441.6
1104410 1435.2
1104420 1429.6
1104430 1429.6
1104440 1423.2
1104450 1417.1
1104460 1417.1
1104470 1408.9
1104480 1403.3
1104490 1403.3
1104500 1397.3
1104510 1391.3
1104520 1391.3
1104530 1384.0
1104540 1378.3
1104550 1378.3
1104560 1373.3
1104570 1367.4
1104580 1367.4
1104590 1365.0
1104600 1363.7
1104610 1362.0
1104620 1362.0
1104630 1360.9
1104640 1363.0
1104650 1363.0
1104660 1364.1
1104670 1366.7
1104680 1366.7
1104690 1370.5
1104700 1373.2
1104710 1373.2
1104720 1375.8
1104730 1379.2
1104740 1379.2
1104750 1381.3
1104760 1381.9
1104770 1381.9
1104780 1382.0
1104790 1382.0
1104800 1385.1
1104810 1385.8
1104820 1387.9
1104830 1390.0
1104840 1390.0
1104850 1392.8
1104860 1394.6
1104870 1394.6
1104880 1395.7
1104890 1395.6
1104900 1395.6
1104910 1396.1
1104920 1398.3
1104930 1398.3
1104940 1400.2
1104950 1401.4
1104960 1401.4
1104970 1403.3
1104980 1405.5
1104990 1405.5
1105000 1406.7
1105010 1406.7
1105020 1407.2
1105030 1407.2
1105040 1407.7
1105050 1408.6
1105060 1408.6
1105070 1408.9
1105080 1409.4
1105090 1409.4
1105100 1410.1
1105110 1411.8
1105120 1411.8
1105130 1414.4
1105140 1419.1
1105150 1419.1
1105160 1420.6
1105170 1421.9
1105180 1421.9
1105190 1424.7
1105200 1428.1
1105210 1428.1
1105220 1431.9
1105230 1435.6
1105240 1439.6
1105250 1439.6
1105260 1443.3
1105270 1447.6
1105280 1447.6
1105290 1452.7
1105300 1457.4
1105310 1457.4
1105320 1463.3
1105330 1469.4
1105340 1469.4
1105350 1473.5
1105360 1477.9
1105370 1477.9
1105380 1483.1
1105390 1488.8
1105400 1488.8
1105410 1494.9
1105420 1500.4
1105430 1503.9
1105440 1503.9
1105450 1507.1
1105460 1511.2
1105470 1515.9
1105480 1520.5
1105490 1525.1
1105500 1525.1
1105510 1529.8
1105520 1534.8
1105530 1534.8
1105540 1541.9
1105550 1548.9
1105560 1548.9
1105570 1555.0
1105580 1560.6
1105590 1560.6
1105600 1565.7
1105610 1571.1
1105620 1571.1
1105630 1576.3
1105640 1580.9
1105650 1585.2
1105660 1585.2
1105670 1589.4
1105680 1594.5
1105690 1594.5
1105700 1600.6
1105710 1606.3
1105720 1606.3
1105730 1609.9
1105740 1621.2
1105750 1621.2
1105760 1634.5
1105770 1643.8
1105780 1643.8
1105790 1647.7
1105800 1662.3
1105810 1662.3
1105820 1659.5
1105830 1662.7
1105840 1662.7
1105850 1669.6
1105860 1675.6
1105870 1677.4
1105880 1677.4
1105890 1684.1
1105900 1689.1
1105910 1689.1
1105920 1695.6
1105930 1698.1
1105940 1698.1
1105950 1699.1
1105960 1699.0
1105970 1699.0
1105980 1701.7
1105990 1707.9
1106000 1707.9
1106010 1715.0
1106020 1717.4
1106030 1717.4
1106040 1713.0
1106050 1716.3
1106060 1725.2
1106070 1725.2
1106080 1739.7
1106090 1751.9
1106100 1751.9
1106110 1759.3
1106120 1763.0
1106130 1763.0
1106140 1765.9
1106150 1760.0
1106160 1760.0
1106170 1755.2
1106180 1752.0
1106190 1752.0
1106200 1745.8
1106210 1739.7
1106220 1739.7
1106230 1736.8
1106240 1734.8
1106250 1734.8
1106260 1730.8
1106270 1731.2
1106280 1730.2
1106290 1730.2
1106300 1728.5
1106310 1724.6
1106320 1724.6
1106330 1721.7
1106340 1719.7
1106350 1719.7
1106360 1719.2
1106370 1719.8
1106380 1719.8
1106390 1721.3
1106400 1722.5
1106410 1722.5
1106420 1724.5
1106430 1725.1
1106440 1725.1
1106450 1728.5
1106460 1734.9
1106470 1735.9
1106480 1742.4
1106490 1747.9
1106500 1751.5
1106510 1751.5
1106520 1757.0
1106530 1763.7
1106540 1763.7
1106550 1770.7
1106560 1777.8
1106570 1777.8
1106580 1785.4
1106590 1792.9
1106600 1792.9
1106610 1801.3
1106620 1810.2
1106630 1810.2
1106640 1817.2
1106650 1822.9
1106660 1822.9
1106670 1830.7
1106680 1839.2
1106690 1848.4
1106700 1848.4
1106710 1855.8
1106720 1861.7
1106730 1861.7
1106740 1865.7
1106750 1868.4
1106760 1868.4
1106770 1864.8
1106780 1855.9
1106790 1855.9
1106800 1847.0
1106810 1841.8
1106820 1841.8
1106830 1834.1
1106840 1827.6
1106850 1827.6
1106860 1821.7
1106870 1816.8
1106880 1816.8
1106890 1813.2
1106900 1810.8
1106910 1808.5
1106920 1808.5
1106930 1804.7
1106940 1800.4
1106950 1800.4
1106960 1793.9
1106970 1787.6
1106980 1787.6
1106990 1781.7
1107000 1776.6
1107010 1776.6
1107020 1772.7
1107030 1765.8
1107040 1765.8
1107050 1758.9
1107060 1752.3
1107070 1752.3
1107080 1746.2
1107090 1739.9
1107100 1734.4
1107110 1734.4
1107120 1730.2
1107130 1726.7
1107140 1732.4
1107150 1727.0
1107160 1721.0
1107170 1721.0
1107180 1713.8
1107190 1706.6
1107200 1706.6
1107210 1698.8
1107220 1691.0
1107230 1691.0
1107240 1683.7
1107250 1677.5
1107260 1677.5
1107270 1672.1
1107280 1666.7
1107290 1666.7
1107300 1661.1
1107310 1659.1
1107320 1659.1
1107330 1659.1
1107340 1658.7
1107350 1658.4
1107360 1658.4
1107370 1658.9
1107380 1660.6
1107390 1660.6
1107400 1661.7
1107410 1664.7
1107420 1664.7
1107430 1664.1
1107440 1663.9
1107450 1663.9
1107460 1663.2
1107470 1663.1
1107480 1664.1
1107490 1666.0
1107500 1668.5
1107510 1668.5
1107520 1670.2
1107530 1673.5
1107540 1676.9
1107550 1676.9
1107560 1681.0
1107570 1685.3
1107580 1685.3
1107590 1689.6
1107600 1694.3
1107610 1694.3
1107620 1699.6
1107630 1705.5
1107640 1705.5
1107650 1712.1
1107660 1717.9
1107670 1717.9
1107680 1723.6
1107690 1729.6
1107700 1729.6
1107710 1736.3
1107720 1743.7
1107730 1751.1
1107740 1751.1
1107750 1759.4
1107760 1768.9
1107770 1768.9
1107780 1775.9
1107790 1783.0
1107800 1783.0
1107810 1791.9
1107820 1806.9
1107830 1806.9
1107840 1817.2
1107850 1826.8
1107860 1826.8
1107870 1831.3
1107880 1836.9
1107890 1836.9
1107900 1845.2
1107910 1854.3
1107920 1854.3
1107930 1866.6
1107940 1885.1
1107950 1902.0
1107960 1902.0
1107970 1915.9
1107980 1925.1
1107990 1925.1
1108000 1938.7
1108010 1947.5
1108020 1947.5
1108030 1955.5
1108040 1962.4
1108050 1962.4
1108060 1967.7
1108070 1972.6
1108080 1972.6
1108090 1977.5
1108100 1983.1
1108110 1983.1
1108120 1988.8
1108130 1994.2
1108140 1994.2
1108150 2000.1
1108160 2006.1
1108170 2012.8
1108180 2012.8
1108190 2019.3
1108200 2024.8
1108210 2024.8
1108220 2027.3
1108230 2026.3
1108240 2026.3
1108250 2023.4
1108260 2019.9
1108270 2019.9
1108280 2017.1
1108290 2014.7
1108300 2014.7
1108310 2012.1
1108320 2009.3
1108330 2009.3
1108340 2006.5
1108350 2004.6
1108360 2003.1
1108370 2003.1
1108380 2000.9
1108390 1998.3
1108400 1998.3
1108410 1995.7
1108420 1994.0
1108430 1994.0
1108440 1993.0
1108450 1993.1
1108460 1993.1
1108470 1993.2
1108480 1994.6
1108490 1998.8
1108500 2001.2
1108510 2004.0
1108520 2004.0
1108530 2005.0
1108540 2004.0
1108550 2004.0
1108560 1999.4
1108570 2002.5
1108580 2011.5
1108590 2011.5
1108600 2015.7
1108610 2017.9
1108620 2017.9
1108630 2018.9
1108640 2019.3
1108650 2019.3
1108660 2019.3
1108670 2019.1
1108680 2019.1
1108690 2019.7
1108700 2020.7
1108710 2020.7
1108720 2022.1
1108730 2024.3
1108740 2024.3
1108750 2024.8
1108760 2025.7
1108770 2027.1
1108780 2027.1
1108790 2028.2
1108800 2029.5
1108810 2029.5
1108820 2033.1
1108830 2034.7
1108840 2034.7
1108850 2035.7
1108860 2036.3
1108870 2036.3
1108880 2037.5
1108890 2039.6
1108900 2039.6
1108910 2041.8
1108920 2043.9
1108930 2043.9
1108940 2046.5
1108950 2049.7
1108960 2049.7
1108970 2054.0
1108980 2056.6
1108990 2058.1
1109000 2058.1
1109010 2060.7
1109020 2062.7
1109030 2062.7
1109040 2064.1
1109050 2064.8
1109060 2064.8
1109070 2067.3
1109080 2073.9
1109090 2073.9
1109100 2078.8
1109110 2083.3
1109120 2083.3
1109130 2088.7
1109140 2094.1
1109150 2094.1
1109160 2100.3
1109170 2106.1
1109180 2106.1
1109190 2111.3
1109200 2114.3
1109210 2119.3
1109220 2119.3
1109230 2122.2
1109240 2123.5
1109250 2123.5
1109260 2124.3
1109270 2127.3
1109280 2127.3
1109290 2130.2
1109300 2134.0
1109310 2134.0
1109320 2138.4
1109330 2144.2
1109340 2144.2
1109350 2149.9
1109360 2155.2
1109370 2155.2
1109380 2160.9
1109390 2165.9
1109400 2171.5
1109410 2171.5
1109420 2177.8
1109430 2184.4
1109440 2184.4
1109450 2191.4
1109460 2197.1
1109470 2197.1
1109480 2200.4
1109490 2202.6
1109500 2204.2
1109510 2209.8
1109520 2216.1
1109530 2216.1
1109540 2221.7
1109550 2224.2
1109560 2224.2
1109570 2225.7
1109580 2225.1
1109590 2225.1
1109600 2223.0
1109610 2220.7
1109620 2217.1
1109630 2217.1
1109640 2214.0
1109650 2212.4
1109660 2212.4
1109670 2209.7
1109680 2207.2
1109690 2207.2
1109700 2204.3
1109710 2201.2
1109720 2201.2
1109730 2198.3
1109740 2195.4
1109750 2195.4
1109760 2193.4
1109770 2191.3
1109780 2191.3
1109790 2187.7
1109800 2184.3
1109810 2184.3
1109820 2182.2
1109830 2178.6
1109840 2175.6
1109850 2175.6
1109860 2171.0
1109870 2168.2
1109880 2168.2
1109890 2166.0
1109900 2163.3
1109910 2163.3
1109920 2158.8
1109930 2155.0
1109940 2155.0
1109950 2152.0
1109960 2149.0
1109970 2149.0
1109980 2146.7
1109990 2144.4
1110000 2144.4
1110010 2141.8
1110020 2139.3
1110030 2135.6
1110040 2135.6
1110050 2129.5
1110060 2122.8
1110070 2122.8
1110080 2118.1
1110090 2116.8
1110100 2116.8
1110110 2113.1
1110120 2107.5
1110130 2107.5
1110140 2104.5
1110150 2099.6
1110160 2099.6
1110170 2096.5
1110180 2095.1
1110190 2095.1
1110200 2092.4
1110210 2089.2
1110220 2089.2
1110230 2086.5
1110240 2083.4
1110250 2082.3
1110260 2082.3
1110270 2080.1
1110280 2079.1
1110290 2079.1
1110300 2078.3
1110310 2075.0
1110320 2075.0
1110330 2070.3
1110340 2064.9
1110350 2064.9
1110360 2060.7
1110370 2056.4
1110380 2056.4
1110390 2052.0
1110400 2049.1
1110410 2049.1
1110420 2045.2
1110430 2040.4
1110440 2038.0
1110450 2038.0
1110460 2036.1
1110470 2034.3
1110480 2034.3
1110490 2032.4
1110500 2029.4
1110510 2028.6
1110520 2021.4
1110530 2014.3
1110540 2014.3
1110550 2009.7
1110560 2006.0
1110570 2006.0
1110580 2002.0
1110590 1998.5
1110600 1998.5
1110610 1995.0
1110620 1992.2
1110630 1992.2
1110640 1989.0
1110650 1985.5
1110660 1982.1
1110670 1982.1
1110680 1979.2
1110690 1976.0
1110700 1976.0
1110710 1972.1
1110720 1967.9
1110730 1967.9
1110740 1963.6
1110750 1958.9
1110760 1958.9
1110770 1954.3
1110780 1949.5
1110790 1949.5
1110800 1944.6
1110810 1940.0
1110820 1940.0
1110830 1935.7
1110840 1931.4
1110850 1931.0
1110860 1925.3
1110870 1920.3
1110880 1915.0
1110890 1915.0
1110900 1907.9
1110910 1898.6
1110920 1898.6
1110930 1890.8
1110940 1883.8
1110950 1883.8
1110960 1876.4
1110970 1870.9
1110980 1870.9
1110990 1867.2
1111000 1861.8
1111010 1861.8
1111020 1855.8
1111030 1850.7
1111040 1850.7
1111050 1845.2
1111060 1837.9
1111070 1828.9
1111080 1828.9
1111090 1819.9
1111100 1811.3
1111110 1811.3
1111120 1802.6
1111130 1794.3
1111140 1794.3
1111150 1786.6
1111160 1779.0
1111170 1779.0
1111180 1771.6
1111190 1766.2
1111200 1766.2
1111210 1759.5
1111220 1753.0
1111230 1753.0
1111240 1747.1
1111250 1742.6
1111260 1742.6
1111270 1738.5
1111280 1734.5
1111290 1731.4
1111300 1731.4
1111310 1728.1
1111320 1726.2
1111330 1726.2
1111340 1724.8
1111350 1723.2
1111360 1723.2
1111370 1722.1
1111380 1720.9
1111390 1720.9
1111400 1720.2
1111410 1719.3
1111420 1719.3
1111430 1718.2
1111440 1717.3
1111450 1717.3
1111460 1715.8
1111470 1715.6
1111480 1716.1
1111490 1716.1
1111500 1717.6
1111510 1719.8
1111520 1719.8
1111530 1724.2
1111540 1726.4
1111550 1726.4
1111560 1730.1
1111570 1735.1
1111580 1735.1
1111590 1740.2
1111600 1746.2
1111610 1746.2
1111620 1751.0
1111630 1757.0
1111640 1757.0
1111650 1762.7
1111660 1768.1
1111670 1768.1
1111680 1774.5
1111690 1779.8
1111700 1785.7
1111710 1785.7
1111720 1792.2
1111730 1799.5
1111740 1799.5
1111750 1806.9
1111760 1813.9
1111770 1813.9
1111780 1820.1
1111790 1826.9
1111800 1826.9
1111810 1834.5
1111820 1842.0
1111830 1842.0
1111840 1848.2
1111850 1856.1
1111860 1856.1
1111870 1864.2
1111880 1872.7
1111890 1872.7
1111900 1881.1
1111910 1887.8
1111920 1894.0
1111930 1894.0
1111940 1901.1
1111950 1907.5
1111960 1907.5
1111970 1913.1
1111980 1917.9
1111990 1917.9
1112000 1922.7
1112010 1927.4
1112020 1927.4
1112030 1932.7
1112040 1935.9
1112050 1935.9
1112060 1939.3
1112070 1944.2
1112080 1944.2
1112090 1950.2
1112100 1954.7
1112110 1960.1
1112120 1960.1
1112130 1966.3
1112140 1969.4
1112150 1969.4
1112160 1972.8
1112170 1978.6
1112180 1978.6
1112190 1983.2
1112200 1989.3
1112210 1990.8
1112220 1997.5
1112230 2002.7
1112240 2002.7
1112250 2008.7
1112260 2016.1
1112270 2016.1
1112280 2023.9
1112290 2031.6
1112300 2031.6
1112310 2038.5
1112320 2045.3
1112330 2051.3
1112340 2051.3
1112350 2056.9
1112360 2062.6
1112370 2062.6
1112380 2069.1
1112390 2070.3
1112400 2070.3
1112410 2067.6
1112420 2061.5
1112430 2061.5
1112440 2053.1
1112450 2045.5
1112460 2045.5
1112470 2038.3
1112480 2032.1
1112490 2032.1
1112500 2031.9
1112510 2036.5
1112520 2036.5
1112530 2044.9
1112540 2050.0
1112550 2055.0
1112560 2055.0
1112570 2055.3
1112580 2056.0
1112590 2056.0
1112600 2054.6
1112610 2054.3
1112620 2054.3
1112630 2051.0
1112640 2040.7
1112650 2040.7
1112660 2032.9
1112670 2027.2
1112680 2027.2
1112690 2022.4
1112700 2018.8
1112710 2018.8
1112720 2016.2
1112730 2015.3
1112740 2014.0
1112750 2014.0
1112760 2012.4
1112770 2009.1
1112780 2009.1
1112790 2006.9
1112800 2004.6
1112810 2004.6
1112820 2004.4
1112830 2004.2
1112840 2004.2
1112850 2000.1
1112860 1995.9
1112870 1995.9
1112880 1994.1
1112890 1998.9
1112900 1998.9
1112910 1997.0
1112920 1992.2
1112930 1992.2
1112940 1989.3
1112950 1989.0
1112960 1988.3
1112970 1988.3
1112980 1986.9
1112990 1986.6
1113000 1986.6
1113010 1987.4
1113020 1987.5
1113030 1987.5
1113040 1987.3
1113050 1986.4
1113060 1986.4
1113070 1985.1
1113080 1985.4
1113090 1985.4
1113100 1985.5
1113110 1984.6
1113120 1984.6
1113130 1982.5
1113140 1979.2
1113150 1979.2
1113160 1979.2
1113170 1980.4
1113180 1979.7
1113190 1979.7
1113200 1976.7
1113210 1971.1
1113220 1971.1
1113230 1968.4
1113240 1960.0
1113250 1960.0
1113260 1953.9
1113270 1939.7
1113280 1939.7
1113290 1932.9
1113300 1929.2
1113310 1929.2
1113320 1925.5
1113330 1921.4
1113340 1921.4
1113350 1917.2
1113360 1913.3
1113370 1910.2
1113380 1910.2
1113390 1907.9
1113400 1905.7
1113410 1905.7
1113420 1902.6
1113430 1899.7
1113440 1899.7
1113450 1898.4
1113460 1897.1
1113470 1897.1
1113480 1896.0
1113490 1895.8
1113500 1895.8
1113510 1896.4
1113520 1896.5
1113530 1896.5
1113540 1895.4
1113550 1892.1
1113560 1892.1
1113570 1893.3
1113580 1890.9
1113590 1888.6
1113600 1888.6
1113610 1886.0
1113620 1883.4
1113630 1883.4
1113640 1883.1
1113650 1880.6
1113660 1880.6
1113670 1875.9
1113680 1870.8
1113690 1870.8
1113700 1865.7
1113710 1854.6
1113720 1854.6
1113730 1836.6
1113740 1822.8
1113750 1822.8
1113760 1816.5
1113770 1809.5
1113780 1803.4
1113790 1803.4
1113800 1796.6
1113810 1789.6
1113820 1789.6
1113830 1783.2
1113840 1778.1
1113850 1778.1
1113860 1775.0
1113870 1773.1
1113880 1773.1
1113890 1771.2
1113900 1770.3
1113910 1771.4
1113920 1770.2
1113930 1769.8
1113940 1769.8
1113950 1769.4
1113960 1769.4
1113970 1769.4
1113980 1771.9
1113990 1775.7
1114000 1777.2
1114010 1777.2
1114020 1774.7
1114030 1769.9
1114040 1769.9
1114050 1765.3
1114060 1761.5
1114070 1761.5
1114080 1755.5
1114090 1748.6
1114100 1748.6
1114110 1743.4
1114120 1739.0
1114130 1739.0
1114140 1735.3
1114150 1732.5
1114160 1732.5
1114170 1728.0
1114180 1724.1
1114190 1721.2
1114200 1721.2
1114210 1717.8
1114220 1714.9
1114230 1714.9
1114240 1711.1
1114250 1707.0
1114260 1711.3
1114270 1707.2
1114280 1704.2
1114290 1704.2
1114300 1700.7
1114310 1697.2
1114320 1697.2
1114330 1694.3
1114340 1692.3
1114350 1692.3
1114360 1689.3
1114370 1686.3
1114380 1686.3
1114390 1683.8
1114400 1681.1
1114410 1668.8
1114420 1668.8
1114430 1659.0
1114440 1652.2
1114450 1652.2
1114460 1646.8
1114470 1639.8
1114480 1639.8
1114490 1629.7
1114500 1620.3
1114510 1620.3
1114520 1612.0
1114530 1606.3
1114540 1606.3
1114550 1599.8
1114560 1592.8
1114570 1592.8
1114580 1585.9
1114590 1579.7
1114600 1581.9
1114610 1576.9
1114620 1572.0
1114630 1567.1
1114640 1567.1
1114650 1563.1
1114660 1559.5
1114670 1559.5
1114680 1555.9
1114690 1552.3
1114700 1552.3
1114710 1548.9
1114720 1545.6
1114730 1545.6
1114740 1541.2
1114750 1536.5
1114760 1536.5
1114770 1531.2
1114780 1526.7
1114790 1526.7
1114800 1522.0
1114810 1517.1
1114820 1513.2
1114830 1513.2
1114840 1509.1
1114850 1504.4
1114860 1504.4
1114870 1499.6
1114880 1494.2
1114890 1494.2
1114900 1487.8
1114910 1482.1
1114920 1482.1
1114930 1477.6
1114940 1475.8
1114950 1475.8
1114960 1471.5
1114970 1468.8
1114980 1468.8
1114990 1467.1
1115000 1465.2
1115010 1465.2
1115020 1465.0
1115030 1464.1
1115040 1463.0
1115050 1463.0
1115060 1460.5
1115070 1457.2
1115080 1457.2
1115090 1454.3
1115100 1452.7
1115110 1452.7
1115120 1451.3
1115130 1447.4
1115140 1447.4
1115150 1443.7
1115160 1440.8
1115170 1440.8
1115180 1437.4
1115190 1432.4
1115200 1432.4
1115210 1426.8
1115220 1421.7
1115230 1417.3
1115240 1417.3
1115250 1412.9
1115260 1408.1
1115270 1408.1
1115280 1408.1
1115290 1405.3
1115300 1405.3
1115310 1403.0
1115320 1400.2
1115330 1400.2
1115340 1396.4
1115350 1390.1
1115360 1390.1
1115370 1381.9
1115380 1373.8
1115390 1373.8
1115400 1366.4
1115410 1359.3
1115420 1359.3
1115430 1352.6
1115440 1345.2
1115450 1336.3
1115460 1336.3
1115470 1328.6
1115480 1323.1
1115490 1323.1
1115500 1316.3
1115510 1309.6
1115520 1309.6
1115530 1302.9
1115540 1295.7
1115550 1295.7
1115560 1289.2
1115570 1282.5
1115580 1282.5
1115590 1275.0
1115600 1265.4
1115610 1265.4
1115620 1256.9
1115630 1249.9
1115640 1249.9
1115650 1242.8
1115660 1236.0
1115670 1229.3
1115680 1229.3
1115690 1222.2
1115700 1215.4
1115710 1215.4
1115720 1208.3
1115730 1201.5
1115740 1201.5
1115750 1194.9
1115760 1188.3
1115770 1188.3
1115780 1181.5
1115790 1175.1
1115800 1175.1
1115810 1168.8
1115820 1163.7
1115830 1163.7
1115840 1159.0
1115850 1154.1
1115860 1149.7
1115870 1149.7
1115880 1143.6
1115890 1137.1
1115900 1137.1
1115910 1131.5
1115920 1124.9
1115930 1124.9
1115940 1117.2
1115950 1110.4
1115960 1110.4
1115970 1106.7
1115980 1105.4
1115990 1105.4
1116000 1103.8
1116010 1101.3
1116020 1101.3
1116030 1100.2
1116040 1096.2
1116050 1096.2
1116060 1090.1
1116070 1084.6
1116080 1080.7
1116090 1080.7
1116100 1076.7
1116110 1072.8
1116120 1072.8
1116130 1068.3
1116140 1063.9
1116150 1063.9
1116160 1059.7
1116170 1054.0
1116180 1054.0
1116190 1047.4
1116200 1041.6
1116210 1041.6
1116220 1035.7
1116230 1029.4
1116240 1029.4
1116250 1024.8
1116260 1026.3
1116270 1026.3
1116280 1027.2
1116290 1027.1
1116300 1025.8
1116310 1026.4
1116320 1025.1
1116330 1024.1
1116340 1024.1
1116350 1023.6
1116360 1023.4
1116370 1023.4
1116380 1023.9
1116390 1023.8
1116400 1023.8
1116410 1023.6
1116420 1023.2
1116430 1023.2
1116440 1022.1
1116450 1021.9
1116460 1021.9
1116470 1022.4
1116480 1022.0
1116490 1021.1
1116500 1021.1
1116510 1020.7
1116520 1019.4
1116530 1019.4
1116540 1018.1
1116550 1017.6
1116560 1017.6
1116570 1017.0
1116580 1015.9
1116590 1015.9
1116600 1014.5
1116610 1013.3
1116620 1013.3
1116630 1012.4
1116640 1011.2
1116650 1011.2
1116660 1011.3
1116670 1010.0
1116680 1010.0
1116690 1009.0
1116700 1007.8
1116710 1006.6
1116720 1006.6
1116730 1005.0
1116740 1003.7
1116750 1003.7
1116760 1002.5
1116770 1000.8
1116780 1000.8
1116790 998.6
1116800 996.9
1116810 996.9
1116820 995.9
1116830 995.4
1116840 995.4
1116850 994.5
1116860 993.4
1116870 993.4
1116880 992.3
1116890 991.4
1116900 990.5
1116910 990.5
1116920 989.6
1116930 988.9
1116940 988.9
1116950 988.4
1116960 988.5
1116970 988.5
1116980 989.5
1116990 990.4
1117000 992.3
1117010 992.0
1117020 992.5
1117030 992.5
1117040 993.9
1117050 994.2
1117060 994.2
1117070 994.9
1117080 995.6
1117090 995.6
1117100 996.2
1117110 996.5
1117120 996.7
1117130 996.7
1117140 994.7
1117150 989.4
1117160 989.4
1117170 986.0
1117180 984.6
1117190 984.6
1117200 989.6
1117210 994.1
1117220 994.1
1117230 994.8
1117240 993.1
1117250 993.1
1117260 990.6
1117270 988.3
1117280 988.3
1117290 986.3
1117300 985.3
1117310 985.3
1117320 986.3
1117330 988.1
1117340 986.6
1117350 986.6
1117360 988.8
1117370 990.1
1117380 990.1
1117390 990.8
1117400 991.2
1117410 991.2
1117420 992.4
1117430 994.4
1117440 994.4
1117450 996.6
1117460 998.5
1117470 998.5
1117480 1000.7
1117490 1002.9
1117500 1002.9
1117510 1005.8
1117520 1008.3
1117530 1011.1
1117540 1011.1
1117550 1014.1
1117560 1016.4
1117570 1016.4
1117580 1019.6
1117590 1022.3
1117600 1022.3
1117610 1022.9
1117620 1025.1
1117630 1025.1
1117640 1027.9
1117650 1031.2
1117660 1031.2
1117670 1033.6
1117680 1035.5
1117690 1033.0
1117700 1032.6
1117710 1032.6
1117720 1032.6
1117730 1033.4
1117740 1035.4
1117750 1039.4
1117760 1039.4
1117770 1043.3
1117780 1047.3
1117790 1047.3
1117800 1052.6
1117810 1057.2
1117820 1057.2
1117830 1061.5
1117840 1065.5
1117850 1065.5
1117860 1071.5
1117870 1077.6
1117880 1077.6
1117890 1084.7
1117900 1089.3
1117910 1089.3
1117920 1096.1
1117930 1102.5
1117940 1108.6
1117950 1108.6
1117960 1115.0
1117970 1121.3
1117980 1121.3
1117990 1126.8
1118000 1129.9
1118010 1129.9
1118020 1134.5
1118030 1128.9
1118040 1128.9
1118050 1129.6
1118060 1132.6
1118070 1132.6
1118080 1142.0
1118090 1150.2
1118100 1150.2
1118110 1162.1
1118120 1171.1
1118130 1171.1
1118140 1179.5
1118150 1187.9
1118160 1196.7
1118170 1196.7
1118180 1203.5
1118190 1209.6
1118200 1209.6
1118210 1215.1
1118220 1220.5
1118230 1220.5
1118240 1225.8
1118250 1231.1
1118260 1231.1
1118270 1236.4
1118280 1241.4
1118290 1241.4
1118300 1247.5
1118310 1253.5
1118320 1253.5
1118330 1259.5
1118340 1265.3
1118350 1265.3
1118360 1271.9
1118370 1281.5
1118380 1282.8
1118390 1282.8
1118400 1290.1
1118410 1296.5
1118420 1296.5
1118430 1302.1
1118440 1308.7
1118450 1308.7
1118460 1315.6
1118470 1321.9
1118480 1321.9
1118490 1327.5
1118500 1341.7
1118510 1341.7
1118520 1367.0
1118530 1380.0
1118540 1380.0
1118550 1386.5
1118560 1393.3
1118570 1401.4
1118580 1401.4
1118590 1409.0
1118600 1416.4
1118610 1416.4
1118620 1422.8
1118630 1429.2
1118640 1429.2
1118650 1437.1
1118660 1454.7
1118670 1454.7
1118680 1471.2
1118690 1476.4
1118700 1476.4
1118710 1479.5
1118720 1481.5
1118730 1479.3
1118740 1482.7
1118750 1483.1
1118760 1483.1
1118770 1484.3
1118780 1484.4
1118790 1482.5
1118800 1482.5
1118810 1481.7
1118820 1483.8
1118830 1483.8
1118840 1485.1
1118850 1483.5
1118860 1483.5
1118870 1481.9
1118880 1482.0
1118890 1482.0
1118900 1482.7
1118910 1485.0
1118920 1485.0
1118930 1489.1
1118940 1492.4
1118950 1492.4
1118960 1493.6
1118970 1495.2
1118980 1497.1
1118990 1497.1
1119000 1498.2
1119010 1499.1
1119020 1499.1
1119030 1497.8
1119040 1496.3
1119050 1496.3
1119060 1497.1
1119070 1499.2
1119080 1499.2
1119090 1500.2
1119100 1499.8
1119110 1499.8
1119120 1499.1
1119130 1498.6
1119140 1498.6
1119150 1498.3
1119160 1497.9
1119170 1497.9
1119180 1497.9
1119190 1498.2
1119200 1498.3
1119210 1498.3
1119220 1498.7
1119230 1499.3
1119240 1499.3
1119250 1499.8
1119260 1501.0
1119270 1501.0
1119280 1502.8
1119290 1504.9
1119300 1504.9
1119310 1507.3
1119320 1509.3
1119330 1509.3
1119340 1512.4
1119350 1515.7
1119360 1515.7
1119370 1519.3
1119380 1522.5
1119390 1522.5
1119400 1525.2
1119410 1527.8
1119420 1525.7
1119430 1525.7
1119440 1527.6
1119450 1529.0
1119460 1529.0
1119470 1531.2
1119480 1533.3
1119490 1533.3
1119500 1536.1
1119510 1539.0
1119520 1539.0
1119530 1540.7
1119540 1543.0
1119550 1543.0
1119560 1546.2
1119570 1549.7
1119580 1549.7
1119590 1553.4
1119600 1556.9
1119610 1560.5
1119620 1560.5
1119630 1564.6
1119640 1568.2
1119650 1568.2
1119660 1570.9
1119670 1573.6
1119680 1573.6
1119690 1576.1
1119700 1578.7
1119710 1578.7
1119720 1580.9
1119730 1583.5
1119740 1583.5
1119750 1586.6
1119760 1584.9
1119770 1584.9
1119780 1587.6
1119790 1589.4
1119800 1589.4
1119810 1591.0
1119820 1593.2
1119830 1595.2
1119840 1595.2
1119850 1597.5
1119860 1600.3
1119870 1600.3
1119880 1603.1
1119890 1605.9
1119900 1605.9
1119910 1608.4
1119920 1611.5
1119930 1611.5
1119940 1615.2
1119950 1619.1
1119960 1619.1
1119970 1622.8
1119980 1626.3
1119990 1626.3
