1100000 2396.6
1100010 2391.1
1100020 2385.1
1100030 2385.1
1100040 2377.6
1100050 2370.0
1100060 2374.3
1100070 2366.9
1100080 2360.9
1100090 2360.9
1100100 2355.5
1100110 2350.0
1100120 2350.0
1100130 2345.1
1100140 2341.3
1100150 2341.3
1100160 2338.0
1100170 2337.6
1100180 2337.6
1100190 2339.8
1100200 2342.9
1100210 2343.1
1100220 2343.1
1100230 2339.5
1100240 2333.8
1100250 2333.8
1100260 2324.6
1100270 2322.7
1100280 2322.7
1100290 2322.4
1100300 2324.3
1100310 2324.3
1100320 2326.0
1100330 2325.9
1100340 2325.9
1100350 2324.2
1100360 2320.4
1100370 2320.4
1100380 2315.1
1100390 2306.9
1100400 2298.5
1100410 2298.5
1100420 2290.5
1100430 2282.8
1100440 2282.8
1100450 2276.4
1100460 2270.7
1100470 2270.7
1100480 2265.1
1100490 2261.5
1100500 2261.5
1100510 2259.1
1100520 2256.2
1100530 2256.2
1100540 2253.8
1100550 2252.2
1100560 2252.2
1100570 2251.0
1100580 2244.7
1100590 2244.7
1100600 2237.1
1100610 2230.3
1100620 2220.4
1100630 2220.4
1100640 2212.4
1100650 2206.6
1100660 2206.6
1100670 2200.4
1100680 2194.6
1100690 2194.6
1100700 2188.4
1100710 2182.9
1100720 2182.1
1100730 2176.0
1100740 2170.1
1100750 2170.1
1100760 2164.5
1100770 2159.3
1100780 2159.3
1100790 2154.2
1100800 2149.1
1100810 2149.1
1100820 2144.4
1100830 2140.4
1100840 2136.6
1100850 2136.6
1100860 2132.5
1100870 2128.7
1100880 2128.7
1100890 2124.5
1100900 2120.5
1100910 2120.5
1100920 2116.9
1100930 2112.9
1100940 2112.9
1100950 2109.6
1100960 2106.5
1100970 2106.5
1100980 2103.7
1100990 2100.7
1101000 2100.7
1101010 2097.9
1101020 2095.0
1101030 2092.3
1101040 2092.3
1101050 2088.0
1101060 2085.0
1101070 2085.0
1101080 2081.8
1101090 2078.3
1101100 2078.3
1101110 2074.9
1101120 2071.5
1101130 2071.5
1101140 2068.4
1101150 2064.9
1101160 2064.9
1101170 2061.3
1101180 2058.8
1101190 2058.8
1101200 2057.4
1101210 2056.1
1101220 2056.1
1101230 2054.5
1101240 2050.9
1101250 2045.2
1101260 2045.2
1101270 2038.8
1101280 2032.1
1101290 2032.1
1101300 2027.6
1101310 2024.3
1101320 2024.3
1101330 2021.3
1101340 2018.5
1101350 2018.5
1101360 2015.6
1101370 2012.7
1101380 2010.2
1101390 2007.8
1101400 2005.3
1101410 2005.3
1101420 2002.9
1101430 1999.8
1101440 1999.8
1101450 1996.5
1101460 1993.5
1101470 1990.8
1101480 1990.8
1101490 1988.1
1101500 1986.1
1101510 1986.1
1101520 1983.5
1101530 1980.8
1101540 1980.8
1101550 1978.2
1101560 1976.0
1101570 1976.0
1101580 1973.7
1101590 1971.7
1101600 1971.7
1101610 1970.4
1101620 1969.5
1101630 1969.5
1101640 1967.8
1101650 1965.9
1101660 1963.3
1101670 1963.3
1101680 1960.2
1101690 1958.0
1101700 1958.0
1101710 1956.9
1101720 1950.9
1101730 1950.9
1101740 1948.7
1101750 1946.8
1101760 1946.8
1101770 1944.8
1101780 1942.7
1101790 1942.7
1101800 1940.1
1101810 1937.0
1101820 1937.0
1101830 1935.4
1101840 1935.4
1101850 1935.4
1101860 1935.2
1101870 1933.2
1101880 1930.6
1101890 1930.6
1101900 1927.5
1101910 1926.6
1101920 1926.6
1101930 1925.7
1101940 1924.9
1101950 1924.9
1101960 1922.2
1101970 1919.6
1101980 1919.6
1101990 1917.6
1102000 1915.8
1102010 1915.8
1102020 1914.6
1102030 1913.1
1102040 1913.1
1102050 1905.1
1102060 1903.0
1102070 1901.3
1102080 1901.3
1102090 1899.3
1102100 1898.2
1102110 1898.2
1102120 1896.0
1102130 1892.6
1102140 1892.6
1102150 1887.0
1102160 1882.3
1102170 1882.3
1102180 1878.7
1102190 1875.9
1102200 1875.9
1102210 1871.4
1102220 1868.3
1102230 1868.3
1102240 1870.8
1102250 1871.9
1102260 1871.9
1102270 1868.9
1102280 1864.4
1102290 1861.6
1102300 1861.6
1102310 1860.1
1102320 1856.9
1102330 1856.9
1102340 1853.0
1102350 1849.7
1102360 1849.7
1102370 1846.6
1102380 1837.5
1102390 1837.5
1102400 1833.6
1102410 1831.0
1102420 1831.0
1102430 1827.7
1102440 1824.9
1102450 1824.9
1102460 1821.5
1102470 1818.1
1102480 1818.1
1102490 1814.4
1102500 1810.8
1102510 1808.1
1102520 1808.1
1102530 1806.7
1102540 1804.1
1102550 1804.1
1102560 1801.7
1102570 1799.1
1102580 1799.1
1102590 1796.4
1102600 1793.1
1102610 1793.1
1102620 1790.1
1102630 1787.2
1102640 1787.2
1102650 1784.3
1102660 1780.7
1102670 1780.7
1102680 1777.3
1102690 1773.8
1102700 1769.5
1102710 1765.7
1102720 1761.6
1102730 1757.1
1102740 1757.1
1102750 1752.6
1102760 1747.3
1102770 1747.3
1102780 1741.5
1102790 1735.0
1102800 1735.0
1102810 1730.7
1102820 1727.9
1102830 1727.9
1102840 1721.7
1102850 1715.6
1102860 1715.6
1102870 1710.4
1102880 1706.9
1102890 1706.9
1102900 1703.4
1102910 1699.2
1102920 1696.4
1102930 1696.4
1102940 1694.5
1102950 1692.1
1102960 1692.1
1102970 1687.4
1102980 1681.1
1102990 1681.1
1103000 1676.6
1103010 1673.8
1103020 1673.8
1103030 1671.2
1103040 1670.8
1103050 1670.8
1103060 1668.4
1103070 1665.0
1103080 1665.0
1103090 1660.8
1103100 1656.3
1103110 1656.3
1103120 1652.0
1103130 1649.0
1103140 1646.2
1103150 1646.2
1103160 1642.9
1103170 1640.2
1103180 1640.2
1103190 1637.5
1103200 1634.1
1103210 1634.1
1103220 1631.4
1103230 1628.6
1103240 1628.6
1103250 1626.0
1103260 1623.6
1103270 1623.6
1103280 1620.6
1103290 1617.7
1103300 1617.7
1103310 1614.8
1103320 1612.0
1103330 1609.8
1103340 1609.8
1103350 1608.8
1103360 1605.9
1103370 1605.9
1103380 1604.1
1103390 1602.9
1103400 1602.9
1103410 1601.9
1103420 1600.9
1103430 1600.9
1103440 1599.5
1103450 1597.5
1103460 1597.5
1103470 1593.9
1103480 1588.6
1103490 1588.6
1103500 1585.3
1103510 1582.0
1103520 1582.0
1103530 1577.4
1103540 1572.9
1103550 1569.8
1103560 1569.8
1103570 1567.8
1103580 1567.0
1103590 1567.0
1103600 1565.7
1103610 1564.7
1103620 1564.7
1103630 1564.8
1103640 1563.0
1103650 1563.0
1103660 1558.6
1103670 1560.8
1103680 1560.8
1103690 1560.8
1103700 1557.5
1103710 1551.5
1103720 1557.2
1103730 1561.7
1103740 1564.8
1103750 1564.8
1103760 1566.5
1103770 1562.9
1103780 1562.9
1103790 1557.4
1103800 1552.6
1103810 1552.6
1103820 1551.2
1103830 1549.8
1103840 1549.8
1103850 1548.6
1103860 1549.9
1103870 1549.9
1103880 1551.8
1103890 1552.6
1103900 1552.6
1103910 1551.1
1103920 1547.5
1103930 1547.5
1103940 1544.2
1103950 1540.5
1103960 1535.5
1103970 1535.5
1103980 1532.0
1103990 1527.7
1104000 1527.7
1104010 1521.9
1104020 1517.8
1104030 1517.8
1104040 1513.1
1104050 1509.1
1104060 1509.1
1104070 1504.8
1104080 1499.3
1104090 1499.3
1104100 1493.2
1104110 1486.5
1104120 1486.5
1104130 1479.7
1104140 1472.7
1104150 1472.7
1104160 1465.8
1104170 1459.3
1104180 1452.9
1104190 1452.9
1104200 1445.6
1104210 1437.9
1104220 1437.9
1104230 1430.7
1104240 1424.7
1104250 1424.7
1104260 1420.9
1104270 1418.2
1104280 1418.2
1104290 1417.7
1104300 1417.2
1104310 1417.2
1104320 1416.4
1104330 1416.4
1104340 1416.4
1104350 1415.5
1104360 1414.8
1104370 1411.2
1104380 1411.2
1104390 1409.0
1104400 1406.5
1104410 1406.5
1104420 1404.0
1104430 1401.9
1104440 1401.9
1104450 1397.5
1104460 1390.3
1104470 1390.3
1104480 1385.2
1104490 1381.3
1104500 1381.3
1104510 1378.0
1104520 1376.4
1104530 1376.4
1104540 1376.0
1104550 1375.8
1104560 1375.8
1104570 1372.7
1104580 1372.7
1104590 1375.0
1104600 1375.0
1104610 1379.3
1104620 1387.2
1104630 1387.2
1104640 1393.5
1104650 1396.2
1104660 1396.2
1104670 1398.2
1104680 1400.8
1104690 1400.8
1104700 1403.1
1104710 1408.6
1104720 1408.6
1104730 1410.9
1104740 1413.4
1104750 1413.4
1104760 1415.7
1104770 1417.8
1104780 1420.8
1104790 1420.8
1104800 1423.0
1104810 1425.2
1104820 1425.2
1104830 1426.8
1104840 1429.0
1104850 1429.0
1104860 1431.0
1104870 1434.0
1104880 1434.0
1104890 1437.6
1104900 1440.0
1104910 1440.0
1104920 1443.4
1104930 1446.4
1104940 1446.4
1104950 1447.4
1104960 1449.1
1104970 1449.1
1104980 1451.3
1104990 1453.4
1105000 1455.3
1105010 1455.3
1105020 1455.2
1105030 1456.2
1105040 1460.0
1105050 1461.6
1105060 1465.2
1105070 1465.2
1105080 1466.1
1105090 1466.3
1105100 1466.3
1105110 1469.4
1105120 1472.9
1105130 1472.9
1105140 1475.7
1105150 1477.5
1105160 1477.5
1105170 1479.3
1105180 1481.7
1105190 1481.7
1105200 1483.4
1105210 1485.7
1105220 1490.1
1105230 1490.1
1105240 1496.1
1105250 1502.8
1105260 1502.8
1105270 1509.5
1105280 1515.4
1105290 1515.4
1105300 1521.8
1105310 1527.2
1105320 1527.2
1105330 1532.5
1105340 1536.8
1105350 1536.8
1105360 1541.5
1105370 1552.8
1105380 1552.8
1105390 1558.8
1105400 1563.1
1105410 1567.8
1105420 1567.8
1105430 1580.4
1105440 1591.8
1105450 1591.8
1105460 1598.2
1105470 1600.9
1105480 1600.9
1105490 1603.9
1105500 1603.1
1105510 1603.1
1105520 1604.9
1105530 1611.7
1105540 1611.7
1105550 1623.1
1105560 1640.2
1105570 1640.2
1105580 1656.7
1105590 1666.9
1105600 1666.9
1105610 1667.6
1105620 1658.8
1105630 1650.5
1105640 1650.5
1105650 1649.8
1105660 1654.7
1105670 1654.7
1105680 1665.3
1105690 1674.3
1105700 1674.3
1105710 1683.6
1105720 1692.6
1105730 1692.6
1105740 1706.0
1105750 1726.0
1105760 1726.0
1105770 1738.3
1105780 1745.8
1105790 1745.8
1105800 1751.2
1105810 1751.1
1105820 1751.1
1105830 1750.1
1105840 1750.0
1105850 1752.2
1105860 1752.2
1105870 1757.0
1105880 1765.3
1105890 1765.3
1105900 1769.2
1105910 1769.8
1105920 1769.8
1105930 1771.7
1105940 1775.9
1105950 1775.9
1105960 1781.4
1105970 1793.5
1105980 1793.5
1105990 1802.2
1106000 1812.0
1106010 1812.0
1106020 1823.7
1106030 1836.8
1106040 1853.8
1106050 1853.8
1106060 1861.0
1106070 1859.5
1106080 1859.5
1106090 1853.9
1106100 1848.8
1106110 1848.8
1106120 1841.8
1106130 1833.6
1106140 1833.6
1106150 1827.9
1106160 1826.1
1106170 1826.1
1106180 1825.3
1106190 1821.1
1106200 1821.1
1106210 1817.0
1106220 1815.0
1106230 1815.0
1106240 1813.3
1106250 1807.6
1106260 1801.6
1106270 1801.6
1106280 1796.1
1106290 1790.4
1106300 1790.4
1106310 1784.6
1106320 1784.0
1106330 1784.0
1106340 1783.6
1106350 1779.3
1106360 1779.3
1106370 1774.5
1106380 1775.1
1106390 1775.1
1106400 1774.6
1106410 1775.3
1106420 1775.3
1106430 1775.7
1106440 1776.6
1106450 1777.7
1106460 1777.7
1106470 1779.2
1106480 1780.9
1106490 1780.9
1106500 1784.1
1106510 1788.2
1106520 1788.2
1106530 1792.2
1106540 1793.3
1106550 1793.3
1106560 1793.4
1106570 1794.4
1106580 1794.4
1106590 1798.1
1106600 1803.4
1106610 1803.4
1106620 1808.6
1106630 1814.2
1106640 1814.2
1106650 1820.1
1106660 1826.3
1106670 1832.3
1106680 1832.3
1106690 1838.9
1106700 1846.2
1106710 1847.1
1106720 1854.2
1106730 1861.6
1106740 1861.6
1106750 1869.1
1106760 1876.6
1106770 1876.6
1106780 1883.9
1106790 1890.8
1106800 1890.8
1106810 1894.4
1106820 1889.5
1106830 1889.5
1106840 1881.1
1106850 1873.4
1106860 1873.4
1106870 1866.4
1106880 1861.4
1106890 1857.6
1106900 1857.6
1106910 1854.2
1106920 1851.4
1106930 1851.4
1106940 1847.8
1106950 1842.4
1106960 1842.4
1106970 1837.0
1106980 1832.3
1106990 1832.3
1107000 1828.4
1107010 1824.6
1107020 1824.6
1107030 1820.9
1107040 1816.2
1107050 1821.2
1107060 1816.4
1107070 1811.0
1107080 1805.3
1107090 1805.3
1107100 1800.0
1107110 1795.1
1107120 1795.1
1107130 1790.5
1107140 1785.0
1107150 1785.0
1107160 1777.3
1107170 1770.4
1107180 1770.4
1107190 1763.8
1107200 1756.6
1107210 1756.6
1107220 1750.0
1107230 1744.3
1107240 1744.3
1107250 1738.9
1107260 1733.4
1107270 1733.4
1107280 1727.6
1107290 1719.9
1107300 1712.2
1107310 1712.2
1107320 1706.2
1107330 1702.5
1107340 1702.5
1107350 1698.4
1107360 1692.0
1107370 1692.0
1107380 1689.4
1107390 1682.8
1107400 1682.8
1107410 1677.0
1107420 1674.8
1107430 1674.8
1107440 1675.3
1107450 1676.5
1107460 1676.5
1107470 1677.3
1107480 1677.7
1107490 1678.3
1107500 1678.3
1107510 1678.4
1107520 1679.2
1107530 1679.2
1107540 1680.2
1107550 1680.9
1107560 1680.9
1107570 1681.3
1107580 1681.7
1107590 1681.7
1107600 1682.5
1107610 1683.6
1107620 1683.6
1107630 1684.2
1107640 1685.0
1107650 1685.0
1107660 1689.0
1107670 1695.5
1107680 1695.5
1107690 1702.6
1107700 1710.6
1107710 1718.6
1107720 1716.1
1107730 1724.6
1107740 1732.3
1107750 1732.3
1107760 1738.3
1107770 1744.3
1107780 1744.3
1107790 1750.7
1107800 1756.9
1107810 1756.9
1107820 1765.9
1107830 1779.1
1107840 1779.1
1107850 1796.6
1107860 1809.4
1107870 1809.4
1107880 1819.7
1107890 1828.9
1107900 1828.9
1107910 1838.2
1107920 1847.0
1107930 1854.0
1107940 1854.0
1107950 1861.3
1107960 1869.5
1107970 1869.5
1107980 1877.6
1107990 1885.8
1108000 1885.8
1108010 1894.3
1108020 1904.7
1108030 1904.7
1108040 1914.2
1108050 1918.1
1108060 1918.1
1108070 1923.7
1108080 1952.8
1108090 1952.8
1108100 1970.6
1108110 1980.0
1108120 1987.0
1108130 1987.0
1108140 1993.1
1108150 1998.5
1108160 1998.5
1108170 2004.9
1108180 2013.4
1108190 2013.4
1108200 2021.3
1108210 2030.7
1108220 2030.7
1108230 2039.3
1108240 2047.3
1108250 2047.3
1108260 2055.3
1108270 2062.8
1108280 2062.8
1108290 2070.8
1108300 2079.9
1108310 2079.9
1108320 2088.8
1108330 2097.3
1108340 2098.9
1108350 2098.9
1108360 2096.3
1108370 2093.2
1108380 2093.2
1108390 2095.4
1108400 2089.5
1108410 2089.5
1108420 2084.3
1108430 2080.8
1108440 2080.8
1108450 2078.8
1108460 2078.3
1108470 2078.3
1108480 2078.3
1108490 2079.4
1108500 2079.4
1108510 2079.9
1108520 2080.2
1108530 2080.2
1108540 2079.7
1108550 2078.3
1108560 2075.5
1108570 2075.5
1108580 2068.4
1108590 2065.1
1108600 2065.1
1108610 2074.6
1108620 2078.2
1108630 2078.2
1108640 2076.4
1108650 2073.1
1108660 2073.1
1108670 2070.0
1108680 2067.2
1108690 2067.2
1108700 2065.3
1108710 2063.9
1108720 2063.9
1108730 2068.1
1108740 2069.4
1108750 2071.2
1108760 2071.2
1108770 2073.7
1108780 2075.1
1108790 2075.1
1108800 2075.7
1108810 2076.8
1108820 2076.8
1108830 2082.5
1108840 2086.0
1108850 2086.0
1108860 2086.2
1108870 2087.0
1108880 2087.0
1108890 2087.7
1108900 2088.2
1108910 2088.2
1108920 2090.1
1108930 2093.0
1108940 2093.0
1108950 2094.6
1108960 2095.3
1108970 2096.5
1108980 2096.5
1108990 2098.7
1109000 2101.5
1109010 2101.5
1109020 2102.1
1109030 2102.5
1109040 2102.5
1109050 2102.6
1109060 2105.5
1109070 2105.5
1109080 2107.3
1109090 2106.5
1109100 2106.5
1109110 2106.0
1109120 2106.7
1109130 2106.7
1109140 2106.6
1109150 2106.3
1109160 2107.2
1109170 2107.2
1109180 2108.1
1109190 2108.7
1109200 2108.7
1109210 2109.7
1109220 2111.0
1109230 2111.0
1109240 2112.6
1109250 2114.3
1109260 2114.3
1109270 2116.5
1109280 2119.7
1109290 2119.7
1109300 2123.9
1109310 2129.1
1109320 2129.1
1109330 2135.7
1109340 2140.9
1109350 2140.9
1109360 2145.1
1109370 2149.9
1109380 2155.2
1109390 2155.2
1109400 2158.5
1109410 2165.1
1109420 2165.1
1109430 2171.4
1109440 2176.8
1109450 2176.8
1109460 2181.9
1109470 2185.6
1109480 2185.6
1109490 2189.2
1109500 2193.4
1109510 2193.4
1109520 2196.3
1109530 2201.3
1109540 2201.3
1109550 2208.5
1109560 2217.4
1109570 2217.4
1109580 2227.8
1109590 2237.2
1109600 2235.7
1109610 2235.7
1109620 2227.5
1109630 2220.4
1109640 2220.4
1109650 2213.2
1109660 2206.7
1109670 2206.7
1109680 2201.8
1109690 2198.9
1109700 2198.9
1109710 2196.2
1109720 2193.2
1109730 2193.2
1109740 2188.7
1109750 2184.0
1109760 2184.0
1109770 2178.9
1109780 2175.5
1109790 2172.1
1109800 2172.1
1109810 2168.7
1109820 2165.3
1109830 2165.3
1109840 2162.0
1109850 2159.0
1109860 2159.0
1109870 2156.5
1109880 2153.8
1109890 2153.8
1109900 2151.3
1109910 2149.0
1109920 2149.0
1109930 2147.0
1109940 2144.7
1109950 2144.7
1109960 2142.3
1109970 2140.9
1109980 2140.9
1109990 2139.7
1110000 2137.9
1110010 2136.7
1110020 2136.7
1110030 2135.0
1110040 2133.6
1110050 2133.6
1110060 2132.2
1110070 2129.7
1110080 2129.8
1110090 2127.7
1110100 2123.4
1110110 2123.4
1110120 2118.7
1110130 2113.9
1110140 2113.9
1110150 2110.1
1110160 2107.4
1110170 2107.4
1110180 2105.3
1110190 2103.2
1110200 2100.4
1110210 2100.4
1110220 2097.5
1110230 2094.5
1110240 2094.5
1110250 2091.7
1110260 2089.0
1110270 2089.0
1110280 2086.1
1110290 2083.2
1110300 2083.2
1110310 2080.5
1110320 2078.1
1110330 2078.1
1110340 2076.6
1110350 2074.3
1110360 2074.3
1110370 2070.8
1110380 2068.5
1110390 2068.5
1110400 2066.3
1110410 2063.4
1110420 2061.8
1110430 2061.8
1110440 2059.3
1110450 2056.1
1110460 2056.1
1110470 2052.8
1110480 2047.4
1110490 2047.4
1110500 2043.6
1110510 2040.6
1110520 2040.6
1110530 2035.3
1110540 2028.9
1110550 2028.9
1110560 2023.9
1110570 2020.2
1110580 2020.2
1110590 2016.4
1110600 2011.2
1110610 2011.2
1110620 2006.6
1110630 2002.6
1110640 1998.9
1110650 1998.9
1110660 1995.3
1110670 1990.9
1110680 1990.9
1110690 1986.1
1110700 1981.2
1110710 1981.2
1110720 1977.1
1110730 1973.6
1110740 1973.6
1110750 1968.1
1110760 1964.8
1110770 1964.8
1110780 1961.7
1110790 1956.8
1110800 1956.8
1110810 1948.9
1110820 1942.9
1110830 1937.6
1110840 1937.6
1110850 1932.2
1110860 1928.1
1110870 1928.1
1110880 1923.9
1110890 1918.2
1110900 1918.2
1110910 1909.5
1110920 1900.0
1110930 1900.0
1110940 1890.2
1110950 1882.7
1110960 1882.7
1110970 1875.4
1110980 1867.8
1110990 1867.8
1111000 1860.8
1111010 1854.7
1111020 1854.7
1111030 1848.6
1111040 1843.7
1111050 1839.6
1111060 1839.6
1111070 1835.9
1111080 1831.9
1111090 1840.1
1111100 1836.9
1111110 1834.1
1111120 1834.1
1111130 1829.2
1111140 1821.9
1111150 1821.9
1111160 1814.1
1111170 1805.2
1111180 1805.2
1111190 1796.9
1111200 1788.4
1111210 1788.4
1111220 1780.0
1111230 1771.6
1111240 1762.5
1111250 1762.5
1111260 1754.6
1111270 1751.2
1111280 1751.2
1111290 1750.7
1111300 1749.6
1111310 1749.6
1111320 1748.6
1111330 1749.4
1111340 1749.4
1111350 1748.1
1111360 1745.9
1111370 1745.9
1111380 1742.9
1111390 1741.6
1111400 1741.6
1111410 1740.9
1111420 1739.5
1111430 1741.2
1111440 1740.2
1111450 1738.4
1111460 1737.9
1111470 1737.9
1111480 1735.5
1111490 1732.4
1111500 1732.4
1111510 1734.9
1111520 1737.1
1111530 1737.1
1111540 1739.2
1111550 1741.0
1111560 1741.0
1111570 1743.0
1111580 1745.4
1111590 1745.4
1111600 1747.7
1111610 1750.2
1111620 1750.2
1111630 1753.1
1111640 1756.1
1111650 1756.1
1111660 1759.2
1111670 1763.7
1111680 1769.0
1111690 1769.0
1111700 1775.2
1111710 1781.6
1111720 1781.6
1111730 1788.0
1111740 1794.7
1111750 1794.7
1111760 1802.4
1111770 1810.0
1111780 1810.0
1111790 1817.1
1111800 1825.2
1111810 1825.2
1111820 1834.3
1111830 1846.9
1111840 1846.9
1111850 1858.8
1111860 1868.7
1111870 1876.9
1111880 1876.9
1111890 1882.4
1111900 1891.1
1111910 1891.1
1111920 1900.8
1111930 1906.8
1111940 1906.8
1111950 1912.4
1111960 1918.0
1111970 1918.0
1111980 1923.7
1111990 1929.1
1112000 1929.1
1112010 1934.5
1112020 1940.3
1112030 1940.3
1112040 1945.3
1112050 1950.5
1112060 1950.5
1112070 1956.8
1112080 1963.3
1112090 1969.4
1112100 1969.4
1112110 1976.4
1112120 1982.6
1112130 1982.6
1112140 1987.0
1112150 1992.7
1112160 1992.7
1112170 1997.7
1112180 2003.3
1112190 2003.3
1112200 2009.8
1112210 2017.0
1112220 2017.0
1112230 2024.0
1112240 2030.6
1112250 2030.6
1112260 2037.2
1112270 2043.2
1112280 2043.2
1112290 2048.6
1112300 2053.0
1112310 2056.7
1112320 2056.7
1112330 2060.0
1112340 2063.9
1112350 2063.9
1112360 2067.9
1112370 2071.6
1112380 2071.6
1112390 2076.4
1112400 2080.7
1112410 2080.7
1112420 2083.9
1112430 2087.0
1112440 2087.0
1112450 2091.3
1112460 2096.2
1112470 2096.2
1112480 2098.8
1112490 2098.0
1112500 2099.2
1112510 2099.2
1112520 2100.5
1112530 2100.7
1112540 2100.7
1112550 2100.8
1112560 2101.3
1112570 2101.3
1112580 2102.1
1112590 2100.9
1112600 2100.9
1112610 2096.0
1112620 2090.6
1112630 2090.6
1112640 2086.0
1112650 2082.6
1112660 2082.6
1112670 2079.4
1112680 2076.4
1112690 2076.4
1112700 2075.0
1112710 2073.7
1112720 2068.7
1112730 2068.7
1112740 2066.7
1112750 2064.7
1112760 2064.7
1112770 2061.5
1112780 2059.0
1112790 2061.9
1112800 2059.6
1112810 2058.0
1112820 2058.0
1112830 2057.3
1112840 2058.5
1112850 2058.5
1112860 2060.6
1112870 2061.6
1112880 2061.6
1112890 2059.5
1112900 2055.7
1112910 2050.5
1112920 2050.5
1112930 2046.6
1112940 2042.6
1112950 2042.6
1112960 2038.8
1112970 2035.5
1112980 2035.5
1112990 2033.2
1113000 2031.4
1113010 2031.4
1113020 2029.2
1113030 2026.9
1113040 2026.9
1113050 2024.4
1113060 2021.4
1113070 2021.4
1113080 2018.3
1113090 2015.0
1113100 2015.0
1113110 2009.0
1113120 2002.1
1113130 2000.8
1113140 2000.8
1113150 1997.8
1113160 1994.5
1113170 1994.5
1113180 1992.4
1113190 1991.8
1113200 1991.8
1113210 1991.2
1113220 1990.4
1113230 1990.4
1113240 1992.4
1113250 1995.2
1113260 1995.2
1113270 1998.2
1113280 1998.4
1113290 1998.4
1113300 1999.9
1113310 2004.2
1113320 2004.2
1113330 2007.4
1113340 2009.2
1113350 2010.9
1113360 2010.9
1113370 2012.2
1113380 2008.7
1113390 2008.7
1113400 2002.8
1113410 1995.2
1113420 1995.2
1113430 1990.6
1113440 1989.9
1113450 1989.9
1113460 1986.9
1113470 1984.5
1113480 1984.5
1113490 1977.2
1113500 1971.0
1113510 1971.0
1113520 1966.1
1113530 1961.6
1113540 1957.1
1113550 1957.1
1113560 1953.2
1113570 1950.2
1113580 1950.2
1113590 1948.4
1113600 1946.9
1113610 1946.9
1113620 1944.1
1113630 1942.7
1113640 1942.7
1113650 1943.2
1113660 1942.1
1113670 1942.1
1113680 1940.1
1113690 1937.0
1113700 1937.0
1113710 1927.7
1113720 1913.6
1113730 1913.6
1113740 1907.0
1113750 1900.3
1113760 1890.7
1113770 1890.7
1113780 1882.8
1113790 1874.7
1113800 1874.7
1113810 1870.4
1113820 1864.6
1113830 1864.6
1113840 1855.2
1113850 1846.9
1113860 1846.9
1113870 1842.5
1113880 1839.3
1113890 1839.3
1113900 1836.6
1113910 1834.7
1113920 1834.7
1113930 1832.9
1113940 1831.0
1113950 1829.2
1113960 1829.2
1113970 1828.1
1113980 1826.6
1113990 1826.6
1114000 1822.4
1114010 1816.8
1114020 1816.8
1114030 1811.6
1114040 1808.7
1114050 1808.7
1114060 1806.3
1114070 1804.5
1114080 1804.5
1114090 1802.3
1114100 1798.7
1114110 1798.7
1114120 1793.1
1114130 1785.6
1114140 1785.6
1114150 1778.5
1114160 1777.3
1114170 1772.8
1114180 1772.8
1114190 1767.5
1114200 1761.6
1114210 1761.6
1114220 1756.0
1114230 1749.6
1114240 1749.6
1114250 1744.0
1114260 1740.5
1114270 1740.5
1114280 1737.4
1114290 1733.5
1114300 1733.5
1114310 1730.3
1114320 1727.2
1114330 1727.2
1114340 1724.8
1114350 1723.1
1114360 1723.1
1114370 1721.0
1114380 1718.3
1114390 1714.6
1114400 1714.6
1114410 1709.3
1114420 1703.2
1114430 1703.2
1114440 1697.7
1114450 1693.9
1114460 1693.9
1114470 1688.2
1114480 1680.9
1114490 1680.9
1114500 1672.3
1114510 1665.8
1114520 1665.8
1114530 1659.8
1114540 1653.8
1114550 1653.8
1114560 1645.0
1114570 1634.0
1114580 1626.0
1114590 1626.0
1114600 1619.3
1114610 1612.0
1114620 1612.0
1114630 1604.7
1114640 1597.8
1114650 1597.8
1114660 1591.1
1114670 1586.3
1114680 1586.3
1114690 1580.4
1114700 1576.1
1114710 1576.1
1114720 1574.1
1114730 1572.2
1114740 1572.2
1114750 1569.3
1114760 1565.0
1114770 1565.0
1114780 1560.0
1114790 1555.4
1114800 1551.2
1114810 1551.2
1114820 1546.7
1114830 1542.2
1114840 1543.2
1114850 1538.3
1114860 1532.8
1114870 1532.8
1114880 1527.8
1114890 1524.4
1114900 1524.4
1114910 1522.2
1114920 1520.2
1114930 1520.2
1114940 1520.3
1114950 1520.0
1114960 1520.0
1114970 1517.7
1114980 1513.7
1114990 1512.7
1115000 1512.7
1115010 1513.0
1115020 1513.7
1115030 1513.7
1115040 1512.1
1115050 1510.6
1115060 1510.6
1115070 1511.0
1115080 1511.5
1115090 1511.5
1115100 1510.1
1115110 1506.3
1115120 1506.3
1115130 1503.1
1115140 1499.6
1115150 1499.6
1115160 1495.2
1115170 1490.5
1115180 1488.0
1115190 1484.3
1115200 1480.4
1115210 1474.3
1115220 1474.3
1115230 1467.8
1115240 1460.5
1115250 1460.5
1115260 1453.3
1115270 1443.6
1115280 1443.6
1115290 1434.5
1115300 1425.6
1115310 1425.6
1115320 1417.4
1115330 1409.0
1115340 1409.0
1115350 1401.1
1115360 1394.2
1115370 1394.2
1115380 1387.3
1115390 1379.3
1115400 1379.3
1115410 1371.5
1115420 1364.5
1115430 1359.3
1115440 1359.3
1115450 1353.6
1115460 1347.2
1115470 1347.2
1115480 1338.0
1115490 1331.3
1115500 1331.3
1115510 1328.4
1115520 1319.0
1115530 1325.2
1115540 1321.2
1115550 1318.0
1115560 1318.0
1115570 1315.7
1115580 1311.1
1115590 1311.1
1115600 1304.2
1115610 1293.2
1115620 1283.1
1115630 1283.1
1115640 1273.6
1115650 1266.6
1115660 1266.6
1115670 1261.5
1115680 1254.5
1115690 1254.5
1115700 1246.9
1115710 1239.1
1115720 1239.1
1115730 1232.9
1115740 1228.5
1115750 1228.5
1115760 1224.3
1115770 1219.3
1115780 1219.3
1115790 1212.4
1115800 1205.1
1115810 1205.1
1115820 1197.5
1115830 1190.2
1115840 1182.6
1115850 1182.6
1115860 1176.1
1115870 1173.7
1115880 1173.7
1115890 1167.7
1115900 1160.5
1115910 1160.5
1115920 1145.4
1115930 1127.8
1115940 1127.8
1115950 1109.8
1115960 1096.6
1115970 1096.6
1115980 1087.1
1115990 1082.1
1116000 1082.1
1116010 1078.7
1116020 1074.2
1116030 1071.6
1116040 1071.6
1116050 1070.5
1116060 1069.7
1116070 1069.7
1116080 1069.4
1116090 1069.6
1116100 1069.6
1116110 1069.1
1116120 1065.9
1116130 1065.9
1116140 1063.0
1116150 1060.2
1116160 1060.2
1116170 1059.0
1116180 1056.1
1116190 1056.1
1116200 1054.3
1116210 1055.5
1116220 1055.5
1116230 1056.4
1116240 1060.0
1116250 1072.5
1116260 1072.5
1116270 1081.2
1116280 1080.2
1116290 1080.2
1116300 1077.2
1116310 1076.2
1116320 1076.2
1116330 1074.4
1116340 1070.8
1116350 1070.8
1116360 1065.4
1116370 1058.0
1116380 1058.0
1116390 1051.7
1116400 1046.3
1116410 1046.3
1116420 1041.6
1116430 1041.0
1116440 1041.0
1116450 1041.2
1116460 1042.2
1116470 1043.4
1116480 1043.4
1116490 1044.7
1116500 1045.7
1116510 1045.7
1116520 1046.1
1116530 1046.3
1116540 1046.3
1116550 1047.6
1116560 1050.2
1116570 1050.2
1116580 1050.6
1116590 1048.8
1116600 1048.8
1116610 1046.3
1116620 1044.3
1116630 1044.3
1116640 1042.8
1116650 1042.7
1116660 1041.2
1116670 1041.2
1116680 1039.6
1116690 1037.9
1116700 1037.9
1116710 1036.3
1116720 1033.8
1116730 1033.8
1116740 1031.4
1116750 1030.1
1116760 1030.1
1116770 1029.3
1116780 1027.9
1116790 1027.9
1116800 1026.9
1116810 1026.7
1116820 1026.7
1116830 1025.9
1116840 1024.5
1116850 1024.5
1116860 1023.6
1116870 1022.2
1116880 1020.8
1116890 1020.8
1116900 1021.1
1116910 1020.0
1116920 1020.0
1116930 1018.5
1116940 1016.7
1116950 1016.7
1116960 1013.8
1116970 1012.2
1116980 1012.2
1116990 1010.1
1117000 1008.0
1117010 1008.0
1117020 1006.3
1117030 1005.1
1117040 1005.1
1117050 1004.1
1117060 1003.5
1117070 1002.5
1117080 1002.5
1117090 1001.0
1117100 999.0
1117110 999.0
1117120 997.7
1117130 997.3
1117140 997.3
1117150 997.3
1117160 997.3
1117170 997.3
1117180 997.0
1117190 995.4
1117200 995.4
1117210 995.1
1117220 995.5
1117230 995.5
1117240 1001.3
1117250 1003.9
1117260 1003.9
1117270 1006.5
1117280 1008.1
1117290 1008.7
1117300 1008.7
1117310 1008.0
1117320 1005.8
1117330 1005.8
1117340 1002.9
1117350 1000.2
1117360 1000.2
1117370 998.0
1117380 997.2
1117390 997.2
1117400 997.2
1117410 997.2
1117420 997.2
1117430 997.2
1117440 997.2
1117450 997.2
1117460 997.2
1117470 997.2
1117480 997.2
1117490 997.2
1117500 997.2
1117510 997.2
1117520 997.2
1117530 997.3
1117540 998.6
1117550 998.6
1117560 1000.9
1117570 1003.5
1117580 1003.5
1117590 1002.3
1117600 1003.5
1117610 1003.5
1117620 1006.1
1117630 1008.1
1117640 1008.1
1117650 1008.6
1117660 1007.4
1117670 1007.4
1117680 1004.8
1117690 1001.9
1117700 998.8
1117710 998.8
1117720 995.2
1117730 991.9
1117740 991.9
1117750 991.8
1117760 994.6
1117770 994.6
1117780 998.4
1117790 1001.3
1117800 1001.3
1117810 1002.7
1117820 1008.5
1117830 1008.5
1117840 1020.8
1117850 1038.5
1117860 1038.5
1117870 1059.6
1117880 1064.5
1117890 1064.5
1117900 1066.8
1117910 1068.4
1117920 1070.0
1117930 1069.9
1117940 1070.2
1117950 1069.9
1117960 1069.9
1117970 1069.8
1117980 1072.8
1117990 1072.8
1118000 1078.0
1118010 1083.5
1118020 1083.5
1118030 1088.8
1118040 1094.7
1118050 1094.7
1118060 1101.5
1118070 1106.8
1118080 1106.8
1118090 1112.0
1118100 1117.6
1118110 1124.9
1118120 1124.9
1118130 1140.8
1118140 1152.5
1118150 1152.5
1118160 1161.3
1118170 1166.6
1118180 1166.6
1118190 1171.2
1118200 1175.8
1118210 1175.8
1118220 1180.0
1118230 1184.2
1118240 1184.2
1118250 1189.1
1118260 1193.5
1118270 1193.5
1118280 1193.1
1118290 1197.0
1118300 1197.0
1118310 1199.6
1118320 1202.1
1118330 1205.2
1118340 1205.2
1118350 1207.8
1118360 1210.3
1118370 1210.3
1118380 1212.2
1118390 1215.6
1118400 1215.6
1118410 1219.7
1118420 1223.5
1118430 1223.5
1118440 1227.5
1118450 1231.8
1118460 1231.8
1118470 1236.3
1118480 1240.7
1118490 1240.7
1118500 1245.3
1118510 1250.1
1118520 1250.1
1118530 1255.6
1118540 1261.5
1118550 1267.6
1118560 1267.6
1118570 1273.4
1118580 1279.0
1118590 1279.0
1118600 1284.6
1118610 1290.4
1118620 1285.4
1118630 1290.8
1118640 1296.1
1118650 1296.1
1118660 1301.3
1118670 1305.8
1118680 1305.8
1118690 1310.5
1118700 1316.0
1118710 1316.0
1118720 1321.7
1118730 1327.6
1118740 1333.2
1118750 1333.2
1118760 1338.9
1118770 1344.1
1118780 1344.1
1118790 1349.3
1118800 1355.7
1118810 1355.7
1118820 1364.5
1118830 1371.6
1118840 1371.6
1118850 1379.1
1118860 1388.5
1118870 1388.5
1118880 1397.9
1118890 1406.6
1118900 1406.6
1118910 1399.1
1118920 1405.1
1118930 1405.1
1118940 1416.2
1118950 1429.1
1118960 1436.0
1118970 1424.7
1118980 1430.2
1118990 1431.8
1119000 1431.8
1119010 1432.6
1119020 1436.0
1119030 1436.0
1119040 1439.0
1119050 1440.3
1119060 1440.3
1119070 1439.2
1119080 1438.8
1119090 1438.8
1119100 1436.3
1119110 1434.4
1119120 1434.4
1119130 1435.9
1119140 1437.5
1119150 1437.8
1119160 1437.8
1119170 1436.5
1119180 1442.1
1119190 1442.1
1119200 1450.3
1119210 1456.9
1119220 1456.9
1119230 1460.9
1119240 1464.2
1119250 1464.2
1119260 1466.3
1119270 1468.5
1119280 1468.5
1119290 1471.1
1119300 1475.0
1119310 1475.0
1119320 1466.1
1119330 1468.2
1119340 1468.2
1119350 1471.6
1119360 1475.8
1119370 1477.6
1119380 1477.6
1119390 1478.7
1119400 1479.3
1119410 1479.3
1119420 1481.0
1119430 1482.5
1119440 1482.5
1119450 1484.4
1119460 1485.2
1119470 1485.2
1119480 1485.5
1119490 1485.9
1119500 1485.9
1119510 1487.7
1119520 1489.8
1119530 1489.8
1119540 1492.1
1119550 1493.3
1119560 1493.3
1119570 1495.8
1119580 1499.5
1119590 1502.7
1119600 1502.7
1119610 1504.1
1119620 1504.8
1119630 1504.8
1119640 1505.0
1119650 1504.9
1119660 1502.8
1119670 1503.0
1119680 1505.0
1119690 1505.0
1119700 1508.0
1119710 1511.2
1119720 1511.2
1119730 1515.3
1119740 1520.7
1119750 1520.7
1119760 1527.5
1119770 1532.1
1119780 1534.9
1119790 1534.9
1119800 1538.1
1119810 1541.6
1119820 1541.6
1119830 1544.3
1119840 1546.3
1119850 1546.3
1119860 1548.7
1119870 1551.4
1119880 1551.4
1119890 1552.7
1119900 1554.6
1119910 1554.6
1119920 1558.0
1119930 1560.7
1119940 1560.7
1119950 1563.6
1119960 1565.7
1119970 1565.7
1119980 1568.2
1119990 1569.5
