1100000 2410.7
1100010 2413.0
1100020 2415.6
1100030 2415.6
1100040 2415.0
1100050 2421.9
1100060 2421.9
1100070 2430.0
1100080 2437.5
1100090 2437.5
1100100 2440.9
1100110 2441.0
1100120 2441.0
1100130 2438.9
1100140 2437.3
1100150 2437.3
1100160 2438.7
1100170 2441.1
1100180 2441.1
1100190 2441.5
1100200 2442.1
1100210 2443.5
1100220 2443.5
1100230 2446.7
1100240 2451.9
1100250 2451.9
1100260 2456.1
1100270 2461.0
1100280 2461.0
1100290 2466.5
1100300 2468.6
1100310 2468.6
1100320 2465.7
1100330 2458.6
1100340 2458.6
1100350 2451.1
1100360 2439.4
1100370 2439.4
1100380 2439.0
1100390 2440.9
1100400 2440.9
1100410 2443.3
1100420 2441.2
1100430 2435.1
1100440 2435.1
1100450 2430.4
1100460 2424.6
1100470 2424.6
1100480 2420.6
1100490 2415.4
1100500 2415.4
1100510 2409.5
1100520 2408.4
1100530 2408.4
1100540 2405.1
1100550 2395.8
1100560 2395.8
1100570 2386.5
1100580 2380.6
1100590 2380.6
1100600 2376.7
1100610 2374.9
1100620 2370.6
1100630 2370.6
1100640 2363.1
1100650 2356.2
1100660 2356.2
1100670 2350.4
1100680 2344.1
1100690 2347.8
1100700 2341.5
1100710 2336.4
1100720 2336.4
1100730 2331.8
1100740 2327.8
1100750 2327.8
1100760 2324.1
1100770 2319.6
1100780 2319.6
1100790 2316.7
1100800 2314.0
1100810 2314.0
1100820 2311.4
1100830 2311.1
1100840 2309.7
1100850 2309.7
1100860 2308.7
1100870 2307.9
1100880 2307.9
1100890 2306.2
1100900 2304.3
1100910 2304.3
1100920 2297.1
1100930 2287.1
1100940 2287.1
1100950 2281.6
1100960 2276.1
1100970 2276.1
1100980 2269.5
1100990 2261.2
1101000 2261.2
1101010 2253.0
1101020 2255.1
1101030 2247.5
1101040 2247.5
1101050 2242.4
1101060 2235.8
1101070 2235.8
1101080 2232.8
1101090 2223.3
1101100 2223.3
1101110 2218.1
1101120 2207.3
1101130 2207.3
1101140 2202.6
1101150 2197.6
1101160 2197.6
1101170 2190.5
1101180 2183.7
1101190 2183.7
1101200 2178.2
1101210 2173.1
1101220 2173.1
1101230 2168.2
1101240 2163.6
1101250 2159.4
1101260 2159.4
1101270 2156.2
1101280 2154.0
1101290 2154.0
1101300 2152.6
1101310 2150.9
1101320 2150.9
1101330 2146.7
1101340 2143.3
1101350 2143.3
1101360 2142.4
1101370 2139.1
1101380 2139.1
1101390 2135.4
1101400 2133.1
1101410 2133.1
1101420 2132.6
1101430 2131.5
1101440 2131.5
1101450 2125.5
1101460 2119.4
1101470 2114.4
1101480 2114.4
1101490 2110.5
1101500 2107.9
1101510 2107.9
1101520 2105.8
1101530 2104.1
1101540 2104.1
1101550 2104.5
1101560 2104.8
1101570 2104.8
1101580 2103.0
1101590 2099.6
1101600 2099.6
1101610 2096.0
1101620 2094.8
1101630 2094.8
1101640 2092.9
1101650 2090.7
1101660 2087.3
1101670 2087.3
1101680 2081.5
1101690 2077.2
1101700 2077.2
1101710 2074.7
1101720 2072.4
1101730 2072.4
1101740 2069.5
1101750 2066.4
1101760 2066.4
1101770 2063.2
1101780 2060.0
1101790 2060.0
1101800 2056.6
1101810 2053.7
1101820 2053.7
1101830 2051.2
1101840 2049.3
1101850 2049.3
1101860 2048.1
1101870 2046.5
1101880 2045.4
1101890 2045.4
1101900 2044.2
1101910 2042.5
1101920 2042.5
1101930 2038.3
1101940 2033.2
1101950 2033.2
1101960 2029.6
1101970 2026.8
1101980 2026.8
1101990 2024.4
1102000 2022.3
1102010 2022.3
1102020 2023.1
1102030 2021.5
1102040 2021.5
1102050 2019.9
1102060 2017.6
1102070 2017.6
1102080 2014.8
1102090 2011.4
1102100 2007.8
1102110 2007.8
1102120 2004.4
1102130 2001.3
1102140 2001.3
1102150 1998.8
1102160 1996.6
1102170 1996.6
1102180 1994.5
1102190 1992.0
1102200 1992.0
1102210 1989.5
1102220 1984.8
1102230 1984.8
1102240 1981.7
1102250 1978.8
1102260 1978.8
1102270 1976.3
1102280 1974.1
1102290 1972.2
1102300 1972.2
1102310 1971.9
1102320 1972.9
1102330 1972.9
1102340 1974.0
1102350 1973.8
1102360 1973.8
1102370 1970.8
1102380 1967.0
1102390 1967.0
1102400 1963.1
1102410 1959.2
1102420 1959.2
1102430 1957.2
1102440 1954.4
1102450 1954.4
1102460 1950.6
1102470 1947.7
1102480 1947.7
1102490 1945.1
1102500 1940.2
1102510 1935.0
1102520 1935.0
1102530 1929.9
1102540 1924.6
1102550 1924.6
1102560 1919.4
1102570 1914.0
1102580 1914.0
1102590 1909.2
1102600 1904.3
1102610 1904.3
1102620 1900.4
1102630 1896.6
1102640 1896.6
1102650 1891.4
1102660 1886.7
1102670 1886.7
1102680 1881.3
1102690 1878.9
1102700 1878.9
1102710 1877.6
1102720 1876.6
1102730 1874.3
1102740 1874.3
1102750 1870.6
1102760 1866.4
1102770 1866.4
1102780 1859.2
1102790 1853.0
1102800 1853.0
1102810 1852.2
1102820 1849.1
1102830 1849.1
1102840 1841.4
1102850 1833.9
1102860 1833.9
1102870 1826.3
1102880 1821.1
1102890 1821.1
1102900 1810.9
1102910 1803.2
1102920 1799.5
1102930 1799.5
1102940 1799.6
1102950 1801.4
1102960 1801.4
1102970 1800.9
1102980 1795.4
1102990 1795.4
1103000 1785.1
1103010 1772.0
1103020 1772.0
1103030 1762.8
1103040 1755.3
1103050 1755.3
1103060 1746.6
1103070 1738.9
1103080 1738.9
1103090 1732.2
1103100 1726.9
1103110 1726.9
1103120 1722.5
1103130 1718.9
1103140 1719.9
1103150 1719.9
1103160 1722.0
1103170 1720.6
1103180 1720.6
1103190 1718.5
1103200 1724.3
1103210 1724.3
1103220 1723.1
1103230 1726.7
1103240 1726.7
1103250 1735.6
1103260 1732.9
1103270 1732.9
1103280 1723.3
1103290 1730.3
1103300 1730.3
1103310 1741.5
1103320 1741.9
1103330 1741.9
1103340 1729.7
1103350 1724.9
1103360 1725.7
1103370 1725.7
1103380 1734.5
1103390 1732.5
1103400 1732.5
1103410 1725.0
1103420 1721.1
1103430 1721.1
1103440 1723.5
1103450 1720.5
1103460 1720.5
1103470 1715.4
1103480 1716.6
1103490 1716.6
1103500 1712.5
1103510 1709.3
1103520 1709.3
1103530 1708.1
1103540 1711.4
1103550 1714.5
1103560 1714.5
1103570 1716.4
1103580 1714.0
1103590 1714.0
1103600 1709.4
1103610 1704.5
1103620 1704.5
1103630 1700.1
1103640 1695.2
1103650 1695.2
1103660 1688.6
1103670 1681.5
1103680 1679.2
1103690 1673.7
1103700 1669.0
1103710 1669.0
1103720 1665.4
1103730 1661.7
1103740 1661.7
1103750 1658.5
1103760 1655.4
1103770 1653.1
1103780 1653.1
1103790 1651.6
1103800 1650.8
1103810 1650.8
1103820 1650.1
1103830 1649.7
1103840 1649.7
1103850 1649.9
1103860 1650.3
1103870 1650.3
1103880 1649.7
1103890 1646.4
1103900 1646.4
1103910 1641.4
1103920 1636.8
1103930 1636.8
1103940 1633.2
1103950 1629.3
1103960 1622.6
1103970 1622.6
1103980 1615.4
1103990 1609.9
1104000 1609.9
1104010 1604.1
1104020 1598.8
1104030 1598.8
1104040 1593.2
1104050 1586.8
1104060 1586.8
1104070 1580.5
1104080 1575.9
1104090 1575.9
1104100 1572.0
1104110 1568.3
1104120 1568.3
1104130 1564.9
1104140 1561.3
1104150 1561.3
1104160 1557.9
1104170 1554.3
1104180 1549.9
1104190 1549.9
1104200 1545.8
1104210 1541.6
1104220 1541.6
1104230 1537.6
1104240 1533.6
1104250 1533.6
1104260 1531.4
1104270 1530.5
1104280 1530.5
1104290 1529.0
1104300 1527.6
1104310 1527.6
1104320 1526.8
1104330 1526.1
1104340 1529.0
1104350 1528.3
1104360 1528.3
1104370 1528.3
1104380 1530.8
1104390 1528.9
1104400 1523.9
1104410 1523.9
1104420 1519.5
1104430 1516.0
1104440 1516.0
1104450 1514.7
1104460 1513.4
1104470 1513.4
1104480 1510.2
1104490 1505.7
1104500 1505.7
1104510 1500.9
1104520 1496.2
1104530 1496.2
1104540 1493.3
1104550 1491.5
1104560 1491.5
1104570 1489.6
1104580 1487.7
1104590 1484.4
1104600 1484.4
1104610 1479.5
1104620 1473.5
1104630 1473.5
1104640 1467.9
1104650 1462.8
1104660 1462.8
1104670 1460.4
1104680 1457.7
1104690 1457.7
1104700 1452.5
1104710 1446.5
1104720 1446.5
1104730 1441.1
1104740 1436.5
1104750 1436.5
1104760 1433.2
1104770 1430.9
1104780 1430.9
1104790 1429.1
1104800 1426.0
1104810 1420.9
1104820 1420.9
1104830 1414.8
1104840 1408.6
1104850 1408.6
1104860 1402.3
1104870 1396.0
1104880 1396.0
1104890 1390.0
1104900 1384.5
1104910 1384.5
1104920 1379.0
1104930 1372.8
1104940 1372.8
1104950 1367.0
1104960 1361.2
1104970 1361.2
1104980 1354.3
1104990 1348.5
1105000 1348.5
1105010 1340.2
1105020 1336.9
1105030 1335.2
1105040 1335.2
1105050 1334.5
1105060 1333.6
1105070 1333.6
1105080 1333.0
1105090 1332.5
1105100 1332.5
1105110 1332.1
1105120 1331.6
1105130 1331.6
1105140 1331.0
1105150 1330.3
1105160 1330.3
1105170 1328.8
1105180 1327.7
1105190 1327.7
1105200 1327.8
1105210 1327.5
1105220 1327.1
1105230 1327.1
1105240 1327.0
1105250 1326.8
1105260 1326.8
1105270 1326.4
1105280 1326.8
1105290 1326.8
1105300 1328.1
1105310 1329.2
1105320 1329.2
1105330 1331.5
1105340 1340.1
1105350 1340.1
1105360 1343.4
1105370 1346.9
1105380 1346.9
1105390 1351.4
1105400 1356.6
1105410 1356.6
1105420 1362.2
1105430 1367.9
1105440 1373.6
1105450 1373.6
1105460 1380.0
1105470 1385.9
1105480 1385.9
1105490 1389.9
1105500 1392.9
1105510 1392.9
1105520 1396.0
1105530 1399.4
1105540 1399.4
1105550 1402.5
1105560 1405.5
1105570 1405.5
1105580 1408.5
1105590 1411.6
1105600 1411.6
1105610 1414.7
1105620 1417.7
1105630 1417.7
1105640 1419.6
1105650 1419.0
1105660 1417.0
1105670 1417.0
1105680 1425.5
1105690 1425.8
1105700 1425.8
1105710 1431.1
1105720 1440.1
1105730 1440.1
1105740 1445.8
1105750 1450.6
1105760 1450.6
1105770 1455.3
1105780 1460.7
1105790 1460.7
1105800 1466.3
1105810 1471.6
1105820 1471.6
1105830 1476.5
1105840 1481.0
1105850 1484.6
1105860 1484.6
1105870 1486.9
1105880 1490.0
1105890 1490.0
1105900 1493.3
1105910 1497.6
1105920 1497.6
1105930 1502.7
1105940 1508.8
1105950 1508.8
1105960 1518.0
1105970 1526.1
1105980 1526.1
1105990 1520.3
1106000 1515.0
1106010 1530.7
1106020 1527.9
1106030 1532.7
1106040 1532.7
1106050 1530.2
1106060 1527.2
1106070 1533.6
1106080 1533.6
1106090 1542.9
1106100 1550.8
1106110 1550.8
1106120 1558.7
1106130 1570.3
1106140 1570.3
1106150 1579.6
1106160 1587.0
1106170 1587.0
1106180 1592.4
1106190 1596.4
1106200 1596.4
1106210 1597.7
1106220 1597.6
1106230 1597.6
1106240 1600.3
1106250 1606.0
1106260 1612.7
1106270 1612.7
1106280 1619.7
1106290 1627.4
1106300 1627.4
1106310 1635.5
1106320 1644.0
1106330 1644.0
1106340 1652.8
1106350 1664.9
1106360 1664.9
1106370 1672.5
1106380 1681.0
1106390 1681.0
1106400 1690.2
1106410 1698.7
1106420 1698.7
1106430 1707.7
1106440 1716.9
1106450 1716.9
1106460 1725.6
1106470 1733.4
1106480 1740.0
1106490 1740.0
1106500 1746.5
1106510 1751.9
1106520 1751.9
1106530 1755.3
1106540 1755.9
1106550 1755.9
1106560 1757.5
1106570 1760.8
1106580 1760.8
1106590 1764.8
1106600 1768.8
1106610 1768.8
1106620 1773.3
1106630 1778.1
1106640 1778.1
1106650 1782.4
1106660 1787.4
1106670 1787.4
1106680 1796.7
1106690 1799.5
1106700 1800.6
1106710 1800.6
1106720 1798.0
1106730 1791.3
1106740 1791.3
1106750 1785.6
1106760 1783.8
1106770 1783.8
1106780 1781.0
1106790 1775.6
1106800 1775.6
1106810 1768.8
1106820 1760.7
1106830 1760.7
1106840 1752.1
1106850 1744.2
1106860 1744.2
1106870 1735.7
1106880 1727.5
1106890 1719.4
1106900 1719.4
1106910 1711.1
1106920 1702.6
1106930 1702.6
1106940 1694.7
1106950 1687.3
1106960 1687.3
1106970 1681.4
1106980 1674.6
1106990 1674.6
1107000 1667.1
1107010 1659.5
1107020 1663.8
1107030 1656.1
1107040 1650.5
1107050 1650.5
1107060 1647.0
1107070 1641.9
1107080 1641.9
1107090 1636.0
1107100 1630.8
1107110 1625.6
1107120 1625.6
1107130 1619.6
1107140 1614.0
1107150 1614.0
1107160 1607.0
1107170 1602.1
1107180 1602.1
1107190 1597.3
1107200 1592.7
1107210 1592.7
1107220 1590.3
1107230 1589.8
1107240 1589.8
1107250 1589.8
1107260 1589.3
1107270 1589.3
1107280 1590.3
1107290 1590.9
1107300 1590.9
1107310 1590.6
1107320 1591.2
1107330 1591.8
1107340 1591.8
1107350 1594.5
1107360 1595.8
1107370 1595.8
1107380 1598.2
1107390 1601.4
1107400 1601.4
1107410 1605.8
1107420 1610.9
1107430 1610.9
1107440 1616.1
1107450 1621.5
1107460 1621.5
1107470 1627.9
1107480 1634.9
1107490 1634.9
1107500 1642.4
1107510 1649.8
1107520 1657.1
1107530 1657.1
1107540 1663.8
1107550 1672.7
1107560 1672.7
1107570 1693.9
1107580 1706.0
1107590 1706.0
1107600 1719.4
1107610 1738.6
1107620 1738.6
1107630 1750.5
1107640 1760.3
1107650 1760.3
1107660 1772.0
1107670 1788.7
1107680 1788.7
1107690 1799.0
1107700 1810.3
1107710 1810.3
1107720 1825.0
1107730 1835.0
1107740 1843.3
1107750 1843.3
1107760 1850.7
1107770 1857.2
1107780 1857.2
1107790 1862.8
1107800 1868.4
1107810 1868.4
1107820 1874.3
1107830 1880.4
1107840 1880.4
1107850 1887.3
1107860 1893.4
1107870 1893.4
1107880 1899.3
1107890 1903.8
1107900 1903.8
1107910 1907.0
1107920 1908.8
1107930 1908.8
1107940 1909.5
1107950 1908.9
1107960 1907.7
1107970 1907.7
1107980 1906.3
1107990 1904.9
1108000 1904.9
1108010 1903.7
1108020 1904.7
1108030 1904.7
1108040 1902.9
1108050 1899.7
1108060 1899.7
1108070 1896.6
1108080 1894.5
1108090 1894.5
1108100 1893.5
1108110 1890.3
1108120 1890.3
1108130 1886.3
1108140 1883.1
1108150 1880.2
1108160 1880.2
1108170 1878.4
1108180 1877.1
1108190 1877.1
1108200 1876.2
1108210 1873.7
1108220 1873.7
1108230 1872.5
1108240 1871.5
1108250 1871.5
1108260 1870.7
1108270 1869.3
1108280 1869.3
1108290 1865.0
1108300 1863.3
1108310 1863.3
1108320 1861.6
1108330 1862.3
1108340 1862.3
1108350 1866.3
1108360 1869.2
1108370 1872.6
1108380 1872.6
1108390 1876.2
1108400 1880.1
1108410 1880.1
1108420 1883.7
1108430 1887.1
1108440 1887.1
1108450 1890.0
1108460 1893.1
1108470 1893.1
1108480 1898.7
1108490 1903.7
1108500 1903.7
1108510 1908.8
1108520 1914.3
1108530 1914.3
1108540 1920.6
1108550 1926.9
1108560 1926.9
1108570 1931.9
1108580 1937.7
1108590 1942.2
1108600 1942.2
1108610 1947.8
1108620 1954.2
1108630 1954.2
1108640 1960.1
1108650 1964.7
1108660 1964.7
1108670 1969.9
1108680 1975.4
1108690 1975.4
1108700 1980.2
1108710 1984.2
1108720 1984.2
1108730 1987.5
1108740 1991.2
1108750 1991.2
1108760 1994.8
1108770 1999.1
1108780 2003.9
1108790 2003.9
1108800 2009.8
1108810 2015.1
1108820 2015.1
1108830 2020.4
1108840 2024.6
1108850 2024.6
1108860 2026.8
1108870 2032.1
1108880 2032.1
1108890 2036.2
1108900 2039.9
1108910 2039.9
1108920 2043.7
1108930 2046.9
1108940 2046.9
1108950 2050.3
1108960 2053.2
1108970 2053.2
1108980 2056.0
1108990 2058.9
1109000 2061.8
1109010 2061.8
1109020 2065.0
1109030 2068.4
1109040 2068.4
1109050 2071.6
1109060 2075.0
1109070 2075.0
1109080 2078.0
1109090 2082.9
1109100 2082.9
1109110 2089.2
1109120 2094.9
1109130 2094.9
1109140 2099.2
1109150 2104.1
1109160 2104.1
1109170 2110.3
1109180 2117.4
1109190 2125.4
1109200 2125.4
1109210 2134.5
1109220 2143.5
1109230 2143.5
1109240 2152.2
1109250 2160.4
1109260 2160.4
1109270 2168.2
1109280 2175.4
1109290 2175.4
1109300 2174.4
1109310 2173.4
1109320 2173.4
1109330 2180.3
1109340 2188.0
1109350 2188.0
1109360 2188.4
1109370 2195.9
1109380 2195.9
1109390 2199.0
1109400 2200.6
1109410 2196.4
1109420 2196.4
1109430 2195.0
1109440 2194.7
1109450 2194.7
1109460 2194.7
1109470 2194.0
1109480 2194.0
1109490 2190.0
1109500 2183.3
1109510 2183.3
1109520 2176.2
1109530 2170.8
1109540 2170.8
1109550 2165.5
1109560 2160.1
1109570 2160.1
1109580 2157.4
1109590 2155.9
1109600 2155.9
1109610 2150.2
1109620 2143.0
1109630 2137.4
1109640 2137.4
1109650 2133.3
1109660 2128.6
1109670 2128.6
1109680 2124.2
1109690 2122.1
1109700 2122.1
1109710 2120.0
1109720 2119.0
1109730 2119.0
1109740 2117.9
1109750 2116.3
1109760 2116.3
1109770 2117.8
1109780 2117.9
1109790 2117.9
1109800 2115.9
1109810 2112.7
1109820 2108.4
1109830 2108.4
1109840 2103.1
1109850 2099.3
1109860 2099.3
1109870 2096.0
1109880 2093.4
1109890 2093.4
1109900 2091.1
1109910 2087.5
1109920 2087.5
1109930 2083.8
1109940 2080.2
1109950 2080.2
1109960 2076.9
1109970 2073.7
1109980 2073.7
1109990 2070.1
1110000 2066.2
1110010 2066.2
1110020 2062.6
1110030 2059.7
1110040 2057.4
1110050 2058.7
1110060 2055.9
1110070 2053.7
1110080 2053.7
1110090 2053.4
1110100 2052.9
1110110 2052.9
1110120 2050.9
1110130 2049.0
1110140 2049.0
1110150 2047.0
1110160 2045.5
1110170 2045.5
1110180 2043.7
1110190 2041.1
1110200 2041.1
1110210 2038.8
1110220 2036.0
1110230 2036.0
1110240 2032.5
1110250 2028.1
1110260 2023.9
1110270 2023.9
1110280 2020.7
1110290 2018.4
1110300 2018.4
1110310 2017.2
1110320 2015.3
1110330 2015.3
1110340 2013.2
1110350 2011.0
1110360 2011.0
1110370 2008.6
1110380 2009.3
1110390 2009.3
1110400 2007.2
1110410 2003.3
1110420 2003.3
1110430 2000.3
1110440 1998.2
1110450 1998.0
1110460 1998.0
1110470 1998.1
1110480 1997.2
1110490 1997.2
1110500 1995.2
1110510 1994.0
1110520 1994.0
1110530 1992.8
1110540 1990.8
1110550 1990.8
1110560 1988.8
1110570 1985.7
1110580 1985.7
1110590 1982.0
1110600 1977.7
1110610 1977.7
1110620 1973.8
1110630 1969.5
1110640 1969.5
1110650 1963.8
1110660 1958.3
1110670 1953.3
1110680 1953.3
1110690 1948.8
1110700 1944.7
1110710 1944.7
1110720 1942.8
1110730 1938.6
1110740 1938.6
1110750 1934.5
1110760 1931.2
1110770 1931.2
1110780 1927.6
1110790 1923.6
1110800 1923.6
1110810 1917.9
1110820 1911.9
1110830 1911.9
1110840 1906.7
1110850 1901.9
1110860 1897.2
1110870 1897.2
1110880 1893.1
1110890 1890.3
1110900 1890.3
1110910 1886.5
1110920 1882.5
1110930 1882.5
1110940 1877.9
1110950 1870.8
1110960 1870.8
1110970 1861.2
1110980 1851.3
1110990 1851.3
1111000 1842.8
1111010 1834.9
1111020 1834.9
1111030 1827.3
1111040 1819.6
1111050 1819.6
1111060 1814.0
1111070 1806.7
1111080 1801.4
1111090 1801.4
1111100 1795.7
1111110 1786.8
1111120 1786.8
1111130 1777.7
1111140 1767.0
1111150 1767.0
1111160 1757.2
1111170 1749.3
1111180 1749.3
1111190 1742.7
1111200 1737.8
1111210 1737.8
1111220 1735.0
1111230 1732.4
1111240 1732.4
1111250 1730.4
1111260 1727.2
1111270 1727.2
1111280 1723.9
1111290 1721.8
1111300 1719.3
1111310 1719.3
1111320 1716.5
1111330 1713.2
1111340 1713.2
1111350 1710.2
1111360 1707.9
1111370 1707.9
1111380 1705.6
1111390 1703.3
1111400 1703.6
1111410 1701.6
1111420 1698.8
1111430 1698.8
1111440 1702.0
1111450 1708.3
1111460 1708.3
1111470 1712.7
1111480 1717.2
1111490 1723.3
1111500 1723.3
1111510 1728.8
1111520 1734.9
1111530 1734.9
1111540 1740.9
1111550 1745.6
1111560 1745.6
1111570 1749.9
1111580 1754.9
1111590 1754.9
1111600 1762.0
1111610 1768.9
1111620 1768.9
1111630 1771.8
1111640 1774.2
1111650 1774.2
1111660 1781.8
1111670 1787.5
1111680 1787.5
1111690 1789.7
1111700 1794.5
1111710 1799.3
1111720 1799.3
1111730 1805.9
1111740 1813.3
1111750 1813.3
1111760 1820.0
1111770 1828.2
1111780 1828.2
1111790 1833.1
1111800 1834.9
1111810 1834.9
1111820 1841.3
1111830 1845.1
1111840 1845.1
1111850 1848.0
1111860 1855.7
1111870 1855.7
1111880 1860.3
1111890 1862.3
1111900 1862.3
1111910 1866.6
1111920 1870.2
1111930 1872.0
1111940 1872.0
1111950 1873.8
1111960 1876.0
1111970 1876.0
1111980 1878.8
1111990 1883.1
1112000 1883.1
1112010 1888.6
1112020 1894.3
1112030 1894.3
1112040 1899.8
1112050 1904.4
1112060 1904.4
1112070 1908.7
1112080 1913.6
1112090 1913.6
1112100 1919.2
1112110 1924.5
1112120 1929.4
1112130 1929.4
1112140 1935.6
1112150 1941.8
1112160 1941.8
1112170 1945.2
1112180 1950.6
1112190 1950.6
1112200 1957.2
1112210 1960.2
1112220 1960.2
1112230 1961.2
1112240 1965.1
1112250 1965.1
1112260 1968.7
1112270 1972.3
1112280 1972.3
1112290 1977.3
1112300 1980.5
1112310 1980.5
1112320 1981.1
1112330 1980.0
1112340 1977.8
1112350 1977.8
1112360 1975.4
1112370 1975.1
1112380 1975.1
1112390 1976.6
1112400 1978.0
1112410 1978.0
1112420 1979.9
1112430 1980.4
1112440 1980.4
1112450 1980.2
1112460 1979.8
1112470 1979.8
1112480 1978.8
1112490 1976.7
1112500 1976.7
1112510 1973.9
1112520 1971.1
1112530 1971.1
1112540 1966.7
1112550 1960.7
1112560 1956.5
1112570 1956.5
1112580 1953.8
1112590 1953.2
1112600 1953.2
1112610 1951.6
1112620 1947.7
1112630 1947.7
1112640 1940.9
1112650 1935.3
1112660 1935.3
1112670 1934.3
1112680 1929.4
1112690 1929.4
1112700 1924.8
1112710 1921.3
1112720 1921.3
1112730 1918.7
1112740 1914.9
1112750 1910.4
1112760 1911.5
1112770 1909.2
1112780 1908.8
1112790 1908.8
1112800 1908.6
1112810 1908.2
1112820 1908.2
1112830 1906.8
1112840 1904.0
1112850 1904.0
1112860 1900.5
1112870 1897.8
1112880 1897.8
1112890 1896.5
1112900 1895.2
1112910 1895.2
1112920 1893.3
1112930 1891.2
1112940 1891.2
1112950 1888.0
1112960 1887.3
1112970 1886.7
1112980 1886.7
1112990 1884.6
1113000 1880.0
1113010 1880.0
1113020 1870.9
1113030 1858.3
1113040 1858.3
1113050 1847.9
1113060 1838.8
1113070 1838.8
1113080 1827.6
1113090 1817.8
1113100 1820.9
1113110 1815.8
1113120 1807.4
1113130 1807.4
1113140 1801.3
1113150 1795.2
1113160 1792.5
1113170 1792.5
1113180 1790.2
1113190 1787.4
1113200 1787.4
1113210 1784.5
1113220 1783.0
1113230 1783.0
1113240 1781.0
1113250 1778.4
1113260 1778.4
1113270 1777.1
1113280 1777.2
1113290 1777.2
1113300 1775.7
1113310 1773.4
1113320 1773.4
1113330 1769.8
1113340 1763.1
1113350 1763.1
1113360 1757.2
1113370 1752.6
1113380 1750.8
1113390 1750.8
1113400 1748.1
1113410 1743.3
1113420 1743.3
1113430 1742.4
1113440 1751.0
1113450 1751.0
1113460 1749.8
1113470 1747.7
1113480 1747.7
1113490 1746.7
1113500 1747.1
1113510 1747.1
1113520 1747.2
1113530 1747.1
1113540 1747.1
1113550 1746.2
1113560 1742.0
1113570 1742.0
1113580 1735.6
1113590 1729.8
1113600 1725.2
1113610 1725.2
1113620 1722.4
1113630 1722.6
1113640 1722.6
1113650 1721.1
1113660 1716.4
1113670 1716.4
1113680 1715.9
1113690 1714.2
1113700 1714.2
1113710 1717.7
1113720 1716.1
1113730 1716.1
1113740 1715.2
1113750 1713.0
1113760 1713.0
1113770 1708.9
1113780 1710.8
1113790 1706.1
1113800 1706.1
1113810 1702.8
1113820 1700.2
1113830 1700.2
1113840 1697.3
1113850 1696.1
1113860 1696.1
1113870 1693.8
1113880 1690.2
1113890 1690.2
1113900 1684.8
1113910 1678.6
1113920 1678.6
1113930 1673.6
1113940 1670.1
1113950 1670.1
1113960 1670.3
1113970 1672.1
1113980 1672.1
1113990 1674.1
1114000 1674.1
1114010 1671.8
1114020 1671.8
1114030 1667.7
1114040 1663.3
1114050 1663.3
1114060 1658.4
1114070 1653.1
1114080 1653.1
1114090 1648.2
1114100 1645.2
1114110 1645.2
1114120 1641.7
1114130 1642.2
1114140 1642.2
1114150 1636.7
1114160 1631.9
1114170 1631.9
1114180 1627.6
1114190 1623.4
1114200 1623.4
1114210 1620.5
1114220 1621.9
1114230 1623.7
1114240 1623.7
1114250 1622.7
1114260 1618.8
1114270 1618.8
1114280 1613.8
1114290 1607.9
1114300 1607.9
1114310 1603.0
1114320 1599.2
1114330 1599.2
1114340 1592.5
1114350 1585.2
1114360 1585.2
1114370 1578.4
1114380 1571.3
1114390 1571.3
1114400 1563.9
1114410 1556.3
1114420 1549.2
1114430 1549.2
1114440 1544.5
1114450 1541.3
1114460 1541.3
1114470 1541.3
1114480 1536.0
1114490 1536.0
1114500 1529.8
1114510 1524.3
1114520 1524.3
1114530 1520.4
1114540 1515.9
1114550 1515.9
1114560 1510.5
1114570 1503.9
1114580 1503.9
1114590 1496.3
1114600 1487.7
1114610 1487.7
1114620 1478.1
1114630 1469.4
1114640 1461.6
1114650 1461.6
1114660 1453.7
1114670 1446.5
1114680 1446.5
1114690 1439.1
1114700 1432.2
1114710 1432.2
1114720 1425.8
1114730 1419.8
1114740 1419.8
1114750 1414.5
1114760 1409.2
1114770 1409.2
1114780 1404.4
1114790 1399.6
1114800 1399.6
1114810 1395.3
1114820 1388.8
1114830 1382.8
1114840 1382.8
1114850 1379.5
1114860 1379.5
1114870 1379.5
1114880 1380.2
1114890 1378.6
1114900 1378.6
1114910 1373.9
1114920 1367.8
1114930 1367.8
1114940 1361.4
1114950 1354.7
1114960 1354.7
1114970 1348.8
1114980 1348.6
1114990 1348.6
1115000 1351.1
1115010 1350.5
1115020 1350.5
1115030 1346.7
1115040 1341.9
1115050 1340.3
1115060 1340.3
1115070 1337.6
1115080 1335.0
1115090 1335.0
1115100 1331.6
1115110 1325.9
1115120 1325.9
1115130 1321.3
1115140 1314.5
1115150 1318.2
1115160 1311.6
1115170 1309.3
1115180 1309.3
1115190 1307.3
1115200 1302.6
1115210 1302.6
1115220 1299.5
1115230 1297.4
1115240 1297.4
1115250 1293.4
1115260 1291.3
1115270 1287.8
1115280 1287.8
1115290 1282.0
1115300 1275.0
1115310 1275.0
1115320 1271.7
1115330 1271.6
1115340 1271.6
1115350 1268.3
1115360 1265.2
1115370 1265.2
1115380 1262.1
1115390 1257.4
1115400 1257.4
1115410 1250.9
1115420 1248.0
1115430 1248.0
1115440 1242.8
1115450 1238.4
1115460 1232.7
1115470 1232.7
1115480 1230.2
1115490 1228.1
1115500 1233.6
1115510 1228.2
1115520 1221.8
1115530 1221.8
1115540 1215.4
1115550 1209.7
1115560 1209.7
1115570 1203.9
1115580 1197.7
1115590 1197.7
1115600 1189.7
1115610 1181.7
1115620 1181.7
1115630 1172.4
1115640 1159.7
1115650 1159.7
1115660 1151.0
1115670 1149.8
1115680 1145.9
1115690 1145.9
1115700 1139.3
1115710 1132.4
1115720 1132.4
1115730 1126.7
1115740 1121.8
1115750 1121.8
1115760 1117.5
1115770 1113.9
1115780 1113.9
1115790 1109.1
1115800 1104.0
1115810 1104.0
1115820 1099.0
1115830 1093.9
1115840 1095.9
1115850 1090.5
1115860 1084.9
1115870 1084.9
1115880 1077.6
1115890 1071.6
1115900 1067.0
1115910 1067.0
1115920 1061.3
1115930 1055.0
1115940 1055.0
1115950 1050.1
1115960 1046.3
1115970 1046.3
1115980 1038.4
1115990 1029.8
1116000 1029.8
1116010 1022.8
1116020 1015.8
1116030 1015.8
1116040 1011.5
1116050 1007.7
1116060 1007.7
1116070 1004.8
1116080 1002.1
1116090 999.0
1116100 999.0
1116110 995.8
1116120 993.3
1116130 993.3
1116140 991.5
1116150 988.5
1116160 988.5
1116170 987.3
1116180 988.7
1116190 988.7
1116200 990.4
1116210 990.7
1116220 990.7
1116230 989.7
1116240 989.0
1116250 989.0
1116260 990.6
1116270 990.9
1116280 990.9
1116290 990.3
1116300 990.6
1116310 990.9
1116320 990.9
1116330 991.0
1116340 991.1
1116350 991.1
1116360 990.7
1116370 990.2
1116380 990.2
1116390 990.0
1116400 990.1
1116410 990.1
1116420 989.7
1116430 989.5
1116440 989.5
1116450 988.3
1116460 987.4
1116470 987.4
1116480 987.1
1116490 987.0
1116500 986.5
1116510 986.5
1116520 986.4
1116530 987.1
1116540 987.1
1116550 988.0
1116560 986.9
1116570 986.9
1116580 986.5
1116590 986.2
1116600 986.2
1116610 985.9
1116620 985.5
1116630 985.5
1116640 985.1
1116650 984.8
1116660 984.8
1116670 984.4
1116680 984.0
1116690 984.0
1116700 983.7
1116710 983.4
1116720 982.9
1116730 982.9
1116740 982.3
1116750 981.9
1116760 981.9
1116770 981.7
1116780 981.5
1116790 981.5
1116800 980.7
1116810 978.4
1116820 978.4
1116830 977.9
1116840 976.6
1116850 976.6
1116860 977.1
1116870 977.4
1116880 977.4
1116890 977.5
1116900 977.5
1116910 977.5
1116920 979.0
1116930 980.8
1116940 985.6
1116950 985.6
1116960 991.3
1116970 993.7
1116980 993.7
1116990 996.3
1117000 999.0
1117010 999.0
1117020 1001.7
1117030 1004.4
1117040 1004.4
1117050 1006.7
1117060 1009.6
1117070 1009.6
1117080 1013.5
1117090 1017.2
1117100 1017.2
1117110 1021.5
1117120 1025.1
1117130 1026.5
1117140 1026.5
1117150 1026.7
1117160 1028.8
1117170 1028.8
1117180 1032.9
1117190 1037.2
1117200 1037.2
1117210 1041.2
1117220 1045.2
1117230 1045.2
1117240 1049.7
1117250 1049.9
1117260 1049.9
1117270 1050.6
1117280 1052.9
1117290 1052.9
1117300 1056.1
1117310 1060.6
1117320 1060.6
1117330 1067.7
1117340 1075.9
1117350 1081.0
1117360 1081.0
1117370 1082.8
1117380 1085.3
1117390 1085.3
1117400 1089.2
1117410 1094.8
1117420 1094.8
1117430 1101.3
1117440 1107.1
1117450 1107.1
1117460 1111.8
1117470 1114.1
1117480 1114.1
1117490 1116.5
1117500 1120.1
1117510 1120.1
1117520 1124.1
1117530 1127.7
1117540 1131.4
1117550 1131.4
1117560 1128.9
1117570 1131.8
1117580 1131.8
1117590 1132.6
1117600 1138.5
1117610 1138.5
1117620 1145.6
1117630 1151.2
1117640 1151.2
1117650 1154.9
1117660 1159.7
1117670 1159.7
1117680 1163.2
1117690 1166.7
1117700 1166.7
1117710 1169.1
1117720 1172.1
1117730 1172.1
1117740 1176.3
1117750 1181.1
1117760 1185.0
1117770 1185.0
1117780 1189.3
1117790 1194.2
1117800 1194.2
1117810 1199.5
1117820 1205.0
1117830 1205.0
1117840 1210.3
1117850 1213.4
1117860 1213.4
1117870 1210.3
1117880 1205.4
1117890 1205.4
1117900 1205.9
1117910 1214.6
1117920 1214.6
1117930 1226.8
1117940 1236.2
1117950 1236.2
1117960 1245.5
1117970 1260.0
1117980 1275.7
1117990 1275.7
1118000 1284.3
1118010 1292.9
1118020 1292.9
1118030 1300.9
1118040 1308.1
1118050 1308.1
1118060 1314.3
1118070 1322.9
1118080 1322.9
1118090 1332.1
1118100 1340.9
1118110 1340.9
1118120 1353.5
1118130 1366.2
1118140 1366.2
1118150 1375.8
1118160 1383.4
1118170 1390.4
1118180 1390.4
1118190 1397.8
1118200 1405.3
1118210 1405.3
1118220 1413.2
1118230 1420.8
1118240 1420.8
1118250 1424.8
1118260 1432.1
1118270 1432.1
1118280 1438.6
1118290 1444.2
1118300 1444.2
1118310 1448.6
1118320 1452.3
1118330 1452.3
1118340 1457.1
1118350 1462.1
1118360 1462.1
1118370 1467.0
1118380 1472.1
1118390 1476.9
1118400 1476.9
1118410 1481.9
1118420 1486.3
1118430 1486.3
1118440 1488.6
1118450 1491.1
1118460 1491.1
1118470 1493.6
1118480 1495.7
1118490 1495.7
1118500 1497.4
1118510 1499.4
1118520 1499.4
1118530 1501.8
1118540 1504.5
1118550 1504.5
1118560 1508.4
1118570 1513.5
1118580 1513.5
1118590 1519.2
1118600 1519.6
1118610 1526.1
1118620 1526.1
1118630 1531.9
1118640 1537.7
1118650 1537.7
1118660 1543.3
1118670 1548.1
1118680 1548.1
1118690 1551.8
1118700 1556.0
1118710 1556.0
1118720 1560.5
1118730 1565.5
1118740 1565.5
1118750 1570.9
1118760 1576.4
1118770 1576.4
1118780 1581.4
1118790 1587.2
1118800 1590.9
1118810 1590.9
1118820 1593.6
1118830 1598.6
1118840 1598.6
1118850 1604.2
1118860 1608.5
1118870 1608.5
1118880 1611.4
1118890 1614.2
1118900 1614.2
1118910 1615.9
1118920 1616.8
1118930 1616.8
1118940 1610.7
1118950 1612.2
1118960 1612.2
1118970 1613.9
1118980 1615.4
1118990 1615.4
1119000 1618.2
1119010 1622.6
1119020 1627.0
1119030 1627.0
1119040 1633.1
1119050 1639.2
1119060 1639.2
1119070 1643.3
1119080 1646.7
1119090 1646.7
1119100 1649.5
1119110 1651.8
1119120 1651.8
1119130 1652.8
1119140 1654.4
1119150 1654.4
1119160 1658.5
1119170 1663.7
1119180 1663.7
1119190 1671.2
1119200 1682.8
1119210 1689.7
1119220 1689.7
1119230 1696.2
1119240 1707.1
1119250 1707.1
1119260 1729.5
1119270 1743.4
1119280 1743.4
1119290 1739.2
1119300 1743.0
1119310 1743.0
1119320 1756.2
1119330 1775.0
1119340 1775.0
1119350 1777.1
1119360 1777.6
1119370 1777.6
1119380 1761.7
1119390 1770.7
1119400 1770.7
1119410 1772.1
1119420 1771.0
1119430 1770.0
1119440 1770.0
1119450 1785.4
1119460 1800.6
1119470 1800.6
1119480 1809.0
1119490 1816.0
1119500 1816.0
1119510 1821.2
1119520 1821.6
1119530 1821.6
1119540 1822.7
1119550 1822.4
1119560 1822.4
1119570 1820.8
1119580 1826.1
1119590 1826.1
1119600 1830.6
1119610 1834.8
1119620 1834.8
1119630 1826.2
1119640 1832.0
1119650 1835.6
1119660 1835.6
1119670 1838.3
1119680 1841.7
1119690 1841.7
1119700 1845.8
1119710 1848.9
1119720 1848.9
1119730 1851.8
1119740 1854.8
1119750 1854.8
1119760 1857.1
1119770 1863.8
1119780 1863.8
1119790 1870.2
1119800 1872.4
1119810 1872.4
1119820 1877.4
1119830 1877.4
1119840 1880.2
1119850 1880.2
1119860 1880.9
1119870 1887.8
1119880 1887.8
1119890 1891.4
1119900 1893.4
1119910 1893.4
1119920 1895.7
1119930 1897.3
1119940 1897.3
1119950 1898.7
1119960 1900.7
1119970 1900.7
1119980 1899.6
1119990 1903.0
