1100000 2414.0
1100010 2408.9
1100020 2408.9
1100030 2407.1
1100040 2413.9
1100050 2413.9
1100060 2423.9
1100070 2425.8
1100080 2420.6
1100090 2420.6
1100100 2419.3
1100110 2413.6
1100120 2413.6
1100130 2411.0
1100140 2402.9
1100150 2402.9
1100160 2397.4
1100170 2397.4
1100180 2397.4
1100190 2397.2
1100200 2395.6
1100210 2395.6
1100220 2395.1
1100230 2395.6
1100240 2395.6
1100250 2395.8
1100260 2395.6
1100270 2397.7
1100280 2397.7
1100290 2400.1
1100300 2399.7
1100310 2399.7
1100320 2402.6
1100330 2409.4
1100340 2409.4
1100350 2419.7
1100360 2419.5
1100370 2419.5
1100380 2399.7
1100390 2387.2
1100400 2387.2
1100410 2378.2
1100420 2370.5
1100430 2370.4
1100440 2363.6
1100450 2357.6
1100460 2357.6
1100470 2351.4
1100480 2344.2
1100490 2338.8
1100500 2338.8
1100510 2333.0
1100520 2326.4
1100530 2326.4
1100540 2321.7
1100550 2316.0
1100560 2316.0
1100570 2311.0
1100580 2306.4
1100590 2306.4
1100600 2301.7
1100610 2297.2
1100620 2297.2
1100630 2293.4
1100640 2289.8
1100650 2289.8
1100660 2285.7
1100670 2282.4
1100680 2282.4
1100690 2279.8
1100700 2277.0
1100710 2274.0
1100720 2274.0
1100730 2271.6
1100740 2270.0
1100750 2270.0
1100760 2265.6
1100770 2264.5
1100780 2264.5
1100790 2264.3
1100800 2263.5
1100810 2263.5
1100820 2261.9
1100830 2260.7
1100840 2260.7
1100850 2258.7
1100860 2255.1
1100870 2255.1
1100880 2251.9
1100890 2248.1
1100900 2242.6
1100910 2242.6
1100920 2237.6
1100930 2234.3
1100940 2234.3
1100950 2230.9
1100960 2227.7
1100970 2227.7
1100980 2224.7
1100990 2221.8
1101000 2221.8
1101010 2218.9
1101020 2216.4
1101030 2216.4
1101040 2214.4
1101050 2212.4
1101060 2212.4
1101070 2210.5
1101080 2208.7
1101090 2209.7
1101100 2207.8
1101110 2205.8
1101120 2203.6
1101130 2203.6
1101140 2201.2
1101150 2198.8
1101160 2198.8
1101170 2196.6
1101180 2194.9
1101190 2194.9
1101200 2192.9
1101210 2190.4
1101220 2190.4
1101230 2188.0
1101240 2185.2
1101250 2185.2
1101260 2182.4
1101270 2180.1
1101280 2180.1
1101290 2177.2
1101300 2172.8
1101310 2172.8
1101320 2169.4
1101330 2167.7
1101340 2165.1
1101350 2165.1
1101360 2161.5
1101370 2157.5
1101380 2157.5
1101390 2153.1
1101400 2149.8
1101410 2149.8
1101420 2146.7
1101430 2144.0
1101440 2144.0
1101450 2142.2
1101460 2141.2
1101470 2141.2
1101480 2138.6
1101490 2134.6
1101500 2134.6
1101510 2130.9
1101520 2126.9
1101530 2123.1
1101540 2123.1
1101550 2120.0
1101560 2117.4
1101570 2117.4
1101580 2115.1
1101590 2114.4
1101600 2114.4
1101610 2113.5
1101620 2109.9
1101630 2109.9
1101640 2105.4
1101650 2103.1
1101660 2103.1
1101670 2100.9
1101680 2099.0
1101690 2099.0
1101700 2097.4
1101710 2095.6
1101720 2095.6
1101730 2093.9
1101740 2092.4
1101750 2088.8
1101760 2088.8
1101770 2086.3
1101780 2084.0
1101790 2084.0
1101800 2083.0
1101810 2083.5
1101820 2083.5
1101830 2083.6
1101840 2083.2
1101850 2083.2
1101860 2083.3
1101870 2082.9
1101880 2082.9
1101890 2080.4
1101900 2078.8
1101910 2078.8
1101920 2078.7
1101930 2079.0
1101940 2079.0
1101950 2079.3
1101960 2078.8
1101970 2074.4
1101980 2074.4
1101990 2067.2
1102000 2060.0
1102010 2060.0
1102020 2054.0
1102030 2050.3
1102040 2050.3
1102050 2046.7
1102060 2042.4
1102070 2042.4
1102080 2035.0
1102090 2031.1
1102100 2031.1
1102110 2028.4
1102120 2026.1
1102130 2026.1
1102140 2023.9
1102150 2023.5
1102160 2020.1
1102170 2020.1
1102180 2017.4
1102190 2015.3
1102200 2015.3
1102210 2015.8
1102220 2015.9
1102230 2015.9
1102240 2015.0
1102250 2013.0
1102260 2013.0
1102270 2010.1
1102280 2009.7
1102290 2009.7
1102300 2010.2
1102310 2010.2
1102320 2010.2
1102330 2010.2
1102340 2010.5
1102350 2010.5
1102360 2011.8
1102370 2012.9
1102380 2014.1
1102390 2014.1
1102400 2016.3
1102410 2009.9
1102420 2009.9
1102430 2008.2
1102440 2011.4
1102450 2011.4
1102460 2013.4
1102470 2014.9
1102480 2014.9
1102490 2013.8
1102500 2014.8
1102510 2014.8
1102520 2018.6
1102530 2021.0
1102540 2021.0
1102550 2023.9
1102560 2026.3
1102570 2026.3
1102580 2027.9
1102590 2030.4
1102600 2032.1
1102610 2032.1
1102620 2033.8
1102630 2033.9
1102640 2033.9
1102650 2033.1
1102660 2033.7
1102670 2033.7
1102680 2033.5
1102690 2032.4
1102700 2032.4
1102710 2030.7
1102720 2029.5
1102730 2029.5
1102740 2021.6
1102750 2021.5
1102760 2021.5
1102770 2021.0
1102780 2019.4
1102790 2017.8
1102800 2017.8
1102810 2015.6
1102820 2013.1
1102830 2013.1
1102840 2010.5
1102850 2007.4
1102860 2007.4
1102870 2003.4
1102880 1998.1
1102890 1998.1
1102900 1993.9
1102910 1990.3
1102920 1990.3
1102930 1986.4
1102940 1982.3
1102950 1982.3
1102960 1977.9
1102970 1973.1
1102980 1973.1
1102990 1967.6
1103000 1962.8
1103010 1957.3
1103020 1957.3
1103030 1951.6
1103040 1946.5
1103050 1946.5
1103060 1940.4
1103070 1931.9
1103080 1931.9
1103090 1927.0
1103100 1922.6
1103110 1922.6
1103120 1918.4
1103130 1912.3
1103140 1912.3
1103150 1907.1
1103160 1901.9
1103170 1901.9
1103180 1897.3
1103190 1892.7
1103200 1892.7
1103210 1888.0
1103220 1883.7
1103230 1880.1
1103240 1880.1
1103250 1876.1
1103260 1872.0
1103270 1872.0
1103280 1868.0
1103290 1864.0
1103300 1864.0
1103310 1860.0
1103320 1856.5
1103330 1856.5
1103340 1852.8
1103350 1848.2
1103360 1848.2
1103370 1844.2
1103380 1839.2
1103390 1839.2
1103400 1835.3
1103410 1830.3
1103420 1824.8
1103430 1824.8
1103440 1818.2
1103450 1812.6
1103460 1812.6
1103470 1809.0
1103480 1802.8
1103490 1802.8
1103500 1795.4
1103510 1790.2
1103520 1790.2
1103530 1785.9
1103540 1781.2
1103550 1781.2
1103560 1775.5
1103570 1769.1
1103580 1769.1
1103590 1762.3
1103600 1755.0
1103610 1755.0
1103620 1750.6
1103630 1747.9
1103640 1744.4
1103650 1744.4
1103660 1739.8
1103670 1734.9
1103680 1734.9
1103690 1729.9
1103700 1725.3
1103710 1725.3
1103720 1720.4
1103730 1715.6
1103740 1714.5
1103750 1709.3
1103760 1703.5
1103770 1703.5
1103780 1697.3
1103790 1691.3
1103800 1691.3
1103810 1685.5
1103820 1678.9
1103830 1678.9
1103840 1676.2
1103850 1672.2
1103860 1666.4
1103870 1666.4
1103880 1658.9
1103890 1651.5
1103900 1651.5
1103910 1648.0
1103920 1644.4
1103930 1644.4
1103940 1637.6
1103950 1630.8
1103960 1630.8
1103970 1624.6
1103980 1621.0
1103990 1621.0
1104000 1621.1
1104010 1619.3
1104020 1619.3
1104030 1618.5
1104040 1614.2
1104050 1609.8
1104060 1609.8
1104070 1601.1
1104080 1598.5
1104090 1598.5
1104100 1593.9
1104110 1589.5
1104120 1589.5
1104130 1585.5
1104140 1580.0
1104150 1580.0
1104160 1578.2
1104170 1575.5
1104180 1575.5
1104190 1569.3
1104200 1564.3
1104210 1564.3
1104220 1566.0
1104230 1568.0
1104240 1568.0
1104250 1569.2
1104260 1569.1
1104270 1568.6
1104280 1568.6
1104290 1566.0
1104300 1567.6
1104310 1567.6
1104320 1570.5
1104330 1565.5
1104340 1565.5
1104350 1557.7
1104360 1550.1
1104370 1550.1
1104380 1544.4
1104390 1545.5
1104400 1539.4
1104410 1541.7
1104420 1544.7
1104430 1544.7
1104440 1546.7
1104450 1547.4
1104460 1547.4
1104470 1545.5
1104480 1543.5
1104490 1542.2
1104500 1542.2
1104510 1540.9
1104520 1539.6
1104530 1539.6
1104540 1538.4
1104550 1537.0
1104560 1537.0
1104570 1535.2
1104580 1534.0
1104590 1534.0
1104600 1532.9
1104610 1531.2
1104620 1531.2
1104630 1528.3
1104640 1522.1
1104650 1522.1
1104660 1517.5
1104670 1516.9
1104680 1518.4
1104690 1518.4
1104700 1520.7
1104710 1521.4
1104720 1521.4
1104730 1518.9
1104740 1513.5
1104750 1513.5
1104760 1515.9
1104770 1517.9
1104780 1517.9
1104790 1518.5
1104800 1517.2
1104810 1517.2
1104820 1514.8
1104830 1510.9
1104840 1510.9
1104850 1505.2
1104860 1499.6
1104870 1499.6
1104880 1495.6
1104890 1493.0
1104900 1489.7
1104910 1489.7
1104920 1486.1
1104930 1482.7
1104940 1482.7
1104950 1479.4
1104960 1475.4
1104970 1475.4
1104980 1470.9
1104990 1466.0
1105000 1466.0
1105010 1460.9
1105020 1456.3
1105030 1456.3
1105040 1452.6
1105050 1450.2
1105060 1450.2
1105070 1446.7
1105080 1443.7
1105090 1443.7
1105100 1440.4
1105110 1435.1
1105120 1428.4
1105130 1428.4
1105140 1421.4
1105150 1414.0
1105160 1414.0
1105170 1406.1
1105180 1398.6
1105190 1398.6
1105200 1391.1
1105210 1384.4
1105220 1384.4
1105230 1377.9
1105240 1371.5
1105250 1371.5
1105260 1364.9
1105270 1359.0
1105280 1359.0
1105290 1353.1
1105300 1349.4
1105310 1346.8
1105320 1346.8
1105330 1344.5
1105340 1342.8
1105350 1342.8
1105360 1341.1
1105370 1337.8
1105380 1337.8
1105390 1330.1
1105400 1323.2
1105410 1322.2
1105420 1315.6
1105430 1310.5
1105440 1310.5
1105450 1306.7
1105460 1304.0
1105470 1304.0
1105480 1302.8
1105490 1301.3
1105500 1301.3
1105510 1298.8
1105520 1296.4
1105530 1295.0
1105540 1295.0
1105550 1292.4
1105560 1292.0
1105570 1292.0
1105580 1291.3
1105590 1290.3
1105600 1290.3
1105610 1289.4
1105620 1288.4
1105630 1288.4
1105640 1287.1
1105650 1286.0
1105660 1286.0
1105670 1287.3
1105680 1289.3
1105690 1289.3
1105700 1294.5
1105710 1298.4
1105720 1298.4
1105730 1298.5
1105740 1300.8
1105750 1300.8
1105760 1300.8
1105770 1301.8
1105780 1304.2
1105790 1304.2
1105800 1308.3
1105810 1312.4
1105820 1312.4
1105830 1314.9
1105840 1317.8
1105850 1317.8
1105860 1323.3
1105870 1329.4
1105880 1329.4
1105890 1335.7
1105900 1341.1
1105910 1341.1
1105920 1345.8
1105930 1350.1
1105940 1354.4
1105950 1354.4
1105960 1359.3
1105970 1364.2
1105980 1364.2
1105990 1367.8
1106000 1369.3
1106010 1369.3
1106020 1367.3
1106030 1367.7
1106040 1367.7
1106050 1369.7
1106060 1371.0
1106070 1376.0
1106080 1376.8
1106090 1379.4
1106100 1379.4
1106110 1384.9
1106120 1390.8
1106130 1390.8
1106140 1394.2
1106150 1396.2
1106160 1395.2
1106170 1395.2
1106180 1399.3
1106190 1406.3
1106200 1406.3
1106210 1408.3
1106220 1410.9
1106230 1410.9
1106240 1413.5
1106250 1415.2
1106260 1415.2
1106270 1417.8
1106280 1423.1
1106290 1423.1
1106300 1429.5
1106310 1435.9
1106320 1435.9
1106330 1442.1
1106340 1447.4
1106350 1447.4
1106360 1451.3
1106370 1458.1
1106380 1465.6
1106390 1465.6
1106400 1474.1
1106410 1487.5
1106420 1487.5
1106430 1493.5
1106440 1496.6
1106450 1496.6
1106460 1504.5
1106470 1509.9
1106480 1509.9
1106490 1515.7
1106500 1527.6
1106510 1527.6
1106520 1536.9
1106530 1542.3
1106540 1542.3
1106550 1547.6
1106560 1552.8
1106570 1557.1
1106580 1557.1
1106590 1559.8
1106600 1562.3
1106610 1562.3
1106620 1569.7
1106630 1576.2
1106640 1576.2
1106650 1581.8
1106660 1586.7
1106670 1586.7
1106680 1592.0
1106690 1597.0
1106700 1597.0
1106710 1600.5
1106720 1603.3
1106730 1603.3
1106740 1610.6
1106750 1613.0
1106760 1613.0
1106770 1611.9
1106780 1608.9
1106790 1605.8
1106800 1605.8
1106810 1601.7
1106820 1596.6
1106830 1596.6
1106840 1590.5
1106850 1586.3
1106860 1586.3
1106870 1583.6
1106880 1579.2
1106890 1579.2
1106900 1575.0
1106910 1571.4
1106920 1571.4
1106930 1567.7
1106940 1563.2
1106950 1563.2
1106960 1558.5
1106970 1553.8
1106980 1553.8
1106990 1547.6
1107000 1543.2
1107010 1540.1
1107020 1540.1
1107030 1535.2
1107040 1531.0
1107050 1531.0
1107060 1527.4
1107070 1526.3
1107080 1527.6
1107090 1529.6
1107100 1532.3
1107110 1532.3
1107120 1535.0
1107130 1537.6
1107140 1537.6
1107150 1540.1
1107160 1542.7
1107170 1542.7
1107180 1545.6
1107190 1548.0
1107200 1551.3
1107210 1551.3
1107220 1555.6
1107230 1559.7
1107240 1559.7
1107250 1564.1
1107260 1565.1
1107270 1565.1
1107280 1563.7
1107290 1565.0
1107300 1565.0
1107310 1567.5
1107320 1569.3
1107330 1569.3
1107340 1571.1
1107350 1575.5
1107360 1575.5
1107370 1580.5
1107380 1586.8
1107390 1586.8
1107400 1592.8
1107410 1603.9
1107420 1609.7
1107430 1609.7
1107440 1616.2
1107450 1626.6
1107460 1626.6
1107470 1637.1
1107480 1643.3
1107490 1643.3
1107500 1646.8
1107510 1650.1
1107520 1650.1
1107530 1654.8
1107540 1658.9
1107550 1658.9
1107560 1660.4
1107570 1665.2
1107580 1665.2
1107590 1669.9
1107600 1674.7
1107610 1674.7
1107620 1681.4
1107630 1688.5
1107640 1694.5
1107650 1694.5
1107660 1702.0
1107670 1708.7
1107680 1708.7
1107690 1711.1
1107700 1713.2
1107710 1713.2
1107720 1713.6
1107730 1714.0
1107740 1714.0
1107750 1723.1
1107760 1724.5
1107770 1724.5
1107780 1726.5
1107790 1727.5
1107800 1727.5
1107810 1731.7
1107820 1735.4
1107830 1738.4
1107840 1738.4
1107850 1741.9
1107860 1746.8
1107870 1746.8
1107880 1748.0
1107890 1748.8
1107900 1748.8
1107910 1750.9
1107920 1755.2
1107930 1755.2
1107940 1757.3
1107950 1758.6
1107960 1758.6
1107970 1764.5
1107980 1767.7
1107990 1767.7
1108000 1768.3
1108010 1769.8
1108020 1769.8
1108030 1769.0
1108040 1772.9
1108050 1771.3
1108060 1771.3
1108070 1773.8
1108080 1778.0
1108090 1783.0
1108100 1787.1
1108110 1791.7
1108120 1791.7
1108130 1796.6
1108140 1801.3
1108150 1801.3
1108160 1805.9
1108170 1813.7
1108180 1813.7
1108190 1821.9
1108200 1829.4
1108210 1829.4
1108220 1838.0
1108230 1844.7
1108240 1844.7
1108250 1853.1
1108260 1859.2
1108270 1864.5
1108280 1864.5
1108290 1871.2
1108300 1876.9
1108310 1876.9
1108320 1881.7
1108330 1886.9
1108340 1886.9
1108350 1893.1
1108360 1900.9
1108370 1900.9
1108380 1907.6
1108390 1914.6
1108400 1914.6
1108410 1921.3
1108420 1924.1
1108430 1924.1
1108440 1931.6
1108450 1938.2
1108460 1945.4
1108470 1945.4
1108480 1951.7
1108490 1955.7
1108500 1955.7
1108510 1958.3
1108520 1961.3
1108530 1961.3
1108540 1964.9
1108550 1969.1
1108560 1969.1
1108570 1973.5
1108580 1977.5
1108590 1977.5
1108600 1981.4
1108610 1985.1
1108620 1985.1
1108630 1988.4
1108640 1991.6
1108650 1991.6
1108660 1995.2
1108670 1998.7
1108680 2002.1
1108690 2002.1
1108700 2005.5
1108710 2008.6
1108720 2008.6
1108730 2011.6
1108740 2014.1
1108750 2014.1
1108760 2017.1
1108770 2020.3
1108780 2020.3
1108790 2024.0
1108800 2028.0
1108810 2028.0
1108820 2031.9
1108830 2035.0
1108840 2035.0
1108850 2038.2
1108860 2041.5
1108870 2041.5
1108880 2045.2
1108890 2048.8
1108900 2052.3
1108910 2052.3
1108920 2056.5
1108930 2061.3
1108940 2061.3
1108950 2066.1
1108960 2071.0
1108970 2071.0
1108980 2075.4
1108990 2079.6
1109000 2079.6
1109010 2083.1
1109020 2087.1
1109030 2087.1
1109040 2091.9
1109050 2096.3
1109060 2096.3
1109070 2099.8
1109080 2103.8
1109090 2107.9
1109100 2105.4
1109110 2109.6
1109120 2113.1
1109130 2113.1
1109140 2116.2
1109150 2120.1
1109160 2120.1
1109170 2124.9
1109180 2130.4
1109190 2130.4
1109200 2135.2
1109210 2139.7
1109220 2139.7
1109230 2142.9
1109240 2143.0
1109250 2143.0
1109260 2141.8
1109270 2142.5
1109280 2142.5
1109290 2143.5
1109300 2141.6
1109310 2136.5
1109320 2136.5
1109330 2132.2
1109340 2129.1
1109350 2129.1
1109360 2127.5
1109370 2127.2
1109380 2127.2
1109390 2123.6
1109400 2117.9
1109410 2117.9
1109420 2113.4
1109430 2107.9
1109440 2107.9
1109450 2103.4
1109460 2100.0
1109470 2100.0
1109480 2096.5
1109490 2091.7
1109500 2091.7
1109510 2087.6
1109520 2082.2
1109530 2077.2
1109540 2077.2
1109550 2071.0
1109560 2064.9
1109570 2064.9
1109580 2061.4
1109590 2058.5
1109600 2058.5
1109610 2055.2
1109620 2051.5
1109630 2051.5
1109640 2046.4
1109650 2041.6
1109660 2041.6
1109670 2038.4
1109680 2033.4
1109690 2033.4
1109700 2031.1
1109710 2032.0
1109720 2030.9
1109730 2030.9
1109740 2026.7
1109750 2021.7
1109760 2021.7
1109770 2017.6
1109780 2013.4
1109790 2013.4
1109800 2011.0
1109810 2008.1
1109820 2008.1
1109830 2005.2
1109840 2003.4
1109850 2003.4
1109860 2002.8
1109870 2002.5
1109880 2002.5
1109890 1999.9
1109900 1993.0
1109910 1993.0
1109920 1992.4
1109930 1992.2
1109940 1989.9
1109950 1989.9
1109960 1989.6
1109970 1989.8
1109980 1989.8
1109990 1989.5
1110000 1988.9
1110010 1988.9
1110020 1987.8
1110030 1986.3
1110040 1986.3
1110050 1983.5
1110060 1979.6
1110070 1979.6
1110080 1972.6
1110090 1965.3
1110100 1965.3
1110110 1959.7
1110120 1956.1
1110130 1956.1
1110140 1952.6
1110150 1948.8
1110160 1945.6
1110170 1945.6
1110180 1943.9
1110190 1942.8
1110200 1942.8
1110210 1941.6
1110220 1939.5
1110230 1939.5
1110240 1936.5
1110250 1933.1
1110260 1933.1
1110270 1930.1
1110280 1927.6
1110290 1927.6
1110300 1925.2
1110310 1922.7
1110320 1922.7
1110330 1919.8
1110340 1916.5
1110350 1912.8
1110360 1912.8
1110370 1909.2
1110380 1905.1
1110390 1905.1
1110400 1902.1
1110410 1899.9
1110420 1899.9
1110430 1897.3
1110440 1895.1
1110450 1896.6
1110460 1896.4
1110470 1895.2
1110480 1895.2
1110490 1893.1
1110500 1888.6
1110510 1888.6
1110520 1888.3
1110530 1886.7
1110540 1886.7
1110550 1882.0
1110560 1877.7
1110570 1874.1
1110580 1874.1
1110590 1873.6
1110600 1873.3
1110610 1873.3
1110620 1872.8
1110630 1871.2
1110640 1871.2
1110650 1868.6
1110660 1865.7
1110670 1865.7
1110680 1863.5
1110690 1861.5
1110700 1861.5
1110710 1859.9
1110720 1857.5
1110730 1857.5
1110740 1854.8
1110750 1852.1
1110760 1849.5
1110770 1849.5
1110780 1846.7
1110790 1845.3
1110800 1845.3
1110810 1841.7
1110820 1836.3
1110830 1836.3
1110840 1830.4
1110850 1825.4
1110860 1825.4
1110870 1821.0
1110880 1816.3
1110890 1816.3
1110900 1810.9
1110910 1807.6
1110920 1807.6
1110930 1803.2
1110940 1799.3
1110950 1799.3
1110960 1796.3
1110970 1791.8
1110980 1787.7
1110990 1787.7
1111000 1784.7
1111010 1779.7
1111020 1779.7
1111030 1775.5
1111040 1771.5
1111050 1771.5
1111060 1765.3
1111070 1760.1
1111080 1760.1
1111090 1754.9
1111100 1750.0
1111110 1750.0
1111120 1745.8
1111130 1743.2
1111140 1743.2
1111150 1740.0
1111160 1736.6
1111170 1736.6
1111180 1732.3
1111190 1727.8
1111200 1723.5
1111210 1723.5
1111220 1719.2
1111230 1714.8
1111240 1714.8
1111250 1708.2
1111260 1702.4
1111270 1702.4
1111280 1699.0
1111290 1695.8
1111300 1695.8
1111310 1690.7
1111320 1687.8
1111330 1687.8
1111340 1687.9
1111350 1687.7
1111360 1687.7
1111370 1687.5
1111380 1685.4
1111390 1680.9
1111400 1680.9
1111410 1680.1
1111420 1679.8
1111430 1679.8
1111440 1680.5
1111450 1684.3
1111460 1684.3
1111470 1686.4
1111480 1690.2
1111490 1690.2
1111500 1694.3
1111510 1699.4
1111520 1699.4
1111530 1705.8
1111540 1711.2
1111550 1711.2
1111560 1713.9
1111570 1717.5
1111580 1717.5
1111590 1723.4
1111600 1727.6
1111610 1731.1
1111620 1731.1
1111630 1736.5
1111640 1741.6
1111650 1741.6
1111660 1747.1
1111670 1752.9
1111680 1752.9
1111690 1758.8
1111700 1763.8
1111710 1763.8
1111720 1770.0
1111730 1777.2
1111740 1777.2
1111750 1785.0
1111760 1790.7
1111770 1790.7
1111780 1795.1
1111790 1798.7
1111800 1798.3
1111810 1807.1
1111820 1814.0
1111830 1820.9
1111840 1820.9
1111850 1827.1
1111860 1833.2
1111870 1833.2
1111880 1837.8
1111890 1846.6
1111900 1846.6
1111910 1853.3
1111920 1855.3
1111930 1855.3
1111940 1858.3
1111950 1861.8
1111960 1861.8
1111970 1863.9
1111980 1867.4
1111990 1867.4
1112000 1871.3
1112010 1874.1
1112020 1875.4
1112030 1875.4
1112040 1875.3
1112050 1876.4
1112060 1876.4
1112070 1878.8
1112080 1882.3
1112090 1882.3
1112100 1886.5
1112110 1889.6
1112120 1889.6
1112130 1892.0
1112140 1896.4
1112150 1896.4
1112160 1898.0
1112170 1900.9
1112180 1900.9
1112190 1905.3
1112200 1909.5
1112210 1909.5
1112220 1912.3
1112230 1914.6
1112240 1917.1
1112250 1917.1
1112260 1920.6
1112270 1925.9
1112280 1925.9
1112290 1932.8
1112300 1939.1
1112310 1939.1
1112320 1944.7
1112330 1948.4
1112340 1948.4
1112350 1945.7
1112360 1937.5
1112370 1937.5
1112380 1929.4
1112390 1921.7
1112400 1921.7
1112410 1914.3
1112420 1907.7
1112430 1907.7
1112440 1902.5
1112450 1899.3
1112460 1896.8
1112470 1896.8
1112480 1893.1
1112490 1886.8
1112500 1886.8
1112510 1884.6
1112520 1884.0
1112530 1884.0
1112540 1886.6
1112550 1878.8
1112560 1878.8
1112570 1870.1
1112580 1864.0
1112590 1864.0
1112600 1859.3
1112610 1857.8
1112620 1857.8
1112630 1857.5
1112640 1857.7
1112650 1857.7
1112660 1857.7
1112670 1856.9
1112680 1850.8
1112690 1850.8
1112700 1844.8
1112710 1835.6
1112720 1835.6
1112730 1829.8
1112740 1829.7
1112750 1829.7
1112760 1828.7
1112770 1824.8
1112780 1824.8
1112790 1818.3
1112800 1815.8
1112810 1815.8
1112820 1815.2
1112830 1814.2
1112840 1814.2
1112850 1812.6
1112860 1815.6
1112870 1818.0
1112880 1818.0
1112890 1818.8
1112900 1818.6
1112910 1818.6
1112920 1817.4
1112930 1814.5
1112940 1814.5
1112950 1810.2
1112960 1805.1
1112970 1805.1
1112980 1798.9
1112990 1791.2
1113000 1791.2
1113010 1782.1
1113020 1773.2
1113030 1773.2
1113040 1764.0
1113050 1754.0
1113060 1754.0
1113070 1745.4
1113080 1734.4
1113090 1725.2
1113100 1725.2
1113110 1717.6
1113120 1711.7
1113130 1711.7
1113140 1706.5
1113150 1702.6
1113160 1702.6
1113170 1701.6
1113180 1694.8
1113190 1694.8
1113200 1687.7
1113210 1681.1
1113220 1681.1
1113230 1675.0
1113240 1671.4
1113250 1671.4
1113260 1670.1
1113270 1670.2
1113280 1668.9
1113290 1668.9
1113300 1667.1
1113310 1664.1
1113320 1664.1
1113330 1661.5
1113340 1659.6
1113350 1659.6
1113360 1655.6
1113370 1649.7
1113380 1649.7
1113390 1644.5
1113400 1640.0
1113410 1640.0
1113420 1634.7
1113430 1631.8
1113440 1631.8
1113450 1628.8
1113460 1626.3
1113470 1626.3
1113480 1623.5
1113490 1619.9
1113500 1616.9
1113510 1617.9
1113520 1615.2
1113530 1612.4
1113540 1612.4
1113550 1607.5
1113560 1601.9
1113570 1601.9
1113580 1597.8
1113590 1595.0
1113600 1595.0
1113610 1591.6
1113620 1587.8
1113630 1587.8
1113640 1584.0
1113650 1580.8
1113660 1580.8
1113670 1577.8
1113680 1575.7
1113690 1575.7
1113700 1573.9
1113710 1571.5
1113720 1568.2
1113730 1568.2
1113740 1563.7
1113750 1559.1
1113760 1559.1
1113770 1555.1
1113780 1551.0
1113790 1551.0
1113800 1547.2
1113810 1543.8
1113820 1543.8
1113830 1541.8
1113840 1538.6
1113850 1540.3
1113860 1535.8
1113870 1530.5
1113880 1530.5
1113890 1525.0
1113900 1519.9
1113910 1514.4
1113920 1514.4
1113930 1508.4
1113940 1502.6
1113950 1502.6
1113960 1497.9
1113970 1493.9
1113980 1493.9
1113990 1486.1
1114000 1482.0
1114010 1482.0
1114020 1479.1
1114030 1476.1
1114040 1476.1
1114050 1473.2
1114060 1467.5
1114070 1467.5
1114080 1464.2
1114090 1461.1
1114100 1461.1
1114110 1457.5
1114120 1454.4
1114130 1451.6
1114140 1451.6
1114150 1448.0
1114160 1444.7
1114170 1444.7
1114180 1441.9
1114190 1439.2
1114200 1439.2
1114210 1435.9
1114220 1432.2
1114230 1432.2
1114240 1428.8
1114250 1425.7
1114260 1425.7
1114270 1422.7
1114280 1420.7
1114290 1420.7
1114300 1419.4
1114310 1418.8
1114320 1418.8
1114330 1417.7
1114340 1415.6
1114350 1412.0
1114360 1412.0
1114370 1407.8
1114380 1403.5
1114390 1403.5
1114400 1401.6
1114410 1398.1
1114420 1398.1
1114430 1393.7
1114440 1390.5
1114450 1390.5
1114460 1386.5
1114470 1382.1
1114480 1382.1
1114490 1376.6
1114500 1369.8
1114510 1369.8
1114520 1361.8
1114530 1356.5
1114540 1351.3
1114550 1351.3
1114560 1347.2
1114570 1343.8
1114580 1343.8
1114590 1341.5
1114600 1338.0
1114610 1338.0
1114620 1332.3
1114630 1328.1
1114640 1328.1
1114650 1324.5
1114660 1319.3
1114670 1319.3
1114680 1312.2
1114690 1304.9
1114700 1304.9
1114710 1298.5
1114720 1291.3
1114730 1291.3
1114740 1283.6
1114750 1276.8
1114760 1269.2
1114770 1269.2
1114780 1261.7
1114790 1253.7
1114800 1253.7
1114810 1246.3
1114820 1241.6
1114830 1241.6
1114840 1237.8
1114850 1233.4
1114860 1233.4
1114870 1228.6
1114880 1228.0
1114890 1228.0
1114900 1223.5
1114910 1218.2
1114920 1218.2
1114930 1214.5
1114940 1210.4
1114950 1210.4
1114960 1204.6
1114970 1198.2
1114980 1191.8
1114990 1191.8
1115000 1185.6
1115010 1180.0
1115020 1180.0
1115030 1175.2
1115040 1170.6
1115050 1170.6
1115060 1166.4
1115070 1163.5
1115080 1163.5
1115090 1157.6
1115100 1152.6
1115110 1152.6
1115120 1146.2
1115130 1139.7
1115140 1139.7
1115150 1133.0
1115160 1126.3
1115170 1120.8
1115180 1120.8
1115190 1115.9
1115200 1111.8
1115210 1111.8
1115220 1114.9
1115230 1112.5
1115240 1112.5
1115250 1107.4
1115260 1102.3
1115270 1102.3
1115280 1098.1
1115290 1094.0
1115300 1094.0
1115310 1089.9
1115320 1085.8
1115330 1085.8
1115340 1082.4
1115350 1079.4
1115360 1079.4
1115370 1076.7
1115380 1074.8
1115390 1073.7
1115400 1073.7
1115410 1073.0
1115420 1069.8
1115430 1069.8
1115440 1065.9
1115450 1062.8
1115460 1062.8
1115470 1059.3
1115480 1055.8
1115490 1055.8
1115500 1049.5
1115510 1042.5
1115520 1042.5
1115530 1035.3
1115540 1027.4
1115550 1027.4
1115560 1020.0
1115570 1015.4
1115580 1012.5
1115590 1012.5
1115600 1009.4
1115610 1007.1
1115620 1007.1
1115630 1004.9
1115640 1002.8
1115650 1002.8
1115660 1003.2
1115670 1002.8
1115680 1002.8
1115690 999.1
1115700 995.7
1115710 995.7
1115720 992.1
1115730 990.2
1115740 990.2
1115750 988.4
1115760 986.6
1115770 986.6
1115780 984.8
1115790 983.2
1115800 981.6
1115810 981.6
1115820 979.9
1115830 978.4
1115840 978.4
1115850 977.1
1115860 975.8
1115870 975.8
1115880 974.7
1115890 973.5
1115900 973.5
1115910 972.4
1115920 971.4
1115930 971.4
1115940 970.6
1115950 970.2
1115960 970.2
1115970 970.2
1115980 969.5
1115990 969.5
1116000 967.7
1116010 967.3
1116020 966.6
1116030 966.6
1116040 965.2
1116050 965.1
1116060 965.1
1116070 965.1
1116080 965.1
1116090 965.1
1116100 965.1
1116110 964.2
1116120 964.2
1116130 964.6
1116140 965.6
1116150 965.6
1116160 966.4
1116170 965.2
1116180 965.2
1116190 964.7
1116200 966.3
1116210 966.2
1116220 966.2
1116230 965.3
1116240 962.3
1116250 964.4
1116260 962.6
1116270 963.9
1116280 963.9
1116290 965.2
1116300 967.2
1116310 967.2
1116320 968.0
1116330 968.1
1116340 968.1
1116350 967.6
1116360 967.2
1116370 967.2
1116380 966.7
1116390 966.2
1116400 966.2
1116410 965.9
1116420 966.0
1116430 966.2
1116440 966.2
1116450 966.4
1116460 966.6
1116470 966.6
1116480 967.9
1116490 968.9
1116500 968.9
1116510 969.7
1116520 970.4
1116530 970.4
1116540 970.8
1116550 971.7
1116560 971.7
1116570 971.9
1116580 972.0
1116590 972.1
1116600 972.3
1116610 972.3
1116620 972.3
1116630 972.2
1116640 972.0
1116650 972.0
1116660 972.0
1116670 972.2
1116680 972.6
1116690 972.6
1116700 973.1
1116710 972.2
1116720 972.2
1116730 972.2
1116740 972.3
1116750 972.3
1116760 972.7
1116770 974.2
1116780 974.2
1116790 977.6
1116800 982.5
1116810 982.5
1116820 988.0
1116830 993.7
1116840 999.8
1116850 999.8
1116860 1005.6
1116870 1011.4
1116880 1011.4
1116890 1017.3
1116900 1023.8
1116910 1023.8
1116920 1029.9
1116930 1035.3
1116940 1034.2
1116950 1038.9
1116960 1043.0
1116970 1043.0
1116980 1047.4
1116990 1053.1
1117000 1053.1
1117010 1057.8
1117020 1062.6
1117030 1062.6
1117040 1067.8
1117050 1074.0
1117060 1082.6
1117070 1082.6
1117080 1090.5
1117090 1097.0
1117100 1097.0
1117110 1103.7
1117120 1109.9
1117130 1109.9
1117140 1116.5
1117150 1123.2
1117160 1123.2
1117170 1128.9
1117180 1134.2
1117190 1134.2
1117200 1139.1
1117210 1143.8
1117220 1143.8
1117230 1148.3
1117240 1152.9
1117250 1152.9
1117260 1157.5
1117270 1161.9
1117280 1167.5
1117290 1167.5
1117300 1173.0
1117310 1178.0
1117320 1178.0
1117330 1182.6
1117340 1187.4
1117350 1187.4
1117360 1193.0
1117370 1199.5
1117380 1199.5
1117390 1205.4
1117400 1211.3
1117410 1211.3
1117420 1218.0
1117430 1224.2
1117440 1224.2
1117450 1230.3
1117460 1236.2
1117470 1242.1
1117480 1242.1
1117490 1248.8
1117500 1256.1
1117510 1256.1
1117520 1263.5
1117530 1270.3
1117540 1270.3
1117550 1275.3
1117560 1280.1
1117570 1280.1
1117580 1285.4
1117590 1293.1
1117600 1293.1
1117610 1301.0
1117620 1307.8
1117630 1308.4
1117640 1315.0
1117650 1320.9
1117660 1320.9
1117670 1326.6
1117680 1332.1
1117690 1337.0
1117700 1337.0
1117710 1341.3
1117720 1344.6
1117730 1344.6
1117740 1348.8
1117750 1353.0
1117760 1353.0
1117770 1356.5
1117780 1359.5
1117790 1359.5
1117800 1361.7
1117810 1362.8
1117820 1362.8
1117830 1364.4
1117840 1369.3
1117850 1369.3
1117860 1377.7
1117870 1384.1
1117880 1390.6
1117890 1390.6
1117900 1397.1
1117910 1403.8
1117920 1403.8
1117930 1411.4
1117940 1419.3
1117950 1419.3
1117960 1426.3
1117970 1431.4
1117980 1431.4
1117990 1439.1
1118000 1447.1
1118010 1447.1
1118020 1455.3
1118030 1464.2
1118040 1464.2
1118050 1473.3
1118060 1482.0
1118070 1482.0
1118080 1491.3
1118090 1500.9
1118100 1515.9
1118110 1515.9
1118120 1526.6
1118130 1530.4
1118140 1530.4
1118150 1539.4
1118160 1554.0
1118170 1554.0
1118180 1570.7
1118190 1587.4
1118200 1587.4
1118210 1592.6
1118220 1589.1
1118230 1589.1
1118240 1586.6
1118250 1591.7
1118260 1591.7
1118270 1597.6
1118280 1604.3
1118290 1604.3
1118300 1614.7
1118310 1625.4
1118320 1625.6
1118330 1625.6
1118340 1648.4
1118350 1676.2
1118360 1676.2
1118370 1687.5
1118380 1706.5
1118390 1706.5
1118400 1730.6
1118410 1753.9
1118420 1753.9
1118430 1763.9
1118440 1772.9
1118450 1772.9
1118460 1782.6
1118470 1790.3
1118480 1790.3
1118490 1796.7
1118500 1810.5
1118510 1817.4
1118520 1817.4
1118530 1820.4
1118540 1822.6
1118550 1822.6
1118560 1825.2
1118570 1829.6
1118580 1829.6
1118590 1836.4
1118600 1844.3
1118610 1844.3
1118620 1851.8
1118630 1856.6
1118640 1856.6
1118650 1857.9
1118660 1862.7
1118670 1862.7
1118680 1867.9
1118690 1868.8
1118700 1868.8
1118710 1867.5
1118720 1865.6
1118730 1864.3
1118740 1864.3
1118750 1865.8
1118760 1871.4
1118770 1871.4
1118780 1878.5
1118790 1881.8
1118800 1881.8
1118810 1882.9
1118820 1885.7
1118830 1885.7
1118840 1891.6
1118850 1896.1
1118860 1896.1
1118870 1901.3
1118880 1906.6
1118890 1906.6
1118900 1914.5
1118910 1918.4
1118920 1918.4
1118930 1921.5
1118940 1924.8
1118950 1930.2
1118960 1930.2
1118970 1935.8
1118980 1942.9
1118990 1942.9
1119000 1949.0
1119010 1952.0
1119020 1952.0
1119030 1958.8
1119040 1964.3
1119050 1964.3
1119060 1970.4
1119070 1978.2
1119080 1978.2
1119090 1983.4
1119100 1990.0
1119110 1990.0
1119120 2000.1
1119130 2010.7
1119140 2018.0
1119150 2018.0
1119160 2024.0
1119170 2029.5
1119180 2029.5
1119190 2035.8
1119200 2045.3
1119210 2045.3
1119220 2049.7
1119230 2051.0
1119240 2051.0
1119250 2050.9
1119260 2051.5
1119270 2051.5
1119280 2053.7
1119290 2058.5
1119300 2058.5
1119310 2065.4
1119320 2070.6
1119330 2070.6
1119340 2071.0
1119350 2067.6
1119360 2069.0
1119370 2069.0
1119380 2068.0
1119390 2065.1
1119400 2065.1
1119410 2067.7
1119420 2074.9
1119430 2074.9
1119440 2082.3
1119450 2085.1
1119460 2085.1
1119470 2087.3
1119480 2088.8
1119490 2088.8
1119500 2090.4
1119510 2091.9
1119520 2091.9
1119530 2093.4
1119540 2096.0
1119550 2096.0
1119560 2097.9
1119570 2099.3
1119580 2101.8
1119590 2101.8
1119600 2105.4
1119610 2109.1
1119620 2109.1
1119630 2112.3
1119640 2115.3
1119650 2115.3
1119660 2116.9
1119670 2122.8
1119680 2122.8
1119690 2130.5
1119700 2133.1
1119710 2133.1
1119720 2134.1
1119730 2135.0
1119740 2135.0
1119750 2135.1
1119760 2136.0
1119770 2138.5
1119780 2138.5
1119790 2142.0
1119800 2145.7
1119810 2145.7
1119820 2149.5
1119830 2151.3
1119840 2151.3
1119850 2151.5
1119860 2151.7
1119870 2151.7
1119880 2150.4
1119890 2151.5
1119900 2151.5
1119910 2154.5
1119920 2156.1
1119930 2156.1
1119940 2157.9
1119950 2160.1
1119960 2160.1
1119970 2162.2
1119980 2163.0
1119990 2164.0
