1100570 2264.4
1100580 2264.4
1100590 2266.4
1100600 2269.2
1100610 2269.2
1100620 2271.6
1100630 2274.0
1100640 2274.0
1100650 2276.5
1100660 2278.4
1100670 2278.4
1100680 2279.7
1100690 2280.5
1100700 2281.0
1100710 2281.0
1100720 2282.2
1100730 2282.8
1100740 2282.8
1100750 2284.2
1100760 2287.4
1100770 2287.4
1100780 2290.0
1100790 2293.4
1100800 2293.4
1100810 2297.6
1100820 2301.6
1100830 2301.6
1100840 2305.5
1100850 2310.2
1100860 2310.2
1100870 2315.5
1100880 2321.8
1100890 2328.0
1100900 2328.0
1100910 2334.4
1100920 2341.0
1100930 2341.0
1100940 2347.8
1100950 2355.0
1100960 2355.0
1100970 2362.1
1100980 2369.3
1100990 2369.3
1101000 2377.1
1101010 2385.9
1101020 2385.9
1101030 2388.0
1101040 2387.1
1101050 2387.1
1101060 2383.3
1101070 2373.4
1101080 2373.4
1101090 2377.3
1101100 2368.2
1101110 2362.3
1101120 2362.3
1101130 2346.0
1101140 2336.8
1101150 2336.8
1101160 2336.0
1101170 2331.9
1101180 2331.9
1101190 2325.9
1101200 2316.2
1101210 2316.2
1101220 2307.5
1101230 2301.1
1101240 2301.1
1101250 2282.6
1101260 2269.5
1101270 2269.5
1101280 2263.2
1101290 2249.4
1101300 2249.4
1101310 2235.2
1101320 2227.6
1101330 2220.0
1101340 2220.0
1101350 2214.1
1101360 2209.4
1101370 2209.4
1101380 2205.1
1101390 2199.9
1101400 2199.9
1101410 2194.4
1101420 2190.6
1101430 2190.6
1101440 2184.2
1101450 2178.0
1101460 2178.0
1101470 2172.0
1101480 2166.3
1101490 2166.3
1101500 2161.0
1101510 2155.7
1101520 2155.7
1101530 2150.4
1101540 2145.3
1101550 2140.7
1101560 2140.7
1101570 2136.6
1101580 2132.2
1101590 2132.2
1101600 2126.9
1101610 2121.1
1101620 2121.1
1101630 2115.5
1101640 2110.1
1101650 2110.1
1101660 2105.2
1101670 2100.9
1101680 2100.9
1101690 2096.2
1101700 2090.9
1101710 2090.9
1101720 2085.4
1101730 2079.1
1101740 2072.5
1101750 2070.4
1101760 2065.8
1101770 2061.9
1101780 2061.9
1101790 2058.5
1101800 2055.6
1101810 2055.6
1101820 2052.4
1101830 2048.6
1101840 2048.6
1101850 2045.1
1101860 2042.6
1101870 2042.6
1101880 2039.0
1101890 2032.8
1101900 2032.8
1101910 2024.9
1101920 2017.8
1101930 2017.8
1101940 2011.3
1101950 2005.0
1101960 1999.9
1101970 1999.9
1101980 1996.1
1101990 1993.1
1102000 1993.1
1102010 1989.6
1102020 1985.1
1102030 1985.1
1102040 1980.0
1102050 1974.8
1102060 1974.8
1102070 1970.0
1102080 1966.2
1102090 1966.2
1102100 1961.5
1102110 1958.5
1102120 1958.5
1102130 1956.5
1102140 1954.5
1102150 1954.5
1102160 1952.1
1102170 1949.2
1102180 1944.9
1102190 1944.9
1102200 1941.3
1102210 1937.9
1102220 1937.9
1102230 1934.5
1102240 1931.9
1102250 1931.9
1102260 1928.8
1102270 1925.8
1102280 1925.8
1102290 1922.8
1102300 1920.7
1102310 1920.7
1102320 1919.4
1102330 1916.4
1102340 1916.4
1102350 1913.1
1102360 1910.2
1102370 1907.0
1102380 1907.0
1102390 1903.8
1102400 1899.9
1102410 1901.3
1102420 1897.8
1102430 1894.4
1102440 1894.4
1102450 1891.8
1102460 1888.4
1102470 1888.4
1102480 1883.3
1102490 1881.1
1102500 1881.1
1102510 1882.7
1102520 1885.1
1102530 1885.1
1102540 1884.6
1102550 1883.3
1102560 1883.3
1102570 1881.3
1102580 1879.0
1102590 1876.4
1102600 1876.4
1102610 1874.2
1102620 1872.2
1102630 1872.2
1102640 1870.2
1102650 1868.9
1102660 1868.9
1102670 1868.7
1102680 1869.6
1102690 1869.6
1102700 1870.2
1102710 1870.7
1102720 1870.7
1102730 1870.6
1102740 1865.5
1102750 1865.5
1102760 1864.2
1102770 1862.7
1102780 1862.7
1102790 1862.8
1102800 1862.8
1102810 1862.5
1102820 1862.5
1102830 1862.7
1102840 1865.1
1102850 1865.1
1102860 1868.6
1102870 1871.7
1102880 1871.7
1102890 1874.0
1102900 1876.5
1102910 1876.5
1102920 1878.2
1102930 1879.5
1102940 1879.5
1102950 1880.5
1102960 1881.1
1102970 1881.1
1102980 1881.0
1102990 1880.9
1103000 1880.9
1103010 1881.9
1103020 1883.1
1103030 1883.7
1103040 1883.7
1103050 1885.4
1103060 1886.3
1103070 1886.3
1103080 1879.2
1103090 1878.2
1103100 1878.2
1103110 1877.8
1103120 1877.4
1103130 1877.4
1103140 1877.0
1103150 1876.6
1103160 1876.6
1103170 1875.5
1103180 1874.4
1103190 1874.4
1103200 1872.7
1103210 1872.3
1103220 1871.6
1103230 1871.6
1103240 1871.5
1103250 1872.6
1103260 1872.6
1103270 1873.3
1103280 1874.7
1103290 1874.7
1103300 1875.8
1103310 1876.0
1103320 1876.0
1103330 1876.6
1103340 1877.7
1103350 1877.7
1103360 1876.5
1103370 1874.3
1103380 1874.3
1103390 1872.8
1103400 1871.0
1103410 1862.3
1103420 1859.4
1103430 1858.1
1103440 1858.5
1103450 1858.5
1103460 1857.3
1103470 1857.6
1103480 1857.6
1103490 1859.8
1103500 1859.8
1103510 1859.8
1103520 1860.6
1103530 1863.0
1103540 1863.0
1103550 1867.2
1103560 1872.7
1103570 1872.7
1103580 1879.0
1103590 1880.1
1103600 1880.1
1103610 1879.4
1103620 1880.5
1103630 1880.5
1103640 1882.6
1103650 1883.1
1103660 1886.1
1103670 1886.1
1103680 1890.8
1103690 1895.1
1103700 1895.1
1103710 1896.2
1103720 1893.7
1103730 1893.7
1103740 1882.3
1103750 1878.7
1103760 1878.7
1103770 1878.8
1103780 1879.0
1103790 1879.0
1103800 1873.9
1103810 1868.5
1103820 1868.5
1103830 1863.7
1103840 1868.6
1103850 1876.9
1103860 1876.9
1103870 1884.3
1103880 1890.6
1103890 1890.6
1103900 1892.8
1103910 1893.0
1103920 1893.0
1103930 1898.5
1103940 1904.9
1103950 1904.9
1103960 1908.4
1103970 1906.9
1103980 1906.9
1103990 1903.4
1104000 1900.1
1104010 1900.1
1104020 1898.4
1104030 1895.8
1104040 1895.8
1104050 1892.7
1104060 1890.3
1104070 1881.0
1104080 1881.0
1104090 1878.1
1104100 1874.3
1104110 1874.3
1104120 1870.1
1104130 1866.1
1104140 1866.1
1104150 1862.3
1104160 1860.0
1104170 1860.0
1104180 1858.1
1104190 1855.4
1104200 1855.4
1104210 1851.8
1104220 1847.4
1104230 1847.4
1104240 1842.8
1104250 1838.3
1104260 1838.3
1104270 1833.6
1104280 1829.5
1104290 1825.7
1104300 1825.7
1104310 1821.0
1104320 1816.2
1104330 1816.2
1104340 1811.4
1104350 1806.9
1104360 1806.9
1104370 1802.6
1104380 1797.2
1104390 1797.2
1104400 1791.0
1104410 1786.6
1104420 1786.6
1104430 1782.3
1104440 1776.2
1104450 1776.2
1104460 1769.9
1104470 1764.1
1104480 1755.7
1104490 1755.7
1104500 1747.0
1104510 1736.5
1104520 1736.5
1104530 1722.4
1104540 1711.3
1104550 1711.3
1104560 1700.3
1104570 1691.1
1104580 1691.1
1104590 1682.0
1104600 1673.5
1104610 1673.5
1104620 1665.3
1104630 1657.2
1104640 1657.2
1104650 1650.3
1104660 1645.3
1104670 1645.3
1104680 1640.3
1104690 1636.8
1104700 1635.1
1104710 1635.1
1104720 1633.1
1104730 1630.6
1104740 1623.2
1104750 1628.3
1104760 1628.8
1104770 1628.8
1104780 1626.3
1104790 1622.1
1104800 1622.1
1104810 1620.1
1104820 1613.6
1104830 1613.6
1104840 1606.1
1104850 1598.1
1104860 1598.1
1104870 1593.8
1104880 1590.3
1104890 1590.3
1104900 1584.6
1104910 1578.5
1104920 1571.5
1104930 1571.5
1104940 1562.8
1104950 1554.9
1104960 1554.9
1104970 1551.1
1104980 1551.4
1104990 1551.4
1105000 1549.4
1105010 1546.5
1105020 1546.5
1105030 1541.8
1105040 1536.4
1105050 1536.4
1105060 1530.8
1105070 1521.1
1105080 1521.1
1105090 1515.5
1105100 1511.9
1105110 1511.9
1105120 1508.0
1105130 1506.2
1105140 1500.3
1105150 1500.3
1105160 1495.5
1105170 1494.6
1105180 1494.6
1105190 1497.6
1105200 1494.4
1105210 1494.4
1105220 1486.8
1105230 1479.7
1105240 1479.7
1105250 1471.6
1105260 1462.4
1105270 1462.4
1105280 1453.9
1105290 1445.8
1105300 1445.8
1105310 1438.1
1105320 1430.5
1105330 1424.4
1105340 1424.4
1105350 1417.7
1105360 1409.7
1105370 1409.7
1105380 1403.1
1105390 1397.7
1105400 1397.7
1105410 1397.6
1105420 1388.7
1105430 1388.7
1105440 1379.5
1105450 1372.2
1105460 1372.2
1105470 1375.7
1105480 1378.9
1105490 1378.9
1105500 1381.7
1105510 1382.6
1105520 1382.6
1105530 1381.5
1105540 1386.6
1105550 1389.8
1105560 1389.8
1105570 1390.9
1105580 1391.3
1105590 1391.3
1105600 1392.6
1105610 1395.1
1105620 1395.1
1105630 1398.3
1105640 1399.9
1105650 1399.9
1105660 1397.9
1105670 1394.4
1105680 1394.4
1105690 1389.9
1105700 1385.2
1105710 1385.2
1105720 1379.6
1105730 1373.8
1105740 1369.8
1105750 1364.7
1105760 1358.6
1105770 1352.4
1105780 1352.4
1105790 1346.3
1105800 1340.0
1105810 1340.0
1105820 1334.4
1105830 1332.2
1105840 1332.2
1105850 1330.6
1105860 1325.8
1105870 1325.8
1105880 1320.1
1105890 1314.4
1105900 1314.4
1105910 1309.1
1105920 1303.5
1105930 1303.5
1105940 1297.3
1105950 1289.7
1105960 1281.3
1105970 1281.3
1105980 1272.5
1105990 1267.1
1106000 1267.1
1106010 1264.2
1106020 1262.4
1106030 1262.4
1106040 1259.9
1106050 1256.9
1106060 1256.9
1106070 1254.5
1106080 1251.5
1106090 1251.5
1106100 1249.0
1106110 1246.5
1106120 1246.5
1106130 1245.8
1106140 1244.6
1106150 1244.6
1106160 1243.6
1106170 1243.0
1106180 1243.3
1106190 1243.3
1106200 1244.0
1106210 1244.0
1106220 1244.0
1106230 1243.3
1106240 1245.0
1106250 1245.0
1106260 1248.8
1106270 1249.8
1106280 1249.8
1106290 1250.0
1106300 1251.8
1106310 1251.8
1106320 1255.3
1106330 1256.4
1106340 1256.4
1106350 1258.2
1106360 1259.4
1106370 1259.4
1106380 1260.6
1106390 1260.9
1106400 1262.4
1106410 1263.7
1106420 1265.4
1106430 1263.8
1106440 1263.8
1106450 1264.4
1106460 1265.7
1106470 1265.7
1106480 1267.4
1106490 1272.9
1106500 1272.9
1106510 1280.7
1106520 1288.1
1106530 1288.1
1106540 1293.2
1106550 1294.9
1106560 1294.9
1106570 1296.1
1106580 1297.7
1106590 1300.0
1106600 1300.0
1106610 1302.5
1106620 1305.5
1106630 1305.5
1106640 1308.1
1106650 1308.7
1106660 1308.7
1106670 1309.8
1106680 1310.7
1106690 1310.7
1106700 1311.3
1106710 1312.2
1106720 1312.2
1106730 1313.6
1106740 1314.5
1106750 1316.5
1106760 1318.4
1106770 1324.2
1106780 1324.2
1106790 1329.1
1106800 1328.3
1106810 1325.8
1106820 1325.8
1106830 1325.3
1106840 1322.8
1106850 1322.8
1106860 1326.8
1106870 1336.6
1106880 1336.6
1106890 1349.1
1106900 1356.6
1106910 1356.6
1106920 1363.3
1106930 1367.1
1106940 1367.1
1106950 1371.6
1106960 1380.5
1106970 1380.5
1106980 1389.5
1106990 1397.1
1107000 1397.1
1107010 1403.8
1107020 1409.9
1107030 1416.5
1107040 1416.5
1107050 1421.1
1107060 1421.8
1107070 1421.8
1107080 1430.6
1107090 1435.4
1107100 1435.4
1107110 1450.5
1107120 1463.0
1107130 1463.0
1107140 1467.3
1107150 1469.3
1107160 1469.3
1107170 1473.2
1107180 1484.1
1107190 1484.1
1107200 1495.3
1107210 1504.8
1107220 1504.8
1107230 1512.9
1107240 1519.7
1107250 1527.4
1107260 1527.4
1107270 1537.3
1107280 1546.8
1107290 1546.8
1107300 1554.8
1107310 1560.0
1107320 1560.0
1107330 1565.2
1107340 1571.4
1107350 1571.4
1107360 1575.8
1107370 1576.1
1107380 1576.1
1107390 1577.7
1107400 1583.5
1107410 1583.5
1107420 1594.4
1107430 1599.2
1107440 1604.2
1107450 1604.2
1107460 1609.7
1107470 1614.3
1107480 1614.3
1107490 1616.3
1107500 1619.1
1107510 1619.1
1107520 1624.6
1107530 1630.3
1107540 1630.3
1107550 1635.9
1107560 1640.0
1107570 1640.0
1107580 1644.3
1107590 1649.8
1107600 1649.8
1107610 1655.0
1107620 1659.1
1107630 1659.1
1107640 1663.1
1107650 1666.9
1107660 1671.4
1107670 1671.4
1107680 1675.9
1107690 1675.7
1107700 1675.7
1107710 1667.9
1107720 1661.1
1107730 1661.1
1107740 1655.4
1107750 1661.2
1107760 1661.2
1107770 1664.3
1107780 1673.6
1107790 1673.6
1107800 1666.4
1107810 1656.7
1107820 1656.7
1107830 1657.0
1107840 1663.0
1107850 1663.0
1107860 1673.3
1107870 1685.1
1107880 1691.2
1107890 1691.2
1107900 1704.5
1107910 1715.5
1107920 1715.5
1107930 1722.3
1107940 1726.8
1107950 1726.8
1107960 1727.1
1107970 1721.3
1107980 1721.3
1107990 1713.8
1108000 1710.4
1108010 1710.4
1108020 1704.0
1108030 1696.3
1108040 1696.3
1108050 1689.5
1108060 1683.1
1108070 1675.2
1108080 1675.2
1108090 1678.7
1108100 1674.4
1108110 1674.4
1108120 1667.9
1108130 1666.6
1108140 1666.6
1108150 1664.4
1108160 1668.4
1108170 1668.4
1108180 1670.9
1108190 1673.3
1108200 1673.3
1108210 1678.6
1108220 1686.7
1108230 1686.7
1108240 1697.6
1108250 1701.7
1108260 1701.7
1108270 1693.6
1108280 1688.6
1108290 1683.4
1108300 1683.4
1108310 1679.9
1108320 1674.5
1108330 1674.5
1108340 1674.4
1108350 1685.7
1108360 1685.7
1108370 1689.8
1108380 1687.1
1108390 1687.1
1108400 1684.8
1108410 1683.9
1108420 1683.9
1108430 1693.3
1108440 1695.6
1108450 1695.6
1108460 1696.5
1108470 1696.0
1108480 1696.0
1108490 1697.9
1108500 1703.3
1108510 1707.8
1108520 1707.8
1108530 1713.2
1108540 1719.2
1108550 1719.2
1108560 1723.4
1108570 1728.7
1108580 1728.7
1108590 1735.0
1108600 1741.5
1108610 1741.5
1108620 1748.8
1108630 1756.0
1108640 1756.0
1108650 1764.5
1108660 1773.4
1108670 1773.4
1108680 1782.2
1108690 1791.5
1108700 1799.8
1108710 1799.8
1108720 1808.3
1108730 1815.2
1108740 1815.2
1108750 1821.2
1108760 1823.2
1108770 1823.2
1108780 1825.9
1108790 1827.7
1108800 1827.7
1108810 1830.0
1108820 1833.0
1108830 1833.0
1108840 1836.8
1108850 1841.1
1108860 1841.1
1108870 1845.2
1108880 1849.6
1108890 1849.6
1108900 1854.6
1108910 1860.0
1108920 1865.8
1108930 1865.8
1108940 1872.0
1108950 1878.5
1108960 1878.5
1108970 1885.1
1108980 1891.9
1108990 1891.9
1109000 1899.3
1109010 1907.5
1109020 1907.5
1109030 1917.0
1109040 1925.9
1109050 1925.9
1109060 1936.4
1109070 1952.0
1109080 1952.0
1109090 1963.4
1109100 1972.8
1109110 1972.8
1109120 1982.3
1109130 1992.7
1109140 2006.8
1109150 2006.8
1109160 2017.1
1109170 2025.7
1109180 2025.7
1109190 2032.8
1109200 2033.3
1109210 2033.3
1109220 2032.8
1109230 2037.9
1109240 2037.9
1109250 2040.1
1109260 2040.3
1109270 2040.3
1109280 2041.4
1109290 2040.8
1109300 2040.8
1109310 2039.2
1109320 2037.2
1109330 2037.2
1109340 2036.1
1109350 2035.9
1109360 2034.3
1109370 2034.3
1109380 2031.4
1109390 2026.2
1109400 2026.2
1109410 2019.2
1109420 2010.9
1109430 2010.9
1109440 2003.6
1109450 1998.9
1109460 1998.9
1109470 1994.6
1109480 1992.1
1109490 1992.1
1109500 1987.5
1109510 1983.7
1109520 1983.7
1109530 1979.6
1109540 1974.7
1109550 1970.4
1109560 1970.4
1109570 1967.5
1109580 1965.3
1109590 1965.3
1109600 1964.5
1109610 1963.7
1109620 1963.7
1109630 1961.9
1109640 1957.3
1109650 1957.3
1109660 1954.8
1109670 1954.4
1109680 1954.4
1109690 1953.9
1109700 1952.0
1109710 1952.0
1109720 1949.2
1109730 1946.0
1109740 1946.0
1109750 1939.3
1109760 1932.8
1109770 1932.7
1109780 1932.7
1109790 1931.0
1109800 1928.9
1109810 1928.9
1109820 1926.5
1109830 1923.2
1109840 1923.2
1109850 1920.5
1109860 1918.3
1109870 1918.3
1109880 1915.5
1109890 1910.7
1109900 1910.7
1109910 1906.8
1109920 1902.8
1109930 1902.8
1109940 1899.7
1109950 1896.5
1109960 1896.5
1109970 1893.2
1109980 1889.6
1109990 1885.2
1110000 1885.2
1110010 1880.7
1110020 1877.5
1110030 1877.5
1110040 1874.2
1110050 1870.6
1110060 1870.6
1110070 1866.2
1110080 1862.8
1110090 1862.8
1110100 1856.8
1110110 1850.5
1110120 1850.5
1110130 1844.5
1110140 1838.6
1110150 1838.6
1110160 1832.5
1110170 1827.5
1110180 1822.8
1110190 1822.8
1110200 1818.1
1110210 1812.7
1110220 1812.7
1110230 1806.2
1110240 1800.1
1110250 1800.1
1110260 1794.1
1110270 1787.2
1110280 1787.2
1110290 1778.7
1110300 1770.2
1110310 1770.2
1110320 1762.9
1110330 1756.1
1110340 1756.1
1110350 1748.9
1110360 1742.9
1110370 1742.9
1110380 1736.8
1110390 1730.4
1110400 1723.3
1110410 1723.3
1110420 1717.8
1110430 1713.6
1110440 1713.6
1110450 1714.3
1110460 1709.8
1110470 1709.8
1110480 1702.5
1110490 1694.3
1110500 1694.3
1110510 1687.2
1110520 1680.1
1110530 1680.1
1110540 1675.3
1110550 1671.0
1110560 1671.0
1110570 1664.7
1110580 1657.9
1110590 1657.9
1110600 1652.9
1110610 1649.3
1110620 1645.8
1110630 1645.8
1110640 1641.7
1110650 1637.0
1110660 1637.0
1110670 1630.5
1110680 1626.8
1110690 1626.8
1110700 1625.0
1110710 1623.7
1110720 1623.7
1110730 1623.4
1110740 1622.9
1110750 1622.9
1110760 1621.8
1110770 1620.0
1110780 1620.0
1110790 1619.1
1110800 1617.4
1110810 1614.8
1110820 1614.8
1110830 1612.8
1110840 1610.5
1110850 1610.5
1110860 1608.2
1110870 1606.2
1110880 1606.2
1110890 1604.2
1110900 1602.3
1110910 1602.3
1110920 1600.5
1110930 1598.4
1110940 1598.4
1110950 1596.8
1110960 1595.4
1110970 1595.4
1110980 1593.8
1110990 1592.3
1111000 1592.3
1111010 1591.1
1111020 1589.3
1111030 1588.1
1111040 1588.1
1111050 1585.5
1111060 1582.8
1111070 1582.8
1111080 1580.8
1111090 1580.0
1111100 1580.0
1111110 1579.8
1111120 1578.3
1111130 1578.2
1111140 1579.0
1111150 1581.2
1111160 1581.2
1111170 1584.7
1111180 1589.3
1111190 1589.3
1111200 1594.5
1111210 1601.0
1111220 1601.0
1111230 1607.9
1111240 1615.1
1111250 1622.8
1111260 1622.8
1111270 1630.1
1111280 1637.6
1111290 1637.6
1111300 1644.4
1111310 1649.4
1111320 1649.4
1111330 1658.2
1111340 1673.6
1111350 1673.6
1111360 1686.7
1111370 1695.2
1111380 1695.2
1111390 1702.7
1111400 1712.1
1111410 1712.1
1111420 1722.6
1111430 1739.5
1111440 1739.5
1111450 1757.3
1111460 1766.2
1111470 1777.2
1111480 1777.2
1111490 1786.3
1111500 1801.3
1111510 1801.3
1111520 1817.0
1111530 1820.5
1111540 1820.5
1111550 1823.8
1111560 1828.6
1111570 1828.6
1111580 1834.3
1111590 1841.8
1111600 1841.8
1111610 1848.0
1111620 1853.4
1111630 1853.4
1111640 1859.0
1111650 1860.6
1111660 1856.0
1111670 1856.0
1111680 1849.2
1111690 1841.8
1111700 1841.8
1111710 1833.0
1111720 1824.5
1111730 1824.5
1111740 1816.9
1111750 1811.1
1111760 1811.1
1111770 1805.4
1111780 1798.6
1111790 1798.6
1111800 1795.1
1111810 1798.2
1111820 1798.2
1111830 1798.8
1111840 1794.6
1111850 1794.6
1111860 1796.0
1111870 1797.2
1111880 1792.1
1111890 1792.1
1111900 1786.2
1111910 1782.8
1111920 1782.8
1111930 1777.4
1111940 1774.2
1111950 1774.2
1111960 1772.2
1111970 1772.3
1111980 1772.3
1111990 1772.6
1112000 1772.9
1112010 1772.9
1112020 1772.6
1112030 1773.7
1112040 1773.7
1112050 1776.1
1112060 1778.2
1112070 1778.2
1112080 1778.6
1112090 1772.4
1112100 1761.7
1112110 1761.7
1112120 1751.3
1112130 1742.8
1112140 1742.8
1112150 1740.0
1112160 1737.1
1112170 1737.1
1112180 1734.3
1112190 1730.9
1112200 1730.9
1112210 1727.1
1112220 1724.2
1112230 1724.2
1112240 1721.4
1112250 1718.3
1112260 1718.3
1112270 1714.8
1112280 1709.9
1112290 1706.5
1112300 1706.5
1112310 1702.7
1112320 1698.1
1112330 1698.1
1112340 1693.3
1112350 1688.6
1112360 1688.6
1112370 1683.8
1112380 1678.2
1112390 1678.2
1112400 1671.4
1112410 1664.8
1112420 1664.8
1112430 1659.1
1112440 1655.1
1112450 1655.1
1112460 1648.6
1112470 1645.4
1112480 1645.4
1112490 1642.1
1112500 1634.5
1112510 1629.9
1112520 1629.9
1112530 1626.8
1112540 1623.2
1112550 1623.2
1112560 1620.4
1112570 1618.6
1112580 1618.6
1112590 1616.6
1112600 1614.2
1112610 1614.2
1112620 1610.7
1112630 1606.9
1112640 1606.9
1112650 1601.2
1112660 1590.1
1112670 1590.1
1112680 1576.9
1112690 1570.4
1112700 1570.4
1112710 1563.2
1112720 1558.4
1112730 1554.2
1112740 1554.2
1112750 1549.3
1112760 1542.8
1112770 1542.8
1112780 1531.7
1112790 1524.8
1112800 1524.8
1112810 1520.1
1112820 1515.6
1112830 1520.2
1112840 1517.6
1112850 1515.1
1112860 1515.1
1112870 1511.8
1112880 1508.3
1112890 1508.3
1112900 1504.4
1112910 1500.7
1112920 1496.6
1112930 1496.6
1112940 1491.9
1112950 1486.9
1112960 1486.9
1112970 1481.5
1112980 1475.8
1112990 1475.8
1113000 1470.2
1113010 1465.4
1113020 1465.4
1113030 1461.5
1113040 1457.5
1113050 1457.5
1113060 1454.5
1113070 1451.1
1113080 1451.1
1113090 1447.8
1113100 1445.0
1113110 1445.0
1113120 1446.1
1113130 1447.8
1113140 1446.4
1113150 1446.4
1113160 1443.0
1113170 1450.8
1113180 1450.8
1113190 1449.1
1113200 1447.3
1113210 1447.3
1113220 1445.9
1113230 1444.7
1113240 1444.7
1113250 1443.8
1113260 1442.8
1113270 1442.8
1113280 1442.4
1113290 1441.8
1113300 1441.8
1113310 1438.2
1113320 1431.6
1113330 1431.6
1113340 1423.2
1113350 1416.6
1113360 1410.5
1113370 1410.5
1113380 1405.5
1113390 1401.9
1113400 1401.9
1113410 1399.4
1113420 1396.6
1113430 1396.6
1113440 1393.7
1113450 1392.6
1113460 1392.6
1113470 1395.7
1113480 1398.3
1113490 1398.3
1113500 1398.3
1113510 1407.4
1113520 1407.4
1113530 1407.1
1113540 1405.1
1113550 1403.2
1113560 1403.2
1113570 1404.7
1113580 1409.2
1113590 1409.2
1113600 1404.9
1113610 1397.6
1113620 1397.6
1113630 1394.0
1113640 1391.5
1113650 1391.5
1113660 1389.5
1113670 1389.0
1113680 1389.0
1113690 1389.5
1113700 1388.3
1113710 1388.3
1113720 1386.3
1113730 1381.0
1113740 1381.0
1113750 1376.2
1113760 1373.3
1113770 1369.1
1113780 1369.1
1113790 1360.8
1113800 1354.0
1113810 1354.0
1113820 1347.9
1113830 1334.3
1113840 1334.3
1113850 1327.6
1113860 1323.8
1113870 1323.8
1113880 1320.2
1113890 1316.5
1113900 1316.5
1113910 1309.7
1113920 1305.1
1113930 1305.1
1113940 1300.8
1113950 1296.2
1113960 1296.2
1113970 1292.7
1113980 1289.8
1113990 1290.0
1114000 1290.0
1114010 1293.2
1114020 1295.2
1114030 1295.2
1114040 1292.9
1114050 1288.0
1114060 1288.0
1114070 1284.3
1114080 1280.1
1114090 1280.1
1114100 1274.1
1114110 1268.9
1114120 1268.9
1114130 1264.9
1114140 1261.7
1114150 1261.7
1114160 1259.4
1114170 1257.2
1114180 1257.2
1114190 1257.2
1114200 1250.3
1114210 1242.9
1114220 1242.9
1114230 1235.8
1114240 1229.7
1114250 1229.7
1114260 1224.1
1114270 1219.2
1114280 1219.2
1114290 1215.1
1114300 1213.2
1114310 1213.2
1114320 1211.4
1114330 1210.5
1114340 1210.5
1114350 1210.2
1114360 1210.8
1114370 1210.8
1114380 1212.0
1114390 1213.7
1114400 1213.9
1114410 1213.9
1114420 1213.0
1114430 1211.6
1114440 1211.6
1114450 1209.2
1114460 1205.3
1114470 1205.3
1114480 1200.8
1114490 1194.9
1114500 1194.9
1114510 1187.7
1114520 1181.7
1114530 1181.7
1114540 1182.9
1114550 1176.4
1114560 1176.4
1114570 1169.9
1114580 1163.1
1114590 1163.1
1114600 1157.7
1114610 1153.6
1114620 1151.3
1114630 1151.3
1114640 1147.6
1114650 1141.7
1114660 1141.7
1114670 1135.1
1114680 1128.3
1114690 1128.3
1114700 1121.6
1114710 1116.0
1114720 1116.0
1114730 1111.7
1114740 1107.1
1114750 1107.1
1114760 1103.3
1114770 1101.2
1114780 1101.2
1114790 1099.1
1114800 1097.1
1114810 1097.1
1114820 1094.3
1114830 1092.0
1114840 1093.3
1114850 1093.3
1114860 1089.4
1114870 1083.7
1114880 1093.2
1114890 1089.9
1114900 1089.6
1114910 1089.6
1114920 1088.8
1114930 1087.6
1114940 1087.6
1114950 1085.6
1114960 1084.9
1114970 1084.9
1114980 1084.5
1114990 1082.6
1115000 1082.6
1115010 1079.8
1115020 1076.3
1115030 1073.2
1115040 1073.2
1115050 1071.4
1115060 1068.5
1115070 1068.5
1115080 1064.5
1115090 1058.9
1115100 1058.9
1115110 1053.5
1115120 1050.8
1115130 1050.8
1115140 1045.6
1115150 1036.1
1115160 1036.1
1115170 1025.4
1115180 1016.7
1115190 1016.7
1115200 1011.4
1115210 1007.0
1115220 1010.1
1115230 1003.5
1115240 998.0
1115250 993.9
1115260 993.9
1115270 989.8
1115280 987.2
1115290 987.2
1115300 983.8
1115310 980.2
1115320 980.2
1115330 975.6
1115340 971.2
1115350 971.2
1115360 968.4
1115370 965.7
1115380 965.7
1115390 961.6
1115400 957.8
1115410 957.8
1115420 955.3
1115430 951.5
1115440 951.5
1115450 949.7
1115460 949.4
1115470 948.2
1115480 948.2
1115490 945.7
1115500 944.7
1115510 944.7
1115520 945.9
1115530 948.2
1115540 948.2
1115550 952.1
1115560 951.6
1115570 951.6
1115580 955.0
1115590 955.8
1115600 955.8
1115610 957.4
1115620 957.6
1115630 957.6
1115640 959.1
1115650 960.5
1115660 960.7
1115670 960.7
1115680 961.5
1115690 962.6
1115700 962.6
1115710 963.0
1115720 964.5
1115730 964.5
1115740 965.3
1115750 966.8
1115760 966.8
1115770 968.5
1115780 970.4
1115790 970.4
1115800 972.1
1115810 973.5
1115820 973.5
1115830 975.2
1115840 977.7
1115850 977.7
1115860 979.1
1115870 980.9
1115880 982.5
1115890 982.5
1115900 984.2
1115910 986.6
1115920 986.6
1115930 988.1
1115940 989.7
1115950 989.7
1115960 992.0
1115970 994.3
1115980 994.3
1115990 996.3
1116000 998.2
1116010 998.2
1116020 1000.2
1116030 1002.3
1116040 1002.3
1116050 1004.0
1116060 1005.6
1116070 1005.6
1116080 1007.4
1116090 1009.3
1116100 1011.5
1116110 1011.5
1116120 1013.6
1116130 1015.4
1116140 1015.4
1116150 1017.1
1116160 1018.7
1116170 1018.7
1116180 1020.8
1116190 1023.1
1116200 1023.1
1116210 1025.2
1116220 1027.1
1116230 1027.1
1116240 1029.4
1116250 1032.8
1116260 1032.8
1116270 1035.3
1116280 1037.5
1116290 1039.6
1116300 1039.6
1116310 1042.7
1116320 1045.7
1116330 1045.7
1116340 1048.2
1116350 1050.7
1116360 1050.7
1116370 1052.8
1116380 1055.4
1116390 1055.4
1116400 1058.0
1116410 1060.8
1116420 1060.8
1116430 1063.1
1116440 1065.4
1116450 1065.4
1116460 1067.7
1116470 1069.5
1116480 1069.5
1116490 1072.4
1116500 1075.8
1116510 1079.1
1116520 1079.1
1116530 1083.0
1116540 1085.6
1116550 1085.6
1116560 1088.8
1116570 1091.7
1116580 1091.7
1116590 1094.3
1116600 1098.4
1116610 1098.4
1116620 1101.3
1116630 1105.3
1116640 1105.3
1116650 1108.5
1116660 1112.1
1116670 1112.1
1116680 1115.8
1116690 1119.3
1116700 1119.3
1116710 1124.3
1116720 1127.8
1116730 1134.9
1116740 1134.9
1116750 1142.9
1116760 1150.0
1116770 1150.0
1116780 1156.9
1116790 1163.0
1116800 1163.0
1116810 1168.9
1116820 1172.8
1116830 1172.8
1116840 1174.9
1116850 1175.8
1116860 1175.8
1116870 1179.8
1116880 1184.8
1116890 1184.8
1116900 1189.6
1116910 1192.7
1116920 1195.5
1116930 1195.5
1116940 1192.7
1116950 1196.9
1116960 1196.9
1116970 1200.9
1116980 1203.4
1116990 1203.4
1117000 1207.5
1117010 1212.0
1117020 1212.0
1117030 1216.6
1117040 1220.8
1117050 1220.8
1117060 1225.8
1117070 1230.9
1117080 1230.9
1117090 1233.3
1117100 1236.2
1117110 1236.2
1117120 1241.1
1117130 1244.5
1117140 1248.3
1117150 1248.3
1117160 1253.7
1117170 1258.7
1117180 1258.7
1117190 1264.6
1117200 1270.2
1117210 1270.2
1117220 1275.6
1117230 1281.4
1117240 1281.4
1117250 1287.3
1117260 1292.4
1117270 1292.4
1117280 1291.6
1117290 1298.4
1117300 1298.4
1117310 1305.5
1117320 1312.5
1117330 1312.5
1117340 1319.4
1117350 1326.1
1117360 1332.2
1117370 1332.2
1117380 1338.6
1117390 1345.9
1117400 1345.9
1117410 1352.7
1117420 1360.9
1117430 1360.9
1117440 1368.5
1117450 1378.2
1117460 1378.2
1117470 1386.0
1117480 1391.1
1117490 1391.1
1117500 1395.1
1117510 1400.1
1117520 1400.1
1117530 1406.2
1117540 1413.7
1117550 1413.7
1117560 1422.5
1117570 1434.2
1117580 1443.9
1117590 1443.9
1117600 1452.1
1117610 1458.3
1117620 1458.3
1117630 1453.4
1117640 1460.5
1117650 1460.5
1117660 1468.0
1117670 1474.9
1117680 1474.9
1117690 1485.0
1117700 1496.8
1117710 1496.8
1117720 1506.3
1117730 1512.6
1117740 1512.6
1117750 1518.1
1117760 1521.0
1117770 1526.2
1117780 1526.2
1117790 1537.6
1117800 1546.6
1117810 1546.6
1117820 1550.9
1117830 1550.1
1117840 1550.1
1117850 1555.9
1117860 1563.8
1117870 1563.8
1117880 1572.5
1117890 1583.2
1117900 1583.2
1117910 1594.8
1117920 1609.0
1117930 1609.0
1117940 1620.5
1117950 1624.9
1117960 1624.9
1117970 1618.6
1117980 1623.8
1117990 1631.1
1118000 1631.1
1118010 1640.6
1118020 1653.4
1118030 1653.4
1118040 1663.3
1118050 1672.2
1118060 1672.2
1118070 1680.8
1118080 1687.2
1118090 1687.2
1118100 1698.5
1118110 1711.4
1118120 1711.4
1118130 1717.9
1118140 1728.1
1118150 1728.1
1118160 1736.1
1118170 1746.1
1118180 1746.1
1118190 1753.7
1118200 1760.3
1118210 1763.3
1118220 1763.3
1118230 1771.0
1118240 1774.6
1118250 1774.6
1118260 1772.1
1118270 1763.1
1118280 1763.1
1118290 1760.7
1118300 1749.3
1118310 1749.3
1118320 1751.7
1118330 1751.4
1118340 1751.4
1118350 1760.1
1118360 1772.4
1118370 1772.4
1118380 1775.7
1118390 1770.5
1118400 1775.0
1118410 1775.0
1118420 1777.5
1118430 1777.1
1118440 1777.1
1118450 1783.5
1118460 1796.1
1118470 1796.1
1118480 1813.4
1118490 1818.8
1118500 1818.8
1118510 1817.1
1118520 1816.6
1118530 1816.6
1118540 1815.1
1118550 1812.6
1118560 1812.6
1118570 1808.7
1118580 1808.1
1118590 1808.1
1118600 1807.1
1118610 1803.7
1118620 1800.8
1118630 1800.8
1118640 1799.6
1118650 1804.5
1118660 1815.7
1118670 1820.7
1118680 1822.3
1118690 1822.3
1118700 1816.6
1118710 1814.4
1118720 1814.4
1118730 1814.1
1118740 1819.2
1118750 1819.2
1118760 1828.5
1118770 1836.0
1118780 1836.0
1118790 1826.5
1118800 1815.3
1118810 1815.3
1118820 1801.1
1118830 1797.9
1118840 1805.5
1118850 1805.5
1118860 1810.5
1118870 1809.8
1118880 1809.8
1118890 1819.2
1118900 1826.7
1118910 1826.7
1118920 1829.2
1118930 1828.6
1118940 1828.6
1118950 1825.1
1118960 1818.5
1118970 1818.5
1118980 1809.8
1118990 1807.1
1119000 1807.1
1119010 1815.9
1119020 1812.4
1119030 1813.0
1119040 1813.0
1119050 1814.9
1119060 1813.5
1119070 1813.5
1119080 1818.1
1119090 1821.0
1119100 1821.0
1119110 1820.9
1119120 1823.3
1119130 1823.3
1119140 1827.1
1119150 1828.8
1119160 1828.8
1119170 1829.9
1119180 1831.6
1119190 1831.6
1119200 1835.5
1119210 1837.9
1119220 1837.9
1119230 1841.5
1119240 1845.0
1119250 1848.0
1119260 1848.0
1119270 1850.2
1119280 1853.6
1119290 1853.6
1119300 1856.4
1119310 1858.8
1119320 1858.8
1119330 1860.3
1119340 1861.8
1119350 1861.8
1119360 1873.1
1119370 1878.0
1119380 1878.0
1119390 1882.0
1119400 1884.0
1119410 1884.0
1119420 1885.2
1119430 1889.4
1119440 1889.4
1119450 1893.4
1119460 1895.6
1119470 1898.2
1119480 1898.2
1119490 1901.3
1119500 1905.5
1119510 1905.5
1119520 1908.9
1119530 1910.8
1119540 1910.8
1119550 1915.0
1119560 1918.8
1119570 1918.8
1119580 1921.2
1119590 1924.0
1119600 1924.0
1119610 1927.2
1119620 1929.2
1119630 1929.2
1119640 1930.9
1119650 1930.6
1119660 1930.1
1119670 1930.1
1119680 1929.8
1119690 1930.9
1119700 1936.0
1119710 1938.0
1119720 1940.0
1119730 1940.0
1119740 1940.2
1119750 1939.6
1119760 1939.6
1119770 1938.4
1119780 1938.0
1119790 1938.0
1119800 1939.2
1119810 1941.5
1119820 1941.5
1119830 1943.7
1119840 1946.6
1119850 1946.6
1119860 1951.1
1119870 1955.8
1119880 1960.8
1119890 1960.8
1119900 1963.3
1119910 1966.9
1119920 1966.9
1119930 1973.9
1119940 1980.4
1119950 1980.4
1119960 1985.6
1119970 1989.5
1119980 1989.5
1119990 1994.0
