1100410 2312.2
1100420 2312.2
1100430 2313.7
1100440 2314.5
1100450 2314.5
1100460 2315.4
1100470 2316.5
1100480 2317.1
1100490 2317.1
1100500 2318.4
1100510 2321.5
1100520 2321.5
1100530 2323.9
1100540 2326.1
1100550 2326.1
1100560 2329.7
1100570 2336.8
1100580 2336.8
1100590 2342.1
1100600 2348.4
1100610 2348.4
1100620 2355.1
1100630 2362.5
1100640 2362.5
1100650 2369.7
1100660 2377.4
1100670 2384.8
1100680 2384.8
1100690 2392.6
1100700 2402.8
1100710 2402.8
1100720 2411.2
1100730 2424.0
1100740 2424.0
1100750 2438.0
1100760 2441.7
1100770 2435.9
1100780 2437.9
1100790 2439.2
1100800 2439.2
1100810 2440.5
1100820 2441.6
1100830 2441.6
1100840 2442.3
1100850 2442.5
1100860 2442.5
1100870 2441.6
1100880 2437.9
1100890 2433.2
1100900 2433.2
1100910 2429.0
1100920 2425.7
1100930 2425.7
1100940 2422.9
1100950 2420.3
1100960 2420.3
1100970 2417.5
1100980 2414.6
1100990 2414.6
1101000 2411.1
1101010 2406.4
1101020 2406.4
1101030 2402.0
1101040 2396.2
1101050 2396.2
1101060 2385.2
1101070 2374.4
1101080 2374.4
1101090 2357.8
1101100 2345.4
1101110 2335.9
1101120 2335.9
1101130 2328.5
1101140 2320.2
1101150 2320.2
1101160 2311.9
1101170 2302.7
1101180 2302.7
1101190 2294.5
1101200 2287.5
1101210 2287.5
1101220 2280.7
1101230 2274.1
1101240 2274.1
1101250 2269.5
1101260 2264.6
1101270 2264.6
1101280 2259.9
1101290 2256.5
1101300 2256.5
1101310 2254.2
1101320 2251.6
1101330 2248.0
1101340 2248.0
1101350 2244.1
1101360 2241.1
1101370 2241.1
1101380 2239.7
1101390 2238.5
1101400 2238.5
1101410 2237.5
1101420 2236.0
1101430 2234.8
1101440 2233.9
1101450 2234.3
1101460 2234.3
1101470 2234.0
1101480 2231.7
1101490 2231.7
1101500 2233.9
1101510 2235.9
1101520 2237.2
1101530 2237.2
1101540 2237.7
1101550 2238.3
1101560 2238.3
1101570 2236.5
1101580 2230.9
1101590 2230.9
1101600 2227.4
1101610 2226.2
1101620 2226.2
1101630 2225.3
1101640 2224.1
1101650 2224.1
1101660 2224.5
1101670 2225.9
1101680 2225.9
1101690 2227.2
1101700 2227.9
1101710 2227.9
1101720 2225.6
1101730 2221.9
1101740 2218.3
1101750 2218.3
1101760 2209.9
1101770 2205.1
1101780 2205.1
1101790 2201.4
1101800 2201.4
1101810 2201.4
1101820 2202.1
1101830 2200.6
1101840 2200.6
1101850 2197.1
1101860 2193.9
1101870 2193.9
1101880 2192.6
1101890 2192.1
1101900 2192.1
1101910 2191.7
1101920 2191.6
1101930 2191.6
1101940 2190.2
1101950 2189.7
1101960 2188.8
1101970 2188.8
1101980 2188.0
1101990 2186.5
1102000 2186.5
1102010 2186.3
1102020 2184.8
1102030 2184.8
1102040 2183.9
1102050 2184.7
1102060 2184.7
1102070 2184.8
1102080 2183.5
1102090 2181.6
1102100 2181.0
1102110 2180.8
1102120 2180.8
1102130 2180.5
1102140 2180.1
1102150 2181.1
1102160 2181.1
1102170 2182.1
1102180 2183.8
1102190 2183.8
1102200 2185.1
1102210 2185.6
1102220 2185.6
1102230 2188.0
1102240 2190.9
1102250 2190.9
1102260 2194.7
1102270 2199.6
1102280 2199.6
1102290 2204.4
1102300 2209.4
1102310 2209.4
1102320 2215.1
1102330 2220.2
1102340 2220.2
1102350 2225.9
1102360 2231.8
1102370 2237.6
1102380 2237.6
1102390 2244.2
1102400 2250.3
1102410 2250.3
1102420 2250.9
1102430 2255.9
1102440 2255.9
1102450 2257.9
1102460 2251.1
1102470 2251.1
1102480 2244.2
1102490 2238.4
1102500 2238.4
1102510 2229.6
1102520 2219.3
1102530 2219.3
1102540 2205.2
1102550 2194.4
1102560 2194.4
1102570 2186.7
1102580 2178.7
1102590 2172.2
1102600 2172.2
1102610 2166.7
1102620 2161.1
1102630 2161.1
1102640 2156.4
1102650 2152.8
1102660 2152.8
1102670 2148.6
1102680 2144.7
1102690 2144.7
1102700 2141.3
1102710 2138.4
1102720 2138.4
1102730 2135.3
1102740 2132.0
1102750 2137.5
1102760 2134.8
1102770 2133.5
1102780 2133.5
1102790 2133.5
1102800 2133.4
1102810 2129.9
1102820 2129.9
1102830 2125.2
1102840 2119.5
1102850 2119.5
1102860 2114.3
1102870 2109.9
1102880 2109.9
1102890 2106.4
1102900 2103.0
1102910 2103.0
1102920 2099.1
1102930 2095.4
1102940 2095.4
1102950 2092.3
1102960 2090.3
1102970 2090.3
1102980 2089.2
1102990 2088.4
1103000 2086.9
1103010 2086.9
1103020 2085.8
1103030 2084.2
1103040 2084.2
1103050 2083.0
1103060 2081.8
1103070 2081.8
1103080 2085.5
1103090 2084.4
1103100 2084.4
1103110 2082.9
1103120 2080.3
1103130 2080.3
1103140 2076.5
1103150 2071.7
1103160 2071.7
1103170 2067.1
1103180 2063.8
1103190 2063.8
1103200 2061.9
1103210 2060.9
1103220 2059.8
1103230 2059.8
1103240 2058.4
1103250 2057.6
1103260 2057.6
1103270 2056.7
1103280 2055.4
1103290 2055.4
1103300 2054.3
1103310 2053.0
1103320 2053.0
1103330 2051.0
1103340 2046.9
1103350 2046.9
1103360 2042.9
1103370 2038.6
1103380 2038.6
1103390 2033.5
1103400 2028.7
1103410 2028.7
1103420 2033.2
1103430 2029.5
1103440 2025.5
1103450 2025.5
1103460 2020.8
1103470 2016.0
1103480 2016.0
1103490 2012.0
1103500 2007.4
1103510 2007.4
1103520 2002.9
1103530 1997.8
1103540 1997.8
1103550 1993.3
1103560 1990.5
1103570 1990.5
1103580 1987.6
1103590 1985.7
1103600 1985.7
1103610 1983.6
1103620 1979.1
1103630 1979.1
1103640 1975.7
1103650 1974.3
1103660 1973.3
1103670 1973.3
1103680 1968.9
1103690 1961.3
1103700 1961.3
1103710 1953.9
1103720 1948.5
1103730 1948.5
1103740 1942.6
1103750 1942.6
1103760 1942.6
1103770 1937.4
1103780 1932.7
1103790 1932.7
1103800 1931.4
1103810 1928.9
1103820 1928.9
1103830 1923.5
1103840 1917.6
1103850 1916.1
1103860 1916.1
1103870 1913.2
1103880 1908.0
1103890 1908.0
1103900 1902.1
1103910 1897.3
1103920 1897.3
1103930 1893.5
1103940 1888.6
1103950 1888.6
1103960 1880.8
1103970 1876.6
1103980 1876.6
1103990 1875.9
1104000 1872.9
1104010 1872.9
1104020 1871.4
1104030 1868.4
1104040 1868.4
1104050 1865.0
1104060 1859.4
1104070 1852.5
1104080 1857.5
1104090 1854.7
1104100 1852.6
1104110 1852.6
1104120 1850.5
1104130 1847.3
1104140 1847.3
1104150 1843.2
1104160 1838.3
1104170 1838.3
1104180 1833.9
1104190 1829.8
1104200 1829.8
1104210 1823.2
1104220 1817.0
1104230 1817.0
1104240 1813.4
1104250 1808.5
1104260 1808.5
1104270 1803.1
1104280 1799.3
1104290 1796.5
1104300 1796.5
1104310 1794.4
1104320 1790.2
1104330 1790.2
1104340 1786.5
1104350 1784.6
1104360 1784.6
1104370 1784.6
1104380 1782.9
1104390 1782.9
1104400 1779.1
1104410 1774.5
1104420 1776.9
1104430 1772.3
1104440 1767.1
1104450 1767.1
1104460 1760.5
1104470 1752.9
1104480 1752.9
1104490 1746.3
1104500 1740.0
1104510 1733.1
1104520 1733.1
1104530 1727.8
1104540 1724.6
1104550 1724.6
1104560 1721.3
1104570 1716.8
1104580 1716.8
1104590 1711.7
1104600 1709.6
1104610 1709.6
1104620 1709.8
1104630 1710.2
1104640 1710.2
1104650 1708.1
1104660 1707.5
1104670 1707.5
1104680 1704.8
1104690 1699.1
1104700 1693.5
1104710 1693.5
1104720 1689.4
1104730 1684.7
1104740 1684.7
1104750 1686.6
1104760 1678.9
1104770 1678.9
1104780 1669.9
1104790 1671.4
1104800 1671.4
1104810 1668.0
1104820 1662.2
1104830 1662.2
1104840 1655.2
1104850 1648.2
1104860 1648.2
1104870 1643.4
1104880 1640.8
1104890 1640.8
1104900 1635.2
1104910 1627.9
1104920 1621.7
1104930 1621.7
1104940 1614.3
1104950 1610.5
1104960 1610.5
1104970 1607.7
1104980 1601.9
1104990 1601.9
1105000 1594.8
1105010 1585.8
1105020 1585.8
1105030 1576.6
1105040 1568.4
1105050 1568.4
1105060 1562.5
1105070 1561.1
1105080 1571.3
1105090 1570.3
1105100 1566.4
1105110 1566.4
1105120 1563.5
1105130 1555.7
1105140 1545.1
1105150 1545.1
1105160 1544.7
1105170 1540.4
1105180 1540.4
1105190 1530.9
1105200 1526.7
1105210 1526.7
1105220 1523.3
1105230 1518.2
1105240 1518.2
1105250 1512.8
1105260 1508.9
1105270 1508.9
1105280 1505.9
1105290 1499.7
1105300 1499.7
1105310 1490.9
1105320 1482.1
1105330 1482.1
1105340 1476.0
1105350 1472.2
1105360 1470.9
1105370 1470.9
1105380 1469.4
1105390 1467.2
1105400 1467.2
1105410 1466.1
1105420 1457.9
1105430 1457.9
1105440 1455.1
1105450 1452.6
1105460 1452.6
1105470 1449.7
1105480 1442.7
1105490 1442.7
1105500 1439.8
1105510 1436.0
1105520 1436.0
1105530 1431.9
1105540 1429.8
1105550 1433.9
1105560 1433.9
1105570 1441.3
1105580 1447.7
1105590 1447.7
1105600 1450.3
1105610 1449.8
1105620 1449.8
1105630 1447.8
1105640 1445.6
1105650 1445.6
1105660 1443.0
1105670 1440.6
1105680 1440.6
1105690 1438.1
1105700 1436.4
1105710 1436.4
1105720 1436.2
1105730 1436.3
1105740 1436.3
1105750 1432.4
1105760 1434.9
1105770 1438.7
1105780 1438.7
1105790 1439.5
1105800 1437.1
1105810 1437.1
1105820 1432.8
1105830 1428.4
1105840 1428.4
1105850 1424.2
1105860 1417.2
1105870 1417.2
1105880 1411.1
1105890 1406.1
1105900 1406.1
1105910 1400.3
1105920 1393.7
1105930 1393.7
1105940 1385.8
1105950 1378.3
1105960 1378.3
1105970 1372.6
1105980 1364.2
1105990 1357.0
1106000 1357.0
1106010 1351.5
1106020 1347.0
1106030 1347.0
1106040 1342.1
1106050 1331.8
1106060 1331.8
1106070 1320.9
1106080 1312.9
1106090 1317.0
1106100 1310.0
1106110 1303.8
1106120 1303.8
1106130 1301.7
1106140 1302.0
1106150 1302.0
1106160 1301.8
1106170 1302.9
1106180 1302.9
1106190 1299.7
1106200 1304.0
1106210 1300.8
1106220 1300.8
1106230 1295.3
1106240 1290.0
1106250 1290.0
1106260 1286.2
1106270 1283.1
1106280 1283.1
1106290 1279.7
1106300 1280.4
1106310 1280.4
1106320 1276.0
1106330 1268.4
1106340 1268.4
1106350 1264.2
1106360 1259.9
1106370 1259.9
1106380 1258.2
1106390 1257.8
1106400 1256.4
1106410 1256.4
1106420 1247.2
1106430 1248.3
1106440 1248.3
1106450 1249.6
1106460 1251.2
1106470 1251.2
1106480 1254.3
1106490 1256.9
1106500 1256.9
1106510 1256.6
1106520 1252.7
1106530 1252.7
1106540 1251.8
1106550 1253.8
1106560 1253.8
1106570 1254.2
1106580 1253.8
1106590 1253.8
1106600 1254.0
1106610 1256.4
1106620 1256.8
1106630 1256.8
1106640 1256.0
1106650 1253.2
1106660 1253.2
1106670 1245.9
1106680 1237.1
1106690 1237.1
1106700 1227.9
1106710 1219.3
1106720 1219.3
1106730 1213.3
1106740 1207.8
1106750 1207.8
1106760 1205.6
1106770 1204.0
1106780 1204.0
1106790 1202.6
1106800 1201.3
1106810 1201.3
1106820 1199.0
1106830 1190.1
1106840 1181.2
1106850 1181.2
1106860 1177.6
1106870 1173.1
1106880 1173.1
1106890 1171.6
1106900 1173.3
1106910 1173.3
1106920 1174.6
1106930 1176.1
1106940 1176.1
1106950 1180.9
1106960 1186.3
1106970 1186.3
1106980 1193.6
1106990 1201.2
1107000 1201.2
1107010 1210.5
1107020 1219.6
1107030 1226.9
1107040 1226.9
1107050 1229.4
1107060 1231.6
1107070 1231.6
1107080 1233.8
1107090 1237.0
1107100 1237.0
1107110 1238.6
1107120 1241.1
1107130 1241.1
1107140 1243.9
1107150 1246.5
1107160 1246.5
1107170 1248.9
1107180 1251.4
1107190 1251.4
1107200 1253.5
1107210 1255.5
1107220 1255.5
1107230 1257.8
1107240 1259.6
1107250 1261.4
1107260 1261.4
1107270 1263.5
1107280 1265.8
1107290 1265.8
1107300 1267.6
1107310 1269.5
1107320 1269.5
1107330 1270.9
1107340 1272.9
1107350 1272.9
1107360 1275.1
1107370 1277.7
1107380 1277.7
1107390 1280.2
1107400 1282.0
1107410 1282.0
1107420 1283.6
1107430 1287.5
1107440 1287.5
1107450 1289.1
1107460 1291.0
1107470 1293.2
1107480 1293.2
1107490 1295.1
1107500 1297.0
1107510 1297.0
1107520 1299.4
1107530 1301.3
1107540 1301.3
1107550 1303.0
1107560 1304.1
1107570 1304.1
1107580 1305.4
1107590 1304.5
1107600 1304.5
1107610 1304.0
1107620 1303.0
1107630 1303.0
1107640 1306.0
1107650 1308.1
1107660 1308.1
1107670 1314.0
1107680 1322.6
1107690 1332.1
1107700 1332.1
1107710 1340.7
1107720 1347.9
1107730 1347.9
1107740 1354.9
1107750 1361.8
1107760 1362.4
1107770 1369.6
1107780 1376.6
1107790 1376.6
1107800 1384.0
1107810 1391.7
1107820 1391.7
1107830 1397.7
1107840 1405.1
1107850 1405.1
1107860 1413.1
1107870 1421.1
1107880 1428.4
1107890 1428.4
1107900 1435.8
1107910 1442.7
1107920 1442.7
1107930 1449.1
1107940 1458.5
1107950 1458.5
1107960 1474.3
1107970 1488.3
1107980 1488.3
1107990 1499.3
1108000 1509.8
1108010 1509.8
1108020 1517.6
1108030 1519.4
1108040 1519.4
1108050 1525.4
1108060 1536.7
1108070 1536.7
1108080 1545.7
1108090 1552.1
1108100 1563.1
1108110 1563.1
1108120 1568.7
1108130 1573.7
1108140 1573.7
1108150 1577.8
1108160 1580.7
1108170 1580.7
1108180 1582.7
1108190 1580.9
1108200 1580.9
1108210 1578.0
1108220 1575.3
1108230 1575.3
1108240 1570.1
1108250 1563.9
1108260 1563.9
1108270 1558.0
1108280 1553.3
1108290 1553.3
1108300 1550.4
1108310 1548.3
1108320 1554.2
1108330 1554.2
1108340 1563.6
1108350 1574.6
1108360 1574.6
1108370 1586.8
1108380 1600.6
1108390 1600.6
1108400 1611.7
1108410 1619.3
1108420 1619.3
1108430 1617.4
1108440 1631.0
1108450 1631.0
1108460 1637.1
1108470 1637.0
1108480 1637.0
1108490 1633.5
1108500 1629.9
1108510 1629.9
1108520 1632.2
1108530 1639.6
1108540 1648.5
1108550 1648.5
1108560 1655.0
1108570 1658.8
1108580 1658.8
1108590 1665.0
1108600 1671.9
1108610 1671.9
1108620 1680.2
1108630 1688.3
1108640 1688.3
1108650 1697.5
1108660 1706.0
1108670 1706.0
1108680 1713.3
1108690 1721.6
1108700 1721.6
1108710 1731.7
1108720 1739.2
1108730 1743.2
1108740 1743.2
1108750 1749.9
1108760 1757.4
1108770 1758.7
1108780 1769.1
1108790 1779.8
1108800 1779.8
1108810 1791.1
1108820 1800.3
1108830 1800.3
1108840 1810.0
1108850 1817.9
1108860 1817.9
1108870 1822.0
1108880 1827.2
1108890 1827.2
1108900 1832.7
1108910 1837.6
1108920 1837.6
1108930 1844.7
1108940 1852.8
1108950 1861.8
1108960 1861.8
1108970 1873.9
1108980 1885.0
1108990 1885.0
1109000 1898.4
1109010 1906.4
1109020 1906.4
1109030 1908.4
1109040 1907.9
1109050 1907.9
1109060 1905.5
1109070 1901.3
1109080 1901.3
1109090 1897.3
1109100 1892.9
1109110 1893.0
1109120 1889.7
1109130 1887.7
1109140 1887.7
1109150 1886.1
1109160 1884.4
1109170 1883.3
1109180 1883.3
1109190 1883.0
1109200 1881.9
1109210 1881.9
1109220 1880.0
1109230 1878.1
1109240 1878.1
1109250 1876.8
1109260 1875.5
1109270 1875.5
1109280 1874.1
1109290 1871.9
1109300 1871.9
1109310 1867.1
1109320 1863.0
1109330 1863.0
1109340 1859.7
1109350 1856.5
1109360 1856.5
1109370 1854.4
1109380 1852.5
1109390 1850.4
1109400 1850.4
1109410 1848.3
1109420 1847.0
1109430 1847.0
1109440 1845.2
1109450 1846.7
1109460 1846.7
1109470 1845.5
1109480 1843.5
1109490 1843.5
1109500 1841.6
1109510 1840.1
1109520 1840.1
1109530 1838.6
1109540 1837.1
1109550 1837.1
1109560 1835.2
1109570 1833.1
1109580 1830.8
1109590 1830.8
1109600 1828.1
1109610 1825.7
1109620 1825.7
1109630 1824.8
1109640 1823.2
1109650 1823.2
1109660 1821.0
1109670 1818.8
1109680 1818.8
1109690 1816.4
1109700 1813.4
1109710 1813.4
1109720 1809.0
1109730 1805.8
1109740 1805.8
1109750 1803.1
1109760 1800.4
1109770 1800.4
1109780 1800.0
1109790 1796.2
1109800 1792.6
1109810 1792.6
1109820 1789.1
1109830 1785.5
1109840 1785.5
1109850 1782.0
1109860 1778.7
1109870 1778.7
1109880 1775.9
1109890 1772.1
1109900 1772.1
1109910 1767.9
1109920 1765.5
1109930 1765.5
1109940 1762.3
1109950 1760.2
1109960 1760.2
1109970 1757.7
1109980 1754.1
1109990 1754.1
1110000 1749.6
1110010 1745.2
1110020 1742.3
1110030 1742.3
1110040 1740.1
1110050 1738.2
1110060 1738.2
1110070 1733.6
1110080 1728.5
1110090 1728.5
1110100 1722.3
1110110 1716.3
1110120 1718.0
1110130 1711.8
1110140 1704.9
1110150 1704.9
1110160 1698.7
1110170 1693.9
1110180 1693.9
1110190 1687.8
1110200 1675.7
1110210 1675.7
1110220 1660.7
1110230 1649.5
1110240 1643.6
1110250 1643.6
1110260 1636.7
1110270 1625.5
1110280 1625.5
1110290 1618.6
1110300 1612.3
1110310 1612.3
1110320 1607.9
1110330 1604.3
1110340 1604.3
1110350 1601.2
1110360 1597.7
1110370 1597.7
1110380 1592.9
1110390 1587.2
1110400 1587.2
1110410 1581.6
1110420 1577.3
1110430 1574.2
1110440 1574.2
1110450 1570.2
1110460 1563.7
1110470 1563.7
1110480 1559.9
1110490 1555.6
1110500 1555.6
1110510 1551.1
1110520 1547.5
1110530 1547.5
1110540 1543.6
1110550 1538.6
1110560 1538.6
1110570 1533.7
1110580 1528.7
1110590 1528.7
1110600 1524.6
1110610 1518.9
1110620 1518.9
1110630 1514.1
1110640 1510.9
1110650 1508.3
1110660 1508.3
1110670 1506.4
1110680 1505.8
1110690 1505.8
1110700 1504.0
1110710 1502.5
1110720 1502.5
1110730 1501.8
1110740 1505.2
1110750 1505.2
1110760 1510.0
1110770 1513.4
1110780 1513.4
1110790 1519.6
1110800 1528.2
1110810 1528.2
1110820 1535.7
1110830 1543.1
1110840 1543.1
1110850 1548.7
1110860 1555.7
1110870 1561.7
1110880 1561.7
1110890 1567.9
1110900 1575.2
1110910 1575.2
1110920 1583.5
1110930 1592.4
1110940 1592.4
1110950 1601.9
1110960 1613.6
1110970 1613.6
1110980 1625.9
1110990 1635.9
1111000 1635.9
1111010 1645.0
1111020 1655.2
1111030 1655.2
1111040 1664.3
1111050 1671.1
1111060 1677.3
1111070 1677.3
1111080 1684.8
1111090 1692.7
1111100 1692.7
1111110 1700.4
1111120 1706.5
1111130 1706.5
1111140 1715.4
1111150 1721.2
1111160 1721.2
1111170 1735.9
1111180 1747.0
1111190 1747.0
1111200 1746.2
1111210 1743.9
1111220 1743.9
1111230 1741.3
1111240 1738.0
1111250 1738.0
1111260 1735.4
1111270 1732.4
1111280 1728.6
1111290 1728.6
1111300 1725.6
1111310 1722.9
1111320 1722.9
1111330 1717.9
1111340 1706.4
1111350 1706.4
1111360 1702.2
1111370 1699.6
1111380 1699.6
1111390 1698.7
1111400 1696.6
1111410 1696.6
1111420 1693.4
1111430 1689.8
1111440 1689.8
1111450 1687.5
1111460 1686.3
1111470 1686.3
1111480 1688.7
1111490 1686.2
1111500 1681.6
1111510 1681.6
1111520 1676.4
1111530 1670.3
1111540 1670.3
1111550 1664.8
1111560 1660.7
1111570 1660.7
1111580 1658.7
1111590 1657.3
1111600 1657.3
1111610 1656.2
1111620 1654.6
1111630 1654.6
1111640 1653.7
1111650 1653.5
1111660 1653.5
1111670 1650.4
1111680 1649.2
1111690 1649.2
1111700 1645.6
1111710 1641.8
1111720 1638.7
1111730 1638.7
1111740 1635.2
1111750 1633.3
1111760 1633.3
1111770 1632.4
1111780 1628.3
1111790 1628.3
1111800 1620.9
1111810 1610.3
1111820 1612.3
1111830 1602.8
1111840 1596.2
1111850 1596.2
1111860 1591.0
1111870 1586.8
1111880 1586.8
1111890 1581.5
1111900 1576.9
1111910 1574.2
1111920 1574.2
1111930 1572.5
1111940 1570.2
1111950 1570.2
1111960 1568.6
1111970 1567.1
1111980 1567.1
1111990 1565.0
1112000 1562.6
1112010 1562.6
1112020 1559.9
1112030 1556.3
1112040 1556.3
1112050 1551.8
1112060 1545.8
1112070 1545.8
1112080 1539.6
1112090 1533.5
1112100 1533.5
1112110 1527.6
1112120 1520.0
1112130 1512.9
1112140 1512.9
1112150 1507.5
1112160 1504.0
1112170 1504.0
1112180 1499.4
1112190 1495.1
1112200 1495.1
1112210 1490.1
1112220 1484.5
1112230 1484.5
1112240 1477.1
1112250 1470.2
1112260 1470.2
1112270 1465.1
1112280 1460.4
1112290 1460.4
1112300 1455.9
1112310 1453.4
1112320 1453.4
1112330 1451.0
1112340 1447.1
1112350 1443.5
1112360 1443.5
1112370 1438.5
1112380 1433.3
1112390 1433.3
1112400 1427.9
1112410 1422.3
1112420 1422.3
1112430 1417.4
1112440 1413.0
1112450 1413.0
1112460 1410.5
1112470 1408.6
1112480 1408.6
1112490 1403.9
1112500 1401.6
1112510 1401.6
1112520 1397.5
1112530 1392.0
1112540 1392.0
1112550 1386.5
1112560 1382.2
1112570 1377.2
1112580 1377.2
1112590 1370.6
1112600 1363.0
1112610 1363.0
1112620 1355.2
1112630 1348.2
1112640 1348.2
1112650 1343.0
1112660 1337.5
1112670 1337.5
1112680 1333.6
1112690 1329.2
1112700 1329.2
1112710 1324.6
1112720 1321.9
1112730 1321.9
1112740 1318.8
1112750 1315.2
1112760 1312.7
1112770 1312.7
1112780 1311.1
1112790 1310.4
1112800 1310.4
1112810 1308.1
1112820 1303.6
1112830 1303.6
1112840 1309.0
1112850 1308.3
1112860 1308.3
1112870 1306.0
1112880 1302.3
1112890 1302.3
1112900 1297.9
1112910 1296.7
1112920 1296.7
1112930 1294.6
1112940 1291.0
1112950 1291.0
1112960 1285.2
1112970 1281.1
1112980 1279.2
1112990 1279.2
1113000 1277.7
1113010 1273.1
1113020 1273.1
1113030 1267.8
1113040 1262.6
1113050 1262.6
1113060 1258.5
1113070 1254.9
1113080 1254.9
1113090 1250.7
1113100 1244.7
1113110 1244.7
1113120 1238.2
1113130 1231.7
1113140 1231.7
1113150 1224.7
1113160 1218.4
1113170 1218.4
1113180 1217.4
1113190 1213.9
1113200 1209.2
1113210 1209.2
1113220 1199.7
1113230 1174.2
1113240 1174.2
1113250 1166.5
1113260 1159.5
1113270 1159.5
1113280 1153.1
1113290 1147.1
1113300 1147.1
1113310 1141.7
1113320 1136.6
1113330 1136.6
1113340 1131.8
1113350 1125.8
1113360 1125.8
1113370 1119.0
1113380 1112.4
1113390 1106.9
1113400 1106.9
1113410 1100.9
1113420 1095.9
1113430 1095.9
1113440 1092.3
1113450 1086.2
1113460 1086.2
1113470 1080.2
1113480 1076.3
1113490 1076.3
1113500 1073.0
1113510 1068.0
1113520 1069.9
1113530 1062.2
1113540 1052.7
1113550 1052.7
1113560 1045.8
1113570 1039.4
1113580 1039.4
1113590 1033.5
1113600 1028.7
1113610 1023.8
1113620 1023.8
1113630 1020.2
1113640 1016.4
1113650 1016.4
1113660 1013.1
1113670 1009.0
1113680 1009.0
1113690 1006.4
1113700 1003.4
1113710 1003.4
1113720 1001.8
1113730 1000.8
1113740 1000.8
1113750 999.7
1113760 998.2
1113770 998.2
1113780 996.5
1113790 994.8
1113800 994.8
1113810 993.4
1113820 991.9
1113830 990.1
1113840 990.1
1113850 987.9
1113860 986.0
1113870 986.0
1113880 983.8
1113890 977.4
1113900 977.4
1113910 972.8
1113920 966.1
1113930 966.1
1113940 959.4
1113950 954.9
1113960 954.9
1113970 952.6
1113980 948.5
1113990 948.5
1114000 942.4
1114010 936.5
1114020 936.5
1114030 930.7
1114040 924.4
1114050 918.5
1114060 918.5
1114070 916.1
1114080 914.4
1114090 914.4
1114100 914.4
1114110 915.8
1114120 915.8
1114130 916.8
1114140 917.2
1114150 917.2
1114160 917.5
1114170 917.8
1114180 917.8
1114190 918.1
1114200 919.2
1114210 919.2
1114220 919.5
1114230 919.5
1114240 919.5
1114250 919.5
1114260 919.7
1114270 919.8
1114280 919.8
1114290 920.0
1114300 920.1
1114310 920.1
1114320 920.1
1114330 920.3
1114340 920.3
1114350 920.6
1114360 920.7
1114370 920.7
1114380 920.4
1114390 920.6
1114400 920.6
1114410 921.0
1114420 920.6
1114430 920.6
1114440 920.8
1114450 921.1
1114460 920.9
1114470 920.9
1114480 920.8
1114490 921.4
1114500 921.4
1114510 921.6
1114520 921.4
1114530 921.4
1114540 921.5
1114550 921.9
1114560 921.9
1114570 922.1
1114580 922.2
1114590 922.2
1114600 922.5
1114610 922.9
1114620 922.9
1114630 923.9
1114640 925.0
1114650 925.0
1114660 926.8
1114670 928.0
1114680 928.3
1114690 928.3
1114700 928.3
1114710 928.4
1114720 928.4
1114730 928.7
1114740 929.1
1114750 929.1
1114760 929.5
1114770 929.6
1114780 929.6
1114790 929.5
1114800 929.4
1114810 929.4
1114820 929.3
1114830 929.3
1114840 929.3
1114850 928.9
1114860 929.5
1114870 929.5
1114880 932.6
1114890 935.9
1114900 938.5
1114910 938.5
1114920 940.3
1114930 942.6
1114940 942.6
1114950 944.5
1114960 946.9
1114970 946.9
1114980 949.3
1114990 951.6
1115000 951.6
1115010 953.1
1115020 955.0
1115030 955.0
1115040 957.1
1115050 959.2
1115060 959.2
1115070 960.7
1115080 962.8
1115090 965.2
1115100 965.2
1115110 967.5
1115120 969.7
1115130 969.7
1115140 971.5
1115150 974.5
1115160 974.5
1115170 977.0
1115180 978.5
1115190 978.5
1115200 981.1
1115210 983.4
1115220 983.4
1115230 985.1
1115240 987.6
1115250 987.6
1115260 989.9
1115270 991.8
1115280 991.8
1115290 993.4
1115300 995.3
1115310 997.3
1115320 997.3
1115330 998.9
1115340 1000.5
1115350 1000.5
1115360 1002.4
1115370 1004.5
1115380 1004.5
1115390 1006.6
1115400 1008.9
1115410 1008.9
1115420 1011.5
1115430 1013.8
1115440 1013.8
1115450 1016.0
1115460 1018.0
1115470 1018.0
1115480 1020.1
1115490 1022.5
1115500 1022.5
1115510 1025.0
1115520 1027.7
1115530 1030.0
1115540 1030.0
1115550 1032.1
1115560 1034.0
1115570 1034.0
1115580 1033.8
1115590 1036.3
1115600 1036.3
1115610 1039.2
1115620 1041.5
1115630 1041.5
1115640 1043.6
1115650 1046.0
1115660 1046.0
1115670 1047.9
1115680 1050.7
1115690 1050.7
1115700 1051.9
1115710 1053.3
1115720 1055.3
1115730 1055.3
1115740 1057.6
1115750 1059.3
1115760 1059.3
1115770 1060.8
1115780 1064.9
1115790 1064.9
1115800 1068.8
1115810 1068.2
1115820 1068.2
1115830 1070.6
1115840 1071.3
1115850 1071.3
1115860 1071.4
1115870 1072.1
1115880 1072.1
1115890 1073.7
1115900 1075.7
1115910 1075.7
1115920 1074.0
1115930 1075.6
1115940 1077.9
1115950 1077.9
1115960 1079.6
1115970 1080.7
1115980 1080.7
1115990 1080.9
1116000 1082.2
1116010 1082.2
1116020 1084.8
1116030 1089.5
1116040 1089.5
1116050 1096.7
1116060 1104.0
1116070 1104.0
1116080 1110.2
1116090 1117.5
1116100 1117.5
1116110 1125.5
1116120 1131.5
1116130 1131.5
1116140 1137.5
1116150 1144.2
1116160 1150.3
1116170 1150.3
1116180 1156.4
1116190 1162.8
1116200 1162.8
1116210 1167.9
1116220 1172.4
1116230 1172.4
1116240 1176.9
1116250 1181.6
1116260 1178.7
1116270 1183.8
1116280 1189.1
1116290 1189.1
1116300 1194.2
1116310 1200.2
1116320 1200.2
1116330 1206.8
1116340 1212.7
1116350 1212.7
1116360 1217.7
1116370 1222.9
1116380 1228.0
1116390 1228.0
1116400 1232.7
1116410 1237.2
1116420 1237.2
1116430 1240.8
1116440 1241.9
1116450 1241.9
1116460 1240.8
1116470 1242.4
1116480 1242.4
1116490 1242.7
1116500 1241.6
1116510 1241.6
1116520 1241.1
1116530 1244.4
1116540 1244.4
1116550 1247.4
1116560 1248.9
1116570 1248.1
1116580 1248.1
1116590 1246.5
1116600 1245.1
1116610 1231.2
1116620 1230.1
1116630 1227.0
1116640 1227.0
1116650 1222.3
1116660 1218.9
1116670 1218.9
1116680 1218.4
1116690 1220.2
1116700 1220.2
1116710 1217.4
1116720 1218.4
1116730 1218.4
1116740 1219.6
1116750 1219.5
1116760 1219.5
1116770 1219.7
1116780 1214.1
1116790 1202.4
1116800 1202.4
1116810 1196.1
1116820 1192.5
1116830 1192.5
1116840 1190.8
1116850 1190.6
1116860 1190.6
1116870 1193.0
1116880 1198.6
1116890 1198.6
1116900 1204.2
1116910 1210.2
1116920 1210.2
1116930 1217.0
1116940 1224.1
1116950 1217.3
1116960 1222.9
1116970 1227.3
1116980 1227.3
1116990 1231.6
1117000 1233.0
1117010 1230.4
1117020 1230.4
1117030 1227.1
1117040 1224.5
1117050 1224.5
1117060 1221.8
1117070 1221.8
1117080 1221.8
1117090 1217.9
1117100 1217.2
1117110 1217.2
1117120 1217.0
1117130 1212.0
1117140 1212.0
1117150 1204.2
1117160 1200.6
1117170 1200.6
1117180 1195.4
1117190 1192.9
1117200 1199.2
1117210 1199.2
1117220 1203.7
1117230 1206.4
1117240 1206.4
1117250 1209.9
1117260 1206.1
1117270 1206.1
1117280 1204.6
1117290 1197.1
1117300 1197.1
1117310 1198.3
1117320 1199.7
1117330 1199.7
1117340 1201.2
1117350 1202.6
1117360 1202.6
1117370 1205.3
1117380 1208.6
1117390 1208.6
1117400 1213.7
1117410 1221.0
1117420 1228.3
1117430 1228.3
1117440 1236.6
1117450 1241.4
1117460 1241.4
1117470 1246.5
1117480 1250.7
1117490 1250.7
1117500 1250.4
1117510 1254.3
1117520 1254.3
1117530 1263.4
1117540 1269.2
1117550 1269.2
1117560 1274.0
1117570 1278.2
1117580 1278.2
1117590 1284.4
1117600 1291.8
1117610 1291.8
1117620 1291.7
1117630 1284.6
1117640 1270.3
1117650 1270.3
1117660 1263.1
1117670 1255.2
1117680 1255.2
1117690 1249.6
1117700 1246.9
1117710 1246.9
1117720 1248.4
1117730 1251.5
1117740 1251.5
1117750 1253.6
1117760 1253.1
1117770 1253.1
1117780 1248.4
1117790 1243.4
1117800 1243.4
1117810 1240.5
1117820 1237.9
1117830 1237.9
1117840 1237.4
1117850 1237.6
1117860 1238.1
1117870 1238.1
1117880 1238.4
1117890 1239.3
1117900 1239.3
1117910 1240.7
1117920 1241.8
1117930 1241.8
1117940 1243.1
1117950 1244.1
1117960 1244.1
1117970 1246.5
1117980 1245.8
1117990 1245.8
1118000 1247.5
1118010 1252.0
1118020 1252.0
1118030 1264.1
1118040 1270.6
1118050 1273.8
1118060 1273.8
1118070 1274.7
1118080 1273.6
1118090 1273.6
1118100 1270.7
1118110 1268.5
1118120 1268.5
1118130 1264.7
1118140 1261.6
1118150 1261.6
1118160 1261.4
1118170 1261.1
1118180 1261.1
1118190 1261.6
1118200 1264.6
1118210 1264.6
1118220 1273.3
1118230 1281.7
1118240 1281.7
1118250 1290.2
1118260 1298.6
1118270 1306.2
1118280 1306.2
1118290 1313.2
1118300 1320.5
1118310 1320.5
1118320 1331.3
1118330 1347.4
1118340 1347.4
1118350 1351.7
1118360 1355.0
1118370 1355.0
1118380 1359.6
1118390 1359.5
1118400 1359.5
1118410 1362.4
1118420 1366.8
1118430 1366.8
1118440 1373.5
1118450 1380.6
1118460 1380.6
1118470 1387.2
1118480 1393.7
1118490 1399.1
1118500 1399.1
1118510 1402.8
1118520 1401.0
1118530 1401.0
1118540 1398.0
1118550 1395.5
1118560 1395.5
1118570 1393.2
1118580 1390.2
1118590 1390.2
1118600 1392.0
1118610 1392.9
1118620 1392.9
1118630 1395.9
1118640 1399.5
1118650 1399.5
1118660 1404.2
1118670 1410.9
1118680 1422.5
1118690 1422.5
1118700 1428.0
1118710 1432.6
1118720 1432.6
1118730 1437.1
1118740 1441.3
1118750 1441.3
1118760 1445.4
1118770 1452.1
1118780 1452.1
1118790 1456.6
1118800 1454.8
1118810 1454.8
1118820 1452.6
1118830 1447.1
1118840 1447.1
1118850 1443.6
1118860 1452.0
1118870 1452.0
1118880 1459.8
1118890 1467.8
1118900 1476.3
1118910 1476.3
1118920 1485.0
1118930 1490.9
1118940 1490.9
1118950 1496.9
1118960 1501.9
1118970 1501.9
1118980 1505.4
1118990 1509.8
1119000 1509.8
1119010 1512.9
1119020 1521.9
1119030 1521.9
1119040 1524.2
1119050 1529.6
1119060 1529.6
1119070 1534.2
1119080 1538.2
1119090 1538.2
1119100 1541.3
1119110 1545.5
1119120 1549.8
1119130 1549.8
1119140 1553.1
1119150 1557.7
1119160 1557.7
1119170 1562.9
1119180 1567.1
1119190 1567.1
1119200 1571.7
1119210 1577.2
1119220 1577.2
1119230 1580.6
1119240 1583.3
1119250 1583.3
1119260 1583.5
1119270 1581.6
1119280 1581.6
1119290 1578.2
1119300 1576.8
1119310 1576.8
1119320 1582.3
1119330 1588.1
1119340 1591.6
1119350 1591.6
1119360 1595.4
1119370 1604.7
1119380 1604.7
1119390 1608.6
1119400 1611.2
1119410 1611.2
1119420 1615.8
1119430 1619.9
1119440 1619.9
1119450 1622.7
1119460 1625.3
1119470 1625.3
1119480 1630.9
1119490 1635.8
1119500 1635.8
1119510 1639.6
1119520 1645.5
1119530 1652.9
1119540 1652.9
1119550 1660.6
1119560 1667.8
1119570 1667.8
1119580 1675.5
1119590 1682.2
1119600 1682.2
1119610 1687.9
1119620 1694.8
1119630 1694.8
1119640 1698.7
1119650 1698.8
1119660 1698.8
1119670 1698.7
1119680 1698.2
1119690 1698.2
1119700 1697.6
1119710 1695.7
1119720 1698.4
1119730 1698.6
1119740 1699.4
1119750 1700.1
1119760 1700.1
1119770 1702.9
1119780 1707.1
1119790 1707.1
1119800 1709.4
1119810 1712.3
1119820 1712.3
1119830 1716.3
1119840 1720.8
1119850 1720.8
1119860 1725.5
1119870 1732.1
1119880 1732.1
1119890 1740.4
1119900 1749.4
1119910 1749.4
1119920 1757.2
1119930 1764.1
1119940 1764.1
1119950 1770.0
1119960 1774.3
1119970 1776.4
1119980 1776.4
1119990 1780.7
