1100150 2302.3
1100160 2302.3
1100170 2302.4
1100180 2301.1
1100190 2301.1
1100200 2300.6
1100210 2301.2
1100220 2300.8
1100230 2300.8
1100240 2301.2
1100250 2302.0
1100260 2302.0
1100270 2303.1
1100280 2303.2
1100290 2303.2
1100300 2304.6
1100310 2306.2
1100320 2306.2
1100330 2308.9
1100340 2312.2
1100350 2312.2
1100360 2316.5
1100370 2321.3
1100380 2321.3
1100390 2325.5
1100400 2330.3
1100410 2330.3
1100420 2335.2
1100430 2339.7
1100440 2344.7
1100450 2344.7
1100460 2350.3
1100470 2355.6
1100480 2355.6
1100490 2363.6
1100500 2368.1
1100510 2368.1
1100520 2373.3
1100530 2378.5
1100540 2374.2
1100550 2379.3
1100560 2383.8
1100570 2383.8
1100580 2388.2
1100590 2393.0
1100600 2393.0
1100610 2399.9
1100620 2409.7
1100630 2415.2
1100640 2415.2
1100650 2420.2
1100660 2426.5
1100670 2426.5
1100680 2434.3
1100690 2442.5
1100700 2442.5
1100710 2451.3
1100720 2463.3
1100730 2463.3
1100740 2478.2
1100750 2487.5
1100760 2487.5
1100770 2497.7
1100780 2505.9
1100790 2505.9
1100800 2513.5
1100810 2523.0
1100820 2523.0
1100830 2526.1
1100840 2531.5
1100850 2535.7
1100860 2535.7
1100870 2541.0
1100880 2515.3
1100890 2515.3
1100900 2506.2
1100910 2495.6
1100920 2495.6
1100930 2478.6
1100940 2462.5
1100950 2462.5
1100960 2450.1
1100970 2442.6
1100980 2442.6
1100990 2434.6
1101000 2422.1
1101010 2422.1
1101020 2408.5
1101030 2397.2
1101040 2397.2
1101050 2388.5
1101060 2381.1
1101070 2375.6
1101080 2375.6
1101090 2370.2
1101100 2365.8
1101110 2365.8
1101120 2360.0
1101130 2353.9
1101140 2353.9
1101150 2347.8
1101160 2341.8
1101170 2341.8
1101180 2335.9
1101190 2331.3
1101200 2327.7
1101210 2323.3
1101220 2319.3
1101230 2319.3
1101240 2315.0
1101250 2311.1
1101260 2311.1
1101270 2307.6
1101280 2303.8
1101290 2299.8
1101300 2299.8
1101310 2296.2
1101320 2292.5
1101330 2292.5
1101340 2288.4
1101350 2283.9
1101360 2283.9
1101370 2279.2
1101380 2275.4
1101390 2275.4
1101400 2271.4
1101410 2268.3
1101420 2268.3
1101430 2265.3
1101440 2262.4
1101450 2262.4
1101460 2260.5
1101470 2258.1
1101480 2257.9
1101490 2257.9
1101500 2258.3
1101510 2256.9
1101520 2256.9
1101530 2253.9
1101540 2252.0
1101550 2252.0
1101560 2249.9
1101570 2250.9
1101580 2250.9
1101590 2248.3
1101600 2244.9
1101610 2244.9
1101620 2243.9
1101630 2243.5
1101640 2243.5
1101650 2242.9
1101660 2242.7
1101670 2242.7
1101680 2242.2
1101690 2241.5
1101700 2241.0
1101710 2241.0
1101720 2240.7
1101730 2240.6
1101740 2240.6
1101750 2240.2
1101760 2240.2
1101770 2240.2
1101780 2239.7
1101790 2239.3
1101800 2239.3
1101810 2238.7
1101820 2238.5
1101830 2238.5
1101840 2238.1
1101850 2237.0
1101860 2237.0
1101870 2233.6
1101880 2232.5
1101890 2232.5
1101900 2231.3
1101910 2230.3
1101920 2229.8
1101930 2229.8
1101940 2229.8
1101950 2229.9
1101960 2229.9
1101970 2231.1
1101980 2232.1
1101990 2232.1
1102000 2231.7
1102010 2230.0
1102020 2230.0
1102030 2228.1
1102040 2227.1
1102050 2227.1
1102060 2227.1
1102070 2228.2
1102080 2228.2
1102090 2230.3
1102100 2232.5
1102110 2232.5
1102120 2235.4
1102130 2239.0
1102140 2242.9
1102150 2242.9
1102160 2247.4
1102170 2252.8
1102180 2252.8
1102190 2259.2
1102200 2260.5
1102210 2260.5
1102220 2266.4
1102230 2272.1
1102240 2272.1
1102250 2278.9
1102260 2280.2
1102270 2280.2
1102280 2271.9
1102290 2262.9
1102300 2262.9
1102310 2254.8
1102320 2245.0
1102330 2233.7
1102340 2233.7
1102350 2224.4
1102360 2214.4
1102370 2214.4
1102380 2206.4
1102390 2198.4
1102400 2198.4
1102410 2191.7
1102420 2184.9
1102430 2184.9
1102440 2178.2
1102450 2172.3
1102460 2172.3
1102470 2165.8
1102480 2159.8
1102490 2159.8
1102500 2153.0
1102510 2146.3
1102520 2146.3
1102530 2142.3
1102540 2137.3
1102550 2132.3
1102560 2132.3
1102570 2126.5
1102580 2122.4
1102590 2122.4
1102600 2118.1
1102610 2114.5
1102620 2114.5
1102630 2111.7
1102640 2109.3
1102650 2109.3
1102660 2107.2
1102670 2105.8
1102680 2105.8
1102690 2103.1
1102700 2100.9
1102710 2100.9
1102720 2098.6
1102730 2096.4
1102740 2096.4
1102750 2095.0
1102760 2093.4
1102770 2092.2
1102780 2092.2
1102790 2092.8
1102800 2092.9
1102810 2092.9
1102820 2089.8
1102830 2087.6
1102840 2087.6
1102850 2086.6
1102860 2082.9
1102870 2082.9
1102880 2082.0
1102890 2080.5
1102900 2080.5
1102910 2079.0
1102920 2076.5
1102930 2076.5
1102940 2073.8
1102950 2069.5
1102960 2069.5
1102970 2066.1
1102980 2064.0
1102990 2062.8
1103000 2062.8
1103010 2060.8
1103020 2058.4
1103030 2058.4
1103040 2056.0
1103050 2056.5
1103060 2056.5
1103070 2055.4
1103080 2051.6
1103090 2051.6
1103100 2048.5
1103110 2045.0
1103120 2045.0
1103130 2042.5
1103140 2040.5
1103150 2040.5
1103160 2039.0
1103170 2037.6
1103180 2037.1
1103190 2040.5
1103200 2038.7
1103210 2036.2
1103220 2036.2
1103230 2032.9
1103240 2029.7
1103250 2029.7
1103260 2026.6
1103270 2023.7
1103280 2023.7
1103290 2022.2
1103300 2021.1
1103310 2021.1
1103320 2018.3
1103330 2013.5
1103340 2013.5
1103350 2008.7
1103360 2003.6
1103370 2003.6
1103380 1998.1
1103390 1993.3
1103400 1989.4
1103410 1989.4
1103420 1986.4
1103430 1984.6
1103440 1984.6
1103450 1981.3
1103460 1977.9
1103470 1977.9
1103480 1974.9
1103490 1970.8
1103500 1970.8
1103510 1963.8
1103520 1956.5
1103530 1959.5
1103540 1952.7
1103550 1946.8
1103560 1946.8
1103570 1941.4
1103580 1937.9
1103590 1937.9
1103600 1934.5
1103610 1930.6
1103620 1925.3
1103630 1925.3
1103640 1918.6
1103650 1911.4
1103660 1911.4
1103670 1904.7
1103680 1898.3
1103690 1898.3
1103700 1891.9
1103710 1886.1
1103720 1886.1
1103730 1880.8
1103740 1875.3
1103750 1875.3
1103760 1870.4
1103770 1866.3
1103780 1866.3
1103790 1862.0
1103800 1858.2
1103810 1858.2
1103820 1853.7
1103830 1849.5
1103840 1846.0
1103850 1846.0
1103860 1846.2
1103870 1841.9
1103880 1841.9
1103890 1837.8
1103900 1833.7
1103910 1833.7
1103920 1829.6
1103930 1825.2
1103940 1825.2
1103950 1820.6
1103960 1816.0
1103970 1816.0
1103980 1811.1
1103990 1805.3
1104000 1805.3
1104010 1799.9
1104020 1795.8
1104030 1791.7
1104040 1791.7
1104050 1788.0
1104060 1784.1
1104070 1784.1
1104080 1780.2
1104090 1776.4
1104100 1776.4
1104110 1773.0
1104120 1769.5
1104130 1769.5
1104140 1766.1
1104150 1762.7
1104160 1762.7
1104170 1758.8
1104180 1754.9
1104190 1758.7
1104200 1756.8
1104210 1753.1
1104220 1753.1
1104230 1749.3
1104240 1745.9
1104250 1742.6
1104260 1742.6
1104270 1739.3
1104280 1736.2
1104290 1736.2
1104300 1732.9
1104310 1729.2
1104320 1729.2
1104330 1726.0
1104340 1721.3
1104350 1721.3
1104360 1716.7
1104370 1713.3
1104380 1713.3
1104390 1708.9
1104400 1705.7
1104410 1705.7
1104420 1702.5
1104430 1699.4
1104440 1699.4
1104450 1696.5
1104460 1694.1
1104470 1691.8
1104480 1691.8
1104490 1687.0
1104500 1681.4
1104510 1681.4
1104520 1680.8
1104530 1676.8
1104540 1676.8
1104550 1670.3
1104560 1666.4
1104570 1666.4
1104580 1665.9
1104590 1666.0
1104600 1666.0
1104610 1665.4
1104620 1664.8
1104630 1664.8
1104640 1661.1
1104650 1657.2
1104660 1657.2
1104670 1663.3
1104680 1667.9
1104690 1666.0
1104700 1666.0
1104710 1663.1
1104720 1661.3
1104730 1661.3
1104740 1661.7
1104750 1661.0
1104760 1661.0
1104770 1659.4
1104780 1654.3
1104790 1654.3
1104800 1649.9
1104810 1649.4
1104820 1649.4
1104830 1650.5
1104840 1645.1
1104850 1645.1
1104860 1635.8
1104870 1638.0
1104880 1634.4
1104890 1634.4
1104900 1629.0
1104910 1627.6
1104920 1627.6
1104930 1632.3
1104940 1637.0
1104950 1637.0
1104960 1636.9
1104970 1635.0
1104980 1635.0
1104990 1634.1
1105000 1634.2
1105010 1634.2
1105020 1631.0
1105030 1623.7
1105040 1623.7
1105050 1615.6
1105060 1609.2
1105070 1609.2
1105080 1606.8
1105090 1603.8
1105100 1602.4
1105110 1602.4
1105120 1601.7
1105130 1600.3
1105140 1600.3
1105150 1596.6
1105160 1595.3
1105170 1595.3
1105180 1600.4
1105190 1595.7
1105200 1595.7
1105210 1593.9
1105220 1588.5
1105230 1588.5
1105240 1584.1
1105250 1584.5
1105260 1584.5
1105270 1586.7
1105280 1588.7
1105290 1588.7
1105300 1588.9
1105310 1587.4
1105320 1583.8
1105330 1583.8
1105340 1577.6
1105350 1570.9
1105360 1570.9
1105370 1564.6
1105380 1556.8
1105390 1556.8
1105400 1546.3
1105410 1537.4
1105420 1537.4
1105430 1538.0
1105440 1536.5
1105450 1536.5
1105460 1532.6
1105470 1529.6
1105480 1529.6
1105490 1530.0
1105500 1532.8
1105510 1532.8
1105520 1531.9
1105530 1521.3
1105540 1520.3
1105550 1520.3
1105560 1523.6
1105570 1525.4
1105580 1525.4
1105590 1525.3
1105600 1525.8
1105610 1525.8
1105620 1525.9
1105630 1523.4
1105640 1523.4
1105650 1517.4
1105660 1510.2
1105670 1510.2
1105680 1501.7
1105690 1492.9
1105700 1492.9
1105710 1483.6
1105720 1472.9
1105730 1463.2
1105740 1463.2
1105750 1454.9
1105760 1447.0
1105770 1447.0
1105780 1436.7
1105790 1423.2
1105800 1423.2
1105810 1411.1
1105820 1410.0
1105830 1410.0
1105840 1418.0
1105850 1421.8
1105860 1414.2
1105870 1414.6
1105880 1416.8
1105890 1416.8
1105900 1417.1
1105910 1418.8
1105920 1418.8
1105930 1421.3
1105940 1423.4
1105950 1426.1
1105960 1426.1
1105970 1428.2
1105980 1430.6
1105990 1430.6
1106000 1433.4
1106010 1433.8
1106020 1433.8
1106030 1434.3
1106040 1433.6
1106050 1433.6
1106060 1430.7
1106070 1429.5
1106080 1429.5
1106090 1428.3
1106100 1426.1
1106110 1426.1
1106120 1425.1
1106130 1422.9
1106140 1422.9
1106150 1418.3
1106160 1413.3
1106170 1409.0
1106180 1409.0
1106190 1401.7
1106200 1397.9
1106210 1397.9
1106220 1395.8
1106230 1393.2
1106240 1393.2
1106250 1388.5
1106260 1382.4
1106270 1382.4
1106280 1376.3
1106290 1369.0
1106300 1369.0
1106310 1361.1
1106320 1353.7
1106330 1353.7
1106340 1346.8
1106350 1341.2
1106360 1341.2
1106370 1337.4
1106380 1333.6
1106390 1331.4
1106400 1331.4
1106410 1331.1
1106420 1328.1
1106430 1328.1
1106440 1323.5
1106450 1318.7
1106460 1318.7
1106470 1313.6
1106480 1309.5
1106490 1309.5
1106500 1306.1
1106510 1302.8
1106520 1302.8
1106530 1296.3
1106540 1291.2
1106550 1291.2
1106560 1285.0
1106570 1278.1
1106580 1272.3
1106590 1272.3
1106600 1268.3
1106610 1261.4
1106620 1261.4
1106630 1251.8
1106640 1242.2
1106650 1242.2
1106660 1236.1
1106670 1231.5
1106680 1231.5
1106690 1226.1
1106700 1219.2
1106710 1219.2
1106720 1212.2
1106730 1204.9
1106740 1204.9
1106750 1198.0
1106760 1194.4
1106770 1194.4
1106780 1191.9
1106790 1189.3
1106800 1186.1
1106810 1186.1
1106820 1182.8
1106830 1179.2
1106840 1179.2
1106850 1173.9
1106860 1168.4
1106870 1168.4
1106880 1166.4
1106890 1165.2
1106900 1165.2
1106910 1164.2
1106920 1162.7
1106930 1162.7
1106940 1160.3
1106950 1162.7
1106960 1162.7
1106970 1162.7
1106980 1165.1
1106990 1165.1
1107000 1171.2
1107010 1178.0
1107020 1184.5
1107030 1184.5
1107040 1190.3
1107050 1196.0
1107060 1196.0
1107070 1201.7
1107080 1207.6
1107090 1207.6
1107100 1213.9
1107110 1220.0
1107120 1220.0
1107130 1223.1
1107140 1224.2
1107150 1224.2
1107160 1225.7
1107170 1228.8
1107180 1228.8
1107190 1231.1
1107200 1233.6
1107210 1233.6
1107220 1235.6
1107230 1237.0
1107240 1238.6
1107250 1238.6
1107260 1240.7
1107270 1243.2
1107280 1243.2
1107290 1245.3
1107300 1246.8
1107310 1246.8
1107320 1248.1
1107330 1249.0
1107340 1249.0
1107350 1250.7
1107360 1251.6
1107370 1251.6
1107380 1252.3
1107390 1252.8
1107400 1252.8
1107410 1252.9
1107420 1253.9
1107430 1255.5
1107440 1255.5
1107450 1256.8
1107460 1258.2
1107470 1258.2
1107480 1259.3
1107490 1260.1
1107500 1260.1
1107510 1260.6
1107520 1260.6
1107530 1260.6
1107540 1263.3
1107550 1260.4
1107560 1260.4
1107570 1259.9
1107580 1263.0
1107590 1263.0
1107600 1265.1
1107610 1265.3
1107620 1265.3
1107630 1269.3
1107640 1273.4
1107650 1277.5
1107660 1277.5
1107670 1281.9
1107680 1285.7
1107690 1285.7
1107700 1289.3
1107710 1292.6
1107720 1292.6
1107730 1294.9
1107740 1298.8
1107750 1298.8
1107760 1303.1
1107770 1307.3
1107780 1307.3
1107790 1311.6
1107800 1316.6
1107810 1316.6
1107820 1322.5
1107830 1329.5
1107840 1329.5
1107850 1336.9
1107860 1344.1
1107870 1355.4
1107880 1355.4
1107890 1361.9
1107900 1373.8
1107910 1373.8
1107920 1387.1
1107930 1400.1
1107940 1400.1
1107950 1410.5
1107960 1421.5
1107970 1421.5
1107980 1431.4
1107990 1439.7
1108000 1439.7
1108010 1443.4
1108020 1445.8
1108030 1445.8
1108040 1445.1
1108050 1440.4
1108060 1440.4
1108070 1431.9
1108080 1424.5
1108090 1420.3
1108100 1420.3
1108110 1421.7
1108120 1429.7
1108130 1429.7
1108140 1433.6
1108150 1436.1
1108160 1436.1
1108170 1442.7
1108180 1450.2
1108190 1450.2
1108200 1462.7
1108210 1470.5
1108220 1470.5
1108230 1487.8
1108240 1492.6
1108250 1492.6
1108260 1496.1
1108270 1503.3
1108280 1518.0
1108290 1518.0
1108300 1529.4
1108310 1536.7
1108320 1536.7
1108330 1543.7
1108340 1551.8
1108350 1551.8
1108360 1562.0
1108370 1571.8
1108380 1571.8
1108390 1581.2
1108400 1590.7
1108410 1590.7
1108420 1598.6
1108430 1606.7
1108440 1606.7
1108450 1616.8
1108460 1627.2
1108470 1627.2
1108480 1636.0
1108490 1644.6
1108500 1652.5
1108510 1652.5
1108520 1660.2
1108530 1666.6
1108540 1666.6
1108550 1671.0
1108560 1676.6
1108570 1676.6
1108580 1683.0
1108590 1685.5
1108600 1685.5
1108610 1686.4
1108620 1688.1
1108630 1688.1
1108640 1693.2
1108650 1701.3
1108660 1701.3
1108670 1707.4
1108680 1711.6
1108690 1711.6
1108700 1716.4
1108710 1722.6
1108720 1730.2
1108730 1730.2
1108740 1738.1
1108750 1746.0
1108760 1746.0
1108770 1754.2
1108780 1761.0
1108790 1761.0
1108800 1766.9
1108810 1770.3
1108820 1770.3
1108830 1773.9
1108840 1778.7
1108850 1778.7
1108860 1784.5
1108870 1791.5
1108880 1791.3
1108890 1800.3
1108900 1812.1
1108910 1820.8
1108920 1820.8
1108930 1830.2
1108940 1840.1
1108950 1840.1
1108960 1849.2
1108970 1853.4
1108980 1853.4
1108990 1851.2
1109000 1850.0
1109010 1850.0
1109020 1848.9
1109030 1845.9
1109040 1845.9
1109050 1842.9
1109060 1840.4
1109070 1840.4
1109080 1838.2
1109090 1835.9
1109100 1835.9
1109110 1833.9
1109120 1832.5
1109130 1831.3
1109140 1831.3
1109150 1829.8
1109160 1827.4
1109170 1827.4
1109180 1822.5
1109190 1818.2
1109200 1818.2
1109210 1814.2
1109220 1817.5
1109230 1817.5
1109240 1818.2
1109250 1817.3
1109260 1817.3
1109270 1817.8
1109280 1815.9
1109290 1815.9
1109300 1813.3
1109310 1811.5
1109320 1811.5
1109330 1810.3
1109340 1808.4
1109350 1807.0
1109360 1807.0
1109370 1806.6
1109380 1806.0
1109390 1806.0
1109400 1805.8
1109410 1804.9
1109420 1804.9
1109430 1803.5
1109440 1802.0
1109450 1802.0
1109460 1800.4
1109470 1798.8
1109480 1798.8
1109490 1796.5
1109500 1794.1
1109510 1794.1
1109520 1791.8
1109530 1790.5
1109540 1790.5
1109550 1790.0
1109560 1792.2
1109570 1791.3
1109580 1791.3
1109590 1790.0
1109600 1789.6
1109610 1789.6
1109620 1788.3
1109630 1786.7
1109640 1786.7
1109650 1784.5
1109660 1782.1
1109670 1782.1
1109680 1779.7
1109690 1777.5
1109700 1777.5
1109710 1777.0
1109720 1775.9
1109730 1775.9
1109740 1773.2
1109750 1769.9
1109760 1767.1
1109770 1767.1
1109780 1764.8
1109790 1762.1
1109800 1762.1
1109810 1757.6
1109820 1754.7
1109830 1754.7
1109840 1751.6
1109850 1747.1
1109860 1747.1
1109870 1742.2
1109880 1738.1
1109890 1740.0
1109900 1737.9
1109910 1732.8
1109920 1732.8
1109930 1725.3
1109940 1717.6
1109950 1717.6
1109960 1711.3
1109970 1707.0
1109980 1700.6
1109990 1700.6
1110000 1692.6
1110010 1685.1
1110020 1685.1
1110030 1678.5
1110040 1671.5
1110050 1671.5
1110060 1664.2
1110070 1657.3
1110080 1657.3
1110090 1650.6
1110100 1644.9
1110110 1644.9
1110120 1640.9
1110130 1638.0
1110140 1638.0
1110150 1632.0
1110160 1627.6
1110170 1627.6
1110180 1626.0
1110190 1621.3
1110200 1615.8
1110210 1615.8
1110220 1610.2
1110230 1609.5
1110240 1609.5
1110250 1602.4
1110260 1595.0
1110270 1595.0
1110280 1588.6
1110290 1583.4
1110300 1583.4
1110310 1577.9
1110320 1571.5
1110330 1571.5
1110340 1564.7
1110350 1558.1
1110360 1558.1
1110370 1554.2
1110380 1552.7
1110390 1552.7
1110400 1546.8
1110410 1540.1
1110420 1534.0
1110430 1534.0
1110440 1527.7
1110450 1521.3
1110460 1521.3
1110470 1515.3
1110480 1510.3
1110490 1510.3
1110500 1505.0
1110510 1496.2
1110520 1496.2
1110530 1486.2
1110540 1478.4
1110550 1478.4
1110560 1475.4
1110570 1478.1
1110580 1478.1
1110590 1482.2
1110600 1483.0
1110610 1483.7
1110620 1483.7
1110630 1484.4
1110640 1486.4
1110650 1486.4
1110660 1491.2
1110670 1494.2
1110680 1494.2
1110690 1500.7
1110700 1506.7
1110710 1506.7
1110720 1511.2
1110730 1518.2
1110740 1518.2
1110750 1524.4
1110760 1531.1
1110770 1531.1
1110780 1536.3
1110790 1544.3
1110800 1544.3
1110810 1549.9
1110820 1555.6
1110830 1562.7
1110840 1562.7
1110850 1568.6
1110860 1573.2
1110870 1573.2
1110880 1577.6
1110890 1583.0
1110900 1583.0
1110910 1589.4
1110920 1594.9
1110930 1594.9
1110940 1600.2
1110950 1604.9
1110960 1604.9
1110970 1610.8
1110980 1616.6
1110990 1616.6
1111000 1622.6
1111010 1628.1
1111020 1628.1
1111030 1633.4
1111040 1636.7
1111050 1638.5
1111060 1638.5
1111070 1641.0
1111080 1644.8
1111090 1644.8
1111100 1648.5
1111110 1649.5
1111120 1649.5
1111130 1650.8
1111140 1652.9
1111150 1652.9
1111160 1655.4
1111170 1659.7
1111180 1659.7
1111190 1661.8
1111200 1661.7
1111210 1661.7
1111220 1658.6
1111230 1654.2
1111240 1654.2
1111250 1658.9
1111260 1660.4
1111270 1658.7
1111280 1658.7
1111290 1650.1
1111300 1638.0
1111310 1638.0
1111320 1630.1
1111330 1625.2
1111340 1625.2
1111350 1623.0
1111360 1621.0
1111370 1621.0
1111380 1618.3
1111390 1613.2
1111400 1613.2
1111410 1607.5
1111420 1602.4
1111430 1602.4
1111440 1600.1
1111450 1597.3
1111460 1593.2
1111470 1593.2
1111480 1589.4
1111490 1584.9
1111500 1584.9
1111510 1579.9
1111520 1575.1
1111530 1575.1
1111540 1570.8
1111550 1567.6
1111560 1567.6
1111570 1564.7
1111580 1562.3
1111590 1569.7
1111600 1566.7
1111610 1564.3
1111620 1564.3
1111630 1560.8
1111640 1555.6
1111650 1555.6
1111660 1550.5
1111670 1544.9
1111680 1538.9
1111690 1538.9
1111700 1536.0
1111710 1533.5
1111720 1533.5
1111730 1527.9
1111740 1521.8
1111750 1521.8
1111760 1517.2
1111770 1512.5
1111780 1512.5
1111790 1507.2
1111800 1502.1
1111810 1502.1
1111820 1497.1
1111830 1492.4
1111840 1492.4
1111850 1488.3
1111860 1484.7
1111870 1484.7
1111880 1481.9
1111890 1481.0
1111900 1481.1
1111910 1481.1
1111920 1479.8
1111930 1484.4
1111940 1484.4
1111950 1481.6
1111960 1479.2
1111970 1479.2
1111980 1476.1
1111990 1474.1
1112000 1474.1
1112010 1472.7
1112020 1470.8
1112030 1470.8
1112040 1468.7
1112050 1465.0
1112060 1465.0
1112070 1461.0
1112080 1460.1
1112090 1460.1
1112100 1457.2
1112110 1454.8
1112120 1452.5
1112130 1452.5
1112140 1450.3
1112150 1448.3
1112160 1448.3
1112170 1445.3
1112180 1440.3
1112190 1440.3
1112200 1434.9
1112210 1430.5
1112220 1430.5
1112230 1426.2
1112240 1422.9
1112250 1422.9
1112260 1418.9
1112270 1419.6
1112280 1419.6
1112290 1413.3
1112300 1406.3
1112310 1399.7
1112320 1399.7
1112330 1394.6
1112340 1390.4
1112350 1390.4
1112360 1385.9
1112370 1381.5
1112380 1381.5
1112390 1378.1
1112400 1374.7
1112410 1374.7
1112420 1370.3
1112430 1364.8
1112440 1364.8
1112450 1360.5
1112460 1356.0
1112470 1356.0
1112480 1351.4
1112490 1347.9
1112500 1347.9
1112510 1344.9
1112520 1340.2
1112530 1335.6
1112540 1335.6
1112550 1332.4
1112560 1330.1
1112570 1330.1
1112580 1329.4
1112590 1328.5
1112600 1328.5
1112610 1326.7
1112620 1323.1
1112630 1323.1
1112640 1317.0
1112650 1309.6
1112660 1309.6
1112670 1303.8
1112680 1299.1
1112690 1299.1
1112700 1289.9
1112710 1281.4
1112720 1281.4
1112730 1274.6
1112740 1269.2
1112750 1263.5
1112760 1263.5
1112770 1257.1
1112780 1250.6
1112790 1250.6
1112800 1245.8
1112810 1241.2
1112820 1241.2
1112830 1237.1
1112840 1233.1
1112850 1233.1
1112860 1230.5
1112870 1228.4
1112880 1228.4
1112890 1225.9
1112900 1222.2
1112910 1222.2
1112920 1218.1
1112930 1213.9
1112940 1213.9
1112950 1215.4
1112960 1209.7
1112970 1203.0
1112980 1203.0
1112990 1195.8
1113000 1188.5
1113010 1188.5
1113020 1181.4
1113030 1174.7
1113040 1174.7
1113050 1168.3
1113060 1162.8
1113070 1162.8
1113080 1158.1
1113090 1153.1
1113100 1153.1
1113110 1148.0
1113120 1143.6
1113130 1143.6
1113140 1139.6
1113150 1135.2
1113160 1131.2
1113170 1131.2
1113180 1127.6
1113190 1123.3
1113200 1123.3
1113210 1119.2
1113220 1115.2
1113230 1115.2
1113240 1111.1
1113250 1107.1
1113260 1107.1
1113270 1103.9
1113280 1101.2
1113290 1105.4
1113300 1101.6
1113310 1097.1
1113320 1097.1
1113330 1088.9
1113340 1081.9
1113350 1081.9
1113360 1076.6
1113370 1072.6
1113380 1066.5
1113390 1066.5
1113400 1055.8
1113410 1046.3
1113420 1046.3
1113430 1037.8
1113440 1030.0
1113450 1030.0
1113460 1023.9
1113470 1020.0
1113480 1020.0
1113490 1015.7
1113500 1010.7
1113510 1010.7
1113520 1007.2
1113530 1005.1
1113540 1005.1
1113550 1001.0
1113560 994.6
1113570 994.6
1113580 988.1
1113590 981.6
1113600 976.0
1113610 976.0
1113620 971.2
1113630 968.9
1113640 968.9
1113650 964.8
1113660 962.0
1113670 962.0
1113680 958.8
1113690 955.7
1113700 955.7
1113710 951.8
1113720 947.8
1113730 947.8
1113740 945.4
1113750 944.8
1113760 944.8
1113770 944.3
1113780 944.3
1113790 944.3
1113800 944.1
1113810 943.1
1113820 942.1
1113830 942.1
1113840 942.2
1113850 941.6
1113860 941.6
1113870 935.1
1113880 926.0
1113890 926.0
1113900 919.6
1113910 913.7
1113920 913.7
1113930 911.8
1113940 910.3
1113950 910.3
1113960 909.7
1113970 910.2
1113980 910.2
1113990 912.4
1114000 912.9
1114010 913.1
1114020 913.1
1114030 913.5
1114040 914.6
1114050 914.6
1114060 914.8
1114070 915.0
1114080 915.0
1114090 915.1
1114100 914.9
1114110 914.9
1114120 914.7
1114130 915.0
1114140 915.0
1114150 915.4
1114160 914.9
1114170 914.9
1114180 915.2
1114190 915.5
1114200 915.5
1114210 914.9
1114220 914.8
1114230 914.8
1114240 914.8
1114250 915.2
1114260 915.1
1114270 915.1
1114280 915.7
1114290 915.7
1114300 915.7
1114310 916.0
1114320 916.6
1114330 916.6
1114340 916.4
1114350 916.5
1114360 916.5
1114370 916.6
1114380 917.0
1114390 917.0
1114400 917.4
1114410 917.5
1114420 917.5
1114430 917.6
1114440 918.9
1114450 921.9
1114460 921.9
1114470 923.0
1114480 923.2
1114490 923.2
1114500 923.6
1114510 923.8
1114520 923.8
1114530 923.9
1114540 924.0
1114550 924.0
1114560 924.4
1114570 924.4
1114580 924.4
1114590 924.5
1114600 924.4
1114610 924.4
1114620 924.3
1114630 924.7
1114640 924.5
1114650 924.5
1114660 924.9
1114670 924.8
1114680 924.8
1114690 924.6
1114700 924.8
1114710 924.8
1114720 925.3
1114730 925.3
1114740 925.3
1114750 925.1
1114760 924.9
1114770 924.9
1114780 924.8
1114790 926.4
1114800 926.4
1114810 929.4
1114820 931.3
1114830 931.3
1114840 933.0
1114850 934.6
1114860 936.2
1114870 936.2
1114880 938.4
1114890 940.3
1114900 940.3
1114910 942.2
1114920 944.1
1114930 944.1
1114940 946.7
1114950 949.3
1114960 949.3
1114970 951.8
1114980 954.4
1114990 954.4
1115000 956.5
1115010 959.0
1115020 959.0
1115030 961.5
1115040 964.1
1115050 964.1
1115060 966.5
1115070 968.9
1115080 971.4
1115090 971.4
1115100 974.0
1115110 976.8
1115120 976.8
1115130 979.2
1115140 981.5
1115150 981.5
1115160 983.7
1115170 986.0
1115180 986.0
1115190 988.3
1115200 990.2
1115210 990.2
1115220 992.6
1115230 995.7
1115240 995.7
1115250 996.4
1115260 998.0
1115270 998.0
1115280 1001.1
1115290 1004.8
1115300 1007.4
1115310 1007.4
1115320 1010.4
1115330 1014.2
1115340 1011.7
1115350 1014.6
1115360 1017.2
1115370 1017.2
1115380 1018.8
1115390 1021.7
1115400 1021.7
1115410 1024.5
1115420 1027.1
1115430 1027.1
1115440 1030.1
1115450 1034.0
1115460 1034.0
1115470 1036.4
1115480 1040.6
1115490 1043.9
1115500 1043.9
1115510 1047.2
1115520 1050.8
1115530 1050.8
1115540 1054.4
1115550 1058.1
1115560 1058.1
1115570 1063.1
1115580 1065.5
1115590 1065.5
1115600 1067.6
1115610 1069.5
1115620 1069.5
1115630 1072.6
1115640 1075.6
1115650 1075.6
1115660 1077.4
1115670 1079.5
1115680 1079.5
1115690 1080.2
1115700 1082.8
1115710 1085.2
1115720 1085.2
1115730 1088.1
1115740 1091.3
1115750 1091.3
1115760 1094.1
1115770 1097.2
1115780 1097.2
1115790 1100.4
1115800 1103.5
1115810 1103.5
1115820 1106.4
1115830 1109.9
1115840 1109.9
1115850 1112.8
1115860 1114.6
1115870 1114.6
1115880 1117.5
1115890 1120.9
1115900 1120.9
1115910 1122.9
1115920 1125.1
1115930 1124.8
1115940 1124.8
1115950 1124.4
1115960 1125.7
1115970 1125.7
1115980 1131.0
1115990 1135.8
1116000 1135.8
1116010 1137.2
1116020 1138.9
1116030 1135.6
1116040 1138.0
1116050 1139.5
1116060 1139.5
1116070 1142.5
1116080 1148.6
1116090 1148.6
1116100 1155.7
1116110 1162.3
1116120 1162.3
1116130 1169.6
1116140 1175.6
1116150 1181.3
1116160 1181.3
1116170 1186.7
1116180 1191.8
1116190 1191.8
1116200 1196.9
1116210 1202.7
1116220 1202.7
1116230 1208.2
1116240 1213.3
1116250 1213.3
1116260 1218.2
1116270 1222.9
1116280 1222.9
1116290 1227.9
1116300 1232.3
1116310 1232.3
1116320 1237.8
1116330 1245.1
1116340 1253.2
1116350 1253.2
1116360 1261.6
1116370 1266.6
1116380 1266.6
1116390 1274.0
1116400 1281.8
1116410 1281.8
1116420 1289.4
1116430 1295.0
1116440 1295.0
1116450 1299.9
1116460 1304.7
1116470 1304.7
1116480 1308.8
1116490 1312.7
1116500 1312.7
1116510 1317.1
1116520 1321.1
1116530 1321.1
1116540 1325.4
1116550 1330.0
1116560 1335.3
1116570 1335.3
1116580 1340.0
1116590 1341.6
1116600 1341.6
1116610 1341.8
1116620 1342.7
1116630 1342.7
1116640 1343.6
1116650 1342.8
1116660 1342.8
1116670 1342.4
1116680 1344.9
1116690 1344.9
1116700 1346.1
1116710 1342.3
1116720 1334.7
1116730 1329.2
1116740 1324.3
1116750 1324.3
1116760 1320.5
1116770 1319.3
1116780 1319.7
1116790 1319.7
1116800 1319.3
1116810 1316.7
1116820 1316.7
1116830 1313.2
1116840 1310.6
1116850 1310.6
1116860 1307.5
1116870 1303.8
1116880 1303.8
1116890 1301.3
1116900 1299.1
1116910 1299.1
1116920 1299.7
1116930 1302.0
1116940 1302.0
1116950 1306.0
1116960 1312.3
1116970 1312.3
1116980 1320.0
1116990 1327.7
1117000 1335.7
1117010 1335.7
1117020 1343.0
1117030 1349.5
1117040 1349.5
1117050 1355.9
1117060 1351.7
1117070 1351.7
1117080 1348.8
1117090 1344.8
1117100 1344.8
1117110 1340.1
1117120 1332.4
1117130 1332.4
1117140 1324.9
1117150 1316.3
1117160 1316.3
1117170 1308.8
1117180 1301.1
1117190 1294.7
1117200 1294.7
1117210 1294.4
1117220 1298.8
1117230 1298.8
1117240 1304.1
1117250 1309.7
1117260 1309.7
1117270 1314.5
1117280 1318.7
1117290 1318.7
1117300 1323.5
1117310 1329.0
1117320 1329.0
1117330 1335.2
1117340 1341.8
1117350 1341.8
1117360 1348.6
1117370 1353.1
1117380 1353.1
1117390 1352.3
1117400 1345.4
1117410 1334.6
1117420 1334.6
1117430 1336.4
1117440 1339.1
1117450 1339.1
1117460 1341.9
1117470 1346.6
1117480 1346.6
1117490 1354.4
1117500 1363.2
1117510 1363.2
1117520 1373.6
1117530 1380.8
1117540 1380.8
1117550 1386.1
1117560 1391.6
1117570 1391.6
1117580 1394.9
1117590 1395.7
1117600 1395.7
1117610 1389.7
1117620 1380.3
1117630 1368.5
1117640 1368.5
1117650 1358.4
1117660 1352.1
1117670 1352.1
1117680 1350.0
1117690 1345.8
1117700 1345.8
1117710 1339.6
1117720 1333.2
1117730 1333.2
1117740 1328.2
1117750 1317.2
1117760 1317.2
1117770 1312.9
1117780 1307.4
1117790 1307.4
1117800 1303.5
1117810 1299.8
1117820 1301.6
1117830 1301.6
1117840 1304.2
1117850 1306.3
1117860 1306.3
1117870 1310.0
1117880 1310.8
1117890 1310.8
1117900 1312.9
1117910 1320.6
1117920 1320.6
1117930 1327.0
1117940 1333.1
1117950 1333.1
1117960 1342.6
1117970 1350.1
1117980 1350.1
1117990 1358.2
1118000 1367.8
1118010 1367.8
1118020 1373.6
1118030 1373.8
1118040 1375.7
1118050 1375.7
1118060 1381.4
1118070 1380.5
1118080 1380.5
1118090 1374.5
1118100 1365.4
1118110 1365.4
1118120 1366.0
1118130 1366.8
1118140 1366.8
1118150 1366.3
1118160 1367.8
1118170 1367.8
1118180 1371.3
1118190 1370.8
1118200 1370.8
1118210 1366.4
1118220 1365.7
1118230 1365.7
1118240 1364.2
1118250 1360.3
1118260 1355.3
1118270 1355.3
1118280 1347.5
1118290 1339.2
1118300 1339.2
1118310 1330.6
1118320 1325.3
1118330 1325.3
1118340 1321.5
1118350 1318.3
1118360 1318.3
1118370 1314.7
1118380 1314.7
1118390 1314.7
1118400 1318.1
1118410 1324.5
1118420 1324.5
1118430 1330.7
1118440 1322.8
1118450 1322.8
1118460 1326.0
1118470 1329.3
1118480 1331.9
1118490 1331.9
1118500 1333.7
1118510 1335.3
1118520 1335.3
1118530 1336.6
1118540 1337.1
1118550 1337.1
1118560 1338.3
1118570 1340.6
1118580 1340.6
1118590 1342.0
1118600 1341.7
1118610 1341.7
1118620 1341.9
1118630 1343.3
1118640 1343.3
1118650 1342.0
1118660 1339.2
1118670 1337.9
1118680 1337.9
1118690 1335.4
1118700 1333.2
1118710 1333.2
1118720 1339.6
1118730 1344.8
1118740 1344.8
1118750 1347.1
1118760 1346.1
1118770 1346.1
1118780 1349.8
1118790 1366.9
1118800 1366.9
1118810 1365.2
1118820 1363.2
1118830 1363.2
1118840 1360.6
1118850 1360.0
1118860 1360.0
1118870 1360.9
1118880 1362.2
1118890 1362.4
1118900 1362.4
1118910 1365.4
1118920 1368.8
1118930 1368.8
1118940 1371.0
1118950 1372.8
1118960 1372.8
1118970 1376.7
1118980 1386.7
1118990 1386.7
1119000 1398.1
1119010 1406.8
1119020 1406.8
1119030 1411.2
1119040 1413.2
1119050 1413.2
1119060 1419.1
1119070 1426.5
1119080 1426.5
1119090 1433.9
1119100 1441.6
1119110 1448.6
1119120 1448.6
1119130 1455.7
1119140 1467.9
1119150 1467.9
1119160 1471.5
1119170 1473.5
1119180 1473.5
1119190 1475.0
1119200 1475.8
1119210 1475.8
1119220 1472.6
1119230 1467.4
1119240 1467.4
1119250 1462.8
1119260 1463.3
1119270 1463.3
1119280 1471.5
1119290 1488.7
1119300 1495.0
1119310 1495.0
1119320 1495.6
1119330 1497.8
1119340 1497.8
1119350 1502.4
1119360 1508.6
1119370 1508.6
1119380 1516.3
1119390 1524.6
1119400 1524.6
1119410 1530.7
1119420 1537.2
1119430 1537.2
1119440 1545.1
1119450 1553.4
1119460 1553.4
1119470 1562.8
1119480 1574.5
1119490 1574.5
1119500 1580.8
1119510 1585.7
1119520 1592.0
1119530 1592.0
1119540 1597.3
1119550 1603.6
1119560 1603.6
1119570 1611.8
1119580 1620.3
1119590 1620.3
1119600 1627.2
1119610 1632.1
1119620 1632.1
1119630 1634.7
1119640 1637.8
1119650 1637.8
1119660 1644.5
1119670 1653.5
1119680 1653.5
1119690 1662.4
1119700 1667.7
1119710 1667.7
1119720 1671.1
1119730 1675.2
1119740 1678.5
1119750 1678.5
1119760 1681.6
1119770 1686.0
1119780 1686.0
1119790 1689.2
1119800 1693.1
1119810 1693.1
1119820 1697.7
1119830 1702.2
1119840 1702.2
1119850 1707.3
1119860 1711.8
1119870 1711.8
1119880 1714.1
1119890 1714.3
1119900 1714.3
1119910 1714.7
1119920 1714.8
1119930 1714.8
1119940 1715.7
1119950 1716.2
1119960 1715.6
1119970 1715.6
1119980 1715.2
1119990 1713.9
