1100320 2300.2
1100330 2301.2
1100340 2303.6
1100350 2303.6
1100360 2306.4
1100370 2309.8
1100380 2309.8
1100390 2313.3
1100400 2317.4
1100410 2317.4
1100420 2321.5
1100430 2326.1
1100440 2326.1
1100450 2330.9
1100460 2335.2
1100470 2335.2
1100480 2339.6
1100490 2344.3
1100500 2344.3
1100510 2349.2
1100520 2349.7
1100530 2355.3
1100540 2355.3
1100550 2361.1
1100560 2369.0
1100570 2369.0
1100580 2374.4
1100590 2379.9
1100600 2379.9
1100610 2386.7
1100620 2395.2
1100630 2395.2
1100640 2403.0
1100650 2410.6
1100660 2410.6
1100670 2417.7
1100680 2425.2
1100690 2425.2
1100700 2433.0
1100710 2442.1
1100720 2442.1
1100730 2450.9
1100740 2459.7
1100750 2470.6
1100760 2470.6
1100770 2479.7
1100780 2485.9
1100790 2485.9
1100800 2499.6
1100810 2520.8
1100820 2520.8
1100830 2539.2
1100840 2540.7
1100850 2531.8
1100860 2529.3
1100870 2527.6
1100880 2527.6
1100890 2526.5
1100900 2525.2
1100910 2525.2
1100920 2520.7
1100930 2510.1
1100940 2510.1
1100950 2492.1
1100960 2469.6
1100970 2438.8
1100980 2438.8
1100990 2419.3
1101000 2410.6
1101010 2410.6
1101020 2403.3
1101030 2395.5
1101040 2395.5
1101050 2387.8
1101060 2380.4
1101070 2380.4
1101080 2372.8
1101090 2364.2
1101100 2364.2
1101110 2356.5
1101120 2349.4
1101130 2349.4
1101140 2342.8
1101150 2337.1
1101160 2337.1
1101170 2332.0
1101180 2323.6
1101190 2318.4
1101200 2318.4
1101210 2313.3
1101220 2308.2
1101230 2308.2
1101240 2303.3
1101250 2298.1
1101260 2298.1
1101270 2293.0
1101280 2288.1
1101290 2288.1
1101300 2283.3
1101310 2278.9
1101320 2278.9
1101330 2276.1
1101340 2273.0
1101350 2273.0
1101360 2270.0
1101370 2267.2
1101380 2264.7
1101390 2264.7
1101400 2262.9
1101410 2261.2
1101420 2261.2
1101430 2259.5
1101440 2256.5
1101450 2256.5
1101460 2255.0
1101470 2254.3
1101480 2254.3
1101490 2253.4
1101500 2251.6
1101510 2250.0
1101520 2248.5
1101530 2245.7
1101540 2245.7
1101550 2243.6
1101560 2242.7
1101570 2242.7
1101580 2242.5
1101590 2242.0
1101600 2237.4
1101610 2237.4
1101620 2236.7
1101630 2236.2
1101640 2236.2
1101650 2236.1
1101660 2236.2
1101670 2236.2
1101680 2235.7
1101690 2235.3
1101700 2235.3
1101710 2234.8
1101720 2234.4
1101730 2234.4
1101740 2234.2
1101750 2233.7
1101760 2233.7
1101770 2233.3
1101780 2233.0
1101790 2233.0
1101800 2232.5
1101810 2231.9
1101820 2231.2
1101830 2231.2
1101840 2230.1
1101850 2229.2
1101860 2229.2
1101870 2226.7
1101880 2225.5
1101890 2225.5
1101900 2224.1
1101910 2223.3
1101920 2223.3
1101930 2223.0
1101940 2222.1
1101950 2222.1
1101960 2221.3
1101970 2220.8
1101980 2220.8
1101990 2219.9
1102000 2218.6
1102010 2218.6
1102020 2217.3
1102030 2215.7
1102040 2214.0
1102050 2214.0
1102060 2212.4
1102070 2210.8
1102080 2210.8
1102090 2210.7
1102100 2213.0
1102110 2213.0
1102120 2215.3
1102130 2220.3
1102140 2220.3
1102150 2225.4
1102160 2229.9
1102170 2225.3
1102180 2230.2
1102190 2234.8
1102200 2234.8
1102210 2239.5
1102220 2244.2
1102230 2249.6
1102240 2249.6
1102250 2255.6
1102260 2264.1
1102270 2264.1
1102280 2272.0
1102290 2274.8
1102300 2274.8
1102310 2268.5
1102320 2258.8
1102330 2258.8
1102340 2249.7
1102350 2241.2
1102360 2241.2
1102370 2229.9
1102380 2222.6
1102390 2222.6
1102400 2213.0
1102410 2202.4
1102420 2202.4
1102430 2192.7
1102440 2186.2
1102450 2179.8
1102460 2179.8
1102470 2173.2
1102480 2167.2
1102490 2167.2
1102500 2163.5
1102510 2158.0
1102520 2158.0
1102530 2152.5
1102540 2147.6
1102550 2147.6
1102560 2143.0
1102570 2138.1
1102580 2138.1
1102590 2133.0
1102600 2128.4
1102610 2128.4
1102620 2124.5
1102630 2120.6
1102640 2120.6
1102650 2117.5
1102660 2115.0
1102670 2112.2
1102680 2112.2
1102690 2108.6
1102700 2105.6
1102710 2105.6
1102720 2103.9
1102730 2102.2
1102740 2102.2
1102750 2100.5
1102760 2098.2
1102770 2098.2
1102780 2098.2
1102790 2099.3
1102800 2099.3
1102810 2098.3
1102820 2096.5
1102830 2096.4
1102840 2093.6
1102850 2091.0
1102860 2091.0
1102870 2088.0
1102880 2084.7
1102890 2082.7
1102900 2082.7
1102910 2080.1
1102920 2076.8
1102930 2076.8
1102940 2073.5
1102950 2071.5
1102960 2071.5
1102970 2068.6
1102980 2067.3
1102990 2067.3
1103000 2064.9
1103010 2061.8
1103020 2061.8
1103030 2059.2
1103040 2057.9
1103050 2057.9
1103060 2056.4
1103070 2054.8
1103080 2052.8
1103090 2052.8
1103100 2050.7
1103110 2047.8
1103120 2047.8
1103130 2046.3
1103140 2044.1
1103150 2044.1
1103160 2041.5
1103170 2039.9
1103180 2039.9
1103190 2036.1
1103200 2033.3
1103210 2033.3
1103220 2031.7
1103230 2028.8
1103240 2028.8
1103250 2024.9
1103260 2022.7
1103270 2022.7
1103280 2021.2
1103290 2020.0
1103300 2018.5
1103310 2018.5
1103320 2017.4
1103330 2015.4
1103340 2015.4
1103350 2012.2
1103360 2009.4
1103370 2009.4
1103380 2006.5
1103390 2003.0
1103400 2003.0
1103410 1999.9
1103420 1996.7
1103430 1996.7
1103440 1995.6
1103450 1993.8
1103460 1993.8
1103470 1990.1
1103480 1985.0
1103490 1985.0
1103500 1978.0
1103510 1970.7
1103520 1963.1
1103530 1963.1
1103540 1957.3
1103550 1952.8
1103560 1952.8
1103570 1946.1
1103580 1939.9
1103590 1939.9
1103600 1934.0
1103610 1928.2
1103620 1928.2
1103630 1922.1
1103640 1917.0
1103650 1917.0
1103660 1915.1
1103670 1914.0
1103680 1914.0
1103690 1911.0
1103700 1905.6
1103710 1905.6
1103720 1900.5
1103730 1895.1
1103740 1890.5
1103750 1890.5
1103760 1886.2
1103770 1882.2
1103780 1882.2
1103790 1876.7
1103800 1871.3
1103810 1871.3
1103820 1867.2
1103830 1868.1
1103840 1868.1
1103850 1863.4
1103860 1859.1
1103870 1859.1
1103880 1856.2
1103890 1851.7
1103900 1851.7
1103910 1844.4
1103920 1836.5
1103930 1829.3
1103940 1829.3
1103950 1823.9
1103960 1821.1
1103970 1821.1
1103980 1821.5
1103990 1822.0
1104000 1822.0
1104010 1818.9
1104020 1814.2
1104030 1814.2
1104040 1808.9
1104050 1804.2
1104060 1804.2
1104070 1798.3
1104080 1790.6
1104090 1790.6
1104100 1785.8
1104110 1782.9
1104120 1782.9
1104130 1779.7
1104140 1776.9
1104150 1772.5
1104160 1774.6
1104170 1770.1
1104180 1766.2
1104190 1766.2
1104200 1763.2
1104210 1759.6
1104220 1759.6
1104230 1755.7
1104240 1752.2
1104250 1752.2
1104260 1749.1
1104270 1745.5
1104280 1745.5
1104290 1741.7
1104300 1738.6
1104310 1738.6
1104320 1735.0
1104330 1731.9
1104340 1731.9
1104350 1728.5
1104360 1725.4
1104370 1722.9
1104380 1722.9
1104390 1720.9
1104400 1718.6
1104410 1718.6
1104420 1716.0
1104430 1712.6
1104440 1712.6
1104450 1709.3
1104460 1705.4
1104470 1705.4
1104480 1701.3
1104490 1697.3
1104500 1697.5
1104510 1693.5
1104520 1688.8
1104530 1688.8
1104540 1684.2
1104550 1682.8
1104560 1682.8
1104570 1681.4
1104580 1675.2
1104590 1667.4
1104600 1667.4
1104610 1658.2
1104620 1649.7
1104630 1649.7
1104640 1643.9
1104650 1640.0
1104660 1640.0
1104670 1638.2
1104680 1637.3
1104690 1637.3
1104700 1636.5
1104710 1635.4
1104720 1635.4
1104730 1633.3
1104740 1634.5
1104750 1634.5
1104760 1634.0
1104770 1628.4
1104780 1622.9
1104790 1622.9
1104800 1618.9
1104810 1617.2
1104820 1617.2
1104830 1609.4
1104840 1609.7
1104850 1609.7
1104860 1610.0
1104870 1608.0
1104880 1608.0
1104890 1609.4
1104900 1606.4
1104910 1606.4
1104920 1600.1
1104930 1600.1
1104940 1600.1
1104950 1605.1
1104960 1608.9
1104970 1608.9
1104980 1608.4
1104990 1608.9
1105000 1609.8
1105010 1609.8
1105020 1609.4
1105030 1609.4
1105040 1609.4
1105050 1606.0
1105060 1601.3
1105070 1601.3
1105080 1594.2
1105090 1587.3
1105100 1587.3
1105110 1581.2
1105120 1575.8
1105130 1575.8
1105140 1573.7
1105150 1573.1
1105160 1567.1
1105170 1565.8
1105180 1565.6
1105190 1565.6
1105200 1567.5
1105210 1570.4
1105220 1570.8
1105230 1570.8
1105240 1567.4
1105250 1561.6
1105260 1561.6
1105270 1558.9
1105280 1561.2
1105290 1561.2
1105300 1562.4
1105310 1561.9
1105320 1561.9
1105330 1560.7
1105340 1559.5
1105350 1559.5
1105360 1556.2
1105370 1551.6
1105380 1551.6
1105390 1547.7
1105400 1542.2
1105410 1542.2
1105420 1535.0
1105430 1526.5
1105440 1516.9
1105450 1516.9
1105460 1507.5
1105470 1501.6
1105480 1501.6
1105490 1504.1
1105500 1497.2
1105510 1497.2
1105520 1499.9
1105530 1500.7
1105540 1500.7
1105550 1499.3
1105560 1497.1
1105570 1497.1
1105580 1497.7
1105590 1498.3
1105600 1498.3
1105610 1498.2
1105620 1499.3
1105630 1499.8
1105640 1499.8
1105650 1499.5
1105660 1496.2
1105670 1496.2
1105680 1490.8
1105690 1487.0
1105700 1487.0
1105710 1483.6
1105720 1474.3
1105730 1474.3
1105740 1461.9
1105750 1447.6
1105760 1447.6
1105770 1439.6
1105780 1429.1
1105790 1429.1
1105800 1421.2
1105810 1413.8
1105820 1413.8
1105830 1404.9
1105840 1395.8
1105850 1386.6
1105860 1386.6
1105870 1381.9
1105880 1385.0
1105890 1385.0
1105900 1391.9
1105910 1393.8
1105920 1393.8
1105930 1391.9
1105940 1391.5
1105950 1391.5
1105960 1388.5
1105970 1390.1
1105980 1390.1
1105990 1394.7
1106000 1399.6
1106010 1399.6
1106020 1400.7
1106030 1405.4
1106040 1405.4
1106050 1406.9
1106060 1408.1
1106070 1408.0
1106080 1408.0
1106090 1408.5
1106100 1409.4
1106110 1409.4
1106120 1407.1
1106130 1404.6
1106140 1404.6
1106150 1403.5
1106160 1402.1
1106170 1396.7
1106180 1393.9
1106190 1389.4
1106200 1389.4
1106210 1384.7
1106220 1380.4
1106230 1380.4
1106240 1377.6
1106250 1373.8
1106260 1373.8
1106270 1369.1
1106280 1363.8
1106290 1360.2
1106300 1360.2
1106310 1359.4
1106320 1353.9
1106330 1353.9
1106340 1347.0
1106350 1339.9
1106360 1339.9
1106370 1332.0
1106380 1324.9
1106390 1324.9
1106400 1320.5
1106410 1316.0
1106420 1316.0
1106430 1314.8
1106440 1311.5
1106450 1311.5
1106460 1306.8
1106470 1302.3
1106480 1298.2
1106490 1298.2
1106500 1289.3
1106510 1284.2
1106520 1284.2
1106530 1278.5
1106540 1272.9
1106550 1272.9
1106560 1267.8
1106570 1263.1
1106580 1263.1
1106590 1257.1
1106600 1250.7
1106610 1250.7
1106620 1243.9
1106630 1236.1
1106640 1236.1
1106650 1229.1
1106660 1223.9
1106670 1223.9
1106680 1219.1
1106690 1214.9
1106700 1210.6
1106710 1210.6
1106720 1206.2
1106730 1202.3
1106740 1202.3
1106750 1198.6
1106760 1194.8
1106770 1194.8
1106780 1191.3
1106790 1188.6
1106800 1188.6
1106810 1186.1
1106820 1181.1
1106830 1181.1
1106840 1173.7
1106850 1170.4
1106860 1170.4
1106870 1168.6
1106880 1167.2
1106890 1167.2
1106900 1166.5
1106910 1165.8
1106920 1165.0
1106930 1165.0
1106940 1163.3
1106950 1166.1
1106960 1166.1
1106970 1168.2
1106980 1173.9
1106990 1173.9
1107000 1181.7
1107010 1189.4
1107020 1189.4
1107030 1197.8
1107040 1206.5
1107050 1206.5
1107060 1215.7
1107070 1223.9
1107080 1223.9
1107090 1225.8
1107100 1226.9
1107110 1226.9
1107120 1228.0
1107130 1229.6
1107140 1231.7
1107150 1231.7
1107160 1233.7
1107170 1236.7
1107180 1236.7
1107190 1237.9
1107200 1239.8
1107210 1239.8
1107220 1240.9
1107230 1242.8
1107240 1242.8
1107250 1244.5
1107260 1246.2
1107270 1246.2
1107280 1248.1
1107290 1249.8
1107300 1249.8
1107310 1252.2
1107320 1253.7
1107330 1255.3
1107340 1255.3
1107350 1257.0
1107360 1258.8
1107370 1258.8
1107380 1261.0
1107390 1262.3
1107400 1262.3
1107410 1262.8
1107420 1263.9
1107430 1263.9
1107440 1265.0
1107450 1266.0
1107460 1266.0
1107470 1266.9
1107480 1267.9
1107490 1267.9
1107500 1268.7
1107510 1272.3
1107520 1272.3
1107530 1272.7
1107540 1273.2
1107550 1271.0
1107560 1271.0
1107570 1271.1
1107580 1270.5
1107590 1270.5
1107600 1274.1
1107610 1275.4
1107620 1275.4
1107630 1279.9
1107640 1287.6
1107650 1287.6
1107660 1292.4
1107670 1297.1
1107680 1297.1
1107690 1301.1
1107700 1305.5
1107710 1305.5
1107720 1309.9
1107730 1314.6
1107740 1314.6
1107750 1319.8
1107760 1324.7
1107770 1329.2
1107780 1329.2
1107790 1333.9
1107800 1339.3
1107810 1339.3
1107820 1344.7
1107830 1349.4
1107840 1355.5
1107850 1360.6
1107860 1369.0
1107870 1369.0
1107880 1380.1
1107890 1398.5
1107900 1398.5
1107910 1415.0
1107920 1418.9
1107930 1418.9
1107940 1422.0
1107950 1424.6
1107960 1424.6
1107970 1432.0
1107980 1444.1
1107990 1454.4
1108000 1454.4
1108010 1464.2
1108020 1470.1
1108030 1470.1
1108040 1473.6
1108050 1474.7
1108060 1474.7
1108070 1475.2
1108080 1475.5
1108090 1475.5
1108100 1473.9
1108110 1475.7
1108120 1475.7
1108130 1477.1
1108140 1480.6
1108150 1480.6
1108160 1483.3
1108170 1485.5
1108180 1495.9
1108190 1495.9
1108200 1492.0
1108210 1484.6
1108220 1484.6
1108230 1475.9
1108240 1482.1
1108250 1482.1
1108260 1495.2
1108270 1501.2
1108280 1501.2
1108290 1509.6
1108300 1518.6
1108310 1518.6
1108320 1524.8
1108330 1531.0
1108340 1531.0
1108350 1537.8
1108360 1548.0
1108370 1548.0
1108380 1559.3
1108390 1570.8
1108400 1581.1
1108410 1581.1
1108420 1589.6
1108430 1597.6
1108440 1597.6
1108450 1605.5
1108460 1610.7
1108470 1610.7
1108480 1615.7
1108490 1624.1
1108500 1624.1
1108510 1631.4
1108520 1633.2
1108530 1633.2
1108540 1641.4
1108550 1647.3
1108560 1647.3
1108570 1651.2
1108580 1655.0
1108590 1655.0
1108600 1659.5
1108610 1665.9
1108620 1673.5
1108630 1673.5
1108640 1681.1
1108650 1687.2
1108660 1687.2
1108670 1692.6
1108680 1697.5
1108690 1697.5
1108700 1704.5
1108710 1713.3
1108720 1713.3
1108730 1724.9
1108740 1734.4
1108750 1734.4
1108760 1743.7
1108770 1752.8
1108780 1752.8
1108790 1763.6
1108800 1771.6
1108810 1771.6
1108820 1774.3
1108830 1777.5
1108840 1782.5
1108850 1784.5
1108860 1790.2
1108870 1797.5
1108880 1797.5
1108890 1807.1
1108900 1816.4
1108910 1816.4
1108920 1823.4
1108930 1830.6
1108940 1830.6
1108950 1839.0
1108960 1850.8
1108970 1850.8
1108980 1864.7
1108990 1868.3
1109000 1868.3
1109010 1865.4
1109020 1862.0
1109030 1858.5
1109040 1858.5
1109050 1853.7
1109060 1849.5
1109070 1849.5
1109080 1846.6
1109090 1845.0
1109100 1845.0
1109110 1844.4
1109120 1843.8
1109130 1843.8
1109140 1843.1
1109150 1842.5
1109160 1842.5
1109170 1841.8
1109180 1840.7
1109190 1843.1
1109200 1837.8
1109210 1833.0
1109220 1833.0
1109230 1830.0
1109240 1830.9
1109250 1830.8
1109260 1830.8
1109270 1830.1
1109280 1829.9
1109290 1829.9
1109300 1828.5
1109310 1825.6
1109320 1825.6
1109330 1822.7
1109340 1820.7
1109350 1820.7
1109360 1818.8
1109370 1816.9
1109380 1816.9
1109390 1816.2
1109400 1816.1
1109410 1816.1
1109420 1815.8
1109430 1815.1
1109440 1815.1
1109450 1813.8
1109460 1812.3
1109470 1810.5
1109480 1810.5
1109490 1807.5
1109500 1805.5
1109510 1805.5
1109520 1803.8
1109530 1805.5
1109540 1805.5
1109550 1803.3
1109560 1801.0
1109570 1801.0
1109580 1799.4
1109590 1797.9
1109600 1797.9
1109610 1796.0
1109620 1793.9
1109630 1793.9
1109640 1791.6
1109650 1789.6
1109660 1789.6
1109670 1788.5
1109680 1788.4
1109690 1787.6
1109700 1787.6
1109710 1785.1
1109720 1782.5
1109730 1782.5
1109740 1779.6
1109750 1776.6
1109760 1776.6
1109770 1773.8
1109780 1770.5
1109790 1770.5
1109800 1767.2
1109810 1764.0
1109820 1764.0
1109830 1760.8
1109840 1757.9
1109850 1757.9
1109860 1754.4
1109870 1752.7
1109880 1749.4
1109890 1749.4
1109900 1745.7
1109910 1743.8
1109920 1743.8
1109930 1739.8
1109940 1735.1
1109950 1735.1
1109960 1730.5
1109970 1725.9
1109980 1725.9
1109990 1719.8
1110000 1711.5
1110010 1711.5
1110020 1703.3
1110030 1695.1
1110040 1695.1
1110050 1687.8
1110060 1682.1
1110070 1682.1
1110080 1676.7
1110090 1671.1
1110100 1664.3
1110110 1664.3
1110120 1658.5
1110130 1655.2
1110140 1655.2
1110150 1652.6
1110160 1650.4
1110170 1650.4
1110180 1645.9
1110190 1640.5
1110200 1640.5
1110210 1636.2
1110220 1628.2
1110230 1628.2
1110240 1620.3
1110250 1613.1
1110260 1613.1
1110270 1606.2
1110280 1599.4
1110290 1599.4
1110300 1593.1
1110310 1587.2
1110320 1581.1
1110330 1581.1
1110340 1575.4
1110350 1570.2
1110360 1570.2
1110370 1565.2
1110380 1560.1
1110390 1560.1
1110400 1554.0
1110410 1549.7
1110420 1549.7
1110430 1544.5
1110440 1537.4
1110450 1537.4
1110460 1531.7
1110470 1527.7
1110480 1527.7
1110490 1522.7
1110500 1516.4
1110510 1509.8
1110520 1509.8
1110530 1501.9
1110540 1498.8
1110550 1498.8
1110560 1490.8
1110570 1483.9
1110580 1483.9
1110590 1482.6
1110600 1485.8
1110610 1485.8
1110620 1488.7
1110630 1489.4
1110640 1489.4
1110650 1490.2
1110660 1491.1
1110670 1491.1
1110680 1492.4
1110690 1496.1
1110700 1496.1
1110710 1501.1
1110720 1506.1
1110730 1513.5
1110740 1513.5
1110750 1519.7
1110760 1525.9
1110770 1525.9
1110780 1532.2
1110790 1536.6
1110800 1536.6
1110810 1544.1
1110820 1550.5
1110830 1550.5
1110840 1556.5
1110850 1563.4
1110860 1563.4
1110870 1570.2
1110880 1576.2
1110890 1576.2
1110900 1582.0
1110910 1587.9
1110920 1587.9
1110930 1594.6
1110940 1601.7
1110950 1607.9
1110960 1607.9
1110970 1613.6
1110980 1620.2
1110990 1620.2
1111000 1626.5
1111010 1633.0
1111020 1633.0
1111030 1639.4
1111040 1646.5
1111050 1646.5
1111060 1654.3
1111070 1658.2
1111080 1658.2
1111090 1659.7
1111100 1660.5
1111110 1660.5
1111120 1662.0
1111130 1664.3
1111140 1664.3
1111150 1666.0
1111160 1666.0
1111170 1667.4
1111180 1667.4
1111190 1667.1
1111200 1668.8
1111210 1668.8
1111220 1671.6
1111230 1671.0
1111240 1671.0
1111250 1668.9
1111260 1663.1
1111270 1663.1
1111280 1656.0
1111290 1650.7
1111300 1650.7
1111310 1647.2
1111320 1642.7
1111330 1642.7
1111340 1638.2
1111350 1636.0
1111360 1631.3
1111370 1631.3
1111380 1624.4
1111390 1619.1
1111400 1619.1
1111410 1618.9
1111420 1618.6
1111430 1618.6
1111440 1617.3
1111450 1614.9
1111460 1614.9
1111470 1610.7
1111480 1606.4
1111490 1606.4
1111500 1603.0
1111510 1601.1
1111520 1601.1
1111530 1599.8
1111540 1598.2
1111550 1598.2
1111560 1597.8
1111570 1594.4
1111580 1591.4
1111590 1591.4
1111600 1587.5
1111610 1583.3
1111620 1583.3
1111630 1578.4
1111640 1574.1
1111650 1574.1
1111660 1569.7
1111670 1565.9
1111680 1565.9
1111690 1563.6
1111700 1560.7
1111710 1560.7
1111720 1555.6
1111730 1549.4
1111740 1549.4
1111750 1543.8
1111760 1539.0
1111770 1539.0
1111780 1533.2
1111790 1530.3
1111800 1527.2
1111810 1527.2
1111820 1526.0
1111830 1522.3
1111840 1522.3
1111850 1521.6
1111860 1523.4
1111870 1523.4
1111880 1518.8
1111890 1513.7
1111900 1518.5
1111910 1511.9
1111920 1505.8
1111930 1505.8
1111940 1501.2
1111950 1498.0
1111960 1498.0
1111970 1495.3
1111980 1492.8
1111990 1492.8
1112000 1491.2
1112010 1490.7
1112020 1490.3
1112030 1490.3
1112040 1489.9
1112050 1488.7
1112060 1488.7
1112070 1485.2
1112080 1482.1
1112090 1482.1
1112100 1479.1
1112110 1475.9
1112120 1475.9
1112130 1473.0
1112140 1469.0
1112150 1469.0
1112160 1465.5
1112170 1463.1
1112180 1463.1
1112190 1459.4
1112200 1453.3
1112210 1447.3
1112220 1447.3
1112230 1444.2
1112240 1445.6
1112250 1445.6
1112260 1441.6
1112270 1437.7
1112280 1437.7
1112290 1433.0
1112300 1428.3
1112310 1428.3
1112320 1423.4
1112330 1417.4
1112340 1417.4
1112350 1411.7
1112360 1406.4
1112370 1406.4
1112380 1401.4
1112390 1396.7
1112400 1396.7
1112410 1390.9
1112420 1383.1
1112430 1377.8
1112440 1377.8
1112450 1374.5
1112460 1370.9
1112470 1370.9
1112480 1367.0
1112490 1362.1
1112500 1362.1
1112510 1357.8
1112520 1353.7
1112530 1353.7
1112540 1347.4
1112550 1340.2
1112560 1340.2
1112570 1335.7
1112580 1332.0
1112590 1332.0
1112600 1329.3
1112610 1327.7
1112620 1327.7
1112630 1324.8
1112640 1319.3
1112650 1312.2
1112660 1312.2
1112670 1307.7
1112680 1303.5
1112690 1303.5
1112700 1299.2
1112710 1295.3
1112720 1295.3
1112730 1290.2
1112740 1284.0
1112750 1284.0
1112760 1277.7
1112770 1270.8
1112780 1270.8
1112790 1265.1
1112800 1261.2
1112810 1261.2
1112820 1260.3
1112830 1259.5
1112840 1259.5
1112850 1258.1
1112860 1255.7
1112870 1252.3
1112880 1252.3
1112890 1248.1
1112900 1243.1
1112910 1243.1
1112920 1240.9
1112930 1235.7
1112940 1235.7
1112950 1229.7
1112960 1224.3
1112970 1224.3
1112980 1219.6
1112990 1214.2
1113000 1214.2
1113010 1208.7
1113020 1202.3
1113030 1202.3
1113040 1195.5
1113050 1188.2
1113060 1182.4
1113070 1182.4
1113080 1177.4
1113090 1172.4
1113100 1172.4
1113110 1166.9
1113120 1161.6
1113130 1161.6
1113140 1156.9
1113150 1154.0
1113160 1154.0
1113170 1149.9
1113180 1146.0
1113190 1146.0
1113200 1141.5
1113210 1136.1
1113220 1136.1
1113230 1132.3
1113240 1129.7
1113250 1129.7
1113260 1131.2
1113270 1127.2
1113280 1123.7
1113290 1123.7
1113300 1117.7
1113310 1112.6
1113320 1112.6
1113330 1106.4
1113340 1098.8
1113350 1098.8
1113360 1087.2
1113370 1077.7
1113380 1077.7
1113390 1069.8
1113400 1062.4
1113410 1062.4
1113420 1055.2
1113430 1047.9
1113440 1047.9
1113450 1044.1
1113460 1041.2
1113470 1041.2
1113480 1035.7
1113490 1031.3
1113500 1025.8
1113510 1025.8
1113520 1019.9
1113530 1014.6
1113540 1014.6
1113550 1009.4
1113560 1003.4
1113570 1003.4
1113580 997.3
1113590 992.5
1113600 992.5
1113610 994.5
1113620 992.0
1113630 992.0
1113640 989.8
1113650 985.9
1113660 985.9
1113670 980.4
1113680 974.6
1113690 974.6
1113700 970.1
1113710 967.1
1113720 965.6
1113730 965.6
1113740 963.9
1113750 961.0
1113760 961.0
1113770 958.7
1113780 956.6
1113790 956.6
1113800 954.7
1113810 953.7
1113820 953.7
1113830 952.7
1113840 951.5
1113850 951.5
1113860 949.7
1113870 947.6
1113880 947.6
1113890 944.2
1113900 939.6
1113910 932.8
1113920 932.8
1113930 925.0
1113940 916.2
1113950 921.6
1113960 913.3
1113970 912.8
1113980 912.8
1113990 911.5
1114000 910.7
1114010 910.7
1114020 912.6
1114030 913.5
1114040 913.5
1114050 914.0
1114060 914.9
1114070 914.9
1114080 915.4
1114090 915.8
1114100 915.8
1114110 916.0
1114120 916.7
1114130 916.5
1114140 916.5
1114150 915.9
1114160 916.1
1114170 916.1
1114180 916.0
1114190 916.3
1114200 916.3
1114210 916.7
1114220 916.7
1114230 916.7
1114240 916.5
1114250 916.7
1114260 916.7
1114270 916.6
1114280 916.7
1114290 916.7
1114300 917.1
1114310 917.3
1114320 917.3
1114330 917.8
1114340 917.6
1114350 917.5
1114360 917.5
1114370 917.4
1114380 917.5
1114390 917.5
1114400 917.5
1114410 917.7
1114420 917.7
1114430 917.9
1114440 918.2
1114450 918.2
1114460 918.4
1114470 918.9
1114480 918.9
1114490 921.2
1114500 923.6
1114510 923.6
1114520 924.3
1114530 924.5
1114540 924.8
1114550 924.8
1114560 925.0
1114570 925.2
1114580 925.2
1114590 925.1
1114600 924.8
1114610 924.8
1114620 925.0
1114630 925.2
1114640 925.2
1114650 925.4
1114660 925.9
1114670 925.9
1114680 926.1
1114690 925.7
1114700 925.7
1114710 925.6
1114720 925.5
1114730 925.5
1114740 925.4
1114750 925.5
1114760 925.7
1114770 925.7
1114780 925.9
1114790 926.1
1114800 926.1
1114810 927.2
1114820 931.1
1114830 931.1
1114840 933.2
1114850 934.9
1114860 934.9
1114870 936.6
1114880 938.3
1114890 938.3
1114900 940.1
1114910 942.4
1114920 942.4
1114930 944.8
1114940 947.2
1114950 947.2
1114960 948.9
1114970 951.5
1114980 953.0
1114990 953.0
1115000 955.2
1115010 957.6
1115020 957.6
1115030 960.3
1115040 962.5
1115050 962.5
1115060 964.6
1115070 966.6
1115080 966.6
1115090 968.6
1115100 970.4
1115110 970.4
1115120 972.6
1115130 975.2
1115140 975.2
1115150 977.9
1115160 980.8
1115170 980.8
1115180 983.2
1115190 985.2
1115200 987.9
1115210 987.9
1115220 990.8
1115230 994.4
1115240 994.4
1115250 996.6
1115260 998.3
1115270 998.3
1115280 1000.3
1115290 1002.1
1115300 1002.1
1115310 1004.4
1115320 1007.3
1115330 1007.3
1115340 1009.9
1115350 1012.9
1115360 1012.9
1115370 1015.8
1115380 1018.4
1115390 1019.9
1115400 1019.9
1115410 1022.5
1115420 1025.5
1115430 1025.5
1115440 1028.9
1115450 1031.8
1115460 1031.8
1115470 1035.1
1115480 1038.9
1115490 1038.9
1115500 1042.2
1115510 1044.2
1115520 1044.2
1115530 1046.5
1115540 1049.3
1115550 1049.3
1115560 1052.3
1115570 1054.6
1115580 1054.6
1115590 1057.3
1115600 1060.1
1115610 1063.6
1115620 1063.6
1115630 1066.0
1115640 1067.8
1115650 1067.8
1115660 1068.1
1115670 1070.4
1115680 1070.4
1115690 1072.4
1115700 1074.8
1115710 1074.8
1115720 1077.8
1115730 1080.4
1115740 1080.4
1115750 1082.9
1115760 1085.6
1115770 1085.6
1115780 1088.9
1115790 1091.8
1115800 1091.8
1115810 1095.3
1115820 1098.9
1115830 1101.4
1115840 1101.4
1115850 1103.3
1115860 1104.8
1115870 1104.8
1115880 1106.9
1115890 1109.5
1115900 1109.5
1115910 1111.4
1115920 1111.6
1115930 1111.6
1115940 1113.3
1115950 1118.5
1115960 1118.5
1115970 1120.1
1115980 1121.7
1115990 1121.7
1116000 1120.7
1116010 1121.6
1116020 1121.6
1116030 1123.0
1116040 1124.9
1116050 1127.6
1116060 1127.6
1116070 1132.8
1116080 1138.3
1116090 1138.3
1116100 1143.6
1116110 1149.1
1116120 1149.1
1116130 1156.1
1116140 1164.0
1116150 1164.0
1116160 1172.2
1116170 1180.8
1116180 1180.8
1116190 1188.6
1116200 1196.3
1116210 1196.3
1116220 1203.8
1116230 1210.9
1116240 1218.2
1116250 1218.2
1116260 1225.4
1116270 1232.0
1116280 1232.0
1116290 1238.4
1116300 1244.5
1116310 1244.5
1116320 1247.2
1116330 1248.1
1116340 1248.1
1116350 1252.6
1116360 1256.3
1116370 1256.3
1116380 1260.1
1116390 1264.8
1116400 1264.8
1116410 1269.2
1116420 1274.3
1116430 1274.3
1116440 1279.2
1116450 1284.6
1116460 1289.2
1116470 1289.2
1116480 1293.1
1116490 1297.7
1116500 1297.7
1116510 1303.4
1116520 1308.0
1116530 1308.0
1116540 1312.7
1116550 1316.8
1116560 1316.8
1116570 1318.8
1116580 1319.3
1116590 1319.3
1116600 1318.3
1116610 1317.6
1116620 1317.6
1116630 1317.9
1116640 1318.5
1116650 1318.5
1116660 1317.9
1116670 1315.6
1116680 1317.0
1116690 1310.1
1116700 1309.3
1116710 1304.5
1116720 1304.5
1116730 1300.0
1116740 1295.3
1116750 1295.3
1116760 1290.0
1116770 1286.3
1116780 1286.3
1116790 1284.4
1116800 1283.2
1116810 1283.2
1116820 1282.7
1116830 1282.4
1116840 1282.4
1116850 1278.8
1116860 1274.1
1116870 1271.5
1116880 1271.5
1116890 1270.4
1116900 1272.2
1116910 1272.2
1116920 1275.5
1116930 1280.7
1116940 1280.7
1116950 1287.1
1116960 1294.2
1116970 1294.2
1116980 1301.1
1116990 1307.6
1117000 1307.6
1117010 1313.9
1117020 1320.9
1117030 1317.5
1117040 1323.1
1117050 1325.5
1117060 1325.5
1117070 1323.5
1117080 1319.4
1117090 1315.7
1117100 1315.7
1117110 1313.4
1117120 1311.2
1117130 1311.2
1117140 1305.7
1117150 1299.5
1117160 1299.5
1117170 1291.8
1117180 1282.7
1117190 1282.7
1117200 1275.1
1117210 1268.9
1117220 1268.9
1117230 1270.7
1117240 1277.1
1117250 1277.1
1117260 1283.6
1117270 1290.5
1117280 1290.5
1117290 1299.3
1117300 1309.1
1117310 1318.9
1117320 1318.9
1117330 1323.5
1117340 1323.1
1117350 1323.1
1117360 1317.9
1117370 1311.9
1117380 1302.9
1117390 1301.8
1117400 1303.1
1117410 1303.1
1117420 1304.9
1117430 1308.2
1117440 1308.2
1117450 1314.8
1117460 1324.8
1117470 1324.8
1117480 1332.6
1117490 1340.3
1117500 1340.3
1117510 1349.8
1117520 1355.8
1117530 1361.5
1117540 1361.5
1117550 1367.4
1117560 1368.6
1117570 1368.6
1117580 1368.0
1117590 1367.2
1117600 1367.2
1117610 1368.0
1117620 1367.9
1117630 1367.9
1117640 1361.4
1117650 1350.5
1117660 1350.5
1117670 1336.7
1117680 1324.9
1117690 1324.9
1117700 1317.2
1117710 1311.5
1117720 1301.0
1117730 1301.0
1117740 1296.2
1117750 1290.9
1117760 1290.9
1117770 1288.4
1117780 1287.1
1117790 1287.1
1117800 1287.1
1117810 1292.1
1117820 1292.1
1117830 1292.9
1117840 1295.0
1117850 1295.0
1117860 1298.4
1117870 1297.6
1117880 1297.6
1117890 1298.1
1117900 1298.0
1117910 1298.0
1117920 1301.5
1117930 1310.1
1117940 1319.3
1117950 1319.3
1117960 1327.5
1117970 1335.2
1117980 1335.2
1117990 1344.8
1118000 1354.3
1118010 1354.3
1118020 1354.6
1118030 1347.9
1118040 1347.9
1118050 1349.6
1118060 1352.6
1118070 1339.7
1118080 1341.8
1118090 1342.9
1118100 1342.9
1118110 1340.8
1118120 1336.4
1118130 1336.4
1118140 1342.4
1118150 1345.4
1118160 1342.6
1118170 1342.6
1118180 1342.0
1118190 1338.8
1118200 1338.8
1118210 1333.4
1118220 1324.9
1118230 1324.9
1118240 1322.6
1118250 1322.6
1118260 1322.6
1118270 1321.8
1118280 1316.5
1118290 1316.5
1118300 1309.0
1118310 1301.0
1118320 1301.0
1118330 1295.3
1118340 1293.7
1118350 1293.5
1118360 1293.5
1118370 1294.5
1118380 1296.0
1118390 1296.0
1118400 1298.6
1118410 1296.7
1118420 1296.7
1118430 1299.1
1118440 1299.4
1118450 1299.4
1118460 1301.0
1118470 1303.1
1118480 1303.1
1118490 1305.3
1118500 1308.1
1118510 1308.1
1118520 1311.9
1118530 1315.0
1118540 1315.0
1118550 1318.7
1118560 1321.4
1118570 1324.1
1118580 1324.1
1118590 1326.0
1118600 1323.3
1118610 1323.3
1118620 1322.0
1118630 1321.5
1118640 1321.5
1118650 1324.3
1118660 1327.0
1118670 1327.0
1118680 1336.5
1118690 1343.5
1118700 1343.5
1118710 1348.9
1118720 1355.3
1118730 1355.3
1118740 1363.4
1118750 1365.6
1118760 1375.3
1118770 1374.3
1118780 1374.0
1118790 1389.2
1118800 1389.2
1118810 1397.6
1118820 1404.5
1118830 1404.5
1118840 1399.8
1118850 1394.7
1118860 1394.7
1118870 1393.0
1118880 1391.6
1118890 1391.6
1118900 1393.6
1118910 1396.6
1118920 1396.6
1118930 1403.2
1118940 1410.0
1118950 1410.0
1118960 1414.7
1118970 1421.9
1118980 1421.9
1118990 1427.2
1119000 1428.3
1119010 1436.3
1119020 1436.3
1119030 1448.6
1119040 1458.3
1119050 1458.3
1119060 1463.2
1119070 1466.6
1119080 1466.6
1119090 1470.2
1119100 1474.9
1119110 1480.8
1119120 1486.4
1119130 1492.0
1119140 1492.0
1119150 1495.2
1119160 1499.3
1119170 1499.3
1119180 1503.8
1119190 1507.3
1119200 1509.0
1119210 1509.0
1119220 1507.4
1119230 1500.7
1119240 1500.7
1119250 1492.7
1119260 1488.7
1119270 1488.7
1119280 1491.3
1119290 1500.7
1119300 1500.7
1119310 1513.7
1119320 1521.0
1119330 1521.0
1119340 1527.4
1119350 1531.5
1119360 1531.5
1119370 1535.3
1119380 1539.6
1119390 1539.6
1119400 1544.8
1119410 1551.8
1119420 1556.7
1119430 1556.7
1119440 1563.0
1119450 1574.1
1119460 1574.1
1119470 1580.9
1119480 1588.9
1119490 1588.9
1119500 1596.2
1119510 1603.5
1119520 1603.5
1119530 1609.2
1119540 1615.8
1119550 1615.8
1119560 1623.7
1119570 1631.3
1119580 1631.3
1119590 1638.3
1119600 1644.0
1119610 1644.0
1119620 1651.1
1119630 1657.7
1119640 1663.1
1119650 1663.1
1119660 1667.9
1119670 1673.4
1119680 1673.4
1119690 1679.5
1119700 1685.7
1119710 1685.7
1119720 1691.9
1119730 1697.1
1119740 1697.1
1119750 1701.2
1119760 1702.2
1119770 1702.2
1119780 1702.9
1119790 1705.1
1119800 1707.0
1119810 1708.4
1119820 1711.0
1119830 1711.0
1119840 1713.2
1119850 1714.8
1119860 1718.0
1119870 1718.0
1119880 1723.0
1119890 1724.1
1119900 1724.1
1119910 1724.2
1119920 1724.7
1119930 1724.7
1119940 1725.6
1119950 1726.9
1119960 1726.9
1119970 1728.0
1119980 1729.4
1119990 1729.4
