1100000 2346.3
1100010 2346.3
1100020 2344.2
1100030 2341.2
1100040 2341.2
1100050 2337.6
1100060 2333.9
1100070 2333.9
1100080 2331.0
1100090 2328.3
1100100 2328.3
1100110 2325.7
1100120 2323.5
1100130 2323.2
1100140 2323.2
1100150 2321.4
1100160 2316.7
1100170 2316.7
1100180 2312.0
1100190 2309.0
1100200 2308.3
1100210 2305.7
1100220 2301.3
1100230 2301.3
1100240 2297.1
1100250 2292.4
1100260 2292.4
1100270 2287.0
1100280 2279.7
1100290 2279.7
1100300 2269.3
1100310 2260.1
1100320 2260.1
1100330 2249.9
1100340 2250.1
1100350 2250.5
1100360 2250.5
1100370 2251.1
1100380 2248.8
1100390 2248.8
1100400 2244.1
1100410 2243.9
1100420 2243.9
1100430 2245.5
1100440 2245.2
1100450 2245.2
1100460 2243.9
1100470 2241.6
1100480 2241.6
1100490 2239.4
1100500 2231.9
1100510 2231.9
1100520 2221.7
1100530 2210.0
1100540 2210.0
1100550 2200.6
1100560 2199.6
1100570 2199.7
1100580 2199.7
1100590 2202.8
1100600 2207.5
1100610 2207.5
1100620 2212.9
1100630 2219.2
1100640 2219.2
1100650 2225.5
1100660 2231.7
1100670 2231.7
1100680 2233.9
1100690 2237.0
1100700 2237.0
1100710 2239.7
1100720 2240.8
1100730 2240.8
1100740 2240.5
1100750 2240.4
1100760 2240.4
1100770 2240.8
1100780 2241.1
1100790 2244.3
1100800 2244.3
1100810 2249.9
1100820 2247.8
1100830 2247.8
1100840 2239.2
1100850 2233.6
1100860 2232.7
1100870 2228.7
1100880 2224.0
1100890 2224.0
1100900 2219.8
1100910 2216.7
1100920 2216.7
1100930 2214.7
1100940 2210.0
1100950 2210.0
1100960 2204.5
1100970 2204.2
1100980 2204.2
1100990 2208.1
1101000 2210.0
1101010 2212.5
1101020 2212.5
1101030 2215.0
1101040 2217.2
1101050 2217.2
1101060 2219.2
1101070 2219.9
1101080 2219.9
1101090 2221.2
1101100 2223.0
1101110 2223.0
1101120 2228.5
1101130 2234.7
1101140 2234.7
1101150 2240.8
1101160 2247.0
1101170 2247.0
1101180 2252.9
1101190 2263.3
1101200 2263.3
1101210 2268.6
1101220 2277.1
1101230 2292.4
1101240 2292.4
1101250 2305.7
1101260 2320.8
1101270 2320.8
1101280 2327.4
1101290 2327.0
1101300 2327.0
1101310 2326.4
1101320 2325.9
1101330 2325.9
1101340 2323.1
1101350 2321.5
1101360 2321.5
1101370 2324.6
1101380 2325.7
1101390 2325.7
1101400 2326.5
1101410 2329.0
1101420 2336.3
1101430 2336.3
1101440 2340.0
1101450 2343.0
1101460 2343.0
1101470 2344.6
1101480 2347.2
1101490 2347.2
1101500 2351.0
1101510 2355.1
1101520 2356.9
1101530 2362.4
1101540 2369.0
1101550 2369.0
1101560 2375.5
1101570 2382.7
1101580 2382.7
1101590 2390.3
1101600 2397.7
1101610 2397.7
1101620 2414.1
1101630 2433.3
1101640 2446.9
1101650 2446.9
1101660 2456.4
1101670 2469.0
1101680 2469.0
1101690 2480.1
1101700 2478.5
1101710 2478.5
1101720 2469.4
1101730 2460.3
1101740 2460.3
1101750 2449.2
1101760 2439.2
1101770 2439.2
1101780 2429.7
1101790 2420.3
1101800 2420.3
1101810 2412.4
1101820 2404.4
1101830 2404.4
1101840 2395.1
1101850 2390.7
1101860 2383.4
1101870 2383.4
1101880 2370.7
1101890 2360.2
1101900 2360.2
1101910 2352.0
1101920 2343.1
1101930 2343.1
1101940 2335.3
1101950 2327.7
1101960 2327.7
1101970 2318.3
1101980 2308.5
1101990 2308.5
1102000 2301.1
1102010 2293.9
1102020 2293.9
1102030 2286.9
1102040 2280.5
1102050 2280.5
1102060 2274.3
1102070 2267.5
1102080 2261.0
1102090 2261.0
1102100 2254.8
1102110 2249.2
1102120 2249.2
1102130 2243.5
1102140 2238.5
1102150 2238.5
1102160 2233.5
1102170 2229.1
1102180 2228.7
1102190 2226.1
1102200 2221.6
1102210 2221.6
1102220 2218.7
1102230 2215.7
1102240 2215.7
1102250 2213.0
1102260 2210.3
1102270 2210.3
1102280 2207.9
1102290 2205.4
1102300 2202.7
1102310 2202.7
1102320 2201.0
1102330 2199.4
1102340 2199.4
1102350 2199.0
1102360 2197.7
1102370 2197.7
1102380 2195.8
1102390 2194.8
1102400 2194.8
1102410 2194.5
1102420 2193.9
1102430 2193.9
1102440 2193.9
1102450 2194.5
1102460 2194.5
1102470 2194.3
1102480 2195.9
1102490 2196.1
1102500 2196.1
1102510 2193.3
1102520 2193.9
1102530 2193.9
1102540 2194.2
1102550 2195.2
1102560 2195.2
1102570 2196.0
1102580 2194.6
1102590 2194.6
1102600 2193.2
1102610 2190.6
1102620 2190.6
1102630 2184.0
1102640 2176.7
1102650 2176.7
1102660 2172.2
1102670 2170.3
1102680 2170.3
1102690 2169.2
1102700 2167.8
1102710 2168.1
1102720 2168.1
1102730 2168.7
1102740 2168.0
1102750 2168.0
1102760 2166.7
1102770 2164.5
1102780 2164.5
1102790 2161.9
1102800 2162.6
1102810 2162.6
1102820 2162.0
1102830 2162.6
1102840 2160.9
1102850 2161.8
1102860 2162.5
1102870 2162.5
1102880 2163.0
1102890 2163.1
1102900 2163.1
1102910 2162.6
1102920 2161.9
1102930 2160.9
1102940 2160.9
1102950 2159.3
1102960 2156.7
1102970 2156.7
1102980 2154.7
1102990 2152.4
1103000 2152.4
1103010 2151.3
1103020 2151.3
1103030 2151.3
1103040 2148.1
1103050 2143.7
1103060 2143.7
1103070 2143.5
1103080 2142.9
1103090 2142.9
1103100 2142.2
1103110 2141.3
1103120 2141.3
1103130 2141.5
1103140 2142.5
1103150 2143.7
1103160 2143.7
1103170 2143.7
1103180 2144.3
1103190 2144.3
1103200 2144.3
1103210 2144.6
1103220 2144.6
1103230 2144.7
1103240 2144.9
1103250 2144.9
1103260 2146.1
1103270 2148.8
1103280 2148.8
1103290 2153.2
1103300 2156.4
1103310 2156.4
1103320 2159.0
1103330 2162.3
1103340 2162.3
1103350 2165.7
1103360 2170.0
1103370 2175.5
1103380 2175.5
1103390 2181.6
1103400 2188.1
1103410 2188.1
1103420 2195.6
1103430 2202.8
1103440 2202.8
1103450 2209.3
1103460 2214.1
1103470 2214.1
1103480 2219.9
1103490 2226.2
1103500 2226.2
1103510 2232.6
1103520 2240.2
1103530 2240.2
1103540 2247.7
1103550 2254.1
1103560 2258.3
1103570 2258.3
1103580 2256.8
1103590 2251.6
1103600 2251.6
1103610 2243.4
1103620 2233.8
1103630 2233.8
1103640 2224.3
1103650 2216.3
1103660 2216.3
1103670 2210.9
1103680 2205.6
1103690 2205.6
1103700 2204.9
1103710 2205.1
1103720 2205.1
1103730 2203.6
1103740 2199.8
1103750 2199.8
1103760 2191.8
1103770 2185.4
1103780 2183.2
1103790 2183.2
1103800 2180.9
1103810 2178.2
1103820 2178.2
1103830 2175.5
1103840 2192.2
1103850 2192.2
1103860 2191.6
1103870 2192.6
1103880 2192.6
1103890 2193.6
1103900 2192.8
1103910 2192.8
1103920 2191.0
1103930 2190.5
1103940 2190.5
1103950 2195.9
1103960 2199.9
1103970 2199.9
1103980 2203.1
1103990 2207.0
1104000 2209.5
1104010 2209.5
1104020 2211.4
1104030 2210.2
1104040 2210.2
1104050 2210.8
1104060 2212.9
1104070 2212.9
1104080 2216.1
1104090 2219.9
1104100 2219.9
1104110 2224.6
1104120 2231.0
1104130 2231.0
1104140 2237.4
1104150 2241.0
1104160 2241.0
1104170 2249.6
1104180 2247.9
1104190 2247.9
1104200 2242.0
1104210 2235.1
1104220 2227.7
1104230 2227.7
1104240 2225.7
1104250 2224.4
1104260 2224.4
1104270 2219.4
1104280 2214.1
1104290 2214.1
1104300 2209.4
1104310 2203.4
1104320 2203.4
1104330 2197.9
1104340 2196.6
1104350 2196.6
1104360 2193.6
1104370 2189.0
1104380 2189.0
1104390 2188.1
1104400 2190.0
1104410 2190.0
1104420 2192.6
1104430 2188.2
1104440 2180.8
1104450 2180.8
1104460 2171.3
1104470 2162.2
1104480 2162.2
1104490 2161.8
1104500 2165.9
1104510 2169.9
1104520 2168.2
1104530 2162.0
1104540 2162.0
1104550 2154.5
1104560 2144.3
1104570 2144.3
1104580 2125.3
1104590 2108.4
1104600 2108.4
1104610 2086.2
1104620 2066.6
1104630 2066.6
1104640 2052.9
1104650 2037.0
1104660 2018.5
1104670 2018.5
1104680 2006.5
1104690 1993.5
1104700 1993.5
1104710 1980.7
1104720 1975.0
1104730 1975.0
1104740 1974.1
1104750 1973.2
1104760 1973.2
1104770 1957.1
1104780 1940.4
1104790 1940.4
1104800 1932.8
1104810 1922.1
1104820 1922.1
1104830 1915.8
1104840 1904.3
1104850 1906.1
1104860 1906.1
1104870 1910.1
1104880 1908.2
1104890 1908.2
1104900 1897.9
1104910 1883.5
1104920 1883.5
1104930 1869.0
1104940 1860.2
1104950 1860.2
1104960 1853.6
1104970 1843.8
1104980 1843.8
1104990 1828.9
1105000 1812.4
1105010 1812.4
1105020 1797.1
1105030 1790.5
1105040 1790.5
1105050 1785.5
1105060 1780.5
1105070 1780.5
1105080 1780.5
1105090 1778.8
1105100 1774.4
1105110 1774.4
1105120 1769.6
1105130 1764.4
1105140 1764.4
1105150 1759.4
1105160 1749.2
1105170 1742.7
1105180 1732.6
1105190 1726.1
1105200 1726.1
1105210 1720.9
1105220 1715.9
1105230 1715.9
1105240 1711.3
1105250 1706.1
1105260 1706.1
1105270 1700.9
1105280 1696.0
1105290 1690.3
1105300 1690.3
1105310 1685.7
1105320 1681.2
1105330 1681.2
1105340 1676.8
1105350 1673.2
1105360 1673.2
1105370 1668.4
1105380 1664.6
1105390 1664.6
1105400 1660.6
1105410 1654.9
1105420 1654.9
1105430 1647.3
1105440 1641.3
1105450 1641.3
1105460 1635.9
1105470 1631.9
1105480 1631.9
1105490 1627.6
1105500 1624.3
1105510 1614.2
1105520 1614.2
1105530 1612.7
1105540 1612.5
1105550 1612.5
1105560 1612.3
1105570 1610.6
1105580 1610.6
1105590 1607.6
1105600 1603.7
1105610 1603.7
1105620 1599.6
1105630 1594.8
1105640 1594.8
1105650 1590.0
1105660 1586.8
1105670 1586.8
1105680 1585.1
1105690 1583.9
1105700 1583.9
1105710 1582.6
1105720 1580.7
1105730 1577.8
1105740 1577.8
1105750 1574.3
1105760 1570.0
1105770 1570.0
1105780 1565.2
1105790 1560.4
1105800 1560.4
1105810 1556.1
1105820 1552.4
1105830 1552.4
1105840 1542.1
1105850 1538.8
1105860 1538.8
1105870 1535.3
1105880 1529.6
1105890 1529.6
1105900 1523.5
1105910 1516.6
1105920 1509.0
1105930 1509.0
1105940 1503.4
1105950 1501.3
1105960 1501.3
1105970 1499.8
1105980 1498.5
1105990 1498.5
1106000 1496.7
1106010 1494.7
1106020 1494.7
1106030 1491.0
1106040 1485.7
1106050 1485.7
1106060 1481.8
1106070 1481.1
1106080 1481.1
1106090 1481.0
1106100 1478.4
1106110 1478.4
1106120 1476.1
1106130 1471.2
1106140 1464.0
1106150 1464.0
1106160 1456.9
1106170 1453.3
1106180 1446.1
1106190 1441.0
1106200 1436.1
1106210 1436.1
1106220 1434.4
1106230 1429.7
1106240 1429.7
1106250 1426.2
1106260 1427.5
1106270 1427.5
1106280 1426.2
1106290 1420.8
1106300 1420.8
1106310 1416.3
1106320 1413.2
1106330 1413.2
1106340 1409.7
1106350 1403.6
1106360 1397.1
1106370 1397.1
1106380 1398.5
1106390 1404.6
1106400 1404.6
1106410 1406.8
1106420 1406.3
1106430 1406.3
1106440 1405.8
1106450 1405.7
1106460 1405.7
1106470 1405.6
1106480 1404.9
1106490 1404.9
1106500 1401.3
1106510 1391.0
1106520 1391.0
1106530 1388.6
1106540 1385.7
1106550 1385.7
1106560 1381.7
1106570 1377.3
1106580 1372.4
1106590 1372.4
1106600 1366.1
1106610 1360.1
1106620 1360.1
1106630 1354.6
1106640 1349.2
1106650 1349.2
1106660 1344.2
1106670 1338.6
1106680 1338.6
1106690 1333.9
1106700 1330.1
1106710 1330.1
1106720 1328.0
1106730 1326.5
1106740 1326.5
1106750 1324.2
1106760 1324.9
1106770 1324.9
1106780 1327.9
1106790 1330.3
1106800 1331.6
1106810 1331.6
1106820 1332.0
1106830 1332.5
1106840 1332.5
1106850 1326.0
1106860 1323.9
1106870 1323.9
1106880 1321.4
1106890 1318.5
1106900 1318.5
1106910 1314.3
1106920 1308.8
1106930 1308.8
1106940 1303.0
1106950 1297.8
1106960 1297.8
1106970 1293.3
1106980 1289.6
1106990 1286.3
1107000 1286.3
1107010 1282.8
1107020 1279.4
1107030 1279.4
1107040 1274.2
1107050 1269.5
1107060 1269.5
1107070 1265.8
1107080 1261.1
1107090 1261.1
1107100 1256.6
1107110 1252.0
1107120 1252.0
1107130 1248.1
1107140 1244.1
1107150 1244.1
1107160 1241.4
1107170 1240.7
1107180 1233.7
1107190 1233.1
1107200 1229.9
1107210 1224.0
1107220 1224.0
1107230 1216.3
1107240 1208.5
1107250 1208.5
1107260 1202.4
1107270 1197.0
1107280 1197.0
1107290 1191.8
1107300 1187.1
1107310 1187.1
1107320 1181.8
1107330 1179.1
1107340 1179.1
1107350 1176.1
1107360 1172.5
1107370 1172.5
1107380 1168.2
1107390 1163.1
1107400 1163.1
1107410 1158.4
1107420 1152.9
1107430 1146.5
1107440 1146.5
1107450 1136.1
1107460 1121.7
1107470 1121.7
1107480 1110.3
1107490 1103.2
1107500 1103.2
1107510 1100.0
1107520 1100.3
1107530 1100.3
1107540 1099.4
1107550 1098.1
1107560 1098.1
1107570 1097.0
1107580 1096.6
1107590 1096.6
1107600 1095.7
1107610 1094.2
1107620 1094.2
1107630 1091.9
1107640 1089.5
1107650 1087.0
1107660 1087.0
1107670 1086.8
1107680 1085.2
1107690 1085.2
1107700 1082.8
1107710 1080.1
1107720 1080.1
1107730 1079.6
1107740 1078.7
1107750 1078.7
1107760 1071.7
1107770 1061.6
1107780 1061.6
1107790 1052.6
1107800 1046.3
1107810 1046.3
1107820 1040.7
1107830 1037.0
1107840 1037.0
1107850 1039.0
1107860 1041.5
1107870 1045.7
1107880 1045.7
1107890 1052.9
1107900 1061.2
1107910 1061.2
1107920 1067.9
1107930 1070.5
1107940 1070.5
1107950 1073.7
1107960 1079.6
1107970 1079.6
1107980 1085.0
1107990 1091.1
1108000 1091.1
1108010 1100.1
1108020 1106.2
1108030 1106.2
1108040 1112.3
1108050 1120.7
1108060 1129.9
1108070 1129.9
1108080 1134.4
1108090 1137.6
1108100 1137.6
1108110 1140.8
1108120 1144.2
1108130 1144.2
1108140 1147.7
1108150 1151.3
1108160 1151.3
1108170 1155.2
1108180 1159.3
1108190 1160.3
1108200 1164.8
1108210 1168.9
1108220 1168.9
1108230 1172.7
1108240 1177.0
1108250 1177.0
1108260 1181.0
1108270 1185.5
1108280 1189.8
1108290 1189.8
1108300 1194.4
1108310 1198.6
1108320 1198.6
1108330 1203.7
1108340 1209.0
1108350 1209.0
1108360 1214.2
1108370 1219.3
1108380 1219.3
1108390 1224.6
1108400 1229.7
1108410 1229.7
1108420 1234.9
1108430 1240.4
1108440 1240.4
1108450 1244.1
1108460 1246.5
1108470 1246.5
1108480 1251.7
1108490 1258.8
1108500 1264.8
1108510 1264.8
1108520 1271.0
1108530 1278.9
1108540 1278.9
1108550 1285.9
1108560 1292.6
1108570 1292.6
1108580 1299.8
1108590 1307.5
1108600 1307.5
1108610 1315.6
1108620 1325.2
1108630 1325.2
1108640 1338.5
1108650 1349.6
1108660 1349.6
1108670 1362.2
1108680 1375.0
1108690 1375.0
1108700 1384.8
1108710 1395.0
1108720 1406.2
1108730 1406.2
1108740 1413.4
1108750 1420.7
1108760 1420.7
1108770 1429.0
1108780 1437.7
1108790 1437.7
1108800 1446.9
1108810 1456.9
1108820 1456.9
1108830 1467.0
1108840 1475.3
1108850 1475.3
1108860 1481.5
1108870 1484.6
1108880 1484.6
1108890 1491.3
1108900 1500.2
1108910 1500.2
1108920 1509.4
1108930 1518.4
1108940 1527.4
1108950 1527.4
1108960 1532.4
1108970 1533.4
1108980 1533.4
1108990 1533.0
1109000 1531.2
1109010 1531.2
1109020 1528.1
1109030 1522.7
1109040 1522.7
1109050 1516.3
1109060 1509.8
1109070 1509.8
1109080 1502.6
1109090 1495.7
1109100 1495.7
1109110 1488.7
1109120 1481.8
1109130 1475.3
1109140 1475.3
1109150 1469.6
1109160 1464.0
1109170 1464.0
1109180 1458.6
1109190 1452.8
1109200 1457.7
1109210 1451.7
1109220 1444.8
1109230 1444.8
1109240 1437.3
1109250 1427.7
1109260 1427.7
1109270 1418.9
1109280 1412.4
1109290 1412.4
1109300 1407.1
1109310 1399.5
1109320 1399.5
1109330 1390.9
1109340 1382.1
1109350 1371.6
1109360 1371.6
1109370 1362.7
1109380 1355.3
1109390 1355.3
1109400 1348.0
1109410 1342.4
1109420 1342.4
1109430 1337.0
1109440 1330.9
1109450 1330.9
1109460 1324.1
1109470 1317.4
1109480 1317.4
1109490 1310.4
1109500 1304.5
1109510 1304.5
1109520 1302.6
1109530 1300.0
1109540 1301.1
1109550 1292.8
1109560 1285.4
1109570 1277.6
1109580 1277.6
1109590 1274.6
1109600 1271.4
1109610 1271.4
1109620 1274.6
1109630 1282.0
1109640 1282.0
1109650 1284.3
1109660 1288.9
1109670 1288.9
1109680 1295.0
1109690 1301.3
1109700 1301.3
1109710 1306.4
1109720 1310.6
1109730 1310.6
1109740 1313.6
1109750 1315.7
1109760 1315.7
1109770 1319.1
1109780 1322.7
1109790 1327.6
1109800 1327.6
1109810 1334.5
1109820 1340.1
1109830 1340.1
1109840 1343.6
1109850 1346.8
1109860 1346.8
1109870 1350.1
1109880 1353.4
1109890 1353.4
1109900 1356.6
1109910 1359.5
1109920 1359.5
1109930 1362.5
1109940 1364.3
1109950 1364.3
1109960 1365.1
1109970 1366.5
1109980 1366.5
1109990 1369.6
1110000 1371.6
1110010 1373.0
1110020 1373.0
1110030 1375.5
1110040 1379.4
1110050 1379.4
1110060 1383.2
1110070 1385.9
1110080 1385.9
1110090 1387.1
1110100 1387.4
1110110 1387.4
1110120 1386.8
1110130 1386.5
1110140 1386.5
1110150 1387.4
1110160 1389.4
1110170 1389.4
1110180 1393.4
1110190 1397.9
1110200 1401.9
1110210 1401.9
1110220 1403.4
1110230 1406.8
1110240 1406.8
1110250 1410.0
1110260 1413.0
1110270 1413.0
1110280 1415.6
1110290 1417.4
1110300 1417.4
1110310 1419.1
1110320 1420.6
1110330 1420.6
1110340 1420.8
1110350 1420.4
1110360 1420.4
1110370 1419.0
1110380 1417.4
1110390 1417.4
1110400 1417.2
1110410 1417.2
1110420 1417.2
1110430 1417.2
1110440 1416.9
1110450 1416.2
1110460 1416.2
1110470 1414.7
1110480 1413.6
1110490 1413.6
1110500 1411.8
1110510 1408.1
1110520 1408.1
1110530 1401.9
1110540 1392.4
1110550 1393.6
1110560 1383.3
1110570 1376.0
1110580 1376.0
1110590 1368.9
1110600 1361.0
1110610 1361.0
1110620 1353.7
1110630 1347.8
1110640 1343.3
1110650 1343.3
1110660 1340.1
1110670 1337.4
1110680 1337.4
1110690 1334.4
1110700 1330.7
1110710 1330.7
1110720 1325.6
1110730 1319.4
1110740 1319.4
1110750 1313.8
1110760 1309.6
1110770 1309.6
1110780 1306.1
1110790 1303.8
1110800 1303.8
1110810 1302.1
1110820 1299.4
1110830 1299.4
1110840 1296.3
1110850 1292.7
1110860 1289.3
1110870 1289.3
1110880 1286.0
1110890 1288.1
1110900 1288.1
1110910 1283.3
1110920 1279.1
1110930 1279.1
1110940 1274.9
1110950 1270.7
1110960 1270.7
1110970 1264.7
1110980 1260.6
1110990 1260.6
1111000 1259.0
1111010 1257.9
1111020 1257.9
1111030 1256.6
1111040 1254.0
1111050 1254.0
1111060 1251.0
1111070 1247.5
1111080 1243.7
1111090 1243.7
1111100 1239.5
1111110 1234.0
1111120 1234.0
1111130 1228.8
1111140 1223.7
1111150 1223.7
1111160 1218.2
1111170 1214.0
1111180 1214.0
1111190 1212.1
1111200 1210.1
1111210 1210.1
1111220 1208.9
1111230 1211.7
1111240 1211.7
1111250 1211.9
1111260 1210.8
1111270 1209.3
1111280 1209.3
1111290 1208.2
1111300 1205.5
1111310 1205.5
1111320 1203.2
1111330 1200.5
1111340 1200.5
1111350 1198.1
1111360 1195.9
1111370 1195.9
1111380 1193.1
1111390 1190.4
1111400 1190.4
1111410 1187.3
1111420 1184.7
1111430 1184.7
1111440 1182.0
1111450 1178.7
1111460 1178.7
1111470 1175.1
1111480 1172.8
1111490 1170.1
1111500 1170.1
1111510 1164.8
1111520 1157.8
1111530 1157.8
1111540 1151.4
1111550 1145.5
1111560 1145.5
1111570 1145.7
1111580 1141.5
1111590 1141.5
1111600 1136.7
1111610 1130.0
1111620 1130.0
1111630 1122.6
1111640 1114.8
1111650 1114.8
1111660 1108.9
1111670 1103.2
1111680 1103.2
1111690 1098.0
1111700 1094.5
1111710 1091.6
1111720 1091.6
1111730 1089.6
1111740 1088.2
1111750 1088.2
1111760 1086.4
1111770 1084.8
1111780 1084.8
1111790 1084.1
1111800 1083.6
1111810 1083.6
1111820 1082.5
1111830 1078.4
1111840 1078.4
1111850 1074.6
1111860 1073.4
1111870 1073.4
1111880 1070.3
1111890 1068.4
1111900 1068.4
1111910 1071.1
1111920 1069.6
1111930 1067.0
1111940 1067.0
1111950 1064.7
1111960 1061.7
1111970 1061.7
1111980 1057.1
1111990 1052.7
1112000 1052.7
1112010 1048.7
1112020 1041.3
1112030 1041.3
1112040 1034.0
1112050 1025.8
1112060 1025.8
1112070 1012.5
1112080 1002.4
1112090 1002.4
1112100 1000.3
1112110 999.2
1112120 999.2
1112130 994.3
1112140 990.8
1112150 990.6
1112160 990.6
1112170 990.6
1112180 986.9
1112190 986.9
1112200 981.6
1112210 977.6
1112220 977.6
1112230 972.9
1112240 965.6
1112250 968.6
1112260 961.1
1112270 952.4
1112280 952.4
1112290 945.0
1112300 938.9
1112310 938.9
1112320 930.9
1112330 921.6
1112340 913.0
1112350 913.0
1112360 904.2
1112370 894.6
1112380 894.6
1112390 884.4
1112400 879.0
1112410 879.0
1112420 878.3
1112430 878.5
1112440 878.5
1112450 879.0
1112460 879.0
1112470 879.0
1112480 879.4
1112490 879.7
1112500 879.7
1112510 879.4
1112520 878.7
1112530 878.7
1112540 878.8
1112550 879.7
1112560 881.1
1112570 881.1
1112580 884.0
1112590 881.2
1112600 881.2
1112610 882.7
1112620 883.2
1112630 883.2
1112640 883.1
1112650 884.0
1112660 884.0
1112670 884.8
1112680 886.0
1112690 886.0
1112700 887.7
1112710 890.1
1112720 890.1
1112730 891.3
1112740 891.7
1112750 891.7
1112760 892.4
1112770 893.5
1112780 894.7
1112790 894.7
1112800 895.4
1112810 895.5
1112820 895.5
1112830 895.4
1112840 895.0
1112850 895.0
1112860 894.9
1112870 895.1
1112880 895.1
1112890 895.1
1112900 895.3
1112910 895.3
1112920 895.9
1112930 895.4
1112940 895.4
1112950 896.0
1112960 896.6
1112970 896.6
1112980 897.0
1112990 898.6
1113000 898.6
1113010 898.6
1113020 898.1
1113030 899.7
1113040 899.7
1113050 900.7
1113060 902.0
1113070 902.0
1113080 902.6
1113090 904.4
1113100 904.4
1113110 905.0
1113120 905.0
1113130 905.0
1113140 905.4
1113150 905.6
1113160 905.6
1113170 906.0
1113180 906.5
1113190 906.5
1113200 907.4
1113210 908.3
1113220 909.1
1113230 909.1
1113240 910.0
1113250 910.4
1113260 910.4
1113270 908.5
1113280 908.9
1113290 908.9
1113300 909.5
1113310 909.6
1113320 909.6
1113330 909.7
1113340 910.6
1113350 910.6
1113360 911.6
1113370 912.0
1113380 912.0
1113390 912.7
1113400 913.7
1113410 914.3
1113420 914.3
1113430 914.8
1113440 915.3
1113450 915.3
1113460 915.4
1113470 915.6
1113480 915.6
1113490 915.8
1113500 916.7
1113510 916.7
1113520 916.5
1113530 916.3
1113540 916.3
1113550 916.1
1113560 916.5
1113570 916.5
1113580 916.9
1113590 917.2
1113600 917.2
1113610 917.4
1113620 916.3
1113630 916.4
1113640 916.4
1113650 916.6
1113660 916.7
1113670 916.7
1113680 916.9
1113690 917.0
1113700 917.0
1113710 917.2
1113720 917.2
1113730 917.2
1113740 917.0
1113750 916.8
1113760 916.8
1113770 917.0
1113780 919.0
1113790 919.0
1113800 921.4
1113810 924.8
1113820 924.8
1113830 931.4
1113840 938.2
1113850 945.8
1113860 945.8
1113870 953.9
1113880 968.5
1113890 968.5
1113900 976.4
1113910 984.2
1113920 984.2
1113930 991.5
1113940 999.3
1113950 999.3
1113960 1002.3
1113970 1012.0
1113980 1012.0
1113990 1021.7
1114000 1032.3
1114010 1032.3
1114020 1045.4
1114030 1054.8
1114040 1054.8
1114050 1055.8
1114060 1061.4
1114070 1072.9
1114080 1072.9
1114090 1079.8
1114100 1085.2
1114110 1085.2
1114120 1089.7
1114130 1093.2
1114140 1093.2
1114150 1097.4
1114160 1104.2
1114170 1104.2
1114180 1110.6
1114190 1117.1
1114200 1117.1
1114210 1122.9
1114220 1128.1
1114230 1128.1
1114240 1131.7
1114250 1135.0
1114260 1135.0
1114270 1138.4
1114280 1143.0
1114290 1149.6
1114300 1147.2
1114310 1154.6
1114320 1161.3
1114330 1161.3
1114340 1168.4
1114350 1176.3
1114360 1176.3
1114370 1184.7
1114380 1191.7
1114390 1191.7
1114400 1198.4
1114410 1205.2
1114420 1205.2
1114430 1213.2
1114440 1219.1
1114450 1219.1
1114460 1223.7
1114470 1229.0
1114480 1237.0
1114490 1237.0
1114500 1244.3
1114510 1252.6
1114520 1252.6
1114530 1262.5
1114540 1269.3
1114550 1269.3
1114560 1274.5
1114570 1280.3
1114580 1280.3
1114590 1283.6
1114600 1290.2
1114610 1290.2
1114620 1297.7
1114630 1305.3
1114640 1306.0
1114650 1315.4
1114660 1324.7
1114670 1324.7
1114680 1333.8
1114690 1341.3
1114700 1347.9
1114710 1347.9
1114720 1354.7
1114730 1361.8
1114740 1361.8
1114750 1370.1
1114760 1381.0
1114770 1381.0
1114780 1391.3
1114790 1392.7
1114800 1392.7
1114810 1393.8
1114820 1395.4
1114830 1395.4
1114840 1397.9
1114850 1400.7
1114860 1400.7
1114870 1405.5
1114880 1411.2
1114890 1411.2
1114900 1417.8
1114910 1431.9
1114920 1438.1
1114930 1438.1
1114940 1444.1
1114950 1449.1
1114960 1449.1
1114970 1456.5
1114980 1461.9
1114990 1461.9
1115000 1469.1
1115010 1475.5
1115020 1475.5
1115030 1481.1
1115040 1486.9
1115050 1486.9
1115060 1490.9
1115070 1495.4
1115080 1495.4
1115090 1500.5
1115100 1506.1
1115110 1506.1
1115120 1512.6
1115130 1521.7
1115140 1530.4
1115150 1530.4
1115160 1538.0
1115170 1541.2
1115180 1541.2
1115190 1546.1
1115200 1552.3
1115210 1552.3
1115220 1560.1
1115230 1568.9
1115240 1568.9
1115250 1575.7
1115260 1582.7
1115270 1582.7
1115280 1588.9
1115290 1594.4
1115300 1594.4
1115310 1597.1
1115320 1598.9
1115330 1596.9
1115340 1600.3
1115350 1604.4
1115360 1608.5
1115370 1608.5
1115380 1613.3
1115390 1617.3
1115400 1617.3
1115410 1623.6
1115420 1629.6
1115430 1629.6
1115440 1636.9
1115450 1644.2
1115460 1644.2
1115470 1653.6
1115480 1665.2
1115490 1665.2
1115500 1676.4
1115510 1687.0
1115520 1687.0
1115530 1693.1
1115540 1697.3
1115550 1698.6
1115560 1698.6
1115570 1698.7
1115580 1699.5
1115590 1699.5
1115600 1700.8
1115610 1703.5
1115620 1703.5
1115630 1708.7
1115640 1713.5
1115650 1713.5
1115660 1718.5
1115670 1720.7
1115680 1720.7
1115690 1725.2
1115700 1729.6
1115710 1729.6
1115720 1733.8
1115730 1737.1
1115740 1737.1
1115750 1741.1
1115760 1744.2
1115770 1747.8
1115780 1747.8
1115790 1752.3
1115800 1758.9
1115810 1758.9
1115820 1765.8
1115830 1776.4
1115840 1776.4
1115850 1788.6
1115860 1797.5
1115870 1797.5
1115880 1803.2
1115890 1808.9
1115900 1808.9
1115910 1815.7
1115920 1822.6
1115930 1822.6
1115940 1829.5
1115950 1835.8
1115960 1835.8
1115970 1842.6
1115980 1849.4
1115990 1856.1
1116000 1856.1
1116010 1858.2
1116020 1864.3
1116030 1864.3
1116040 1870.4
1116050 1881.1
1116060 1881.1
1116070 1894.8
1116080 1899.9
1116090 1899.9
1116100 1907.1
1116110 1913.5
1116120 1913.5
1116130 1919.0
1116140 1922.2
1116150 1922.2
1116160 1923.9
1116170 1925.6
1116180 1925.6
1116190 1928.1
1116200 1930.5
1116210 1932.7
1116220 1932.7
1116230 1936.1
1116240 1941.2
1116250 1941.2
1116260 1948.7
1116270 1959.3
1116280 1959.3
1116290 1973.7
1116300 1986.1
1116310 1986.1
1116320 1993.6
1116330 1995.0
1116340 1995.0
1116350 1990.7
1116360 1980.1
1116370 1980.1
1116380 1972.8
1116390 1967.3
1116400 1967.3
1116410 1959.8
1116420 1951.9
1116430 1949.5
1116440 1949.5
1116450 1948.2
1116460 1943.3
1116470 1943.3
1116480 1945.4
1116490 1952.0
1116500 1952.0
1116510 1958.4
1116520 1958.2
1116530 1958.2
1116540 1957.5
1116550 1962.2
1116560 1962.2
1116570 1972.8
1116580 1978.0
1116590 1978.0
1116600 1981.7
1116610 1987.0
1116620 1997.1
1116630 1997.1
1116640 2009.4
1116650 2017.6
1116660 2017.6
1116670 2022.6
1116680 2027.9
1116690 2027.9
1116700 2019.3
1116710 2017.9
1116720 2017.9
1116730 2016.2
1116740 2020.2
1116750 2020.2
1116760 2025.9
1116770 2030.8
1116780 2030.8
1116790 2035.8
1116800 2040.5
1116810 2040.5
1116820 2044.2
1116830 2045.9
1116840 2047.7
1116850 2047.7
1116860 2050.2
1116870 2052.9
1116880 2052.9
1116890 2055.4
1116900 2057.8
1116910 2057.8
1116920 2060.3
1116930 2062.7
1116940 2062.7
1116950 2064.6
1116960 2066.5
1116970 2066.5
1116980 2068.5
1116990 2069.8
1117000 2069.8
1117010 2070.2
1117020 2069.5
1117030 2069.5
1117040 2066.9
1117050 2058.0
1117060 2057.5
1117070 2057.5
1117080 2056.4
1117090 2054.5
1117100 2054.5
1117110 2053.8
1117120 2053.5
1117130 2053.5
1117140 2054.6
1117150 2057.9
1117160 2057.9
1117170 2058.5
1117180 2057.2
1117190 2057.2
1117200 2057.6
1117210 2057.7
1117220 2057.7
1117230 2060.1
1117240 2063.6
1117250 2063.6
1117260 2067.7
1117270 2073.6
1117280 2079.2
1117290 2079.2
1117300 2086.5
1117310 2094.1
1117320 2094.1
1117330 2100.6
1117340 2106.4
1117350 2106.4
1117360 2109.9
1117370 2109.7
1117380 2109.7
1117390 2107.1
1117400 2107.5
1117410 2107.5
1117420 2108.3
1117430 2109.7
1117440 2109.7
1117450 2110.7
1117460 2110.1
1117470 2108.5
1117480 2108.5
1117490 2106.5
1117500 2103.8
1117510 2103.8
1117520 2102.8
1117530 2102.6
1117540 2102.6
1117550 2104.2
1117560 2106.9
1117570 2106.9
1117580 2110.2
1117590 2112.9
1117600 2112.9
1117610 2114.5
1117620 2115.5
1117630 2115.5
1117640 2116.2
1117650 2115.9
1117660 2115.9
1117670 2113.9
1117680 2112.1
1117690 2109.6
1117700 2109.6
1117710 2107.9
1117720 2106.4
1117730 2106.4
1117740 2100.0
1117750 2100.6
1117760 2100.6
1117770 2101.8
1117780 2102.3
1117790 2102.3
1117800 2103.4
1117810 2103.8
1117820 2103.8
1117830 2103.1
1117840 2102.2
1117850 2102.2
1117860 2101.3
1117870 2100.9
1117880 2100.9
1117890 2101.7
1117900 2102.6
1117910 2103.3
1117920 2103.3
1117930 2103.3
1117940 2102.9
1117950 2102.9
1117960 2103.1
1117970 2104.5
1117980 2104.5
1117990 2104.2
1118000 2102.0
1118010 2102.0
1118020 2098.6
1118030 2092.9
1118040 2092.9
1118050 2088.9
1118060 2086.4
1118070 2086.4
1118080 2076.0
1118090 2074.0
1118100 2074.0
1118110 2072.9
1118120 2075.0
1118130 2080.0
1118140 2080.0
1118150 2087.8
1118160 2095.2
1118170 2095.2
1118180 2102.3
1118190 2105.6
1118200 2105.6
1118210 2106.3
1118220 2106.7
1118230 2106.7
1118240 2106.8
1118250 2106.8
1118260 2106.8
1118270 2106.9
1118280 2107.0
1118290 2107.0
1118300 2107.2
1118310 2107.5
1118320 2107.5
1118330 2107.4
1118340 2106.6
1118350 2105.5
1118360 2105.5
1118370 2103.4
1118380 2100.8
1118390 2100.8
1118400 2098.1
1118410 2094.7
1118420 2094.7
1118430 2088.7
1118440 2086.6
1118450 2086.6
1118460 2085.5
1118470 2085.0
1118480 2085.0
1118490 2084.6
1118500 2083.5
1118510 2083.5
1118520 2082.6
1118530 2081.4
1118540 2081.3
1118550 2081.3
1118560 2080.5
1118570 2079.8
1118580 2079.8
1118590 2078.2
1118600 2075.2
1118610 2075.2
1118620 2072.4
1118630 2070.3
1118640 2070.3
1118650 2068.8
1118660 2065.7
1118670 2065.7
1118680 2065.9
1118690 2061.2
1118700 2061.2
1118710 2054.4
1118720 2047.6
1118730 2047.6
1118740 2045.0
1118750 2046.1
1118760 2048.1
1118770 2043.6
1118780 2048.7
1118790 2051.8
1118800 2051.8
1118810 2051.4
1118820 2056.8
1118830 2056.8
1118840 2058.6
1118850 2057.5
1118860 2057.5
1118870 2062.0
1118880 2066.9
1118890 2066.9
1118900 2070.5
1118910 2074.0
1118920 2074.0
1118930 2077.5
1118940 2079.7
1118950 2079.7
1118960 2079.5
1118970 2078.2
1118980 2075.7
1118990 2075.7
1119000 2073.0
1119010 2070.6
1119020 2070.6
1119030 2068.3
1119040 2066.2
1119050 2066.2
1119060 2063.3
1119070 2060.0
1119080 2060.0
1119090 2057.1
1119100 2054.6
1119110 2054.6
1119120 2050.7
1119130 2048.3
1119140 2048.3
1119150 2045.6
1119160 2042.6
1119170 2042.6
1119180 2039.9
1119190 2037.0
1119200 2033.7
1119210 2033.7
1119220 2031.7
1119230 2030.8
1119240 2030.8
1119250 2029.6
1119260 2028.6
1119270 2028.6
1119280 2023.3
1119290 2015.2
1119300 2015.2
1119310 2008.2
1119320 2003.3
1119330 2003.3
1119340 2002.2
1119350 1998.7
1119360 1998.7
1119370 1994.7
1119380 1993.0
1119390 1987.1
1119400 1987.1
1119410 1983.0
1119420 1988.1
1119430 1988.1
1119440 1990.6
1119450 1990.1
1119460 1990.1
1119470 1978.0
1119480 1974.3
1119490 1974.3
1119500 1978.1
1119510 1980.1
1119520 1980.1
1119530 1979.6
1119540 1982.9
1119550 1982.9
1119560 1985.4
1119570 1982.0
1119580 1982.0
1119590 1975.5
1119600 1969.4
1119610 1963.2
1119620 1963.2
1119630 1957.6
1119640 1952.0
1119650 1952.0
1119660 1947.2
1119670 1944.2
1119680 1944.2
1119690 1940.5
1119700 1939.8
1119710 1939.8
1119720 1939.8
1119730 1937.5
1119740 1937.5
1119750 1928.9
1119760 1912.2
1119770 1912.2
1119780 1900.3
1119790 1897.7
1119800 1897.7
1119810 1894.4
1119820 1894.8
1119830 1891.8
1119840 1891.8
1119850 1891.9
1119860 1895.4
1119870 1895.4
1119880 1894.0
1119890 1891.7
1119900 1891.7
1119910 1898.1
1119920 1905.7
1119930 1905.7
1119940 1909.6
1119950 1908.9
1119960 1908.9
1119970 1908.2
1119980 1909.9
1119990 1909.9
