1100000 2194.3
1100010 2198.2
1100020 2198.2
1100030 2199.8
1100040 2199.6
1100050 2199.6
1100060 2197.4
1100070 2193.0
1100080 2188.8
1100090 2188.8
1100100 2185.5
1100110 2184.0
1100120 2184.0
1100130 2183.3
1100140 2183.9
1100150 2183.9
1100160 2185.1
1100170 2187.0
1100180 2187.0
1100190 2187.3
1100200 2182.1
1100210 2182.1
1100220 2175.3
1100230 2169.2
1100240 2169.2
1100250 2162.8
1100260 2155.8
1100270 2155.8
1100280 2148.8
1100290 2146.4
1100300 2145.1
1100310 2145.1
1100320 2139.9
1100330 2137.1
1100340 2137.1
1100350 2133.0
1100360 2130.2
1100370 2130.2
1100380 2126.4
1100390 2122.5
1100400 2122.5
1100410 2118.2
1100420 2114.2
1100430 2114.2
1100440 2111.4
1100450 2108.9
1100460 2108.9
1100470 2106.5
1100480 2104.2
1100490 2104.2
1100500 2102.1
1100510 2100.4
1100520 2097.2
1100530 2097.2
1100540 2094.3
1100550 2092.4
1100560 2092.4
1100570 2095.9
1100580 2101.9
1100590 2101.9
1100600 2107.2
1100610 2108.2
1100620 2108.2
1100630 2108.4
1100640 2108.3
1100650 2108.3
1100660 2114.0
1100670 2118.8
1100680 2118.8
1100690 2123.7
1100700 2126.3
1100710 2126.3
1100720 2127.8
1100730 2127.7
1100740 2128.7
1100750 2128.7
1100760 2132.1
1100770 2138.5
1100780 2138.5
1100790 2147.7
1100800 2150.0
1100810 2150.0
1100820 2149.9
1100830 2147.9
1100840 2147.9
1100850 2144.8
1100860 2143.2
1100870 2143.2
1100880 2142.3
1100890 2142.0
1100900 2142.0
1100910 2142.0
1100920 2142.6
1100930 2142.6
1100940 2141.5
1100950 2138.4
1100960 2136.3
1100970 2136.3
1100980 2134.7
1100990 2128.3
1101000 2128.3
1101010 2122.0
1101020 2116.1
1101030 2116.1
1101040 2117.6
1101050 2118.2
1101060 2118.2
1101070 2115.5
1101080 2113.1
1101090 2113.1
1101100 2108.3
1101110 2096.0
1101120 2096.0
1101130 2083.3
1101140 2079.4
1101150 2081.0
1101160 2081.0
1101170 2084.4
1101180 2087.2
1101190 2087.2
1101200 2091.5
1101210 2096.8
1101220 2096.8
1101230 2101.2
1101240 2106.9
1101250 2106.9
1101260 2113.6
1101270 2116.3
1101280 2116.3
1101290 2115.9
1101300 2112.7
1101310 2112.7
1101320 2110.6
1101330 2110.4
1101340 2110.4
1101350 2113.1
1101360 2117.2
1101370 2120.9
1101380 2120.9
1101390 2124.2
1101400 2127.2
1101410 2127.2
1101420 2131.6
1101430 2136.7
1101440 2136.7
1101450 2142.9
1101460 2149.1
1101470 2149.1
1101480 2154.4
1101490 2158.2
1101500 2158.2
1101510 2161.5
1101520 2163.3
1101530 2163.3
1101540 2164.5
1101550 2167.2
1101560 2167.2
1101570 2170.8
1101580 2174.4
1101590 2178.6
1101600 2178.6
1101610 2183.3
1101620 2186.9
1101630 2186.9
1101640 2188.7
1101650 2200.8
1101660 2200.8
1101670 2209.7
1101680 2217.4
1101690 2217.4
1101700 2221.3
1101710 2226.3
1101720 2226.3
1101730 2233.8
1101740 2238.5
1101750 2238.5
1101760 2244.4
1101770 2253.3
1101780 2253.3
1101790 2256.2
1101800 2258.0
1101810 2260.8
1101820 2260.8
1101830 2266.9
1101840 2273.1
1101850 2273.1
1101860 2279.1
1101870 2284.9
1101880 2284.9
1101890 2291.2
1101900 2299.1
1101910 2299.1
1101920 2306.8
1101930 2314.9
1101940 2314.9
1101950 2323.0
1101960 2329.7
1101970 2329.7
1101980 2342.4
1101990 2349.1
1102000 2349.1
1102010 2355.5
1102020 2360.1
1102030 2362.5
1102040 2362.5
1102050 2366.1
1102060 2369.5
1102070 2369.5
1102080 2368.7
1102090 2364.7
1102100 2364.7
1102110 2358.7
1102120 2346.1
1102130 2346.1
1102140 2339.6
1102150 2331.3
1102160 2331.3
1102170 2319.8
1102180 2309.2
1102190 2309.2
1102200 2302.1
1102210 2295.8
1102220 2295.8
1102230 2289.5
1102240 2283.2
1102250 2277.0
1102260 2277.0
1102270 2271.2
1102280 2265.5
1102290 2265.5
1102300 2260.0
1102310 2253.8
1102320 2253.8
1102330 2248.7
1102340 2244.2
1102350 2244.2
1102360 2240.1
1102370 2236.3
1102380 2236.3
1102390 2232.9
1102400 2230.1
1102410 2230.1
1102420 2226.8
1102430 2223.7
1102440 2223.7
1102450 2220.4
1102460 2216.5
1102470 2212.1
1102480 2212.1
1102490 2207.5
1102500 2203.2
1102510 2203.2
1102520 2199.4
1102530 2196.2
1102540 2196.2
1102550 2193.1
1102560 2190.3
1102570 2190.3
1102580 2188.1
1102590 2185.9
1102600 2185.9
1102610 2183.5
1102620 2181.7
1102630 2181.7
1102640 2184.4
1102650 2183.6
1102660 2182.8
1102670 2182.8
1102680 2182.0
1102690 2180.4
1102700 2180.4
1102710 2177.5
1102720 2174.3
1102730 2174.3
1102740 2170.4
1102750 2168.0
1102760 2168.0
1102770 2167.0
1102780 2165.0
1102790 2165.0
1102800 2160.8
1102810 2155.4
1102820 2155.4
1102830 2153.7
1102840 2151.9
1102850 2151.9
1102860 2149.4
1102870 2148.7
1102880 2147.5
1102890 2147.5
1102900 2144.8
1102910 2142.1
1102920 2142.1
1102930 2140.7
1102940 2138.7
1102950 2138.7
1102960 2137.3
1102970 2136.0
1102980 2143.2
1102990 2141.7
1103000 2139.3
1103010 2139.3
1103020 2136.6
1103030 2136.4
1103040 2136.4
1103050 2137.9
1103060 2141.1
1103070 2141.1
1103080 2145.4
1103090 2148.0
1103100 2147.7
1103110 2147.7
1103120 2148.2
1103130 2147.6
1103140 2147.6
1103150 2146.6
1103160 2145.2
1103170 2145.2
1103180 2145.1
1103190 2144.0
1103200 2144.0
1103210 2142.2
1103220 2138.8
1103230 2138.8
1103240 2134.7
1103250 2131.9
1103260 2131.9
1103270 2131.7
1103280 2125.3
1103290 2125.3
1103300 2119.7
1103310 2125.7
1103320 2122.9
1103330 2122.9
1103340 2118.5
1103350 2112.6
1103360 2112.6
1103370 2106.5
1103380 2100.8
1103390 2100.8
1103400 2095.9
1103410 2091.2
1103420 2091.2
1103430 2085.2
1103440 2078.0
1103450 2078.0
1103460 2066.7
1103470 2059.5
1103480 2059.5
1103490 2053.1
1103500 2046.7
1103510 2046.7
1103520 2040.0
1103530 2034.8
1103540 2030.3
1103550 2030.3
1103560 2025.1
1103570 2021.4
1103580 2021.4
1103590 2020.0
1103600 2018.1
1103610 2018.1
1103620 2015.7
1103630 2013.5
1103640 2020.0
1103650 2017.8
1103660 2015.3
1103670 2015.3
1103680 2012.2
1103690 2009.8
1103700 2009.8
1103710 2008.0
1103720 2005.9
1103730 2005.9
1103740 2003.2
1103750 2000.2
1103760 1997.6
1103770 1997.6
1103780 1994.3
1103790 1990.5
1103800 1990.5
1103810 1986.6
1103820 1983.1
1103830 1983.1
1103840 1980.0
1103850 1975.8
1103860 1975.8
1103870 1970.6
1103880 1966.2
1103890 1966.2
1103900 1962.6
1103910 1958.1
1103920 1958.1
1103930 1954.5
1103940 1951.5
1103950 1947.7
1103960 1947.7
1103970 1948.5
1103980 1945.9
1103990 1945.9
1104000 1944.1
1104010 1941.4
1104020 1941.4
1104030 1938.1
1104040 1935.1
1104050 1935.1
1104060 1933.5
1104070 1932.3
1104080 1932.3
1104090 1930.3
1104100 1926.5
1104110 1926.5
1104120 1923.7
1104130 1920.3
1104140 1920.3
1104150 1915.8
1104160 1910.9
1104170 1906.6
1104180 1906.6
1104190 1902.2
1104200 1897.7
1104210 1897.7
1104220 1894.1
1104230 1890.2
1104240 1890.2
1104250 1887.0
1104260 1884.8
1104270 1884.8
1104280 1882.5
1104290 1880.2
1104300 1880.2
1104310 1883.1
1104320 1881.4
1104330 1881.4
1104340 1880.0
1104350 1878.1
1104360 1878.1
1104370 1875.4
1104380 1873.7
1104390 1872.4
1104400 1872.4
1104410 1870.9
1104420 1868.7
1104430 1868.7
1104440 1866.6
1104450 1865.2
1104460 1865.2
1104470 1862.8
1104480 1859.4
1104490 1859.4
1104500 1857.3
1104510 1856.6
1104520 1856.6
1104530 1854.6
1104540 1853.7
1104550 1853.7
1104560 1852.3
1104570 1849.8
1104580 1849.8
1104590 1848.1
1104600 1846.2
1104610 1844.4
1104620 1844.4
1104630 1842.5
1104640 1849.4
1104650 1849.4
1104660 1848.0
1104670 1846.7
1104680 1846.7
1104690 1845.4
1104700 1844.2
1104710 1844.2
1104720 1841.9
1104730 1839.6
1104740 1839.6
1104750 1837.9
1104760 1837.0
1104770 1837.0
1104780 1836.1
1104790 1835.1
1104800 1835.1
1104810 1834.0
1104820 1832.3
1104830 1829.8
1104840 1829.8
1104850 1826.9
1104860 1823.9
1104870 1823.9
1104880 1822.7
1104890 1821.8
1104900 1821.8
1104910 1819.8
1104920 1816.6
1104930 1816.6
1104940 1815.7
1104950 1814.6
1104960 1814.6
1104970 1816.4
1104980 1816.2
1104990 1816.2
1105000 1815.9
1105010 1814.2
1105020 1814.2
1105030 1808.9
1105040 1802.5
1105050 1796.4
1105060 1796.4
1105070 1789.4
1105080 1783.4
1105090 1783.4
1105100 1777.8
1105110 1773.3
1105120 1773.3
1105130 1769.6
1105140 1767.4
1105150 1767.4
1105160 1766.0
1105170 1763.8
1105180 1763.8
1105190 1760.2
1105200 1754.6
1105210 1754.6
1105220 1747.7
1105230 1741.3
1105240 1735.1
1105250 1735.1
1105260 1730.3
1105270 1728.2
1105280 1728.2
1105290 1725.9
1105300 1724.1
1105310 1728.4
1105320 1727.3
1105330 1725.7
1105340 1725.7
1105350 1724.1
1105360 1722.7
1105370 1722.7
1105380 1721.1
1105390 1720.2
1105400 1720.2
1105410 1719.4
1105420 1718.9
1105430 1718.9
1105440 1719.2
1105450 1719.8
1105460 1720.8
1105470 1720.8
1105480 1722.1
1105490 1722.3
1105500 1722.3
1105510 1720.8
1105520 1720.6
1105530 1720.6
1105540 1722.0
1105550 1724.4
1105560 1724.4
1105570 1726.9
1105580 1729.2
1105590 1729.2
1105600 1732.0
1105610 1734.2
1105620 1734.2
1105630 1736.5
1105640 1741.3
1105650 1741.3
1105660 1737.5
1105670 1734.3
1105680 1731.4
1105690 1731.4
1105700 1728.5
1105710 1725.6
1105720 1725.6
1105730 1723.9
1105740 1724.1
1105750 1724.1
1105760 1724.7
1105770 1725.7
1105780 1725.7
1105790 1726.8
1105800 1726.6
1105810 1726.6
1105820 1724.7
1105830 1722.7
1105840 1722.7
1105850 1718.4
1105860 1713.3
1105870 1713.3
1105880 1708.6
1105890 1702.5
1105900 1698.8
1105910 1698.8
1105920 1699.0
1105930 1697.1
1105940 1697.1
1105950 1692.8
1105960 1687.7
1105970 1687.7
1105980 1685.9
1105990 1680.6
1106000 1680.6
1106010 1676.0
1106020 1673.2
1106030 1673.2
1106040 1670.7
1106050 1666.6
1106060 1666.6
1106070 1662.1
1106080 1658.5
1106090 1658.5
1106100 1655.7
1106110 1654.5
1106120 1651.8
1106130 1651.8
1106140 1648.9
1106150 1646.4
1106160 1646.4
1106170 1643.7
1106180 1642.0
1106190 1642.0
1106200 1639.8
1106210 1638.0
1106220 1638.0
1106230 1636.4
1106240 1634.4
1106250 1634.4
1106260 1632.4
1106270 1629.7
1106280 1629.7
1106290 1626.3
1106300 1622.3
1106310 1626.4
1106320 1621.3
1106330 1615.6
1106340 1610.7
1106350 1610.7
1106360 1606.2
1106370 1601.2
1106380 1601.2
1106390 1595.7
1106400 1591.7
1106410 1591.7
1106420 1587.4
1106430 1583.6
1106440 1583.6
1106450 1579.8
1106460 1575.0
1106470 1575.0
1106480 1570.4
1106490 1566.4
1106500 1566.4
1106510 1561.0
1106520 1555.8
1106530 1550.9
1106540 1550.9
1106550 1546.4
1106560 1542.8
1106570 1542.8
1106580 1540.7
1106590 1538.4
1106600 1538.4
1106610 1535.6
1106620 1532.5
1106630 1532.5
1106640 1528.9
1106650 1530.3
1106660 1530.3
1106670 1526.5
1106680 1522.2
1106690 1522.2
1106700 1518.0
1106710 1513.1
1106720 1513.1
1106730 1507.7
1106740 1502.1
1106750 1496.8
1106760 1496.8
1106770 1491.0
1106780 1485.2
1106790 1485.2
1106800 1480.1
1106810 1473.7
1106820 1473.7
1106830 1465.3
1106840 1456.4
1106850 1456.4
1106860 1445.8
1106870 1435.3
1106880 1435.3
1106890 1427.6
1106900 1416.4
1106910 1416.4
1106920 1399.1
1106930 1383.2
1106940 1383.2
1106950 1374.6
1106960 1368.2
1106970 1361.7
1106980 1355.1
1106990 1348.6
1107000 1342.9
1107010 1342.9
1107020 1338.7
1107030 1331.9
1107040 1331.9
1107050 1315.7
1107060 1301.7
1107070 1301.7
1107080 1294.1
1107090 1286.4
1107100 1286.4
1107110 1278.3
1107120 1269.6
1107130 1269.6
1107140 1259.1
1107150 1247.2
1107160 1247.2
1107170 1235.2
1107180 1224.9
1107190 1217.8
1107200 1217.8
1107210 1209.9
1107220 1202.0
1107230 1202.0
1107240 1194.0
1107250 1186.2
1107260 1186.2
1107270 1178.6
1107280 1170.7
1107290 1170.7
1107300 1162.5
1107310 1155.2
1107320 1156.9
1107330 1150.2
1107340 1143.3
1107350 1143.3
1107360 1136.5
1107370 1130.0
1107380 1130.0
1107390 1123.9
1107400 1117.7
1107410 1110.5
1107420 1110.5
1107430 1104.5
1107440 1099.9
1107450 1099.9
1107460 1089.7
1107470 1073.5
1107480 1073.5
1107490 1063.5
1107500 1053.7
1107510 1053.7
1107520 1045.5
1107530 1040.2
1107540 1040.2
1107550 1035.1
1107560 1029.9
1107570 1029.9
1107580 1024.4
1107590 1019.0
1107600 1019.0
1107610 1014.1
1107620 1010.0
1107630 1008.5
1107640 1008.5
1107650 1008.6
1107660 1007.8
1107670 1007.8
1107680 1005.3
1107690 1001.8
1107700 1001.8
1107710 999.2
1107720 998.8
1107730 998.8
1107740 998.8
1107750 998.7
1107760 998.7
1107770 998.7
1107780 998.9
1107790 998.9
1107800 996.9
1107810 994.0
1107820 991.6
1107830 991.6
1107840 991.4
1107850 991.1
1107860 991.1
1107870 990.7
1107880 989.9
1107890 989.9
1107900 988.7
1107910 986.0
1107920 986.0
1107930 985.4
1107940 984.1
1107950 984.1
1107960 981.2
1107970 973.9
1107980 973.9
1107990 969.8
1108000 966.1
1108010 966.1
1108020 963.1
1108030 959.9
1108040 964.1
1108050 964.1
1108060 982.7
1108070 996.1
1108080 996.1
1108090 1006.9
1108100 1017.5
1108110 1017.5
1108120 1031.9
1108130 1046.1
1108140 1046.1
1108150 1052.2
1108160 1060.0
1108170 1060.0
1108180 1065.5
1108190 1067.2
1108200 1067.2
1108210 1067.7
1108220 1067.7
1108230 1067.7
1108240 1068.1
1108250 1068.6
1108260 1069.5
1108270 1069.5
1108280 1070.8
1108290 1072.2
1108300 1072.2
1108310 1073.4
1108320 1075.6
1108330 1078.8
1108340 1080.8
1108350 1082.2
1108360 1082.2
1108370 1083.9
1108380 1085.7
1108390 1085.7
1108400 1087.2
1108410 1092.1
1108420 1092.1
1108430 1097.9
1108440 1103.7
1108450 1103.7
1108460 1108.8
1108470 1113.9
1108480 1117.4
1108490 1117.4
1108500 1119.2
1108510 1119.2
1108520 1119.2
1108530 1118.8
1108540 1117.8
1108550 1117.8
1108560 1118.0
1108570 1122.1
1108580 1122.1
1108590 1126.8
1108600 1131.8
1108610 1131.8
1108620 1136.9
1108630 1142.0
1108640 1142.0
1108650 1145.6
1108660 1152.3
1108670 1152.3
1108680 1146.4
1108690 1147.5
1108700 1150.9
1108710 1150.9
1108720 1153.0
1108730 1153.3
1108740 1153.3
1108750 1152.3
1108760 1148.8
1108770 1148.8
1108780 1149.2
1108790 1153.5
1108800 1153.5
1108810 1156.7
1108820 1158.0
1108830 1158.0
1108840 1160.9
1108850 1162.2
1108860 1162.2
1108870 1163.7
1108880 1164.7
1108890 1164.7
1108900 1166.1
1108910 1168.2
1108920 1169.7
1108930 1169.7
1108940 1169.4
1108950 1169.2
1108960 1169.2
1108970 1170.2
1108980 1171.6
1108990 1171.6
1109000 1188.3
1109010 1187.0
1109020 1187.0
1109030 1184.1
1109040 1184.2
1109050 1184.2
1109060 1184.2
1109070 1182.8
1109080 1182.8
1109090 1183.7
1109100 1185.4
1109110 1186.6
1109120 1186.6
1109130 1187.8
1109140 1189.0
1109150 1189.0
1109160 1191.6
1109170 1193.3
1109180 1193.3
1109190 1195.1
1109200 1197.9
1109210 1197.9
1109220 1200.4
1109230 1203.9
1109240 1203.9
1109250 1208.1
1109260 1214.4
1109270 1214.4
1109280 1226.7
1109290 1229.8
1109300 1229.8
1109310 1226.6
1109320 1226.2
1109330 1228.0
1109340 1236.7
1109350 1233.8
1109360 1230.1
1109370 1230.1
1109380 1224.9
1109390 1216.9
1109400 1216.9
1109410 1205.6
1109420 1195.3
1109430 1195.3
1109440 1181.9
1109450 1170.9
1109460 1170.9
1109470 1160.7
1109480 1146.8
1109490 1146.8
1109500 1135.4
1109510 1120.6
1109520 1120.6
1109530 1105.4
1109540 1092.4
1109550 1086.8
1109560 1086.8
1109570 1088.7
1109580 1087.5
1109590 1087.5
1109600 1088.7
1109610 1092.4
1109620 1092.4
1109630 1097.1
1109640 1104.8
1109650 1104.8
1109660 1114.3
1109670 1122.7
1109680 1131.3
1109690 1139.5
1109700 1150.5
1109710 1150.5
1109720 1155.6
1109730 1160.5
1109740 1160.5
1109750 1166.2
1109760 1169.1
1109770 1170.9
1109780 1170.9
1109790 1170.3
1109800 1170.2
1109810 1170.2
1109820 1169.5
1109830 1169.7
1109840 1169.7
1109850 1169.0
1109860 1166.7
1109870 1166.7
1109880 1166.8
1109890 1167.5
1109900 1167.5
1109910 1166.3
1109920 1161.9
1109930 1161.9
1109940 1156.2
1109950 1149.2
1109960 1149.2
1109970 1148.9
1109980 1149.3
1109990 1154.0
1110000 1154.0
1110010 1165.0
1110020 1165.1
1110030 1165.1
1110040 1164.2
1110050 1164.5
1110060 1164.5
1110070 1166.4
1110080 1168.4
1110090 1168.4
1110100 1168.7
1110110 1170.0
1110120 1170.0
1110130 1170.4
1110140 1167.5
1110150 1167.5
1110160 1164.0
1110170 1168.2
1110180 1168.2
1110190 1167.1
1110200 1166.1
1110210 1171.3
1110220 1171.3
1110230 1169.6
1110240 1160.9
1110250 1160.9
1110260 1158.7
1110270 1179.4
1110280 1179.4
1110290 1205.4
1110300 1211.3
1110310 1211.3
1110320 1207.1
1110330 1202.7
1110340 1202.7
1110350 1206.6
1110360 1201.7
1110370 1201.7
1110380 1199.0
1110390 1197.0
1110400 1195.6
1110410 1195.6
1110420 1195.4
1110430 1194.5
1110440 1194.5
1110450 1192.6
1110460 1190.4
1110470 1190.4
1110480 1188.6
1110490 1186.0
1110500 1186.0
1110510 1183.2
1110520 1180.1
1110530 1180.1
1110540 1175.6
1110550 1171.4
1110560 1171.4
1110570 1167.2
1110580 1162.9
1110590 1162.9
1110600 1152.9
1110610 1140.8
1110620 1130.3
1110630 1130.3
1110640 1123.5
1110650 1105.5
1110660 1105.5
1110670 1094.6
1110680 1077.1
1110690 1101.1
1110700 1080.7
1110710 1075.3
1110720 1075.3
1110730 1072.9
1110740 1069.4
1110750 1069.4
1110760 1067.3
1110770 1059.4
1110780 1059.4
1110790 1048.3
1110800 1039.6
1110810 1039.6
1110820 1033.5
1110830 1029.0
1110840 1025.4
1110850 1025.4
1110860 1021.1
1110870 1017.8
1110880 1017.8
1110890 1015.0
1110900 1015.1
1110910 1015.1
1110920 1015.7
1110930 1017.6
1110940 1017.6
1110950 1022.2
1110960 1024.7
1110970 1024.7
1110980 1025.1
1110990 1026.3
1111000 1026.3
1111010 1025.6
1111020 1021.2
1111030 1026.4
1111040 1023.6
1111050 1023.3
1111060 1020.6
1111070 1020.6
1111080 1017.6
1111090 1018.0
1111100 1018.0
1111110 1018.7
1111120 1017.8
1111130 1017.8
1111140 1015.5
1111150 1014.0
1111160 1014.0
1111170 1013.1
1111180 1012.8
1111190 1012.8
1111200 1012.6
1111210 1010.7
1111220 1010.7
1111230 1008.3
1111240 1007.1
1111250 1007.1
1111260 1006.9
1111270 1005.4
1111280 1002.0
1111290 1002.0
1111300 996.5
1111310 991.0
1111320 991.0
1111330 986.2
1111340 982.7
1111350 982.7
1111360 978.8
1111370 980.3
1111380 980.3
1111390 978.1
1111400 976.7
1111410 976.7
1111420 977.2
1111430 977.6
1111440 977.6
1111450 976.2
1111460 973.2
1111470 973.2
1111480 967.7
1111490 964.5
1111500 960.5
1111510 960.5
1111520 955.2
1111530 950.5
1111540 950.5
1111550 945.9
1111560 941.3
1111570 941.3
1111580 938.6
1111590 938.0
1111600 938.0
1111610 938.0
1111620 937.3
1111630 937.3
1111640 935.6
1111650 934.2
1111660 934.2
1111670 933.3
1111680 930.6
1111690 912.0
1111700 912.0
1111710 898.3
1111720 889.7
1111730 889.7
1111740 882.4
1111750 875.3
1111760 875.3
1111770 867.9
1111780 862.7
1111790 862.7
1111800 861.5
1111810 865.8
1111820 865.8
1111830 868.3
1111840 868.5
1111850 868.5
1111860 868.7
1111870 869.0
1111880 869.0
1111890 869.3
1111900 869.5
1111910 869.7
1111920 869.7
1111930 869.5
1111940 869.2
1111950 869.2
1111960 869.9
1111970 871.2
1111980 871.2
1111990 872.7
1112000 874.1
1112010 874.1
1112020 875.2
1112030 876.0
1112040 876.0
1112050 874.9
1112060 875.2
1112070 875.2
1112080 874.8
1112090 875.2
1112100 875.2
1112110 874.5
1112120 875.5
1112130 879.1
1112140 879.1
1112150 881.9
1112160 886.2
1112170 886.2
1112180 889.9
1112190 891.4
1112200 891.4
1112210 892.7
1112220 893.9
1112230 893.9
1112240 895.0
1112250 896.4
1112260 896.4
1112270 897.6
1112280 898.6
1112290 898.6
1112300 900.0
1112310 901.5
1112320 901.5
1112330 902.5
1112340 904.0
1112350 905.5
1112360 905.5
1112370 906.8
1112380 909.0
1112390 908.1
1112400 909.9
1112410 911.5
1112420 911.5
1112430 912.4
1112440 913.9
1112450 913.9
1112460 915.9
1112470 916.6
1112480 916.6
1112490 917.4
1112500 918.6
1112510 918.6
1112520 920.2
1112530 921.5
1112540 921.5
1112550 922.6
1112560 923.8
1112570 925.3
1112580 925.3
1112590 926.7
1112600 928.2
1112610 928.2
1112620 929.5
1112630 930.7
1112640 930.7
1112650 931.4
1112660 931.0
1112670 931.0
1112680 930.6
1112690 930.0
1112700 930.0
1112710 930.9
1112720 935.0
1112730 936.7
1112740 938.0
1112750 939.1
1112760 939.1
1112770 940.5
1112780 941.7
1112790 942.8
1112800 942.8
1112810 944.7
1112820 946.0
1112830 946.0
1112840 947.5
1112850 949.3
1112860 949.3
1112870 951.1
1112880 953.2
1112890 953.2
1112900 955.3
1112910 956.9
1112920 956.9
1112930 958.5
1112940 960.0
1112950 960.0
1112960 962.3
1112970 964.4
1112980 966.7
1112990 966.7
1113000 969.7
1113010 971.3
1113020 971.3
1113030 972.2
1113040 972.9
1113050 972.9
1113060 972.8
1113070 970.2
1113080 970.2
1113090 970.0
1113100 970.0
1113110 970.0
1113120 970.1
1113130 970.1
1113140 970.1
1113150 970.4
1113160 970.4
1113170 970.4
1113180 970.3
1113190 971.3
1113200 974.9
1113210 974.9
1113220 979.4
1113230 984.6
1113240 984.6
1113250 989.8
1113260 994.7
1113270 994.7
1113280 998.9
1113290 1001.8
1113300 1001.8
1113310 1003.7
1113320 1005.0
1113330 1005.0
1113340 1005.5
1113350 1006.2
1113360 1006.2
1113370 1010.2
1113380 1014.6
1113390 1014.6
1113400 1017.4
1113410 1013.2
1113420 1017.4
1113430 1017.4
1113440 1021.5
1113450 1025.7
1113460 1025.7
1113470 1031.6
1113480 1037.7
1113490 1037.7
1113500 1042.7
1113510 1046.2
1113520 1046.2
1113530 1049.3
1113540 1052.3
1113550 1052.3
1113560 1055.0
1113570 1057.3
1113580 1057.3
1113590 1059.7
1113600 1062.4
1113610 1062.4
1113620 1065.7
1113630 1067.7
1113640 1067.9
1113650 1067.9
1113660 1068.1
1113670 1070.4
1113680 1070.4
1113690 1073.2
1113700 1075.3
1113710 1075.3
1113720 1073.8
1113730 1057.1
1113740 1057.1
1113750 1058.3
1113760 1068.2
1113770 1068.2
1113780 1075.9
1113790 1080.4
1113800 1080.4
1113810 1088.1
1113820 1093.9
1113830 1093.9
1113840 1104.0
1113850 1123.1
1113860 1131.9
1113870 1131.9
1113880 1135.2
1113890 1136.5
1113900 1136.5
1113910 1140.2
1113920 1142.4
1113930 1142.4
1113940 1144.4
1113950 1152.9
1113960 1152.9
1113970 1163.9
1113980 1171.8
1113990 1171.8
1114000 1176.2
1114010 1181.0
1114020 1181.0
1114030 1184.7
1114040 1189.8
1114050 1189.8
1114060 1195.9
1114070 1199.7
1114080 1203.7
1114090 1203.7
1114100 1214.5
1114110 1224.9
1114120 1224.9
1114130 1231.7
1114140 1238.3
1114150 1238.3
1114160 1246.1
1114170 1254.0
1114180 1254.0
1114190 1261.2
1114200 1268.4
1114210 1268.4
1114220 1274.5
1114230 1278.4
1114240 1278.4
1114250 1282.9
1114260 1293.5
1114270 1301.0
1114280 1301.0
1114290 1307.3
1114300 1312.0
1114310 1312.0
1114320 1314.1
1114330 1317.8
1114340 1317.8
1114350 1323.7
1114360 1325.8
1114370 1325.8
1114380 1325.9
1114390 1326.5
1114400 1326.5
1114410 1328.1
1114420 1332.7
1114430 1332.7
1114440 1335.1
1114450 1338.1
1114460 1338.1
1114470 1343.3
1114480 1349.5
1114490 1355.7
1114500 1355.7
1114510 1362.1
1114520 1368.9
1114530 1368.9
1114540 1375.1
1114550 1381.2
1114560 1381.2
1114570 1389.5
1114580 1398.1
1114590 1398.1
1114600 1406.8
1114610 1417.6
1114620 1417.6
1114630 1425.1
1114640 1432.9
1114650 1432.9
1114660 1439.1
1114670 1444.4
1114680 1444.4
1114690 1450.1
1114700 1456.2
1114710 1464.1
1114720 1464.1
1114730 1475.2
1114740 1485.8
1114750 1485.8
1114760 1490.6
1114770 1497.8
1114780 1496.2
1114790 1503.8
1114800 1511.9
1114810 1511.9
1114820 1522.1
1114830 1528.4
1114840 1528.4
1114850 1532.6
1114860 1536.1
1114870 1536.1
1114880 1539.5
1114890 1543.6
1114900 1543.6
1114910 1548.0
1114920 1552.9
1114930 1558.0
1114940 1558.0
1114950 1563.0
1114960 1568.4
1114970 1568.4
1114980 1574.1
1114990 1579.8
1115000 1579.8
1115010 1585.6
1115020 1591.9
1115030 1591.9
1115040 1598.6
1115050 1604.6
1115060 1604.6
1115070 1610.7
1115080 1617.0
1115090 1617.0
1115100 1622.8
1115110 1629.2
1115120 1627.4
1115130 1634.2
1115140 1641.2
1115150 1648.2
1115160 1648.2
1115170 1655.3
1115180 1663.0
1115190 1663.0
1115200 1670.9
1115210 1678.4
1115220 1678.4
1115230 1687.0
1115240 1694.7
1115250 1694.7
1115260 1702.7
1115270 1710.4
1115280 1710.4
1115290 1718.8
1115300 1726.7
1115310 1726.7
1115320 1734.9
1115330 1743.2
1115340 1754.3
1115350 1754.3
1115360 1768.4
1115370 1785.4
1115380 1785.4
1115390 1805.4
1115400 1826.9
1115410 1826.9
1115420 1839.7
1115430 1845.9
1115440 1845.9
1115450 1852.3
1115460 1859.2
1115470 1856.8
1115480 1864.9
1115490 1873.5
1115500 1873.5
1115510 1881.7
1115520 1890.7
1115530 1890.7
1115540 1901.1
1115550 1908.4
1115560 1914.6
1115570 1914.6
1115580 1916.6
1115590 1920.7
1115600 1920.7
1115610 1927.4
1115620 1934.5
1115630 1934.5
1115640 1942.1
1115650 1949.7
1115660 1949.7
1115670 1957.7
1115680 1965.3
1115690 1965.3
1115700 1976.3
1115710 1986.9
1115720 1986.9
1115730 1999.3
1115740 2018.9
1115750 2018.9
1115760 2033.5
1115770 2042.7
1115780 2044.3
1115790 2044.3
1115800 2049.3
1115810 2052.9
1115820 2052.9
1115830 2059.6
1115840 2065.5
1115850 2065.5
1115860 2077.0
1115870 2089.7
1115880 2089.7
1115890 2090.5
1115900 2093.1
1115910 2093.1
1115920 2098.1
1115930 2100.8
1115940 2100.8
1115950 2101.4
1115960 2101.5
1115970 2101.5
1115980 2099.7
1115990 2098.2
1116000 2094.2
1116010 2094.2
1116020 2088.8
1116030 2083.6
1116040 2083.6
1116050 2079.6
1116060 2077.2
1116070 2077.2
1116080 2075.5
1116090 2072.7
1116100 2072.7
1116110 2070.6
1116120 2067.7
1116130 2067.7
1116140 2064.8
1116150 2068.8
1116160 2068.8
1116170 2067.5
1116180 2066.7
1116190 2066.7
1116200 2065.5
1116210 2066.0
1116220 2066.4
1116230 2066.4
1116240 2066.1
1116250 2068.8
1116260 2068.8
1116270 2073.6
1116280 2072.0
1116290 2072.0
1116300 2071.6
1116310 2070.8
1116320 2070.8
1116330 2070.4
1116340 2070.3
1116350 2070.3
1116360 2069.5
1116370 2069.3
1116380 2069.3
1116390 2069.8
1116400 2068.2
1116410 2068.2
1116420 2065.3
1116430 2063.5
1116440 2061.8
1116450 2061.8
1116460 2060.3
1116470 2058.9
1116480 2058.9
1116490 2057.5
1116500 2059.6
1116510 2059.6
1116520 2058.2
1116530 2059.1
1116540 2059.1
1116550 2060.7
1116560 2062.2
1116570 2062.2
1116580 2064.2
1116590 2063.7
1116600 2063.7
1116610 2063.9
1116620 2064.0
1116630 2066.0
1116640 2066.0
1116650 2067.4
1116660 2068.7
1116670 2068.7
1116680 2069.9
1116690 2070.6
1116700 2070.6
1116710 2070.6
1116720 2070.1
1116730 2070.1
1116740 2069.9
1116750 2069.7
1116760 2069.7
1116770 2071.2
1116780 2074.3
1116790 2074.3
1116800 2079.0
1116810 2082.8
1116820 2082.8
1116830 2085.3
1116840 2089.8
1116850 2094.7
1116860 2094.7
1116870 2100.1
1116880 2104.6
1116890 2104.6
1116900 2107.7
1116910 2112.5
1116920 2112.5
1116930 2118.1
1116940 2123.1
1116950 2123.1
1116960 2127.1
1116970 2131.2
1116980 2131.2
1116990 2136.9
1117000 2146.3
1117010 2146.3
1117020 2154.9
1117030 2158.4
1117040 2158.4
1117050 2160.5
1117060 2161.7
1117070 2161.2
1117080 2161.2
1117090 2160.5
1117100 2160.3
1117110 2160.3
1117120 2160.4
1117130 2159.9
1117140 2159.9
1117150 2158.8
1117160 2159.6
1117170 2159.6
1117180 2160.0
1117190 2157.0
1117200 2157.0
1117210 2156.0
1117220 2155.5
1117230 2155.5
1117240 2155.5
1117250 2155.4
1117260 2155.4
1117270 2155.6
1117280 2155.9
1117290 2155.9
1117300 2155.9
1117310 2156.7
1117320 2157.8
1117330 2157.8
1117340 2159.3
1117350 2161.9
1117360 2161.9
1117370 2167.5
1117380 2174.7
1117390 2174.7
1117400 2179.8
1117410 2184.8
1117420 2184.8
1117430 2190.9
1117440 2199.7
1117450 2199.7
1117460 2208.7
1117470 2216.1
1117480 2216.1
1117490 2220.4
1117500 2222.4
1117510 2224.2
1117520 2224.2
1117530 2222.8
1117540 2224.4
1117550 2224.4
1117560 2226.6
1117570 2230.2
1117580 2230.2
1117590 2232.9
1117600 2235.3
1117610 2235.3
1117620 2236.2
1117630 2236.4
1117640 2236.4
1117650 2236.8
1117660 2237.9
1117670 2237.9
1117680 2239.0
1117690 2241.6
1117700 2245.0
1117710 2245.0
1117720 2249.3
1117730 2254.3
1117740 2254.3
1117750 2259.2
1117760 2263.0
1117770 2263.0
1117780 2266.9
1117790 2269.9
1117800 2269.9
1117810 2270.5
1117820 2268.7
1117830 2268.7
1117840 2266.6
1117850 2265.8
1117860 2265.8
1117870 2266.6
1117880 2269.1
1117890 2269.1
1117900 2271.0
1117910 2272.1
1117920 2273.4
1117930 2273.4
1117940 2277.5
1117950 2282.5
1117960 2282.5
1117970 2283.8
1117980 2282.8
1117990 2282.8
1118000 2279.4
1118010 2276.5
1118020 2276.5
1118030 2274.4
1118040 2271.7
1118050 2271.7
1118060 2267.7
1118070 2264.3
1118080 2264.3
1118090 2261.9
1118100 2261.9
1118110 2261.9
1118120 2261.6
1118130 2260.3
1118140 2259.1
1118150 2259.1
1118160 2257.4
1118170 2256.6
1118180 2256.6
1118190 2257.3
1118200 2259.4
1118210 2259.4
1118220 2256.9
1118230 2256.0
1118240 2256.0
1118250 2253.3
1118260 2251.1
1118270 2251.1
1118280 2248.8
1118290 2244.7
1118300 2244.7
1118310 2240.9
1118320 2238.5
1118330 2238.5
1118340 2236.2
1118350 2233.8
1118360 2231.2
1118370 2231.2
1118380 2230.3
1118390 2229.9
1118400 2229.9
1118410 2230.4
1118420 2229.9
1118430 2229.9
1118440 2227.4
1118450 2223.3
1118460 2223.3
1118470 2220.6
1118480 2219.2
1118490 2219.2
1118500 2215.7
1118510 2211.5
1118520 2211.5
1118530 2207.3
1118540 2204.5
1118550 2204.5
1118560 2203.4
1118570 2200.5
1118580 2201.4
1118590 2201.4
1118600 2201.3
1118610 2201.8
1118620 2201.8
1118630 2202.8
1118640 2203.0
1118650 2203.0
1118660 2202.8
1118670 2203.5
1118680 2203.5
1118690 2205.0
1118700 2204.8
1118710 2204.8
1118720 2203.1
1118730 2201.0
1118740 2201.0
1118750 2199.3
1118760 2197.8
1118770 2196.1
1118780 2196.1
1118790 2194.3
1118800 2193.5
1118810 2193.5
1118820 2193.8
1118830 2194.7
1118840 2194.7
1118850 2196.3
1118860 2198.2
1118870 2198.2
1118880 2199.9
1118890 2201.1
1118900 2201.1
1118910 2200.8
1118920 2201.8
1118930 2201.8
1118940 2201.5
1118950 2199.4
1118960 2199.4
1118970 2198.0
1118980 2196.0
1118990 2193.8
1119000 2193.8
1119010 2192.3
1119020 2191.1
1119030 2191.1
1119040 2189.3
1119050 2186.8
1119060 2186.8
1119070 2183.9
1119080 2181.7
1119090 2181.7
1119100 2179.8
1119110 2176.6
1119120 2176.6
1119130 2173.2
1119140 2171.9
1119150 2171.9
1119160 2171.1
1119170 2170.5
1119180 2170.5
1119190 2169.3
1119200 2168.9
1119210 2169.1
1119220 2169.1
1119230 2170.1
1119240 2171.3
1119250 2171.3
1119260 2169.6
1119270 2169.9
1119280 2169.9
1119290 2170.4
1119300 2171.2
1119310 2171.2
1119320 2172.9
1119330 2175.0
1119340 2175.0
1119350 2175.8
1119360 2175.4
1119370 2175.4
1119380 2174.2
1119390 2172.9
1119400 2172.9
1119410 2171.8
1119420 2170.4
1119430 2169.7
1119440 2169.7
1119450 2169.4
1119460 2169.8
1119470 2169.8
1119480 2168.8
1119490 2166.2
1119500 2166.2
1119510 2163.7
1119520 2161.6
1119530 2161.6
1119540 2160.3
1119550 2158.9
1119560 2158.9
1119570 2156.4
1119580 2154.4
1119590 2154.4
1119600 2153.7
1119610 2150.9
1119620 2150.9
1119630 2150.5
1119640 2150.6
1119650 2150.5
1119660 2150.5
1119670 2147.8
1119680 2145.2
1119690 2145.2
1119700 2144.0
1119710 2143.6
1119720 2143.6
1119730 2143.8
1119740 2143.9
1119750 2143.9
1119760 2143.8
1119770 2143.7
1119780 2143.7
1119790 2143.6
1119800 2142.9
1119810 2142.9
1119820 2141.4
1119830 2140.0
1119840 2139.6
1119850 2139.6
1119860 2140.0
1119870 2139.4
1119880 2139.4
1119890 2138.5
1119900 2138.6
1119910 2138.6
1119920 2138.9
1119930 2138.6
1119940 2138.6
1119950 2137.7
1119960 2134.6
1119970 2134.6
1119980 2133.7
1119990 2133.1
