1100000 2249.9
1100010 2247.4
1100020 2247.4
1100030 2245.0
1100040 2237.9
1100050 2237.9
1100060 2230.6
1100070 2224.9
1100080 2224.9
1100090 2218.7
1100100 2213.4
1100110 2210.0
1100120 2210.0
1100130 2210.7
1100140 2212.6
1100150 2212.6
1100160 2214.7
1100170 2216.4
1100180 2216.4
1100190 2215.9
1100200 2215.4
1100210 2215.4
1100220 2217.5
1100230 2217.7
1100240 2217.7
1100250 2217.0
1100260 2218.2
1100270 2218.2
1100280 2221.5
1100290 2225.5
1100300 2225.5
1100310 2228.5
1100320 2229.5
1100330 2229.1
1100340 2229.1
1100350 2225.5
1100360 2217.7
1100370 2217.7
1100380 2209.8
1100390 2203.4
1100400 2203.4
1100410 2197.2
1100420 2189.7
1100430 2189.7
1100440 2182.3
1100450 2173.2
1100460 2173.2
1100470 2162.9
1100480 2158.4
1100490 2158.4
1100500 2162.2
1100510 2165.9
1100520 2165.9
1100530 2159.2
1100540 2149.8
1100550 2142.0
1100560 2142.0
1100570 2136.1
1100580 2132.4
1100590 2132.4
1100600 2134.9
1100610 2143.0
1100620 2144.9
1100630 2144.8
1100640 2143.0
1100650 2143.0
1100660 2140.8
1100670 2138.5
1100680 2138.5
1100690 2138.1
1100700 2139.7
1100710 2139.7
1100720 2142.7
1100730 2146.9
1100740 2151.8
1100750 2151.8
1100760 2158.2
1100770 2162.1
1100780 2162.1
1100790 2162.7
1100800 2160.4
1100810 2160.4
1100820 2154.6
1100830 2150.5
1100840 2150.5
1100850 2150.3
1100860 2150.9
1100870 2150.9
1100880 2153.9
1100890 2162.4
1100900 2162.4
1100910 2168.7
1100920 2167.0
1100930 2167.0
1100940 2160.0
1100950 2157.0
1100960 2155.3
1100970 2155.3
1100980 2149.7
1100990 2150.9
1101000 2150.9
1101010 2158.7
1101020 2162.5
1101030 2162.5
1101040 2163.9
1101050 2167.7
1101060 2167.7
1101070 2172.1
1101080 2175.8
1101090 2175.8
1101100 2179.6
1101110 2182.2
1101120 2182.2
1101130 2183.3
1101140 2184.6
1101150 2184.6
1101160 2184.3
1101170 2185.6
1101180 2193.7
1101190 2193.7
1101200 2199.0
1101210 2199.9
1101220 2199.9
1101230 2202.3
1101240 2203.4
1101250 2203.4
1101260 2203.6
1101270 2203.9
1101280 2209.6
1101290 2208.6
1101300 2207.0
1101310 2207.0
1101320 2208.8
1101330 2210.1
1101340 2210.1
1101350 2213.0
1101360 2216.7
1101370 2216.7
1101380 2225.9
1101390 2238.0
1101400 2248.6
1101410 2248.6
1101420 2254.9
1101430 2259.7
1101440 2259.7
1101450 2266.3
1101460 2272.6
1101470 2272.6
1101480 2278.4
1101490 2287.0
1101500 2287.0
1101510 2291.3
1101520 2295.0
1101530 2295.0
1101540 2303.7
1101550 2311.9
1101560 2311.9
1101570 2319.8
1101580 2325.3
1101590 2325.3
1101600 2326.0
1101610 2339.4
1101620 2344.4
1101630 2344.4
1101640 2353.9
1101650 2361.3
1101660 2361.3
1101670 2367.2
1101680 2370.9
1101690 2370.9
1101700 2374.4
1101710 2377.5
1101720 2377.5
1101730 2381.5
1101740 2389.1
1101750 2389.1
1101760 2391.3
1101770 2390.4
1101780 2390.4
1101790 2393.6
1101800 2398.8
1101810 2398.8
1101820 2403.7
1101830 2408.5
1101840 2405.7
1101850 2405.7
1101860 2399.5
1101870 2394.4
1101880 2394.4
1101890 2390.3
1101900 2387.8
1101910 2387.8
1101920 2385.1
1101930 2380.0
1101940 2379.0
1101950 2374.4
1101960 2367.9
1101970 2367.9
1101980 2362.0
1101990 2357.7
1102000 2357.7
1102010 2353.4
1102020 2350.5
1102030 2348.5
1102040 2348.5
1102050 2347.9
1102060 2349.5
1102070 2349.5
1102080 2349.8
1102090 2349.7
1102100 2349.7
1102110 2351.0
1102120 2350.6
1102130 2350.6
1102140 2352.7
1102150 2355.4
1102160 2355.4
1102170 2356.0
1102180 2356.0
1102190 2356.0
1102200 2355.9
1102210 2356.9
1102220 2356.9
1102230 2359.0
1102240 2361.0
1102250 2363.8
1102260 2363.8
1102270 2358.1
1102280 2348.9
1102290 2348.9
1102300 2339.6
1102310 2341.2
1102320 2341.2
1102330 2341.5
1102340 2339.4
1102350 2339.4
1102360 2342.1
1102370 2344.0
1102380 2344.0
1102390 2342.5
1102400 2338.9
1102410 2338.9
1102420 2340.5
1102430 2341.6
1102440 2341.6
1102450 2340.1
1102460 2338.3
1102470 2334.1
1102480 2334.1
1102490 2330.8
1102500 2329.4
1102510 2329.4
1102520 2332.0
1102530 2336.1
1102540 2336.1
1102550 2336.7
1102560 2338.7
1102570 2338.7
1102580 2341.6
1102590 2342.6
1102600 2336.4
1102610 2335.8
1102620 2333.7
1102630 2333.7
1102640 2332.9
1102650 2330.3
1102660 2330.3
1102670 2326.9
1102680 2326.4
1102690 2325.8
1102700 2325.8
1102710 2328.1
1102720 2329.7
1102730 2329.7
1102740 2333.1
1102750 2334.6
1102760 2334.6
1102770 2335.2
1102780 2333.4
1102790 2333.4
1102800 2331.2
1102810 2331.1
1102820 2331.1
1102830 2330.2
1102840 2327.3
1102850 2327.3
1102860 2322.0
1102870 2316.5
1102880 2316.5
1102890 2312.5
1102900 2307.4
1102910 2303.6
1102920 2303.6
1102930 2298.8
1102940 2286.7
1102950 2286.7
1102960 2283.9
1102970 2281.6
1102980 2281.6
1102990 2280.0
1103000 2276.5
1103010 2276.5
1103020 2274.8
1103030 2273.8
1103040 2273.8
1103050 2274.7
1103060 2276.8
1103070 2276.8
1103080 2274.3
1103090 2270.4
1103100 2270.4
1103110 2271.0
1103120 2271.5
1103130 2274.5
1103140 2274.5
1103150 2278.5
1103160 2281.0
1103170 2281.0
1103180 2282.6
1103190 2285.9
1103200 2285.9
1103210 2290.8
1103220 2296.8
1103230 2296.8
1103240 2301.2
1103250 2305.6
1103260 2305.6
1103270 2305.3
1103280 2310.4
1103290 2310.4
1103300 2315.4
1103310 2320.5
1103320 2325.5
1103330 2325.5
1103340 2329.7
1103350 2331.8
1103360 2331.8
1103370 2332.0
1103380 2329.3
1103390 2329.3
1103400 2320.3
1103410 2308.4
1103420 2308.4
1103430 2296.3
1103440 2284.4
1103450 2284.4
1103460 2274.4
1103470 2260.6
1103480 2260.6
1103490 2248.7
1103500 2237.1
1103510 2237.1
1103520 2228.1
1103530 2217.1
1103540 2203.3
1103550 2203.3
1103560 2196.4
1103570 2189.6
1103580 2189.6
1103590 2184.9
1103600 2196.1
1103610 2196.1
1103620 2196.4
1103630 2190.1
1103640 2190.1
1103650 2187.6
1103660 2183.0
1103670 2183.0
1103680 2176.6
1103690 2172.4
1103700 2172.4
1103710 2172.4
1103720 2174.3
1103730 2174.3
1103740 2172.4
1103750 2167.3
1103760 2171.6
1103770 2171.6
1103780 2180.3
1103790 2182.8
1103800 2182.8
1103810 2178.5
1103820 2169.3
1103830 2169.3
1103840 2170.8
1103850 2174.4
1103860 2174.4
1103870 2176.0
1103880 2169.8
1103890 2169.8
1103900 2162.3
1103910 2155.5
1103920 2155.5
1103930 2136.7
1103940 2125.2
1103950 2125.2
1103960 2116.6
1103970 2109.8
1103980 2105.9
1103990 2105.9
1104000 2103.3
1104010 2093.9
1104020 2093.9
1104030 2078.2
1104040 2069.4
1104050 2069.4
1104060 2061.6
1104070 2054.6
1104080 2054.6
1104090 2047.4
1104100 2040.4
1104110 2040.4
1104120 2033.2
1104130 2026.1
1104140 2026.1
1104150 2020.6
1104160 2014.8
1104170 2014.8
1104180 2008.8
1104190 2002.9
1104200 1996.9
1104210 1996.9
1104220 1991.7
1104230 1987.1
1104240 1987.1
1104250 1983.6
1104260 1980.2
1104270 1979.2
1104280 1973.7
1104290 1969.4
1104300 1969.4
1104310 1965.2
1104320 1961.1
1104330 1961.1
1104340 1956.3
1104350 1951.8
1104360 1951.8
1104370 1947.6
1104380 1942.8
1104390 1938.9
1104400 1938.9
1104410 1936.3
1104420 1933.9
1104430 1933.9
1104440 1931.6
1104450 1929.5
1104460 1929.5
1104470 1927.7
1104480 1926.1
1104490 1926.1
1104500 1924.4
1104510 1922.6
1104520 1922.6
1104530 1921.4
1104540 1920.0
1104550 1920.0
1104560 1918.2
1104570 1916.0
1104580 1916.0
1104590 1915.5
1104600 1919.2
1104610 1918.6
1104620 1918.6
1104630 1918.2
1104640 1916.2
1104650 1916.2
1104660 1912.5
1104670 1908.1
1104680 1908.1
1104690 1901.3
1104700 1900.0
1104710 1900.0
1104720 1898.8
1104730 1897.8
1104740 1897.8
1104750 1897.1
1104760 1896.1
1104770 1896.1
1104780 1894.2
1104790 1892.5
1104800 1892.5
1104810 1890.9
1104820 1888.6
1104830 1886.7
1104840 1886.7
1104850 1885.7
1104860 1885.2
1104870 1885.2
1104880 1886.1
1104890 1886.3
1104900 1886.3
1104910 1885.9
1104920 1884.9
1104930 1890.3
1104940 1889.2
1104950 1887.8
1104960 1887.8
1104970 1886.9
1104980 1885.2
1104990 1885.2
1105000 1883.7
1105010 1882.6
1105020 1882.6
1105030 1881.5
1105040 1880.8
1105050 1879.9
1105060 1879.9
1105070 1878.5
1105080 1877.4
1105090 1877.4
1105100 1877.3
1105110 1878.3
1105120 1878.3
1105130 1878.1
1105140 1876.5
1105150 1876.5
1105160 1875.9
1105170 1876.0
1105180 1876.0
1105190 1875.6
1105200 1874.8
1105210 1874.8
1105220 1872.9
1105230 1871.5
1105240 1871.5
1105250 1871.4
1105260 1867.6
1105270 1869.3
1105280 1869.3
1105290 1866.1
1105300 1864.4
1105310 1864.4
1105320 1864.7
1105330 1866.1
1105340 1866.1
1105350 1867.0
1105360 1862.0
1105370 1862.0
1105380 1858.5
1105390 1859.5
1105400 1859.5
1105410 1855.8
1105420 1857.6
1105430 1857.6
1105440 1856.6
1105450 1853.4
1105460 1853.4
1105470 1850.2
1105480 1847.1
1105490 1845.6
1105500 1845.6
1105510 1842.5
1105520 1839.9
1105530 1839.9
1105540 1837.3
1105550 1834.5
1105560 1834.5
1105570 1832.4
1105580 1830.1
1105590 1830.1
1105600 1821.1
1105610 1818.9
1105620 1818.9
1105630 1816.9
1105640 1812.8
1105650 1812.8
1105660 1806.5
1105670 1801.2
1105680 1796.3
1105690 1796.3
1105700 1791.1
1105710 1784.6
1105720 1784.6
1105730 1778.5
1105740 1773.0
1105750 1773.0
1105760 1766.8
1105770 1762.9
1105780 1762.9
1105790 1761.7
1105800 1759.5
1105810 1759.5
1105820 1755.4
1105830 1750.8
1105840 1750.8
1105850 1746.5
1105860 1743.9
1105870 1743.9
1105880 1740.9
1105890 1737.6
1105900 1731.7
1105910 1731.7
1105920 1723.0
1105930 1714.8
1105940 1713.3
1105950 1704.5
1105960 1695.9
1105970 1695.9
1105980 1689.8
1105990 1685.5
1106000 1685.5
1106010 1681.6
1106020 1678.3
1106030 1678.3
1106040 1674.9
1106050 1672.0
1106060 1672.0
1106070 1668.4
1106080 1664.8
1106090 1664.8
1106100 1661.8
1106110 1658.3
1106120 1654.3
1106130 1654.3
1106140 1649.8
1106150 1646.2
1106160 1646.2
1106170 1643.6
1106180 1641.1
1106190 1641.1
1106200 1638.0
1106210 1634.6
1106220 1634.6
1106230 1631.3
1106240 1627.5
1106250 1627.5
1106260 1623.2
1106270 1611.7
1106280 1611.7
1106290 1607.3
1106300 1603.6
1106310 1603.6
1106320 1600.1
1106330 1595.6
1106340 1591.1
1106350 1591.1
1106360 1587.6
1106370 1585.2
1106380 1585.2
1106390 1583.1
1106400 1580.7
1106410 1580.7
1106420 1578.5
1106430 1575.6
1106440 1575.6
1106450 1573.2
1106460 1570.7
1106470 1570.7
1106480 1567.7
1106490 1564.8
1106500 1564.8
1106510 1561.9
1106520 1558.9
1106530 1558.9
1106540 1555.5
1106550 1552.8
1106560 1550.8
1106570 1550.8
1106580 1547.3
1106590 1543.0
1106600 1543.0
1106610 1536.5
1106620 1531.2
1106630 1531.2
1106640 1526.7
1106650 1524.9
1106660 1524.9
1106670 1523.1
1106680 1518.1
1106690 1518.1
1106700 1513.8
1106710 1509.4
1106720 1509.4
1106730 1503.5
1106740 1497.1
1106750 1497.1
1106760 1490.7
1106770 1479.2
1106780 1465.0
1106790 1465.0
1106800 1455.6
1106810 1451.7
1106820 1451.7
1106830 1450.0
1106840 1446.3
1106850 1446.3
1106860 1443.0
1106870 1439.0
1106880 1439.0
1106890 1434.8
1106900 1426.7
1106910 1426.7
1106920 1418.9
1106930 1407.5
1106940 1400.4
1106950 1390.3
1106960 1379.9
1106970 1371.8
1106980 1371.8
1106990 1365.4
1107000 1353.8
1107010 1353.8
1107020 1343.6
1107030 1335.8
1107040 1335.8
1107050 1330.1
1107060 1323.0
1107070 1323.0
1107080 1318.5
1107090 1314.8
1107100 1314.8
1107110 1308.8
1107120 1301.9
1107130 1301.9
1107140 1297.6
1107150 1293.7
1107160 1293.7
1107170 1290.0
1107180 1283.0
1107190 1256.2
1107200 1256.2
1107210 1235.7
1107220 1225.3
1107230 1225.3
1107240 1216.4
1107250 1207.7
1107260 1207.7
1107270 1199.7
1107280 1188.5
1107290 1188.5
1107300 1180.9
1107310 1174.7
1107320 1174.7
1107330 1169.4
1107340 1162.5
1107350 1162.5
1107360 1156.0
1107370 1150.6
1107380 1150.6
1107390 1145.6
1107400 1138.9
1107410 1131.6
1107420 1131.6
1107430 1123.1
1107440 1112.8
1107450 1112.8
1107460 1104.1
1107470 1095.8
1107480 1095.8
1107490 1088.9
1107500 1079.0
1107510 1079.0
1107520 1071.0
1107530 1061.3
1107540 1061.3
1107550 1049.2
1107560 1042.9
1107570 1042.9
1107580 1041.4
1107590 1040.6
1107600 1040.6
1107610 1042.1
1107620 1041.2
1107630 1040.9
1107640 1040.9
1107650 1041.2
1107660 1041.1
1107670 1041.1
1107680 1040.7
1107690 1039.7
1107700 1039.7
1107710 1038.9
1107720 1038.1
1107730 1038.1
1107740 1035.9
1107750 1028.8
1107760 1028.8
1107770 1019.9
1107780 1013.6
1107790 1013.6
1107800 1012.0
1107810 1006.1
1107820 1006.1
1107830 1002.0
1107840 1002.1
1107850 999.0
1107860 999.0
1107870 996.8
1107880 1000.9
1107890 1000.9
1107900 1007.2
1107910 1012.8
1107920 1012.8
1107930 1014.9
1107940 1019.5
1107950 1019.2
1107960 1024.9
1107970 1032.9
1107980 1032.9
1107990 1041.2
1108000 1049.5
1108010 1049.5
1108020 1062.7
1108030 1081.8
1108040 1090.8
1108050 1090.8
1108060 1094.7
1108070 1094.0
1108080 1094.0
1108090 1092.7
1108100 1091.3
1108110 1091.3
1108120 1090.3
1108130 1090.6
1108140 1090.6
1108150 1091.4
1108160 1092.9
1108170 1092.9
1108180 1095.2
1108190 1096.5
1108200 1096.5
1108210 1098.2
1108220 1099.3
1108230 1099.3
1108240 1101.7
1108250 1104.5
1108260 1107.8
1108270 1107.8
1108280 1111.5
1108290 1117.6
1108300 1117.6
1108310 1122.3
1108320 1127.7
1108330 1127.7
1108340 1132.4
1108350 1135.5
1108360 1135.5
1108370 1138.4
1108380 1141.8
1108390 1141.8
1108400 1145.5
1108410 1150.7
1108420 1150.7
1108430 1157.1
1108440 1162.8
1108450 1162.8
1108460 1168.5
1108470 1173.7
1108480 1180.1
1108490 1180.1
1108500 1186.4
1108510 1192.6
1108520 1192.6
1108530 1198.6
1108540 1204.1
1108550 1204.1
1108560 1209.4
1108570 1213.0
1108580 1213.0
1108590 1217.4
1108600 1222.5
1108610 1222.5
1108620 1233.8
1108630 1241.0
1108640 1241.0
1108650 1248.4
1108660 1255.8
1108670 1255.8
1108680 1263.6
1108690 1275.3
1108700 1284.8
1108710 1284.8
1108720 1293.8
1108730 1301.9
1108740 1301.9
1108750 1310.5
1108760 1318.8
1108770 1318.8
1108780 1327.6
1108790 1337.4
1108800 1337.4
1108810 1345.6
1108820 1354.1
1108830 1354.1
1108840 1361.0
1108850 1369.0
1108860 1369.0
1108870 1374.0
1108880 1382.6
1108890 1382.6
1108900 1391.6
1108910 1399.2
1108920 1406.8
1108930 1406.8
1108940 1410.7
1108950 1409.0
1108960 1418.9
1108970 1413.2
1108980 1405.4
1108990 1405.4
1109000 1401.8
1109010 1399.1
1109020 1399.1
1109030 1394.1
1109040 1392.1
1109050 1392.1
1109060 1392.8
1109070 1392.1
1109080 1392.1
1109090 1390.9
1109100 1390.8
1109110 1390.8
1109120 1392.0
1109130 1391.4
1109140 1389.5
1109150 1389.5
1109160 1386.5
1109170 1383.2
1109180 1383.2
1109190 1380.0
1109200 1377.5
1109210 1377.5
1109220 1372.7
1109230 1366.9
1109240 1366.9
1109250 1360.2
1109260 1353.6
1109270 1353.6
1109280 1347.1
1109290 1339.9
1109300 1339.9
1109310 1330.5
1109320 1319.3
1109330 1306.6
1109340 1306.6
1109350 1296.3
1109360 1286.3
1109370 1286.3
1109380 1275.9
1109390 1263.4
1109400 1263.4
1109410 1246.8
1109420 1232.4
1109430 1232.4
1109440 1220.3
1109450 1212.4
1109460 1212.4
1109470 1220.3
1109480 1229.3
1109490 1229.3
1109500 1237.1
1109510 1243.2
1109520 1243.2
1109530 1250.7
1109540 1257.4
1109550 1260.9
1109560 1260.9
1109570 1266.0
1109580 1268.5
1109590 1268.5
1109600 1273.6
1109610 1279.2
1109620 1279.2
1109630 1282.2
1109640 1288.0
1109650 1288.0
1109660 1290.7
1109670 1290.8
1109680 1290.8
1109690 1289.6
1109700 1288.3
1109710 1288.3
1109720 1287.3
1109730 1287.2
1109740 1287.2
1109750 1286.1
1109760 1286.4
1109770 1285.6
1109780 1285.6
1109790 1283.2
1109800 1285.6
1109810 1285.6
1109820 1289.4
1109830 1293.2
1109840 1293.2
1109850 1291.8
1109860 1290.9
1109870 1290.9
1109880 1293.8
1109890 1295.9
1109900 1295.9
1109910 1297.9
1109920 1300.9
1109930 1300.9
1109940 1304.7
1109950 1310.1
1109960 1310.1
1109970 1318.8
1109980 1326.4
1109990 1333.1
1110000 1333.1
1110010 1337.6
1110020 1340.3
1110030 1340.3
1110040 1342.1
1110050 1347.0
1110060 1347.0
1110070 1351.4
1110080 1353.1
1110090 1353.1
1110100 1354.1
1110110 1353.0
1110120 1353.0
1110130 1352.0
1110140 1348.3
1110150 1348.3
1110160 1346.8
1110170 1347.4
1110180 1347.4
1110190 1345.6
1110200 1350.6
1110210 1353.4
1110220 1353.4
1110230 1354.9
1110240 1353.5
1110250 1353.5
1110260 1350.2
1110270 1347.8
1110280 1347.8
1110290 1345.5
1110300 1345.1
1110310 1352.3
1110320 1352.8
1110330 1356.3
1110340 1356.3
1110350 1359.2
1110360 1360.1
1110370 1360.1
1110380 1358.3
1110390 1358.3
1110400 1359.0
1110410 1359.0
1110420 1357.1
1110430 1353.5
1110440 1353.5
1110450 1346.8
1110460 1340.5
1110470 1340.5
1110480 1334.6
1110490 1329.0
1110500 1329.0
1110510 1323.3
1110520 1319.6
1110530 1319.6
1110540 1317.4
1110550 1315.3
1110560 1315.3
1110570 1309.8
1110580 1307.1
1110590 1307.1
1110600 1305.2
1110610 1296.9
1110620 1289.2
1110630 1289.2
1110640 1280.9
1110650 1277.7
1110660 1277.7
1110670 1270.5
1110680 1263.8
1110690 1263.8
1110700 1258.4
1110710 1250.2
1110720 1250.2
1110730 1240.1
1110740 1228.5
1110750 1228.5
1110760 1216.9
1110770 1205.1
1110780 1205.1
1110790 1196.5
1110800 1188.4
1110810 1188.4
1110820 1181.3
1110830 1174.6
1110840 1168.1
1110850 1168.1
1110860 1162.5
1110870 1158.7
1110880 1158.7
1110890 1156.5
1110900 1155.2
1110910 1155.2
1110920 1155.2
1110930 1154.1
1110940 1154.1
1110950 1152.1
1110960 1148.3
1110970 1148.3
1110980 1145.1
1110990 1146.9
1111000 1146.9
1111010 1146.0
1111020 1145.2
1111030 1145.2
1111040 1145.2
1111050 1144.5
1111060 1143.1
1111070 1143.1
1111080 1140.8
1111090 1138.2
1111100 1138.2
1111110 1135.9
1111120 1134.2
1111130 1134.2
1111140 1132.3
1111150 1126.4
1111160 1126.4
1111170 1118.3
1111180 1109.3
1111190 1109.3
1111200 1103.1
1111210 1098.9
1111220 1098.9
1111230 1096.9
1111240 1095.3
1111250 1095.3
1111260 1094.3
1111270 1092.5
1111280 1091.0
1111290 1091.0
1111300 1088.1
1111310 1086.5
1111320 1086.5
1111330 1087.7
1111340 1084.2
1111350 1084.2
1111360 1081.0
1111370 1077.6
1111380 1077.6
1111390 1070.8
1111400 1063.4
1111410 1063.4
1111420 1058.6
1111430 1054.4
1111440 1054.4
1111450 1049.9
1111460 1044.6
1111470 1044.6
1111480 1040.9
1111490 1038.6
1111500 1036.5
1111510 1036.5
1111520 1034.7
1111530 1033.6
1111540 1033.6
1111550 1031.9
1111560 1030.0
1111570 1030.0
1111580 1029.6
1111590 1028.0
1111600 1028.0
1111610 1025.2
1111620 1022.9
1111630 1022.9
1111640 1020.9
1111650 1017.8
1111660 1017.8
1111670 1016.6
1111680 1011.4
1111690 1005.9
1111700 1005.9
1111710 1000.1
1111720 994.8
1111730 994.8
1111740 991.5
1111750 986.4
1111760 986.4
1111770 982.8
1111780 979.0
1111790 979.0
1111800 974.7
1111810 970.0
1111820 970.0
1111830 964.2
1111840 958.8
1111850 958.8
1111860 954.9
1111870 953.2
1111880 953.2
1111890 951.7
1111900 950.2
1111910 949.6
1111920 949.6
1111930 948.1
1111940 945.3
1111950 945.3
1111960 942.7
1111970 940.9
1111980 940.9
1111990 939.2
1112000 937.2
1112010 941.0
1112020 938.2
1112030 935.8
1112040 935.8
1112050 933.7
1112060 932.1
1112070 932.1
1112080 929.0
1112090 919.6
1112100 919.6
1112110 911.6
1112120 902.1
1112130 892.2
1112140 892.2
1112150 890.3
1112160 887.9
1112170 887.9
1112180 880.9
1112190 873.9
1112200 873.9
1112210 871.8
1112220 872.0
1112230 872.0
1112240 873.0
1112250 874.3
1112260 874.3
1112270 877.0
1112280 877.8
1112290 877.8
1112300 878.0
1112310 878.2
1112320 878.2
1112330 878.6
1112340 879.3
1112350 883.7
1112360 883.7
1112370 889.3
1112380 897.7
1112390 897.7
1112400 901.9
1112410 903.0
1112420 903.0
1112430 904.2
1112440 905.3
1112450 905.3
1112460 906.4
1112470 908.2
1112480 908.2
1112490 908.8
1112500 909.5
1112510 909.5
1112520 911.0
1112530 912.3
1112540 912.3
1112550 913.7
1112560 914.6
1112570 915.4
1112580 915.4
1112590 916.4
1112600 917.1
1112610 917.1
1112620 918.1
1112630 919.5
1112640 919.5
1112650 921.2
1112660 922.4
1112670 922.4
1112680 922.5
1112690 922.6
1112700 922.6
1112710 924.2
1112720 924.4
1112730 924.4
1112740 925.9
1112750 927.4
1112760 928.8
1112770 928.8
1112780 930.2
1112790 931.8
1112800 931.8
1112810 933.2
1112820 934.6
1112830 934.6
1112840 935.6
1112850 936.9
1112860 936.9
1112870 937.9
1112880 938.0
1112890 938.0
1112900 937.7
1112910 936.8
1112920 936.8
1112930 937.2
1112940 937.9
1112950 937.9
1112960 937.5
1112970 937.0
1112980 936.0
1112990 936.0
1113000 935.8
1113010 935.9
1113020 935.9
1113030 934.8
1113040 935.0
1113050 935.0
1113060 935.5
1113070 936.4
1113080 936.4
1113090 937.6
1113100 937.0
1113110 937.0
1113120 935.5
1113130 935.1
1113140 935.1
1113150 935.8
1113160 936.9
1113170 936.9
1113180 938.2
1113190 939.7
1113200 941.1
1113210 941.1
1113220 942.4
1113230 943.8
1113240 943.8
1113250 945.4
1113260 947.0
1113270 947.0
1113280 948.3
1113290 949.5
1113300 949.5
1113310 950.8
1113320 952.1
1113330 952.1
1113340 953.7
1113350 954.7
1113360 954.7
1113370 951.4
1113380 955.4
1113390 955.4
1113400 958.2
1113410 959.7
1113420 960.5
1113430 960.5
1113440 961.1
1113450 961.4
1113460 961.4
1113470 962.0
1113480 963.0
1113490 963.0
1113500 963.7
1113510 964.8
1113520 964.8
1113530 965.4
1113540 964.6
1113550 964.6
1113560 967.8
1113570 977.4
1113580 977.4
1113590 983.8
1113600 991.7
1113610 991.7
1113620 997.2
1113630 1001.0
1113640 1003.8
1113650 1003.8
1113660 1004.2
1113670 1005.8
1113680 1005.8
1113690 1010.0
1113700 1020.4
1113710 1017.9
1113720 1028.9
1113730 1034.8
1113740 1034.8
1113750 1039.5
1113760 1042.2
1113770 1042.2
1113780 1045.1
1113790 1049.8
1113800 1049.8
1113810 1055.5
1113820 1060.4
1113830 1060.4
1113840 1063.9
1113850 1067.8
1113860 1070.7
1113870 1070.7
1113880 1069.4
1113890 1065.0
1113900 1065.0
1113910 1063.3
1113920 1065.3
1113930 1065.3
1113940 1070.7
1113950 1078.7
1113960 1078.7
1113970 1088.3
1113980 1099.3
1113990 1099.3
1114000 1108.9
1114010 1117.1
1114020 1117.1
1114030 1124.7
1114040 1131.1
1114050 1136.0
1114060 1136.0
1114070 1143.2
1114080 1149.9
1114090 1149.9
1114100 1155.5
1114110 1157.8
1114120 1157.8
1114130 1155.2
1114140 1157.0
1114150 1157.0
1114160 1163.7
1114170 1171.7
1114180 1171.7
1114190 1181.4
1114200 1193.1
1114210 1193.1
1114220 1200.5
1114230 1207.6
1114240 1207.6
1114250 1213.5
1114260 1226.3
1114270 1240.3
1114280 1240.3
1114290 1252.1
1114300 1261.0
1114310 1261.0
1114320 1268.7
1114330 1276.2
1114340 1276.2
1114350 1285.6
1114360 1293.2
1114370 1293.2
1114380 1298.8
1114390 1303.4
1114400 1304.2
1114410 1307.2
1114420 1311.6
1114430 1311.6
1114440 1317.8
1114450 1323.1
1114460 1323.1
1114470 1325.0
1114480 1326.8
1114490 1329.3
1114500 1329.3
1114510 1331.5
1114520 1334.9
1114530 1334.9
1114540 1338.2
1114550 1341.8
1114560 1341.8
1114570 1346.1
1114580 1350.6
1114590 1350.6
1114600 1355.1
1114610 1359.8
1114620 1359.8
1114630 1365.4
1114640 1370.1
1114650 1370.1
1114660 1374.8
1114670 1380.6
1114680 1380.6
1114690 1386.0
1114700 1392.3
1114710 1400.2
1114720 1400.2
1114730 1408.5
1114740 1413.4
1114750 1413.4
1114760 1423.0
1114770 1431.4
1114780 1431.4
1114790 1433.7
1114800 1436.2
1114810 1436.2
1114820 1447.0
1114830 1457.5
1114840 1457.5
1114850 1464.0
1114860 1470.3
1114870 1470.3
1114880 1476.1
1114890 1481.9
1114900 1481.9
1114910 1487.2
1114920 1492.6
1114930 1495.7
1114940 1495.7
1114950 1499.1
1114960 1507.7
1114970 1507.7
1114980 1517.4
1114990 1526.6
1115000 1526.6
1115010 1535.6
1115020 1543.5
1115030 1543.5
1115040 1551.2
1115050 1557.3
1115060 1557.3
1115070 1563.6
1115080 1567.1
1115090 1567.1
1115100 1574.3
1115110 1581.2
1115120 1586.6
1115130 1586.6
1115140 1590.9
1115150 1595.0
1115160 1595.0
1115170 1599.6
1115180 1604.4
1115190 1604.4
1115200 1609.8
1115210 1615.1
1115220 1615.1
1115230 1619.9
1115240 1624.4
1115250 1624.4
1115260 1629.3
1115270 1635.0
1115280 1635.0
1115290 1641.3
1115300 1648.6
1115310 1648.6
1115320 1658.7
1115330 1675.2
1115340 1691.9
1115350 1691.9
1115360 1702.4
1115370 1711.4
1115380 1711.4
1115390 1721.2
1115400 1734.0
1115410 1734.0
1115420 1740.8
1115430 1747.9
1115440 1747.9
1115450 1754.8
1115460 1760.8
1115470 1760.8
1115480 1766.4
1115490 1771.5
1115500 1771.5
1115510 1776.7
1115520 1782.5
1115530 1782.5
1115540 1788.3
1115550 1794.8
1115560 1801.3
1115570 1801.3
1115580 1807.3
1115590 1813.3
1115600 1813.3
1115610 1819.6
1115620 1825.9
1115630 1825.9
1115640 1832.6
1115650 1840.5
1115660 1840.5
1115670 1847.1
1115680 1854.1
1115690 1854.1
1115700 1862.8
1115710 1873.0
1115720 1873.0
1115730 1881.9
1115740 1890.1
1115750 1890.1
1115760 1897.2
1115770 1901.9
1115780 1908.7
1115790 1908.7
1115800 1915.9
1115810 1922.3
1115820 1922.3
1115830 1928.0
1115840 1933.6
1115850 1933.6
1115860 1938.2
1115870 1942.9
1115880 1942.9
1115890 1946.9
1115900 1954.4
1115910 1954.4
1115920 1962.0
1115930 1969.7
1115940 1969.7
1115950 1976.8
1115960 1985.5
1115970 1985.5
1115980 1992.1
1115990 1998.4
1116000 2004.7
1116010 2004.7
1116020 2011.7
1116030 2020.4
1116040 2020.4
1116050 2028.0
1116060 2034.9
1116070 2034.9
1116080 2043.0
1116090 2049.3
1116100 2049.3
1116110 2051.3
1116120 2057.6
1116130 2057.6
1116140 2064.8
1116150 2072.2
1116160 2072.2
1116170 2080.6
1116180 2088.6
1116190 2095.0
1116200 2095.0
1116210 2101.3
1116220 2107.3
1116230 2107.3
1116240 2113.0
1116250 2119.6
1116260 2119.6
1116270 2130.8
1116280 2141.1
1116290 2141.1
1116300 2146.9
1116310 2157.3
1116320 2157.3
1116330 2168.0
1116340 2174.5
1116350 2174.5
1116360 2179.6
1116370 2183.3
1116380 2183.3
1116390 2185.2
1116400 2186.5
1116410 2187.7
1116420 2187.7
1116430 2186.6
1116440 2180.7
1116450 2180.7
1116460 2173.0
1116470 2171.1
1116480 2171.1
1116490 2168.5
1116500 2166.8
1116510 2166.8
1116520 2167.8
1116530 2170.6
1116540 2170.6
1116550 2173.7
1116560 2175.5
1116570 2175.5
1116580 2175.8
1116590 2175.2
1116600 2175.2
1116610 2173.2
1116620 2171.2
1116630 2170.1
1116640 2170.1
1116650 2167.9
1116660 2166.4
1116670 2166.4
1116680 2164.4
1116690 2163.2
1116700 2163.2
1116710 2162.8
1116720 2160.9
1116730 2160.9
1116740 2161.3
1116750 2162.2
1116760 2162.2
1116770 2161.5
1116780 2162.4
1116790 2162.4
1116800 2166.7
1116810 2166.0
1116820 2166.0
1116830 2166.0
1116840 2161.2
1116850 2160.6
1116860 2160.6
1116870 2160.9
1116880 2160.1
1116890 2160.1
1116900 2159.4
1116910 2157.9
1116920 2157.9
1116930 2158.1
1116940 2158.9
1116950 2158.9
1116960 2161.1
1116970 2163.2
1116980 2163.2
1116990 2166.3
1117000 2169.3
1117010 2169.3
1117020 2172.0
1117030 2175.5
1117040 2175.5
1117050 2178.3
1117060 2181.1
1117070 2182.8
1117080 2182.8
1117090 2184.7
1117100 2186.0
1117110 2186.0
1117120 2186.8
1117130 2186.8
1117140 2189.3
1117150 2188.8
1117160 2187.9
1117170 2187.9
1117180 2187.3
1117190 2186.5
1117200 2186.5
1117210 2185.3
1117220 2184.6
1117230 2184.6
1117240 2184.5
1117250 2185.3
1117260 2185.9
1117270 2185.9
1117280 2185.1
1117290 2184.2
1117300 2184.2
1117310 2182.8
1117320 2182.9
1117330 2182.9
1117340 2182.2
1117350 2180.6
1117360 2180.6
1117370 2180.6
1117380 2181.7
1117390 2181.7
1117400 2182.3
1117410 2183.6
1117420 2183.6
1117430 2185.0
1117440 2186.4
1117450 2186.4
1117460 2187.7
1117470 2189.5
1117480 2192.6
1117490 2194.2
1117500 2197.9
1117510 2201.3
1117520 2201.3
1117530 2203.2
1117540 2204.9
1117550 2204.9
1117560 2206.4
1117570 2207.2
1117580 2207.2
1117590 2208.5
1117600 2210.4
1117610 2210.4
1117620 2212.2
1117630 2214.1
1117640 2214.1
1117650 2216.4
1117660 2219.5
1117670 2219.5
1117680 2222.8
1117690 2226.4
1117700 2229.6
1117710 2229.6
1117720 2232.4
1117730 2233.6
1117740 2233.6
1117750 2234.5
1117760 2236.6
1117770 2236.6
1117780 2239.3
1117790 2241.8
1117800 2241.8
1117810 2242.8
1117820 2242.4
1117830 2242.5
1117840 2240.7
1117850 2239.4
1117860 2239.4
1117870 2236.0
1117880 2228.1
1117890 2228.1
1117900 2220.8
1117910 2213.4
1117920 2207.1
1117930 2207.1
1117940 2201.2
1117950 2195.8
1117960 2195.8
1117970 2191.1
1117980 2186.7
1117990 2186.7
1118000 2181.2
1118010 2177.3
1118020 2177.3
1118030 2174.8
1118040 2173.6
1118050 2173.6
1118060 2173.7
1118070 2173.0
1118080 2173.0
1118090 2172.2
1118100 2172.2
1118110 2172.2
1118120 2171.7
1118130 2172.0
1118140 2172.5
1118150 2172.5
1118160 2173.2
1118170 2172.5
1118180 2167.6
1118190 2167.9
1118200 2169.7
1118210 2169.7
1118220 2170.6
1118230 2170.2
1118240 2170.2
1118250 2169.3
1118260 2168.6
1118270 2168.6
1118280 2167.3
1118290 2165.2
1118300 2165.2
1118310 2163.6
1118320 2162.5
1118330 2161.1
1118340 2161.1
1118350 2159.6
1118360 2158.7
1118370 2158.7
1118380 2157.9
1118390 2157.9
1118400 2157.9
1118410 2158.1
1118420 2157.6
1118430 2157.6
1118440 2156.8
1118450 2155.3
1118460 2155.3
1118470 2153.8
1118480 2152.3
1118490 2152.3
1118500 2151.3
1118510 2150.2
1118520 2150.2
1118530 2147.2
1118540 2146.2
1118550 2145.9
1118560 2145.9
1118570 2145.2
1118580 2144.7
1118590 2144.7
1118600 2145.0
1118610 2145.6
1118620 2145.6
1118630 2146.0
1118640 2146.9
1118650 2146.9
1118660 2147.8
1118670 2148.1
1118680 2148.1
1118690 2148.7
1118700 2150.1
1118710 2150.1
1118720 2151.1
1118730 2151.8
1118740 2151.8
1118750 2152.2
1118760 2152.6
1118770 2153.6
1118780 2153.6
1118790 2156.2
1118800 2158.4
1118810 2158.4
1118820 2161.7
1118830 2164.8
1118840 2164.8
1118850 2166.4
1118860 2167.3
1118870 2162.2
1118880 2161.5
1118890 2159.8
1118900 2159.8
1118910 2156.7
1118920 2152.6
1118930 2152.6
1118940 2148.2
1118950 2144.2
1118960 2144.2
1118970 2140.4
1118980 2137.1
1118990 2133.7
1119000 2133.7
1119010 2131.2
1119020 2128.6
1119030 2128.6
1119040 2125.5
1119050 2123.1
1119060 2123.1
1119070 2121.3
1119080 2120.4
1119090 2120.4
1119100 2120.1
1119110 2120.1
1119120 2120.1
1119130 2120.4
1119140 2120.1
1119150 2120.1
1119160 2119.3
1119170 2118.3
1119180 2118.3
1119190 2117.3
1119200 2116.6
1119210 2116.3
1119220 2115.1
1119230 2114.1
1119240 2112.8
1119250 2112.8
1119260 2111.4
1119270 2110.3
1119280 2110.3
1119290 2109.7
1119300 2109.4
1119310 2109.4
1119320 2109.0
1119330 2108.2
1119340 2108.2
1119350 2107.3
1119360 2106.8
1119370 2106.8
1119380 2106.7
1119390 2106.8
1119400 2107.5
1119410 2107.5
1119420 2108.9
1119430 2110.5
1119440 2110.5
1119450 2111.6
1119460 2112.2
1119470 2112.2
1119480 2112.2
1119490 2111.8
1119500 2111.8
1119510 2111.1
1119520 2109.9
1119530 2109.9
1119540 2108.5
1119550 2106.8
1119560 2106.8
1119570 2101.8
1119580 2100.0
1119590 2100.0
1119600 2098.9
1119610 2097.9
1119620 2096.7
1119630 2096.7
1119640 2095.9
1119650 2095.3
1119660 2095.3
1119670 2094.5
1119680 2092.5
1119690 2092.5
1119700 2091.0
1119710 2089.8
1119720 2089.8
1119730 2083.7
1119740 2077.8
1119750 2077.8
1119760 2073.4
1119770 2073.8
1119780 2073.8
1119790 2073.4
1119800 2066.9
1119810 2066.9
1119820 2062.0
1119830 2068.9
1119840 2072.9
1119850 2072.9
1119860 2073.4
1119870 2073.9
1119880 2073.9
1119890 2074.1
1119900 2075.2
1119910 2067.1
1119920 2064.1
1119930 2059.4
1119940 2059.4
1119950 2057.1
1119960 2059.5
1119970 2059.5
1119980 2061.1
1119990 2062.2
