1100000 2196.8
1100010 2196.8
1100020 2193.7
1100030 2189.7
1100040 2189.7
1100050 2187.5
1100060 2186.7
1100070 2186.7
1100080 2186.1
1100090 2184.4
1100100 2184.4
1100110 2180.7
1100120 2176.8
1100130 2176.8
1100140 2174.8
1100150 2173.6
1100160 2173.6
1100170 2172.4
1100180 2171.0
1100190 2171.0
1100200 2170.3
1100210 2170.2
1100220 2170.2
1100230 2170.2
1100240 2170.1
1100250 2169.4
1100260 2169.4
1100270 2168.5
1100280 2163.9
1100290 2163.9
1100300 2162.1
1100310 2161.3
1100320 2161.3
1100330 2160.5
1100340 2160.6
1100350 2160.6
1100360 2160.9
1100370 2160.4
1100380 2160.4
1100390 2160.0
1100400 2159.9
1100410 2158.9
1100420 2158.9
1100430 2158.2
1100440 2158.0
1100450 2158.0
1100460 2158.0
1100470 2157.9
1100480 2157.9
1100490 2158.1
1100500 2159.7
1100510 2159.7
1100520 2162.7
1100530 2163.3
1100540 2163.3
1100550 2162.8
1100560 2162.3
1100570 2162.3
1100580 2159.6
1100590 2158.6
1100600 2158.6
1100610 2157.5
1100620 2157.8
1100630 2157.6
1100640 2157.6
1100650 2155.7
1100660 2148.6
1100670 2148.6
1100680 2141.8
1100690 2135.8
1100700 2135.8
1100710 2130.7
1100720 2125.3
1100730 2125.3
1100740 2120.1
1100750 2115.2
1100760 2115.2
1100770 2110.6
1100780 2105.8
1100790 2105.8
1100800 2100.5
1100810 2094.3
1100820 2094.3
1100830 2088.6
1100840 2083.6
1100850 2078.7
1100860 2078.7
1100870 2075.5
1100880 2072.5
1100890 2072.5
1100900 2069.8
1100910 2067.5
1100920 2067.5
1100930 2065.4
1100940 2063.2
1100950 2063.2
1100960 2061.3
1100970 2059.4
1100980 2059.4
1100990 2057.2
1101000 2055.7
1101010 2055.7
1101020 2054.7
1101030 2053.6
1101040 2053.6
1101050 2052.7
1101060 2052.2
1101070 2052.2
1101080 2052.2
1101090 2052.3
1101100 2052.7
1101110 2052.7
1101120 2053.3
1101130 2054.4
1101140 2054.4
1101150 2056.7
1101160 2057.3
1101170 2057.3
1101180 2054.9
1101190 2051.1
1101200 2051.1
1101210 2045.5
1101220 2038.5
1101230 2038.5
1101240 2035.6
1101250 2030.9
1101260 2030.9
1101270 2025.8
1101280 2019.8
1101290 2013.5
1101300 2013.5
1101310 2009.4
1101320 2006.1
1101330 2006.1
1101340 2001.1
1101350 1994.7
1101360 1994.7
1101370 1987.7
1101380 1980.4
1101390 1980.4
1101400 1974.2
1101410 1970.6
1101420 1970.6
1101430 1968.1
1101440 1965.8
1101450 1965.8
1101460 1965.5
1101470 1966.0
1101480 1966.0
1101490 1968.3
1101500 1971.2
1101510 1973.7
1101520 1973.7
1101530 1977.4
1101540 1981.9
1101550 1981.9
1101560 1984.3
1101570 1989.9
1101580 1989.9
1101590 1993.8
1101600 1998.0
1101610 1998.0
1101620 1999.4
1101630 2000.0
1101640 2000.0
1101650 2001.9
1101660 2004.5
1101670 2004.5
1101680 2006.6
1101690 2010.3
1101700 2010.3
1101710 2012.2
1101720 2014.0
1101730 2014.9
1101740 2014.9
1101750 2015.3
1101760 2015.9
1101770 2015.9
1101780 2017.8
1101790 2021.1
1101800 2021.1
1101810 2023.1
1101820 2024.4
1101830 2024.4
1101840 2024.2
1101850 2022.9
1101860 2022.9
1101870 2023.9
1101880 2026.2
1101890 2026.2
1101900 2031.5
1101910 2038.1
1101920 2038.1
1101930 2045.8
1101940 2054.3
1101950 2062.9
1101960 2062.9
1101970 2070.8
1101980 2076.2
1101990 2076.2
1102000 2079.6
1102010 2082.6
1102020 2082.6
1102030 2086.5
1102040 2091.9
1102050 2091.9
1102060 2098.7
1102070 2104.6
1102080 2104.6
1102090 2109.6
1102100 2114.1
1102110 2114.1
1102120 2118.6
1102130 2124.1
1102140 2130.6
1102150 2130.6
1102160 2137.1
1102170 2142.8
1102180 2142.8
1102190 2148.4
1102200 2155.0
1102210 2155.0
1102220 2161.1
1102230 2173.2
1102240 2173.2
1102250 2181.2
1102260 2189.6
1102270 2189.6
1102280 2197.8
1102290 2206.5
1102300 2206.5
1102310 2217.6
1102320 2227.1
1102330 2227.1
1102340 2235.4
1102350 2242.4
1102360 2248.3
1102370 2248.3
1102380 2254.1
1102390 2257.7
1102400 2257.7
1102410 2262.6
1102420 2270.0
1102430 2270.0
1102440 2270.7
1102450 2269.3
1102460 2269.3
1102470 2259.6
1102480 2244.1
1102490 2244.1
1102500 2236.4
1102510 2227.5
1102520 2227.5
1102530 2219.8
1102540 2211.7
1102550 2211.7
1102560 2203.8
1102570 2196.0
1102580 2190.3
1102590 2190.3
1102600 2186.5
1102610 2181.3
1102620 2181.3
1102630 2175.8
1102640 2172.4
1102650 2172.4
1102660 2169.2
1102670 2164.8
1102680 2164.8
1102690 2160.0
1102700 2155.7
1102710 2155.7
1102720 2151.8
1102730 2148.7
1102740 2148.7
1102750 2147.2
1102760 2146.6
1102770 2146.6
1102780 2146.6
1102790 2147.7
1102800 2149.7
1102810 2149.7
1102820 2151.0
1102830 2151.0
1102840 2151.0
1102850 2152.3
1102860 2154.4
1102870 2154.4
1102880 2155.8
1102890 2156.5
1102900 2155.8
1102910 2155.8
1102920 2153.0
1102930 2153.0
1102940 2149.9
1102950 2146.1
1102960 2146.1
1102970 2143.4
1102980 2142.4
1102990 2142.4
1103000 2143.3
1103010 2143.9
1103020 2144.0
1103030 2144.0
1103040 2143.3
1103050 2142.4
1103060 2142.4
1103070 2142.3
1103080 2141.5
1103090 2141.5
1103100 2141.0
1103110 2139.9
1103120 2139.9
1103130 2137.8
1103140 2132.5
1103150 2132.5
1103160 2126.8
1103170 2123.2
1103180 2123.2
1103190 2121.5
1103200 2120.1
1103210 2120.1
1103220 2118.9
1103230 2113.2
1103240 2112.1
1103250 2112.1
1103260 2111.4
1103270 2110.0
1103280 2110.0
1103290 2108.8
1103300 2107.5
1103310 2107.5
1103320 2105.6
1103330 2103.3
1103340 2103.3
1103350 2098.6
1103360 2094.2
1103370 2094.2
1103380 2090.5
1103390 2087.6
1103400 2087.6
1103410 2084.5
1103420 2081.1
1103430 2081.1
1103440 2078.7
1103450 2076.9
1103460 2073.9
1103470 2073.9
1103480 2072.2
1103490 2070.7
1103500 2070.7
1103510 2067.8
1103520 2066.3
1103530 2066.3
1103540 2063.8
1103550 2061.0
1103560 2057.0
1103570 2053.4
1103580 2050.9
1103590 2050.9
1103600 2048.5
1103610 2046.4
1103620 2046.4
1103630 2044.0
1103640 2044.6
1103650 2044.6
1103660 2045.1
1103670 2044.4
1103680 2042.9
1103690 2042.9
1103700 2043.1
1103710 2041.7
1103720 2041.7
1103730 2040.2
1103740 2039.0
1103750 2039.0
1103760 2036.6
1103770 2033.7
1103780 2033.7
1103790 2032.0
1103800 2030.9
1103810 2030.9
1103820 2029.4
1103830 2027.9
1103840 2027.9
1103850 2026.1
1103860 2024.5
1103870 2022.1
1103880 2022.1
1103890 2014.3
1103900 2010.3
1103910 2010.3
1103920 2010.5
1103930 2008.7
1103940 2008.7
1103950 2006.2
1103960 2003.7
1103970 2003.7
1103980 2001.4
1103990 1998.7
1104000 1998.7
1104010 1997.0
1104020 1996.4
1104030 1996.4
1104040 1996.0
1104050 1994.9
1104060 1994.9
1104070 1992.9
1104080 1990.7
1104090 1988.6
1104100 1988.6
1104110 1986.7
1104120 1984.9
1104130 1984.9
1104140 1982.8
1104150 1981.7
1104160 1981.7
1104170 1980.2
1104180 1978.8
1104190 1978.8
1104200 1976.9
1104210 1974.9
1104220 1974.9
1104230 1968.7
1104240 1967.4
1104250 1967.4
1104260 1966.6
1104270 1964.8
1104280 1964.8
1104290 1962.0
1104300 1960.1
1104310 1959.1
1104320 1959.1
1104330 1958.2
1104340 1957.4
1104350 1957.4
1104360 1956.8
1104370 1955.8
1104380 1955.8
1104390 1955.2
1104400 1954.1
1104410 1954.1
1104420 1952.5
1104430 1951.9
1104440 1951.9
1104450 1950.8
1104460 1949.8
1104470 1949.8
1104480 1948.8
1104490 1947.3
1104500 1947.3
1104510 1942.6
1104520 1938.4
1104530 1934.4
1104540 1934.4
1104550 1929.2
1104560 1921.1
1104570 1921.1
1104580 1918.7
1104590 1917.0
1104600 1917.0
1104610 1915.3
1104620 1911.8
1104630 1911.8
1104640 1906.5
1104650 1899.5
1104660 1899.5
1104670 1892.5
1104680 1883.8
1104690 1883.8
1104700 1875.1
1104710 1868.0
1104720 1868.0
1104730 1864.2
1104740 1861.3
1104750 1859.0
1104760 1859.0
1104770 1858.2
1104780 1857.2
1104790 1857.2
1104800 1854.7
1104810 1853.1
1104820 1853.1
1104830 1851.4
1104840 1849.6
1104850 1849.6
1104860 1848.1
1104870 1844.6
1104880 1844.6
1104890 1836.0
1104900 1830.8
1104910 1830.8
1104920 1823.8
1104930 1816.7
1104940 1816.7
1104950 1809.0
1104960 1802.0
1104970 1794.6
1104980 1794.6
1104990 1788.0
1105000 1781.9
1105010 1781.9
1105020 1777.5
1105030 1774.3
1105040 1774.3
1105050 1770.2
1105060 1766.5
1105070 1766.5
1105080 1763.8
1105090 1760.1
1105100 1760.1
1105110 1756.2
1105120 1751.9
1105130 1751.9
1105140 1747.1
1105150 1741.5
1105160 1741.5
1105170 1735.6
1105180 1729.2
1105190 1722.3
1105200 1722.3
1105210 1717.0
1105220 1709.0
1105230 1709.5
1105240 1701.7
1105250 1693.2
1105260 1693.2
1105270 1681.8
1105280 1674.4
1105290 1674.4
1105300 1670.8
1105310 1666.4
1105320 1666.4
1105330 1662.2
1105340 1659.7
1105350 1659.7
1105360 1656.5
1105370 1651.9
1105380 1651.9
1105390 1648.5
1105400 1645.0
1105410 1644.1
1105420 1644.1
1105430 1644.8
1105440 1643.8
1105450 1643.8
1105460 1641.6
1105470 1638.8
1105480 1638.8
1105490 1635.2
1105500 1629.2
1105510 1629.2
1105520 1621.8
1105530 1615.0
1105540 1615.0
1105550 1608.9
1105560 1602.9
1105570 1602.9
1105580 1594.9
1105590 1586.3
1105600 1577.8
1105610 1577.8
1105620 1570.5
1105630 1563.5
1105640 1563.5
1105650 1556.7
1105660 1556.3
1105670 1556.3
1105680 1557.2
1105690 1556.5
1105700 1556.5
1105710 1555.2
1105720 1552.7
1105730 1552.7
1105740 1548.5
1105750 1546.6
1105760 1546.6
1105770 1544.2
1105780 1539.5
1105790 1539.5
1105800 1532.7
1105810 1528.0
1105820 1523.3
1105830 1523.3
1105840 1514.2
1105850 1508.9
1105860 1508.9
1105870 1509.3
1105880 1507.5
1105890 1507.5
1105900 1495.2
1105910 1490.8
1105920 1490.8
1105930 1484.3
1105940 1476.0
1105950 1476.0
1105960 1466.4
1105970 1456.9
1105980 1456.9
1105990 1449.0
1106000 1440.8
1106010 1440.8
1106020 1434.5
1106030 1429.2
1106040 1420.9
1106050 1420.9
1106060 1413.4
1106070 1407.1
1106080 1407.1
1106090 1405.4
1106100 1405.1
1106110 1405.1
1106120 1400.5
1106130 1395.5
1106140 1395.5
1106150 1390.9
1106160 1386.1
1106170 1386.1
1106180 1381.8
1106190 1377.2
1106200 1377.2
1106210 1372.9
1106220 1369.1
1106230 1363.4
1106240 1359.2
1106250 1355.4
1106260 1352.1
1106270 1352.1
1106280 1348.6
1106290 1345.5
1106300 1345.5
1106310 1343.7
1106320 1340.2
1106330 1340.2
1106340 1336.8
1106350 1334.1
1106360 1334.1
1106370 1331.8
1106380 1328.7
1106390 1328.7
1106400 1324.9
1106410 1321.5
1106420 1321.5
1106430 1319.3
1106440 1315.4
1106450 1315.4
1106460 1312.1
1106470 1309.0
1106480 1306.3
1106490 1306.3
1106500 1304.2
1106510 1301.8
1106520 1301.8
1106530 1297.4
1106540 1293.8
1106550 1293.8
1106560 1289.8
1106570 1287.3
1106580 1287.3
1106590 1284.4
1106600 1283.7
1106610 1283.7
1106620 1283.2
1106630 1282.0
1106640 1282.0
1106650 1280.7
1106660 1280.8
1106670 1280.8
1106680 1278.7
1106690 1275.1
1106700 1268.7
1106710 1268.7
1106720 1268.0
1106730 1266.7
1106740 1266.7
1106750 1260.9
1106760 1259.9
1106770 1259.9
1106780 1260.1
1106790 1261.8
1106800 1261.8
1106810 1259.0
1106820 1262.5
1106830 1262.5
1106840 1267.3
1106850 1269.1
1106860 1269.1
1106870 1267.1
1106880 1262.1
1106890 1262.1
1106900 1270.4
1106910 1266.3
1106920 1261.6
1106930 1261.6
1106940 1262.0
1106950 1262.8
1106960 1262.8
1106970 1258.4
1106980 1253.6
1106990 1253.6
1107000 1251.6
1107010 1250.6
1107020 1250.6
1107030 1245.5
1107040 1238.1
1107050 1238.1
1107060 1230.0
1107070 1223.0
1107080 1223.0
1107090 1217.3
1107100 1213.4
1107110 1213.1
1107120 1213.1
1107130 1215.3
1107140 1211.8
1107150 1211.8
1107160 1206.7
1107170 1205.2
1107180 1205.2
1107190 1201.3
1107200 1194.9
1107210 1194.9
1107220 1187.6
1107230 1180.7
1107240 1180.8
1107250 1173.8
1107260 1167.0
1107270 1167.0
1107280 1160.4
1107290 1154.0
1107300 1154.0
1107310 1148.2
1107320 1144.3
1107330 1143.2
1107340 1143.2
1107350 1147.8
1107360 1152.1
1107370 1152.1
1107380 1153.3
1107390 1150.8
1107400 1150.8
1107410 1146.7
1107420 1140.8
1107430 1140.8
1107440 1130.8
1107450 1121.4
1107460 1121.4
1107470 1113.2
1107480 1106.4
1107490 1106.4
1107500 1100.4
1107510 1094.2
1107520 1094.2
1107530 1087.5
1107540 1080.0
1107550 1073.4
1107560 1073.4
1107570 1071.3
1107580 1062.9
1107590 1062.9
1107600 1054.7
1107610 1046.1
1107620 1046.1
1107630 1037.0
1107640 1028.8
1107650 1028.8
1107660 1022.1
1107670 1015.2
1107680 1015.2
1107690 1006.1
1107700 998.6
1107710 998.6
1107720 991.9
1107730 984.8
1107740 984.8
1107750 977.8
1107760 970.8
1107770 964.9
1107780 964.9
1107790 958.8
1107800 952.6
1107810 952.6
1107820 947.9
1107830 944.2
1107840 944.2
1107850 941.4
1107860 939.3
1107870 939.3
1107880 937.1
1107890 934.9
1107900 934.9
1107910 934.2
1107920 932.3
1107930 932.3
1107940 930.3
1107950 929.0
1107960 929.0
1107970 927.6
1107980 926.0
1107990 924.1
1108000 924.1
1108010 922.3
1108020 919.9
1108030 919.9
1108040 917.9
1108050 916.4
1108060 916.4
1108070 914.3
1108080 912.2
1108090 912.2
1108100 910.4
1108110 908.7
1108120 908.7
1108130 906.9
1108140 904.8
1108150 904.8
1108160 903.1
1108170 901.4
1108180 901.4
1108190 899.4
1108200 898.2
1108210 896.6
1108220 896.6
1108230 895.2
1108240 893.3
1108250 892.0
1108260 886.8
1108270 882.2
1108280 882.2
1108290 879.7
1108300 875.9
1108310 875.9
1108320 873.2
1108330 871.5
1108340 871.5
1108350 871.9
1108360 872.9
1108370 872.9
1108380 872.8
1108390 874.8
1108400 874.8
1108410 881.6
1108420 895.4
1108430 908.1
1108440 908.1
1108450 913.4
1108460 913.4
1108470 913.4
1108480 911.1
1108490 909.0
1108500 909.0
1108510 906.7
1108520 903.4
1108530 903.4
1108540 896.6
1108550 891.1
1108560 891.1
1108570 894.0
1108580 902.7
1108590 902.7
1108600 909.5
1108610 915.0
1108620 915.0
1108630 920.0
1108640 919.3
1108650 915.2
1108660 915.2
1108670 910.8
1108680 906.4
1108690 906.4
1108700 901.9
1108710 897.1
1108720 897.1
1108730 892.5
1108740 887.7
1108750 887.7
1108760 883.4
1108770 878.9
1108780 878.9
1108790 873.9
1108800 870.0
1108810 870.0
1108820 868.0
1108830 865.9
1108840 863.1
1108850 863.1
1108860 860.2
1108870 859.0
1108880 859.0
1108890 857.8
1108900 856.6
1108910 856.6
1108920 858.1
1108930 855.1
1108940 855.1
1108950 852.0
1108960 849.1
1108970 849.1
1108980 846.0
1108990 843.6
1109000 843.6
1109010 841.2
1109020 838.9
1109030 838.9
1109040 836.8
1109050 833.5
1109060 831.2
1109070 831.2
1109080 829.9
1109090 827.4
1109100 827.4
1109110 825.9
1109120 823.9
1109130 823.9
1109140 823.7
1109150 823.8
1109160 823.8
1109170 824.0
1109180 824.0
1109190 824.0
1109200 823.8
1109210 823.7
1109220 823.7
1109230 823.7
1109240 823.9
1109250 823.9
1109260 824.3
1109270 824.6
1109280 824.8
1109290 824.8
1109300 825.1
1109310 825.7
1109320 825.7
1109330 826.3
1109340 826.7
1109350 826.7
1109360 827.4
1109370 827.8
1109380 827.8
1109390 828.3
1109400 828.2
1109410 828.2
1109420 829.0
1109430 828.9
1109440 828.9
1109450 829.4
1109460 830.0
1109470 830.0
1109480 830.5
1109490 831.0
1109500 831.7
1109510 831.7
1109520 832.2
1109530 832.7
1109540 832.7
1109550 833.0
1109560 833.2
1109570 833.2
1109580 831.2
1109590 826.5
1109600 829.6
1109610 827.2
1109620 826.3
1109630 826.3
1109640 825.6
1109650 825.5
1109660 825.5
1109670 825.6
1109680 823.1
1109690 823.1
1109700 820.8
1109710 821.9
1109720 823.3
1109730 823.3
1109740 823.7
1109750 827.6
1109760 827.6
1109770 832.7
1109780 835.4
1109790 835.4
1109800 843.4
1109810 847.1
1109820 847.1
1109830 847.5
1109840 848.0
1109850 848.0
1109860 848.9
1109870 850.2
1109880 850.2
1109890 851.0
1109900 851.7
1109910 851.7
1109920 851.9
1109930 851.1
1109940 851.5
1109950 851.5
1109960 851.9
1109970 852.3
1109980 852.3
1109990 852.7
1110000 853.1
1110010 853.1
1110020 853.5
1110030 853.9
1110040 853.9
1110050 854.5
1110060 855.0
1110070 855.0
1110080 855.6
1110090 856.3
1110100 856.3
1110110 856.7
1110120 857.3
1110130 857.3
1110140 858.1
1110150 858.7
1110160 859.3
1110170 859.3
1110180 860.2
1110190 861.2
1110200 861.2
1110210 862.4
1110220 863.6
1110230 863.6
1110240 865.1
1110250 866.7
1110260 866.7
1110270 866.7
1110280 867.5
1110290 867.5
1110300 868.3
1110310 869.1
1110320 869.1
1110330 869.3
1110340 869.1
1110350 868.6
1110360 868.6
1110370 868.3
1110380 868.1
1110390 868.1
1110400 869.7
1110410 874.5
1110420 874.5
1110430 875.1
1110440 875.2
1110450 875.2
1110460 875.4
1110470 875.6
1110480 875.6
1110490 876.0
1110500 876.5
1110510 876.5
1110520 875.5
1110530 871.3
1110540 871.3
1110550 872.7
1110560 877.0
1110570 877.1
1110580 877.1
1110590 877.0
1110600 876.7
1110610 875.2
1110620 874.7
1110630 875.3
1110640 875.3
1110650 876.1
1110660 876.6
1110670 876.6
1110680 877.2
1110690 877.5
1110700 877.5
1110710 877.7
1110720 878.1
1110730 878.1
1110740 878.9
1110750 879.2
1110760 879.2
1110770 879.1
1110780 879.5
1110790 880.6
1110800 880.6
1110810 882.2
1110820 884.1
1110830 884.1
1110840 885.5
1110850 886.0
1110860 886.0
1110870 886.6
1110880 887.0
1110890 887.0
1110900 887.5
1110910 887.9
1110920 887.9
1110930 888.2
1110940 889.1
1110950 888.5
1110960 889.0
1110970 890.0
1110980 890.0
1110990 891.2
1111000 892.4
1111010 893.1
1111020 893.1
1111030 893.2
1111040 893.9
1111050 893.9
1111060 895.1
1111070 896.1
1111080 896.1
1111090 897.1
1111100 897.7
1111110 897.7
1111120 898.3
1111130 899.1
1111140 899.1
1111150 899.8
1111160 900.6
1111170 900.6
1111180 901.0
1111190 901.3
1111200 901.3
1111210 901.8
1111220 902.4
1111230 902.8
1111240 902.8
1111250 903.5
1111260 904.7
1111270 904.7
1111280 906.3
1111290 905.3
1111300 905.3
1111310 905.8
1111320 906.4
1111330 906.4
1111340 907.6
1111350 909.3
1111360 909.3
1111370 909.8
1111380 910.1
1111390 910.1
1111400 910.3
1111410 910.4
1111420 910.4
1111430 911.5
1111440 911.5
1111450 911.9
1111460 911.9
1111470 912.3
1111480 911.5
1111490 911.5
1111500 911.7
1111510 912.8
1111520 912.8
1111530 913.4
1111540 913.9
1111550 913.9
1111560 914.7
1111570 915.3
1111580 915.3
1111590 916.0
1111600 917.2
1111610 917.2
1111620 918.7
1111630 919.4
1111640 919.4
1111650 918.8
1111660 915.5
1111670 919.8
1111680 919.8
1111690 919.3
1111700 920.2
1111710 920.2
1111720 923.3
1111730 924.2
1111740 924.2
1111750 925.5
1111760 926.5
1111770 926.5
1111780 927.2
1111790 928.7
1111800 928.7
1111810 929.5
1111820 930.6
1111830 930.6
1111840 930.9
1111850 931.8
1111860 932.1
1111870 932.1
1111880 933.0
1111890 933.4
1111900 933.4
1111910 932.8
1111920 934.0
1111930 934.0
1111940 935.2
1111950 935.3
1111960 935.3
1111970 933.7
1111980 934.6
1111990 934.6
1112000 935.4
1112010 935.8
1112020 935.8
1112030 936.5
1112040 936.3
1112050 936.3
1112060 937.3
1112070 938.7
1112080 939.3
1112090 939.3
1112100 939.1
1112110 939.3
1112120 939.3
1112130 940.2
1112140 942.3
1112150 942.3
1112160 943.6
1112170 944.5
1112180 944.5
1112190 944.3
1112200 944.9
1112210 944.9
1112220 945.9
1112230 941.4
1112240 941.4
1112250 944.6
1112260 946.1
1112270 946.1
1112280 948.0
1112290 951.7
1112300 958.2
1112310 952.8
1112320 958.2
1112330 964.3
1112340 964.3
1112350 973.0
1112360 985.1
1112370 985.1
1112380 994.3
1112390 1002.8
1112400 1002.8
1112410 1011.5
1112420 1019.6
1112430 1019.6
1112440 1028.8
1112450 1034.6
1112460 1034.6
1112470 1040.1
1112480 1047.2
1112490 1047.2
1112500 1052.6
1112510 1055.6
1112520 1062.7
1112530 1062.7
1112540 1068.8
1112550 1072.9
1112560 1072.9
1112570 1077.6
1112580 1082.5
1112590 1082.5
1112600 1087.7
1112610 1093.3
1112620 1093.3
1112630 1102.1
1112640 1112.8
1112650 1105.9
1112660 1113.6
1112670 1117.8
1112680 1117.8
1112690 1120.4
1112700 1121.2
1112710 1121.2
1112720 1121.5
1112730 1122.8
1112740 1124.3
1112750 1124.3
1112760 1125.1
1112770 1125.0
1112780 1125.0
1112790 1126.5
1112800 1130.7
1112810 1130.7
1112820 1138.0
1112830 1147.0
1112840 1147.0
1112850 1164.1
1112860 1175.5
1112870 1175.5
1112880 1186.0
1112890 1195.2
1112900 1195.2
1112910 1201.3
1112920 1205.2
1112930 1205.2
1112940 1206.6
1112950 1208.7
1112960 1212.9
1112970 1212.9
1112980 1216.1
1112990 1214.1
1113000 1214.1
1113010 1216.9
1113020 1219.3
1113030 1219.3
1113040 1221.6
1113050 1224.4
1113060 1224.4
1113070 1226.8
1113080 1228.2
1113090 1228.2
1113100 1229.1
1113110 1230.7
1113120 1230.7
1113130 1234.1
1113140 1237.7
1113150 1237.7
1113160 1241.0
1113170 1244.6
1113180 1246.8
1113190 1246.8
1113200 1248.1
1113210 1248.9
1113220 1248.9
1113230 1251.1
1113240 1253.7
1113250 1253.7
1113260 1255.6
1113270 1256.4
1113280 1256.4
1113290 1255.5
1113300 1254.1
1113310 1254.1
1113320 1255.3
1113330 1253.2
1113340 1253.2
1113350 1255.3
1113360 1254.9
1113370 1255.8
1113380 1255.8
1113390 1257.4
1113400 1261.2
1113410 1261.2
1113420 1265.9
1113430 1268.6
1113440 1268.6
1113450 1269.5
1113460 1269.1
1113470 1269.1
1113480 1269.4
1113490 1272.3
1113500 1272.3
1113510 1277.7
1113520 1281.6
1113530 1281.6
1113540 1283.7
1113550 1284.9
1113560 1284.9
1113570 1285.5
1113580 1286.8
1113590 1288.3
1113600 1288.3
1113610 1287.1
1113620 1285.0
1113630 1285.0
1113640 1284.5
1113650 1284.9
1113660 1284.9
1113670 1280.2
1113680 1281.4
1113690 1281.4
1113700 1282.3
1113710 1281.6
1113720 1281.6
1113730 1283.9
1113740 1289.5
1113750 1289.5
1113760 1296.1
1113770 1302.9
1113780 1302.9
1113790 1310.5
1113800 1318.1
1113810 1324.5
1113820 1324.5
1113830 1332.1
1113840 1339.0
1113850 1339.0
1113860 1345.0
1113870 1352.1
1113880 1352.1
1113890 1359.1
1113900 1362.1
1113910 1362.1
1113920 1364.0
1113930 1367.8
1113940 1367.8
1113950 1371.7
1113960 1376.1
1113970 1376.1
1113980 1381.3
1113990 1386.4
1114000 1386.4
1114010 1391.7
1114020 1393.8
1114030 1396.4
1114040 1396.4
1114050 1398.5
1114060 1400.6
1114070 1400.6
1114080 1404.5
1114090 1408.2
1114100 1408.2
1114110 1411.9
1114120 1415.7
1114130 1415.7
1114140 1420.4
1114150 1425.8
1114160 1425.8
1114170 1430.6
1114180 1435.4
1114190 1435.4
1114200 1438.9
1114210 1442.3
1114220 1442.3
1114230 1446.5
1114240 1451.5
1114250 1456.7
1114260 1456.7
1114270 1461.6
1114280 1466.3
1114290 1466.3
1114300 1469.0
1114310 1467.7
1114320 1467.7
1114330 1463.5
1114340 1464.0
1114350 1464.0
1114360 1462.1
1114370 1468.4
1114380 1468.4
1114390 1468.3
1114400 1466.4
1114410 1466.4
1114420 1464.7
1114430 1460.1
1114440 1460.1
1114450 1457.0
1114460 1455.3
1114470 1451.3
1114480 1451.3
1114490 1446.2
1114500 1441.5
1114510 1441.5
1114520 1440.4
1114530 1439.6
1114540 1439.6
1114550 1437.0
1114560 1434.2
1114570 1434.2
1114580 1428.2
1114590 1421.0
1114600 1421.0
1114610 1414.5
1114620 1409.0
1114630 1409.0
1114640 1402.5
1114650 1393.9
1114660 1393.9
1114670 1389.6
1114680 1387.6
1114690 1380.6
1114700 1376.6
1114710 1380.2
1114720 1388.1
1114730 1388.1
1114740 1398.2
1114750 1407.0
1114760 1407.0
1114770 1415.1
1114780 1425.8
1114790 1425.8
1114800 1435.7
1114810 1444.9
1114820 1444.9
1114830 1452.3
1114840 1459.5
1114850 1459.5
1114860 1466.5
1114870 1473.2
1114880 1475.9
1114890 1475.9
1114900 1474.1
1114910 1472.5
1114920 1472.5
1114930 1473.0
1114940 1480.7
1114950 1480.7
1114960 1485.8
1114970 1485.7
1114980 1485.7
1114990 1484.1
1115000 1485.0
1115010 1485.0
1115020 1489.6
1115030 1488.3
1115040 1499.5
1115050 1503.3
1115060 1510.4
1115070 1510.4
1115080 1520.0
1115090 1524.6
1115100 1525.8
1115110 1525.8
1115120 1526.4
1115130 1530.7
1115140 1530.7
1115150 1539.8
1115160 1547.5
1115170 1547.5
1115180 1554.0
1115190 1557.9
1115200 1557.9
1115210 1564.4
1115220 1571.1
1115230 1571.1
1115240 1573.7
1115250 1577.9
1115260 1577.9
1115270 1583.6
1115280 1592.1
1115290 1592.1
1115300 1601.8
1115310 1609.0
1115320 1611.8
1115330 1611.8
1115340 1612.7
1115350 1615.6
1115360 1615.6
1115370 1625.0
1115380 1627.4
1115390 1636.0
1115400 1634.7
1115410 1637.8
1115420 1637.8
1115430 1646.1
1115440 1655.2
1115450 1655.2
1115460 1659.9
1115470 1661.3
1115480 1661.3
1115490 1665.0
1115500 1664.9
1115510 1664.9
1115520 1669.0
1115530 1673.0
1115540 1676.5
1115550 1676.5
1115560 1679.9
1115570 1684.1
1115580 1684.1
1115590 1686.9
1115600 1689.1
1115610 1689.1
1115620 1691.2
1115630 1689.9
1115640 1689.9
1115650 1690.8
1115660 1691.4
1115670 1691.4
1115680 1692.5
1115690 1695.6
1115700 1695.6
1115710 1697.6
1115720 1698.1
1115730 1705.0
1115740 1707.4
1115750 1705.9
1115760 1708.7
1115770 1708.7
1115780 1711.5
1115790 1711.2
1115800 1711.2
1115810 1712.6
1115820 1715.3
1115830 1715.3
1115840 1716.4
1115850 1718.9
1115860 1718.9
1115870 1723.6
1115880 1727.5
1115890 1727.5
1115900 1729.6
1115910 1732.3
1115920 1732.3
1115930 1736.2
1115940 1742.6
1115950 1742.6
1115960 1750.4
1115970 1759.2
1115980 1764.2
1115990 1764.2
1116000 1765.7
1116010 1766.3
1116020 1766.3
1116030 1767.1
1116040 1767.3
1116050 1767.3
1116060 1767.3
1116070 1774.9
1116080 1774.9
1116090 1774.0
1116100 1773.3
1116110 1773.3
1116120 1773.4
1116130 1774.9
1116140 1774.9
1116150 1775.8
1116160 1776.8
1116170 1778.6
1116180 1778.6
1116190 1778.8
1116200 1780.1
1116210 1780.1
1116220 1782.3
1116230 1783.9
1116240 1783.9
1116250 1781.9
1116260 1782.9
1116270 1782.9
1116280 1785.6
1116290 1786.2
1116300 1786.2
1116310 1784.9
1116320 1784.0
1116330 1784.0
1116340 1784.9
1116350 1784.6
1116360 1784.6
1116370 1781.8
1116380 1784.9
1116390 1790.7
1116400 1790.7
1116410 1793.0
1116420 1796.6
1116430 1796.6
1116440 1796.7
1116450 1796.3
1116460 1796.3
1116470 1797.5
1116480 1799.0
1116490 1799.0
1116500 1801.0
1116510 1803.1
1116520 1803.1
1116530 1804.6
1116540 1805.5
1116550 1805.5
1116560 1806.8
1116570 1808.5
1116580 1808.5
1116590 1810.5
1116600 1811.5
1116610 1812.4
1116620 1812.4
1116630 1815.2
1116640 1818.0
1116650 1818.0
1116660 1819.9
1116670 1821.9
1116680 1821.9
1116690 1823.5
1116700 1824.1
1116710 1824.1
1116720 1826.0
1116730 1828.5
1116740 1828.5
1116750 1830.5
1116760 1837.8
1116770 1837.8
1116780 1839.5
1116790 1841.4
1116800 1841.4
1116810 1843.1
1116820 1846.0
1116830 1848.9
1116840 1848.9
1116850 1853.0
1116860 1857.1
1116870 1857.1
1116880 1860.9
1116890 1864.4
1116900 1864.4
1116910 1867.1
1116920 1870.1
1116930 1870.1
1116940 1873.0
1116950 1874.8
1116960 1874.8
1116970 1876.6
1116980 1877.6
1116990 1877.6
1117000 1877.8
1117010 1878.4
1117020 1878.4
1117030 1877.1
1117040 1878.2
1117050 1879.4
1117060 1879.4
1117070 1880.6
1117080 1883.0
1117090 1883.0
1117100 1884.6
1117110 1892.4
1117120 1892.4
1117130 1893.7
1117140 1894.2
1117150 1894.2
1117160 1894.2
1117170 1897.3
1117180 1897.3
1117190 1902.4
1117200 1907.2
1117210 1907.2
1117220 1910.5
1117230 1913.8
1117240 1913.8
1117250 1919.3
1117260 1925.2
1117270 1929.6
1117280 1929.6
1117290 1931.8
1117300 1933.8
1117310 1933.8
1117320 1930.4
1117330 1923.7
1117340 1923.7
1117350 1927.8
1117360 1929.7
1117370 1929.7
1117380 1930.8
1117390 1927.8
1117400 1927.8
1117410 1927.1
1117420 1928.1
1117430 1928.1
1117440 1931.4
1117450 1942.1
1117460 1942.1
1117470 1944.8
1117480 1946.5
1117490 1951.5
1117500 1951.5
1117510 1958.4
1117520 1968.9
1117530 1968.9
1117540 1976.4
1117550 1981.0
1117560 1981.0
1117570 1985.0
1117580 1991.7
1117590 1991.7
1117600 1994.9
1117610 1986.5
1117620 1986.5
1117630 1980.3
1117640 1981.5
1117650 1981.5
1117660 1983.5
1117670 1985.4
1117680 1988.2
1117690 1988.2
1117700 1990.4
1117710 1991.4
1117720 1991.4
1117730 1991.4
1117740 1993.0
1117750 1993.0
1117760 1993.5
1117770 1992.5
1117780 1992.5
1117790 1992.4
1117800 2001.2
1117810 2001.2
1117820 2001.4
1117830 2002.5
1117840 2002.5
1117850 2001.6
1117860 2002.3
1117870 2002.3
1117880 2003.6
1117890 2005.7
1117900 2006.2
1117910 2006.2
1117920 2006.6
1117930 2008.1
1117940 2008.1
1117950 2010.8
1117960 2014.6
1117970 2014.6
1117980 2015.2
1117990 2014.3
1118000 2014.3
1118010 2016.0
1118020 2017.3
1118030 2017.3
1118040 2017.1
1118050 2015.9
1118060 2015.9
1118070 2015.1
1118080 2014.1
1118090 2014.1
1118100 2012.0
1118110 2009.7
1118120 2008.4
1118130 2008.4
1118140 2012.9
1118150 2011.6
1118160 2011.6
1118170 2010.7
1118180 2011.5
1118190 2011.5
1118200 2011.4
1118210 2011.2
1118220 2011.2
1118230 2011.3
1118240 2011.4
1118250 2011.4
1118260 2012.5
1118270 2013.8
1118280 2013.8
1118290 2016.1
1118300 2018.6
1118310 2018.6
1118320 2021.1
1118330 2023.5
1118340 2025.0
1118350 2025.0
1118360 2027.0
1118370 2029.1
1118380 2029.1
1118390 2030.6
1118400 2031.8
1118410 2031.8
1118420 2032.6
1118430 2033.0
1118440 2033.0
1118450 2033.4
1118460 2033.6
1118470 2033.6
1118480 2034.2
1118490 2039.2
1118500 2039.2
1118510 2040.4
1118520 2041.8
1118530 2041.8
1118540 2041.9
1118550 2041.6
1118560 2046.6
1118570 2046.6
1118580 2053.3
1118590 2057.9
1118600 2057.9
1118610 2061.4
1118620 2066.4
1118630 2066.4
1118640 2069.9
1118650 2072.9
1118660 2072.9
1118670 2078.7
1118680 2086.2
1118690 2086.2
1118700 2091.2
1118710 2093.8
1118720 2093.8
1118730 2094.3
1118740 2093.0
1118750 2093.0
1118760 2091.4
1118770 2093.6
1118780 2096.2
1118790 2096.2
1118800 2098.5
1118810 2101.6
1118820 2101.6
1118830 2104.8
1118840 2106.4
1118850 2106.4
1118860 2106.9
1118870 2106.9
1118880 2106.9
1118890 2107.2
1118900 2106.7
1118910 2106.7
1118920 2105.9
1118930 2105.1
1118940 2105.1
1118950 2104.2
1118960 2103.3
1118970 2103.4
1118980 2103.4
1118990 2104.0
1119000 2104.5
1119010 2104.5
1119020 2105.1
1119030 2105.7
1119040 2105.7
1119050 2106.3
1119060 2107.8
1119070 2107.8
1119080 2109.5
1119090 2111.5
1119100 2111.5
1119110 2113.2
1119120 2114.6
1119130 2114.6
1119140 2115.9
1119150 2116.8
1119160 2116.8
1119170 2117.4
1119180 2119.9
1119190 2120.9
1119200 2120.9
1119210 2121.7
1119220 2122.4
1119230 2122.4
1119240 2123.5
1119250 2124.8
1119260 2124.8
1119270 2125.9
1119280 2126.3
1119290 2126.3
1119300 2127.3
1119310 2128.5
1119320 2128.5
1119330 2129.6
1119340 2131.2
1119350 2131.2
1119360 2132.8
1119370 2134.7
1119380 2134.7
1119390 2136.9
1119400 2139.3
1119410 2141.7
1119420 2141.7
1119430 2143.7
1119440 2146.0
1119450 2146.0
1119460 2149.3
1119470 2151.5
1119480 2151.5
1119490 2153.9
1119500 2156.7
1119510 2156.7
1119520 2161.3
1119530 2166.6
1119540 2166.6
1119550 2170.5
1119560 2175.8
1119570 2175.8
1119580 2180.2
1119590 2184.3
1119600 2184.3
1119610 2187.8
1119620 2192.5
1119630 2197.4
1119640 2197.4
1119650 2202.3
1119660 2207.1
1119670 2207.1
1119680 2212.6
1119690 2217.8
1119700 2217.8
1119710 2223.3
1119720 2228.1
1119730 2228.1
1119740 2233.3
1119750 2238.2
1119760 2238.2
1119770 2242.6
1119780 2247.1
1119790 2247.1
1119800 2252.0
1119810 2257.6
1119820 2257.6
1119830 2263.3
1119840 2268.6
1119850 2273.3
1119860 2273.3
1119870 2276.9
1119880 2281.6
1119890 2281.6
1119900 2286.1
1119910 2289.9
1119920 2289.9
1119930 2292.9
1119940 2295.5
1119950 2295.5
1119960 2297.4
1119970 2297.5
1119980 2297.5
1119990 2295.1
