1100000 2171.9
1100010 2171.6
1100020 2171.6
1100030 2170.2
1100040 2169.3
1100050 2169.3
1100060 2170.8
1100070 2173.3
1100080 2176.4
1100090 2176.4
1100100 2178.9
1100110 2180.4
1100120 2180.4
1100130 2183.5
1100140 2186.7
1100150 2186.7
1100160 2190.9
1100170 2195.1
1100180 2195.1
1100190 2200.2
1100200 2206.0
1100210 2206.0
1100220 2212.0
1100230 2217.6
1100240 2217.6
1100250 2223.2
1100260 2227.9
1100270 2227.9
1100280 2232.7
1100290 2239.0
1100300 2246.3
1100310 2246.3
1100320 2254.9
1100330 2264.1
1100340 2264.1
1100350 2272.9
1100360 2280.0
1100370 2280.0
1100380 2283.0
1100390 2284.0
1100400 2284.0
1100410 2284.5
1100420 2282.8
1100430 2282.8
1100440 2280.0
1100450 2276.0
1100460 2276.0
1100470 2274.3
1100480 2266.7
1100490 2266.7
1100500 2259.8
1100510 2254.0
1100520 2249.5
1100530 2249.5
1100540 2245.2
1100550 2241.1
1100560 2241.1
1100570 2236.4
1100580 2230.8
1100590 2230.8
1100600 2225.0
1100610 2219.7
1100620 2219.7
1100630 2215.6
1100640 2211.6
1100650 2211.6
1100660 2207.0
1100670 2201.8
1100680 2201.8
1100690 2196.1
1100700 2192.3
1100710 2193.1
1100720 2193.1
1100730 2191.4
1100740 2186.7
1100750 2186.7
1100760 2183.3
1100770 2183.3
1100780 2183.3
1100790 2184.8
1100800 2182.4
1100810 2182.4
1100820 2181.6
1100830 2181.1
1100840 2181.1
1100850 2181.2
1100860 2182.2
1100870 2182.2
1100880 2183.6
1100890 2184.4
1100900 2184.4
1100910 2184.2
1100920 2183.9
1100930 2183.6
1100940 2183.6
1100950 2181.9
1100960 2179.3
1100970 2179.3
1100980 2176.3
1100990 2174.1
1101000 2174.1
1101010 2172.1
1101020 2170.9
1101030 2170.9
1101040 2170.9
1101050 2170.2
1101060 2170.2
1101070 2168.4
1101080 2168.3
1101090 2168.3
1101100 2169.0
1101110 2169.4
1101120 2169.4
1101130 2161.8
1101140 2161.9
1101150 2162.2
1101160 2162.2
1101170 2161.3
1101180 2158.9
1101190 2158.9
1101200 2154.5
1101210 2148.2
1101220 2148.2
1101230 2141.4
1101240 2134.7
1101250 2134.7
1101260 2126.3
1101270 2119.2
1101280 2119.2
1101290 2112.1
1101300 2103.3
1101310 2103.3
1101320 2096.2
1101330 2089.2
1101340 2089.2
1101350 2081.8
1101360 2074.7
1101370 2068.0
1101380 2068.0
1101390 2060.6
1101400 2053.4
1101410 2053.4
1101420 2046.6
1101430 2039.3
1101440 2039.3
1101450 2032.3
1101460 2025.6
1101470 2025.6
1101480 2018.7
1101490 2012.0
1101500 2012.0
1101510 2005.3
1101520 2000.1
1101530 2000.1
1101540 1995.5
1101550 1988.2
1101560 1988.2
1101570 1982.0
1101580 1977.0
1101590 1970.8
1101600 1970.8
1101610 1966.1
1101620 1961.8
1101630 1961.8
1101640 1955.0
1101650 1945.0
1101660 1945.0
1101670 1936.0
1101680 1928.5
1101690 1928.5
1101700 1921.8
1101710 1916.0
1101720 1916.0
1101730 1912.3
1101740 1912.5
1101750 1912.5
1101760 1912.5
1101770 1914.3
1101780 1914.3
1101790 1919.0
1101800 1922.4
1101810 1926.3
1101820 1926.3
1101830 1930.6
1101840 1935.2
1101850 1935.2
1101860 1940.1
1101870 1945.6
1101880 1945.6
1101890 1950.9
1101900 1956.4
1101910 1956.4
1101920 1962.3
1101930 1968.1
1101940 1968.1
1101950 1974.1
1101960 1980.6
1101970 1980.6
1101980 1986.7
1101990 1993.1
1102000 1993.1
1102010 1999.5
1102020 2006.2
1102030 2013.2
1102040 2013.2
1102050 2020.5
1102060 2027.7
1102070 2027.7
1102080 2035.3
1102090 2043.1
1102100 2043.1
1102110 2050.9
1102120 2058.6
1102130 2059.1
1102140 2066.8
1102150 2074.0
1102160 2074.0
1102170 2081.2
1102180 2089.7
1102190 2089.7
1102200 2100.2
1102210 2116.6
1102220 2116.6
1102230 2125.7
1102240 2131.2
1102250 2138.9
1102260 2138.9
1102270 2148.4
1102280 2158.7
1102290 2158.7
1102300 2168.7
1102310 2177.1
1102320 2177.1
1102330 2182.9
1102340 2188.5
1102350 2188.5
1102360 2192.7
1102370 2197.3
1102380 2197.3
1102390 2203.3
1102400 2211.4
1102410 2211.4
1102420 2219.0
1102430 2226.1
1102440 2226.1
1102450 2232.8
1102460 2244.4
1102470 2261.4
1102480 2261.4
1102490 2281.4
1102500 2295.9
1102510 2295.9
1102520 2304.8
1102530 2304.0
1102540 2304.0
1102550 2299.8
1102560 2294.3
1102570 2294.3
1102580 2290.7
1102590 2286.0
1102600 2286.0
1102610 2283.3
1102620 2281.5
1102630 2281.5
1102640 2281.3
1102650 2279.9
1102660 2278.0
1102670 2278.0
1102680 2275.0
1102690 2270.1
1102700 2270.1
1102710 2265.4
1102720 2261.2
1102730 2261.2
1102740 2258.1
1102750 2255.1
1102760 2255.1
1102770 2251.0
1102780 2248.8
1102790 2242.4
1102800 2240.8
1102810 2239.8
1102820 2239.8
1102830 2240.3
1102840 2240.3
1102850 2240.3
1102860 2240.3
1102870 2240.7
1102880 2240.4
1102890 2240.4
1102900 2240.6
1102910 2240.5
1102920 2240.5
1102930 2241.4
1102940 2242.0
1102950 2242.0
1102960 2243.0
1102970 2245.4
1102980 2245.4
1102990 2248.5
1103000 2251.7
1103010 2251.7
1103020 2253.9
1103030 2254.8
1103040 2254.8
1103050 2253.0
1103060 2251.7
1103070 2251.7
1103080 2249.8
1103090 2247.3
1103100 2245.0
1103110 2245.0
1103120 2237.4
1103130 2237.5
1103140 2237.5
1103150 2236.8
1103160 2234.2
1103170 2234.2
1103180 2230.4
1103190 2226.6
1103200 2226.6
1103210 2221.5
1103220 2217.3
1103230 2217.3
1103240 2215.3
1103250 2213.0
1103260 2213.0
1103270 2210.7
1103280 2207.5
1103290 2207.5
1103300 2203.5
1103310 2198.6
1103320 2195.3
1103330 2195.3
1103340 2194.0
1103350 2194.2
1103360 2194.2
1103370 2194.3
1103380 2194.1
1103390 2194.1
1103400 2194.1
1103410 2193.9
1103420 2193.9
1103430 2194.0
1103440 2196.5
1103450 2192.1
1103460 2195.0
1103470 2196.9
1103480 2196.9
1103490 2197.0
1103500 2197.4
1103510 2197.4
1103520 2196.8
1103530 2195.2
1103540 2193.3
1103550 2193.3
1103560 2190.4
1103570 2187.0
1103580 2187.0
1103590 2184.2
1103600 2181.2
1103610 2181.2
1103620 2180.5
1103630 2180.1
1103640 2180.1
1103650 2178.3
1103660 2176.0
1103670 2176.0
1103680 2172.7
1103690 2170.4
1103700 2170.4
1103710 2167.7
1103720 2167.2
1103730 2167.2
1103740 2167.8
1103750 2168.3
1103760 2167.6
1103770 2167.6
1103780 2166.2
1103790 2158.6
1103800 2158.6
1103810 2158.0
1103820 2158.5
1103830 2158.5
1103840 2158.2
1103850 2157.8
1103860 2157.8
1103870 2157.3
1103880 2155.9
1103890 2155.9
1103900 2152.7
1103910 2149.6
1103920 2149.6
1103930 2149.1
1103940 2148.1
1103950 2148.1
1103960 2146.2
1103970 2144.8
1103980 2143.3
1103990 2143.3
1104000 2142.0
1104010 2140.7
1104020 2140.7
1104030 2139.8
1104040 2139.9
1104050 2139.9
1104060 2140.5
1104070 2142.6
1104080 2142.6
1104090 2145.0
1104100 2147.6
1104110 2147.6
1104120 2144.8
1104130 2145.6
1104140 2145.6
1104150 2145.2
1104160 2144.2
1104170 2144.2
1104180 2142.8
1104190 2140.2
1104200 2136.0
1104210 2136.0
1104220 2131.5
1104230 2126.1
1104240 2126.1
1104250 2124.3
1104260 2123.5
1104270 2123.5
1104280 2121.2
1104290 2118.7
1104300 2118.7
1104310 2116.2
1104320 2112.3
1104330 2112.3
1104340 2108.7
1104350 2105.7
1104360 2105.7
1104370 2104.8
1104380 2103.4
1104390 2103.4
1104400 2101.6
1104410 2099.9
1104420 2098.2
1104430 2098.2
1104440 2095.9
1104450 2089.4
1104460 2089.4
1104470 2088.1
1104480 2085.4
1104490 2085.4
1104500 2083.1
1104510 2081.5
1104520 2081.5
1104530 2080.2
1104540 2079.4
1104550 2079.4
1104560 2079.3
1104570 2078.9
1104580 2078.9
1104590 2077.8
1104600 2074.8
1104610 2070.6
1104620 2070.6
1104630 2066.4
1104640 2062.9
1104650 2062.9
1104660 2060.2
1104670 2054.1
1104680 2054.1
1104690 2038.3
1104700 2018.3
1104710 2018.3
1104720 2010.0
1104730 2002.4
1104740 2002.4
1104750 1996.5
1104760 1992.1
1104770 1992.1
1104780 1985.4
1104790 1972.7
1104800 1972.7
1104810 1963.4
1104820 1955.6
1104830 1949.8
1104840 1949.8
1104850 1945.9
1104860 1941.9
1104870 1941.9
1104880 1936.1
1104890 1929.3
1104900 1929.3
1104910 1924.9
1104920 1921.3
1104930 1921.3
1104940 1918.9
1104950 1917.3
1104960 1917.3
1104970 1916.4
1104980 1914.9
1104990 1914.9
1105000 1913.4
1105010 1912.3
1105020 1912.3
1105030 1911.0
1105040 1909.9
1105050 1909.9
1105060 1909.9
1105070 1909.8
1105080 1909.1
1105090 1909.1
1105100 1905.7
1105110 1901.0
1105120 1895.6
1105130 1892.7
1105140 1885.4
1105150 1885.4
1105160 1880.0
1105170 1873.7
1105180 1873.7
1105190 1868.4
1105200 1863.4
1105210 1863.4
1105220 1858.2
1105230 1854.5
1105240 1854.5
1105250 1851.2
1105260 1846.3
1105270 1843.0
1105280 1843.0
1105290 1841.3
1105300 1841.3
1105310 1841.3
1105320 1840.5
1105330 1839.0
1105340 1839.0
1105350 1837.0
1105360 1834.6
1105370 1834.6
1105380 1830.4
1105390 1829.1
1105400 1829.1
1105410 1827.0
1105420 1824.1
1105430 1824.1
1105440 1819.3
1105450 1809.6
1105460 1809.6
1105470 1805.5
1105480 1800.5
1105490 1794.6
1105500 1794.6
1105510 1788.3
1105520 1781.8
1105530 1781.8
1105540 1775.9
1105550 1769.7
1105560 1769.7
1105570 1763.3
1105580 1757.4
1105590 1757.4
1105600 1753.6
1105610 1751.3
1105620 1751.3
1105630 1747.0
1105640 1739.7
1105650 1739.7
1105660 1733.0
1105670 1728.3
1105680 1728.3
1105690 1723.7
1105700 1716.9
1105710 1710.9
1105720 1710.9
1105730 1705.0
1105740 1699.2
1105750 1699.2
1105760 1692.3
1105770 1682.5
1105780 1682.5
1105790 1668.8
1105800 1663.6
1105810 1663.6
1105820 1655.0
1105830 1647.8
1105840 1647.8
1105850 1643.9
1105860 1638.4
1105870 1638.4
1105880 1632.4
1105890 1623.6
1105900 1623.6
1105910 1615.4
1105920 1610.7
1105930 1605.8
1105940 1605.8
1105950 1599.3
1105960 1594.1
1105970 1594.1
1105980 1588.9
1105990 1582.6
1106000 1582.6
1106010 1575.3
1106020 1568.7
1106030 1568.7
1106040 1564.8
1106050 1563.1
1106060 1563.1
1106070 1558.9
1106080 1549.9
1106090 1549.9
1106100 1539.8
1106110 1532.9
1106120 1530.4
1106130 1523.6
1106140 1517.2
1106150 1512.5
1106160 1512.5
1106170 1509.8
1106180 1508.4
1106190 1508.4
1106200 1506.2
1106210 1503.1
1106220 1503.1
1106230 1500.4
1106240 1497.5
1106250 1497.5
1106260 1493.2
1106270 1488.4
1106280 1488.4
1106290 1485.4
1106300 1482.3
1106310 1482.3
1106320 1479.8
1106330 1478.9
1106340 1478.9
1106350 1479.5
1106360 1477.9
1106370 1475.9
1106380 1475.9
1106390 1474.6
1106400 1472.6
1106410 1472.6
1106420 1469.0
1106430 1465.7
1106440 1465.7
1106450 1462.9
1106460 1453.4
1106470 1453.4
1106480 1452.3
1106490 1451.3
1106500 1451.3
1106510 1449.2
1106520 1445.2
1106530 1445.2
1106540 1442.4
1106550 1439.5
1106560 1435.5
1106570 1435.5
1106580 1434.7
1106590 1436.5
1106600 1436.5
1106610 1435.7
1106620 1433.9
1106630 1433.9
1106640 1431.6
1106650 1429.6
1106660 1429.6
1106670 1427.5
1106680 1425.6
1106690 1425.6
1106700 1423.0
1106710 1418.6
1106720 1418.6
1106730 1413.3
1106740 1408.0
1106750 1408.0
1106760 1402.6
1106770 1395.9
1106780 1389.2
1106790 1382.3
1106800 1376.6
1106810 1371.4
1106820 1371.4
1106830 1363.7
1106840 1356.3
1106850 1356.3
1106860 1350.5
1106870 1344.5
1106880 1344.5
1106890 1338.7
1106900 1334.0
1106910 1334.0
1106920 1330.2
1106930 1326.4
1106940 1326.4
1106950 1323.2
1106960 1320.0
1106970 1320.0
1106980 1317.1
1106990 1314.2
1107000 1310.2
1107010 1310.2
1107020 1304.1
1107030 1297.2
1107040 1297.2
1107050 1289.9
1107060 1283.3
1107070 1283.3
1107080 1276.9
1107090 1270.4
1107100 1270.4
1107110 1263.1
1107120 1254.8
1107130 1252.2
1107140 1244.1
1107150 1236.1
1107160 1236.1
1107170 1229.2
1107180 1223.7
1107190 1223.7
1107200 1220.8
1107210 1222.5
1107220 1219.7
1107230 1219.7
1107240 1214.3
1107250 1208.2
1107260 1208.2
1107270 1200.6
1107280 1192.7
1107290 1192.7
1107300 1185.1
1107310 1177.8
1107320 1177.8
1107330 1170.4
1107340 1162.4
1107350 1162.4
1107360 1155.2
1107370 1148.5
1107380 1148.5
1107390 1141.5
1107400 1135.4
1107410 1135.4
1107420 1128.8
1107430 1121.4
1107440 1110.1
1107450 1110.1
1107460 1095.4
1107470 1086.2
1107480 1086.2
1107490 1079.1
1107500 1075.0
1107510 1075.0
1107520 1073.1
1107530 1071.0
1107540 1071.0
1107550 1069.0
1107560 1064.8
1107570 1064.8
1107580 1061.8
1107590 1058.8
1107600 1058.8
1107610 1054.3
1107620 1049.8
1107630 1049.8
1107640 1045.6
1107650 1041.0
1107660 1036.2
1107670 1036.2
1107680 1031.0
1107690 1026.4
1107700 1026.4
1107710 1021.9
1107720 1017.6
1107730 1017.6
1107740 1013.8
1107750 1009.9
1107760 1009.9
1107770 1006.2
1107780 1002.7
1107790 1002.7
1107800 1001.3
1107810 999.2
1107820 999.2
1107830 995.0
1107840 987.1
1107850 987.1
1107860 980.6
1107870 977.3
1107880 973.9
1107890 973.9
1107900 970.8
1107910 966.3
1107920 966.3
1107930 963.4
1107940 959.1
1107950 959.1
1107960 952.9
1107970 947.6
1107980 947.6
1107990 943.4
1108000 937.9
1108010 937.9
1108020 934.4
1108030 931.9
1108040 931.9
1108050 929.9
1108060 927.4
1108070 927.4
1108080 925.1
1108090 923.1
1108100 920.7
1108110 920.7
1108120 918.1
1108130 914.0
1108140 910.8
1108150 904.3
1108160 897.5
1108170 897.5
1108180 892.7
1108190 890.7
1108200 890.7
1108210 889.4
1108220 888.5
1108230 888.5
1108240 888.2
1108250 887.8
1108260 887.8
1108270 887.9
1108280 888.3
1108290 888.3
1108300 887.8
1108310 885.8
1108320 883.5
1108330 883.5
1108340 881.0
1108350 880.2
1108360 880.2
1108370 878.3
1108380 876.3
1108390 876.3
1108400 875.1
1108410 873.6
1108420 873.6
1108430 872.3
1108440 871.4
1108450 871.4
1108460 870.1
1108470 869.8
1108480 869.8
1108490 868.2
1108500 867.3
1108510 866.2
1108520 866.2
1108530 865.2
1108540 862.8
1108550 862.8
1108560 860.6
1108570 859.1
1108580 859.1
1108590 857.6
1108600 855.9
1108610 855.9
1108620 854.1
1108630 852.7
1108640 852.7
1108650 851.5
1108660 850.3
1108670 850.3
1108680 849.2
1108690 847.8
1108700 847.8
1108710 846.9
1108720 845.9
1108730 844.8
1108740 844.8
1108750 843.6
1108760 841.6
1108770 841.6
1108780 841.0
1108790 838.7
1108800 838.7
1108810 838.0
1108820 836.9
1108830 836.9
1108840 835.6
1108850 832.8
1108860 832.8
1108870 831.7
1108880 831.6
1108890 831.6
1108900 831.0
1108910 830.2
1108920 830.2
1108930 828.8
1108940 828.0
1108950 827.1
1108960 827.1
1108970 826.6
1108980 825.4
1108990 825.4
1109000 824.2
1109010 820.8
1109020 820.8
1109030 821.0
1109040 822.5
1109050 822.5
1109060 822.1
1109070 821.5
1109080 821.5
1109090 820.8
1109100 819.8
1109110 819.8
1109120 819.4
1109130 819.0
1109140 819.0
1109150 819.4
1109160 818.7
1109170 817.2
1109180 817.2
1109190 815.3
1109200 815.1
1109210 815.1
1109220 814.6
1109230 814.2
1109240 814.2
1109250 813.9
1109260 813.6
1109270 813.6
1109280 813.2
1109290 813.1
1109300 813.1
1109310 813.3
1109320 814.3
1109330 814.3
1109340 814.6
1109350 814.3
1109360 814.3
1109370 810.9
1109380 808.3
1109390 811.0
1109400 811.0
1109410 811.9
1109420 812.7
1109430 812.7
1109440 813.6
1109450 817.9
1109460 817.9
1109470 822.7
1109480 829.6
1109490 830.3
1109500 837.1
1109510 843.7
1109520 843.7
1109530 848.9
1109540 850.1
1109550 850.1
1109560 851.1
1109570 852.3
1109580 852.3
1109590 853.5
1109600 854.7
1109610 856.2
1109620 856.2
1109630 857.3
1109640 858.4
1109650 858.4
1109660 859.5
1109670 860.7
1109680 860.7
1109690 861.8
1109700 862.6
1109710 862.6
1109720 863.6
1109730 864.9
1109740 864.9
1109750 866.0
1109760 867.3
1109770 867.3
1109780 868.2
1109790 869.2
1109800 869.2
1109810 870.1
1109820 871.0
1109830 872.8
1109840 872.8
1109850 874.1
1109860 875.0
1109870 875.0
1109880 875.5
1109890 875.6
1109900 875.6
1109910 876.9
1109920 878.2
1109930 878.2
1109940 879.0
1109950 880.3
1109960 880.3
1109970 881.5
1109980 882.9
1109990 882.9
1110000 884.7
1110010 886.8
1110020 886.8
1110030 887.6
1110040 888.9
1110050 890.1
1110060 890.1
1110070 890.7
1110080 891.9
1110090 891.9
1110100 893.6
1110110 895.1
1110120 895.1
1110130 897.2
1110140 898.2
1110150 898.2
1110160 898.4
1110170 899.3
1110180 899.3
1110190 900.5
1110200 902.1
1110210 902.1
1110220 903.3
1110230 904.2
1110240 904.7
1110250 904.7
1110260 905.4
1110270 906.0
1110280 906.0
1110290 906.5
1110300 908.4
1110310 908.4
1110320 909.0
1110330 909.0
1110340 909.0
1110350 909.2
1110360 910.0
1110370 910.0
1110380 912.0
1110390 913.5
1110400 913.5
1110410 914.5
1110420 915.8
1110430 915.8
1110440 917.4
1110450 918.8
1110460 920.1
1110470 920.1
1110480 920.2
1110490 920.3
1110500 918.3
1110510 918.4
1110520 918.6
1110530 918.6
1110540 919.4
1110550 921.0
1110560 921.0
1110570 923.0
1110580 924.5
1110590 924.5
1110600 925.1
1110610 925.8
1110620 925.8
1110630 926.0
1110640 925.7
1110650 925.7
1110660 926.3
1110670 926.4
1110680 927.6
1110690 927.6
1110700 929.1
1110710 929.7
1110720 929.7
1110730 929.3
1110740 928.2
1110750 928.2
1110760 928.5
1110770 927.1
1110780 927.1
1110790 925.3
1110800 925.2
1110810 925.2
1110820 928.2
1110830 932.5
1110840 933.9
1110850 934.3
1110860 934.0
1110870 934.0
1110880 935.2
1110890 935.8
1110900 936.7
1110910 936.7
1110920 937.8
1110930 939.6
1110940 939.6
1110950 940.9
1110960 942.5
1110970 942.5
1110980 943.4
1110990 944.6
1111000 944.6
1111010 946.8
1111020 947.8
1111030 947.8
1111040 948.7
1111050 949.5
1111060 949.5
1111070 950.1
1111080 950.7
1111090 950.7
1111100 952.0
1111110 951.3
1111120 951.2
1111130 951.2
1111140 952.3
1111150 953.7
1111160 953.7
1111170 954.7
1111180 954.4
1111190 954.4
1111200 955.5
1111210 956.2
1111220 956.2
1111230 956.9
1111240 957.9
1111250 957.9
1111260 959.0
1111270 960.3
1111280 960.3
1111290 961.8
1111300 964.0
1111310 964.0
1111320 966.7
1111330 968.6
1111340 970.5
1111350 970.5
1111360 972.4
1111370 973.4
1111380 973.4
1111390 974.5
1111400 975.7
1111410 975.7
1111420 977.7
1111430 979.8
1111440 979.8
1111450 981.0
1111460 981.5
1111470 981.5
1111480 982.4
1111490 983.4
1111500 983.4
1111510 985.2
1111520 984.6
1111530 984.6
1111540 985.7
1111550 987.6
1111560 989.8
1111570 989.8
1111580 991.6
1111590 992.9
1111600 992.9
1111610 993.8
1111620 994.0
1111630 994.0
1111640 994.8
1111650 996.4
1111660 996.4
1111670 997.9
1111680 997.2
1111690 997.2
1111700 994.0
1111710 995.3
1111720 995.3
1111730 1001.6
1111740 1009.0
1111750 1009.0
1111760 1017.5
1111770 1024.5
1111780 1031.2
1111790 1031.2
1111800 1037.6
1111810 1043.0
1111820 1043.0
1111830 1047.1
1111840 1047.5
1111850 1047.5
1111860 1038.2
1111870 1037.5
1111880 1037.5
1111890 1037.4
1111900 1035.0
1111910 1035.0
1111920 1031.2
1111930 1026.9
1111940 1026.9
1111950 1024.9
1111960 1028.6
1111970 1027.4
1111980 1027.4
1111990 1023.9
1112000 1024.1
1112010 1024.1
1112020 1028.5
1112030 1035.2
1112040 1035.2
1112050 1043.4
1112060 1052.2
1112070 1052.2
1112080 1060.0
1112090 1068.2
1112100 1068.2
1112110 1076.4
1112120 1083.9
1112130 1083.9
1112140 1088.6
1112150 1093.0
1112160 1093.0
1112170 1100.1
1112180 1106.8
1112190 1113.9
1112200 1112.4
1112210 1118.9
1112220 1125.4
1112230 1125.4
1112240 1131.3
1112250 1136.6
1112260 1136.6
1112270 1141.3
1112280 1145.9
1112290 1145.9
1112300 1151.0
1112310 1156.6
1112320 1156.6
1112330 1160.6
1112340 1163.8
1112350 1163.8
1112360 1170.0
1112370 1173.0
1112380 1173.0
1112390 1173.3
1112400 1173.7
1112410 1174.6
1112420 1174.6
1112430 1177.4
1112440 1180.0
1112450 1180.0
1112460 1182.6
1112470 1186.6
1112480 1186.6
1112490 1188.7
1112500 1190.6
1112510 1190.6
1112520 1187.1
1112530 1181.6
1112540 1181.5
1112550 1178.4
1112560 1178.6
1112570 1178.6
1112580 1186.9
1112590 1203.5
1112600 1203.5
1112610 1214.3
1112620 1221.6
1112630 1228.5
1112640 1228.5
1112650 1236.3
1112660 1243.9
1112670 1243.9
1112680 1254.4
1112690 1265.8
1112700 1265.8
1112710 1273.9
1112720 1279.4
1112730 1279.4
1112740 1284.5
1112750 1287.9
1112760 1287.9
1112770 1290.4
1112780 1296.5
1112790 1296.5
1112800 1303.0
1112810 1308.9
1112820 1308.9
1112830 1315.2
1112840 1322.2
1112850 1330.6
1112860 1330.6
1112870 1339.2
1112880 1337.3
1112890 1337.3
1112900 1343.2
1112910 1346.9
1112920 1346.9
1112930 1348.1
1112940 1348.1
1112950 1348.1
1112960 1349.1
1112970 1349.6
1112980 1349.6
1112990 1349.8
1113000 1352.0
1113010 1352.0
1113020 1353.7
1113030 1354.6
1113040 1354.6
1113050 1356.5
1113060 1358.4
1113070 1361.2
1113080 1361.2
1113090 1364.5
1113100 1366.9
1113110 1366.9
1113120 1370.0
1113130 1373.1
1113140 1373.1
1113150 1375.7
1113160 1377.4
1113170 1377.4
1113180 1379.1
1113190 1380.1
1113200 1380.1
1113210 1381.3
1113220 1382.3
1113230 1382.3
1113240 1383.7
1113250 1384.9
1113260 1384.9
1113270 1386.6
1113280 1389.4
1113290 1392.9
1113300 1392.9
1113310 1396.4
1113320 1400.2
1113330 1400.2
1113340 1403.8
1113350 1407.5
1113360 1407.5
1113370 1411.0
1113380 1415.2
1113390 1415.2
1113400 1419.7
1113410 1423.7
1113420 1423.7
1113430 1427.3
1113440 1430.0
1113450 1430.0
1113460 1430.3
1113470 1430.0
1113480 1430.0
1113490 1431.1
1113500 1434.6
1113510 1435.4
1113520 1435.4
1113530 1437.3
1113540 1439.0
1113550 1439.0
1113560 1434.2
1113570 1437.0
1113580 1437.0
1113590 1440.2
1113600 1442.7
1113610 1442.7
1113620 1445.5
1113630 1449.1
1113640 1449.1
1113650 1453.2
1113660 1457.4
1113670 1457.4
1113680 1458.0
1113690 1453.1
1113700 1450.0
1113710 1450.0
1113720 1450.0
1113730 1448.4
1113740 1448.4
1113750 1447.0
1113760 1448.4
1113770 1448.4
1113780 1450.8
1113790 1452.9
1113800 1452.9
1113810 1453.6
1113820 1452.0
1113830 1452.0
1113840 1450.8
1113850 1451.5
1113860 1451.5
1113870 1450.5
1113880 1449.0
1113890 1449.0
1113900 1448.3
1113910 1440.2
1113920 1439.5
1113930 1439.5
1113940 1439.7
1113950 1436.8
1113960 1436.8
1113970 1427.4
1113980 1413.6
1113990 1413.6
1114000 1414.0
1114010 1421.0
1114020 1421.0
1114030 1427.9
1114040 1434.0
1114050 1434.0
1114060 1442.4
1114070 1450.6
1114080 1450.6
1114090 1460.2
1114100 1470.2
1114110 1470.2
1114120 1477.8
1114130 1483.7
1114140 1489.6
1114150 1489.6
1114160 1498.0
1114170 1508.4
1114180 1508.4
1114190 1517.5
1114200 1526.0
1114210 1526.0
1114220 1534.9
1114230 1546.0
1114240 1546.0
1114250 1550.8
1114260 1559.7
1114270 1559.7
1114280 1568.1
1114290 1575.8
1114300 1575.8
1114310 1584.0
1114320 1593.6
1114330 1593.6
1114340 1608.4
1114350 1612.3
1114360 1615.0
1114370 1615.0
1114380 1619.3
1114390 1625.3
1114400 1625.3
1114410 1629.6
1114420 1631.0
1114430 1631.0
1114440 1631.6
1114450 1632.9
1114460 1632.9
1114470 1633.4
1114480 1635.1
1114490 1635.1
1114500 1637.5
1114510 1640.4
1114520 1640.4
1114530 1643.3
1114540 1645.6
1114550 1645.6
1114560 1647.6
1114570 1650.6
1114580 1653.7
1114590 1649.3
1114600 1651.3
1114610 1652.1
1114620 1652.1
1114630 1651.2
1114640 1649.0
1114650 1649.0
1114660 1643.5
1114670 1640.2
1114680 1640.2
1114690 1636.1
1114700 1631.4
1114710 1631.4
1114720 1626.5
1114730 1624.7
1114740 1624.7
1114750 1625.2
1114760 1624.1
1114770 1624.1
1114780 1618.5
1114790 1613.1
1114800 1609.5
1114810 1609.5
1114820 1607.3
1114830 1602.6
1114840 1602.6
1114850 1596.4
1114860 1591.7
1114870 1591.7
1114880 1587.0
1114890 1582.2
1114900 1582.2
1114910 1581.6
1114920 1588.4
1114930 1586.7
1114940 1595.7
1114950 1604.9
1114960 1604.9
1114970 1615.7
1114980 1625.7
1114990 1625.7
1115000 1634.2
1115010 1638.8
1115020 1642.8
1115030 1642.8
1115040 1648.4
1115050 1652.5
1115060 1652.5
1115070 1652.6
1115080 1651.4
1115090 1651.4
1115100 1651.1
1115110 1652.6
1115120 1652.6
1115130 1653.4
1115140 1655.8
1115150 1655.8
1115160 1660.0
1115170 1660.4
1115180 1660.4
1115190 1659.2
1115200 1656.8
1115210 1656.8
1115220 1655.4
1115230 1656.4
1115240 1654.3
1115250 1654.3
1115260 1650.2
1115270 1639.3
1115280 1639.3
1115290 1635.7
1115300 1633.0
1115310 1633.0
1115320 1633.6
1115330 1637.5
1115340 1637.5
1115350 1642.8
1115360 1647.5
1115370 1647.5
1115380 1651.1
1115390 1656.1
1115400 1656.1
1115410 1661.4
1115420 1666.8
1115430 1673.1
1115440 1673.1
1115450 1680.0
1115460 1687.6
1115470 1687.6
1115480 1694.1
1115490 1697.3
1115500 1697.3
1115510 1696.5
1115520 1695.2
1115530 1695.2
1115540 1689.0
1115550 1682.9
1115560 1682.9
1115570 1676.6
1115580 1671.4
1115590 1671.4
1115600 1666.5
1115610 1661.6
1115620 1656.9
1115630 1651.7
1115640 1650.4
1115650 1655.7
1115660 1655.7
1115670 1659.3
1115680 1663.0
1115690 1663.0
1115700 1669.8
1115710 1677.2
1115720 1677.2
1115730 1684.6
1115740 1691.6
1115750 1691.6
1115760 1698.3
1115770 1703.9
1115780 1703.9
1115790 1707.7
1115800 1709.8
1115810 1709.8
1115820 1711.4
1115830 1713.1
1115840 1713.1
1115850 1713.5
1115860 1712.9
1115870 1713.9
1115880 1713.9
1115890 1715.0
1115900 1715.8
1115910 1715.8
1115920 1715.8
1115930 1716.5
1115940 1716.5
1115950 1717.2
1115960 1712.0
1115970 1712.0
1115980 1713.5
1115990 1718.9
1116000 1718.9
1116010 1723.8
1116020 1729.5
1116030 1729.5
1116040 1733.9
1116050 1734.3
1116060 1734.3
1116070 1733.8
1116080 1737.4
1116090 1739.9
1116100 1739.9
1116110 1744.1
1116120 1747.3
1116130 1747.3
1116140 1746.9
1116150 1747.9
1116160 1747.9
1116170 1747.8
1116180 1751.1
1116190 1751.1
1116200 1753.8
1116210 1755.0
1116220 1755.0
1116230 1755.2
1116240 1756.2
1116250 1756.2
1116260 1758.4
1116270 1760.0
1116280 1760.0
1116290 1759.6
1116300 1760.1
1116310 1756.8
1116320 1756.8
1116330 1758.3
1116340 1760.2
1116350 1760.2
1116360 1762.3
1116370 1763.7
1116380 1763.7
1116390 1765.2
1116400 1767.8
1116410 1767.8
1116420 1770.6
1116430 1772.9
1116440 1772.9
1116450 1775.0
1116460 1776.8
1116470 1776.8
1116480 1778.0
1116490 1778.8
1116500 1778.8
1116510 1778.2
1116520 1778.1
1116530 1779.9
1116540 1779.9
1116550 1782.6
1116560 1784.7
1116570 1784.7
1116580 1786.2
1116590 1787.6
1116600 1787.6
1116610 1788.7
1116620 1789.4
1116630 1789.4
1116640 1790.3
1116650 1787.4
1116660 1787.4
1116670 1787.9
1116680 1790.7
1116690 1790.7
1116700 1792.9
1116710 1794.2
1116720 1794.2
1116730 1793.9
1116740 1793.8
1116750 1793.7
1116760 1793.7
1116770 1792.2
1116780 1792.3
1116790 1792.3
1116800 1793.5
1116810 1795.1
1116820 1795.1
1116830 1796.8
1116840 1798.6
1116850 1798.6
1116860 1800.9
1116870 1803.2
1116880 1803.2
1116890 1803.5
1116900 1803.5
1116910 1803.5
1116920 1803.9
1116930 1804.2
1116940 1804.1
1116950 1804.1
1116960 1804.3
1116970 1804.6
1116980 1804.6
1116990 1803.1
1117000 1804.2
1117010 1804.2
1117020 1806.3
1117030 1808.7
1117040 1808.7
1117050 1811.2
1117060 1813.6
1117070 1813.6
1117080 1815.8
1117090 1817.8
1117100 1817.8
1117110 1819.4
1117120 1821.4
1117130 1821.4
1117140 1823.2
1117150 1824.7
1117160 1826.3
1117170 1826.3
1117180 1827.8
1117190 1828.8
1117200 1828.8
1117210 1829.4
1117220 1829.8
1117230 1829.8
1117240 1830.5
1117250 1831.3
1117260 1831.3
1117270 1832.6
1117280 1833.7
1117290 1833.7
1117300 1835.2
1117310 1837.2
1117320 1837.2
1117330 1839.2
1117340 1839.3
1117350 1839.3
1117360 1840.3
1117370 1842.1
1117380 1843.3
1117390 1843.3
1117400 1843.9
1117410 1845.6
1117420 1845.6
1117430 1847.3
1117440 1848.6
1117450 1848.6
1117460 1850.3
1117470 1852.3
1117480 1852.3
1117490 1854.6
1117500 1856.8
1117510 1856.8
1117520 1859.0
1117530 1861.2
1117540 1861.2
1117550 1863.9
1117560 1866.6
1117570 1866.6
1117580 1869.3
1117590 1872.0
1117600 1874.8
1117610 1874.8
1117620 1877.8
1117630 1881.1
1117640 1881.1
1117650 1883.9
1117660 1886.6
1117670 1886.6
1117680 1888.3
1117690 1893.3
1117700 1893.3
1117710 1897.4
1117720 1901.8
1117730 1901.8
1117740 1906.5
1117750 1911.1
1117760 1911.1
1117770 1915.6
1117780 1920.3
1117790 1920.3
1117800 1924.9
1117810 1929.4
1117820 1934.0
1117830 1934.0
1117840 1938.6
1117850 1943.2
1117860 1943.2
1117870 1947.9
1117880 1952.4
1117890 1952.4
1117900 1957.2
1117910 1961.7
1117920 1961.7
1117930 1965.9
1117940 1969.5
1117950 1969.5
1117960 1972.8
1117970 1976.0
1117980 1976.0
1117990 1978.6
1118000 1980.8
1118010 1980.8
1118020 1982.2
1118030 1975.6
1118040 1975.9
1118050 1975.9
1118060 1976.1
1118070 1976.3
1118080 1976.3
1118090 1977.3
1118100 1978.0
1118110 1978.0
1118120 1977.8
1118130 1978.8
1118140 1978.8
1118150 1980.0
1118160 1980.3
1118170 1980.3
1118180 1975.4
1118190 1971.9
1118200 1971.9
1118210 1973.8
1118220 1971.7
1118230 1971.7
1118240 1971.2
1118250 1971.9
1118260 1973.3
1118270 1973.3
1118280 1974.0
1118290 1974.4
1118300 1974.4
1118310 1977.5
1118320 1982.1
1118330 1982.1
1118340 1986.1
1118350 1990.9
1118360 1990.9
1118370 1997.7
1118380 2005.2
1118390 2005.2
1118400 2009.3
1118410 2013.5
1118420 2013.5
1118430 2017.1
1118440 2020.8
1118450 2024.5
1118460 2024.5
1118470 2028.1
1118480 2031.5
1118490 2031.5
1118500 2035.2
1118510 2039.4
1118520 2039.4
1118530 2044.0
1118540 2048.3
1118550 2048.3
1118560 2052.1
1118570 2055.0
1118580 2055.0
1118590 2057.8
1118600 2062.8
1118610 2062.8
1118620 2068.4
1118630 2073.5
1118640 2073.5
1118650 2078.3
1118660 2082.4
1118670 2085.6
1118680 2085.6
1118690 2088.6
1118700 2091.1
1118710 2091.1
1118720 2094.3
1118730 2096.4
1118740 2096.4
1118750 2097.9
1118760 2099.2
1118770 2099.2
1118780 2100.7
1118790 2103.0
1118800 2103.0
1118810 2106.0
1118820 2110.0
1118830 2110.0
1118840 2113.8
1118850 2117.1
1118860 2117.1
1118870 2120.0
1118880 2123.4
1118890 2127.1
1118900 2127.1
1118910 2130.4
1118920 2133.3
1118930 2133.3
1118940 2136.3
1118950 2140.5
1118960 2140.5
1118970 2145.1
1118980 2150.4
1118990 2150.4
1119000 2156.3
1119010 2162.8
1119020 2162.8
1119030 2169.8
1119040 2176.4
1119050 2176.4
1119060 2182.9
1119070 2190.4
1119080 2190.4
1119090 2198.5
1119100 2207.7
1119110 2217.8
1119120 2217.8
1119130 2227.4
1119140 2238.1
1119150 2238.1
1119160 2243.9
1119170 2255.7
1119180 2255.7
1119190 2261.8
1119200 2268.0
1119210 2268.0
1119220 2272.2
1119230 2274.6
1119240 2274.6
1119250 2273.9
1119260 2274.4
1119270 2274.4
1119280 2276.0
1119290 2277.9
1119300 2277.9
1119310 2278.8
1119320 2278.7
1119330 2280.9
1119340 2280.9
1119350 2282.3
1119360 2283.2
1119370 2283.2
1119380 2282.3
1119390 2282.3
1119400 2282.3
1119410 2282.2
1119420 2275.4
1119430 2275.4
1119440 2277.4
1119450 2281.5
1119460 2281.5
1119470 2284.4
1119480 2285.1
1119490 2285.1
1119500 2284.1
1119510 2281.9
1119520 2281.9
1119530 2279.2
1119540 2277.7
1119550 2276.2
1119560 2276.2
1119570 2274.2
1119580 2273.7
1119590 2273.7
1119600 2276.9
1119610 2279.9
1119620 2279.9
1119630 2282.6
1119640 2287.2
1119650 2287.2
1119660 2292.6
1119670 2297.2
1119680 2297.2
1119690 2300.2
1119700 2302.5
1119710 2302.5
1119720 2305.8
1119730 2307.7
1119740 2307.7
1119750 2306.4
1119760 2302.8
1119770 2305.3
1119780 2305.3
1119790 2309.2
1119800 2312.7
1119810 2312.7
1119820 2315.0
1119830 2316.3
1119840 2316.3
1119850 2320.6
1119860 2326.8
1119870 2326.8
1119880 2332.1
1119890 2335.0
1119900 2335.0
1119910 2338.3
1119920 2342.9
1119930 2342.9
1119940 2347.9
1119950 2352.9
1119960 2357.7
1119970 2357.7
1119980 2363.0
1119990 2368.3
