1100000 2215.1
1100010 2215.9
1100020 2210.8
1100030 2210.8
1100040 2205.1
1100050 2199.9
1100060 2199.9
1100070 2196.5
1100080 2193.3
1100090 2193.3
1100100 2190.7
1100110 2191.6
1100120 2191.6
1100130 2190.8
1100140 2188.3
1100150 2188.3
1100160 2185.5
1100170 2183.2
1100180 2183.2
1100190 2181.6
1100200 2181.2
1100210 2181.2
1100220 2180.3
1100230 2178.8
1100240 2178.2
1100250 2178.2
1100260 2176.1
1100270 2174.2
1100280 2174.2
1100290 2173.9
1100300 2173.5
1100310 2173.5
1100320 2171.6
1100330 2171.6
1100340 2171.6
1100350 2168.4
1100360 2163.9
1100370 2163.9
1100380 2162.2
1100390 2162.0
1100400 2162.0
1100410 2162.6
1100420 2161.2
1100430 2159.6
1100440 2159.6
1100450 2158.5
1100460 2157.5
1100470 2157.5
1100480 2156.0
1100490 2155.3
1100500 2155.3
1100510 2154.8
1100520 2155.2
1100530 2155.6
1100540 2156.1
1100550 2155.6
1100560 2155.6
1100570 2153.8
1100580 2152.5
1100590 2152.5
1100600 2152.7
1100610 2153.8
1100620 2153.8
1100630 2153.8
1100640 2150.3
1100650 2148.4
1100660 2148.4
1100670 2146.7
1100680 2144.7
1100690 2144.7
1100700 2142.1
1100710 2137.6
1100720 2137.6
1100730 2133.4
1100740 2133.4
1100750 2133.4
1100760 2132.9
1100770 2128.9
1100780 2128.9
1100790 2122.3
1100800 2115.2
1100810 2115.2
1100820 2107.7
1100830 2100.2
1100840 2100.2
1100850 2093.6
1100860 2088.1
1100870 2081.6
1100880 2081.6
1100890 2076.1
1100900 2072.7
1100910 2072.7
1100920 2069.7
1100930 2067.1
1100940 2067.1
1100950 2064.7
1100960 2062.2
1100970 2062.2
1100980 2059.8
1100990 2057.4
1101000 2057.4
1101010 2055.1
1101020 2053.0
1101030 2053.0
1101040 2051.2
1101050 2049.9
1101060 2049.9
1101070 2049.0
1101080 2048.2
1101090 2047.7
1101100 2047.7
1101110 2047.3
1101120 2046.8
1101130 2046.8
1101140 2046.4
1101150 2046.0
1101160 2046.0
1101170 2045.1
1101180 2043.2
1101190 2043.4
1101200 2041.4
1101210 2039.6
1101220 2039.6
1101230 2038.4
1101240 2037.7
1101250 2037.7
1101260 2037.0
1101270 2037.7
1101280 2037.7
1101290 2038.1
1101300 2036.8
1101310 2034.6
1101320 2034.6
1101330 2032.1
1101340 2029.9
1101350 2029.9
1101360 2028.0
1101370 2025.7
1101380 2025.7
1101390 2022.1
1101400 2018.1
1101410 2018.1
1101420 2009.0
1101430 2000.9
1101440 2000.9
1101450 1994.5
1101460 1988.5
1101470 1988.5
1101480 1982.2
1101490 1977.5
1101500 1977.5
1101510 1977.3
1101520 1982.3
1101530 1990.8
1101540 1990.8
1101550 1997.1
1101560 2003.0
1101570 2003.0
1101580 2008.0
1101590 2011.4
1101600 2011.4
1101610 2013.2
1101620 2015.8
1101630 2015.8
1101640 2018.4
1101650 2019.5
1101660 2019.5
1101670 2022.0
1101680 2026.2
1101690 2026.2
1101700 2029.2
1101710 2030.6
1101720 2030.6
1101730 2031.0
1101740 2031.1
1101750 2030.2
1101760 2030.2
1101770 2030.0
1101780 2029.9
1101790 2029.9
1101800 2028.9
1101810 2027.9
1101820 2027.9
1101830 2027.3
1101840 2026.6
1101850 2026.7
1101860 2028.1
1101870 2031.5
1101880 2031.5
1101890 2036.2
1101900 2042.8
1101910 2042.8
1101920 2050.2
1101930 2057.6
1101940 2057.6
1101950 2066.1
1101960 2074.1
1101970 2082.4
1101980 2082.4
1101990 2087.5
1102000 2092.3
1102010 2092.3
1102020 2098.3
1102030 2104.3
1102040 2104.3
1102050 2109.0
1102060 2113.3
1102070 2113.3
1102080 2118.4
1102090 2123.8
1102100 2123.8
1102110 2133.0
1102120 2145.1
1102130 2145.1
1102140 2155.2
1102150 2163.6
1102160 2171.3
1102170 2171.3
1102180 2185.0
1102190 2193.4
1102200 2193.4
1102210 2202.3
1102220 2209.5
1102230 2209.5
1102240 2214.1
1102250 2216.0
1102260 2216.0
1102270 2216.3
1102280 2215.6
1102290 2215.6
1102300 2214.3
1102310 2213.9
1102320 2213.9
1102330 2214.3
1102340 2216.1
1102350 2216.1
1102360 2218.9
1102370 2222.8
1102380 2225.6
1102390 2225.6
1102400 2227.3
1102410 2228.1
1102420 2228.1
1102430 2228.4
1102440 2227.7
1102450 2227.7
1102460 2226.3
1102470 2223.8
1102480 2223.8
1102490 2221.1
1102500 2216.5
1102510 2209.6
1102520 2203.5
1102530 2196.1
1102540 2196.1
1102550 2189.2
1102560 2182.7
1102570 2182.7
1102580 2175.7
1102590 2167.6
1102600 2160.6
1102610 2160.6
1102620 2153.6
1102630 2149.6
1102640 2149.6
1102650 2145.5
1102660 2141.5
1102670 2141.5
1102680 2136.9
1102690 2133.1
1102700 2133.1
1102710 2130.7
1102720 2128.9
1102730 2128.9
1102740 2127.3
1102750 2126.9
1102760 2126.9
1102770 2127.5
1102780 2127.2
1102790 2127.2
1102800 2126.7
1102810 2129.0
1102820 2129.0
1102830 2129.0
1102840 2123.7
1102850 2123.7
1102860 2123.7
1102870 2123.5
1102880 2123.6
1102890 2123.6
1102900 2122.0
1102910 2119.3
1102920 2119.3
1102930 2121.0
1102940 2122.7
1102950 2122.7
1102960 2122.8
1102970 2122.1
1102980 2122.1
1102990 2121.0
1103000 2119.1
1103010 2119.1
1103020 2116.8
1103030 2114.2
1103040 2110.9
1103050 2110.9
1103060 2107.6
1103070 2104.8
1103080 2104.8
1103090 2102.0
1103100 2099.7
1103110 2099.7
1103120 2097.2
1103130 2093.8
1103140 2093.8
1103150 2090.9
1103160 2090.3
1103170 2090.3
1103180 2084.0
1103190 2083.0
1103200 2083.0
1103210 2081.3
1103220 2079.1
1103230 2079.1
1103240 2076.3
1103250 2075.4
1103260 2074.8
1103270 2074.8
1103280 2074.0
1103290 2072.4
1103300 2072.4
1103310 2070.4
1103320 2068.5
1103330 2068.5
1103340 2066.3
1103350 2063.8
1103360 2063.8
1103370 2059.1
1103380 2054.7
1103390 2054.7
1103400 2051.7
1103410 2049.0
1103420 2049.0
1103430 2046.6
1103440 2045.0
1103450 2045.0
1103460 2042.6
1103470 2041.5
1103480 2039.6
1103490 2039.6
1103500 2037.1
1103510 2032.1
1103520 2032.1
1103530 2030.8
1103540 2026.6
1103550 2026.6
1103560 2020.1
1103570 2015.0
1103580 2015.0
1103590 2011.2
1103600 2007.5
1103610 2007.5
1103620 2004.2
1103630 2001.0
1103640 2001.0
1103650 1997.1
1103660 1994.9
1103670 1996.4
1103680 1996.4
1103690 1993.6
1103700 1996.5
1103710 1996.5
1103720 2000.1
1103730 2000.6
1103740 2000.6
1103750 1999.0
1103760 1996.9
1103770 1996.9
1103780 1996.6
1103790 1996.3
1103800 1996.3
1103810 1993.1
1103820 1989.6
1103830 1989.6
1103840 1984.1
1103850 1983.6
1103860 1983.6
1103870 1979.2
1103880 1972.3
1103890 1965.8
1103900 1965.8
1103910 1962.1
1103920 1959.3
1103930 1959.3
1103940 1959.6
1103950 1961.0
1103960 1961.0
1103970 1963.0
1103980 1965.4
1103990 1965.4
1104000 1965.7
1104010 1963.2
1104020 1963.2
1104030 1961.5
1104040 1959.7
1104050 1959.7
1104060 1958.5
1104070 1958.2
1104080 1958.2
1104090 1956.2
1104100 1956.8
1104110 1956.0
1104120 1956.0
1104130 1954.3
1104140 1950.8
1104150 1950.8
1104160 1947.4
1104170 1941.0
1104180 1941.0
1104190 1939.7
1104200 1939.8
1104210 1939.8
1104220 1939.6
1104230 1939.3
1104240 1939.3
1104250 1937.7
1104260 1934.5
1104270 1934.5
1104280 1932.6
1104290 1932.0
1104300 1932.0
1104310 1931.2
1104320 1929.5
1104330 1928.5
1104340 1928.5
1104350 1927.4
1104360 1925.1
1104370 1925.1
1104380 1920.2
1104390 1918.4
1104400 1918.4
1104410 1918.3
1104420 1918.3
1104430 1918.3
1104440 1917.1
1104450 1913.9
1104460 1913.9
1104470 1910.2
1104480 1910.8
1104490 1910.8
1104500 1910.0
1104510 1900.1
1104520 1900.1
1104530 1900.1
1104540 1898.0
1104550 1895.6
1104560 1895.6
1104570 1892.3
1104580 1889.8
1104590 1889.8
1104600 1887.4
1104610 1884.4
1104620 1884.4
1104630 1880.1
1104640 1874.5
1104650 1874.5
1104660 1868.9
1104670 1862.7
1104680 1862.7
1104690 1860.8
1104700 1858.9
1104710 1858.9
1104720 1855.8
1104730 1849.5
1104740 1849.5
1104750 1842.8
1104760 1836.3
1104770 1828.5
1104780 1828.5
1104790 1818.1
1104800 1810.6
1104810 1810.6
1104820 1801.9
1104830 1795.1
1104840 1790.4
1104850 1787.7
1104860 1788.7
1104870 1788.7
1104880 1788.9
1104890 1789.7
1104900 1789.7
1104910 1790.5
1104920 1788.6
1104930 1788.6
1104940 1788.1
1104950 1784.7
1104960 1784.7
1104970 1779.5
1104980 1774.4
1104990 1769.4
1105000 1769.4
1105010 1765.4
1105020 1761.2
1105030 1761.2
1105040 1757.8
1105050 1753.8
1105060 1753.8
1105070 1749.1
1105080 1742.7
1105090 1742.7
1105100 1734.9
1105110 1726.9
1105120 1726.9
1105130 1719.6
1105140 1711.4
1105150 1711.4
1105160 1703.1
1105170 1694.6
1105180 1694.6
1105190 1687.4
1105200 1682.6
1105210 1679.3
1105220 1679.3
1105230 1673.2
1105240 1665.4
1105250 1665.4
1105260 1657.4
1105270 1650.3
1105280 1650.3
1105290 1641.9
1105300 1634.9
1105310 1634.9
1105320 1630.4
1105330 1626.9
1105340 1626.9
1105350 1624.4
1105360 1621.0
1105370 1621.0
1105380 1619.1
1105390 1615.9
1105400 1613.5
1105410 1613.5
1105420 1610.3
1105430 1605.2
1105440 1605.2
1105450 1598.7
1105460 1591.7
1105470 1591.7
1105480 1585.0
1105490 1579.0
1105500 1579.0
1105510 1572.1
1105520 1567.5
1105530 1567.5
1105540 1568.0
1105550 1572.2
1105560 1572.2
1105570 1572.9
1105580 1568.9
1105590 1568.9
1105600 1562.9
1105610 1558.2
1105620 1555.2
1105630 1555.2
1105640 1551.7
1105650 1544.8
1105660 1544.8
1105670 1537.4
1105680 1530.9
1105690 1530.9
1105700 1525.8
1105710 1521.3
1105720 1521.3
1105730 1517.0
1105740 1509.4
1105750 1509.4
1105760 1501.9
1105770 1495.1
1105780 1495.1
1105790 1487.6
1105800 1479.7
1105810 1479.7
1105820 1474.5
1105830 1471.5
1105840 1459.9
1105850 1459.9
1105860 1453.8
1105870 1447.7
1105880 1447.7
1105890 1442.5
1105900 1438.1
1105910 1438.1
1105920 1435.6
1105930 1433.5
1105940 1433.5
1105950 1429.5
1105960 1428.0
1105970 1428.0
1105980 1426.4
1105990 1425.7
1106000 1425.7
1106010 1428.5
1106020 1430.7
1106030 1430.7
1106040 1430.4
1106050 1430.1
1106060 1428.7
1106070 1428.7
1106080 1426.7
1106090 1422.3
1106100 1422.3
1106110 1420.1
1106120 1420.3
1106130 1420.3
1106140 1420.6
1106150 1418.7
1106160 1418.7
1106170 1413.1
1106180 1421.0
1106190 1421.0
1106200 1416.2
1106210 1413.3
1106220 1413.3
1106230 1408.4
1106240 1400.7
1106250 1400.7
1106260 1397.1
1106270 1401.7
1106280 1405.0
1106290 1405.0
1106300 1401.9
1106310 1395.6
1106320 1395.6
1106330 1393.9
1106340 1393.5
1106350 1393.5
1106360 1386.9
1106370 1388.0
1106380 1388.0
1106390 1389.2
1106400 1381.9
1106410 1381.9
1106420 1375.2
1106430 1374.8
1106440 1374.8
1106450 1375.2
1106460 1363.8
1106470 1363.8
1106480 1363.6
1106490 1367.1
1106500 1364.5
1106510 1368.9
1106520 1361.4
1106530 1355.8
1106540 1355.8
1106550 1353.8
1106560 1358.7
1106570 1358.7
1106580 1359.2
1106590 1354.7
1106600 1354.7
1106610 1351.9
1106620 1350.3
1106630 1350.3
1106640 1341.4
1106650 1333.4
1106660 1333.4
1106670 1330.9
1106680 1335.0
1106690 1335.0
1106700 1339.2
1106710 1333.3
1106720 1324.1
1106730 1324.1
1106740 1316.6
1106750 1310.5
1106760 1310.5
1106770 1307.5
1106780 1308.9
1106790 1308.9
1106800 1309.1
1106810 1312.9
1106820 1312.9
1106830 1318.6
1106840 1318.4
1106850 1322.8
1106860 1317.2
1106870 1311.7
1106880 1311.7
1106890 1306.0
1106900 1300.0
1106910 1294.7
1106920 1294.7
1106930 1289.7
1106940 1287.0
1106950 1287.0
1106960 1286.4
1106970 1285.2
1106980 1285.2
1106990 1283.4
1107000 1281.9
1107010 1281.9
1107020 1280.2
1107030 1278.1
1107040 1278.1
1107050 1274.8
1107060 1270.0
1107070 1270.0
1107080 1262.6
1107090 1254.1
1107100 1254.1
1107110 1248.3
1107120 1242.5
1107130 1235.8
1107140 1235.8
1107150 1229.1
1107160 1222.7
1107170 1222.7
1107180 1213.8
1107190 1207.7
1107200 1207.7
1107210 1200.9
1107220 1193.2
1107230 1193.2
1107240 1185.9
1107250 1179.2
1107260 1179.2
1107270 1172.3
1107280 1167.2
1107290 1167.2
1107300 1163.3
1107310 1158.7
1107320 1158.7
1107330 1151.4
1107340 1142.8
1107350 1134.4
1107360 1134.4
1107370 1125.6
1107380 1113.0
1107390 1113.0
1107400 1101.9
1107410 1089.5
1107420 1089.5
1107430 1087.3
1107440 1085.0
1107450 1085.0
1107460 1087.1
1107470 1090.0
1107480 1090.0
1107490 1089.7
1107500 1088.4
1107510 1088.4
1107520 1076.3
1107530 1066.8
1107540 1066.8
1107550 1056.5
1107560 1047.4
1107570 1035.1
1107580 1035.1
1107590 1021.3
1107600 1011.6
1107610 1011.6
1107620 1005.5
1107630 996.2
1107640 996.2
1107650 988.4
1107660 983.1
1107670 983.1
1107680 978.9
1107690 974.4
1107700 974.4
1107710 966.1
1107720 963.0
1107730 963.0
1107740 959.7
1107750 959.7
1107760 959.7
1107770 958.4
1107780 957.0
1107790 956.1
1107800 956.1
1107810 955.0
1107820 953.2
1107830 953.2
1107840 950.8
1107850 946.4
1107860 960.1
1107870 953.1
1107880 946.4
1107890 946.4
1107900 937.4
1107910 935.4
1107920 935.4
1107930 933.6
1107940 932.6
1107950 932.6
1107960 931.2
1107970 930.4
1107980 930.4
1107990 928.4
1108000 927.0
1108010 924.9
1108020 924.9
1108030 923.2
1108040 921.5
1108050 921.5
1108060 919.6
1108070 917.2
1108080 917.2
1108090 914.8
1108100 912.8
1108110 912.8
1108120 911.1
1108130 909.0
1108140 909.0
1108150 904.1
1108160 898.1
1108170 898.1
1108180 895.8
1108190 889.1
1108200 889.1
1108210 886.0
1108220 886.1
1108230 890.0
1108240 890.0
1108250 901.4
1108260 908.6
1108270 908.6
1108280 914.7
1108290 920.5
1108300 920.5
1108310 924.2
1108320 928.3
1108330 928.3
1108340 930.7
1108350 933.7
1108360 933.7
1108370 941.7
1108380 948.9
1108390 948.9
1108400 949.5
1108410 949.4
1108420 947.9
1108430 947.9
1108440 946.0
1108450 942.9
1108460 942.9
1108470 940.3
1108480 937.9
1108490 937.9
1108500 935.3
1108510 930.7
1108520 930.7
1108530 931.9
1108540 928.4
1108550 928.4
1108560 928.6
1108570 930.6
1108580 930.6
1108590 929.1
1108600 930.0
1108610 930.0
1108620 929.2
1108630 927.9
1108640 932.0
1108650 932.0
1108660 933.3
1108670 933.5
1108680 933.5
1108690 934.5
1108700 934.6
1108710 934.6
1108720 934.0
1108730 931.0
1108740 931.0
1108750 926.4
1108760 922.1
1108770 922.1
1108780 918.0
1108790 914.6
1108800 914.6
1108810 910.8
1108820 906.2
1108830 906.2
1108840 901.6
1108850 898.5
1108860 894.0
1108870 896.4
1108880 894.9
1108890 895.4
1108900 895.4
1108910 893.6
1108920 892.3
1108930 892.3
1108940 891.0
1108950 889.9
1108960 889.9
1108970 887.4
1108980 881.0
1108990 881.0
1109000 879.1
1109010 877.0
1109020 877.0
1109030 876.4
1109040 874.5
1109050 874.5
1109060 871.4
1109070 866.8
1109080 864.7
1109090 864.7
1109100 862.9
1109110 860.4
1109120 860.4
1109130 857.4
1109140 854.5
1109150 854.5
1109160 852.0
1109170 849.2
1109180 849.2
1109190 851.6
1109200 861.6
1109210 861.6
1109220 862.0
1109230 857.0
1109240 857.0
1109250 857.0
1109260 857.2
1109270 857.2
1109280 855.9
1109290 854.2
1109300 853.1
1109310 853.1
1109320 851.5
1109330 852.8
1109340 852.8
1109350 854.9
1109360 854.3
1109370 854.3
1109380 852.6
1109390 850.6
1109400 850.6
1109410 849.6
1109420 847.9
1109430 847.9
1109440 845.8
1109450 844.0
1109460 844.0
1109470 842.7
1109480 841.4
1109490 841.4
1109500 839.8
1109510 839.4
1109520 839.3
1109530 839.3
1109540 842.4
1109550 843.0
1109560 843.0
1109570 843.9
1109580 844.1
1109590 844.1
1109600 842.3
1109610 841.6
1109620 841.6
1109630 840.3
1109640 836.9
1109650 836.9
1109660 837.0
1109670 835.1
1109680 835.1
1109690 830.8
1109700 828.3
1109710 828.3
1109720 827.6
1109730 825.0
1109740 823.9
1109750 823.9
1109760 827.7
1109770 833.7
1109780 833.7
1109790 834.7
1109800 835.1
1109810 835.1
1109820 835.4
1109830 835.9
1109840 835.9
1109850 836.4
1109860 837.0
1109870 837.0
1109880 837.4
1109890 837.8
1109900 837.8
1109910 838.2
1109920 838.5
1109930 838.9
1109940 838.9
1109950 838.9
1109960 838.7
1109970 838.7
1109980 838.8
1109990 838.4
1110000 838.4
1110010 837.1
1110020 836.6
1110030 836.6
1110040 836.0
1110050 836.9
1110060 836.9
1110070 837.2
1110080 838.6
1110090 838.6
1110100 840.6
1110110 842.6
1110120 842.6
1110130 844.5
1110140 845.2
1110150 846.6
1110160 846.6
1110170 848.7
1110180 850.8
1110190 850.8
1110200 852.0
1110210 853.0
1110220 847.9
1110230 849.4
1110240 851.2
1110250 851.2
1110260 853.3
1110270 855.6
1110280 855.6
1110290 857.1
1110300 857.6
1110310 857.6
1110320 857.5
1110330 858.0
1110340 858.0
1110350 858.6
1110360 858.9
1110370 859.4
1110380 859.4
1110390 860.1
1110400 861.1
1110410 861.1
1110420 861.7
1110430 862.4
1110440 862.4
1110450 860.9
1110460 856.8
1110470 856.8
1110480 855.8
1110490 859.5
1110500 859.5
1110510 860.9
1110520 863.0
1110530 863.0
1110540 864.1
1110550 864.8
1110560 863.4
1110570 864.0
1110580 864.1
1110590 864.3
1110600 864.3
1110610 864.4
1110620 864.7
1110630 864.7
1110640 864.9
1110650 865.1
1110660 865.1
1110670 865.3
1110680 865.7
1110690 865.7
1110700 866.0
1110710 866.3
1110720 866.3
1110730 866.8
1110740 867.0
1110750 867.0
1110760 866.1
1110770 865.4
1110780 865.4
1110790 865.0
1110800 863.9
1110810 862.1
1110820 862.1
1110830 861.0
1110840 861.0
1110850 861.0
1110860 861.8
1110870 862.5
1110880 862.5
1110890 862.0
1110900 860.3
1110910 860.3
1110920 859.6
1110930 859.5
1110940 859.5
1110950 860.6
1110960 861.9
1110970 861.9
1110980 863.4
1110990 865.3
1111000 865.3
1111010 869.2
1111020 871.7
1111030 871.8
1111040 871.8
1111050 871.8
1111060 871.9
1111070 871.9
1111080 872.3
1111090 873.3
1111100 873.3
1111110 874.5
1111120 876.6
1111130 876.6
1111140 879.0
1111150 880.6
1111160 880.6
1111170 883.7
1111180 885.0
1111190 885.0
1111200 884.7
1111210 884.6
1111220 884.6
1111230 880.9
1111240 881.9
1111250 883.7
1111260 883.7
1111270 882.8
1111280 881.8
1111290 881.8
1111300 881.3
1111310 881.2
1111320 881.2
1111330 881.9
1111340 883.2
1111350 883.2
1111360 884.8
1111370 887.7
1111380 887.7
1111390 890.4
1111400 893.3
1111410 893.3
1111420 895.4
1111430 897.4
1111440 898.0
1111450 898.0
1111460 898.9
1111470 899.3
1111480 899.3
1111490 899.6
1111500 900.0
1111510 900.0
1111520 900.7
1111530 901.4
1111540 901.4
1111550 901.5
1111560 901.3
1111570 899.0
1111580 899.3
1111590 900.4
1111600 900.4
1111610 901.4
1111620 901.6
1111630 901.6
1111640 899.8
1111650 901.1
1111660 902.2
1111670 902.2
1111680 902.8
1111690 904.1
1111700 904.1
1111710 905.1
1111720 906.3
1111730 906.3
1111740 907.9
1111750 909.1
1111760 909.1
1111770 910.3
1111780 911.8
1111790 911.8
1111800 913.5
1111810 915.2
1111820 915.2
1111830 916.5
1111840 917.0
1111850 917.0
1111860 917.6
1111870 917.6
1111880 918.0
1111890 918.0
1111900 918.4
1111910 916.9
1111920 916.9
1111930 917.2
1111940 918.1
1111950 918.1
1111960 918.7
1111970 919.2
1111980 919.2
1111990 919.7
1112000 920.3
1112010 920.3
1112020 921.1
1112030 921.5
1112040 921.5
1112050 922.6
1112060 923.7
1112070 923.7
1112080 924.4
1112090 924.8
1112100 924.6
1112110 924.6
1112120 925.1
1112130 925.8
1112140 925.8
1112150 926.8
1112160 928.3
1112170 928.3
1112180 929.3
1112190 930.3
1112200 930.3
1112210 931.6
1112220 933.2
1112230 933.2
1112240 932.4
1112250 932.6
1112260 932.6
1112270 932.6
1112280 931.0
1112290 931.0
1112300 930.0
1112310 928.9
1112320 927.9
1112330 927.9
1112340 926.9
1112350 928.6
1112360 928.6
1112370 932.7
1112380 935.8
1112390 935.8
1112400 940.4
1112410 945.3
1112420 945.3
1112430 951.3
1112440 958.6
1112450 958.6
1112460 965.6
1112470 971.8
1112480 971.8
1112490 977.1
1112500 981.6
1112510 981.6
1112520 988.4
1112530 1002.6
1112540 1017.8
1112550 1017.8
1112560 1026.4
1112570 1033.1
1112580 1033.1
1112590 1039.6
1112600 1040.9
1112610 1040.9
1112620 1046.8
1112630 1051.3
1112640 1051.3
1112650 1057.6
1112660 1064.4
1112670 1064.4
1112680 1070.9
1112690 1077.6
1112700 1077.6
1112710 1085.8
1112720 1091.5
1112730 1091.5
1112740 1095.7
1112750 1099.5
1112760 1103.7
1112770 1103.7
1112780 1105.5
1112790 1108.1
1112800 1108.1
1112810 1111.2
1112820 1113.3
1112830 1113.3
1112840 1117.5
1112850 1123.4
1112860 1123.4
1112870 1129.8
1112880 1136.4
1112890 1136.4
1112900 1142.4
1112910 1146.9
1112920 1146.9
1112930 1151.0
1112940 1148.3
1112950 1153.1
1112960 1153.1
1112970 1157.2
1112980 1159.8
1112990 1159.8
1113000 1161.4
1113010 1163.1
1113020 1163.1
1113030 1168.0
1113040 1173.8
1113050 1173.8
1113060 1178.0
1113070 1182.6
1113080 1182.6
1113090 1185.8
1113100 1188.6
1113110 1188.6
1113120 1193.8
1113130 1199.0
1113140 1199.0
1113150 1203.0
1113160 1205.1
1113170 1210.3
1113180 1210.3
1113190 1215.5
1113200 1217.2
1113210 1217.2
1113220 1218.1
1113230 1218.2
1113240 1218.2
1113250 1219.2
1113260 1219.7
1113270 1219.7
1113280 1214.5
1113290 1216.1
1113300 1216.1
1113310 1220.7
1113320 1223.6
1113330 1223.6
1113340 1224.8
1113350 1226.0
1113360 1226.0
1113370 1225.0
1113380 1224.2
1113390 1227.4
1113400 1227.4
1113410 1231.4
1113420 1234.7
1113430 1234.7
1113440 1237.6
1113450 1238.4
1113460 1238.4
1113470 1238.9
1113480 1241.1
1113490 1241.1
1113500 1241.4
1113510 1242.2
1113520 1242.2
1113530 1243.4
1113540 1243.7
1113550 1243.7
1113560 1244.7
1113570 1245.3
1113580 1245.3
1113590 1247.3
1113600 1251.5
1113610 1254.9
1113620 1250.4
1113630 1250.7
1113640 1246.0
1113650 1246.0
1113660 1253.9
1113670 1260.5
1113680 1260.5
1113690 1268.0
1113700 1276.1
1113710 1276.1
1113720 1283.8
1113730 1286.6
1113740 1286.6
1113750 1288.3
1113760 1291.2
1113770 1291.2
1113780 1293.8
1113790 1296.0
1113800 1296.0
1113810 1299.2
1113820 1302.7
1113830 1305.5
1113840 1305.5
1113850 1310.3
1113860 1316.7
1113870 1316.7
1113880 1323.6
1113890 1331.3
1113900 1331.3
1113910 1338.4
1113920 1343.1
1113930 1343.1
1113940 1345.6
1113950 1349.7
1113960 1347.5
1113970 1352.2
1113980 1357.4
1113990 1357.4
1114000 1362.6
1114010 1367.8
1114020 1367.8
1114030 1372.8
1114040 1377.8
1114050 1382.1
1114060 1382.1
1114070 1385.4
1114080 1388.5
1114090 1388.5
1114100 1389.6
1114110 1391.8
1114120 1391.8
1114130 1394.9
1114140 1397.7
1114150 1397.7
1114160 1401.6
1114170 1405.2
1114180 1405.2
1114190 1407.6
1114200 1411.0
1114210 1411.0
1114220 1414.3
1114230 1417.0
1114240 1417.0
1114250 1421.4
1114260 1423.9
1114270 1417.4
1114280 1417.4
1114290 1410.7
1114300 1398.7
1114310 1398.7
1114320 1397.2
1114330 1394.8
1114340 1394.8
1114350 1393.8
1114360 1399.7
1114370 1399.7
1114380 1405.6
1114390 1402.2
1114400 1402.2
1114410 1404.1
1114420 1410.9
1114430 1410.9
1114440 1410.0
1114450 1406.4
1114460 1401.8
1114470 1401.8
1114480 1397.5
1114490 1394.1
1114500 1394.1
1114510 1391.3
1114520 1387.9
1114530 1387.9
1114540 1378.4
1114550 1366.5
1114560 1366.5
1114570 1363.0
1114580 1360.5
1114590 1360.5
1114600 1359.7
1114610 1356.8
1114620 1356.8
1114630 1356.0
1114640 1361.9
1114650 1361.9
1114660 1368.8
1114670 1375.6
1114680 1384.0
1114690 1384.0
1114700 1393.8
1114710 1402.5
1114720 1402.5
1114730 1410.6
1114740 1418.7
1114750 1418.7
1114760 1426.2
1114770 1433.5
1114780 1433.5
1114790 1440.5
1114800 1446.1
1114810 1446.1
1114820 1452.1
1114830 1458.5
1114840 1458.5
1114850 1465.0
1114860 1471.4
1114870 1471.4
1114880 1478.4
1114890 1485.8
1114900 1495.2
1114910 1495.2
1114920 1503.9
1114930 1511.7
1114940 1511.7
1114950 1519.2
1114960 1527.6
1114970 1527.6
1114980 1535.1
1114990 1548.9
1115000 1548.9
1115010 1554.1
1115020 1558.3
1115030 1558.3
1115040 1564.5
1115050 1569.4
1115060 1569.4
1115070 1575.1
1115080 1581.4
1115090 1581.4
1115100 1587.4
1115110 1593.2
1115120 1600.3
1115130 1600.3
1115140 1607.3
1115150 1610.3
1115160 1610.3
1115170 1610.5
1115180 1611.8
1115190 1611.8
1115200 1611.7
1115210 1613.3
1115220 1613.3
1115230 1623.0
1115240 1634.4
1115250 1634.4
1115260 1645.7
1115270 1651.4
1115280 1651.4
1115290 1653.3
1115300 1655.9
1115310 1655.9
1115320 1666.4
1115330 1677.4
1115340 1681.3
1115350 1681.3
1115360 1685.3
1115370 1688.9
1115380 1688.9
1115390 1694.2
1115400 1697.0
1115410 1697.0
1115420 1699.2
1115430 1701.2
1115440 1701.2
1115450 1704.3
1115460 1706.8
1115470 1706.8
1115480 1709.0
1115490 1712.4
1115500 1712.4
1115510 1715.2
1115520 1718.0
1115530 1718.0
1115540 1719.4
1115550 1719.9
1115560 1722.5
1115570 1722.5
1115580 1725.4
1115590 1729.8
1115600 1729.8
1115610 1734.2
1115620 1739.3
1115630 1739.3
1115640 1743.2
1115650 1746.7
1115660 1746.7
1115670 1755.1
1115680 1756.5
1115690 1756.5
1115700 1757.0
1115710 1757.5
1115720 1757.5
1115730 1758.8
1115740 1761.6
1115750 1764.9
1115760 1764.9
1115770 1767.6
1115780 1769.0
1115790 1769.0
1115800 1770.0
1115810 1771.5
1115820 1771.5
1115830 1773.3
1115840 1773.5
1115850 1773.5
1115860 1768.2
1115870 1761.9
1115880 1761.9
1115890 1762.7
1115900 1764.9
1115910 1764.9
1115920 1766.8
1115930 1771.1
1115940 1771.1
1115950 1775.5
1115960 1779.6
1115970 1783.4
1115980 1783.4
1115990 1786.5
1116000 1789.3
1116010 1789.3
1116020 1795.6
1116030 1798.6
1116040 1798.6
1116050 1802.8
1116060 1808.4
1116070 1808.4
1116080 1811.9
1116090 1813.3
1116100 1813.3
1116110 1816.5
1116120 1821.1
1116130 1821.1
1116140 1822.7
1116150 1823.2
1116160 1823.2
1116170 1824.0
1116180 1824.3
1116190 1824.7
1116200 1824.7
1116210 1825.8
1116220 1826.3
1116230 1826.3
1116240 1826.2
1116250 1825.6
1116260 1825.6
1116270 1824.9
1116280 1826.1
1116290 1826.1
1116300 1828.3
1116310 1828.0
1116320 1828.0
1116330 1827.5
1116340 1827.0
1116350 1827.0
1116360 1832.7
1116370 1832.9
1116380 1832.9
1116390 1828.8
1116400 1821.9
1116410 1823.3
1116420 1823.3
1116430 1830.7
1116440 1839.3
1116450 1839.3
1116460 1844.6
1116470 1846.2
1116480 1846.2
1116490 1847.4
1116500 1848.2
1116510 1848.2
1116520 1848.7
1116530 1847.5
1116540 1847.5
1116550 1848.5
1116560 1850.3
1116570 1850.3
1116580 1851.2
1116590 1852.4
1116600 1852.4
1116610 1853.4
1116620 1854.3
1116630 1854.7
1116640 1854.7
1116650 1855.4
1116660 1857.4
1116670 1857.4
1116680 1860.0
1116690 1862.7
1116700 1862.7
1116710 1869.1
1116720 1871.9
1116730 1871.9
1116740 1874.5
1116750 1877.1
1116760 1877.1
1116770 1878.8
1116780 1879.9
1116790 1879.9
1116800 1881.1
1116810 1882.5
1116820 1882.5
1116830 1883.9
1116840 1885.0
1116850 1886.5
1116860 1886.5
1116870 1887.6
1116880 1888.7
1116890 1888.7
1116900 1889.6
1116910 1892.2
1116920 1892.2
1116930 1896.5
1116940 1901.7
1116950 1901.7
1116960 1903.9
1116970 1906.1
1116980 1906.1
1116990 1910.6
1117000 1913.7
1117010 1913.7
1117020 1916.6
1117030 1919.4
1117040 1920.6
1117050 1928.0
1117060 1928.8
1117070 1930.7
1117080 1930.7
1117090 1934.7
1117100 1937.3
1117110 1937.3
1117120 1938.1
1117130 1937.9
1117140 1937.9
1117150 1939.5
1117160 1940.5
1117170 1940.5
1117180 1941.5
1117190 1944.2
1117200 1944.2
1117210 1948.3
1117220 1952.7
1117230 1952.7
1117240 1956.6
1117250 1959.9
1117260 1962.5
1117270 1962.5
1117280 1963.8
1117290 1963.7
1117300 1963.7
1117310 1965.6
1117320 1968.2
1117330 1968.2
1117340 1972.2
1117350 1976.3
1117360 1976.3
1117370 1980.3
1117380 1985.6
1117390 1988.0
1117400 1991.4
1117410 1994.9
1117420 1994.9
1117430 1998.7
1117440 2002.5
1117450 2002.5
1117460 2006.2
1117470 2009.2
1117480 2012.5
1117490 2012.5
1117500 2015.7
1117510 2019.3
1117520 2019.3
1117530 2023.2
1117540 2028.7
1117550 2028.7
1117560 2041.8
1117570 2049.7
1117580 2049.7
1117590 2058.4
1117600 2065.3
1117610 2065.3
1117620 2066.7
1117630 2065.5
1117640 2065.5
1117650 2061.2
1117660 2057.8
1117670 2057.8
1117680 2058.4
1117690 2060.8
1117700 2060.6
1117710 2060.6
1117720 2058.3
1117730 2056.6
1117740 2065.5
1117750 2065.2
1117760 2067.1
1117770 2067.1
1117780 2070.9
1117790 2074.5
1117800 2074.5
1117810 2075.1
1117820 2072.1
1117830 2072.1
1117840 2067.6
1117850 2065.8
1117860 2065.8
1117870 2064.4
1117880 2062.4
1117890 2062.4
1117900 2060.9
1117910 2059.1
1117920 2057.5
1117930 2057.5
1117940 2057.3
1117950 2056.6
1117960 2056.6
1117970 2055.4
1117980 2054.1
1117990 2054.1
1118000 2054.8
1118010 2055.3
1118020 2055.3
1118030 2055.4
1118040 2057.2
1118050 2057.2
1118060 2058.7
1118070 2058.9
1118080 2058.9
1118090 2062.2
1118100 2061.7
1118110 2061.7
1118120 2063.9
1118130 2067.3
1118140 2069.6
1118150 2069.6
1118160 2069.9
1118170 2069.0
1118180 2069.0
1118190 2066.6
1118200 2065.0
1118210 2065.0
1118220 2062.8
1118230 2060.8
1118240 2060.8
1118250 2057.9
1118260 2055.0
1118270 2055.0
1118280 2052.3
1118290 2052.7
1118300 2052.7
1118310 2052.4
1118320 2053.6
1118330 2055.3
1118340 2055.3
1118350 2057.0
1118360 2058.2
1118370 2058.2
1118380 2060.2
1118390 2062.2
1118400 2062.2
1118410 2063.5
1118420 2064.3
1118430 2068.5
1118440 2069.8
1118450 2071.1
1118460 2071.1
1118470 2073.5
1118480 2076.3
1118490 2076.3
1118500 2079.0
1118510 2080.4
1118520 2080.4
1118530 2081.4
1118540 2082.1
1118550 2081.4
1118560 2081.4
1118570 2080.4
1118580 2079.9
1118590 2079.9
1118600 2080.6
1118610 2082.2
1118620 2082.2
1118630 2083.7
1118640 2084.8
1118650 2084.8
1118660 2085.1
1118670 2085.5
1118680 2085.5
1118690 2088.8
1118700 2091.0
1118710 2091.0
1118720 2091.3
1118730 2092.1
1118740 2092.1
1118750 2092.3
1118760 2092.6
1118770 2094.1
1118780 2094.4
1118790 2095.7
1118800 2098.9
1118810 2098.9
1118820 2101.4
1118830 2101.9
1118840 2101.9
1118850 2100.5
1118860 2099.5
1118870 2099.5
1118880 2099.5
1118890 2099.6
1118900 2099.6
1118910 2099.7
1118920 2099.9
1118930 2099.9
1118940 2100.5
1118950 2101.2
1118960 2101.2
1118970 2102.4
1118980 2103.4
1118990 2105.0
1119000 2105.0
1119010 2107.0
1119020 2108.5
1119030 2108.5
1119040 2110.0
1119050 2111.4
1119060 2111.4
1119070 2112.5
1119080 2113.3
1119090 2113.3
1119100 2114.0
1119110 2114.9
1119120 2114.7
1119130 2115.9
1119140 2117.0
1119150 2117.0
1119160 2118.5
1119170 2119.9
1119180 2119.9
1119190 2121.5
1119200 2123.5
1119210 2125.5
1119220 2125.5
1119230 2127.5
1119240 2129.8
1119250 2129.8
1119260 2133.2
1119270 2137.0
1119280 2137.0
1119290 2140.6
1119300 2143.5
1119310 2143.5
1119320 2146.4
1119330 2148.9
1119340 2148.9
1119350 2151.8
1119360 2154.4
1119370 2154.4
1119380 2155.9
1119390 2157.4
1119400 2157.4
1119410 2158.4
1119420 2159.0
1119430 2159.8
1119440 2159.8
1119450 2161.3
1119460 2163.6
1119470 2165.7
1119480 2168.8
1119490 2172.5
1119500 2172.5
1119510 2176.3
1119520 2179.7
1119530 2179.7
1119540 2183.5
1119550 2186.7
1119560 2186.7
1119570 2190.5
1119580 2195.6
1119590 2195.6
1119600 2201.3
1119610 2207.8
1119620 2215.3
1119630 2215.3
1119640 2221.6
1119650 2226.8
1119660 2226.8
1119670 2228.7
1119680 2228.7
1119690 2228.7
1119700 2228.9
1119710 2229.5
1119720 2229.5
1119730 2232.4
1119740 2237.9
1119750 2237.9
1119760 2243.9
1119770 2249.9
1119780 2249.9
1119790 2254.5
1119800 2259.2
1119810 2259.2
1119820 2264.0
1119830 2267.3
1119840 2270.3
1119850 2270.3
1119860 2272.3
1119870 2272.3
1119880 2272.3
1119890 2269.8
1119900 2266.1
1119910 2266.1
1119920 2262.6
1119930 2259.0
1119940 2259.0
1119950 2255.2
1119960 2252.2
1119970 2252.2
1119980 2250.3
1119990 2247.6
