1100000 1970.2
1100010 1963.3
1100020 1963.3
1100030 1956.4
1100040 1949.7
1100050 1949.7
1100060 1943.4
1100070 1937.9
1100080 1937.9
1100090 1932.7
1100100 1926.5
1100110 1926.5
1100120 1919.2
1100130 1911.7
1100140 1911.7
1100150 1906.1
1100160 1900.0
1100170 1900.0
1100180 1893.0
1100190 1886.7
1100200 1886.7
1100210 1881.2
1100220 1875.3
1100230 1868.7
1100240 1868.7
1100250 1861.5
1100260 1853.7
1100270 1853.7
1100280 1848.6
1100290 1842.4
1100300 1842.4
1100310 1838.4
1100320 1831.8
1100330 1831.8
1100340 1825.4
1100350 1819.6
1100360 1819.6
1100370 1814.8
1100380 1810.3
1100390 1810.3
1100400 1806.3
1100410 1802.4
1100420 1802.4
1100430 1799.0
1100440 1796.0
1100450 1793.5
1100460 1793.5
1100470 1790.0
1100480 1785.8
1100490 1785.8
1100500 1782.4
1100510 1779.8
1100520 1779.8
1100530 1777.6
1100540 1774.1
1100550 1774.1
1100560 1770.5
1100570 1767.0
1100580 1767.0
1100590 1763.2
1100600 1758.7
1100610 1758.7
1100620 1751.8
1100630 1746.1
1100640 1746.1
1100650 1740.7
1100660 1733.3
1100670 1733.3
1100680 1724.8
1100690 1716.2
1100700 1709.1
1100710 1709.1
1100720 1700.8
1100730 1693.4
1100740 1693.4
1100750 1689.5
1100760 1684.8
1100770 1684.8
1100780 1680.3
1100790 1676.1
1100800 1676.1
1100810 1673.5
1100820 1675.6
1100830 1675.6
1100840 1675.3
1100850 1676.3
1100860 1676.3
1100870 1674.5
1100880 1666.9
1100890 1666.9
1100900 1658.7
1100910 1655.5
1100920 1652.8
1100930 1652.8
1100940 1650.6
1100950 1648.3
1100960 1641.9
1100970 1640.0
1100980 1639.4
1100990 1639.4
1101000 1637.1
1101010 1632.0
1101020 1632.0
1101030 1624.5
1101040 1617.3
1101050 1617.3
1101060 1610.8
1101070 1606.7
1101080 1606.7
1101090 1601.4
1101100 1596.9
1101110 1596.9
1101120 1593.2
1101130 1588.6
1101140 1584.4
1101150 1584.4
1101160 1579.9
1101170 1575.0
1101180 1575.0
1101190 1569.8
1101200 1566.4
1101210 1566.4
1101220 1564.9
1101230 1561.9
1101240 1561.9
1101250 1558.5
1101260 1554.7
1101270 1554.7
1101280 1550.9
1101290 1543.2
1101300 1543.2
1101310 1539.4
1101320 1536.0
1101330 1536.0
1101340 1532.7
1101350 1529.3
1101360 1525.3
1101370 1525.3
1101380 1520.5
1101390 1515.1
1101400 1515.1
1101410 1508.0
1101420 1500.0
1101430 1500.0
1101440 1493.7
1101450 1488.3
1101460 1488.3
1101470 1482.4
1101480 1476.8
1101490 1476.8
1101500 1470.9
1101510 1465.1
1101520 1465.1
1101530 1460.5
1101540 1455.8
1101550 1455.8
1101560 1451.3
1101570 1447.2
1101580 1443.4
1101590 1443.4
1101600 1440.1
1101610 1435.8
1101620 1434.2
1101630 1431.3
1101640 1428.9
1101650 1428.9
1101660 1425.9
1101670 1422.9
1101680 1422.9
1101690 1420.2
1101700 1418.3
1101710 1418.3
1101720 1416.1
1101730 1413.9
1101740 1413.9
1101750 1411.8
1101760 1410.5
1101770 1410.5
1101780 1409.7
1101790 1409.2
1101800 1408.6
1101810 1408.6
1101820 1406.8
1101830 1402.6
1101840 1402.6
1101850 1396.1
1101860 1393.6
1101870 1393.6
1101880 1394.3
1101890 1396.5
1101900 1396.5
1101910 1398.4
1101920 1398.8
1101930 1398.8
1101940 1400.4
1101950 1411.4
1101960 1411.4
1101970 1415.4
1101980 1419.1
1101990 1419.1
1102000 1422.3
1102010 1425.4
1102020 1427.9
1102030 1427.9
1102040 1431.5
1102050 1434.8
1102060 1434.8
1102070 1438.7
1102080 1444.9
1102090 1444.9
1102100 1451.2
1102110 1456.4
1102120 1456.4
1102130 1461.1
1102140 1465.8
1102150 1465.8
1102160 1469.2
1102170 1472.0
1102180 1472.0
1102190 1475.4
1102200 1479.5
1102210 1479.5
1102220 1483.7
1102230 1487.3
1102240 1491.4
1102250 1491.4
1102260 1496.2
1102270 1501.3
1102280 1505.0
1102290 1510.6
1102300 1516.6
1102310 1516.6
1102320 1523.3
1102330 1529.9
1102340 1529.9
1102350 1536.5
1102360 1542.9
1102370 1542.9
1102380 1548.3
1102390 1553.3
1102400 1553.3
1102410 1559.5
1102420 1566.6
1102430 1566.6
1102440 1574.2
1102450 1582.3
1102460 1590.8
1102470 1590.8
1102480 1599.2
1102490 1606.4
1102500 1606.4
1102510 1614.7
1102520 1623.0
1102530 1623.0
1102540 1630.0
1102550 1636.7
1102560 1636.7
1102570 1643.2
1102580 1649.9
1102590 1649.9
1102600 1656.7
1102610 1667.6
1102620 1667.6
1102630 1674.7
1102640 1681.3
1102650 1681.3
1102660 1685.3
1102670 1689.2
1102680 1695.9
1102690 1695.9
1102700 1703.0
1102710 1709.3
1102720 1709.3
1102730 1714.7
1102740 1719.8
1102750 1719.8
1102760 1724.9
1102770 1729.9
1102780 1729.9
1102790 1734.8
1102800 1740.1
1102810 1740.1
1102820 1746.4
1102830 1753.2
1102840 1753.2
1102850 1760.2
1102860 1767.7
1102870 1767.7
1102880 1776.5
1102890 1784.7
1102900 1792.3
1102910 1792.3
1102920 1799.7
1102930 1807.2
1102940 1812.3
1102950 1820.1
1102960 1828.4
1102970 1828.4
1102980 1837.1
1102990 1851.5
1103000 1851.5
1103010 1863.4
1103020 1870.9
1103030 1870.9
1103040 1877.3
1103050 1882.4
1103060 1882.4
1103070 1888.8
1103080 1895.9
1103090 1895.9
1103100 1901.1
1103110 1904.7
1103120 1908.1
1103130 1908.1
1103140 1911.8
1103150 1917.5
1103160 1917.5
1103170 1923.0
1103180 1929.4
1103190 1929.4
1103200 1936.9
1103210 1941.0
1103220 1941.0
1103230 1945.7
1103240 1950.8
1103250 1950.8
1103260 1954.7
1103270 1956.7
1103280 1958.1
1103290 1960.9
1103300 1963.1
1103310 1963.1
1103320 1964.1
1103330 1964.3
1103340 1963.0
1103350 1963.0
1103360 1961.3
1103370 1959.9
1103380 1959.9
1103390 1958.2
1103400 1958.0
1103410 1958.0
1103420 1958.6
1103430 1960.2
1103440 1960.2
1103450 1960.6
1103460 1959.6
1103470 1959.6
1103480 1958.1
1103490 1956.7
1103500 1956.7
1103510 1955.1
1103520 1954.4
1103530 1954.4
1103540 1954.5
1103550 1952.9
1103560 1951.9
1103570 1951.9
1103580 1951.9
1103590 1952.0
1103600 1952.0
1103610 1952.9
1103620 1951.4
1103630 1951.4
1103640 1947.7
1103650 1945.3
1103660 1945.3
1103670 1943.6
1103680 1943.2
1103690 1943.2
1103700 1942.5
1103710 1941.6
1103720 1941.6
1103730 1940.2
1103740 1938.7
1103750 1938.7
1103760 1937.2
1103770 1937.0
1103780 1936.2
1103790 1936.2
1103800 1935.3
1103810 1934.2
1103820 1934.2
1103830 1931.2
1103840 1928.5
1103850 1928.5
1103860 1924.5
1103870 1917.7
1103880 1917.7
1103890 1910.7
1103900 1904.5
1103910 1904.5
1103920 1899.6
1103930 1895.8
1103940 1895.2
1103950 1891.8
1103960 1889.8
1103970 1889.8
1103980 1888.9
1103990 1888.0
1104000 1887.4
1104010 1887.4
1104020 1887.0
1104030 1886.6
1104040 1886.6
1104050 1886.1
1104060 1885.8
1104070 1885.8
1104080 1885.4
1104090 1885.3
1104100 1885.3
1104110 1884.8
1104120 1884.0
1104130 1884.0
1104140 1883.1
1104150 1882.5
1104160 1882.5
1104170 1880.2
1104180 1878.5
1104190 1878.5
1104200 1876.5
1104210 1874.4
1104220 1872.6
1104230 1872.6
1104240 1870.3
1104250 1868.4
1104260 1868.4
1104270 1867.5
1104280 1865.0
1104290 1865.0
1104300 1861.5
1104310 1855.6
1104320 1855.6
1104330 1850.0
1104340 1843.9
1104350 1843.9
1104360 1836.6
1104370 1828.1
1104380 1828.1
1104390 1819.8
1104400 1812.2
1104410 1812.2
1104420 1804.7
1104430 1796.4
1104440 1789.6
1104450 1789.6
1104460 1781.8
1104470 1772.2
1104480 1772.2
1104490 1766.1
1104500 1761.5
1104510 1761.5
1104520 1757.9
1104530 1751.1
1104540 1751.1
1104550 1745.5
1104560 1740.4
1104570 1740.4
1104580 1733.0
1104590 1727.0
1104600 1727.0
1104610 1718.5
1104620 1711.4
1104630 1711.4
1104640 1704.6
1104650 1699.5
1104660 1694.0
1104670 1694.0
1104680 1688.3
1104690 1683.3
1104700 1683.3
1104710 1677.6
1104720 1672.2
1104730 1672.2
1104740 1665.1
1104750 1657.8
1104760 1657.8
1104770 1650.8
1104780 1645.4
1104790 1645.4
1104800 1639.2
1104810 1631.8
1104820 1631.8
1104830 1624.3
1104840 1616.2
1104850 1616.2
1104860 1610.0
1104870 1603.9
1104880 1594.8
1104890 1594.8
1104900 1587.1
1104910 1578.8
1104920 1578.8
1104930 1571.0
1104940 1560.0
1104950 1560.0
1104960 1552.7
1104970 1545.4
1104980 1545.4
1104990 1532.1
1105000 1519.2
1105010 1519.2
1105020 1513.1
1105030 1506.1
1105040 1506.1
1105050 1499.1
1105060 1491.5
1105070 1491.5
1105080 1483.1
1105090 1472.5
1105100 1462.2
1105110 1462.2
1105120 1451.4
1105130 1440.3
1105140 1440.3
1105150 1432.3
1105160 1423.4
1105170 1423.4
1105180 1411.6
1105190 1399.7
1105200 1399.7
1105210 1392.1
1105220 1379.8
1105230 1379.8
1105240 1362.4
1105250 1342.2
1105260 1342.2
1105270 1330.9
1105280 1338.2
1105290 1338.2
1105300 1318.1
1105310 1298.1
1105320 1281.8
1105330 1281.8
1105340 1275.7
1105350 1272.8
1105360 1272.8
1105370 1273.5
1105380 1276.1
1105390 1276.1
1105400 1270.5
1105410 1262.2
1105420 1262.2
1105430 1249.7
1105440 1240.8
1105450 1240.8
1105460 1231.5
1105470 1226.4
1105480 1226.4
1105490 1218.7
1105500 1210.9
1105510 1210.9
1105520 1203.2
1105530 1195.5
1105540 1187.6
1105550 1187.6
1105560 1179.6
1105570 1171.9
1105580 1171.9
1105590 1164.5
1105600 1157.5
1105610 1152.9
1105620 1146.7
1105630 1140.8
1105640 1140.8
1105650 1131.7
1105660 1123.5
1105670 1123.5
1105680 1117.0
1105690 1112.9
1105700 1112.9
1105710 1107.5
1105720 1099.8
1105730 1099.8
1105740 1091.0
1105750 1082.5
1105760 1074.3
1105770 1074.3
1105780 1065.9
1105790 1055.5
1105800 1055.5
1105810 1045.6
1105820 1035.5
1105830 1035.5
1105840 1028.5
1105850 1023.4
1105860 1023.4
1105870 1015.2
1105880 1005.5
1105890 1005.5
1105900 1002.2
1105910 1001.4
1105920 1001.4
1105930 1001.6
1105940 1016.0
1105950 1020.2
1105960 1020.2
1105970 1022.8
1105980 1020.9
1105990 1020.9
1106000 1019.8
1106010 1016.6
1106020 1016.6
1106030 1014.0
1106040 1009.9
1106050 1009.9
1106060 1004.6
1106070 998.5
1106080 998.5
1106090 994.9
1106100 993.2
1106110 993.2
1106120 990.8
1106130 987.4
1106140 987.4
1106150 984.2
1106160 981.4
1106170 977.0
1106180 977.0
1106190 971.8
1106200 968.1
1106210 968.1
1106220 963.2
1106230 957.6
1106240 957.6
1106250 952.5
1106260 947.6
1106270 947.6
1106280 947.5
1106290 943.2
1106300 943.2
1106310 939.2
1106320 935.6
1106330 935.6
1106340 932.2
1106350 927.3
1106360 927.3
1106370 921.4
1106380 915.7
1106390 910.6
1106400 910.6
1106410 906.3
1106420 901.8
1106430 901.8
1106440 897.5
1106450 893.7
1106460 893.7
1106470 889.8
1106480 885.8
1106490 885.8
1106500 882.9
1106510 880.4
1106520 880.4
1106530 876.6
1106540 872.3
1106550 872.3
1106560 866.2
1106570 860.1
1106580 860.1
1106590 854.2
1106600 843.2
1106610 835.8
1106620 835.8
1106630 829.3
1106640 824.0
1106650 824.0
1106660 820.6
1106670 818.5
1106680 818.5
1106690 815.6
1106700 813.7
1106710 813.7
1106720 811.9
1106730 809.2
1106740 809.2
1106750 806.4
1106760 804.4
1106770 804.4
1106780 801.6
1106790 799.2
1106800 799.2
1106810 796.9
1106820 795.0
1106830 789.3
1106840 789.3
1106850 778.3
1106860 768.2
1106870 768.2
1106880 763.1
1106890 760.6
1106900 760.6
1106910 759.6
1106920 759.1
1106930 759.1
1106940 757.2
1106950 759.9
1106960 759.9
1106970 762.1
1106980 766.9
1106990 766.9
1107000 774.5
1107010 781.3
1107020 781.3
1107030 786.7
1107040 792.0
1107050 798.4
1107060 798.4
1107070 804.6
1107080 809.7
1107090 809.7
1107100 815.0
1107110 820.0
1107120 820.0
1107130 824.2
1107140 826.7
1107150 826.7
1107160 829.3
1107170 831.6
1107180 831.6
1107190 834.3
1107200 835.9
1107210 835.9
1107220 837.7
1107230 838.7
1107240 838.7
1107250 838.5
1107260 837.0
1107270 834.8
1107280 834.8
1107290 827.0
1107300 821.1
1107310 821.1
1107320 817.8
1107330 816.4
1107340 816.4
1107350 816.4
1107360 817.3
1107370 817.3
1107380 818.8
1107390 820.8
1107400 820.8
1107410 824.4
1107420 830.0
1107430 830.0
1107440 836.4
1107450 842.5
1107460 842.5
1107470 848.8
1107480 854.7
1107490 860.1
1107500 860.1
1107510 865.1
1107520 870.1
1107530 870.1
1107540 872.8
1107550 874.8
1107560 874.8
1107570 878.2
1107580 883.1
1107590 883.1
1107600 887.8
1107610 892.2
1107620 887.3
1107630 892.7
1107640 899.1
1107650 899.1
1107660 906.0
1107670 913.5
1107680 913.5
1107690 921.6
1107700 929.3
1107710 937.5
1107720 937.5
1107730 945.9
1107740 955.2
1107750 955.2
1107760 969.7
1107770 987.0
1107780 987.0
1107790 999.2
1107800 1009.3
1107810 1009.3
1107820 1016.7
1107830 1026.8
1107840 1026.8
1107850 1035.8
1107860 1036.5
1107870 1036.5
1107880 1037.2
1107890 1044.5
1107900 1044.5
1107910 1058.6
1107920 1079.6
1107930 1097.6
1107940 1097.6
1107950 1112.7
1107960 1122.0
1107970 1122.0
1107980 1134.2
1107990 1138.2
1108000 1138.2
1108010 1139.8
1108020 1145.9
1108030 1145.9
1108040 1162.9
1108050 1173.8
1108060 1173.8
1108070 1182.6
1108080 1190.7
1108090 1190.7
1108100 1195.3
1108110 1193.5
1108120 1193.5
1108130 1193.3
1108140 1199.4
1108150 1198.5
1108160 1198.5
1108170 1200.2
1108180 1212.6
1108190 1212.6
1108200 1229.8
1108210 1243.8
1108220 1243.8
1108230 1252.9
1108240 1261.0
1108250 1261.0
1108260 1268.0
1108270 1273.7
1108280 1273.7
1108290 1279.9
1108300 1281.4
1108310 1281.4
1108320 1288.1
1108330 1297.0
1108340 1297.0
1108350 1308.5
1108360 1316.8
1108370 1323.4
1108380 1323.4
1108390 1331.7
1108400 1337.1
1108410 1337.1
1108420 1341.4
1108430 1347.0
1108440 1347.0
1108450 1352.7
1108460 1356.4
1108470 1356.4
1108480 1360.2
1108490 1364.1
1108500 1364.1
1108510 1369.7
1108520 1372.0
1108530 1372.0
1108540 1372.6
1108550 1376.0
1108560 1376.0
1108570 1381.6
1108580 1386.3
1108590 1390.3
1108600 1390.3
1108610 1393.6
1108620 1395.2
1108630 1390.3
1108640 1390.9
1108650 1390.5
1108660 1390.5
1108670 1390.0
1108680 1391.5
1108690 1391.5
1108700 1394.2
1108710 1395.8
1108720 1395.8
1108730 1397.5
1108740 1400.5
1108750 1400.5
1108760 1403.9
1108770 1406.4
1108780 1406.4
1108790 1408.6
1108800 1409.3
1108810 1408.8
1108820 1408.8
1108830 1409.6
1108840 1411.1
1108850 1411.1
1108860 1412.4
1108870 1412.5
1108880 1412.5
1108890 1412.3
1108900 1413.4
1108910 1413.4
1108920 1415.1
1108930 1417.3
1108940 1417.3
1108950 1419.6
1108960 1421.7
1108970 1415.6
1108980 1418.1
1108990 1420.5
1109000 1420.5
1109010 1423.4
1109020 1427.6
1109030 1432.1
1109040 1432.1
1109050 1435.7
1109060 1438.1
1109070 1438.1
1109080 1441.4
1109090 1446.2
1109100 1446.2
1109110 1452.9
1109120 1460.8
1109130 1460.8
1109140 1468.5
1109150 1475.6
1109160 1475.6
1109170 1481.8
1109180 1488.2
1109190 1488.2
1109200 1495.4
1109210 1502.0
1109220 1502.0
1109230 1507.8
1109240 1510.1
1109250 1512.0
1109260 1512.0
1109270 1514.7
1109280 1517.1
1109290 1517.1
1109300 1518.5
1109310 1515.9
1109320 1515.9
1109330 1516.7
1109340 1519.1
1109350 1519.1
1109360 1521.1
1109370 1523.8
1109380 1523.8
1109390 1528.6
1109400 1534.7
1109410 1534.7
1109420 1539.8
1109430 1545.8
1109440 1545.8
1109450 1552.2
1109460 1557.6
1109470 1561.8
1109480 1561.8
1109490 1566.5
1109500 1569.7
1109510 1569.7
1109520 1569.9
1109530 1569.5
1109540 1569.5
1109550 1568.7
1109560 1567.1
1109570 1567.1
1109580 1565.1
1109590 1562.8
1109600 1562.8
1109610 1559.3
1109620 1558.2
1109630 1558.2
1109640 1560.6
1109650 1565.4
1109660 1565.4
1109670 1570.5
1109680 1576.4
1109690 1581.9
1109700 1581.9
1109710 1587.7
1109720 1593.6
1109730 1593.6
1109740 1599.2
1109750 1605.3
1109760 1605.3
1109770 1613.9
1109780 1623.1
1109790 1623.1
1109800 1629.1
1109810 1635.0
1109820 1635.0
1109830 1642.0
1109840 1649.3
1109850 1649.3
1109860 1657.3
1109870 1665.4
1109880 1665.4
1109890 1671.0
1109900 1674.6
1109910 1677.3
1109920 1677.3
1109930 1679.2
1109940 1680.6
1109950 1680.6
1109960 1682.5
1109970 1684.8
1109980 1681.9
1109990 1684.9
1110000 1688.0
1110010 1688.0
1110020 1694.1
1110030 1699.8
1110040 1699.8
1110050 1703.9
1110060 1705.7
1110070 1705.7
1110080 1709.7
1110090 1713.4
1110100 1713.4
1110110 1714.7
1110120 1715.7
1110130 1715.1
1110140 1715.1
1110150 1714.5
1110160 1716.2
1110170 1716.2
1110180 1718.3
1110190 1720.4
1110200 1720.4
1110210 1722.1
1110220 1723.1
1110230 1723.1
1110240 1723.3
1110250 1724.6
1110260 1724.6
1110270 1725.4
1110280 1727.1
1110290 1727.1
1110300 1728.3
1110310 1729.3
1110320 1729.0
1110330 1730.9
1110340 1732.9
1110350 1733.4
1110360 1733.4
1110370 1734.5
1110380 1735.8
1110390 1735.8
1110400 1736.9
1110410 1738.2
1110420 1738.2
1110430 1739.7
1110440 1741.7
1110450 1741.7
1110460 1743.2
1110470 1743.8
1110480 1743.8
1110490 1744.1
1110500 1746.0
1110510 1746.0
1110520 1748.7
1110530 1751.2
1110540 1751.2
1110550 1753.6
1110560 1755.5
1110570 1756.6
1110580 1756.6
1110590 1757.2
1110600 1757.2
1110610 1757.2
1110620 1756.7
1110630 1756.0
1110640 1756.0
1110650 1756.1
1110660 1753.7
1110670 1753.7
1110680 1756.2
1110690 1759.5
1110700 1759.5
1110710 1762.6
1110720 1764.3
1110730 1764.3
1110740 1764.7
1110750 1765.1
1110760 1765.1
1110770 1764.8
1110780 1764.8
1110790 1765.9
1110800 1765.9
1110810 1766.4
1110820 1766.2
1110830 1766.2
1110840 1766.8
1110850 1767.0
1110860 1767.0
1110870 1766.4
1110880 1765.4
1110890 1765.4
1110900 1765.7
1110910 1766.7
1110920 1766.7
1110930 1767.9
1110940 1769.5
1110950 1769.5
1110960 1771.2
1110970 1773.0
1110980 1773.0
1110990 1774.7
1111000 1770.8
1111010 1771.9
1111020 1771.9
1111030 1772.3
1111040 1772.0
1111050 1772.0
1111060 1769.7
1111070 1767.4
1111080 1767.4
1111090 1765.2
1111100 1761.8
1111110 1761.8
1111120 1759.4
1111130 1757.5
1111140 1757.5
1111150 1756.0
1111160 1754.6
1111170 1754.6
1111180 1751.1
1111190 1747.9
1111200 1747.9
1111210 1746.8
1111220 1747.7
1111230 1747.2
1111240 1747.2
1111250 1746.1
1111260 1744.0
1111270 1744.0
1111280 1742.9
1111290 1743.6
1111300 1743.6
1111310 1743.7
1111320 1741.0
1111330 1741.0
1111340 1733.3
1111350 1730.5
1111360 1730.5
1111370 1727.4
1111380 1724.6
1111390 1724.6
1111400 1721.9
1111410 1718.8
1111420 1718.8
1111430 1715.2
1111440 1711.3
1111450 1707.7
1111460 1707.7
1111470 1704.1
1111480 1699.8
1111490 1699.8
1111500 1692.7
1111510 1685.2
1111520 1685.2
1111530 1680.3
1111540 1676.7
1111550 1676.7
1111560 1671.1
1111570 1664.5
1111580 1664.5
1111590 1657.5
1111600 1651.4
1111610 1651.4
1111620 1645.3
1111630 1640.7
1111640 1640.7
1111650 1637.7
1111660 1633.5
1111670 1627.2
1111680 1619.3
1111690 1613.5
1111700 1611.1
1111710 1611.1
1111720 1609.6
1111730 1607.7
1111740 1607.7
1111750 1605.3
1111760 1602.0
1111770 1602.0
1111780 1596.3
1111790 1587.9
1111800 1587.9
1111810 1580.2
1111820 1569.8
1111830 1569.8
1111840 1558.2
1111850 1548.0
1111860 1548.0
1111870 1540.7
1111880 1531.0
1111890 1520.9
1111900 1520.9
1111910 1506.0
1111920 1494.8
1111930 1494.8
1111940 1494.5
1111950 1496.7
1111960 1496.7
1111970 1499.4
1111980 1505.0
1111990 1505.0
1112000 1511.8
1112010 1517.7
1112020 1513.9
1112030 1519.0
1112040 1524.4
1112050 1524.4
1112060 1530.6
1112070 1538.3
1112080 1538.3
1112090 1546.7
1112100 1554.7
1112110 1562.1
1112120 1562.1
1112130 1570.6
1112140 1579.3
1112150 1579.3
1112160 1586.9
1112170 1594.8
1112180 1594.8
1112190 1602.8
1112200 1611.2
1112210 1611.2
1112220 1619.6
1112230 1627.2
1112240 1627.2
1112250 1637.0
1112260 1644.3
1112270 1644.3
1112280 1649.2
1112290 1654.7
1112300 1654.7
1112310 1661.1
1112320 1668.2
1112330 1675.7
1112340 1675.7
1112350 1683.4
1112360 1690.1
1112370 1690.1
1112380 1696.9
1112390 1705.0
1112400 1705.0
1112410 1712.4
1112420 1718.3
1112430 1718.3
1112440 1723.5
1112450 1728.4
1112460 1728.4
1112470 1731.3
1112480 1733.9
1112490 1733.9
1112500 1736.3
1112510 1740.5
1112520 1740.5
1112530 1747.4
1112540 1756.6
1112550 1764.6
1112560 1764.6
1112570 1770.9
1112580 1777.9
1112590 1777.9
1112600 1780.4
1112610 1783.3
1112620 1783.3
1112630 1790.1
1112640 1795.9
1112650 1795.9
1112660 1801.0
1112670 1805.7
1112680 1805.7
1112690 1810.2
1112700 1813.5
1112710 1813.5
1112720 1820.9
1112730 1829.5
1112740 1829.5
1112750 1842.8
1112760 1858.0
1112770 1867.8
1112780 1867.8
1112790 1874.5
1112800 1881.0
1112810 1881.0
1112820 1887.4
1112830 1890.4
1112840 1890.4
1112850 1895.8
1112860 1902.3
1112870 1902.3
1112880 1908.9
1112890 1914.9
1112900 1914.9
1112910 1921.8
1112920 1930.3
1112930 1930.3
1112940 1940.1
1112950 1949.3
1112960 1949.3
1112970 1958.2
1112980 1969.6
1112990 1983.4
1113000 1983.4
1113010 2002.5
1113020 2011.2
1113030 2011.2
1113040 2021.2
1113050 2029.9
1113060 2029.9
1113070 2037.6
1113080 2043.2
1113090 2043.2
1113100 2048.0
1113110 2053.0
1113120 2053.0
1113130 2058.3
1113140 2064.6
1113150 2064.6
1113160 2070.0
1113170 2074.5
1113180 2074.5
1113190 2078.7
1113200 2083.2
1113210 2088.2
1113220 2088.2
1113230 2093.8
1113240 2099.9
1113250 2099.9
1113260 2105.5
1113270 2111.3
1113280 2111.3
1113290 2117.9
1113300 2124.9
1113310 2124.9
1113320 2131.7
1113330 2142.2
1113340 2142.2
1113350 2157.3
1113360 2172.7
1113370 2172.7
1113380 2190.7
1113390 2200.8
1113400 2200.8
1113410 2218.3
1113420 2234.6
1113430 2247.2
1113440 2247.2
1113450 2259.5
1113460 2269.4
1113470 2269.4
1113480 2274.1
1113490 2281.3
1113500 2281.3
1113510 2288.9
1113520 2295.7
1113530 2295.7
1113540 2302.2
1113550 2309.6
1113560 2309.6
1113570 2317.1
1113580 2324.3
1113590 2324.3
1113600 2333.6
1113610 2342.8
1113620 2342.8
1113630 2353.7
1113640 2359.3
1113650 2365.0
1113660 2365.0
1113670 2370.0
1113680 2368.0
1113690 2368.0
1113700 2354.7
1113710 2347.1
1113720 2347.1
1113730 2330.8
1113740 2323.3
1113750 2323.3
1113760 2321.6
1113770 2320.3
1113780 2320.3
1113790 2315.6
1113800 2306.3
1113810 2306.3
1113820 2299.8
1113830 2290.6
1113840 2290.6
1113850 2277.7
1113860 2267.9
1113870 2261.9
1113880 2261.9
1113890 2257.9
1113900 2249.5
1113910 2249.5
1113920 2240.3
1113930 2230.7
1113940 2230.7
1113950 2221.2
1113960 2215.2
1113970 2215.2
1113980 2208.2
1113990 2201.5
1114000 2201.5
1114010 2198.2
1114020 2198.0
1114030 2198.0
1114040 2197.7
1114050 2196.7
1114060 2196.7
1114070 2189.0
1114080 2188.5
1114090 2189.2
1114100 2189.2
1114110 2191.0
1114120 2193.3
1114130 2193.3
1114140 2196.8
1114150 2201.3
1114160 2201.3
1114170 2205.3
1114180 2207.9
1114190 2207.9
1114200 2211.4
1114210 2214.9
1114220 2214.9
1114230 2219.2
1114240 2223.1
1114250 2223.1
1114260 2228.9
1114270 2234.5
1114280 2234.5
1114290 2240.4
1114300 2248.8
1114310 2260.7
1114320 2260.7
1114330 2274.8
1114340 2284.9
1114350 2284.9
1114360 2288.1
1114370 2291.2
1114380 2291.2
1114390 2294.3
1114400 2295.9
1114410 2289.2
1114420 2290.4
1114430 2294.2
1114440 2294.2
1114450 2295.9
1114460 2296.3
1114470 2296.3
1114480 2296.7
1114490 2299.2
1114500 2299.2
1114510 2303.0
1114520 2306.6
1114530 2311.1
1114540 2311.1
1114550 2316.1
1114560 2321.4
1114570 2321.4
1114580 2327.6
1114590 2337.9
1114600 2337.9
1114610 2358.6
1114620 2368.3
1114630 2368.3
1114640 2364.1
1114650 2365.3
1114660 2365.3
1114670 2371.8
1114680 2379.9
1114690 2379.9
1114700 2390.5
1114710 2404.2
1114720 2404.2
1114730 2412.8
1114740 2410.9
1114750 2405.9
1114760 2405.9
1114770 2404.1
1114780 2399.4
1114790 2399.4
1114800 2398.6
1114810 2404.5
1114820 2404.5
1114830 2410.0
1114840 2408.2
1114850 2408.2
1114860 2407.3
1114870 2406.8
1114880 2406.8
1114890 2408.7
1114900 2407.2
1114910 2407.2
1114920 2399.6
1114930 2394.5
1114940 2394.5
1114950 2397.1
1114960 2398.7
1114970 2402.4
1114980 2402.4
1114990 2409.0
1115000 2418.9
1115010 2418.9
1115020 2418.5
1115030 2414.4
1115040 2414.4
1115050 2409.0
1115060 2407.9
1115070 2407.9
1115080 2411.5
1115090 2410.4
1115100 2410.4
1115110 2420.8
1115120 2425.2
1115130 2425.2
1115140 2425.9
1115150 2419.5
1115160 2419.5
1115170 2410.1
1115180 2401.5
1115190 2390.3
1115200 2390.3
1115210 2382.6
1115220 2376.4
1115230 2376.4
1115240 2374.0
1115250 2382.4
1115260 2382.4
1115270 2388.3
1115280 2395.8
1115290 2395.8
1115300 2402.5
1115310 2407.5
1115320 2407.5
1115330 2415.5
1115340 2424.3
1115350 2424.3
1115360 2431.8
1115370 2439.2
1115380 2439.2
1115390 2447.4
1115400 2454.8
1115410 2464.2
1115420 2464.2
1115430 2472.2
1115440 2469.9
1115450 2469.9
1115460 2471.2
1115470 2468.6
1115480 2468.6
1115490 2468.8
1115500 2471.7
1115510 2471.7
1115520 2466.9
1115530 2457.1
1115540 2457.1
1115550 2448.3
1115560 2438.0
1115570 2438.0
1115580 2426.6
1115590 2418.1
1115600 2418.1
1115610 2411.2
1115620 2401.6
1115630 2392.1
1115640 2392.1
1115650 2383.8
1115660 2376.0
1115670 2376.0
1115680 2365.6
1115690 2357.9
1115700 2357.9
1115710 2349.7
1115720 2344.9
1115730 2344.9
1115740 2348.1
1115750 2346.6
1115760 2346.6
1115770 2321.2
1115780 2307.3
1115790 2307.3
1115800 2297.6
1115810 2288.5
1115820 2288.5
1115830 2280.1
1115840 2271.8
1115850 2261.5
1115860 2261.5
1115870 2253.1
1115880 2248.4
1115890 2248.4
1115900 2243.2
1115910 2235.4
1115920 2235.4
1115930 2227.6
1115940 2217.3
1115950 2217.3
1115960 2202.4
1115970 2175.1
1115980 2175.1
1115990 2159.4
1116000 2148.4
1116010 2148.4
1116020 2139.5
1116030 2130.5
1116040 2130.5
1116050 2115.4
1116060 2104.1
1116070 2098.4
1116080 2098.4
1116090 2092.3
1116100 2086.8
1116110 2086.8
1116120 2080.4
1116130 2092.7
1116140 2092.7
1116150 2085.1
1116160 2082.4
1116170 2082.4
1116180 2080.9
1116190 2083.7
1116200 2083.7
1116210 2085.3
1116220 2087.2
1116230 2087.2
1116240 2088.3
1116250 2087.8
1116260 2087.8
1116270 2088.4
1116280 2086.9
1116290 2082.6
1116300 2082.6
1116310 2078.9
1116320 2072.4
1116330 2072.4
1116340 2068.0
1116350 2066.8
1116360 2066.8
1116370 2066.7
1116380 2067.6
1116390 2067.6
1116400 2068.0
1116410 2067.7
1116420 2067.7
1116430 2067.7
1116440 2068.9
1116450 2068.9
1116460 2070.7
1116470 2073.5
1116480 2073.5
1116490 2075.6
1116500 2078.2
1116510 2080.3
1116520 2080.3
1116530 2083.0
1116540 2084.9
1116550 2084.9
1116560 2086.9
1116570 2093.6
1116580 2093.6
1116590 2102.7
1116600 2106.1
1116610 2106.1
1116620 2109.9
1116630 2114.5
1116640 2114.5
1116650 2115.8
1116660 2116.2
1116670 2116.2
1116680 2118.2
1116690 2121.7
1116700 2121.7
1116710 2126.2
1116720 2128.8
1116730 2132.8
1116740 2132.8
1116750 2136.9
1116760 2142.0
1116770 2142.0
1116780 2147.3
1116790 2152.9
1116800 2152.9
1116810 2161.6
1116820 2167.6
1116830 2167.6
1116840 2173.8
1116850 2180.2
1116860 2180.2
1116870 2185.9
1116880 2191.8
1116890 2191.8
1116900 2198.3
1116910 2206.1
1116920 2206.1
1116930 2222.1
1116940 2244.0
1116950 2257.4
1116960 2257.4
1116970 2262.3
1116980 2269.0
1116990 2269.0
1117000 2275.3
1117010 2283.8
1117020 2283.8
1117030 2292.0
1117040 2300.8
1117050 2300.8
1117060 2311.0
1117070 2318.3
1117080 2318.3
1117090 2319.2
1117100 2316.4
1117110 2316.4
1117120 2310.6
1117130 2305.1
1117140 2305.1
1117150 2299.1
1117160 2289.6
1117170 2284.4
1117180 2284.4
1117190 2280.5
1117200 2278.0
1117210 2278.0
1117220 2276.7
1117230 2275.0
1117240 2275.0
1117250 2272.1
1117260 2269.8
1117270 2269.8
1117280 2265.8
1117290 2263.2
1117300 2263.2
1117310 2260.6
1117320 2257.4
1117330 2257.4
1117340 2254.8
1117350 2250.7
1117360 2250.7
1117370 2248.0
1117380 2247.3
1117390 2247.5
1117400 2247.5
1117410 2248.3
1117420 2247.6
1117430 2247.6
1117440 2244.2
1117450 2236.7
1117460 2236.7
1117470 2230.7
1117480 2223.3
1117490 2223.3
1117500 2208.2
1117510 2197.2
1117520 2197.2
1117530 2189.9
1117540 2181.9
1117550 2181.9
1117560 2172.0
1117570 2165.5
1117580 2165.5
1117590 2160.1
1117600 2156.0
1117610 2150.0
1117620 2150.0
1117630 2141.9
1117640 2135.1
1117650 2135.1
1117660 2129.6
1117670 2124.2
1117680 2124.2
1117690 2118.9
1117700 2113.7
1117710 2113.7
1117720 2109.8
1117730 2106.4
1117740 2106.4
1117750 2102.5
1117760 2099.2
1117770 2099.2
1117780 2096.4
1117790 2094.3
1117800 2092.8
1117810 2092.8
1117820 2093.3
1117830 2093.8
1117840 2093.8
1117850 2098.9
1117860 2098.1
1117870 2098.1
1117880 2096.4
1117890 2093.9
1117900 2093.9
1117910 2091.3
1117920 2087.9
1117930 2087.9
1117940 2084.0
1117950 2081.1
1117960 2081.1
1117970 2080.4
1117980 2079.6
1117990 2079.6
1118000 2078.2
1118010 2076.9
1118020 2076.5
1118030 2076.5
1118040 2077.6
1118050 2079.6
1118060 2079.6
1118070 2081.6
1118080 2083.7
1118090 2083.7
1118100 2084.6
1118110 2085.4
1118120 2085.4
1118130 2086.4
1118140 2087.5
1118150 2087.5
1118160 2087.6
1118170 2087.1
1118180 2087.1
1118190 2087.0
1118200 2092.7
1118210 2092.7
1118220 2092.8
1118230 2092.6
1118240 2092.4
1118250 2092.4
1118260 2092.5
1118270 2092.9
1118280 2092.9
1118290 2094.3
1118300 2096.0
1118310 2096.0
1118320 2097.2
1118330 2097.8
1118340 2097.8
1118350 2097.8
1118360 2098.9
1118370 2098.9
1118380 2100.5
1118390 2102.3
1118400 2102.3
1118410 2104.0
1118420 2105.1
1118430 2105.1
1118440 2106.0
1118450 2107.2
1118460 2110.7
1118470 2110.7
1118480 2114.1
1118490 2117.8
1118500 2117.8
1118510 2123.1
1118520 2126.4
1118530 2126.4
1118540 2143.8
1118550 2152.3
1118560 2152.3
1118570 2162.9
1118580 2162.3
1118590 2162.3
1118600 2158.7
1118610 2152.6
1118620 2152.6
1118630 2147.1
1118640 2140.6
1118650 2140.6
1118660 2146.6
1118670 2147.4
1118680 2144.6
1118690 2144.6
1118700 2142.8
1118710 2139.4
1118720 2139.4
1118730 2139.0
1118740 2138.6
1118750 2138.6
1118760 2138.1
1118770 2138.1
1118780 2138.1
1118790 2138.1
1118800 2137.8
1118810 2137.8
1118820 2137.8
1118830 2136.3
1118840 2136.3
1118850 2133.4
1118860 2130.6
1118870 2130.6
1118880 2129.6
1118890 2140.6
1118900 2142.4
1118910 2142.4
1118920 2138.7
1118930 2139.0
1118940 2139.0
1118950 2143.5
1118960 2147.7
1118970 2147.7
1118980 2151.2
1118990 2153.1
1119000 2153.1
1119010 2151.5
1119020 2145.9
1119030 2145.9
1119040 2141.3
1119050 2139.8
1119060 2139.8
1119070 2140.4
1119080 2140.1
1119090 2140.1
1119100 2141.4
1119110 2149.5
1119120 2157.3
1119130 2157.3
1119140 2154.9
1119150 2152.2
1119160 2152.2
1119170 2151.5
1119180 2152.3
1119190 2152.3
1119200 2150.0
1119210 2153.5
1119220 2153.5
1119230 2149.0
1119240 2164.5
1119250 2164.5
1119260 2171.7
1119270 2179.5
1119280 2179.5
1119290 2175.3
1119300 2172.9
1119310 2172.9
1119320 2172.6
1119330 2180.7
1119340 2192.6
1119350 2192.6
1119360 2203.4
1119370 2208.9
1119380 2208.9
1119390 2205.3
1119400 2196.9
1119410 2196.9
1119420 2182.7
1119430 2166.6
1119440 2166.6
1119450 2154.0
1119460 2141.2
1119470 2141.2
1119480 2127.8
1119490 2111.4
1119500 2111.4
1119510 2099.7
1119520 2096.9
1119530 2096.9
1119540 2093.7
1119550 2090.0
1119560 2086.5
1119570 2086.5
1119580 2088.0
1119590 2085.0
1119600 2085.0
1119610 2081.9
1119620 2078.5
1119630 2078.5
1119640 2076.7
1119650 2077.0
1119660 2077.0
1119670 2078.2
1119680 2078.4
1119690 2078.4
1119700 2079.4
1119710 2079.0
1119720 2079.0
1119730 2075.9
1119740 2073.4
1119750 2073.4
1119760 2070.3
1119770 2066.9
1119780 2065.0
1119790 2065.0
1119800 2064.1
1119810 2064.8
1119820 2064.8
1119830 2064.5
1119840 2064.9
1119850 2064.9
1119860 2064.2
1119870 2060.7
1119880 2060.7
1119890 2056.8
1119900 2052.8
1119910 2052.8
1119920 2048.2
1119930 2051.3
1119940 2051.3
1119950 2047.7
1119960 2043.5
1119970 2043.5
1119980 2039.2
1119990 2034.3
