1100000 2003.4
1100010 2001.3
1100020 1999.4
1100030 1999.4
1100040 1998.1
1100050 1998.0
1100060 1998.0
1100070 1998.0
1100080 1997.7
1100090 1997.7
1100100 1997.8
1100110 1997.9
1100120 1997.9
1100130 1998.1
1100140 1995.6
1100150 1995.6
1100160 1991.7
1100170 1989.2
1100180 1984.1
1100190 1984.1
1100200 1979.7
1100210 1976.0
1100220 1976.0
1100230 1971.5
1100240 1964.3
1100250 1964.3
1100260 1957.9
1100270 1953.1
1100280 1947.2
1100290 1942.2
1100300 1939.4
1100310 1939.4
1100320 1935.0
1100330 1929.7
1100340 1929.7
1100350 1923.3
1100360 1916.0
1100370 1916.0
1100380 1909.9
1100390 1904.0
1100400 1898.6
1100410 1898.6
1100420 1892.7
1100430 1886.0
1100440 1886.0
1100450 1879.8
1100460 1874.4
1100470 1874.4
1100480 1868.2
1100490 1860.9
1100500 1860.9
1100510 1857.0
1100520 1854.7
1100530 1854.7
1100540 1851.2
1100550 1847.9
1100560 1847.9
1100570 1845.0
1100580 1841.7
1100590 1841.7
1100600 1837.6
1100610 1830.0
1100620 1826.3
1100630 1826.3
1100640 1823.4
1100650 1819.6
1100660 1819.6
1100670 1815.4
1100680 1810.8
1100690 1810.8
1100700 1807.2
1100710 1803.5
1100720 1803.5
1100730 1799.0
1100740 1794.9
1100750 1794.9
1100760 1790.3
1100770 1787.4
1100780 1787.4
1100790 1784.8
1100800 1782.8
1100810 1782.8
1100820 1781.5
1100830 1778.6
1100840 1775.2
1100850 1775.2
1100860 1771.8
1100870 1768.2
1100880 1768.2
1100890 1765.0
1100900 1762.5
1100910 1762.5
1100920 1759.8
1100930 1757.3
1100940 1751.0
1100950 1748.6
1100960 1747.1
1100970 1747.1
1100980 1745.7
1100990 1744.4
1101000 1744.4
1101010 1743.3
1101020 1742.2
1101030 1742.2
1101040 1740.8
1101050 1738.5
1101060 1735.7
1101070 1735.7
1101080 1731.3
1101090 1727.1
1101100 1727.1
1101110 1722.9
1101120 1718.6
1101130 1718.6
1101140 1714.3
1101150 1709.8
1101160 1709.8
1101170 1704.2
1101180 1698.5
1101190 1698.5
1101200 1692.8
1101210 1686.8
1101220 1686.8
1101230 1676.3
1101240 1661.4
1101250 1661.4
1101260 1648.6
1101270 1633.8
1101280 1627.2
1101290 1627.2
1101300 1618.1
1101310 1607.6
1101320 1607.6
1101330 1599.1
1101340 1591.3
1101350 1591.3
1101360 1583.8
1101370 1575.9
1101380 1575.9
1101390 1567.6
1101400 1560.1
1101410 1560.1
1101420 1553.4
1101430 1546.7
1101440 1546.7
1101450 1540.4
1101460 1533.5
1101470 1533.5
1101480 1526.9
1101490 1520.9
1101500 1514.7
1101510 1514.7
1101520 1508.4
1101530 1501.3
1101540 1501.3
1101550 1494.2
1101560 1487.8
1101570 1487.8
1101580 1481.7
1101590 1475.4
1101600 1475.9
1101610 1469.7
1101620 1464.0
1101630 1464.0
1101640 1458.3
1101650 1452.4
1101660 1452.4
1101670 1446.3
1101680 1440.5
1101690 1440.5
1101700 1435.0
1101710 1429.3
1101720 1424.0
1101730 1424.0
1101740 1418.7
1101750 1413.9
1101760 1413.9
1101770 1409.8
1101780 1405.0
1101790 1405.0
1101800 1399.8
1101810 1396.0
1101820 1396.0
1101830 1392.7
1101840 1388.9
1101850 1388.9
1101860 1385.3
1101870 1381.2
1101880 1381.2
1101890 1377.3
1101900 1374.1
1101910 1374.1
1101920 1372.5
1101930 1370.2
1101940 1367.9
1101950 1367.9
1101960 1365.4
1101970 1364.4
1101980 1364.4
1101990 1361.4
1102000 1357.6
1102010 1357.6
1102020 1352.5
1102030 1348.7
1102040 1348.7
1102050 1344.8
1102060 1345.3
1102070 1345.3
1102080 1350.8
1102090 1356.9
1102100 1356.9
1102110 1362.4
1102120 1368.9
1102130 1368.9
1102140 1376.8
1102150 1382.2
1102160 1387.9
1102170 1387.9
1102180 1393.1
1102190 1396.4
1102200 1396.4
1102210 1401.6
1102220 1407.1
1102230 1407.1
1102240 1411.2
1102250 1414.3
1102260 1417.2
1102270 1419.2
1102280 1421.7
1102290 1421.7
1102300 1424.6
1102310 1427.0
1102320 1427.0
1102330 1429.9
1102340 1434.1
1102350 1434.1
1102360 1439.7
1102370 1445.1
1102380 1449.9
1102390 1449.9
1102400 1454.0
1102410 1460.0
1102420 1460.0
1102430 1468.0
1102440 1475.8
1102450 1475.8
1102460 1482.7
1102470 1489.7
1102480 1489.7
1102490 1499.4
1102500 1507.5
1102510 1507.5
1102520 1514.0
1102530 1520.4
1102540 1520.4
1102550 1527.2
1102560 1535.1
1102570 1535.1
1102580 1543.3
1102590 1553.0
1102600 1559.3
1102610 1559.3
1102620 1566.7
1102630 1573.2
1102640 1573.2
1102650 1579.6
1102660 1585.6
1102670 1585.6
1102680 1590.5
1102690 1595.4
1102700 1595.4
1102710 1601.3
1102720 1606.9
1102730 1606.9
1102740 1612.3
1102750 1617.8
1102760 1617.8
1102770 1623.7
1102780 1630.0
1102790 1630.0
1102800 1636.6
1102810 1643.2
1102820 1650.1
1102830 1650.1
1102840 1657.0
1102850 1664.7
1102860 1664.7
1102870 1672.9
1102880 1680.6
1102890 1680.6
1102900 1688.0
1102910 1695.0
1102920 1697.4
1102930 1706.5
1102940 1715.7
1102950 1715.7
1102960 1724.7
1102970 1734.0
1102980 1734.0
1102990 1742.9
1103000 1750.9
1103010 1750.9
1103020 1758.9
1103030 1766.6
1103040 1766.6
1103050 1775.3
1103060 1782.6
1103070 1789.8
1103080 1789.8
1103090 1797.1
1103100 1804.7
1103110 1804.7
1103120 1811.9
1103130 1819.3
1103140 1819.3
1103150 1828.6
1103160 1838.0
1103170 1838.0
1103180 1843.1
1103190 1846.7
1103200 1846.7
1103210 1850.5
1103220 1852.8
1103230 1852.8
1103240 1857.8
1103250 1859.7
1103260 1859.8
1103270 1864.6
1103280 1873.8
1103290 1884.5
1103300 1884.5
1103310 1890.8
1103320 1896.3
1103330 1896.3
1103340 1902.5
1103350 1907.3
1103360 1907.3
1103370 1909.9
1103380 1912.0
1103390 1912.0
1103400 1914.6
1103410 1919.4
1103420 1919.4
1103430 1924.8
1103440 1927.8
1103450 1927.8
1103460 1929.9
1103470 1931.8
1103480 1931.8
1103490 1933.0
1103500 1934.1
1103510 1936.0
1103520 1936.0
1103530 1938.8
1103540 1939.8
1103550 1939.8
1103560 1938.0
1103570 1934.9
1103580 1934.9
1103590 1937.7
1103600 1936.6
1103610 1936.6
1103620 1936.1
1103630 1934.4
1103640 1934.4
1103650 1933.1
1103660 1931.8
1103670 1931.8
1103680 1929.3
1103690 1927.5
1103700 1927.5
1103710 1924.0
1103720 1921.1
1103730 1918.9
1103740 1918.9
1103750 1916.9
1103760 1912.0
1103770 1912.0
1103780 1905.9
1103790 1901.9
1103800 1901.9
1103810 1897.6
1103820 1893.1
1103830 1893.1
1103840 1888.6
1103850 1884.4
1103860 1884.4
1103870 1878.6
1103880 1873.0
1103890 1873.0
1103900 1867.7
1103910 1867.7
1103920 1873.0
1103930 1872.7
1103940 1871.2
1103950 1869.7
1103960 1869.7
1103970 1869.4
1103980 1870.6
1103990 1870.6
1104000 1870.5
1104010 1869.1
1104020 1869.1
1104030 1867.6
1104040 1864.9
1104050 1864.9
1104060 1862.1
1104070 1859.2
1104080 1859.2
1104090 1857.1
1104100 1852.8
1104110 1852.8
1104120 1848.0
1104130 1843.3
1104140 1843.3
1104150 1838.2
1104160 1832.8
1104170 1827.0
1104180 1827.0
1104190 1821.1
1104200 1816.3
1104210 1816.3
1104220 1812.7
1104230 1811.7
1104240 1811.7
1104250 1808.6
1104260 1806.2
1104270 1806.2
1104280 1801.9
1104290 1796.0
1104300 1796.0
1104310 1790.5
1104320 1785.0
1104330 1785.0
1104340 1779.2
1104350 1774.0
1104360 1774.0
1104370 1768.8
1104380 1763.1
1104390 1756.8
1104400 1756.8
1104410 1750.1
1104420 1744.9
1104430 1744.9
1104440 1737.9
1104450 1730.7
1104460 1730.7
1104470 1723.9
1104480 1717.9
1104490 1717.9
1104500 1713.7
1104510 1708.5
1104520 1708.5
1104530 1702.5
1104540 1692.9
1104550 1692.9
1104560 1683.0
1104570 1678.1
1104580 1678.1
1104590 1665.0
1104600 1660.6
1104610 1654.5
1104620 1654.5
1104630 1645.8
1104640 1636.2
1104650 1636.2
1104660 1627.2
1104670 1620.0
1104680 1620.0
1104690 1613.6
1104700 1610.1
1104710 1610.1
1104720 1606.1
1104730 1601.8
1104740 1601.8
1104750 1598.4
1104760 1594.7
1104770 1594.7
1104780 1589.0
1104790 1581.1
1104800 1581.1
1104810 1571.7
1104820 1563.0
1104830 1553.6
1104840 1553.6
1104850 1542.4
1104860 1534.5
1104870 1534.5
1104880 1527.1
1104890 1520.0
1104900 1520.0
1104910 1510.8
1104920 1500.4
1104930 1500.4
1104940 1489.0
1104950 1479.5
1104960 1479.5
1104970 1471.0
1104980 1463.2
1104990 1463.2
1105000 1455.4
1105010 1446.3
1105020 1446.3
1105030 1436.5
1105040 1427.3
1105050 1420.4
1105060 1420.4
1105070 1414.0
1105080 1407.6
1105090 1407.6
1105100 1400.5
1105110 1393.0
1105120 1393.0
1105130 1386.4
1105140 1380.4
1105150 1380.4
1105160 1374.9
1105170 1367.4
1105180 1367.4
1105190 1358.9
1105200 1351.1
1105210 1351.1
1105220 1343.3
1105230 1335.8
1105240 1335.8
1105250 1324.5
1105260 1308.9
1105270 1303.8
1105280 1303.8
1105290 1298.7
1105300 1296.1
1105310 1296.1
1105320 1291.2
1105330 1281.2
1105340 1281.2
1105350 1269.7
1105360 1260.6
1105370 1260.6
1105380 1252.9
1105390 1245.5
1105400 1245.5
1105410 1239.4
1105420 1232.3
1105430 1232.3
1105440 1222.9
1105450 1213.5
1105460 1213.5
1105470 1208.1
1105480 1203.5
1105490 1196.8
1105500 1196.8
1105510 1188.9
1105520 1179.7
1105530 1179.7
1105540 1171.0
1105550 1163.2
1105560 1163.2
1105570 1154.1
1105580 1145.3
1105590 1140.6
1105600 1132.4
1105610 1125.0
1105620 1125.0
1105630 1117.8
1105640 1111.6
1105650 1111.6
1105660 1105.7
1105670 1099.0
1105680 1099.0
1105690 1091.4
1105700 1084.6
1105710 1078.1
1105720 1078.1
1105730 1071.0
1105740 1065.2
1105750 1065.2
1105760 1058.7
1105770 1052.7
1105780 1052.7
1105790 1047.5
1105800 1041.1
1105810 1041.1
1105820 1034.7
1105830 1028.3
1105840 1028.3
1105850 1022.0
1105860 1016.3
1105870 1016.3
1105880 1010.4
1105890 1005.5
1105900 1005.5
1105910 1000.9
1105920 997.1
1105930 1001.6
1105940 1001.6
1105950 998.3
1105960 993.8
1105970 993.8
1105980 988.7
1105990 984.0
1106000 984.0
1106010 979.3
1106020 973.3
1106030 973.3
1106040 967.7
1106050 962.3
1106060 962.3
1106070 957.1
1106080 951.9
1106090 951.9
1106100 946.8
1106110 942.3
1106120 942.3
1106130 938.4
1106140 934.1
1106150 929.0
1106160 929.0
1106170 924.5
1106180 919.8
1106190 919.8
1106200 914.8
1106210 909.9
1106220 909.9
1106230 906.2
1106240 902.1
1106250 902.1
1106260 896.6
1106270 891.4
1106280 891.4
1106290 886.3
1106300 882.3
1106310 882.3
1106320 877.7
1106330 875.1
1106340 875.1
1106350 872.2
1106360 868.4
1106370 865.4
1106380 865.4
1106390 861.8
1106400 858.8
1106410 858.8
1106420 854.0
1106430 849.0
1106440 849.0
1106450 846.1
1106460 843.4
1106470 843.4
1106480 841.2
1106490 836.9
1106500 836.9
1106510 832.8
1106520 829.7
1106530 829.7
1106540 827.3
1106550 825.1
1106560 825.1
1106570 822.4
1106580 819.8
1106590 816.8
1106600 817.6
1106610 814.5
1106620 811.6
1106630 811.6
1106640 809.3
1106650 807.3
1106660 807.3
1106670 804.3
1106680 799.5
1106690 799.5
1106700 797.4
1106710 795.5
1106720 795.5
1106730 794.1
1106740 791.0
1106750 791.0
1106760 788.2
1106770 786.3
1106780 786.3
1106790 783.8
1106800 781.3
1106810 779.1
1106820 779.1
1106830 777.5
1106840 774.7
1106850 774.7
1106860 772.9
1106870 771.7
1106880 771.7
1106890 769.7
1106900 765.8
1106910 765.8
1106920 763.2
1106930 764.2
1106940 764.2
1106950 760.0
1106960 754.6
1106970 754.6
1106980 749.8
1106990 751.8
1107000 751.8
1107010 754.9
1107020 757.1
1107030 760.0
1107040 760.0
1107050 770.0
1107060 780.7
1107070 780.7
1107080 792.3
1107090 798.1
1107100 798.1
1107110 801.3
1107120 806.0
1107130 806.0
1107140 812.2
1107150 818.3
1107160 818.3
1107170 824.6
1107180 831.5
1107190 831.5
1107200 837.8
1107210 843.6
1107220 843.6
1107230 849.3
1107240 855.7
1107250 862.6
1107260 862.6
1107270 873.5
1107280 882.6
1107290 882.6
1107300 893.0
1107310 903.0
1107320 903.0
1107330 913.6
1107340 924.0
1107350 924.0
1107360 933.4
1107370 942.1
1107380 942.1
1107390 949.2
1107400 954.0
1107410 954.0
1107420 958.7
1107430 963.5
1107440 963.5
1107450 969.0
1107460 975.8
1107470 983.2
1107480 983.2
1107490 992.0
1107500 1002.1
1107510 1002.1
1107520 1012.3
1107530 1020.2
1107540 1020.2
1107550 1027.1
1107560 1032.1
1107570 1032.1
1107580 1037.9
1107590 1045.1
1107600 1047.5
1107610 1055.2
1107620 1063.5
1107630 1063.5
1107640 1075.5
1107650 1090.0
1107660 1090.0
1107670 1100.5
1107680 1107.8
1107690 1114.6
1107700 1114.6
1107710 1119.9
1107720 1124.6
1107730 1124.6
1107740 1128.7
1107750 1132.9
1107760 1132.9
1107770 1136.6
1107780 1139.6
1107790 1139.6
1107800 1143.6
1107810 1147.4
1107820 1147.4
1107830 1150.3
1107840 1154.7
1107850 1154.7
1107860 1160.4
1107870 1165.9
1107880 1165.9
1107890 1168.6
1107900 1169.8
1107910 1171.8
1107920 1171.8
1107930 1174.8
1107940 1174.5
1107950 1174.5
1107960 1181.4
1107970 1181.1
1107980 1181.1
1107990 1182.8
1108000 1185.5
1108010 1185.5
1108020 1188.4
1108030 1191.3
1108040 1191.3
1108050 1193.3
1108060 1202.3
1108070 1202.3
1108080 1217.9
1108090 1241.0
1108100 1241.0
1108110 1257.5
1108120 1277.8
1108130 1289.4
1108140 1289.4
1108150 1294.9
1108160 1300.5
1108170 1300.5
1108180 1307.2
1108190 1314.0
1108200 1314.0
1108210 1321.4
1108220 1328.4
1108230 1328.4
1108240 1335.0
1108250 1340.7
1108260 1340.7
1108270 1345.5
1108280 1348.9
1108290 1348.9
1108300 1355.4
1108310 1361.9
1108320 1361.9
1108330 1369.7
1108340 1377.2
1108350 1384.7
1108360 1384.7
1108370 1392.9
1108380 1401.4
1108390 1401.4
1108400 1410.3
1108410 1418.9
1108420 1418.9
1108430 1427.9
1108440 1434.5
1108450 1434.5
1108460 1440.2
1108470 1445.8
1108480 1445.8
1108490 1451.7
1108500 1458.9
1108510 1458.9
1108520 1465.7
1108530 1473.6
1108540 1473.6
1108550 1481.7
1108560 1490.1
1108570 1499.7
1108580 1499.7
1108590 1510.4
1108600 1522.2
1108610 1525.0
1108620 1530.5
1108630 1538.3
1108640 1538.3
1108650 1547.6
1108660 1555.6
1108670 1555.6
1108680 1564.0
1108690 1571.7
1108700 1571.7
1108710 1577.8
1108720 1578.0
1108730 1578.0
1108740 1580.4
1108750 1586.4
1108760 1586.4
1108770 1589.8
1108780 1593.0
1108790 1596.8
1108800 1596.8
1108810 1599.2
1108820 1601.4
1108830 1601.4
1108840 1604.4
1108850 1609.3
1108860 1609.3
1108870 1614.4
1108880 1620.1
1108890 1620.1
1108900 1624.5
1108910 1630.5
1108920 1630.5
1108930 1638.4
1108940 1648.9
1108950 1643.9
1108960 1652.6
1108970 1658.1
1108980 1658.1
1108990 1660.2
1109000 1660.9
1109010 1661.6
1109020 1661.6
1109030 1661.4
1109040 1659.5
1109050 1659.5
1109060 1658.9
1109070 1660.2
1109080 1660.2
1109090 1662.3
1109100 1664.8
1109110 1664.8
1109120 1668.1
1109130 1672.0
1109140 1672.0
1109150 1676.0
1109160 1679.1
1109170 1679.1
1109180 1681.6
1109190 1683.3
1109200 1683.3
1109210 1684.1
1109220 1684.9
1109230 1686.6
1109240 1686.6
1109250 1687.4
1109260 1688.7
1109270 1688.7
1109280 1692.9
1109290 1691.4
1109300 1691.4
1109310 1696.6
1109320 1702.2
1109330 1702.2
1109340 1708.5
1109350 1714.4
1109360 1714.4
1109370 1719.6
1109380 1722.7
1109390 1722.7
1109400 1725.0
1109410 1727.2
1109420 1727.2
1109430 1729.3
1109440 1732.3
1109450 1736.7
1109460 1736.7
1109470 1738.7
1109480 1740.1
1109490 1740.1
1109500 1743.7
1109510 1746.4
1109520 1746.4
1109530 1748.3
1109540 1750.8
1109550 1750.8
1109560 1754.1
1109570 1757.4
1109580 1757.4
1109590 1759.7
1109600 1762.9
1109610 1762.9
1109620 1767.1
1109630 1763.4
1109640 1763.4
1109650 1769.7
1109660 1775.4
1109670 1780.4
1109680 1780.4
1109690 1782.9
1109700 1782.7
1109710 1782.7
1109720 1782.6
1109730 1785.2
1109740 1785.2
1109750 1789.4
1109760 1791.0
1109770 1791.0
1109780 1793.7
1109790 1799.0
1109800 1799.0
1109810 1800.7
1109820 1801.4
1109830 1801.4
1109840 1802.9
1109850 1805.7
1109860 1805.7
1109870 1810.2
1109880 1815.7
1109890 1821.8
1109900 1821.8
1109910 1827.6
1109920 1833.6
1109930 1833.6
1109940 1840.3
1109950 1843.8
1109960 1832.7
1109970 1834.1
1109980 1837.3
1109990 1837.3
1110000 1840.3
1110010 1842.2
1110020 1842.2
1110030 1843.5
1110040 1843.4
1110050 1843.4
1110060 1842.6
1110070 1841.5
1110080 1841.5
1110090 1842.2
1110100 1845.4
1110110 1849.8
1110120 1849.8
1110130 1854.2
1110140 1856.1
1110150 1856.1
1110160 1855.2
1110170 1856.2
1110180 1856.2
1110190 1857.9
1110200 1862.5
1110210 1862.5
1110220 1866.1
1110230 1870.4
1110240 1870.4
1110250 1876.1
1110260 1876.1
1110270 1876.1
1110280 1878.6
1110290 1879.0
1110300 1875.6
1110310 1875.0
1110320 1875.0
1110330 1876.8
1110340 1876.8
1110350 1879.8
1110360 1884.0
1110370 1884.0
1110380 1887.6
1110390 1892.8
1110400 1892.8
1110410 1899.9
1110420 1905.9
1110430 1905.9
1110440 1911.1
1110450 1911.7
1110460 1911.7
1110470 1909.3
1110480 1911.6
1110490 1911.6
1110500 1917.8
1110510 1920.8
1110520 1920.8
1110530 1922.4
1110540 1925.5
1110550 1926.5
1110560 1926.5
1110570 1925.3
1110580 1920.1
1110590 1920.1
1110600 1915.4
1110610 1910.6
1110620 1910.6
1110630 1906.8
1110640 1901.3
1110650 1901.3
1110660 1898.8
1110670 1897.3
1110680 1897.3
1110690 1895.8
1110700 1894.3
1110710 1894.3
1110720 1892.6
1110730 1890.9
1110740 1890.9
1110750 1889.1
1110760 1886.7
1110770 1884.8
1110780 1884.8
1110790 1883.3
1110800 1881.0
1110810 1881.0
1110820 1878.2
1110830 1874.6
1110840 1874.6
1110850 1871.3
1110860 1868.5
1110870 1868.5
1110880 1866.4
1110890 1864.4
1110900 1864.4
1110910 1862.1
1110920 1860.9
1110930 1860.9
1110940 1860.3
1110950 1859.2
1110960 1859.2
1110970 1858.3
1110980 1856.3
1110990 1855.7
1111000 1855.7
1111010 1854.8
1111020 1853.9
1111030 1853.9
1111040 1852.3
1111050 1850.9
1111060 1850.9
1111070 1849.9
1111080 1848.7
1111090 1848.7
1111100 1847.3
1111110 1845.8
1111120 1845.8
1111130 1844.5
1111140 1842.5
1111150 1842.5
1111160 1839.8
1111170 1837.4
1111180 1837.4
1111190 1835.7
1111200 1833.4
1111210 1831.0
1111220 1831.0
1111230 1830.1
1111240 1830.0
1111250 1830.0
1111260 1828.8
1111270 1828.1
1111280 1828.1
1111290 1826.7
1111300 1823.4
1111310 1823.4
1111320 1818.3
1111330 1815.2
1111340 1815.2
1111350 1810.7
1111360 1804.6
1111370 1804.6
1111380 1798.9
1111390 1798.2
1111400 1798.2
1111410 1796.4
1111420 1793.7
1111430 1790.8
1111440 1790.8
1111450 1787.4
1111460 1784.2
1111470 1784.2
1111480 1779.0
1111490 1773.8
1111500 1773.8
1111510 1766.9
1111520 1758.4
1111530 1758.4
1111540 1752.4
1111550 1748.5
1111560 1748.5
1111570 1743.8
1111580 1736.9
1111590 1736.9
1111600 1729.1
1111610 1720.4
1111620 1720.4
1111630 1711.7
1111640 1704.9
1111650 1696.6
1111660 1701.6
1111670 1691.2
1111680 1681.6
1111690 1681.6
1111700 1674.6
1111710 1666.9
1111720 1666.9
1111730 1661.7
1111740 1653.4
1111750 1653.4
1111760 1643.8
1111770 1635.3
1111780 1635.3
1111790 1629.5
1111800 1626.1
1111810 1626.1
1111820 1622.7
1111830 1618.3
1111840 1618.3
1111850 1618.8
1111860 1622.2
1111870 1625.1
1111880 1625.1
1111890 1623.4
1111900 1621.5
1111910 1621.5
1111920 1628.6
1111930 1635.6
1111940 1635.6
1111950 1643.1
1111960 1651.7
1111970 1651.7
1111980 1660.8
1111990 1667.3
1112000 1659.9
1112010 1658.6
1112020 1659.7
1112030 1659.7
1112040 1664.4
1112050 1665.7
1112060 1665.7
1112070 1661.2
1112080 1649.7
1112090 1634.5
1112100 1634.5
1112110 1620.2
1112120 1614.1
1112130 1614.1
1112140 1619.9
1112150 1627.9
1112160 1627.9
1112170 1635.4
1112180 1643.0
1112190 1643.0
1112200 1649.9
1112210 1657.8
1112220 1657.8
1112230 1665.2
1112240 1671.7
1112250 1671.7
1112260 1678.3
1112270 1686.4
1112280 1686.4
1112290 1695.9
1112300 1705.1
1112310 1710.7
1112320 1710.7
1112330 1713.6
1112340 1704.8
1112350 1704.8
1112360 1707.9
1112370 1713.9
1112380 1713.9
1112390 1720.6
1112400 1727.4
1112410 1727.4
1112420 1733.5
1112430 1739.5
1112440 1739.5
1112450 1746.0
1112460 1755.8
1112470 1755.8
1112480 1766.4
1112490 1774.1
1112500 1774.1
1112510 1782.4
1112520 1792.0
1112530 1802.7
1112540 1802.7
1112550 1807.2
1112560 1811.6
1112570 1811.6
1112580 1815.6
1112590 1818.4
1112600 1818.4
1112610 1821.5
1112620 1825.8
1112630 1825.8
1112640 1831.8
1112650 1838.2
1112660 1838.2
1112670 1846.0
1112680 1853.5
1112690 1853.5
1112700 1860.4
1112710 1868.2
1112720 1868.2
1112730 1875.6
1112740 1883.2
1112750 1891.1
1112760 1891.1
1112770 1899.2
1112780 1905.8
1112790 1905.8
1112800 1913.4
1112810 1919.9
1112820 1919.9
1112830 1925.8
1112840 1930.0
1112850 1930.0
1112860 1932.7
1112870 1935.9
1112880 1935.9
1112890 1940.5
1112900 1946.4
1112910 1946.4
1112920 1953.1
1112930 1960.8
1112940 1960.8
1112950 1967.0
1112960 1972.4
1112970 1977.1
1112980 1977.1
1112990 1982.3
1113000 1987.8
1113010 1987.8
1113020 1996.9
1113030 2001.9
1113040 2001.9
1113050 2004.6
1113060 2007.5
1113070 2007.5
1113080 2011.1
1113090 2014.8
1113100 2014.8
1113110 2018.5
1113120 2023.8
1113130 2023.8
1113140 2030.9
1113150 2039.4
1113160 2039.4
1113170 2048.3
1113180 2056.4
1113190 2065.3
1113200 2065.3
1113210 2075.1
1113220 2086.0
1113230 2086.0
1113240 2102.0
1113250 2112.4
1113260 2112.4
1113270 2122.7
1113280 2130.9
1113290 2130.9
1113300 2137.2
1113310 2143.5
1113320 2143.5
1113330 2150.6
1113340 2158.1
1113350 2158.1
1113360 2162.3
1113370 2168.7
1113380 2168.7
1113390 2175.2
1113400 2181.7
1113410 2188.1
1113420 2188.1
1113430 2196.8
1113440 2208.3
1113450 2208.3
1113460 2213.0
1113470 2218.9
1113480 2218.9
1113490 2225.8
1113500 2231.7
1113510 2231.7
1113520 2238.6
1113530 2246.5
1113540 2246.5
1113550 2256.4
1113560 2271.7
1113570 2271.7
1113580 2285.3
1113590 2294.4
1113600 2294.4
1113610 2304.8
1113620 2312.7
1113630 2322.5
1113640 2322.5
1113650 2331.2
1113660 2332.4
1113670 2332.4
1113680 2325.6
1113690 2317.2
1113700 2317.2
1113710 2315.8
1113720 2300.9
1113730 2300.9
1113740 2292.1
1113750 2284.4
1113760 2284.4
1113770 2279.5
1113780 2275.5
1113790 2275.5
1113800 2270.5
1113810 2264.3
1113820 2264.3
1113830 2257.2
1113840 2250.5
1113850 2244.5
1113860 2244.5
1113870 2238.6
1113880 2233.0
1113890 2233.0
1113900 2229.3
1113910 2226.5
1113920 2226.5
1113930 2223.0
1113940 2218.2
1113950 2218.2
1113960 2212.9
1113970 2207.7
1113980 2207.7
1113990 2203.2
1114000 2200.1
1114010 2200.1
1114020 2197.5
1114030 2196.1
1114040 2196.1
1114050 2196.9
1114060 2193.4
1114070 2190.5
1114080 2190.5
1114090 2187.5
1114100 2184.2
1114110 2184.2
1114120 2182.0
1114130 2178.8
1114140 2178.8
1114150 2174.7
1114160 2171.0
1114170 2171.0
1114180 2169.0
1114190 2165.5
1114200 2165.5
1114210 2161.8
1114220 2157.8
1114230 2157.8
1114240 2153.8
1114250 2152.0
1114260 2152.0
1114270 2152.5
1114280 2152.8
1114290 2152.2
1114300 2152.2
1114310 2150.7
1114320 2150.3
1114330 2150.3
1114340 2149.9
1114350 2149.5
1114360 2149.5
1114370 2149.9
1114380 2149.9
1114390 2155.9
1114400 2156.6
1114410 2157.2
1114420 2157.2
1114430 2158.9
1114440 2160.9
1114450 2160.9
1114460 2162.8
1114470 2163.4
1114480 2163.4
1114490 2163.9
1114500 2163.4
1114510 2163.3
1114520 2163.3
1114530 2165.3
1114540 2165.2
1114550 2165.2
1114560 2165.8
1114570 2167.8
1114580 2167.8
1114590 2166.2
1114600 2163.1
1114610 2163.1
1114620 2162.5
1114630 2161.9
1114640 2161.9
1114650 2160.1
1114660 2159.7
1114670 2159.7
1114680 2162.2
1114690 2162.5
1114700 2162.5
1114710 2162.5
1114720 2162.2
1114730 2166.6
1114740 2166.6
1114750 2163.9
1114760 2161.8
1114770 2161.8
1114780 2160.6
1114790 2158.8
1114800 2158.8
1114810 2156.5
1114820 2153.9
1114830 2153.9
1114840 2153.2
1114850 2152.2
1114860 2152.2
1114870 2151.4
1114880 2150.4
1114890 2150.4
1114900 2148.1
1114910 2144.8
1114920 2144.8
1114930 2144.0
1114940 2145.9
1114950 2145.0
1114960 2145.0
1114970 2139.6
1114980 2130.7
1114990 2130.7
1115000 2125.7
1115010 2122.4
1115020 2122.4
1115030 2118.6
1115040 2114.8
1115050 2114.8
1115060 2111.5
1115070 2108.9
1115080 2114.8
1115090 2110.6
1115100 2106.4
1115110 2106.4
1115120 2103.4
1115130 2101.1
1115140 2101.1
1115150 2099.0
1115160 2095.8
1115170 2092.8
1115180 2092.8
1115190 2088.6
1115200 2085.3
1115210 2085.3
1115220 2085.3
1115230 2086.8
1115240 2086.8
1115250 2088.7
1115260 2089.6
1115270 2089.6
1115280 2090.1
1115290 2090.0
1115300 2090.0
1115310 2089.8
1115320 2089.0
1115330 2089.0
1115340 2088.7
1115350 2087.8
1115360 2087.8
1115370 2086.3
1115380 2084.9
1115390 2083.3
1115400 2083.3
1115410 2080.1
1115420 2083.9
1115430 2083.9
1115440 2080.5
1115450 2082.9
1115460 2082.9
1115470 2086.0
1115480 2087.7
1115490 2087.7
1115500 2089.2
1115510 2090.7
1115520 2090.7
1115530 2091.8
1115540 2092.5
1115550 2092.5
1115560 2093.1
1115570 2092.4
1115580 2092.4
1115590 2091.0
1115600 2088.7
1115610 2085.9
1115620 2085.9
1115630 2083.4
1115640 2083.5
1115650 2083.5
1115660 2084.9
1115670 2084.8
1115680 2084.8
1115690 2085.3
1115700 2087.3
1115710 2087.3
1115720 2088.5
1115730 2087.8
1115740 2087.8
1115750 2090.8
1115760 2102.3
1115770 2102.3
1115780 2104.7
1115790 2104.2
1115800 2104.2
1115810 2100.3
1115820 2095.0
1115830 2088.4
1115840 2088.4
1115850 2081.2
1115860 2074.4
1115870 2074.4
1115880 2069.3
1115890 2063.9
1115900 2063.9
1115910 2059.3
1115920 2057.5
1115930 2057.5
1115940 2056.4
1115950 2056.0
1115960 2056.0
1115970 2053.8
1115980 2051.7
1115990 2051.7
1116000 2050.9
1116010 2046.1
1116020 2046.1
1116030 2041.7
1116040 2039.3
1116050 2038.8
1116060 2038.8
1116070 2037.9
1116080 2034.0
1116090 2034.0
1116100 2031.2
1116110 2031.2
1116120 2031.2
1116130 2028.9
1116140 2031.9
1116150 2031.9
1116160 2037.0
1116170 2040.6
1116180 2040.6
1116190 2039.9
1116200 2031.4
1116210 2031.4
1116220 2023.2
1116230 2015.3
1116240 2015.3
1116250 2011.6
1116260 2011.0
1116270 2010.6
1116280 2010.6
1116290 2010.8
1116300 2011.4
1116310 2011.4
1116320 2012.3
1116330 2014.8
1116340 2014.8
1116350 2015.1
1116360 2015.0
1116370 2015.0
1116380 2016.8
1116390 2018.0
1116400 2018.0
1116410 2013.8
1116420 2007.6
1116430 2007.6
1116440 2004.1
1116450 2007.3
1116460 2007.3
1116470 2005.3
1116480 2003.7
1116490 2003.7
1116500 2003.7
1116510 2002.3
1116520 1997.7
1116530 1997.7
1116540 1991.8
1116550 1991.3
1116560 1991.3
1116570 1992.3
1116580 1994.3
1116590 1994.3
1116600 1995.0
1116610 1994.9
1116620 1994.9
1116630 1994.7
1116640 1994.9
1116650 1994.9
1116660 1996.4
1116670 1998.7
1116680 1998.7
1116690 2001.1
1116700 2002.5
1116710 2003.6
1116720 2003.6
1116730 2003.8
1116740 2004.4
1116750 2004.4
1116760 2005.1
1116770 2006.2
1116780 2006.2
1116790 2008.5
1116800 2018.4
1116810 2018.4
1116820 2023.0
1116830 2029.1
1116840 2029.1
1116850 2035.1
1116860 2039.3
1116870 2039.3
1116880 2042.8
1116890 2048.7
1116900 2048.7
1116910 2053.7
1116920 2056.3
1116930 2058.4
1116940 2058.4
1116950 2059.7
1116960 2062.0
1116970 2062.0
1116980 2065.1
1116990 2068.8
1117000 2068.8
1117010 2072.5
1117020 2076.1
1117030 2076.1
1117040 2079.3
1117050 2081.6
1117060 2081.6
1117070 2083.1
1117080 2085.2
1117090 2085.2
1117100 2088.4
1117110 2093.0
1117120 2093.0
1117130 2097.8
1117140 2105.7
1117150 2106.9
1117160 2106.9
1117170 2109.6
1117180 2112.2
1117190 2112.2
1117200 2114.2
1117210 2116.6
1117220 2116.6
1117230 2118.9
1117240 2121.3
1117250 2121.3
1117260 2124.3
1117270 2127.9
1117280 2127.9
1117290 2134.5
1117300 2144.2
1117310 2144.2
1117320 2157.2
1117330 2167.8
1117340 2167.8
1117350 2177.2
1117360 2186.1
1117370 2194.9
1117380 2194.9
1117390 2192.4
1117400 2182.3
1117410 2182.3
1117420 2175.3
1117430 2167.4
1117440 2167.4
1117450 2161.3
1117460 2155.8
1117470 2155.8
1117480 2151.3
1117490 2144.0
1117500 2144.0
1117510 2139.6
1117520 2135.8
1117530 2135.8
1117540 2129.5
1117550 2120.8
1117560 2120.8
1117570 2112.5
1117580 2105.6
1117590 2100.1
1117600 2100.1
1117610 2096.1
1117620 2092.6
1117630 2092.6
1117640 2086.4
1117650 2080.6
1117660 2080.6
1117670 2076.1
1117680 2072.0
1117690 2072.0
1117700 2068.3
1117710 2064.6
1117720 2064.6
1117730 2059.3
1117740 2050.2
1117750 2050.2
1117760 2041.4
1117770 2038.6
1117780 2038.6
1117790 2034.2
1117800 2027.5
1117810 2019.8
1117820 2019.8
1117830 2012.3
1117840 2006.9
1117850 2006.9
1117860 2003.1
1117870 2001.2
1117880 2001.2
1117890 2003.2
1117900 2002.1
1117910 2002.1
1117920 2002.1
1117930 2003.4
1117940 2003.4
1117950 2007.4
1117960 2012.6
1117970 2012.6
1117980 2016.7
1117990 2019.1
1118000 2019.1
1118010 2020.3
1118020 2019.7
1118030 2016.7
1118040 2016.7
1118050 2013.7
1118060 2011.0
1118070 2011.0
1118080 2011.0
1118090 2012.8
1118100 2012.8
1118110 2014.3
1118120 2015.5
1118130 2015.5
1118140 2016.6
1118150 2019.1
1118160 2019.1
1118170 2018.7
1118180 2021.0
1118190 2021.0
1118200 2021.0
1118210 2021.5
1118220 2021.5
1118230 2022.3
1118240 2022.6
1118250 2022.4
1118260 2022.4
1118270 2020.8
1118280 2019.9
1118290 2019.9
1118300 2019.5
1118310 2019.8
1118320 2019.8
1118330 2019.9
1118340 2019.6
1118350 2019.6
1118360 2018.0
1118370 2016.9
1118380 2016.9
1118390 2016.5
1118400 2015.4
1118410 2015.4
1118420 2014.1
1118430 2013.1
1118440 2013.1
1118450 2011.7
1118460 2011.4
1118470 2012.4
1118480 2012.4
1118490 2013.8
1118500 2014.7
1118510 2014.7
1118520 2017.1
1118530 2017.3
1118540 2017.3
1118550 2017.4
1118560 2017.9
1118570 2017.9
1118580 2018.0
1118590 2016.1
1118600 2016.1
1118610 2012.0
1118620 2007.6
1118630 2007.6
1118640 2004.3
1118650 2001.0
1118660 2001.0
1118670 1997.6
1118680 1996.2
1118690 1994.4
1118700 1994.4
1118710 1991.8
1118720 1988.8
1118730 1988.8
1118740 1986.8
1118750 1985.0
1118760 1985.0
1118770 1982.7
1118780 1980.7
1118790 1980.7
1118800 1980.0
1118810 1979.9
1118820 1979.9
1118830 1979.5
1118840 1977.6
1118850 1977.6
1118860 1975.5
1118870 1975.1
1118880 1975.1
1118890 1970.9
1118900 1969.9
1118910 1968.8
1118920 1968.8
1118930 1967.9
1118940 1967.9
1118950 1967.9
1118960 1969.1
1118970 1968.7
1118980 1968.7
1118990 1967.4
1119000 1966.2
1119010 1966.2
1119020 1965.8
1119030 1965.2
1119040 1965.2
1119050 1966.9
1119060 1971.1
1119070 1971.1
1119080 1974.4
1119090 1975.4
1119100 1975.4
1119110 1975.4
1119120 1974.0
1119130 1971.4
1119140 1971.4
1119150 1968.5
1119160 1966.7
1119170 1966.7
1119180 1965.0
1119190 1965.1
1119200 1965.1
1119210 1966.3
1119220 1969.8
1119230 1969.8
1119240 1969.5
1119250 1969.7
1119260 1969.7
1119270 1970.0
1119280 1971.1
1119290 1971.1
1119300 1975.7
1119310 1977.9
1119320 1977.9
1119330 1976.5
1119340 1972.2
1119350 1966.8
1119360 1966.8
1119370 1963.0
1119380 1963.5
1119390 1963.5
1119400 1964.1
1119410 1963.7
1119420 1963.7
1119430 1959.6
1119440 1950.0
1119450 1950.0
1119460 1943.9
1119470 1935.1
1119480 1935.1
1119490 1929.5
1119500 1922.0
1119510 1922.0
1119520 1921.6
1119530 1922.5
1119540 1922.5
1119550 1923.6
1119560 1931.3
1119570 1930.0
1119580 1930.0
1119590 1928.6
1119600 1927.0
1119610 1927.0
1119620 1925.0
1119630 1921.6
1119640 1921.6
1119650 1918.2
1119660 1917.3
1119670 1917.3
1119680 1916.2
1119690 1913.3
1119700 1913.3
1119710 1910.8
1119720 1907.9
1119730 1907.9
1119740 1904.8
1119750 1902.0
1119760 1902.0
1119770 1898.9
1119780 1895.8
1119790 1893.2
1119800 1893.2
1119810 1890.0
1119820 1887.6
1119830 1887.6
1119840 1885.8
1119850 1885.5
1119860 1885.5
1119870 1885.5
1119880 1885.1
1119890 1885.1
1119900 1885.2
1119910 1888.9
1119920 1888.9
1119930 1888.5
1119940 1887.5
1119950 1887.5
1119960 1886.3
1119970 1885.1
1119980 1885.1
1119990 1883.8
