1100000 2026.6
1100010 2026.0
1100020 2025.2
1100030 2025.2
1100040 2025.0
1100050 2026.1
1100060 2027.8
1100070 2027.8
1100080 2029.0
1100090 2031.1
1100100 2031.1
1100110 2031.7
1100120 2027.3
1100130 2027.3
1100140 2021.0
1100150 2017.0
1100160 2017.0
1100170 2013.0
1100180 2008.1
1100190 2008.1
1100200 2002.5
1100210 1997.1
1100220 1997.1
1100230 1992.5
1100240 1986.0
1100250 1986.0
1100260 1980.4
1100270 1975.4
1100280 1970.2
1100290 1970.2
1100300 1960.2
1100310 1952.1
1100320 1952.1
1100330 1944.8
1100340 1938.2
1100350 1938.2
1100360 1931.4
1100370 1921.8
1100380 1921.8
1100390 1914.0
1100400 1909.0
1100410 1909.0
1100420 1905.1
1100430 1901.0
1100440 1901.0
1100450 1895.9
1100460 1890.8
1100470 1890.8
1100480 1885.0
1100490 1880.4
1100500 1876.0
1100510 1876.0
1100520 1872.6
1100530 1871.9
1100540 1871.9
1100550 1869.7
1100560 1866.9
1100570 1866.9
1100580 1863.7
1100590 1861.2
1100600 1861.2
1100610 1858.4
1100620 1856.9
1100630 1849.8
1100640 1847.2
1100650 1843.2
1100660 1843.2
1100670 1839.6
1100680 1837.4
1100690 1837.4
1100700 1835.6
1100710 1832.3
1100720 1828.4
1100730 1828.4
1100740 1823.5
1100750 1818.9
1100760 1818.9
1100770 1813.7
1100780 1809.4
1100790 1809.4
1100800 1804.9
1100810 1799.3
1100820 1799.3
1100830 1793.0
1100840 1787.2
1100850 1787.2
1100860 1782.1
1100870 1776.2
1100880 1776.2
1100890 1771.2
1100900 1767.3
1100910 1767.3
1100920 1764.6
1100930 1762.2
1100940 1759.8
1100950 1759.8
1100960 1757.5
1100970 1755.0
1100980 1755.0
1100990 1751.6
1101000 1748.3
1101010 1748.3
1101020 1745.7
1101030 1743.7
1101040 1743.7
1101050 1741.9
1101060 1737.5
1101070 1737.5
1101080 1733.2
1101090 1725.9
1101100 1725.9
1101110 1717.9
1101120 1711.2
1101130 1711.2
1101140 1702.7
1101150 1695.6
1101160 1686.9
1101170 1686.9
1101180 1678.2
1101190 1670.2
1101200 1670.2
1101210 1662.5
1101220 1655.4
1101230 1655.4
1101240 1648.2
1101250 1641.0
1101260 1641.0
1101270 1634.0
1101280 1627.6
1101290 1623.3
1101300 1616.5
1101310 1610.1
1101320 1610.1
1101330 1603.7
1101340 1596.8
1101350 1596.8
1101360 1589.8
1101370 1583.8
1101380 1578.8
1101390 1578.8
1101400 1574.9
1101410 1571.3
1101420 1571.3
1101430 1564.1
1101440 1557.1
1101450 1557.1
1101460 1551.4
1101470 1545.7
1101480 1545.7
1101490 1539.4
1101500 1531.3
1101510 1531.3
1101520 1520.6
1101530 1511.2
1101540 1511.2
1101550 1502.7
1101560 1494.6
1101570 1494.6
1101580 1486.7
1101590 1477.2
1101600 1469.4
1101610 1469.4
1101620 1460.4
1101630 1453.8
1101640 1453.8
1101650 1447.9
1101660 1442.2
1101670 1442.2
1101680 1437.0
1101690 1431.8
1101700 1431.8
1101710 1427.0
1101720 1422.4
1101730 1422.4
1101740 1418.1
1101750 1413.4
1101760 1413.4
1101770 1408.8
1101780 1404.6
1101790 1404.6
1101800 1400.3
1101810 1395.7
1101820 1391.2
1101830 1391.2
1101840 1387.2
1101850 1382.7
1101860 1382.7
1101870 1379.0
1101880 1376.7
1101890 1376.7
1101900 1372.7
1101910 1368.6
1101920 1368.6
1101930 1365.5
1101940 1364.1
1101950 1364.1
1101960 1362.8
1101970 1359.7
1101980 1359.7
1101990 1357.3
1102000 1354.9
1102010 1354.9
1102020 1352.9
1102030 1351.3
1102040 1349.8
1102050 1349.8
1102060 1343.1
1102070 1335.8
1102080 1335.8
1102090 1334.0
1102100 1339.2
1102110 1339.2
1102120 1346.0
1102130 1353.2
1102140 1353.2
1102150 1360.9
1102160 1370.8
1102170 1370.8
1102180 1379.2
1102190 1386.9
1102200 1386.9
1102210 1393.1
1102220 1397.0
1102230 1397.0
1102240 1401.3
1102250 1403.9
1102260 1405.2
1102270 1405.2
1102280 1406.7
1102290 1412.2
1102300 1412.2
1102310 1413.9
1102320 1416.7
1102330 1416.7
1102340 1419.8
1102350 1423.8
1102360 1423.8
1102370 1428.4
1102380 1435.6
1102390 1435.6
1102400 1444.3
1102410 1452.8
1102420 1452.8
1102430 1460.8
1102440 1469.4
1102450 1469.4
1102460 1477.9
1102470 1486.6
1102480 1495.3
1102490 1495.3
1102500 1502.8
1102510 1509.7
1102520 1509.7
1102530 1515.5
1102540 1520.1
1102550 1520.1
1102560 1526.1
1102570 1533.4
1102580 1533.4
1102590 1540.3
1102600 1546.9
1102610 1546.9
1102620 1556.5
1102630 1564.0
1102640 1564.0
1102650 1572.6
1102660 1580.1
1102670 1580.1
1102680 1585.4
1102690 1590.3
1102700 1590.3
1102710 1596.0
1102720 1601.2
1102730 1606.8
1102740 1606.8
1102750 1612.4
1102760 1618.4
1102770 1618.4
1102780 1624.8
1102790 1630.8
1102800 1630.8
1102810 1637.3
1102820 1644.1
1102830 1644.1
1102840 1651.1
1102850 1658.1
1102860 1658.1
1102870 1665.7
1102880 1673.6
1102890 1673.6
1102900 1681.9
1102910 1689.8
1102920 1689.8
1102930 1697.8
1102940 1705.8
1102950 1715.2
1102960 1715.2
1102970 1723.7
1102980 1732.4
1102990 1732.4
1103000 1741.0
1103010 1748.9
1103020 1748.9
1103030 1757.2
1103040 1765.0
1103050 1765.0
1103060 1773.0
1103070 1780.3
1103080 1780.3
1103090 1785.8
1103100 1794.2
1103110 1794.2
1103120 1804.0
1103130 1808.3
1103140 1808.3
1103150 1809.9
1103160 1813.4
1103170 1820.7
1103180 1820.7
1103190 1825.1
1103200 1830.0
1103210 1830.0
1103220 1836.8
1103230 1845.6
1103240 1845.6
1103250 1849.5
1103260 1852.2
1103270 1852.2
1103280 1857.9
1103290 1860.8
1103300 1860.8
1103310 1867.1
1103320 1877.5
1103330 1877.5
1103340 1885.1
1103350 1889.8
1103360 1889.8
1103370 1894.9
1103380 1902.3
1103390 1909.0
1103400 1909.0
1103410 1914.1
1103420 1917.7
1103430 1917.7
1103440 1919.5
1103450 1919.6
1103460 1919.6
1103470 1919.4
1103480 1919.5
1103490 1919.5
1103500 1920.3
1103510 1920.7
1103520 1920.7
1103530 1920.9
1103540 1920.2
1103550 1920.2
1103560 1917.4
1103570 1917.0
1103580 1917.0
1103590 1915.7
1103600 1914.4
1103610 1912.5
1103620 1918.8
1103630 1916.7
1103640 1913.9
1103650 1913.9
1103660 1909.0
1103670 1905.7
1103680 1905.7
1103690 1905.0
1103700 1901.4
1103710 1901.4
1103720 1895.3
1103730 1888.5
1103740 1888.5
1103750 1883.7
1103760 1880.3
1103770 1880.3
1103780 1874.8
1103790 1869.3
1103800 1869.3
1103810 1865.0
1103820 1861.0
1103830 1857.0
1103840 1857.0
1103850 1853.9
1103860 1851.1
1103870 1851.1
1103880 1849.1
1103890 1847.9
1103900 1847.9
1103910 1848.1
1103920 1849.3
1103930 1849.3
1103940 1848.9
1103950 1854.1
1103960 1854.1
1103970 1853.8
1103980 1855.9
1103990 1855.9
1104000 1856.5
1104010 1857.2
1104020 1857.2
1104030 1856.8
1104040 1855.5
1104050 1853.7
1104060 1853.7
1104070 1850.2
1104080 1845.6
1104090 1845.6
1104100 1838.9
1104110 1834.1
1104120 1834.1
1104130 1829.4
1104140 1824.8
1104150 1824.8
1104160 1817.7
1104170 1810.7
1104180 1810.7
1104190 1803.9
1104200 1798.6
1104210 1798.6
1104220 1794.5
1104230 1789.8
1104240 1789.8
1104250 1786.2
1104260 1782.4
1104270 1778.8
1104280 1781.8
1104290 1777.8
1104300 1773.7
1104310 1773.7
1104320 1770.3
1104330 1767.3
1104340 1767.3
1104350 1765.4
1104360 1763.9
1104370 1763.9
1104380 1761.6
1104390 1758.6
1104400 1758.6
1104410 1755.8
1104420 1752.2
1104430 1752.2
1104440 1748.5
1104450 1744.7
1104460 1744.7
1104470 1739.9
1104480 1735.0
1104490 1730.8
1104500 1730.8
1104510 1726.6
1104520 1722.5
1104530 1722.5
1104540 1718.2
1104550 1713.4
1104560 1713.4
1104570 1708.4
1104580 1697.1
1104590 1697.1
1104600 1690.1
1104610 1688.2
1104620 1677.1
1104630 1673.4
1104640 1670.0
1104650 1670.0
1104660 1666.3
1104670 1666.5
1104680 1666.5
1104690 1661.8
1104700 1649.6
1104710 1642.7
1104720 1642.7
1104730 1632.5
1104740 1619.2
1104750 1619.2
1104760 1609.4
1104770 1605.3
1104780 1605.3
1104790 1603.1
1104800 1601.4
1104810 1601.4
1104820 1598.2
1104830 1593.1
1104840 1593.1
1104850 1583.7
1104860 1577.8
1104870 1577.8
1104880 1574.8
1104890 1569.5
1104900 1569.5
1104910 1560.7
1104920 1551.6
1104930 1546.6
1104940 1546.6
1104950 1528.4
1104960 1521.3
1104970 1521.3
1104980 1511.7
1104990 1495.0
1105000 1495.0
1105010 1476.1
1105020 1460.8
1105030 1460.8
1105040 1450.4
1105050 1443.1
1105060 1443.1
1105070 1437.9
1105080 1432.0
1105090 1432.0
1105100 1425.5
1105110 1419.4
1105120 1419.4
1105130 1410.5
1105140 1403.5
1105150 1397.5
1105160 1397.5
1105170 1389.7
1105180 1382.9
1105190 1382.9
1105200 1380.3
1105210 1375.2
1105220 1375.2
1105230 1369.5
1105240 1363.9
1105250 1363.9
1105260 1359.3
1105270 1351.2
1105280 1350.3
1105290 1344.0
1105300 1339.5
1105310 1339.5
1105320 1331.7
1105330 1324.0
1105340 1324.0
1105350 1313.0
1105360 1301.6
1105370 1292.4
1105380 1292.4
1105390 1284.1
1105400 1276.8
1105410 1276.8
1105420 1267.1
1105430 1254.2
1105440 1254.2
1105450 1243.7
1105460 1234.6
1105470 1234.6
1105480 1225.3
1105490 1216.6
1105500 1216.6
1105510 1208.5
1105520 1200.8
1105530 1200.8
1105540 1193.1
1105550 1186.1
1105560 1186.1
1105570 1178.6
1105580 1170.7
1105590 1162.9
1105600 1162.9
1105610 1154.6
1105620 1144.1
1105630 1144.1
1105640 1135.1
1105650 1128.0
1105660 1128.0
1105670 1120.7
1105680 1112.9
1105690 1112.9
1105700 1104.7
1105710 1096.3
1105720 1096.3
1105730 1088.4
1105740 1083.2
1105750 1083.2
1105760 1079.4
1105770 1073.3
1105780 1073.3
1105790 1068.7
1105800 1063.2
1105810 1056.2
1105820 1056.2
1105830 1049.3
1105840 1042.3
1105850 1042.3
1105860 1035.6
1105870 1029.6
1105880 1029.6
1105890 1024.4
1105900 1020.1
1105910 1020.1
1105920 1015.1
1105930 1008.6
1105940 1008.6
1105950 995.0
1105960 988.5
1105970 988.5
1105980 981.9
1105990 975.3
1106000 975.3
1106010 969.1
1106020 963.4
1106030 958.5
1106040 958.5
1106050 952.5
1106060 947.5
1106070 947.5
1106080 945.1
1106090 941.3
1106100 941.3
1106110 937.7
1106120 935.8
1106130 935.8
1106140 932.2
1106150 927.4
1106160 927.4
1106170 922.8
1106180 918.6
1106190 918.6
1106200 914.7
1106210 910.3
1106220 910.3
1106230 904.8
1106240 901.5
1106250 897.1
1106260 897.1
1106270 892.5
1106280 887.1
1106290 890.0
1106300 885.4
1106310 881.2
1106320 881.2
1106330 875.1
1106340 870.8
1106350 870.8
1106360 866.7
1106370 863.3
1106380 863.3
1106390 859.9
1106400 856.2
1106410 856.2
1106420 852.5
1106430 849.2
1106440 849.2
1106450 846.8
1106460 843.9
1106470 841.0
1106480 841.0
1106490 837.9
1106500 834.8
1106510 834.8
1106520 831.6
1106530 827.5
1106540 827.5
1106550 822.9
1106560 819.9
1106570 819.9
1106580 816.7
1106590 814.2
1106600 814.2
1106610 810.9
1106620 808.1
1106630 808.1
1106640 805.2
1106650 802.4
1106660 802.4
1106670 799.9
1106680 797.4
1106690 794.1
1106700 794.1
1106710 790.6
1106720 787.2
1106730 787.2
1106740 783.7
1106750 780.2
1106760 780.2
1106770 777.6
1106780 776.4
1106790 776.4
1106800 774.2
1106810 772.6
1106820 772.6
1106830 770.9
1106840 769.1
1106850 769.1
1106860 766.9
1106870 764.2
1106880 764.2
1106890 762.0
1106900 760.9
1106910 758.6
1106920 758.6
1106930 755.1
1106940 749.2
1106950 749.2
1106960 749.0
1106970 747.8
1106980 747.8
1106990 751.5
1107000 755.5
1107010 755.5
1107020 758.8
1107030 764.1
1107040 764.1
1107050 771.5
1107060 777.5
1107070 777.5
1107080 783.9
1107090 789.7
1107100 789.7
1107110 794.6
1107120 799.5
1107130 805.0
1107140 805.0
1107150 809.6
1107160 815.9
1107170 815.9
1107180 822.0
1107190 827.0
1107200 827.0
1107210 832.4
1107220 839.6
1107230 839.6
1107240 847.7
1107250 855.4
1107260 855.4
1107270 863.4
1107280 872.7
1107290 874.0
1107300 880.0
1107310 886.9
1107320 886.9
1107330 895.0
1107340 901.9
1107350 910.0
1107360 910.0
1107370 916.6
1107380 924.0
1107390 924.0
1107400 931.6
1107410 944.0
1107420 944.0
1107430 953.8
1107440 959.1
1107450 959.1
1107460 964.8
1107470 970.0
1107480 970.0
1107490 976.9
1107500 984.2
1107510 984.2
1107520 990.3
1107530 997.0
1107540 997.0
1107550 1004.1
1107560 1011.6
1107570 1019.4
1107580 1019.4
1107590 1027.0
1107600 1034.5
1107610 1034.5
1107620 1039.4
1107630 1056.9
1107640 1056.9
1107650 1059.3
1107660 1062.2
1107670 1062.2
1107680 1065.2
1107690 1068.5
1107700 1068.5
1107710 1077.9
1107720 1085.0
1107730 1085.0
1107740 1092.5
1107750 1104.0
1107760 1104.0
1107770 1111.0
1107780 1113.4
1107790 1120.1
1107800 1120.1
1107810 1128.4
1107820 1137.4
1107830 1137.4
1107840 1142.8
1107850 1142.9
1107860 1142.9
1107870 1145.3
1107880 1151.7
1107890 1151.7
1107900 1158.0
1107910 1168.5
1107920 1168.5
1107930 1186.9
1107940 1202.0
1107950 1202.0
1107960 1211.8
1107970 1215.3
1107980 1215.3
1107990 1219.9
1108000 1222.8
1108010 1226.2
1108020 1226.2
1108030 1230.9
1108040 1232.3
1108050 1232.3
1108060 1234.3
1108070 1235.1
1108080 1235.1
1108090 1233.1
1108100 1234.1
1108110 1234.1
1108120 1243.2
1108130 1256.1
1108140 1256.1
1108150 1272.1
1108160 1288.8
1108170 1288.8
1108180 1298.5
1108190 1306.8
1108200 1306.8
1108210 1314.8
1108220 1320.7
1108230 1327.1
1108240 1327.1
1108250 1335.4
1108260 1346.7
1108270 1346.7
1108280 1353.9
1108290 1359.6
1108300 1361.2
1108310 1367.9
1108320 1373.8
1108330 1373.8
1108340 1379.0
1108350 1385.0
1108360 1385.0
1108370 1390.8
1108380 1396.5
1108390 1396.5
1108400 1402.6
1108410 1408.9
1108420 1408.9
1108430 1416.7
1108440 1423.5
1108450 1430.4
1108460 1430.4
1108470 1437.3
1108480 1444.6
1108490 1444.6
1108500 1452.5
1108510 1461.8
1108520 1461.8
1108530 1470.2
1108540 1478.5
1108550 1478.5
1108560 1486.9
1108570 1494.5
1108580 1494.5
1108590 1502.6
1108600 1518.6
1108610 1518.6
1108620 1528.6
1108630 1536.0
1108640 1534.6
1108650 1541.8
1108660 1546.3
1108670 1552.0
1108680 1552.0
1108690 1559.3
1108700 1567.1
1108710 1567.1
1108720 1575.4
1108730 1584.0
1108740 1584.0
1108750 1592.5
1108760 1599.1
1108770 1599.1
1108780 1603.4
1108790 1606.8
1108800 1606.8
1108810 1610.7
1108820 1614.1
1108830 1614.1
1108840 1618.7
1108850 1625.6
1108860 1625.6
1108870 1633.0
1108880 1637.6
1108890 1641.9
1108900 1641.9
1108910 1648.2
1108920 1654.9
1108930 1654.9
1108940 1661.0
1108950 1664.3
1108960 1664.3
1108970 1666.3
1108980 1668.1
1108990 1668.1
1109000 1669.9
1109010 1673.0
1109020 1673.0
1109030 1676.9
1109040 1680.7
1109050 1680.7
1109060 1685.0
1109070 1688.4
1109080 1688.4
1109090 1691.0
1109100 1692.6
1109110 1694.7
1109120 1694.7
1109130 1696.5
1109140 1699.0
1109150 1699.0
1109160 1700.5
1109170 1702.8
1109180 1702.8
1109190 1706.0
1109200 1710.4
1109210 1710.4
1109220 1715.6
1109230 1719.8
1109240 1719.8
1109250 1721.6
1109260 1722.3
1109270 1722.3
1109280 1724.2
1109290 1727.6
1109300 1727.6
1109310 1733.1
1109320 1731.2
1109330 1736.7
1109340 1736.7
1109350 1741.3
1109360 1748.1
1109370 1748.1
1109380 1752.1
1109390 1754.1
1109400 1754.1
1109410 1756.4
1109420 1758.4
1109430 1758.4
1109440 1761.3
1109450 1764.6
1109460 1764.6
1109470 1768.4
1109480 1772.6
1109490 1772.6
1109500 1774.3
1109510 1775.5
1109520 1775.5
1109530 1778.3
1109540 1781.1
1109550 1782.9
1109560 1782.9
1109570 1786.0
1109580 1789.8
1109590 1789.8
1109600 1794.5
1109610 1798.0
1109620 1798.0
1109630 1800.4
1109640 1803.2
1109650 1795.2
1109660 1800.9
1109670 1805.2
1109680 1805.2
1109690 1808.1
1109700 1810.9
1109710 1810.9
1109720 1813.4
1109730 1815.9
1109740 1815.9
1109750 1818.0
1109760 1820.2
1109770 1828.0
1109780 1828.0
1109790 1836.5
1109800 1840.7
1109810 1840.7
1109820 1842.0
1109830 1843.2
1109840 1843.2
1109850 1843.8
1109860 1845.3
1109870 1845.3
1109880 1847.9
1109890 1851.0
1109900 1851.0
1109910 1855.0
1109920 1860.2
1109930 1860.2
1109940 1869.0
1109950 1875.5
1109960 1875.5
1109970 1878.4
1109980 1880.0
1109990 1868.9
1110000 1868.9
1110010 1869.5
1110020 1871.3
1110030 1871.3
1110040 1873.5
1110050 1874.1
1110060 1874.1
1110070 1873.7
1110080 1874.3
1110090 1874.3
1110100 1874.2
1110110 1873.8
1110120 1873.8
1110130 1873.6
1110140 1873.8
1110150 1873.8
1110160 1876.2
1110170 1878.3
1110180 1878.3
1110190 1878.4
1110200 1880.1
1110210 1883.2
1110220 1883.2
1110230 1886.8
1110240 1889.5
1110250 1889.5
1110260 1890.4
1110270 1891.5
1110280 1891.5
1110290 1892.5
1110300 1895.0
1110310 1895.0
1110320 1897.6
1110330 1898.3
1110340 1898.3
1110350 1901.3
1110360 1904.9
1110370 1904.9
1110380 1908.5
1110390 1911.4
1110400 1911.4
1110410 1914.7
1110420 1918.1
1110430 1919.2
1110440 1919.2
1110450 1919.3
1110460 1922.6
1110470 1922.6
1110480 1924.6
1110490 1928.1
1110500 1928.1
1110510 1931.1
1110520 1931.3
1110530 1931.3
1110540 1929.4
1110550 1927.8
1110560 1927.8
1110570 1924.2
1110580 1920.7
1110590 1920.7
1110600 1918.3
1110610 1915.5
1110620 1915.5
1110630 1912.6
1110640 1909.8
1110650 1906.9
1110660 1906.9
1110670 1903.7
1110680 1902.8
1110690 1902.8
1110700 1902.8
1110710 1902.5
1110720 1902.5
1110730 1901.4
1110740 1899.1
1110750 1899.1
1110760 1895.9
1110770 1891.5
1110780 1891.5
1110790 1888.3
1110800 1885.8
1110810 1885.8
1110820 1884.1
1110830 1882.5
1110840 1882.5
1110850 1880.4
1110860 1878.5
1110870 1876.6
1110880 1876.6
1110890 1874.4
1110900 1871.7
1110910 1871.7
1110920 1869.8
1110930 1868.3
1110940 1868.3
1110950 1866.8
1110960 1865.5
1110970 1865.5
1110980 1863.8
1110990 1862.7
1111000 1862.7
1111010 1859.9
1111020 1859.0
1111030 1859.0
1111040 1858.1
1111050 1856.9
1111060 1856.9
1111070 1855.7
1111080 1854.6
1111090 1853.2
1111100 1853.2
1111110 1852.2
1111120 1850.8
1111130 1850.8
1111140 1849.1
1111150 1846.5
1111160 1846.5
1111170 1843.1
1111180 1841.5
1111190 1841.5
1111200 1841.0
1111210 1840.0
1111220 1840.0
1111230 1838.5
1111240 1836.2
1111250 1836.2
1111260 1834.5
1111270 1833.5
1111280 1833.5
1111290 1830.9
1111300 1826.1
1111310 1820.7
1111320 1820.7
1111330 1815.4
1111340 1810.8
1111350 1813.1
1111360 1808.1
1111370 1802.6
1111380 1802.6
1111390 1797.5
1111400 1790.4
1111410 1790.4
1111420 1783.2
1111430 1777.7
1111440 1777.7
1111450 1770.4
1111460 1763.2
1111470 1763.2
1111480 1755.9
1111490 1749.0
1111500 1749.0
1111510 1742.2
1111520 1734.5
1111530 1727.6
1111540 1727.6
1111550 1723.0
1111560 1718.5
1111570 1718.5
1111580 1713.0
1111590 1707.5
1111600 1707.5
1111610 1698.9
1111620 1691.0
1111630 1691.0
1111640 1684.7
1111650 1677.0
1111660 1677.0
1111670 1671.7
1111680 1668.1
1111690 1664.6
1111700 1661.0
1111710 1657.6
1111720 1657.6
1111730 1653.7
1111740 1650.2
1111750 1646.1
1111760 1646.1
1111770 1643.1
1111780 1641.5
1111790 1641.5
1111800 1642.0
1111810 1640.4
1111820 1640.4
1111830 1639.2
1111840 1643.2
1111850 1643.2
1111860 1644.9
1111870 1645.5
1111880 1645.5
1111890 1642.3
1111900 1645.5
1111910 1645.5
1111920 1651.2
1111930 1658.0
1111940 1658.0
1111950 1665.5
1111960 1672.7
1111970 1679.4
1111980 1679.4
1111990 1686.6
1112000 1694.6
1112010 1694.6
1112020 1702.5
1112030 1699.2
1112040 1699.2
1112050 1697.1
1112060 1686.6
1112070 1686.6
1112080 1673.8
1112090 1659.6
1112100 1659.6
1112110 1644.2
1112120 1633.8
1112130 1633.8
1112140 1629.7
1112150 1641.9
1112160 1641.9
1112170 1653.2
1112180 1661.1
1112190 1667.5
1112200 1667.5
1112210 1674.2
1112220 1681.9
1112230 1681.9
1112240 1689.4
1112250 1696.3
1112260 1696.3
1112270 1703.5
1112280 1710.2
1112290 1710.2
1112300 1716.2
1112310 1722.2
1112320 1722.2
1112330 1731.0
1112340 1738.1
1112350 1738.1
1112360 1739.4
1112370 1735.7
1112380 1735.7
1112390 1739.7
1112400 1744.9
1112410 1749.4
1112420 1749.4
1112430 1754.6
1112440 1761.2
1112450 1761.2
1112460 1769.2
1112470 1778.3
1112480 1778.3
1112490 1786.1
1112500 1795.6
1112510 1795.6
1112520 1805.0
1112530 1814.3
1112540 1814.3
1112550 1819.4
1112560 1822.1
1112570 1822.1
1112580 1824.7
1112590 1828.8
1112600 1828.8
1112610 1835.0
1112620 1842.3
1112630 1847.7
1112640 1847.7
1112650 1852.1
1112660 1856.6
1112670 1856.6
1112680 1863.5
1112690 1870.4
1112700 1870.4
1112710 1870.4
1112720 1877.3
1112730 1877.3
1112740 1884.2
1112750 1891.7
1112760 1891.7
1112770 1898.9
1112780 1905.8
1112790 1905.8
1112800 1910.8
1112810 1914.8
1112820 1914.8
1112830 1920.8
1112840 1927.8
1112850 1933.9
1112860 1933.9
1112870 1936.7
1112880 1939.4
1112890 1939.4
1112900 1945.8
1112910 1951.9
1112920 1951.9
1112930 1960.8
1112940 1968.5
1112950 1968.5
1112960 1974.5
1112970 1979.9
1112980 1979.9
1112990 1984.5
1113000 1989.2
1113010 1989.2
1113020 1993.0
1113030 1997.1
1113040 1997.1
1113050 2003.0
1113060 2009.8
1113070 2016.6
1113080 2016.6
1113090 2022.3
1113100 2027.9
1113110 2027.9
1113120 2034.0
1113130 2040.2
1113140 2040.2
1113150 2046.9
1113160 2053.8
1113170 2053.8
1113180 2061.5
1113190 2070.0
1113200 2070.0
1113210 2080.0
1113220 2093.0
1113230 2093.0
1113240 2107.9
1113250 2119.2
1113260 2119.2
1113270 2128.7
1113280 2135.4
1113290 2141.5
1113300 2141.5
1113310 2147.2
1113320 2153.6
1113330 2153.6
1113340 2162.2
1113350 2171.6
1113360 2171.6
1113370 2181.1
1113380 2190.4
1113390 2188.6
1113400 2196.4
1113410 2203.8
1113420 2203.8
1113430 2211.4
1113440 2220.1
1113450 2220.1
1113460 2225.8
1113470 2231.7
1113480 2231.7
1113490 2238.7
1113500 2247.3
1113510 2255.3
1113520 2255.3
1113530 2261.0
1113540 2267.6
1113550 2267.6
1113560 2274.2
1113570 2282.8
1113580 2282.8
1113590 2288.1
1113600 2293.5
1113610 2293.5
1113620 2299.4
1113630 2305.4
1113640 2305.4
1113650 2307.8
1113660 2302.2
1113670 2302.2
1113680 2294.5
1113690 2286.4
1113700 2286.4
1113710 2280.4
1113720 2275.3
1113730 2266.9
1113740 2266.9
1113750 2260.9
1113760 2256.2
1113770 2256.2
1113780 2252.0
1113790 2247.7
1113800 2247.7
1113810 2243.4
1113820 2239.2
1113830 2239.2
1113840 2234.7
1113850 2229.6
1113860 2229.6
1113870 2224.6
1113880 2219.6
1113890 2219.6
1113900 2214.7
1113910 2210.6
1113920 2210.6
1113930 2207.2
1113940 2204.1
1113950 2202.1
1113960 2202.1
1113970 2199.7
1113980 2199.0
1113990 2199.0
1114000 2197.4
1114010 2189.2
1114020 2189.2
1114030 2181.1
1114040 2178.4
1114050 2178.4
1114060 2176.2
1114070 2174.0
1114080 2178.8
1114090 2176.7
1114100 2173.8
1114110 2173.8
1114120 2170.7
1114130 2168.6
1114140 2168.6
1114150 2166.3
1114160 2163.6
1114170 2160.6
1114180 2160.6
1114190 2157.6
1114200 2154.9
1114210 2154.9
1114220 2153.1
1114230 2151.9
1114240 2151.9
1114250 2150.7
1114260 2148.5
1114270 2148.5
1114280 2144.8
1114290 2142.9
1114300 2142.9
1114310 2144.5
1114320 2144.3
1114330 2144.3
1114340 2140.1
1114350 2136.1
1114360 2136.1
1114370 2135.7
1114380 2137.0
1114390 2138.4
1114400 2138.4
1114410 2138.1
1114420 2139.7
1114430 2139.7
1114440 2139.4
1114450 2138.6
1114460 2138.6
1114470 2137.6
1114480 2137.0
1114490 2137.0
1114500 2136.3
1114510 2135.8
1114520 2135.8
1114530 2136.5
1114540 2137.0
1114550 2137.0
1114560 2136.7
1114570 2135.1
1114580 2135.1
1114590 2134.1
1114600 2133.4
1114610 2133.7
1114620 2133.7
1114630 2133.7
1114640 2133.8
1114650 2133.8
1114660 2133.0
1114670 2134.2
1114680 2134.2
1114690 2135.5
1114700 2135.5
1114710 2135.5
1114720 2135.3
1114730 2134.6
1114740 2134.6
1114750 2132.7
1114760 2136.2
1114770 2136.2
1114780 2134.3
1114790 2132.0
1114800 2132.0
1114810 2128.3
1114820 2125.4
1114830 2124.3
1114840 2124.3
1114850 2122.8
1114860 2120.7
1114870 2120.7
1114880 2119.2
1114890 2117.8
1114900 2117.8
1114910 2117.6
1114920 2116.3
1114930 2116.3
1114940 2113.5
1114950 2110.0
1114960 2110.0
1114970 2105.3
1114980 2100.7
1114990 2100.7
1115000 2097.6
1115010 2094.7
1115020 2094.7
1115030 2092.3
1115040 2089.5
1115050 2085.7
1115060 2085.7
1115070 2082.7
1115080 2080.4
1115090 2080.4
1115100 2083.5
1115110 2080.7
1115120 2080.7
1115130 2076.8
1115140 2073.7
1115150 2073.7
1115160 2070.0
1115170 2066.3
1115180 2066.3
1115190 2063.7
1115200 2060.7
1115210 2060.7
1115220 2059.7
1115230 2060.8
1115240 2060.8
1115250 2061.8
1115260 2062.8
1115270 2063.5
1115280 2063.5
1115290 2064.0
1115300 2064.1
1115310 2064.1
1115320 2063.7
1115330 2062.6
1115340 2062.6
1115350 2061.1
1115360 2060.0
1115370 2060.0
1115380 2058.8
1115390 2057.1
1115400 2057.1
1115410 2055.4
1115420 2053.2
1115430 2053.2
1115440 2051.2
1115450 2057.2
1115460 2057.2
1115470 2058.9
1115480 2061.1
1115490 2062.5
1115500 2062.5
1115510 2063.4
1115520 2064.2
1115530 2064.2
1115540 2064.7
1115550 2065.1
1115560 2065.1
1115570 2065.3
1115580 2064.0
1115590 2064.0
1115600 2061.5
1115610 2059.0
1115620 2059.0
1115630 2056.4
1115640 2053.3
1115650 2053.3
1115660 2051.0
1115670 2049.7
1115680 2049.7
1115690 2049.0
1115700 2050.1
1115710 2052.3
1115720 2052.3
1115730 2054.8
1115740 2058.0
1115750 2058.0
1115760 2061.3
1115770 2064.3
1115780 2064.3
1115790 2072.3
1115800 2070.7
1115810 2070.7
1115820 2068.5
1115830 2065.4
1115840 2065.4
1115850 2062.2
1115860 2060.9
1115870 2060.9
1115880 2060.1
1115890 2059.0
1115900 2059.0
1115910 2056.4
1115920 2054.9
1115930 2055.0
1115940 2055.0
1115950 2053.8
1115960 2051.3
1115970 2051.3
1115980 2048.4
1115990 2045.6
1116000 2045.6
1116010 2045.3
1116020 2042.4
1116030 2042.4
1116040 2035.4
1116050 2028.6
1116060 2028.6
1116070 2022.5
1116080 2018.6
1116090 2018.6
1116100 2015.0
1116110 2014.9
1116120 2014.9
1116130 2018.3
1116140 2019.9
1116150 2020.4
1116160 2020.4
1116170 2018.0
1116180 2012.8
1116190 2012.8
1116200 2008.0
1116210 2002.9
1116220 2002.9
1116230 1998.5
1116240 1996.4
1116250 1996.4
1116260 1995.5
1116270 1994.9
1116280 1994.9
1116290 1993.3
1116300 1992.2
1116310 1992.2
1116320 1990.9
1116330 1988.2
1116340 1988.2
1116350 1987.6
1116360 1988.1
1116370 1990.6
1116380 1990.6
1116390 1993.1
1116400 1994.1
1116410 1994.1
1116420 1992.5
1116430 1990.0
1116440 1990.0
1116450 1986.8
1116460 1981.8
1116470 1981.8
1116480 1983.4
1116490 1981.5
1116500 1981.5
1116510 1979.8
1116520 1977.4
1116530 1977.4
1116540 1974.0
1116550 1968.7
1116560 1968.7
1116570 1967.3
1116580 1969.0
1116590 1971.2
1116600 1971.2
1116610 1972.8
1116620 1974.5
1116630 1974.5
1116640 1976.2
1116650 1977.5
1116660 1977.5
1116670 1978.0
1116680 1979.4
1116690 1979.4
1116700 1982.9
1116710 1986.3
1116720 1986.3
1116730 1988.1
1116740 1988.9
1116750 1988.9
1116760 1989.4
1116770 1992.2
1116780 1992.2
1116790 1996.3
1116800 2000.5
1116810 2004.1
1116820 2009.0
1116830 2012.1
1116840 2014.7
1116850 2014.7
1116860 2017.1
1116870 2020.5
1116880 2020.5
1116890 2024.4
1116900 2027.6
1116910 2027.6
1116920 2030.2
1116930 2032.9
1116940 2032.9
1116950 2035.3
1116960 2037.3
1116970 2037.3
1116980 2040.7
1116990 2048.6
1117000 2048.6
1117010 2053.5
1117020 2058.3
1117030 2065.7
1117040 2065.7
1117050 2074.0
1117060 2079.3
1117070 2079.3
1117080 2080.8
1117090 2081.4
1117100 2081.4
1117110 2082.2
1117120 2085.3
1117130 2085.3
1117140 2088.7
1117150 2091.3
1117160 2091.3
1117170 2096.1
1117180 2097.2
1117190 2097.2
1117200 2098.1
1117210 2101.7
1117220 2101.7
1117230 2107.2
1117240 2114.7
1117250 2122.3
1117260 2122.3
1117270 2129.6
1117280 2136.7
1117290 2136.7
1117300 2147.4
1117310 2158.8
1117320 2158.8
1117330 2170.9
1117340 2181.7
1117350 2181.7
1117360 2184.9
1117370 2187.0
1117380 2187.0
1117390 2185.7
1117400 2181.9
1117410 2181.9
1117420 2173.2
1117430 2168.7
1117440 2168.7
1117450 2167.1
1117460 2164.3
1117470 2155.8
1117480 2155.8
1117490 2146.1
1117500 2136.4
1117510 2143.2
1117520 2135.3
1117530 2125.1
1117540 2125.1
1117550 2117.6
1117560 2110.1
1117570 2110.1
1117580 2100.6
1117590 2091.7
1117600 2091.7
1117610 2085.2
1117620 2080.6
1117630 2080.6
1117640 2076.6
1117650 2075.3
1117660 2075.3
1117670 2074.3
1117680 2074.1
1117690 2072.6
1117700 2072.6
1117710 2068.8
1117720 2059.9
1117730 2059.9
1117740 2049.2
1117750 2039.4
1117760 2039.4
1117770 2032.9
1117780 2029.0
1117790 2029.0
1117800 2025.8
1117810 2019.8
1117820 2019.8
1117830 2012.5
1117840 2004.9
1117850 2004.9
1117860 1998.9
1117870 1997.4
1117880 1997.4
1117890 1997.1
1117900 1997.1
1117910 1997.4
1117920 1997.4
1117930 1998.2
1117940 1999.3
1117950 1999.3
1117960 2001.7
1117970 2004.4
1117980 2004.4
1117990 2006.0
1118000 2006.6
1118010 2006.6
1118020 2006.1
1118030 2003.8
1118040 2003.8
1118050 1999.0
1118060 1995.0
1118070 1995.0
1118080 1993.9
1118090 1995.1
1118100 1995.1
1118110 1997.8
1118120 2001.6
1118130 2003.0
1118140 2003.0
1118150 2002.7
1118160 2006.3
1118170 2006.3
1118180 2008.2
1118190 2008.2
1118200 2013.5
1118210 2012.6
1118220 2011.1
1118230 2011.1
1118240 2010.5
1118250 2010.9
1118260 2010.9
1118270 2013.4
1118280 2016.2
1118290 2016.2
1118300 2017.6
1118310 2017.8
1118320 2017.8
1118330 2016.8
1118340 2016.6
1118350 2017.5
1118360 2017.5
1118370 2016.6
1118380 2014.2
1118390 2014.2
1118400 2014.7
1118410 2013.8
1118420 2013.8
1118430 2013.0
1118440 2014.8
1118450 2014.8
1118460 2016.6
1118470 2016.4
1118480 2016.4
1118490 2013.5
1118500 2011.0
1118510 2011.0
1118520 2010.8
1118530 2010.0
1118540 2010.0
1118550 2010.8
1118560 2007.5
1118570 2005.0
1118580 2005.0
1118590 2004.1
1118600 2005.1
1118610 2005.1
1118620 2004.9
1118630 2003.3
1118640 2003.3
1118650 2002.3
1118660 2001.9
1118670 2001.9
1118680 2001.1
1118690 1999.4
1118700 1999.4
1118710 1997.4
1118720 1994.3
1118730 1994.3
1118740 1990.2
1118750 1986.6
1118760 1986.6
1118770 1984.5
1118780 1982.7
1118790 1979.6
1118800 1979.6
1118810 1976.5
1118820 1976.2
1118830 1976.2
1118840 1976.6
1118850 1975.0
1118860 1975.0
1118870 1972.6
1118880 1970.1
1118890 1970.1
1118900 1966.2
1118910 1964.3
1118920 1964.3
1118930 1963.0
1118940 1961.8
1118950 1961.8
1118960 1960.7
1118970 1959.4
1118980 1959.4
1118990 1956.8
1119000 1954.1
1119010 1951.5
1119020 1951.5
1119030 1950.0
1119040 1949.6
1119050 1949.6
1119060 1952.0
1119070 1955.4
1119080 1955.4
1119090 1958.8
1119100 1960.7
1119110 1960.7
1119120 1961.5
1119130 1961.4
1119140 1961.4
1119150 1959.5
1119160 1958.6
1119170 1958.6
1119180 1958.5
1119190 1957.4
1119200 1957.4
1119210 1956.7
1119220 1954.0
1119230 1953.7
1119240 1955.0
1119250 1954.9
1119260 1956.6
1119270 1956.6
1119280 1956.8
1119290 1953.4
1119300 1953.4
1119310 1948.3
1119320 1944.3
1119330 1944.3
1119340 1943.0
1119350 1944.0
1119360 1944.0
1119370 1940.6
1119380 1934.3
1119390 1934.3
1119400 1925.3
1119410 1918.7
1119420 1918.7
1119430 1914.0
1119440 1907.9
1119450 1905.5
1119460 1905.5
1119470 1902.8
1119480 1899.9
1119490 1899.9
1119500 1897.3
1119510 1895.1
1119520 1895.1
1119530 1894.5
1119540 1895.0
1119550 1895.0
1119560 1894.6
1119570 1894.6
1119580 1894.6
1119590 1901.3
1119600 1900.0
1119610 1900.0
1119620 1897.8
1119630 1895.5
1119640 1895.5
1119650 1893.1
1119660 1889.8
1119670 1888.8
1119680 1888.8
1119690 1887.0
1119700 1884.8
1119710 1884.8
1119720 1882.8
1119730 1879.9
1119740 1879.9
1119750 1877.4
1119760 1875.3
1119770 1875.3
1119780 1872.6
1119790 1870.6
1119800 1870.6
1119810 1869.5
1119820 1868.2
1119830 1868.2
1119840 1867.2
1119850 1868.1
1119860 1868.1
1119870 1868.4
1119880 1868.2
1119890 1868.3
1119900 1868.3
1119910 1869.2
1119920 1869.9
1119930 1869.9
1119940 1873.5
1119950 1873.5
1119960 1873.5
1119970 1873.3
1119980 1872.7
1119990 1872.7
