1100000 1176.4
1100010 1176.4
1100020 1176.7
1100030 1177.1
1100040 1177.1
1100050 1177.1
1100060 1176.8
1100070 1176.8
1100080 1176.9
1100090 1177.1
1100100 1176.8
1100110 1176.8
1100120 1181.7
1100130 1181.9
1100140 1181.9
1100150 1181.9
1100160 1181.5
1100170 1181.5
1100180 1181.0
1100190 1180.4
1100200 1180.4
1100210 1180.2
1100220 1179.0
1100230 1179.0
1100240 1177.7
1100250 1176.1
1100260 1176.1
1100270 1175.2
1100280 1174.6
1100290 1174.6
1100300 1173.9
1100310 1173.3
1100320 1173.1
1100330 1173.1
1100340 1173.0
1100350 1172.3
1100360 1172.3
1100370 1171.9
1100380 1171.8
1100390 1171.8
1100400 1171.9
1100410 1172.2
1100420 1172.2
1100430 1172.5
1100440 1172.4
1100450 1174.7
1100460 1174.5
1100470 1174.5
1100480 1174.5
1100490 1174.8
1100500 1174.9
1100510 1174.9
1100520 1174.8
1100530 1174.9
1100540 1174.9
1100550 1174.8
1100560 1174.5
1100570 1174.6
1100580 1174.6
1100590 1174.9
1100600 1173.7
1100610 1173.7
1100620 1171.4
1100630 1168.6
1100640 1168.6
1100650 1165.7
1100660 1162.3
1100670 1162.3
1100680 1159.1
1100690 1155.3
1100700 1155.3
1100710 1151.8
1100720 1148.5
1100730 1148.5
1100740 1145.7
1100750 1143.0
1100760 1143.0
1100770 1140.7
1100780 1143.2
1100790 1140.8
1100800 1140.8
1100810 1137.2
1100820 1130.0
1100830 1130.0
1100840 1124.6
1100850 1120.2
1100860 1120.2
1100870 1114.9
1100880 1107.8
1100890 1107.8
1100900 1100.1
1100910 1096.3
1100920 1096.3
1100930 1094.3
1100940 1091.3
1100950 1091.3
1100960 1090.4
1100970 1090.3
1100980 1090.3
1100990 1089.0
1101000 1087.4
1101010 1086.8
1101020 1086.8
1101030 1086.0
1101040 1084.1
1101050 1084.1
1101060 1082.5
1101070 1082.8
1101080 1082.8
1101090 1081.7
1101100 1079.6
1101110 1084.3
1101120 1082.1
1101130 1080.4
1101140 1080.4
1101150 1078.7
1101160 1077.5
1101170 1077.5
1101180 1075.1
1101190 1073.8
1101200 1073.8
1101210 1071.4
1101220 1070.2
1101230 1069.5
1101240 1069.5
1101250 1068.6
1101260 1069.4
1101270 1069.4
1101280 1070.0
1101290 1069.1
1101300 1069.1
1101310 1067.2
1101320 1064.9
1101330 1064.9
1101340 1062.6
1101350 1060.4
1101360 1060.4
1101370 1057.5
1101380 1054.5
1101390 1054.5
1101400 1050.8
1101410 1046.4
1101420 1046.4
1101430 1042.2
1101440 1044.0
1101450 1041.1
1101460 1041.1
1101470 1039.5
1101480 1037.2
1101490 1037.2
1101500 1034.0
1101510 1030.6
1101520 1030.6
1101530 1028.2
1101540 1028.7
1101550 1028.7
1101560 1026.2
1101570 1023.0
1101580 1023.0
1101590 1018.6
1101600 1013.6
1101610 1013.6
1101620 1008.6
1101630 1002.6
1101640 1002.6
1101650 996.5
1101660 990.5
1101670 983.9
1101680 983.9
1101690 979.0
1101700 976.9
1101710 976.9
1101720 973.1
1101730 970.0
1101740 970.0
1101750 965.8
1101760 962.1
1101770 962.1
1101780 960.8
1101790 957.9
1101800 957.9
1101810 956.2
1101820 955.2
1101830 955.2
1101840 954.5
1101850 954.0
1101860 954.0
1101870 951.5
1101880 949.2
1101890 949.2
1101900 946.5
1101910 942.9
1101920 939.6
1101930 939.6
1101940 938.5
1101950 940.1
1101960 940.1
1101970 942.5
1101980 944.6
1101990 944.6
1102000 943.8
1102010 937.8
1102020 937.8
1102030 931.2
1102040 924.6
1102050 924.6
1102060 918.2
1102070 911.7
1102080 911.7
1102090 905.6
1102100 900.4
1102110 903.2
1102120 898.5
1102130 894.7
1102140 891.1
1102150 891.1
1102160 888.5
1102170 885.3
1102180 885.3
1102190 882.8
1102200 882.4
1102210 882.4
1102220 880.4
1102230 877.4
1102240 877.4
1102250 876.8
1102260 878.0
1102270 878.0
1102280 875.6
1102290 870.9
1102300 870.9
1102310 865.4
1102320 859.4
1102330 859.4
1102340 854.7
1102350 848.9
1102360 843.4
1102370 843.4
1102380 840.8
1102390 840.3
1102400 840.3
1102410 839.0
1102420 833.5
1102430 833.5
1102440 821.4
1102450 812.6
1102460 812.6
1102470 803.4
1102480 794.8
1102490 794.8
1102500 787.1
1102510 779.9
1102520 779.9
1102530 772.7
1102540 770.5
1102550 770.5
1102560 772.4
1102570 776.3
1102580 776.9
1102590 776.9
1102600 777.6
1102610 782.6
1102620 782.6
1102630 788.8
1102640 795.0
1102650 795.0
1102660 803.3
1102670 810.7
1102680 810.7
1102690 814.1
1102700 817.0
1102710 817.0
1102720 817.9
1102730 813.5
1102740 813.5
1102750 806.5
1102760 798.7
1102770 798.6
1102780 791.3
1102790 784.9
1102800 779.7
1102810 779.7
1102820 776.6
1102830 775.5
1102840 775.5
1102850 775.1
1102860 774.8
1102870 774.8
1102880 775.5
1102890 778.5
1102900 778.5
1102910 784.1
1102920 790.0
1102930 790.0
1102940 795.2
1102950 799.2
1102960 799.2
1102970 800.4
1102980 797.7
1102990 797.7
1103000 793.6
1103010 790.2
1103020 787.6
1103030 787.6
1103040 785.1
1103050 782.7
1103060 782.7
1103070 780.4
1103080 778.2
1103090 778.2
1103100 778.5
1103110 776.8
1103120 776.8
1103130 773.7
1103140 770.7
1103150 770.7
1103160 768.7
1103170 766.5
1103180 766.5
1103190 764.1
1103200 760.9
1103210 760.9
1103220 757.6
1103230 754.2
1103240 754.2
1103250 751.4
1103260 749.8
1103270 749.2
1103280 749.2
1103290 747.7
1103300 745.0
1103310 745.0
1103320 742.6
1103330 740.6
1103340 740.6
1103350 738.4
1103360 735.8
1103370 735.8
1103380 730.0
1103390 721.9
1103400 721.9
1103410 716.6
1103420 715.8
1103430 715.8
1103440 724.6
1103450 723.3
1103460 723.3
1103470 722.8
1103480 723.7
1103490 723.4
1103500 723.4
1103510 720.9
1103520 717.2
1103530 717.2
1103540 713.6
1103550 709.7
1103560 709.7
1103570 704.2
1103580 699.5
1103590 699.5
1103600 696.0
1103610 692.7
1103620 692.7
1103630 690.2
1103640 689.8
1103650 689.8
1103660 688.4
1103670 686.8
1103680 686.8
1103690 684.3
1103700 683.3
1103710 682.9
1103720 682.9
1103730 682.3
1103740 681.8
1103750 681.8
1103760 681.6
1103770 683.3
1103780 683.3
1103790 683.3
1103800 682.4
1103810 682.4
1103820 682.8
1103830 685.7
1103840 685.7
1103850 685.3
1103860 684.6
1103870 684.6
1103880 684.4
1103890 683.3
1103900 683.3
1103910 682.7
1103920 681.4
1103930 679.9
1103940 679.9
1103950 679.9
1103960 680.1
1103970 680.1
1103980 680.1
1103990 680.2
1104000 680.2
1104010 680.2
1104020 680.1
1104030 680.1
1104040 680.2
1104050 680.5
1104060 680.5
1104070 680.8
1104080 681.0
1104090 681.0
1104100 681.1
1104110 681.4
1104120 681.4
1104130 681.5
1104140 681.7
1104150 681.9
1104160 681.9
1104170 682.0
1104180 682.1
1104190 682.1
1104200 682.1
1104210 682.4
1104220 682.4
1104230 682.7
1104240 682.6
1104250 682.6
1104260 682.8
1104270 683.1
1104280 683.1
1104290 683.5
1104300 683.6
1104310 683.6
1104320 683.4
1104330 683.2
1104340 683.2
1104350 683.4
1104360 683.5
1104370 684.1
1104380 684.1
1104390 685.4
1104400 685.5
1104410 685.5
1104420 685.0
1104430 684.5
1104440 684.5
1104450 684.6
1104460 684.6
1104470 684.6
1104480 685.1
1104490 686.0
1104500 686.0
1104510 685.9
1104520 685.7
1104530 685.7
1104540 685.6
1104550 685.7
1104560 685.7
1104570 686.0
1104580 686.0
1104590 686.0
1104600 685.8
1104610 685.8
1104620 686.0
1104630 686.0
1104640 686.3
1104650 686.4
1104660 686.4
1104670 686.3
1104680 686.5
1104690 686.5
1104700 686.6
1104710 686.7
1104720 686.7
1104730 687.0
1104740 687.1
1104750 687.1
1104760 687.2
1104770 687.0
1104780 687.0
1104790 687.2
1104800 687.4
1104810 687.4
1104820 687.7
1104830 688.0
1104840 688.2
1104850 688.2
1104860 688.3
1104870 688.4
1104880 688.4
1104890 688.5
1104900 688.4
1104910 688.4
1104920 688.5
1104930 688.8
1104940 688.8
1104950 689.2
1104960 689.2
1104970 689.2
1104980 689.3
1104990 689.4
1105000 689.4
1105010 689.5
1105020 689.6
1105030 689.6
1105040 689.6
1105050 689.5
1105060 689.6
1105070 689.6
1105080 689.7
1105090 689.7
1105100 689.9
1105110 689.9
1105120 690.0
1105130 690.0
1105140 690.0
1105150 689.8
1105160 689.8
1105170 689.2
1105180 687.8
1105190 687.8
1105200 687.4
1105210 689.3
1105220 689.3
1105230 690.5
1105240 690.7
1105250 690.7
1105260 690.8
1105270 691.4
1105280 692.6
1105290 692.6
1105300 693.0
1105310 692.9
1105320 692.9
1105330 692.8
1105340 692.8
1105350 692.8
1105360 692.8
1105370 693.1
1105380 693.1
1105390 693.3
1105400 693.1
1105410 693.1
1105420 692.9
1105430 693.2
1105440 693.2
1105450 693.4
1105460 693.5
1105470 693.5
1105480 693.6
1105490 693.9
1105500 694.1
1105510 694.1
1105520 694.1
1105530 694.3
1105540 694.3
1105550 694.7
1105560 695.2
1105570 695.2
1105580 695.7
1105590 695.8
1105600 695.8
1105610 696.0
1105620 696.5
1105630 696.5
1105640 696.8
1105650 696.8
1105660 696.8
1105670 697.4
1105680 699.1
1105690 699.1
1105700 699.6
1105710 700.5
1105720 703.9
1105730 703.9
1105740 706.4
1105750 708.1
1105760 708.1
1105770 708.4
1105780 709.5
1105790 709.5
1105800 711.3
1105810 711.9
1105820 711.9
1105830 713.7
1105840 715.6
1105850 715.6
1105860 717.2
1105870 719.5
1105880 719.5
1105890 722.3
1105900 725.3
1105910 725.3
1105920 728.3
1105930 730.9
1105940 730.9
1105950 733.3
1105960 737.3
1105970 740.4
1105980 740.4
1105990 742.5
1106000 743.0
1106010 743.0
1106020 743.4
1106030 747.0
1106040 747.0
1106050 749.2
1106060 753.7
1106070 753.7
1106080 764.0
1106090 777.5
1106100 777.5
1106110 786.9
1106120 797.0
1106130 797.0
1106140 807.2
1106150 813.2
1106160 813.2
1106170 815.6
1106180 817.6
1106190 820.0
1106200 820.0
1106210 822.3
1106220 823.6
1106230 823.6
1106240 826.4
1106250 830.0
1106260 830.0
1106270 834.4
1106280 838.8
1106290 838.8
1106300 843.7
1106310 848.5
1106320 848.5
1106330 853.5
1106340 858.9
1106350 858.9
1106360 864.6
1106370 870.1
1106380 870.1
1106390 876.0
1106400 881.7
1106410 884.6
1106420 884.6
1106430 885.1
1106440 877.7
1106450 877.7
1106460 880.5
1106470 886.8
1106480 886.8
1106490 894.0
1106500 900.2
1106510 900.2
1106520 903.0
1106530 904.6
1106540 904.6
1106550 905.6
1106560 905.9
1106570 905.9
1106580 906.0
1106590 906.1
1106600 906.1
1106610 908.0
1106620 914.2
1106630 920.5
1106640 920.5
1106650 921.6
1106660 921.6
1106670 921.6
1106680 926.3
1106690 932.7
1106700 932.7
1106710 938.7
1106720 947.1
1106730 947.1
1106740 953.0
1106750 959.7
1106760 959.7
1106770 965.7
1106780 970.1
1106790 970.1
1106800 976.9
1106810 981.5
1106820 981.5
1106830 986.4
1106840 991.0
1106850 994.5
1106860 994.5
1106870 989.6
1106880 979.2
1106890 979.2
1106900 992.7
1106910 1005.7
1106920 1005.7
1106930 1011.8
1106940 1018.3
1106950 1018.3
1106960 1022.7
1106970 1026.1
1106980 1026.1
1106990 1031.5
1107000 1037.3
1107010 1037.3
1107020 1042.6
1107030 1048.5
1107040 1048.5
1107050 1054.9
1107060 1060.8
1107070 1066.6
1107080 1066.6
1107090 1072.8
1107100 1079.4
1107110 1074.6
1107120 1079.3
1107130 1084.3
1107140 1084.3
1107150 1091.3
1107160 1100.3
1107170 1100.3
1107180 1106.7
1107190 1113.8
1107200 1113.8
1107210 1118.2
1107220 1123.3
1107230 1123.3
1107240 1129.7
1107250 1136.9
1107260 1136.9
1107270 1144.2
1107280 1151.4
1107290 1158.4
1107300 1158.4
1107310 1164.3
1107320 1169.0
1107330 1169.0
1107340 1173.8
1107350 1177.9
1107360 1177.9
1107370 1178.8
1107380 1179.0
1107390 1179.0
1107400 1183.4
1107410 1191.2
1107420 1191.2
1107430 1199.0
1107440 1204.2
1107450 1198.9
1107460 1204.8
1107470 1210.3
1107480 1210.3
1107490 1215.6
1107500 1218.8
1107510 1218.8
1107520 1219.9
1107530 1221.7
1107540 1222.6
1107550 1222.6
1107560 1223.8
1107570 1225.2
1107580 1225.2
1107590 1232.4
1107600 1241.7
1107610 1241.7
1107620 1247.4
1107630 1252.6
1107640 1252.6
1107650 1257.3
1107660 1260.9
1107670 1260.9
1107680 1265.7
1107690 1271.7
1107700 1271.7
1107710 1279.1
1107720 1287.0
1107730 1287.0
1107740 1292.4
1107750 1297.4
1107760 1302.5
1107770 1302.5
1107780 1307.9
1107790 1313.2
1107800 1313.2
1107810 1319.1
1107820 1324.2
1107830 1324.2
1107840 1330.9
1107850 1337.4
1107860 1337.4
1107870 1341.8
1107880 1345.5
1107890 1345.5
1107900 1349.1
1107910 1352.8
1107920 1352.8
1107930 1356.7
1107940 1361.6
1107950 1361.6
1107960 1366.8
1107970 1371.2
1107980 1374.8
1107990 1374.8
1108000 1378.5
1108010 1382.6
1108020 1382.6
1108030 1386.3
1108040 1392.2
1108050 1392.2
1108060 1397.7
1108070 1403.9
1108080 1403.9
1108090 1409.2
1108100 1413.6
1108110 1413.6
1108120 1414.5
1108130 1421.3
1108140 1421.3
1108150 1427.2
1108160 1433.2
1108170 1433.2
1108180 1441.1
1108190 1449.3
1108200 1455.2
1108210 1455.2
1108220 1460.4
1108230 1466.2
1108240 1466.2
1108250 1472.3
1108260 1480.2
1108270 1480.2
1108280 1487.7
1108290 1495.7
1108300 1495.7
1108310 1503.3
1108320 1510.3
1108330 1510.3
1108340 1515.5
1108350 1520.4
1108360 1520.4
1108370 1525.2
1108380 1529.2
1108390 1529.2
1108400 1533.0
1108410 1537.4
1108420 1541.9
1108430 1541.9
1108440 1546.1
1108450 1550.0
1108460 1551.1
1108470 1554.3
1108480 1558.3
1108490 1558.3
1108500 1561.7
1108510 1566.0
1108520 1566.0
1108530 1570.8
1108540 1575.3
1108550 1575.3
1108560 1580.2
1108570 1585.2
1108580 1585.2
1108590 1589.5
1108600 1593.8
1108610 1593.8
1108620 1598.6
1108630 1603.5
1108640 1609.1
1108650 1609.1
1108660 1615.8
1108670 1623.4
1108680 1623.4
1108690 1630.8
1108700 1635.9
1108710 1635.9
1108720 1639.6
1108730 1644.7
1108740 1644.7
1108750 1650.6
1108760 1657.3
1108770 1657.3
1108780 1662.2
1108790 1665.2
1108800 1663.7
1108810 1666.8
1108820 1671.4
1108830 1671.4
1108840 1676.2
1108850 1681.7
1108860 1689.5
1108870 1689.5
1108880 1697.6
1108890 1702.7
1108900 1702.7
1108910 1706.7
1108920 1710.6
1108930 1710.6
1108940 1714.9
1108950 1720.0
1108960 1720.0
1108970 1725.7
1108980 1731.7
1108990 1731.7
1109000 1736.6
1109010 1741.2
1109020 1741.2
1109030 1746.6
1109040 1751.6
1109050 1751.6
1109060 1757.3
1109070 1764.0
1109080 1764.0
1109090 1770.9
1109100 1778.2
1109110 1785.8
1109120 1785.8
1109130 1793.4
1109140 1799.5
1109150 1799.5
1109160 1804.8
1109170 1811.0
1109180 1811.0
1109190 1817.1
1109200 1823.2
1109210 1823.2
1109220 1829.3
1109230 1834.7
1109240 1834.7
1109250 1840.1
1109260 1847.8
1109270 1847.8
1109280 1854.6
1109290 1861.1
1109300 1861.1
1109310 1866.9
1109320 1872.6
1109330 1879.1
1109340 1879.1
1109350 1886.0
1109360 1895.2
1109370 1895.2
1109380 1903.9
1109390 1910.4
1109400 1910.4
1109410 1917.1
1109420 1923.3
1109430 1923.3
1109440 1930.3
1109450 1938.2
1109460 1938.2
1109470 1947.7
1109480 1954.4
1109490 1954.4
1109500 1957.7
1109510 1961.8
1109520 1961.8
1109530 1966.5
1109540 1972.2
1109550 1978.7
1109560 1978.7
1109570 1985.4
1109580 1992.7
1109590 1992.7
1109600 1999.9
1109610 2007.3
1109620 2007.3
1109630 2014.4
1109640 2020.3
1109650 2020.3
1109660 2026.7
1109670 2033.1
1109680 2033.1
1109690 2039.1
1109700 2045.8
1109710 2045.8
1109720 2054.1
1109730 2062.1
1109740 2062.1
1109750 2069.6
1109760 2077.3
1109770 2084.9
1109780 2084.9
1109790 2093.0
1109800 2099.2
1109810 2098.5
1109820 2104.4
1109830 2110.9
1109840 2110.9
1109850 2117.0
1109860 2123.1
1109870 2123.1
1109880 2129.3
1109890 2135.7
1109900 2135.7
1109910 2140.8
1109920 2145.0
1109930 2145.0
1109940 2150.5
1109950 2156.2
1109960 2156.2
1109970 2162.5
1109980 2170.0
1109990 2177.3
1110000 2177.3
1110010 2182.7
1110020 2189.1
1110030 2189.1
1110040 2195.6
1110050 2200.9
1110060 2200.9
1110070 2205.2
1110080 2208.5
1110090 2208.5
1110100 2211.9
1110110 2216.3
1110120 2216.3
1110130 2221.2
1110140 2226.0
1110150 2225.6
1110160 2230.9
1110170 2236.4
1110180 2236.4
1110190 2242.2
1110200 2250.0
1110210 2259.1
1110220 2259.1
1110230 2267.9
1110240 2274.7
1110250 2274.7
1110260 2275.0
1110270 2264.9
1110280 2264.9
1110290 2257.1
1110300 2248.5
1110310 2248.5
1110320 2241.8
1110330 2232.6
1110340 2232.6
1110350 2223.8
1110360 2218.3
1110370 2218.3
1110380 2216.9
1110390 2218.5
1110400 2218.5
1110410 2221.3
1110420 2220.7
1110430 2215.9
1110440 2215.9
1110450 2212.1
1110460 2212.2
1110470 2212.2
1110480 2212.6
1110490 2223.7
1110500 2223.7
1110510 2227.8
1110520 2231.6
1110530 2231.6
1110540 2235.9
1110550 2244.0
1110560 2244.0
1110570 2254.4
1110580 2260.1
1110590 2260.1
1110600 2260.8
1110610 2255.3
1110620 2255.3
1110630 2249.4
1110640 2239.8
1110650 2239.8
1110660 2236.2
1110670 2233.8
1110680 2229.4
1110690 2229.4
1110700 2221.9
1110710 2209.2
1110720 2209.2
1110730 2199.2
1110740 2190.2
1110750 2190.2
1110760 2177.9
1110770 2166.1
1110780 2166.1
1110790 2158.5
1110800 2152.6
1110810 2152.6
1110820 2148.3
1110830 2146.1
1110840 2146.1
1110850 2145.0
1110860 2147.0
1110870 2147.0
1110880 2150.1
1110890 2153.7
1110900 2157.1
1110910 2157.1
1110920 2160.2
1110930 2162.4
1110940 2162.4
1110950 2162.6
1110960 2161.9
1110970 2161.9
1110980 2163.3
1110990 2163.1
1111000 2163.1
1111010 2163.5
1111020 2165.9
1111030 2165.9
1111040 2167.4
1111050 2171.5
1111060 2171.5
1111070 2173.7
1111080 2176.8
1111090 2176.8
1111100 2180.4
1111110 2183.0
1111120 2184.8
1111130 2184.8
1111140 2186.9
1111150 2186.7
1111160 2186.7
1111170 2188.4
1111180 2187.1
1111190 2187.1
1111200 2186.4
1111210 2181.9
1111220 2181.9
1111230 2173.8
1111240 2168.6
1111250 2168.6
1111260 2170.4
1111270 2171.9
1111280 2171.9
1111290 2170.6
1111300 2166.5
1111310 2166.5
1111320 2164.2
1111330 2160.8
1111340 2162.4
1111350 2162.4
1111360 2164.7
1111370 2167.6
1111380 2167.6
1111390 2172.1
1111400 2177.8
1111410 2177.8
1111420 2183.7
1111430 2189.8
1111440 2189.8
1111450 2196.3
1111460 2203.2
1111470 2203.2
1111480 2210.2
1111490 2216.9
1111500 2216.9
1111510 2226.3
1111520 2233.3
1111530 2233.3
1111540 2241.1
1111550 2248.6
1111560 2259.4
1111570 2259.4
1111580 2283.1
1111590 2300.0
1111600 2300.0
1111610 2312.0
1111620 2328.1
1111630 2328.1
1111640 2347.7
1111650 2365.1
1111660 2365.1
1111670 2374.8
1111680 2381.2
1111690 2381.2
1111700 2388.1
1111710 2399.8
1111720 2399.8
1111730 2409.7
1111740 2418.4
1111750 2418.4
1111760 2428.4
1111770 2443.1
1111780 2456.9
1111790 2456.9
1111800 2470.3
1111810 2479.1
1111820 2479.1
1111830 2482.6
1111840 2487.0
1111850 2493.7
1111860 2501.1
1111870 2501.8
1111880 2501.8
1111890 2497.1
1111900 2486.3
1111910 2486.3
1111920 2476.9
1111930 2470.1
1111940 2470.1
1111950 2464.5
1111960 2459.0
1111970 2459.0
1111980 2453.1
1111990 2446.6
1112000 2446.6
1112010 2438.8
1112020 2430.2
1112030 2420.8
1112040 2420.8
1112050 2410.0
1112060 2398.9
1112070 2398.9
1112080 2389.5
1112090 2381.4
1112100 2381.4
1112110 2373.8
1112120 2366.4
1112130 2366.4
1112140 2359.3
1112150 2352.3
1112160 2352.3
1112170 2345.8
1112180 2339.4
1112190 2338.9
1112200 2332.9
1112210 2327.0
1112220 2327.0
1112230 2321.5
1112240 2316.1
1112250 2310.5
1112260 2310.5
1112270 2305.2
1112280 2301.0
1112290 2301.0
1112300 2298.7
1112310 2295.3
1112320 2295.3
1112330 2292.4
1112340 2290.2
1112350 2290.2
1112360 2288.1
1112370 2285.8
1112380 2285.8
1112390 2283.7
1112400 2281.3
1112410 2281.3
1112420 2281.2
1112430 2276.7
1112440 2276.7
1112450 2269.5
1112460 2261.7
1112470 2252.3
1112480 2252.3
1112490 2244.1
1112500 2237.6
1112510 2237.6
1112520 2230.9
1112530 2212.9
1112540 2212.9
1112550 2197.9
1112560 2189.3
1112570 2189.3
1112580 2181.1
1112590 2173.9
1112600 2173.9
1112610 2167.3
1112620 2161.3
1112630 2161.3
1112640 2156.0
1112650 2150.5
1112660 2150.5
1112670 2144.7
1112680 2139.0
1112690 2133.8
1112700 2133.8
1112710 2128.8
1112720 2124.9
1112730 2124.9
1112740 2122.1
1112750 2121.4
1112760 2121.4
1112770 2116.5
1112780 2110.0
1112790 2110.0
1112800 2104.2
1112810 2099.5
1112820 2099.5
1112830 2094.0
1112840 2089.2
1112850 2089.2
1112860 2085.4
1112870 2081.5
1112880 2081.5
1112890 2078.9
1112900 2076.3
1112910 2074.5
1112920 2074.5
1112930 2074.6
1112940 2075.1
1112950 2075.1
1112960 2075.3
1112970 2074.2
1112980 2074.2
1112990 2071.7
1113000 2069.1
1113010 2069.1
1113020 2067.2
1113030 2065.8
1113040 2065.8
1113050 2064.9
1113060 2065.0
1113070 2065.0
1113080 2064.0
1113090 2066.0
1113100 2066.0
1113110 2068.5
1113120 2069.5
1113130 2068.7
1113140 2068.7
1113150 2069.6
1113160 2070.4
1113170 2070.4
1113180 2071.2
1113190 2072.5
1113200 2072.5
1113210 2070.7
1113220 2071.9
1113230 2071.9
1113240 2068.7
1113250 2062.4
1113260 2062.4
1113270 2056.4
1113280 2051.5
1113290 2051.5
1113300 2048.1
1113310 2043.5
1113320 2043.5
1113330 2037.3
1113340 2032.9
1113350 2028.4
1113360 2028.4
1113370 2023.7
1113380 2019.0
1113390 2019.0
1113400 2015.0
1113410 2011.1
1113420 2011.1
1113430 2007.2
1113440 2004.3
1113450 2004.3
1113460 2001.7
1113470 1999.7
1113480 1999.7
1113490 1997.8
1113500 1996.2
1113510 1996.2
1113520 1995.1
1113530 1994.1
1113540 1994.1
1113550 1991.5
1113560 1990.5
1113570 1990.5
1113580 1989.7
1113590 1989.1
1113600 1988.3
1113610 1988.3
1113620 1987.5
1113630 1986.3
1113640 1986.3
1113650 1985.3
1113660 1984.5
1113670 1984.5
1113680 1982.9
1113690 1981.6
1113700 1981.6
1113710 1980.4
1113720 1979.5
1113730 1979.5
1113740 1978.5
1113750 1978.4
1113760 1978.4
1113770 1978.4
1113780 1977.3
1113790 1977.3
1113800 1975.4
1113810 1975.6
1113820 1975.7
1113830 1975.7
1113840 1975.6
1113850 1975.2
1113860 1975.2
1113870 1973.8
1113880 1971.3
1113890 1968.8
1113900 1965.9
1113910 1963.7
1113920 1963.7
1113930 1961.1
1113940 1958.1
1113950 1958.1
1113960 1954.5
1113970 1951.0
1113980 1951.0
1113990 1947.9
1114000 1944.2
1114010 1944.2
1114020 1939.8
1114030 1935.1
1114040 1931.3
1114050 1931.3
1114060 1928.0
1114070 1924.5
1114080 1924.5
1114090 1920.6
1114100 1915.1
1114110 1915.1
1114120 1909.0
1114130 1903.4
1114140 1903.4
1114150 1899.6
1114160 1896.0
1114170 1896.0
1114180 1887.4
1114190 1876.4
1114200 1876.4
1114210 1868.5
1114220 1862.9
1114230 1862.9
1114240 1854.9
1114250 1849.2
1114260 1841.3
1114270 1841.3
1114280 1831.4
1114290 1818.9
1114300 1818.9
1114310 1807.4
1114320 1798.0
1114330 1798.0
1114340 1788.1
1114350 1777.8
1114360 1777.8
1114370 1766.6
1114380 1756.2
1114390 1756.2
1114400 1747.0
1114410 1738.8
1114420 1738.8
1114430 1729.8
1114440 1719.5
1114450 1719.5
1114460 1710.5
1114470 1702.6
1114480 1694.8
1114490 1694.8
1114500 1686.6
1114510 1678.7
1114520 1678.7
1114530 1671.6
1114540 1664.3
1114550 1664.3
1114560 1657.4
1114570 1650.4
1114580 1648.9
1114590 1641.6
1114600 1634.8
1114610 1634.8
1114620 1628.0
1114630 1621.2
1114640 1621.2
1114650 1614.7
1114660 1608.3
1114670 1608.3
1114680 1601.8
1114690 1595.4
1114700 1588.8
1114710 1588.8
1114720 1582.1
1114730 1575.6
1114740 1575.6
1114750 1568.7
1114760 1562.2
1114770 1562.2
1114780 1555.8
1114790 1549.7
1114800 1549.7
1114810 1543.7
1114820 1537.6
1114830 1537.6
1114840 1531.5
1114850 1525.7
1114860 1525.7
1114870 1520.3
1114880 1514.8
1114890 1514.8
1114900 1508.6
1114910 1502.6
1114920 1502.9
1114930 1497.2
1114940 1492.3
1114950 1487.6
1114960 1487.6
1114970 1482.7
1114980 1477.4
1114990 1477.4
1115000 1472.1
1115010 1466.4
1115020 1466.4
1115030 1460.4
1115040 1454.7
1115050 1454.7
1115060 1448.3
1115070 1441.5
1115080 1441.5
1115090 1433.9
1115100 1426.2
1115110 1426.2
1115120 1419.5
1115130 1413.0
1115140 1413.0
1115150 1406.7
1115160 1400.1
1115170 1393.7
1115180 1393.7
1115190 1387.8
1115200 1382.2
1115210 1382.2
1115220 1377.4
1115230 1373.7
1115240 1373.7
1115250 1369.9
1115260 1365.7
1115270 1364.9
1115280 1360.2
1115290 1356.2
1115300 1356.2
1115310 1351.1
1115320 1345.6
1115330 1345.6
1115340 1339.8
1115350 1334.8
1115360 1334.8
1115370 1327.9
1115380 1321.4
1115390 1316.7
1115400 1316.7
1115410 1312.3
1115420 1307.0
1115430 1307.0
1115440 1300.0
1115450 1292.2
1115460 1292.2
1115470 1284.2
1115480 1276.3
1115490 1276.3
1115500 1269.1
1115510 1262.3
1115520 1262.3
1115530 1254.8
1115540 1246.5
1115550 1246.5
1115560 1237.9
1115570 1229.4
1115580 1229.4
1115590 1221.6
1115600 1214.5
1115610 1210.3
1115620 1210.3
1115630 1206.4
1115640 1203.4
1115650 1203.4
1115660 1201.0
1115670 1198.5
1115680 1198.5
1115690 1197.0
1115700 1195.8
1115710 1195.8
1115720 1194.3
1115730 1191.6
1115740 1191.6
1115750 1189.0
1115760 1187.0
1115770 1187.0
1115780 1184.8
1115790 1183.7
1115800 1183.7
1115810 1184.9
1115820 1188.3
1115830 1180.3
1115840 1180.3
1115850 1172.0
1115860 1171.1
1115870 1171.1
1115880 1176.3
1115890 1182.1
1115900 1182.1
1115910 1189.3
1115920 1202.5
1115930 1202.5
1115940 1206.4
1115950 1208.4
1115960 1208.4
1115970 1215.3
1115980 1219.8
1115990 1219.8
1116000 1224.1
1116010 1228.5
1116020 1228.5
1116030 1233.3
1116040 1237.9
1116050 1241.7
1116060 1241.7
1116070 1245.3
1116080 1249.1
1116090 1249.1
1116100 1254.0
1116110 1260.8
1116120 1260.8
1116130 1268.5
1116140 1273.5
1116150 1273.5
1116160 1278.3
1116170 1284.4
1116180 1284.4
1116190 1290.8
1116200 1296.8
1116210 1296.8
1116220 1302.7
1116230 1308.7
1116240 1308.7
1116250 1315.0
1116260 1321.1
1116270 1327.3
1116280 1327.3
1116290 1333.2
1116300 1337.9
1116310 1337.9
1116320 1344.0
1116330 1350.5
1116340 1350.5
1116350 1357.2
1116360 1363.8
1116370 1363.8
1116380 1370.4
1116390 1377.2
1116400 1377.2
1116410 1384.3
1116420 1391.2
1116430 1391.2
1116440 1398.3
1116450 1405.3
1116460 1405.3
1116470 1412.8
1116480 1420.4
1116490 1420.4
1116500 1429.9
1116510 1440.3
1116520 1447.6
1116530 1447.6
1116540 1455.5
1116550 1463.6
1116560 1463.6
1116570 1473.7
1116580 1485.9
1116590 1485.9
1116600 1497.7
1116610 1509.0
1116620 1509.0
1116630 1516.9
1116640 1525.8
1116650 1525.8
1116660 1537.9
1116670 1549.6
1116680 1549.6
1116690 1560.1
1116700 1571.0
1116710 1571.0
1116720 1581.1
1116730 1590.9
1116740 1595.1
1116750 1595.1
1116760 1597.8
1116770 1599.4
1116780 1599.4
1116790 1614.9
1116800 1629.5
1116810 1629.5
1116820 1640.2
1116830 1651.2
1116840 1651.2
1116850 1665.5
1116860 1675.7
1116870 1675.7
1116880 1684.9
1116890 1693.9
1116900 1693.9
1116910 1708.3
1116920 1719.3
1116930 1719.3
1116940 1720.4
1116950 1725.6
1116960 1736.6
1116970 1736.6
1116980 1751.3
1116990 1760.8
1117000 1760.8
1117010 1766.2
1117020 1780.0
1117030 1780.0
1117040 1793.0
1117050 1798.3
1117060 1798.3
1117070 1801.8
1117080 1805.2
1117090 1805.2
1117100 1807.8
1117110 1811.8
1117120 1811.8
1117130 1817.3
1117140 1823.7
1117150 1823.7
1117160 1829.5
1117170 1835.6
1117180 1842.2
1117190 1842.2
1117200 1849.1
1117210 1856.0
1117220 1856.0
1117230 1861.3
1117240 1867.2
1117250 1867.2
1117260 1874.5
1117270 1882.8
1117280 1882.8
1117290 1891.2
1117300 1899.2
1117310 1899.2
1117320 1908.7
1117330 1925.3
1117340 1925.3
1117350 1935.2
1117360 1948.5
1117370 1948.5
1117380 1960.6
1117390 1967.6
1117400 1977.9
1117410 1977.9
1117420 1991.0
1117430 2000.9
1117440 2000.9
1117450 2009.2
1117460 2015.9
1117470 2015.9
1117480 2020.6
1117490 2025.3
1117500 2025.3
1117510 2031.8
1117520 2040.6
1117530 2040.6
1117540 2049.3
1117550 2055.6
1117560 2055.6
1117570 2057.2
1117580 2061.4
1117590 2061.4
1117600 2068.1
1117610 2075.6
1117620 2080.5
1117630 2080.5
1117640 2087.2
1117650 2095.4
1117660 2095.4
1117670 2102.8
1117680 2116.5
1117690 2116.5
1117700 2122.7
1117710 2130.0
1117720 2130.0
1117730 2137.9
1117740 2145.3
1117750 2145.3
1117760 2151.4
1117770 2154.1
1117780 2154.1
1117790 2156.4
1117800 2157.1
1117810 2157.1
1117820 2157.0
1117830 2158.4
1117840 2160.4
1117850 2160.4
1117860 2161.9
1117870 2163.2
1117880 2163.2
1117890 2165.6
1117900 2169.4
1117910 2169.4
1117920 2172.8
1117930 2175.0
1117940 2175.0
1117950 2178.2
1117960 2179.9
1117970 2179.9
1117980 2179.7
1117990 2182.5
1118000 2182.5
1118010 2186.6
1118020 2192.0
1118030 2192.0
1118040 2191.1
1118050 2187.9
1118060 2185.6
1118070 2185.6
1118080 2184.2
1118090 2182.1
1118100 2182.1
1118110 2179.9
1118120 2179.3
1118130 2179.3
1118140 2176.4
1118150 2171.1
1118160 2171.1
1118170 2165.2
1118180 2159.5
1118190 2159.5
1118200 2154.6
1118210 2149.0
1118220 2149.0
1118230 2146.9
1118240 2149.0
1118250 2149.0
1118260 2149.1
1118270 2148.3
1118280 2148.3
1118290 2148.3
1118300 2146.4
1118310 2143.0
1118320 2143.0
1118330 2139.1
1118340 2135.6
1118350 2135.6
1118360 2133.1
1118370 2127.5
1118380 2127.5
1118390 2126.0
1118400 2126.1
1118410 2126.1
1118420 2127.1
1118430 2127.7
1118440 2127.7
1118450 2126.6
1118460 2125.8
1118470 2125.8
1118480 2125.2
1118490 2123.9
1118500 2123.9
1118510 2120.9
1118520 2117.2
1118530 2112.5
1118540 2112.5
1118550 2105.6
1118560 2099.5
1118570 2099.5
1118580 2097.1
1118590 2093.5
1118600 2093.5
1118610 2091.1
1118620 2088.8
1118630 2088.8
1118640 2086.3
1118650 2084.1
1118660 2084.1
1118670 2082.6
1118680 2080.7
1118690 2080.7
1118700 2078.0
1118710 2075.8
1118720 2071.3
1118730 2068.3
1118740 2065.8
1118750 2065.0
1118760 2065.0
1118770 2064.2
1118780 2063.2
1118790 2063.2
1118800 2062.2
1118810 2062.4
1118820 2062.4
1118830 2063.2
1118840 2060.6
1118850 2060.6
1118860 2058.3
1118870 2057.0
1118880 2057.0
1118890 2057.0
1118900 2056.6
1118910 2056.6
1118920 2056.0
1118930 2055.0
1118940 2055.0
1118950 2054.7
1118960 2054.2
1118970 2053.6
1118980 2053.6
1118990 2054.5
1119000 2055.4
1119010 2055.4
1119020 2054.6
1119030 2053.6
1119040 2053.6
1119050 2053.3
1119060 2048.9
1119070 2048.9
1119080 2047.7
1119090 2046.6
1119100 2046.6
1119110 2045.9
1119120 2047.5
1119130 2047.5
1119140 2049.8
1119150 2051.7
1119160 2051.7
1119170 2053.7
1119180 2055.7
1119190 2056.5
1119200 2056.5
1119210 2055.9
1119220 2055.9
1119230 2055.9
1119240 2056.4
1119250 2055.6
1119260 2055.6
1119270 2056.8
1119280 2060.1
1119290 2060.1
1119300 2062.8
1119310 2065.7
1119320 2065.7
1119330 2069.2
1119340 2072.6
1119350 2072.6
1119360 2076.1
1119370 2078.7
1119380 2078.7
1119390 2080.7
1119400 2082.8
1119410 2079.9
1119420 2079.9
1119430 2081.2
1119440 2082.2
1119450 2082.2
1119460 2084.5
1119470 2090.6
1119480 2090.6
1119490 2098.2
1119500 2104.4
1119510 2104.4
1119520 2108.3
1119530 2110.2
1119540 2110.2
1119550 2112.2
1119560 2114.7
1119570 2114.7
1119580 2116.3
1119590 2116.0
1119600 2116.0
1119610 2116.7
1119620 2124.8
1119630 2129.0
1119640 2129.0
1119650 2128.9
1119660 2127.9
1119670 2127.9
1119680 2126.0
1119690 2125.0
1119700 2125.0
1119710 2122.0
1119720 2118.3
1119730 2118.3
1119740 2110.8
1119750 2102.7
1119760 2105.8
1119770 2094.3
1119780 2084.9
1119790 2084.9
1119800 2078.4
1119810 2073.1
1119820 2073.1
1119830 2069.3
1119840 2066.1
1119850 2062.5
1119860 2062.5
1119870 2058.9
1119880 2055.3
1119890 2055.3
1119900 2051.8
1119910 2047.8
1119920 2047.8
1119930 2043.1
1119940 2038.6
1119950 2038.6
1119960 2034.2
1119970 2029.7
1119980 2029.7
1119990 2024.3
