1100000 934.8
1100010 932.7
1100020 932.7
1100030 930.1
1100040 928.6
1100050 928.6
1100060 927.8
1100070 926.2
1100080 926.2
1100090 926.1
1100100 927.5
1100110 927.5
1100120 929.7
1100130 932.9
1100140 932.9
1100150 936.6
1100160 937.6
1100170 937.6
1100180 934.8
1100190 928.9
1100200 923.1
1100210 923.1
1100220 917.3
1100230 906.8
1100240 906.8
1100250 901.7
1100260 896.4
1100270 896.4
1100280 890.5
1100290 885.5
1100300 885.5
1100310 880.5
1100320 875.9
1100330 875.9
1100340 873.8
1100350 871.8
1100360 871.8
1100370 866.8
1100380 860.8
1100390 860.8
1100400 855.7
1100410 854.4
1100420 854.4
1100430 854.1
1100440 855.1
1100450 859.0
1100460 859.0
1100470 861.4
1100480 863.1
1100490 863.1
1100500 862.7
1100510 860.8
1100520 860.8
1100530 858.8
1100540 857.9
1100550 857.9
1100560 865.7
1100570 865.9
1100580 865.9
1100590 868.3
1100600 869.9
1100610 869.9
1100620 870.4
1100630 872.0
1100640 872.0
1100650 874.6
1100660 876.9
1100670 881.2
1100680 881.2
1100690 887.1
1100700 888.6
1100710 888.6
1100720 888.5
1100730 890.2
1100740 890.2
1100750 890.7
1100760 887.7
1100770 887.7
1100780 884.3
1100790 881.4
1100800 881.4
1100810 878.5
1100820 875.6
1100830 875.6
1100840 872.4
1100850 868.7
1100860 868.7
1100870 865.3
1100880 861.9
1100890 860.0
1100900 860.0
1100910 855.9
1100920 853.7
1100930 853.7
1100940 851.2
1100950 848.4
1100960 848.4
1100970 844.5
1100980 840.8
1100990 840.8
1101000 837.4
1101010 833.7
1101020 833.7
1101030 829.3
1101040 823.6
1101050 823.6
1101060 817.4
1101070 809.5
1101080 809.5
1101090 802.1
1101100 794.2
1101110 787.5
1101120 787.5
1101130 782.8
1101140 779.9
1101150 779.9
1101160 776.9
1101170 775.9
1101180 775.9
1101190 774.4
1101200 773.9
1101210 773.9
1101220 771.6
1101230 769.8
1101240 769.8
1101250 769.3
1101260 768.5
1101270 768.5
1101280 767.4
1101290 766.2
1101300 766.2
1101310 764.9
1101320 764.0
1101330 764.0
1101340 763.3
1101350 762.2
1101360 760.7
1101370 760.7
1101380 759.0
1101390 757.0
1101400 757.0
1101410 755.3
1101420 754.8
1101430 754.8
1101440 754.4
1101450 753.8
1101460 753.8
1101470 753.1
1101480 752.1
1101490 752.1
1101500 751.0
1101510 750.0
1101520 750.0
1101530 748.8
1101540 747.6
1101550 746.9
1101560 746.2
1101570 745.4
1101580 744.4
1101590 744.4
1101600 743.3
1101610 742.4
1101620 742.4
1101630 741.4
1101640 740.4
1101650 740.4
1101660 739.3
1101670 738.4
1101680 738.4
1101690 737.3
1101700 736.3
1101710 736.3
1101720 735.2
1101730 733.8
1101740 733.8
1101750 732.7
1101760 731.9
1101770 731.9
1101780 730.7
1101790 729.7
1101800 728.5
1101810 728.5
1101820 727.0
1101830 725.4
1101840 725.4
1101850 723.4
1101860 721.6
1101870 721.6
1101880 723.1
1101890 722.5
1101900 722.5
1101910 722.0
1101920 721.6
1101930 721.6
1101940 723.8
1101950 727.3
1101960 727.3
1101970 730.5
1101980 731.9
1101990 731.9
1102000 731.8
1102010 731.6
1102020 732.4
1102030 732.4
1102040 734.4
1102050 737.2
1102060 737.2
1102070 739.9
1102080 741.1
1102090 741.1
1102100 741.1
1102110 739.7
1102120 739.7
1102130 738.0
1102140 738.0
1102150 738.0
1102160 740.3
1102170 742.8
1102180 742.8
1102190 744.4
1102200 743.9
1102210 743.9
1102220 747.5
1102230 745.6
1102240 744.4
1102250 744.4
1102260 745.8
1102270 749.0
1102280 749.0
1102290 753.4
1102300 757.7
1102310 757.7
1102320 758.0
1102330 756.6
1102340 756.6
1102350 755.2
1102360 753.2
1102370 753.2
1102380 748.6
1102390 743.0
1102400 743.0
1102410 737.4
1102420 731.6
1102430 731.6
1102440 726.0
1102450 719.7
1102460 719.7
1102470 713.8
1102480 709.5
1102490 706.9
1102500 706.9
1102510 705.1
1102520 703.7
1102530 703.7
1102540 702.6
1102550 703.6
1102560 703.6
1102570 699.4
1102580 694.3
1102590 694.3
1102600 690.9
1102610 689.1
1102620 689.1
1102630 688.0
1102640 685.2
1102650 685.2
1102660 683.5
1102670 682.4
1102680 682.4
1102690 682.0
1102700 682.1
1102710 682.2
1102720 682.2
1102730 682.7
1102740 682.9
1102750 682.9
1102760 682.9
1102770 682.9
1102780 682.9
1102790 682.7
1102800 682.6
1102810 682.6
1102820 682.7
1102830 682.9
1102840 682.9
1102850 682.7
1102860 682.7
1102870 682.7
1102880 683.7
1102890 683.4
1102900 683.4
1102910 683.1
1102920 683.1
1102930 683.1
1102940 683.1
1102950 683.2
1102960 682.9
1102970 682.9
1102980 681.0
1102990 681.3
1103000 681.3
1103010 681.3
1103020 680.9
1103030 680.9
1103040 681.1
1103050 681.1
1103060 681.1
1103070 681.4
1103080 681.4
1103090 681.4
1103100 680.5
1103110 680.3
1103120 680.3
1103130 679.9
1103140 678.8
1103150 678.5
1103160 678.5
1103170 677.8
1103180 676.7
1103190 676.7
1103200 675.7
1103210 675.8
1103220 675.8
1103230 675.8
1103240 676.4
1103250 676.4
1103260 676.2
1103270 675.8
1103280 675.8
1103290 675.4
1103300 675.1
1103310 675.1
1103320 674.7
1103330 673.2
1103340 673.2
1103350 671.2
1103360 670.7
1103370 670.7
1103380 670.8
1103390 671.0
1103400 670.9
1103410 670.9
1103420 671.0
1103430 671.0
1103440 671.0
1103450 670.9
1103460 670.8
1103470 670.8
1103480 670.6
1103490 669.2
1103500 669.2
1103510 668.7
1103520 669.4
1103530 669.4
1103540 671.4
1103550 672.8
1103560 672.8
1103570 673.2
1103580 673.5
1103590 673.5
1103600 673.9
1103610 674.2
1103620 674.2
1103630 674.2
1103640 673.9
1103650 673.7
1103660 673.7
1103670 673.6
1103680 673.2
1103690 673.2
1103700 673.2
1103710 673.2
1103720 673.2
1103730 673.3
1103740 673.7
1103750 673.7
1103760 674.4
1103770 674.5
1103780 674.5
1103790 674.6
1103800 674.6
1103810 674.6
1103820 674.7
1103830 674.7
1103840 674.0
1103850 674.0
1103860 673.7
1103870 673.7
1103880 673.8
1103890 673.9
1103900 673.9
1103910 673.9
1103920 673.8
1103930 673.7
1103940 673.7
1103950 673.6
1103960 675.2
1103970 675.2
1103980 675.9
1103990 676.1
1104000 676.1
1104010 676.3
1104020 676.4
1104030 676.4
1104040 676.5
1104050 676.5
1104060 676.6
1104070 676.6
1104080 676.9
1104090 677.3
1104100 677.3
1104110 677.4
1104120 677.4
1104130 677.4
1104140 677.6
1104150 677.5
1104160 677.5
1104170 677.5
1104180 677.8
1104190 677.8
1104200 677.9
1104210 678.1
1104220 678.1
1104230 678.1
1104240 678.1
1104250 678.1
1104260 678.3
1104270 678.4
1104280 678.5
1104290 678.5
1104300 678.8
1104310 678.9
1104320 678.9
1104330 679.0
1104340 679.1
1104350 679.1
1104360 679.0
1104370 678.9
1104380 678.9
1104390 678.9
1104400 679.3
1104410 679.3
1104420 679.4
1104430 679.3
1104440 679.3
1104450 679.5
1104460 679.7
1104470 679.7
1104480 679.9
1104490 679.9
1104500 679.9
1104510 679.8
1104520 679.7
1104530 679.7
1104540 679.7
1104550 679.9
1104560 679.9
1104570 679.9
1104580 679.5
1104590 679.6
1104600 679.6
1104610 679.8
1104620 680.0
1104630 680.0
1104640 680.1
1104650 680.2
1104660 680.2
1104670 680.2
1104680 680.4
1104690 680.4
1104700 681.0
1104710 681.4
1104720 681.4
1104730 681.5
1104740 681.7
1104750 681.8
1104760 681.8
1104770 682.0
1104780 682.1
1104790 682.1
1104800 682.2
1104810 682.4
1104820 682.4
1104830 682.9
1104840 683.2
1104850 683.2
1104860 683.0
1104870 683.0
1104880 683.0
1104890 683.5
1104900 683.6
1104910 683.6
1104920 684.8
1104930 685.4
1104940 685.4
1104950 685.5
1104960 685.5
1104970 685.6
1104980 685.6
1104990 685.8
1105000 687.1
1105010 687.1
1105020 691.4
1105030 699.1
1105040 699.1
1105050 704.9
1105060 708.3
1105070 708.3
1105080 713.3
1105090 718.5
1105100 718.5
1105110 719.1
1105120 721.6
1105130 721.6
1105140 724.0
1105150 728.1
1105160 728.1
1105170 735.7
1105180 743.6
1105190 750.4
1105200 750.4
1105210 752.6
1105220 758.9
1105230 758.9
1105240 765.3
1105250 771.1
1105260 771.1
1105270 776.1
1105280 781.0
1105290 781.0
1105300 786.8
1105310 792.8
1105320 792.8
1105330 798.1
1105340 803.2
1105350 803.2
1105360 807.4
1105370 810.5
1105380 810.5
1105390 815.3
1105400 820.2
1105410 823.7
1105420 823.7
1105430 826.6
1105440 830.7
1105450 830.7
1105460 835.1
1105470 839.5
1105480 839.5
1105490 845.2
1105500 850.7
1105510 850.7
1105520 855.0
1105530 860.6
1105540 860.6
1105550 858.2
1105560 862.1
1105570 862.1
1105580 866.3
1105590 873.5
1105600 873.5
1105610 877.5
1105620 880.3
1105630 882.8
1105640 882.8
1105650 886.2
1105660 891.2
1105670 891.2
1105680 895.0
1105690 899.0
1105700 899.0
1105710 904.3
1105720 911.5
1105730 911.5
1105740 919.2
1105750 926.4
1105760 926.4
1105770 934.7
1105780 939.9
1105790 939.9
1105800 941.0
1105810 946.8
1105820 946.8
1105830 955.3
1105840 963.7
1105850 963.7
1105860 970.2
1105870 971.4
1105880 969.6
1105890 969.6
1105900 970.5
1105910 972.6
1105920 972.6
1105930 974.6
1105940 977.1
1105950 977.1
1105960 981.9
1105970 987.9
1105980 987.9
1105990 992.2
1106000 995.6
1106010 995.6
1106020 999.4
1106030 1004.3
1106040 1004.3
1106050 1009.7
1106060 1014.7
1106070 1014.7
1106080 1019.0
1106090 1024.1
1106100 1028.2
1106110 1028.2
1106120 1032.3
1106130 1036.9
1106140 1036.9
1106150 1040.6
1106160 1044.0
1106170 1044.0
1106180 1047.1
1106190 1049.9
1106200 1049.9
1106210 1054.0
1106220 1054.2
1106230 1054.2
1106240 1059.7
1106250 1064.2
1106260 1064.2
1106270 1068.5
1106280 1072.4
1106290 1072.4
1106300 1074.9
1106310 1078.2
1106320 1081.9
1106330 1081.9
1106340 1084.5
1106350 1087.0
1106360 1087.0
1106370 1089.5
1106380 1092.1
1106390 1092.1
1106400 1094.7
1106410 1098.6
1106420 1098.6
1106430 1101.7
1106440 1105.7
1106450 1105.7
1106460 1106.4
1106470 1107.4
1106480 1107.4
1106490 1109.6
1106500 1104.7
1106510 1104.7
1106520 1108.9
1106530 1114.7
1106540 1117.1
1106550 1113.3
1106560 1117.9
1106570 1122.1
1106580 1122.1
1106590 1127.2
1106600 1133.5
1106610 1133.5
1106620 1138.7
1106630 1141.9
1106640 1141.9
1106650 1148.3
1106660 1154.7
1106670 1154.7
1106680 1159.0
1106690 1164.3
1106700 1164.3
1106710 1171.0
1106720 1179.0
1106730 1179.0
1106740 1188.0
1106750 1195.7
1106760 1199.6
1106770 1199.6
1106780 1200.5
1106790 1205.0
1106800 1205.0
1106810 1211.0
1106820 1216.3
1106830 1216.3
1106840 1223.1
1106850 1227.6
1106860 1227.6
1106870 1232.3
1106880 1237.2
1106890 1234.5
1106900 1241.8
1106910 1246.7
1106920 1246.7
1106930 1250.3
1106940 1253.5
1106950 1253.5
1106960 1257.5
1106970 1262.3
1106980 1262.3
1106990 1266.9
1107000 1273.4
1107010 1280.8
1107020 1280.8
1107030 1288.9
1107040 1296.6
1107050 1296.6
1107060 1304.1
1107070 1311.6
1107080 1311.6
1107090 1318.6
1107100 1324.1
1107110 1324.1
1107120 1330.1
1107130 1335.6
1107140 1335.6
1107150 1341.1
1107160 1346.1
1107170 1346.1
1107180 1351.9
1107190 1357.0
1107200 1357.0
1107210 1362.1
1107220 1366.1
1107230 1370.9
1107240 1370.9
1107250 1375.8
1107260 1381.0
1107270 1381.0
1107280 1386.2
1107290 1391.1
1107300 1391.1
1107310 1395.5
1107320 1399.0
1107330 1399.0
1107340 1402.0
1107350 1405.0
1107360 1405.0
1107370 1407.7
1107380 1409.5
1107390 1409.5
1107400 1410.6
1107410 1411.1
1107420 1411.1
1107430 1412.2
1107440 1413.1
1107450 1414.1
1107460 1414.1
1107470 1416.4
1107480 1419.1
1107490 1419.1
1107500 1421.3
1107510 1424.0
1107520 1424.0
1107530 1426.1
1107540 1427.6
1107550 1427.6
1107560 1427.6
1107570 1429.5
1107580 1429.5
1107590 1432.6
1107600 1436.6
1107610 1436.6
1107620 1440.0
1107630 1442.6
1107640 1442.6
1107650 1444.1
1107660 1445.3
1107670 1448.7
1107680 1448.7
1107690 1453.1
1107700 1457.4
1107710 1457.4
1107720 1462.3
1107730 1467.0
1107740 1467.0
1107750 1471.6
1107760 1476.9
1107770 1476.9
1107780 1481.8
1107790 1486.8
1107800 1486.8
1107810 1492.4
1107820 1497.4
1107830 1497.4
1107840 1501.5
1107850 1505.0
1107860 1505.0
1107870 1507.3
1107880 1509.8
1107890 1513.5
1107900 1510.8
1107910 1515.0
1107920 1518.9
1107930 1518.9
1107940 1522.0
1107950 1526.1
1107960 1526.1
1107970 1530.2
1107980 1534.2
1107990 1534.2
1108000 1540.6
1108010 1547.2
1108020 1547.2
1108030 1552.9
1108040 1558.5
1108050 1558.5
1108060 1563.7
1108070 1568.7
1108080 1568.7
1108090 1574.3
1108100 1578.3
1108110 1578.3
1108120 1578.4
1108130 1576.9
1108140 1574.6
1108150 1574.6
1108160 1572.2
1108170 1571.9
1108180 1571.9
1108190 1571.4
1108200 1568.2
1108210 1568.2
1108220 1566.6
1108230 1559.4
1108240 1559.4
1108250 1559.6
1108260 1561.3
1108270 1561.3
1108280 1564.7
1108290 1570.3
1108300 1570.3
1108310 1577.9
1108320 1586.7
1108330 1586.7
1108340 1593.9
1108350 1598.3
1108360 1600.1
1108370 1600.1
1108380 1600.6
1108390 1603.4
1108400 1603.4
1108410 1607.3
1108420 1610.4
1108430 1610.4
1108440 1615.2
1108450 1621.5
1108460 1621.5
1108470 1628.3
1108480 1635.6
1108490 1635.6
1108500 1641.7
1108510 1645.5
1108520 1645.5
1108530 1652.3
1108540 1659.4
1108550 1659.4
1108560 1662.7
1108570 1666.9
1108580 1672.2
1108590 1672.2
1108600 1677.3
1108610 1682.8
1108620 1682.8
1108630 1688.3
1108640 1693.3
1108650 1693.3
1108660 1697.0
1108670 1700.5
1108680 1700.5
1108690 1704.2
1108700 1708.1
1108710 1708.1
1108720 1712.1
1108730 1716.4
1108740 1716.4
1108750 1720.5
1108760 1723.8
1108770 1723.8
1108780 1727.2
1108790 1730.0
1108800 1733.1
1108810 1733.1
1108820 1736.5
1108830 1739.9
1108840 1739.9
1108850 1743.7
1108860 1748.7
1108870 1748.7
1108880 1753.2
1108890 1757.8
1108900 1757.8
1108910 1762.8
1108920 1768.3
1108930 1768.3
1108940 1774.1
1108950 1779.8
1108960 1779.8
1108970 1785.1
1108980 1789.8
1108990 1789.8
1109000 1794.8
1109010 1799.9
1109020 1805.1
1109030 1805.1
1109040 1809.8
1109050 1814.5
1109060 1814.5
1109070 1819.0
1109080 1823.8
1109090 1823.8
1109100 1827.6
1109110 1831.3
1109120 1831.3
1109130 1835.2
1109140 1840.2
1109150 1840.2
1109160 1844.9
1109170 1850.7
1109180 1850.7
1109190 1856.4
1109200 1861.8
1109210 1861.8
1109220 1867.9
1109230 1873.9
1109240 1873.9
1109250 1878.5
1109260 1882.4
1109270 1886.9
1109280 1886.9
1109290 1890.5
1109300 1895.5
1109310 1895.5
1109320 1901.3
1109330 1907.2
1109340 1907.2
1109350 1912.9
1109360 1917.9
1109370 1917.9
1109380 1924.0
1109390 1929.3
1109400 1929.3
1109410 1936.1
1109420 1942.6
1109430 1942.6
1109440 1946.6
1109450 1950.1
1109460 1950.1
1109470 1954.1
1109480 1957.5
1109490 1959.9
1109500 1959.9
1109510 1960.4
1109520 1958.9
1109530 1958.9
1109540 1957.8
1109550 1956.7
1109560 1956.7
1109570 1956.9
1109580 1966.4
1109590 1966.4
1109600 1968.1
1109610 1967.6
1109620 1967.6
1109630 1970.1
1109640 1971.6
1109650 1971.6
1109660 1972.3
1109670 1973.5
1109680 1973.5
1109690 1974.1
1109700 1975.2
1109710 1974.3
1109720 1974.3
1109730 1975.5
1109740 1977.6
1109750 1977.6
1109760 1979.4
1109770 1982.7
1109780 1982.7
1109790 1986.1
1109800 1988.7
1109810 1988.7
1109820 1991.2
1109830 1994.6
1109840 1994.6
1109850 1996.9
1109860 2002.2
1109870 2002.2
1109880 2005.5
1109890 2009.6
1109900 2009.6
1109910 2014.4
1109920 2026.3
1109930 2030.6
1109940 2030.6
1109950 2034.6
1109960 2036.6
1109970 2036.6
1109980 2036.9
1109990 2030.9
1110000 2030.9
1110010 2029.3
1110020 2030.6
1110030 2030.6
1110040 2030.2
1110050 2029.3
1110060 2029.3
1110070 2028.8
1110080 2028.8
1110090 2028.8
1110100 2031.3
1110110 2035.4
1110120 2035.4
1110130 2034.6
1110140 2033.3
1110150 2031.9
1110160 2031.9
1110170 2032.8
1110180 2033.1
1110190 2033.1
1110200 2033.6
1110210 2034.9
1110220 2034.9
1110230 2036.8
1110240 2039.4
1110250 2039.4
1110260 2045.3
1110270 2054.2
1110280 2054.2
1110290 2067.8
1110300 2071.8
1110310 2071.8
1110320 2075.7
1110330 2078.8
1110340 2078.8
1110350 2080.3
1110360 2080.8
1110370 2080.8
1110380 2081.0
1110390 2081.4
1110400 2080.6
1110410 2080.6
1110420 2078.5
1110430 2077.6
1110440 2077.6
1110450 2079.4
1110460 2082.4
1110470 2082.4
1110480 2084.9
1110490 2087.3
1110500 2087.3
1110510 2088.2
1110520 2088.7
1110530 2088.7
1110540 2089.1
1110550 2090.5
1110560 2090.5
1110570 2096.3
1110580 2101.6
1110590 2101.6
1110600 2115.4
1110610 2113.8
1110620 2110.7
1110630 2110.7
1110640 2105.8
1110650 2100.5
1110660 2100.5
1110670 2095.7
1110680 2088.9
1110690 2088.9
1110700 2077.7
1110710 2069.6
1110720 2069.6
1110730 2057.6
1110740 2037.8
1110750 2037.8
1110760 2020.9
1110770 2010.8
1110780 2010.8
1110790 2005.4
1110800 2000.8
1110810 2000.8
1110820 1996.2
1110830 1989.2
1110840 1974.1
1110850 1974.1
1110860 1963.1
1110870 1956.6
1110880 1956.6
1110890 1952.4
1110900 1944.7
1110910 1944.7
1110920 1934.6
1110930 1930.1
1110940 1938.7
1110950 1935.0
1110960 1929.6
1110970 1929.6
1110980 1923.4
1110990 1917.2
1111000 1917.2
1111010 1911.2
1111020 1905.3
1111030 1905.3
1111040 1899.5
1111050 1894.2
1111060 1889.2
1111070 1889.2
1111080 1884.4
1111090 1878.9
1111100 1878.9
1111110 1873.7
1111120 1868.7
1111130 1868.7
1111140 1864.0
1111150 1860.4
1111160 1860.4
1111170 1857.1
1111180 1853.7
1111190 1853.7
1111200 1850.8
1111210 1848.3
1111220 1848.3
1111230 1846.2
1111240 1844.4
1111250 1844.4
1111260 1842.2
1111270 1840.1
1111280 1838.2
1111290 1838.2
1111300 1836.8
1111310 1834.9
1111320 1834.9
1111330 1832.5
1111340 1831.6
1111350 1831.6
1111360 1831.9
1111370 1829.8
1111380 1829.8
1111390 1826.1
1111400 1822.8
1111410 1822.8
1111420 1819.8
1111430 1817.5
1111440 1817.5
1111450 1815.9
1111460 1812.2
1111470 1812.2
1111480 1811.4
1111490 1811.0
1111500 1810.5
1111510 1810.5
1111520 1809.3
1111530 1808.8
1111540 1808.8
1111550 1809.5
1111560 1809.9
1111570 1809.9
1111580 1809.9
1111590 1809.9
1111600 1809.9
1111610 1810.0
1111620 1814.7
1111630 1814.7
1111640 1816.1
1111650 1817.4
1111660 1817.4
1111670 1819.4
1111680 1821.5
1111690 1821.5
1111700 1823.3
1111710 1825.3
1111720 1825.3
1111730 1828.0
1111740 1829.5
1111750 1829.6
1111760 1829.6
1111770 1830.9
1111780 1836.1
1111790 1836.1
1111800 1839.0
1111810 1840.1
1111820 1840.1
1111830 1841.6
1111840 1844.3
1111850 1844.3
1111860 1847.0
1111870 1849.9
1111880 1849.9
1111890 1853.1
1111900 1856.3
1111910 1856.3
1111920 1859.4
1111930 1862.5
1111940 1862.5
1111950 1865.7
1111960 1874.2
1111970 1877.0
1111980 1877.0
1111990 1879.5
1112000 1881.3
1112010 1881.3
1112020 1883.1
1112030 1885.4
1112040 1885.4
1112050 1888.4
1112060 1891.2
1112070 1891.2
1112080 1894.2
1112090 1897.4
1112100 1897.4
1112110 1901.7
1112120 1906.0
1112130 1906.0
1112140 1910.8
1112150 1916.0
1112160 1916.0
1112170 1921.5
1112180 1927.4
1112190 1933.2
1112200 1933.2
1112210 1939.1
1112220 1944.7
1112230 1944.7
1112240 1949.6
1112250 1954.4
1112260 1954.4
1112270 1959.2
1112280 1962.7
1112290 1962.7
1112300 1972.8
1112310 1975.8
1112320 1975.8
1112330 1981.4
1112340 1988.5
1112350 1988.5
1112360 1992.9
1112370 1995.6
1112380 1995.6
1112390 1998.0
1112400 2000.9
1112410 2005.9
1112420 2005.9
1112430 2013.0
1112440 2020.6
1112450 2020.6
1112460 2026.4
1112470 2031.6
1112480 2031.6
1112490 2037.3
1112500 2041.9
1112510 2041.9
1112520 2047.4
1112530 2052.8
1112540 2052.8
1112550 2059.7
1112560 2065.8
1112570 2065.8
1112580 2070.6
1112590 2076.1
1112600 2076.1
1112610 2081.7
1112620 2087.0
1112630 2091.1
1112640 2097.4
1112650 2101.6
1112660 2107.4
1112670 2107.4
1112680 2114.8
1112690 2123.4
1112700 2123.4
1112710 2133.3
1112720 2141.0
1112730 2141.0
1112740 2148.8
1112750 2155.5
1112760 2155.5
1112770 2161.5
1112780 2167.8
1112790 2167.8
1112800 2175.2
1112810 2182.3
1112820 2182.3
1112830 2187.1
1112840 2186.6
1112850 2186.6
1112860 2187.5
1112870 2189.1
1112880 2190.7
1112890 2190.7
1112900 2191.0
1112910 2192.6
1112920 2192.6
1112930 2195.8
1112940 2200.0
1112950 2200.0
1112960 2203.7
1112970 2207.3
1112980 2211.0
1112990 2215.4
1113000 2220.9
1113010 2220.9
1113020 2227.0
1113030 2236.1
1113040 2236.1
1113050 2250.4
1113060 2262.3
1113070 2262.3
1113080 2268.1
1113090 2269.5
1113100 2264.6
1113110 2264.6
1113120 2254.7
1113130 2245.7
1113140 2245.7
1113150 2238.2
1113160 2234.1
1113170 2234.1
1113180 2228.8
1113190 2223.7
1113200 2223.7
1113210 2224.0
1113220 2222.2
1113230 2222.2
1113240 2218.5
1113250 2217.6
1113260 2217.6
1113270 2214.3
1113280 2213.7
1113290 2213.7
1113300 2218.4
1113310 2219.4
1113320 2217.9
1113330 2230.1
1113340 2232.9
1113350 2233.3
1113360 2233.3
1113370 2232.4
1113380 2229.4
1113390 2229.4
1113400 2227.2
1113410 2226.5
1113420 2226.5
1113430 2225.0
1113440 2226.0
1113450 2226.0
1113460 2226.0
1113470 2221.6
1113480 2221.6
1113490 2217.0
1113500 2207.5
1113510 2207.5
1113520 2198.7
1113530 2191.3
1113540 2183.6
1113550 2183.6
1113560 2174.9
1113570 2166.8
1113580 2166.8
1113590 2158.3
1113600 2150.5
1113610 2150.5
1113620 2139.4
1113630 2129.4
1113640 2129.4
1113650 2120.6
1113660 2109.5
1113670 2107.9
1113680 2097.8
1113690 2089.3
1113700 2089.3
1113710 2081.6
1113720 2073.8
1113730 2073.8
1113740 2066.9
1113750 2060.4
1113760 2050.1
1113770 2050.1
1113780 2041.5
1113790 2034.1
1113800 2034.1
1113810 2026.7
1113820 2019.6
1113830 2019.6
1113840 2011.9
1113850 2004.2
1113860 2004.2
1113870 1995.2
1113880 1985.7
1113890 1985.7
1113900 1979.6
1113910 1974.5
1113920 1974.5
1113930 1966.7
1113940 1952.7
1113950 1952.7
1113960 1945.6
1113970 1939.3
1113980 1939.3
1113990 1930.3
1114000 1921.3
1114010 1913.1
1114020 1913.1
1114030 1908.0
1114040 1905.0
1114050 1905.0
1114060 1901.7
1114070 1895.9
1114080 1895.9
1114090 1889.5
1114100 1884.7
1114110 1884.7
1114120 1880.5
1114130 1877.0
1114140 1877.0
1114150 1872.1
1114160 1867.9
1114170 1867.9
1114180 1863.9
1114190 1858.4
1114200 1858.4
1114210 1853.0
1114220 1848.0
1114230 1843.7
1114240 1843.7
1114250 1841.0
1114260 1839.4
1114270 1839.4
1114280 1835.7
1114290 1830.0
1114300 1830.0
1114310 1823.8
1114320 1816.9
1114330 1816.9
1114340 1810.1
1114350 1802.8
1114360 1802.8
1114370 1797.7
1114380 1793.6
1114390 1793.6
1114400 1790.1
1114410 1785.7
1114420 1785.7
1114430 1781.6
1114440 1778.1
1114450 1775.3
1114460 1775.3
1114470 1771.5
1114480 1768.2
1114490 1768.2
1114500 1763.6
1114510 1759.4
1114520 1759.4
1114530 1756.4
1114540 1751.0
1114550 1751.0
1114560 1738.1
1114570 1725.9
1114580 1725.9
1114590 1706.2
1114600 1694.4
1114610 1694.4
1114620 1687.1
1114630 1681.2
1114640 1681.2
1114650 1676.6
1114660 1669.3
1114670 1660.8
1114680 1660.8
1114690 1649.5
1114700 1643.8
1114710 1643.8
1114720 1636.4
1114730 1628.4
1114740 1628.4
1114750 1619.0
1114760 1610.0
1114770 1610.0
1114780 1602.0
1114790 1594.0
1114800 1594.0
1114810 1583.5
1114820 1575.3
1114830 1575.3
1114840 1567.3
1114850 1559.2
1114860 1559.2
1114870 1551.2
1114880 1543.2
1114890 1536.2
1114900 1536.2
1114910 1529.6
1114920 1523.3
1114930 1523.3
1114940 1517.1
1114950 1511.2
1114960 1511.2
1114970 1505.1
1114980 1498.9
1114990 1498.9
1115000 1492.7
1115010 1484.5
1115020 1484.5
1115030 1477.9
1115040 1471.0
1115050 1471.0
1115060 1464.2
1115070 1458.1
1115080 1458.1
1115090 1452.9
1115100 1448.1
1115110 1448.1
1115120 1444.4
1115130 1440.8
1115140 1437.4
1115150 1437.4
1115160 1431.7
1115170 1425.8
1115180 1425.8
1115190 1418.4
1115200 1411.9
1115210 1411.9
1115220 1403.6
1115230 1395.0
1115240 1395.0
1115250 1389.2
1115260 1382.2
1115270 1382.2
1115280 1374.9
1115290 1366.6
1115300 1366.6
1115310 1359.6
1115320 1353.2
1115330 1353.2
1115340 1343.3
1115350 1335.3
1115360 1327.1
1115370 1327.1
1115380 1317.4
1115390 1309.0
1115400 1309.0
1115410 1302.1
1115420 1296.5
1115430 1296.5
1115440 1289.4
1115450 1282.4
1115460 1282.4
1115470 1275.5
1115480 1266.8
1115490 1266.8
1115500 1258.7
1115510 1250.5
1115520 1250.5
1115530 1243.0
1115540 1237.0
1115550 1237.0
1115560 1231.4
1115570 1224.9
1115580 1217.0
1115590 1217.0
1115600 1208.1
1115610 1200.0
1115620 1200.0
1115630 1192.5
1115640 1184.7
1115650 1184.7
1115660 1177.5
1115670 1170.0
1115680 1170.0
1115690 1161.1
1115700 1151.9
1115710 1151.9
1115720 1142.6
1115730 1136.7
1115740 1136.7
1115750 1134.8
1115760 1131.0
1115770 1131.0
1115780 1127.4
1115790 1125.6
1115800 1123.4
1115810 1123.4
1115820 1123.7
1115830 1124.1
1115840 1124.1
1115850 1125.3
1115860 1126.8
1115870 1126.8
1115880 1127.6
1115890 1130.5
1115900 1130.5
1115910 1136.0
1115920 1142.4
1115930 1142.4
1115940 1147.5
1115950 1150.2
1115960 1150.2
1115970 1153.7
1115980 1156.4
1115990 1156.4
1116000 1163.0
1116010 1170.8
1116020 1177.8
1116030 1177.8
1116040 1183.1
1116050 1186.4
1116060 1186.4
1116070 1191.5
1116080 1195.2
1116090 1195.2
1116100 1198.2
1116110 1202.1
1116120 1202.1
1116130 1204.6
1116140 1207.2
1116150 1207.2
1116160 1211.5
1116170 1215.7
1116180 1215.7
1116190 1219.9
1116200 1224.3
1116210 1224.3
1116220 1228.9
1116230 1233.1
1116240 1237.8
1116250 1237.8
1116260 1242.7
1116270 1247.5
1116280 1247.5
1116290 1252.4
1116300 1257.3
1116310 1257.3
1116320 1262.5
1116330 1267.8
1116340 1267.8
1116350 1273.0
1116360 1278.6
1116370 1278.6
1116380 1284.8
1116390 1289.2
1116400 1289.2
1116410 1297.4
1116420 1303.1
1116430 1303.1
1116440 1309.0
1116450 1315.1
1116460 1315.1
1116470 1321.5
1116480 1327.6
1116490 1333.9
1116500 1333.9
1116510 1340.3
1116520 1346.6
1116530 1346.6
1116540 1353.1
1116550 1359.2
1116560 1359.2
1116570 1365.1
1116580 1370.7
1116590 1370.7
1116600 1379.0
1116610 1388.9
1116620 1388.9
1116630 1400.4
1116640 1410.8
1116650 1410.8
1116660 1419.4
1116670 1427.5
1116680 1427.5
1116690 1436.5
1116700 1443.6
1116710 1449.7
1116720 1449.7
1116730 1457.9
1116740 1465.6
1116750 1465.6
1116760 1472.9
1116770 1482.5
1116780 1482.5
1116790 1490.4
1116800 1497.8
1116810 1497.8
1116820 1506.2
1116830 1514.5
1116840 1514.5
1116850 1522.5
1116860 1530.7
1116870 1530.7
1116880 1538.9
1116890 1548.8
1116900 1548.8
1116910 1559.9
1116920 1570.4
1116930 1578.3
1116940 1578.3
1116950 1583.3
1116960 1590.3
1116970 1590.3
1116980 1598.5
1116990 1607.3
1117000 1607.3
1117010 1623.0
1117020 1635.9
1117030 1635.9
1117040 1646.7
1117050 1653.7
1117060 1653.7
1117070 1658.9
1117080 1661.5
1117090 1661.5
1117100 1671.0
1117110 1671.0
1117120 1671.0
1117130 1668.1
1117140 1668.0
1117150 1668.9
1117160 1668.9
1117170 1669.0
1117180 1670.4
1117190 1670.4
1117200 1678.5
1117210 1686.9
1117220 1686.9
1117230 1696.7
1117240 1704.8
1117250 1704.8
1117260 1710.5
1117270 1719.8
1117280 1719.8
1117290 1726.4
1117300 1733.8
1117310 1733.8
1117320 1741.0
1117330 1750.0
1117340 1750.0
1117350 1758.7
1117360 1768.6
1117370 1779.4
1117380 1779.4
1117390 1793.8
1117400 1808.3
1117410 1808.3
1117420 1821.2
1117430 1834.7
1117440 1834.7
1117450 1861.6
1117460 1865.1
1117470 1865.1
1117480 1873.5
1117490 1885.5
1117500 1885.5
1117510 1897.4
1117520 1912.5
1117530 1912.5
1117540 1922.0
1117550 1926.9
1117560 1926.9
1117570 1927.0
1117580 1926.1
1117590 1926.1
1117600 1924.7
1117610 1923.7
1117620 1924.6
1117630 1924.6
1117640 1924.9
1117650 1925.2
1117660 1925.2
1117670 1925.5
1117680 1927.8
1117690 1927.8
1117700 1932.3
1117710 1936.3
1117720 1936.3
1117730 1938.5
1117740 1939.8
1117750 1939.8
1117760 1940.6
1117770 1940.3
1117780 1940.3
1117790 1942.9
1117800 1942.9
1117810 1942.9
1117820 1943.9
1117830 1944.4
1117840 1944.6
1117850 1944.6
1117860 1944.6
1117870 1944.6
1117880 1944.6
1117890 1945.6
1117900 1947.7
1117910 1947.7
1117920 1949.2
1117930 1951.2
1117940 1951.2
1117950 1953.0
1117960 1954.0
1117970 1954.0
1117980 1954.9
1117990 1957.5
1118000 1957.5
1118010 1959.8
1118020 1961.8
1118030 1961.8
1118040 1963.9
1118050 1965.8
1118060 1967.6
1118070 1967.6
1118080 1969.2
1118090 1970.5
1118100 1970.5
1118110 1971.4
1118120 1973.3
1118130 1973.3
1118140 1980.4
1118150 1985.8
1118160 1985.8
1118170 1990.0
1118180 1992.3
1118190 1992.3
1118200 1994.1
1118210 1994.9
1118220 1994.9
1118230 1997.1
1118240 1998.9
1118250 1998.9
1118260 2000.1
1118270 2002.2
1118280 2005.2
1118290 2005.2
1118300 2008.4
1118310 2014.1
1118320 2014.1
1118330 2020.4
1118340 2030.1
1118350 2030.1
1118360 2039.1
1118370 2043.9
1118380 2043.9
1118390 2048.0
1118400 2050.9
1118410 2050.9
1118420 2054.6
1118430 2059.1
1118440 2059.1
1118450 2065.0
1118460 2071.9
1118470 2071.9
1118480 2077.6
1118490 2081.6
1118500 2084.3
1118510 2084.3
1118520 2085.7
1118530 2088.4
1118540 2088.4
1118550 2090.4
1118560 2089.3
1118570 2089.3
1118580 2087.3
1118590 2084.2
1118600 2084.2
1118610 2083.0
1118620 2083.8
1118630 2083.8
1118640 2085.7
1118650 2088.6
1118660 2088.6
1118670 2092.5
1118680 2096.6
1118690 2096.6
1118700 2100.9
1118710 2106.2
1118720 2113.7
1118730 2113.7
1118740 2118.9
1118750 2122.5
1118760 2122.5
1118770 2126.7
1118780 2132.4
1118790 2132.4
1118800 2138.1
1118810 2143.6
1118820 2143.6
1118830 2153.5
1118840 2160.8
1118850 2160.8
1118860 2169.2
1118870 2179.7
1118880 2179.7
1118890 2189.1
1118900 2200.9
1118910 2200.9
1118920 2209.9
1118930 2220.4
1118940 2220.4
1118950 2230.9
1118960 2238.5
1118970 2241.1
1118980 2241.1
1118990 2244.5
1119000 2246.9
1119010 2246.9
1119020 2248.0
1119030 2249.6
1119040 2249.6
1119050 2251.4
1119060 2254.7
1119070 2254.7
1119080 2259.7
1119090 2263.5
1119100 2263.5
1119110 2266.9
1119120 2270.4
1119130 2270.4
1119140 2273.3
1119150 2278.1
1119160 2278.1
1119170 2283.4
1119180 2292.0
1119190 2297.2
1119200 2297.2
1119210 2302.1
1119220 2312.8
1119230 2312.8
1119240 2326.2
1119250 2332.0
1119260 2332.0
1119270 2344.7
1119280 2355.9
1119290 2355.9
1119300 2363.5
1119310 2376.0
1119320 2376.0
1119330 2382.9
1119340 2379.3
1119350 2379.3
1119360 2372.1
1119370 2361.0
1119380 2361.0
1119390 2356.5
1119400 2354.7
1119410 2354.8
1119420 2354.8
1119430 2356.6
1119440 2359.6
1119450 2359.6
1119460 2363.3
1119470 2369.4
1119480 2369.4
1119490 2377.3
1119500 2388.3
1119510 2388.3
1119520 2400.4
1119530 2409.7
1119540 2409.7
1119550 2419.9
1119560 2432.2
1119570 2432.2
1119580 2433.7
1119590 2424.3
1119600 2424.3
1119610 2418.1
1119620 2411.1
1119630 2397.8
1119640 2397.8
1119650 2379.7
1119660 2366.4
1119670 2366.4
1119680 2354.0
1119690 2341.2
1119700 2341.2
1119710 2330.7
1119720 2319.7
1119730 2319.7
1119740 2314.1
1119750 2308.6
1119760 2308.6
1119770 2303.3
1119780 2298.0
1119790 2298.0
1119800 2292.3
1119810 2287.7
1119820 2287.7
1119830 2283.0
1119840 2277.4
1119850 2273.0
1119860 2273.0
1119870 2265.4
1119880 2262.1
1119890 2262.1
1119900 2260.4
1119910 2260.5
1119920 2260.5
1119930 2261.0
1119940 2257.8
1119950 2257.8
1119960 2252.4
1119970 2250.6
1119980 2250.6
1119990 2251.5
