1100000 773.9
1100010 774.8
1100020 774.4
1100030 773.9
1100040 773.9
1100050 773.2
1100060 771.9
1100070 771.9
1100080 772.0
1100090 773.4
1100100 773.4
1100110 775.7
1100120 779.3
1100130 779.3
1100140 778.9
1100150 774.1
1100160 774.1
1100170 771.9
1100180 771.8
1100190 771.8
1100200 771.4
1100210 771.3
1100220 771.3
1100230 773.3
1100240 775.0
1100250 775.0
1100260 776.0
1100270 775.9
1100280 775.3
1100290 775.3
1100300 775.1
1100310 776.7
1100320 776.7
1100330 776.9
1100340 776.9
1100350 776.9
1100360 776.2
1100370 775.1
1100380 775.1
1100390 774.5
1100400 773.7
1100410 773.7
1100420 772.3
1100430 770.7
1100440 770.7
1100450 769.5
1100460 769.0
1100470 769.0
1100480 768.8
1100490 768.3
1100500 767.6
1100510 767.6
1100520 767.3
1100530 766.4
1100540 766.4
1100550 765.3
1100560 764.0
1100570 764.0
1100580 762.9
1100590 761.7
1100600 761.7
1100610 759.6
1100620 757.1
1100630 757.1
1100640 754.7
1100650 753.1
1100660 753.1
1100670 752.0
1100680 751.0
1100690 751.0
1100700 749.6
1100710 748.7
1100720 747.9
1100730 747.9
1100740 746.8
1100750 745.7
1100760 745.7
1100770 745.5
1100780 745.5
1100790 745.5
1100800 745.4
1100810 745.6
1100820 745.6
1100830 745.2
1100840 745.2
1100850 745.2
1100860 745.1
1100870 743.9
1100880 743.9
1100890 743.6
1100900 744.2
1100910 744.2
1100920 744.9
1100930 744.3
1100940 742.3
1100950 742.3
1100960 741.0
1100970 739.7
1100980 739.7
1100990 737.7
1101000 736.1
1101010 736.1
1101020 734.1
1101030 731.5
1101040 731.5
1101050 728.3
1101060 723.0
1101070 723.0
1101080 716.0
1101090 708.4
1101100 708.4
1101110 702.1
1101120 696.3
1101130 696.3
1101140 692.1
1101150 689.2
1101160 689.2
1101170 687.1
1101180 689.3
1101190 691.3
1101200 691.3
1101210 692.0
1101220 692.3
1101230 692.3
1101240 692.0
1101250 692.7
1101260 692.7
1101270 692.1
1101280 688.4
1101290 688.4
1101300 690.3
1101310 687.6
1101320 687.6
1101330 683.1
1101340 675.1
1101350 675.1
1101360 666.0
1101370 661.2
1101380 661.2
1101390 657.5
1101400 653.6
1101410 652.7
1101420 652.7
1101430 652.2
1101440 651.5
1101450 651.5
1101460 650.9
1101470 651.0
1101480 651.0
1101490 651.4
1101500 653.1
1101510 653.1
1101520 654.2
1101530 654.3
1101540 654.3
1101550 654.0
1101560 653.6
1101570 653.6
1101580 653.5
1101590 653.5
1101600 653.5
1101610 653.6
1101620 653.7
1101630 653.6
1101640 653.6
1101650 653.8
1101660 654.0
1101670 654.0
1101680 654.1
1101690 654.0
1101700 654.0
1101710 654.0
1101720 654.0
1101730 654.0
1101740 654.0
1101750 654.0
1101760 654.0
1101770 654.3
1101780 654.3
1101790 654.3
1101800 654.4
1101810 654.4
1101820 654.4
1101830 654.4
1101840 654.5
1101850 654.6
1101860 654.6
1101870 654.8
1101880 654.9
1101890 654.9
1101900 655.1
1101910 655.3
1101920 655.3
1101930 655.5
1101940 655.7
1101950 655.7
1101960 655.7
1101970 655.7
1101980 655.7
1101990 655.7
1102000 655.6
1102010 655.6
1102020 655.8
1102030 655.9
1102040 655.9
1102050 656.0
1102060 656.3
1102070 656.3
1102080 656.1
1102090 656.3
1102100 656.6
1102110 656.6
1102120 656.8
1102130 656.8
1102140 656.8
1102150 656.8
1102160 656.8
1102170 656.8
1102180 656.7
1102190 656.8
1102200 656.8
1102210 656.8
1102220 656.8
1102230 656.8
1102240 656.9
1102250 656.9
1102260 656.9
1102270 656.8
1102280 656.8
1102290 656.8
1102300 657.2
1102310 657.6
1102320 658.2
1102330 658.2
1102340 658.5
1102350 658.8
1102360 658.8
1102370 659.1
1102380 659.3
1102390 659.3
1102400 659.5
1102410 659.7
1102420 659.7
1102430 659.8
1102440 660.2
1102450 660.2
1102460 660.6
1102470 660.7
1102480 660.7
1102490 660.8
1102500 660.8
1102510 660.8
1102520 660.9
1102530 660.9
1102540 661.2
1102550 661.2
1102560 661.4
1102570 661.4
1102580 661.4
1102590 661.6
1102600 661.7
1102610 661.7
1102620 661.9
1102630 661.9
1102640 661.9
1102650 662.2
1102660 663.2
1102670 663.2
1102680 663.7
1102690 663.5
1102700 663.5
1102710 663.1
1102720 663.2
1102730 663.2
1102740 663.3
1102750 663.2
1102760 663.2
1102770 663.6
1102780 663.7
1102790 664.8
1102800 664.8
1102810 664.9
1102820 665.4
1102830 665.4
1102840 666.0
1102850 666.6
1102860 666.6
1102870 667.0
1102880 667.1
1102890 667.1
1102900 667.1
1102910 667.2
1102920 667.2
1102930 667.1
1102940 667.8
1102950 667.8
1102960 667.7
1102970 667.6
1102980 667.6
1102990 667.5
1103000 667.5
1103010 668.1
1103020 668.1
1103030 669.2
1103040 669.4
1103050 669.4
1103060 670.5
1103070 671.6
1103080 671.6
1103090 673.1
1103100 673.8
1103110 673.8
1103120 674.8
1103130 675.8
1103140 675.8
1103150 675.9
1103160 675.3
1103170 675.3
1103180 675.2
1103190 675.5
1103200 675.5
1103210 678.1
1103220 680.9
1103230 682.8
1103240 682.8
1103250 684.0
1103260 685.2
1103270 685.2
1103280 686.8
1103290 682.8
1103300 682.8
1103310 684.7
1103320 687.0
1103330 687.0
1103340 688.7
1103350 690.1
1103360 690.1
1103370 691.6
1103380 692.9
1103390 692.9
1103400 694.3
1103410 695.7
1103420 695.7
1103430 697.2
1103440 699.1
1103450 700.6
1103460 700.6
1103470 701.5
1103480 702.5
1103490 702.5
1103500 703.3
1103510 703.8
1103520 703.8
1103530 704.3
1103540 705.3
1103550 705.3
1103560 706.2
1103570 706.6
1103580 706.6
1103590 707.6
1103600 709.3
1103610 709.3
1103620 710.2
1103630 705.3
1103640 705.3
1103650 706.4
1103660 706.2
1103670 706.2
1103680 706.6
1103690 707.1
1103700 709.3
1103710 709.3
1103720 710.0
1103730 711.4
1103740 711.4
1103750 712.1
1103760 711.7
1103770 711.7
1103780 712.9
1103790 715.1
1103800 715.1
1103810 716.9
1103820 718.7
1103830 718.7
1103840 721.2
1103850 723.8
1103860 723.8
1103870 725.5
1103880 727.0
1103890 727.0
1103900 729.6
1103910 731.5
1103920 733.0
1103930 733.0
1103940 734.5
1103950 736.4
1103960 733.2
1103970 735.0
1103980 738.9
1103990 738.9
1104000 739.6
1104010 738.9
1104020 738.9
1104030 738.7
1104040 738.6
1104050 738.6
1104060 738.2
1104070 737.1
1104080 737.1
1104090 736.7
1104100 737.3
1104110 737.3
1104120 737.4
1104130 736.7
1104140 734.2
1104150 734.2
1104160 731.3
1104170 729.2
1104180 729.2
1104190 728.7
1104200 728.0
1104210 728.0
1104220 725.0
1104230 720.2
1104240 720.2
1104250 720.5
1104260 721.9
1104270 721.9
1104280 722.0
1104290 716.5
1104300 716.5
1104310 715.9
1104320 715.5
1104330 715.5
1104340 714.6
1104350 713.8
1104360 713.2
1104370 713.2
1104380 706.0
1104390 696.6
1104400 696.6
1104410 694.7
1104420 694.7
1104430 694.7
1104440 694.3
1104450 694.2
1104460 694.2
1104470 695.7
1104480 695.0
1104490 695.0
1104500 694.6
1104510 697.6
1104520 697.6
1104530 698.8
1104540 700.7
1104550 700.7
1104560 705.3
1104570 709.5
1104580 709.5
1104590 712.9
1104600 714.5
1104610 714.3
1104620 714.3
1104630 727.6
1104640 733.5
1104650 733.5
1104660 734.1
1104670 736.9
1104680 736.9
1104690 739.6
1104700 737.8
1104710 737.8
1104720 736.7
1104730 736.4
1104740 736.4
1104750 735.3
1104760 735.7
1104770 735.7
1104780 737.0
1104790 737.2
1104800 737.2
1104810 737.4
1104820 739.3
1104830 739.8
1104840 739.8
1104850 740.4
1104860 740.0
1104870 740.0
1104880 735.7
1104890 731.8
1104900 731.8
1104910 729.8
1104920 729.1
1104930 729.1
1104940 730.5
1104950 732.1
1104960 740.4
1104970 739.7
1104980 739.1
1104990 739.1
1105000 739.6
1105010 738.3
1105020 738.3
1105030 738.4
1105040 741.5
1105050 744.1
1105060 744.1
1105070 743.8
1105080 746.4
1105090 746.4
1105100 751.0
1105110 757.5
1105120 757.5
1105130 763.5
1105140 767.1
1105150 767.1
1105160 767.5
1105170 767.8
1105180 767.8
1105190 768.4
1105200 770.1
1105210 770.1
1105220 773.0
1105230 776.1
1105240 776.1
1105250 779.3
1105260 783.5
1105270 783.5
1105280 788.6
1105290 792.8
1105300 796.7
1105310 796.7
1105320 801.0
1105330 803.9
1105340 803.9
1105350 806.2
1105360 808.6
1105370 808.6
1105380 811.3
1105390 814.8
1105400 814.8
1105410 818.8
1105420 822.2
1105430 822.2
1105440 824.8
1105450 828.4
1105460 828.4
1105470 832.9
1105480 837.6
1105490 837.6
1105500 842.7
1105510 848.2
1105520 853.6
1105530 853.6
1105540 859.7
1105550 864.9
1105560 864.9
1105570 869.7
1105580 874.2
1105590 874.2
1105600 878.0
1105610 881.4
1105620 881.4
1105630 887.8
1105640 890.7
1105650 890.7
1105660 893.2
1105670 895.1
1105680 895.1
1105690 897.9
1105700 901.7
1105710 901.7
1105720 905.8
1105730 911.9
1105740 916.8
1105750 916.8
1105760 920.4
1105770 923.9
1105780 923.9
1105790 927.3
1105800 929.1
1105810 929.1
1105820 930.9
1105830 933.8
1105840 933.8
1105850 938.5
1105860 942.7
1105870 942.7
1105880 945.1
1105890 946.1
1105900 946.1
1105910 947.6
1105920 950.5
1105930 950.5
1105940 954.1
1105950 957.7
1105960 963.1
1105970 968.3
1105980 973.7
1105990 979.0
1106000 979.0
1106010 984.6
1106020 990.3
1106030 990.3
1106040 995.4
1106050 1001.0
1106060 1001.0
1106070 1006.7
1106080 1011.9
1106090 1011.9
1106100 1018.4
1106110 1023.7
1106120 1023.7
1106130 1029.7
1106140 1035.8
1106150 1035.8
1106160 1038.4
1106170 1043.9
1106180 1043.9
1106190 1051.8
1106200 1058.8
1106210 1066.7
1106220 1066.7
1106230 1072.5
1106240 1078.4
1106250 1078.4
1106260 1083.8
1106270 1089.7
1106280 1089.7
1106290 1097.2
1106300 1108.2
1106310 1108.2
1106320 1115.6
1106330 1124.2
1106340 1124.2
1106350 1134.0
1106360 1142.9
1106370 1142.9
1106380 1151.3
1106390 1158.0
1106400 1158.0
1106410 1162.2
1106420 1166.1
1106430 1169.0
1106440 1169.0
1106450 1171.0
1106460 1172.4
1106470 1172.4
1106480 1173.5
1106490 1174.2
1106500 1174.2
1106510 1173.8
1106520 1174.6
1106530 1174.6
1106540 1177.6
1106550 1180.0
1106560 1180.0
1106570 1181.3
1106580 1182.6
1106590 1182.6
1106600 1183.5
1106610 1183.2
1106620 1183.2
1106630 1183.0
1106640 1187.2
1106650 1190.3
1106660 1190.3
1106670 1193.6
1106680 1197.3
1106690 1197.3
1106700 1201.2
1106710 1204.2
1106720 1204.2
1106730 1206.0
1106740 1206.6
1106750 1206.6
1106760 1205.6
1106770 1204.2
1106780 1204.2
1106790 1205.7
1106800 1209.0
1106810 1209.0
1106820 1209.0
1106830 1209.7
1106840 1209.7
1106850 1214.6
1106860 1219.6
1106870 1223.3
1106880 1223.3
1106890 1225.8
1106900 1229.2
1106910 1229.2
1106920 1231.8
1106930 1234.3
1106940 1234.3
1106950 1237.1
1106960 1241.5
1106970 1247.6
1106980 1252.3
1106990 1256.4
1107000 1256.4
1107010 1258.2
1107020 1261.3
1107030 1261.3
1107040 1265.1
1107050 1269.6
1107060 1269.6
1107070 1274.7
1107080 1278.9
1107090 1278.9
1107100 1279.5
1107110 1278.0
1107120 1276.8
1107130 1276.8
1107140 1280.9
1107150 1287.4
1107160 1287.4
1107170 1296.4
1107180 1305.1
1107190 1305.1
1107200 1313.3
1107210 1320.3
1107220 1320.3
1107230 1324.8
1107240 1327.3
1107250 1327.3
1107260 1329.8
1107270 1333.0
1107280 1333.0
1107290 1336.8
1107300 1340.7
1107310 1347.2
1107320 1351.7
1107330 1356.9
1107340 1361.5
1107350 1361.5
1107360 1365.0
1107370 1367.7
1107380 1367.7
1107390 1371.7
1107400 1375.5
1107410 1375.5
1107420 1379.2
1107430 1383.4
1107440 1383.4
1107450 1388.2
1107460 1392.5
1107470 1392.5
1107480 1395.6
1107490 1399.5
1107500 1399.5
1107510 1401.7
1107520 1403.4
1107530 1403.4
1107540 1406.2
1107550 1408.6
1107560 1411.3
1107570 1411.3
1107580 1414.3
1107590 1417.1
1107600 1417.1
1107610 1421.1
1107620 1427.4
1107630 1427.4
1107640 1440.3
1107650 1448.1
1107660 1448.1
1107670 1454.9
1107680 1459.1
1107690 1459.1
1107700 1459.7
1107710 1460.1
1107720 1460.1
1107730 1462.3
1107740 1465.0
1107750 1465.0
1107760 1465.9
1107770 1466.3
1107780 1467.2
1107790 1467.2
1107800 1466.5
1107810 1467.4
1107820 1467.4
1107830 1468.2
1107840 1466.4
1107850 1466.4
1107860 1464.0
1107870 1462.9
1107880 1462.9
1107890 1461.4
1107900 1459.4
1107910 1459.4
1107920 1460.4
1107930 1465.3
1107940 1465.3
1107950 1473.3
1107960 1481.1
1107970 1481.1
1107980 1488.6
1107990 1496.8
1108000 1496.8
1108010 1503.2
1108020 1505.4
1108030 1503.9
1108040 1503.9
1108050 1504.3
1108060 1507.1
1108070 1507.1
1108080 1510.3
1108090 1510.6
1108100 1510.6
1108110 1510.1
1108120 1509.3
1108130 1509.3
1108140 1508.2
1108150 1507.0
1108160 1507.0
1108170 1506.3
1108180 1504.9
1108190 1504.9
1108200 1504.8
1108210 1503.1
1108220 1503.1
1108230 1500.8
1108240 1497.8
1108250 1493.5
1108260 1493.5
1108270 1488.3
1108280 1483.8
1108290 1483.8
1108300 1481.9
1108310 1479.2
1108320 1485.5
1108330 1478.1
1108340 1469.4
1108350 1469.4
1108360 1461.1
1108370 1453.4
1108380 1453.4
1108390 1444.3
1108400 1434.7
1108410 1434.7
1108420 1426.1
1108430 1419.0
1108440 1419.0
1108450 1412.6
1108460 1407.6
1108470 1400.6
1108480 1400.6
1108490 1390.7
1108500 1379.1
1108510 1379.1
1108520 1369.5
1108530 1361.4
1108540 1361.4
1108550 1356.6
1108560 1351.2
1108570 1351.2
1108580 1345.1
1108590 1338.3
1108600 1338.3
1108610 1336.7
1108620 1336.2
1108630 1336.2
1108640 1339.7
1108650 1354.2
1108660 1354.2
1108670 1364.2
1108680 1372.4
1108690 1380.7
1108700 1380.7
1108710 1388.6
1108720 1396.2
1108730 1396.2
1108740 1404.2
1108750 1413.2
1108760 1413.2
1108770 1425.4
1108780 1435.4
1108790 1435.4
1108800 1438.1
1108810 1441.2
1108820 1441.2
1108830 1445.5
1108840 1453.3
1108850 1453.3
1108860 1460.1
1108870 1463.6
1108880 1463.6
1108890 1463.2
1108900 1464.2
1108910 1464.2
1108920 1468.1
1108930 1470.3
1108940 1469.1
1108950 1469.1
1108960 1465.1
1108970 1466.9
1108980 1466.9
1108990 1480.8
1109000 1488.4
1109010 1488.4
1109020 1494.9
1109030 1502.6
1109040 1502.6
1109050 1509.3
1109060 1516.9
1109070 1516.9
1109080 1523.2
1109090 1531.2
1109100 1531.2
1109110 1536.5
1109120 1544.9
1109130 1544.9
1109140 1556.8
1109150 1568.3
1109160 1573.2
1109170 1573.2
1109180 1577.4
1109190 1583.4
1109200 1583.4
1109210 1587.0
1109220 1592.2
1109230 1592.2
1109240 1594.5
1109250 1598.5
1109260 1598.5
1109270 1596.9
1109280 1591.3
1109290 1591.3
1109300 1591.3
1109310 1598.1
1109320 1598.1
1109330 1609.1
1109340 1612.1
1109350 1612.1
1109360 1610.9
1109370 1608.9
1109380 1607.0
1109390 1607.0
1109400 1603.5
1109410 1598.3
1109420 1598.3
1109430 1591.5
1109440 1585.6
1109450 1585.6
1109460 1579.1
1109470 1572.4
1109480 1572.4
1109490 1576.9
1109500 1580.9
1109510 1580.9
1109520 1578.3
1109530 1583.8
1109540 1583.8
1109550 1589.9
1109560 1593.8
1109570 1593.8
1109580 1593.5
1109590 1591.1
1109600 1592.1
1109610 1592.1
1109620 1591.8
1109630 1592.2
1109640 1592.2
1109650 1588.9
1109660 1591.6
1109670 1600.7
1109680 1601.6
1109690 1607.4
1109700 1607.4
1109710 1614.9
1109720 1621.0
1109730 1621.0
1109740 1624.2
1109750 1627.1
1109760 1627.1
1109770 1631.2
1109780 1636.6
1109790 1636.6
1109800 1641.7
1109810 1648.0
1109820 1648.0
1109830 1655.0
1109840 1658.2
1109850 1658.0
1109860 1658.0
1109870 1658.1
1109880 1656.9
1109890 1656.9
1109900 1656.4
1109910 1656.5
1109920 1656.5
1109930 1655.9
1109940 1656.4
1109950 1656.4
1109960 1657.9
1109970 1658.8
1109980 1658.8
1109990 1660.1
1110000 1661.5
1110010 1660.2
1110020 1662.1
1110030 1663.7
1110040 1663.7
1110050 1664.9
1110060 1665.4
1110070 1663.8
1110080 1663.8
1110090 1663.1
1110100 1663.7
1110110 1663.7
1110120 1663.4
1110130 1662.3
1110140 1662.3
1110150 1661.4
1110160 1660.0
1110170 1660.0
1110180 1658.1
1110190 1657.1
1110200 1657.1
1110210 1657.4
1110220 1657.9
1110230 1657.9
1110240 1657.6
1110250 1657.2
1110260 1657.2
1110270 1656.7
1110280 1656.7
1110290 1656.1
1110300 1656.1
1110310 1656.3
1110320 1655.4
1110330 1655.4
1110340 1651.7
1110350 1652.9
1110360 1652.9
1110370 1652.8
1110380 1652.1
1110390 1652.1
1110400 1651.4
1110410 1650.7
1110420 1650.7
1110430 1652.0
1110440 1653.0
1110450 1653.0
1110460 1653.3
1110470 1654.1
1110480 1654.1
1110490 1654.5
1110500 1654.4
1110510 1653.8
1110520 1653.8
1110530 1652.8
1110540 1651.1
1110550 1651.1
1110560 1650.3
1110570 1651.9
1110580 1651.9
1110590 1652.3
1110600 1652.0
1110610 1652.0
1110620 1651.6
1110630 1651.5
1110640 1651.5
1110650 1651.2
1110660 1649.9
1110670 1649.9
1110680 1651.5
1110690 1649.6
1110700 1649.6
1110710 1647.8
1110720 1646.1
1110730 1646.1
1110740 1644.8
1110750 1643.3
1110760 1641.0
1110770 1641.0
1110780 1638.7
1110790 1636.7
1110800 1636.7
1110810 1635.2
1110820 1633.8
1110830 1633.8
1110840 1632.7
1110850 1632.6
1110860 1632.6
1110870 1633.9
1110880 1634.1
1110890 1634.1
1110900 1632.9
1110910 1631.3
1110920 1631.3
1110930 1629.3
1110940 1627.2
1110950 1627.2
1110960 1624.6
1110970 1621.7
1110980 1618.8
1110990 1618.8
1111000 1615.9
1111010 1612.7
1111020 1617.2
1111030 1612.8
1111040 1608.5
1111050 1608.5
1111060 1607.6
1111070 1607.8
1111080 1607.8
1111090 1607.1
1111100 1607.0
1111110 1607.0
1111120 1609.2
1111130 1614.0
1111140 1614.0
1111150 1616.9
1111160 1619.6
1111170 1619.6
1111180 1622.7
1111190 1624.0
1111200 1627.1
1111210 1627.1
1111220 1631.1
1111230 1635.6
1111240 1635.6
1111250 1639.9
1111260 1641.2
1111270 1641.2
1111280 1641.5
1111290 1640.8
1111300 1640.8
1111310 1639.4
1111320 1638.6
1111330 1638.6
1111340 1638.3
1111350 1636.6
1111360 1641.6
1111370 1639.2
1111380 1636.9
1111390 1636.9
1111400 1634.3
1111410 1632.5
1111420 1630.6
1111430 1630.6
1111440 1631.2
1111450 1632.6
1111460 1632.6
1111470 1632.7
1111480 1632.0
1111490 1632.0
1111500 1630.8
1111510 1629.8
1111520 1629.8
1111530 1629.5
1111540 1629.7
1111550 1629.7
1111560 1629.7
1111570 1629.7
1111580 1629.7
1111590 1628.4
1111600 1626.8
1111610 1626.8
1111620 1624.9
1111630 1622.8
1111640 1622.8
1111650 1621.2
1111660 1620.1
1111670 1618.9
1111680 1618.9
1111690 1618.3
1111700 1620.5
1111710 1620.5
1111720 1619.2
1111730 1618.5
1111740 1618.5
1111750 1618.1
1111760 1616.7
1111770 1616.7
1111780 1616.4
1111790 1618.4
1111800 1618.4
1111810 1620.2
1111820 1618.9
1111830 1618.9
1111840 1616.4
1111850 1612.7
1111860 1612.7
1111870 1608.6
1111880 1605.5
1111890 1603.9
1111900 1603.9
1111910 1603.3
1111920 1602.2
1111930 1602.2
1111940 1601.1
1111950 1601.5
1111960 1601.5
1111970 1600.3
1111980 1597.8
1111990 1597.8
1112000 1596.3
1112010 1595.2
1112020 1595.2
1112030 1593.7
1112040 1592.6
1112050 1592.6
1112060 1592.1
1112070 1593.0
1112080 1593.0
1112090 1592.4
1112100 1591.3
1112110 1589.5
1112120 1589.5
1112130 1586.2
1112140 1580.5
1112150 1580.5
1112160 1573.4
1112170 1568.0
1112180 1568.0
1112190 1562.9
1112200 1557.5
1112210 1557.5
1112220 1552.0
1112230 1546.4
1112240 1546.4
1112250 1541.6
1112260 1537.1
1112270 1537.1
1112280 1532.8
1112290 1528.3
1112300 1528.3
1112310 1524.1
1112320 1520.4
1112330 1516.0
1112340 1516.0
1112350 1510.5
1112360 1507.0
1112370 1507.0
1112380 1506.6
1112390 1517.6
1112400 1517.6
1112410 1518.9
1112420 1516.9
1112430 1516.9
1112440 1514.7
1112450 1513.6
1112460 1513.6
1112470 1513.3
1112480 1510.5
1112490 1510.5
1112500 1509.7
1112510 1510.2
1112520 1510.2
1112530 1511.1
1112540 1512.3
1112550 1512.3
1112560 1513.0
1112570 1513.5
1112580 1514.5
1112590 1514.5
1112600 1517.0
1112610 1520.1
1112620 1520.1
1112630 1523.1
1112640 1526.6
1112650 1526.6
1112660 1529.5
1112670 1534.0
1112680 1534.0
1112690 1537.3
1112700 1538.9
1112710 1538.9
1112720 1540.7
1112730 1551.7
1112740 1551.7
1112750 1555.3
1112760 1557.0
1112770 1557.0
1112780 1558.1
1112790 1562.1
1112800 1562.3
1112810 1562.3
1112820 1561.0
1112830 1559.4
1112840 1559.4
1112850 1557.1
1112860 1557.2
1112870 1557.2
1112880 1559.1
1112890 1561.0
1112900 1561.0
1112910 1565.0
1112920 1566.9
1112930 1566.9
1112940 1567.8
1112950 1567.6
1112960 1567.6
1112970 1566.2
1112980 1564.7
1112990 1564.7
1113000 1563.6
1113010 1562.1
1113020 1560.0
1113030 1560.0
1113040 1555.6
1113050 1551.6
1113060 1551.6
1113070 1554.6
1113080 1553.8
1113090 1553.8
1113100 1550.8
1113110 1548.1
1113120 1548.1
1113130 1546.9
1113140 1546.6
1113150 1546.6
1113160 1546.2
1113170 1544.5
1113180 1544.5
1113190 1542.0
1113200 1538.0
1113210 1538.0
1113220 1533.2
1113230 1529.1
1113240 1525.7
1113250 1525.7
1113260 1522.7
1113270 1520.0
1113280 1520.0
1113290 1517.5
1113300 1516.2
1113310 1516.2
1113320 1515.4
1113330 1514.3
1113340 1514.3
1113350 1513.6
1113360 1512.7
1113370 1512.7
1113380 1510.8
1113390 1509.2
1113400 1509.2
1113410 1511.5
1113420 1511.4
1113430 1511.4
1113440 1511.0
1113450 1510.2
1113460 1510.2
1113470 1509.6
1113480 1508.9
1113490 1508.9
1113500 1508.9
1113510 1508.4
1113520 1507.0
1113530 1507.0
1113540 1505.5
1113550 1504.9
1113560 1504.9
1113570 1504.8
1113580 1505.5
1113590 1505.5
1113600 1505.6
1113610 1505.0
1113620 1505.0
1113630 1503.9
1113640 1502.6
1113650 1502.6
1113660 1501.8
1113670 1500.8
1113680 1500.8
1113690 1499.3
1113700 1497.3
1113710 1494.1
1113720 1494.1
1113730 1490.6
1113740 1487.3
1113750 1488.0
1113760 1484.8
1113770 1481.9
1113780 1481.9
1113790 1479.1
1113800 1475.9
1113810 1475.9
1113820 1472.5
1113830 1468.7
1113840 1468.7
1113850 1464.0
1113860 1457.2
1113870 1457.2
1113880 1451.1
1113890 1445.8
1113900 1445.8
1113910 1442.3
1113920 1440.4
1113930 1437.7
1113940 1437.7
1113950 1434.5
1113960 1431.5
1113970 1431.5
1113980 1427.4
1113990 1423.1
1114000 1423.1
1114010 1420.0
1114020 1418.9
1114030 1418.9
1114040 1417.6
1114050 1416.5
1114060 1416.5
1114070 1416.1
1114080 1415.1
1114090 1413.9
1114100 1412.4
1114110 1410.1
1114120 1410.1
1114130 1407.5
1114140 1406.5
1114150 1405.8
1114160 1405.8
1114170 1401.1
1114180 1397.3
1114190 1397.3
1114200 1383.2
1114210 1373.7
1114220 1373.7
1114230 1371.1
1114240 1370.1
1114250 1370.1
1114260 1369.0
1114270 1366.8
1114280 1366.8
1114290 1363.9
1114300 1361.4
1114310 1361.4
1114320 1359.1
1114330 1354.8
1114340 1354.8
1114350 1351.2
1114360 1345.6
1114370 1345.6
1114380 1340.5
1114390 1333.9
1114400 1324.5
1114410 1324.5
1114420 1314.6
1114430 1306.6
1114440 1309.8
1114450 1297.5
1114460 1288.1
1114470 1288.1
1114480 1280.3
1114490 1273.8
1114500 1273.8
1114510 1271.2
1114520 1272.1
1114530 1272.1
1114540 1265.8
1114550 1259.5
1114560 1259.5
1114570 1260.6
1114580 1266.6
1114590 1266.6
1114600 1264.9
1114610 1260.9
1114620 1256.5
1114630 1256.5
1114640 1255.1
1114650 1251.7
1114660 1251.7
1114670 1248.3
1114680 1243.1
1114690 1243.1
1114700 1229.0
1114710 1219.7
1114720 1219.7
1114730 1216.5
1114740 1214.7
1114750 1214.7
1114760 1204.7
1114770 1196.0
1114780 1201.7
1114790 1190.9
1114800 1182.1
1114810 1182.1
1114820 1172.1
1114830 1160.5
1114840 1147.2
1114850 1147.2
1114860 1137.7
1114870 1133.7
1114880 1133.7
1114890 1129.9
1114900 1125.6
1114910 1125.6
1114920 1120.0
1114930 1116.9
1114940 1116.9
1114950 1115.2
1114960 1114.3
1114970 1114.3
1114980 1113.3
1114990 1112.3
1115000 1112.3
1115010 1108.0
1115020 1105.6
1115030 1105.6
1115040 1102.2
1115050 1098.1
1115060 1094.2
1115070 1094.2
1115080 1089.7
1115090 1083.4
1115100 1083.4
1115110 1078.0
1115120 1076.3
1115130 1076.3
1115140 1074.9
1115150 1074.4
1115160 1074.4
1115170 1074.2
1115180 1075.3
1115190 1075.3
1115200 1073.8
1115210 1073.1
1115220 1073.1
1115230 1074.2
1115240 1081.9
1115250 1081.9
1115260 1091.9
1115270 1099.4
1115280 1099.4
1115290 1104.9
1115300 1111.9
1115310 1120.2
1115320 1120.2
1115330 1128.1
1115340 1139.3
1115350 1139.3
1115360 1150.3
1115370 1156.9
1115380 1156.9
1115390 1162.2
1115400 1166.6
1115410 1166.6
1115420 1172.2
1115430 1178.2
1115440 1178.2
1115450 1183.3
1115460 1187.2
1115470 1182.5
1115480 1186.7
1115490 1190.6
1115500 1190.6
1115510 1195.9
1115520 1201.4
1115530 1207.0
1115540 1207.0
1115550 1213.1
1115560 1216.5
1115570 1216.5
1115580 1219.7
1115590 1225.5
1115600 1225.5
1115610 1232.1
1115620 1239.4
1115630 1239.4
1115640 1246.4
1115650 1253.4
1115660 1253.4
1115670 1260.7
1115680 1266.4
1115690 1266.4
1115700 1275.5
1115710 1279.5
1115720 1279.5
1115730 1282.6
1115740 1286.0
1115750 1288.8
1115760 1288.8
1115770 1292.0
1115780 1296.5
1115790 1296.5
1115800 1302.5
1115810 1306.6
1115820 1306.6
1115830 1309.4
1115840 1314.7
1115850 1314.7
1115860 1326.1
1115870 1339.2
1115880 1339.2
1115890 1345.5
1115900 1354.5
1115910 1354.5
1115920 1358.4
1115930 1362.1
1115940 1362.1
1115950 1364.9
1115960 1365.4
1115970 1366.1
1115980 1366.1
1115990 1369.3
1116000 1371.5
1116010 1371.5
1116020 1372.1
1116030 1371.5
1116040 1371.5
1116050 1370.7
1116060 1369.3
1116070 1369.3
1116080 1366.0
1116090 1362.1
1116100 1362.1
1116110 1358.4
1116120 1355.6
1116130 1355.6
1116140 1353.4
1116150 1343.9
1116160 1343.9
1116170 1340.0
1116180 1333.4
1116190 1333.4
1116200 1324.8
1116210 1323.6
1116220 1321.9
1116230 1321.9
1116240 1318.8
1116250 1318.4
1116260 1318.4
1116270 1322.3
1116280 1324.3
1116290 1324.3
1116300 1326.3
1116310 1328.1
1116320 1328.1
1116330 1326.8
1116340 1329.4
1116350 1329.4
1116360 1330.6
1116370 1333.6
1116380 1333.6
1116390 1338.0
1116400 1346.9
1116410 1346.9
1116420 1354.1
1116430 1361.4
1116440 1365.8
1116450 1365.8
1116460 1376.4
1116470 1384.8
1116480 1384.8
1116490 1389.8
1116500 1393.0
1116510 1393.0
1116520 1396.5
1116530 1399.3
1116540 1399.3
1116550 1401.3
1116560 1405.0
1116570 1405.0
1116580 1407.8
1116590 1411.2
1116600 1411.2
1116610 1413.4
1116620 1416.6
1116630 1416.6
1116640 1418.7
1116650 1419.9
1116660 1421.1
1116670 1421.1
1116680 1422.7
1116690 1428.3
1116700 1428.3
1116710 1430.2
1116720 1433.7
1116730 1433.7
1116740 1439.7
1116750 1441.0
1116760 1441.0
1116770 1442.3
1116780 1446.9
1116790 1446.9
1116800 1452.4
1116810 1458.8
1116820 1458.8
1116830 1464.9
1116840 1474.7
1116850 1474.7
1116860 1480.6
1116870 1486.6
1116880 1492.0
1116890 1492.0
1116900 1497.5
1116910 1501.7
1116920 1501.7
1116930 1502.0
1116940 1498.2
1116950 1498.2
1116960 1500.8
1116970 1507.4
1116980 1507.4
1116990 1506.4
1117000 1505.9
1117010 1505.9
1117020 1511.9
1117030 1519.1
1117040 1519.1
1117050 1526.7
1117060 1532.5
1117070 1532.5
1117080 1538.6
1117090 1544.9
1117100 1544.9
1117110 1549.1
1117120 1548.8
1117130 1544.2
1117140 1544.2
1117150 1540.5
1117160 1541.2
1117170 1541.2
1117180 1543.6
1117190 1560.4
1117200 1560.4
1117210 1570.4
1117220 1577.4
1117230 1577.4
1117240 1584.0
1117250 1592.8
1117260 1592.8
1117270 1602.5
1117280 1611.2
1117290 1611.2
1117300 1616.6
1117310 1621.7
1117320 1621.7
1117330 1624.2
1117340 1627.0
1117350 1640.1
1117360 1640.1
1117370 1649.0
1117380 1654.9
1117390 1654.9
1117400 1660.2
1117410 1664.4
1117420 1664.4
1117430 1668.4
1117440 1672.5
1117450 1672.5
1117460 1675.5
1117470 1676.8
1117480 1676.8
1117490 1678.3
1117500 1679.8
1117510 1679.8
1117520 1681.3
1117530 1689.3
1117540 1689.3
1117550 1690.2
1117560 1691.1
1117570 1691.6
1117580 1691.6
1117590 1690.5
1117600 1692.7
1117610 1692.7
1117620 1697.0
1117630 1700.3
1117640 1700.3
1117650 1704.1
1117660 1711.5
1117670 1711.5
1117680 1719.7
1117690 1725.8
1117700 1725.8
1117710 1732.3
1117720 1739.9
1117730 1739.9
1117740 1746.0
1117750 1750.1
1117760 1750.1
1117770 1755.8
1117780 1762.2
1117790 1767.9
1117800 1767.9
1117810 1772.4
1117820 1775.6
1117830 1775.6
1117840 1778.2
1117850 1779.6
1117860 1779.6
1117870 1780.4
1117880 1784.0
1117890 1784.0
1117900 1787.0
1117910 1792.8
1117920 1792.8
1117930 1799.1
1117940 1804.6
1117950 1804.6
1117960 1808.4
1117970 1812.6
1117980 1812.6
1117990 1817.9
1118000 1822.7
1118010 1827.4
1118020 1827.4
1118030 1833.2
1118040 1839.1
1118050 1839.1
1118060 1845.9
1118070 1849.0
1118080 1849.0
1118090 1850.8
1118100 1852.1
1118110 1852.1
1118120 1857.2
1118130 1862.2
1118140 1862.2
1118150 1868.2
1118160 1873.0
1118170 1873.0
1118180 1879.9
1118190 1892.9
1118200 1892.9
1118210 1902.7
1118220 1909.4
1118230 1909.4
1118240 1916.3
1118250 1922.9
1118260 1930.7
1118270 1930.7
1118280 1938.0
1118290 1943.0
1118300 1943.0
1118310 1946.9
1118320 1952.3
1118330 1952.3
1118340 1961.0
1118350 1969.3
1118360 1969.3
1118370 1974.6
1118380 1977.8
1118390 1977.8
1118400 1979.5
1118410 1980.6
1118420 1980.6
1118430 1980.4
1118440 1977.2
1118450 1977.2
1118460 1973.3
1118470 1969.9
1118480 1967.5
1118490 1967.5
1118500 1965.5
1118510 1963.6
1118520 1963.6
1118530 1962.7
1118540 1962.7
1118550 1962.7
1118560 1964.4
1118570 1973.1
1118580 1973.1
1118590 1976.2
1118600 1977.6
1118610 1977.6
1118620 1978.2
1118630 1977.7
1118640 1977.7
1118650 1978.8
1118660 1980.4
1118670 1980.4
1118680 1982.2
1118690 1987.2
1118700 1994.8
1118710 1994.8
1118720 2001.4
1118730 2004.8
1118740 2004.8
1118750 2007.0
1118760 2008.3
1118770 2008.3
1118780 2009.4
1118790 2010.4
1118800 2010.4
1118810 2010.8
1118820 2012.7
1118830 2012.7
1118840 2015.9
1118850 2017.8
1118860 2017.8
1118870 2019.1
1118880 2020.6
1118890 2020.6
1118900 2022.8
1118910 2024.7
1118920 2028.8
1118930 2028.8
1118940 2030.0
1118950 2033.7
1118960 2033.7
1118970 2037.5
1118980 2039.7
1118990 2039.7
1119000 2041.6
1119010 2045.3
1119020 2045.3
1119030 2047.1
1119040 2047.3
1119050 2047.3
1119060 2048.7
1119070 2050.5
1119080 2050.5
1119090 2051.5
1119100 2052.5
1119110 2052.5
1119120 2054.9
1119130 2056.3
1119140 2056.3
1119150 2059.8
1119160 2063.8
1119170 2068.1
1119180 2068.1
1119190 2070.7
1119200 2071.7
1119210 2071.7
1119220 2072.4
1119230 2074.0
1119240 2074.0
1119250 2076.2
1119260 2079.3
1119270 2078.8
1119280 2082.2
1119290 2085.8
1119300 2085.8
1119310 2089.6
1119320 2092.7
1119330 2092.7
1119340 2096.1
1119350 2098.9
1119360 2098.9
1119370 2102.2
1119380 2105.7
1119390 2109.8
1119400 2109.8
1119410 2115.6
1119420 2120.4
1119430 2120.4
1119440 2124.0
1119450 2127.5
1119460 2127.5
1119470 2131.1
1119480 2133.8
1119490 2133.8
1119500 2136.7
1119510 2138.7
1119520 2138.7
1119530 2140.8
1119540 2144.4
1119550 2144.4
1119560 2147.9
1119570 2150.8
1119580 2150.8
1119590 2155.6
1119600 2163.1
1119610 2162.8
1119620 2162.8
1119630 2168.2
1119640 2173.9
1119650 2173.9
1119660 2180.2
1119670 2186.2
1119680 2186.2
1119690 2197.2
1119700 2208.0
1119710 2208.0
1119720 2218.2
1119730 2229.2
1119740 2229.2
1119750 2238.9
1119760 2246.2
1119770 2246.2
1119780 2252.3
1119790 2258.2
1119800 2258.2
1119810 2263.6
1119820 2269.1
1119830 2274.4
1119840 2274.4
1119850 2279.5
1119860 2284.2
1119870 2284.2
1119880 2289.4
1119890 2295.2
1119900 2295.2
1119910 2301.3
1119920 2308.1
1119930 2308.1
1119940 2315.0
1119950 2322.8
1119960 2327.4
1119970 2336.2
1119980 2347.8
1119990 2347.8
