1100000 778.9
1100010 778.4
1100020 777.7
1100030 777.7
1100040 776.5
1100050 776.2
1100060 776.2
1100070 777.0
1100080 778.1
1100090 779.5
1100100 779.5
1100110 781.3
1100120 780.6
1100130 780.6
1100140 779.0
1100150 774.7
1100160 774.7
1100170 772.2
1100180 770.7
1100190 770.7
1100200 773.6
1100210 774.4
1100220 774.4
1100230 775.6
1100240 776.1
1100250 776.1
1100260 776.2
1100270 776.9
1100280 776.9
1100290 776.9
1100300 777.7
1100310 777.7
1100320 778.2
1100330 779.0
1100340 779.4
1100350 779.4
1100360 779.5
1100370 779.3
1100380 779.3
1100390 778.9
1100400 778.0
1100410 778.0
1100420 777.1
1100430 776.1
1100440 776.1
1100450 774.9
1100460 773.7
1100470 773.7
1100480 772.2
1100490 770.8
1100500 770.8
1100510 769.7
1100520 770.1
1100530 770.1
1100540 769.6
1100550 767.8
1100560 766.9
1100570 766.9
1100580 766.6
1100590 764.9
1100600 764.9
1100610 761.8
1100620 758.0
1100630 761.7
1100640 758.4
1100650 756.3
1100660 756.3
1100670 754.7
1100680 752.9
1100690 752.9
1100700 751.2
1100710 749.5
1100720 749.5
1100730 748.4
1100740 747.3
1100750 747.3
1100760 746.1
1100770 745.2
1100780 744.2
1100790 744.2
1100800 742.9
1100810 742.0
1100820 742.0
1100830 741.2
1100840 740.8
1100850 740.8
1100860 740.5
1100870 740.2
1100880 740.2
1100890 740.1
1100900 740.4
1100910 740.4
1100920 740.9
1100930 740.8
1100940 740.8
1100950 739.7
1100960 737.1
1100970 737.1
1100980 735.7
1100990 733.9
1101000 732.3
1101010 732.3
1101020 730.9
1101030 729.6
1101040 729.6
1101050 728.3
1101060 727.3
1101070 727.3
1101080 726.0
1101090 723.3
1101100 723.3
1101110 716.3
1101120 709.5
1101130 709.5
1101140 704.3
1101150 699.4
1101160 699.4
1101170 695.6
1101180 698.1
1101190 698.1
1101200 698.5
1101210 697.6
1101220 697.6
1101230 696.5
1101240 695.6
1101250 695.0
1101260 695.0
1101270 693.8
1101280 692.3
1101290 692.7
1101300 691.3
1101310 691.0
1101320 691.0
1101330 690.3
1101340 688.4
1101350 688.4
1101360 684.0
1101370 679.5
1101380 679.5
1101390 681.1
1101400 682.9
1101410 682.9
1101420 680.9
1101430 676.9
1101440 676.9
1101450 665.8
1101460 660.3
1101470 655.5
1101480 655.5
1101490 652.2
1101500 651.3
1101510 651.3
1101520 651.3
1101530 651.9
1101540 651.9
1101550 653.5
1101560 654.5
1101570 654.5
1101580 654.5
1101590 654.1
1101600 654.1
1101610 653.8
1101620 654.0
1101630 654.0
1101640 654.0
1101650 654.1
1101660 654.1
1101670 653.9
1101680 654.1
1101690 654.3
1101700 654.3
1101710 654.3
1101720 654.3
1101730 654.3
1101740 654.3
1101750 654.3
1101760 654.3
1101770 654.2
1101780 654.3
1101790 654.3
1101800 654.5
1101810 654.6
1101820 654.6
1101830 654.8
1101840 654.9
1101850 654.9
1101860 654.8
1101870 654.8
1101880 654.8
1101890 654.9
1101900 655.2
1101910 655.2
1101920 655.3
1101930 655.5
1101940 655.6
1101950 655.5
1101960 655.6
1101970 655.6
1101980 655.6
1101990 655.8
1102000 655.6
1102010 655.6
1102020 655.6
1102030 655.8
1102040 655.8
1102050 655.9
1102060 656.2
1102070 656.2
1102080 656.5
1102090 656.6
1102100 656.6
1102110 656.6
1102120 656.5
1102130 656.5
1102140 656.4
1102150 656.6
1102160 657.0
1102170 657.0
1102180 657.1
1102190 657.4
1102200 657.4
1102210 657.5
1102220 657.2
1102230 657.2
1102240 657.1
1102250 657.1
1102260 657.1
1102270 657.0
1102280 657.6
1102290 657.6
1102300 657.7
1102310 657.8
1102320 657.8
1102330 657.9
1102340 657.9
1102350 657.9
1102360 657.9
1102370 659.0
1102380 659.4
1102390 659.4
1102400 659.4
1102410 659.6
1102420 659.6
1102430 659.8
1102440 660.2
1102450 660.2
1102460 660.4
1102470 660.7
1102480 660.7
1102490 660.7
1102500 660.4
1102510 660.4
1102520 660.6
1102530 660.7
1102540 660.7
1102550 661.0
1102560 661.1
1102570 661.1
1102580 661.2
1102590 661.3
1102600 661.4
1102610 661.4
1102620 661.6
1102630 661.8
1102640 661.8
1102650 662.0
1102660 662.0
1102670 662.0
1102680 663.1
1102690 663.3
1102700 663.3
1102710 662.8
1102720 662.9
1102730 662.9
1102740 664.0
1102750 664.4
1102760 664.4
1102770 663.9
1102780 663.9
1102790 663.9
1102800 664.4
1102810 664.5
1102820 664.5
1102830 664.6
1102840 664.4
1102850 663.8
1102860 663.8
1102870 664.7
1102880 666.5
1102890 666.5
1102900 667.3
1102910 667.7
1102920 667.7
1102930 667.6
1102940 667.6
1102950 667.7
1102960 667.8
1102970 667.7
1102980 667.7
1102990 667.2
1103000 667.3
1103010 667.3
1103020 667.4
1103030 667.2
1103040 667.2
1103050 667.2
1103060 667.5
1103070 668.3
1103080 668.3
1103090 668.7
1103100 670.6
1103110 670.6
1103120 671.4
1103130 671.6
1103140 671.6
1103150 672.5
1103160 672.6
1103170 672.6
1103180 672.3
1103190 672.2
1103200 672.2
1103210 672.8
1103220 673.5
1103230 673.5
1103240 674.2
1103250 675.4
1103260 675.4
1103270 676.5
1103280 676.5
1103290 676.7
1103300 676.7
1103310 677.3
1103320 678.8
1103330 678.8
1103340 679.0
1103350 680.7
1103360 680.7
1103370 682.6
1103380 684.1
1103390 684.1
1103400 685.5
1103410 686.6
1103420 686.6
1103430 688.0
1103440 689.7
1103450 689.7
1103460 690.9
1103470 691.8
1103480 691.8
1103490 692.7
1103500 693.8
1103510 695.1
1103520 695.1
1103530 696.3
1103540 697.5
1103550 697.5
1103560 698.7
1103570 699.6
1103580 699.6
1103590 700.3
1103600 700.6
1103610 696.7
1103620 697.0
1103630 697.3
1103640 697.3
1103650 698.2
1103660 699.9
1103670 699.9
1103680 700.9
1103690 701.2
1103700 701.2
1103710 702.3
1103720 702.9
1103730 702.9
1103740 703.4
1103750 704.4
1103760 703.6
1103770 703.6
1103780 704.2
1103790 706.3
1103800 706.3
1103810 708.0
1103820 710.1
1103830 710.1
1103840 712.2
1103850 715.0
1103860 715.0
1103870 718.6
1103880 721.2
1103890 721.2
1103900 723.6
1103910 726.1
1103920 726.1
1103930 726.9
1103940 727.0
1103950 721.0
1103960 721.7
1103970 722.1
1103980 724.3
1103990 724.3
1104000 728.5
1104010 729.1
1104020 729.1
1104030 728.9
1104040 729.4
1104050 729.4
1104060 728.4
1104070 727.2
1104080 727.2
1104090 727.3
1104100 727.5
1104110 727.5
1104120 726.7
1104130 724.3
1104140 724.3
1104150 722.3
1104160 718.6
1104170 718.6
1104180 716.5
1104190 714.8
1104200 713.0
1104210 713.0
1104220 710.5
1104230 707.8
1104240 707.8
1104250 705.8
1104260 707.6
1104270 707.6
1104280 701.1
1104290 704.1
1104300 704.1
1104310 706.7
1104320 709.0
1104330 709.0
1104340 709.1
1104350 708.6
1104360 708.6
1104370 706.0
1104380 698.2
1104390 698.2
1104400 693.6
1104410 693.7
1104420 693.7
1104430 693.9
1104440 693.4
1104450 693.2
1104460 693.2
1104470 695.3
1104480 697.7
1104490 697.7
1104500 699.8
1104510 705.0
1104520 705.0
1104530 715.3
1104540 724.8
1104550 724.8
1104560 725.2
1104570 727.0
1104580 727.0
1104590 729.1
1104600 731.5
1104610 737.1
1104620 737.6
1104630 737.9
1104640 737.9
1104650 738.4
1104660 738.9
1104670 739.3
1104680 739.3
1104690 739.3
1104700 739.1
1104710 739.1
1104720 738.7
1104730 738.3
1104740 738.3
1104750 737.6
1104760 736.7
1104770 736.7
1104780 736.1
1104790 735.9
1104800 735.9
1104810 735.8
1104820 735.7
1104830 735.7
1104840 735.9
1104850 736.1
1104860 736.1
1104870 736.6
1104880 737.4
1104890 738.8
1104900 738.8
1104910 739.6
1104920 741.3
1104930 741.3
1104940 743.4
1104950 744.2
1104960 744.2
1104970 746.1
1104980 749.1
1104990 749.1
1105000 750.9
1105010 751.9
1105020 751.9
1105030 753.2
1105040 755.6
1105050 755.6
1105060 758.7
1105070 759.6
1105080 759.6
1105090 760.2
1105100 763.1
1105110 764.4
1105120 764.4
1105130 766.8
1105140 770.3
1105150 770.3
1105160 771.9
1105170 773.2
1105180 773.2
1105190 773.0
1105200 773.4
1105210 773.4
1105220 775.1
1105230 776.8
1105240 776.8
1105250 780.1
1105260 783.8
1105270 783.8
1105280 786.2
1105290 790.7
1105300 790.7
1105310 796.5
1105320 801.8
1105330 801.8
1105340 806.7
1105350 811.7
1105360 816.3
1105370 816.3
1105380 818.3
1105390 821.0
1105400 821.0
1105410 824.8
1105420 828.7
1105430 828.7
1105440 832.4
1105450 836.5
1105460 836.5
1105470 840.4
1105480 844.2
1105490 844.2
1105500 848.4
1105510 853.6
1105520 853.6
1105530 859.9
1105540 865.6
1105550 865.6
1105560 870.4
1105570 874.6
1105580 879.0
1105590 879.0
1105600 883.5
1105610 887.3
1105620 889.9
1105630 893.6
1105640 896.8
1105650 896.8
1105660 900.1
1105670 903.1
1105680 903.1
1105690 905.8
1105700 909.6
1105710 909.6
1105720 913.6
1105730 918.2
1105740 918.2
1105750 923.0
1105760 927.3
1105770 927.3
1105780 930.8
1105790 934.2
1105800 936.1
1105810 936.1
1105820 938.1
1105830 941.5
1105840 941.5
1105850 946.7
1105860 951.9
1105870 951.9
1105880 955.9
1105890 958.9
1105900 958.9
1105910 962.1
1105920 965.2
1105930 965.2
1105940 966.0
1105950 975.2
1105960 975.2
1105970 978.5
1105980 981.4
1105990 981.4
1106000 986.7
1106010 993.4
1106020 998.8
1106030 998.8
1106040 1003.8
1106050 1008.8
1106060 1008.8
1106070 1014.7
1106080 1020.6
1106090 1020.6
1106100 1026.6
1106110 1032.4
1106120 1032.4
1106130 1037.9
1106140 1043.3
1106150 1043.3
1106160 1049.6
1106170 1055.2
1106180 1055.2
1106190 1059.6
1106200 1063.9
1106210 1063.9
1106220 1071.4
1106230 1079.6
1106240 1079.6
1106250 1087.4
1106260 1094.1
1106270 1100.4
1106280 1100.4
1106290 1112.7
1106300 1120.9
1106310 1120.9
1106320 1127.9
1106330 1135.4
1106340 1135.4
1106350 1142.8
1106360 1150.9
1106370 1150.9
1106380 1157.4
1106390 1160.7
1106400 1160.7
1106410 1164.5
1106420 1168.6
1106430 1168.6
1106440 1172.4
1106450 1174.2
1106460 1174.2
1106470 1174.7
1106480 1175.0
1106490 1175.3
1106500 1175.3
1106510 1175.2
1106520 1177.4
1106530 1177.4
1106540 1179.9
1106550 1181.7
1106560 1181.7
1106570 1183.4
1106580 1184.0
1106590 1184.0
1106600 1186.1
1106610 1187.9
1106620 1193.7
1106630 1194.8
1106640 1195.5
1106650 1195.5
1106660 1197.7
1106670 1201.5
1106680 1201.5
1106690 1205.8
1106700 1208.0
1106710 1209.5
1106720 1209.5
1106730 1209.4
1106740 1210.2
1106750 1210.2
1106760 1210.4
1106770 1209.2
1106780 1209.2
1106790 1209.2
1106800 1212.8
1106810 1212.8
1106820 1215.4
1106830 1215.8
1106840 1215.8
1106850 1219.8
1106860 1225.5
1106870 1225.5
1106880 1231.7
1106890 1236.2
1106900 1236.2
1106910 1238.3
1106920 1241.9
1106930 1246.5
1106940 1246.5
1106950 1250.3
1106960 1259.5
1106970 1259.5
1106980 1263.0
1106990 1267.6
1107000 1267.6
1107010 1271.4
1107020 1273.8
1107030 1273.8
1107040 1276.2
1107050 1281.0
1107060 1281.0
1107070 1286.8
1107080 1293.1
1107090 1293.1
1107100 1296.9
1107110 1294.6
1107120 1294.6
1107130 1291.9
1107140 1294.1
1107150 1294.1
1107160 1299.3
1107170 1306.1
1107180 1313.7
1107190 1313.7
1107200 1322.7
1107210 1332.9
1107220 1332.9
1107230 1339.2
1107240 1342.9
1107250 1342.9
1107260 1345.7
1107270 1347.3
1107280 1347.3
1107290 1357.8
1107300 1361.7
1107310 1361.7
1107320 1367.0
1107330 1372.7
1107340 1372.7
1107350 1378.3
1107360 1381.3
1107370 1381.3
1107380 1383.7
1107390 1386.8
1107400 1390.0
1107410 1390.0
1107420 1393.1
1107430 1397.7
1107440 1397.7
1107450 1402.6
1107460 1406.3
1107470 1406.3
1107480 1409.8
1107490 1413.4
1107500 1413.4
1107510 1416.1
1107520 1417.6
1107530 1417.6
1107540 1418.6
1107550 1420.2
1107560 1420.2
1107570 1423.7
1107580 1427.5
1107590 1427.5
1107600 1430.9
1107610 1434.7
1107620 1440.0
1107630 1446.0
1107640 1450.1
1107650 1455.6
1107660 1455.6
1107670 1461.4
1107680 1464.9
1107690 1464.9
1107700 1467.0
1107710 1467.6
1107720 1467.6
1107730 1468.6
1107740 1469.7
1107750 1469.7
1107760 1471.4
1107770 1472.7
1107780 1472.7
1107790 1475.7
1107800 1478.2
1107810 1478.2
1107820 1480.7
1107830 1479.3
1107840 1476.9
1107850 1476.9
1107860 1477.1
1107870 1478.2
1107880 1478.2
1107890 1476.8
1107900 1473.6
1107910 1473.6
1107920 1471.1
1107930 1470.0
1107940 1470.0
1107950 1473.2
1107960 1480.4
1107970 1480.7
1107980 1488.1
1107990 1496.1
1108000 1496.1
1108010 1504.1
1108020 1510.9
1108030 1510.9
1108040 1512.6
1108050 1514.2
1108060 1514.2
1108070 1519.8
1108080 1523.3
1108090 1524.7
1108100 1524.7
1108110 1524.5
1108120 1522.8
1108130 1522.8
1108140 1522.0
1108150 1522.2
1108160 1522.2
1108170 1522.3
1108180 1521.3
1108190 1521.3
1108200 1520.9
1108210 1518.3
1108220 1518.3
1108230 1515.0
1108240 1511.8
1108250 1511.8
1108260 1507.4
1108270 1503.5
1108280 1503.5
1108290 1499.8
1108300 1498.9
1108310 1491.3
1108320 1491.3
1108330 1484.6
1108340 1478.3
1108350 1478.3
1108360 1470.3
1108370 1462.8
1108380 1462.8
1108390 1455.4
1108400 1447.9
1108410 1447.9
1108420 1438.8
1108430 1430.5
1108440 1430.5
1108450 1421.6
1108460 1410.7
1108470 1410.7
1108480 1401.4
1108490 1391.0
1108500 1391.0
1108510 1381.6
1108520 1376.1
1108530 1372.3
1108540 1372.3
1108550 1364.5
1108560 1357.6
1108570 1357.6
1108580 1350.7
1108590 1351.2
1108600 1351.2
1108610 1351.5
1108620 1347.7
1108630 1347.7
1108640 1353.9
1108650 1358.4
1108660 1358.4
1108670 1364.9
1108680 1373.6
1108690 1373.6
1108700 1382.9
1108710 1392.4
1108720 1392.4
1108730 1402.8
1108740 1411.8
1108750 1422.6
1108760 1422.6
1108770 1432.1
1108780 1441.0
1108790 1441.0
1108800 1450.2
1108810 1458.6
1108820 1458.6
1108830 1465.0
1108840 1471.0
1108850 1471.0
1108860 1476.3
1108870 1479.8
1108880 1479.8
1108890 1479.6
1108900 1479.3
1108910 1479.3
1108920 1482.6
1108930 1485.6
1108940 1485.6
1108950 1485.6
1108960 1482.8
1108970 1482.8
1108980 1487.6
1108990 1493.7
1109000 1501.8
1109010 1501.8
1109020 1508.9
1109030 1514.8
1109040 1514.8
1109050 1521.0
1109060 1530.2
1109070 1530.2
1109080 1544.8
1109090 1555.9
1109100 1555.9
1109110 1560.7
1109120 1561.6
1109130 1561.6
1109140 1572.0
1109150 1581.0
1109160 1581.0
1109170 1588.4
1109180 1596.1
1109190 1596.1
1109200 1600.9
1109210 1604.4
1109220 1606.3
1109230 1606.3
1109240 1607.9
1109250 1610.8
1109260 1610.8
1109270 1608.1
1109280 1603.9
1109290 1603.9
1109300 1604.1
1109310 1609.3
1109320 1615.8
1109330 1621.5
1109340 1625.5
1109350 1625.5
1109360 1625.2
1109370 1622.4
1109380 1622.4
1109390 1618.0
1109400 1611.7
1109410 1611.7
1109420 1605.8
1109430 1601.4
1109440 1597.2
1109450 1597.2
1109460 1591.5
1109470 1586.0
1109480 1586.0
1109490 1588.7
1109500 1595.4
1109510 1595.4
1109520 1594.6
1109530 1597.2
1109540 1597.2
1109550 1603.2
1109560 1606.1
1109570 1606.1
1109580 1607.7
1109590 1607.5
1109600 1607.5
1109610 1608.5
1109620 1610.0
1109630 1610.0
1109640 1609.6
1109650 1605.9
1109660 1618.7
1109670 1618.7
1109680 1623.0
1109690 1621.1
1109700 1621.1
1109710 1624.7
1109720 1632.2
1109730 1632.2
1109740 1638.4
1109750 1641.9
1109760 1641.9
1109770 1645.1
1109780 1648.1
1109790 1648.1
1109800 1653.0
1109810 1658.3
1109820 1658.3
1109830 1663.9
1109840 1667.9
1109850 1667.9
1109860 1668.2
1109870 1668.4
1109880 1668.4
1109890 1667.5
1109900 1666.1
1109910 1666.8
1109920 1666.8
1109930 1666.8
1109940 1666.3
1109950 1666.3
1109960 1665.6
1109970 1665.4
1109980 1665.4
1109990 1672.0
1110000 1671.2
1110010 1671.2
1110020 1670.2
1110030 1669.9
1110040 1669.9
1110050 1669.5
1110060 1669.4
1110070 1669.4
1110080 1668.9
1110090 1668.2
1110100 1668.2
1110110 1668.4
1110120 1669.4
1110130 1670.3
1110140 1670.3
1110150 1669.8
1110160 1668.3
1110170 1668.3
1110180 1666.9
1110190 1664.8
1110200 1664.8
1110210 1664.9
1110220 1665.2
1110230 1665.2
1110240 1665.8
1110250 1667.4
1110260 1667.4
1110270 1668.6
1110280 1669.4
1110290 1669.4
1110300 1669.5
1110310 1669.2
1110320 1669.2
1110330 1671.0
1110340 1669.5
1110350 1668.8
1110360 1668.8
1110370 1668.0
1110380 1667.9
1110390 1667.9
1110400 1667.0
1110410 1664.9
1110420 1664.9
1110430 1662.8
1110440 1662.6
1110450 1662.6
1110460 1661.6
1110470 1661.3
1110480 1661.3
1110490 1661.8
1110500 1663.0
1110510 1663.0
1110520 1664.6
1110530 1665.0
1110540 1665.0
1110550 1663.8
1110560 1662.3
1110570 1661.8
1110580 1661.8
1110590 1661.6
1110600 1661.4
1110610 1661.4
1110620 1661.5
1110630 1660.5
1110640 1660.5
1110650 1659.1
1110660 1657.2
1110670 1662.6
1110680 1661.9
1110690 1659.9
1110700 1659.9
1110710 1656.7
1110720 1654.5
1110730 1654.5
1110740 1652.2
1110750 1650.3
1110760 1650.3
1110770 1649.2
1110780 1647.6
1110790 1647.6
1110800 1646.1
1110810 1646.3
1110820 1645.3
1110830 1645.3
1110840 1643.9
1110850 1643.5
1110860 1643.5
1110870 1643.2
1110880 1642.0
1110890 1642.0
1110900 1640.7
1110910 1641.2
1110920 1641.2
1110930 1640.2
1110940 1637.7
1110950 1637.7
1110960 1635.6
1110970 1633.0
1110980 1633.0
1110990 1629.6
1111000 1625.7
1111010 1631.3
1111020 1626.8
1111030 1621.5
1111040 1619.7
1111050 1619.7
1111060 1621.5
1111070 1623.0
1111080 1623.0
1111090 1624.2
1111100 1628.1
1111110 1628.1
1111120 1633.0
1111130 1636.2
1111140 1636.2
1111150 1636.7
1111160 1639.4
1111170 1639.4
1111180 1639.4
1111190 1642.7
1111200 1642.7
1111210 1646.9
1111220 1649.7
1111230 1649.7
1111240 1650.9
1111250 1650.3
1111260 1649.2
1111270 1649.2
1111280 1648.2
1111290 1646.8
1111300 1646.8
1111310 1646.1
1111320 1646.0
1111330 1646.0
1111340 1646.2
1111350 1646.9
1111360 1646.9
1111370 1646.2
1111380 1645.2
1111390 1645.2
1111400 1643.2
1111410 1639.8
1111420 1639.8
1111430 1636.6
1111440 1637.5
1111450 1637.5
1111460 1638.1
1111470 1638.4
1111480 1638.3
1111490 1638.3
1111500 1637.6
1111510 1636.7
1111520 1636.7
1111530 1636.0
1111540 1635.2
1111550 1635.2
1111560 1635.9
1111570 1636.6
1111580 1636.6
1111590 1636.3
1111600 1634.9
1111610 1634.9
1111620 1632.6
1111630 1630.7
1111640 1630.7
1111650 1628.5
1111660 1626.5
1111670 1626.5
1111680 1625.5
1111690 1628.2
1111700 1628.2
1111710 1627.0
1111720 1625.1
1111730 1624.0
1111740 1624.0
1111750 1622.8
1111760 1622.0
1111770 1622.0
1111780 1623.0
1111790 1626.5
1111800 1626.5
1111810 1627.1
1111820 1624.4
1111830 1624.4
1111840 1619.7
1111850 1614.9
1111860 1614.9
1111870 1611.4
1111880 1609.0
1111890 1609.0
1111900 1608.0
1111910 1607.0
1111920 1607.0
1111930 1605.6
1111940 1605.8
1111950 1605.0
1111960 1605.0
1111970 1603.4
1111980 1602.4
1111990 1602.4
1112000 1600.0
1112010 1598.2
1112020 1598.2
1112030 1598.4
1112040 1596.9
1112050 1596.9
1112060 1596.9
1112070 1596.7
1112080 1596.7
1112090 1596.0
1112100 1594.4
1112110 1594.4
1112120 1591.0
1112130 1585.7
1112140 1585.7
1112150 1578.8
1112160 1572.0
1112170 1565.4
1112180 1565.4
1112190 1559.2
1112200 1553.7
1112210 1553.7
1112220 1548.2
1112230 1543.3
1112240 1543.3
1112250 1537.2
1112260 1531.3
1112270 1531.3
1112280 1527.5
1112290 1524.4
1112300 1524.4
1112310 1521.1
1112320 1518.8
1112330 1518.8
1112340 1515.7
1112350 1515.6
1112360 1515.6
1112370 1526.6
1112380 1528.4
1112390 1528.0
1112400 1528.0
1112410 1527.5
1112420 1525.3
1112430 1525.3
1112440 1522.4
1112450 1521.9
1112460 1521.9
1112470 1520.1
1112480 1518.5
1112490 1518.5
1112500 1518.3
1112510 1518.9
1112520 1518.9
1112530 1519.5
1112540 1520.2
1112550 1520.2
1112560 1521.8
1112570 1524.1
1112580 1524.1
1112590 1528.1
1112600 1531.7
1112610 1531.7
1112620 1535.9
1112630 1540.9
1112640 1544.7
1112650 1544.7
1112660 1545.1
1112670 1548.0
1112680 1548.0
1112690 1552.3
1112700 1553.9
1112710 1560.7
1112720 1562.5
1112730 1564.5
1112740 1564.5
1112750 1566.6
1112760 1569.6
1112770 1569.6
1112780 1570.5
1112790 1571.0
1112800 1571.0
1112810 1570.7
1112820 1569.8
1112830 1569.8
1112840 1568.5
1112850 1567.2
1112860 1567.3
1112870 1567.3
1112880 1570.5
1112890 1569.5
1112900 1569.5
1112910 1572.8
1112920 1573.4
1112930 1573.4
1112940 1573.4
1112950 1573.4
1112960 1573.4
1112970 1573.2
1112980 1572.4
1112990 1572.4
1113000 1571.1
1113010 1568.8
1113020 1568.8
1113030 1566.6
1113040 1564.0
1113050 1566.5
1113060 1564.5
1113070 1563.4
1113080 1561.6
1113090 1561.6
1113100 1560.0
1113110 1557.5
1113120 1557.5
1113130 1554.9
1113140 1554.0
1113150 1554.0
1113160 1553.4
1113170 1551.8
1113180 1551.8
1113190 1548.7
1113200 1544.3
1113210 1544.3
1113220 1539.0
1113230 1533.8
1113240 1533.8
1113250 1529.3
1113260 1525.5
1113270 1525.5
1113280 1523.0
1113290 1521.1
1113300 1519.8
1113310 1519.8
1113320 1519.3
1113330 1518.8
1113340 1518.8
1113350 1518.3
1113360 1517.1
1113370 1517.1
1113380 1515.0
1113390 1514.2
1113400 1517.3
1113410 1516.9
1113420 1516.6
1113430 1516.6
1113440 1516.5
1113450 1516.1
1113460 1516.1
1113470 1515.6
1113480 1515.3
1113490 1515.3
1113500 1514.8
1113510 1514.2
1113520 1514.2
1113530 1512.5
1113540 1511.5
1113550 1510.6
1113560 1510.6
1113570 1510.4
1113580 1510.8
1113590 1510.8
1113600 1511.1
1113610 1510.7
1113620 1510.7
1113630 1510.3
1113640 1509.5
1113650 1509.5
1113660 1508.0
1113670 1505.5
1113680 1505.5
1113690 1501.9
1113700 1498.6
1113710 1498.6
1113720 1495.5
1113730 1491.9
1113740 1493.4
1113750 1490.1
1113760 1486.9
1113770 1483.8
1113780 1483.8
1113790 1480.5
1113800 1477.1
1113810 1477.1
1113820 1473.9
1113830 1470.8
1113840 1470.8
1113850 1467.7
1113860 1463.7
1113870 1463.7
1113880 1458.1
1113890 1453.4
1113900 1453.4
1113910 1450.3
1113920 1449.0
1113930 1449.0
1113940 1446.1
1113950 1441.4
1113960 1441.4
1113970 1436.9
1113980 1433.7
1113990 1430.3
1114000 1430.3
1114010 1426.8
1114020 1424.5
1114030 1424.5
1114040 1422.3
1114050 1419.9
1114060 1419.9
1114070 1417.0
1114080 1417.3
1114090 1417.3
1114100 1414.3
1114110 1411.7
1114120 1411.7
1114130 1410.4
1114140 1408.9
1114150 1408.9
1114160 1408.2
1114170 1407.6
1114180 1407.6
1114190 1407.4
1114200 1404.9
1114210 1395.1
1114220 1395.1
1114230 1385.3
1114240 1379.5
1114250 1379.5
1114260 1377.0
1114270 1374.7
1114280 1374.7
1114290 1372.1
1114300 1370.2
1114310 1370.2
1114320 1366.8
1114330 1363.4
1114340 1363.4
1114350 1360.3
1114360 1354.5
1114370 1354.5
1114380 1348.3
1114390 1341.4
1114400 1341.4
1114410 1332.4
1114420 1324.9
1114430 1324.9
1114440 1314.6
1114450 1306.0
1114460 1300.1
1114470 1300.1
1114480 1295.6
1114490 1291.1
1114500 1291.1
1114510 1289.1
1114520 1285.3
1114530 1285.3
1114540 1280.4
1114550 1278.1
1114560 1278.1
1114570 1279.3
1114580 1277.0
1114590 1277.0
1114600 1272.9
1114610 1269.4
1114620 1269.4
1114630 1264.7
1114640 1260.1
1114650 1260.1
1114660 1254.9
1114670 1248.8
1114680 1242.7
1114690 1242.7
1114700 1237.9
1114710 1234.1
1114720 1234.1
1114730 1228.9
1114740 1226.1
1114750 1226.1
1114760 1219.9
1114770 1207.7
1114780 1207.7
1114790 1192.8
1114800 1182.3
1114810 1182.3
1114820 1170.9
1114830 1161.5
1114840 1161.5
1114850 1154.8
1114860 1150.8
1114870 1150.8
1114880 1146.3
1114890 1140.6
1114900 1135.3
1114910 1135.3
1114920 1130.3
1114930 1127.6
1114940 1127.6
1114950 1125.4
1114960 1124.6
1114970 1124.6
1114980 1123.1
1114990 1120.0
1115000 1120.0
1115010 1117.5
1115020 1113.2
1115030 1113.2
1115040 1108.4
1115050 1104.6
1115060 1104.6
1115070 1101.2
1115080 1096.8
1115090 1096.8
1115100 1091.9
1115110 1090.9
1115120 1083.3
1115130 1083.3
1115140 1077.2
1115150 1075.4
1115160 1075.4
1115170 1075.6
1115180 1075.2
1115190 1075.2
1115200 1074.9
1115210 1073.5
1115220 1073.5
1115230 1073.7
1115240 1075.4
1115250 1075.4
1115260 1080.3
1115270 1086.4
1115280 1086.4
1115290 1093.4
1115300 1101.5
1115310 1101.5
1115320 1109.8
1115330 1117.6
1115340 1117.6
1115350 1124.2
1115360 1137.9
1115370 1148.8
1115380 1148.8
1115390 1154.9
1115400 1159.6
1115410 1159.6
1115420 1163.7
1115430 1167.8
1115440 1167.8
1115450 1168.1
1115460 1172.3
1115470 1172.3
1115480 1177.7
1115490 1184.9
1115500 1184.9
1115510 1191.6
1115520 1198.4
1115530 1198.4
1115540 1205.9
1115550 1212.6
1115560 1212.6
1115570 1217.8
1115580 1221.1
1115590 1227.6
1115600 1227.6
1115610 1234.7
1115620 1241.5
1115630 1241.5
1115640 1248.1
1115650 1255.1
1115660 1255.1
1115670 1262.7
1115680 1268.4
1115690 1268.4
1115700 1271.9
1115710 1276.1
1115720 1276.1
1115730 1278.7
1115740 1281.9
1115750 1281.9
1115760 1286.8
1115770 1293.1
1115780 1293.1
1115790 1299.5
1115800 1306.5
1115810 1311.4
1115820 1311.4
1115830 1316.0
1115840 1320.5
1115850 1320.5
1115860 1325.8
1115870 1333.2
1115880 1333.2
1115890 1341.7
1115900 1347.0
1115910 1347.0
1115920 1352.5
1115930 1357.4
1115940 1357.4
1115950 1362.1
1115960 1361.9
1115970 1361.9
1115980 1360.0
1115990 1360.6
1116000 1360.6
1116010 1361.2
1116020 1361.0
1116030 1359.5
1116040 1359.5
1116050 1357.8
1116060 1355.1
1116070 1355.1
1116080 1349.8
1116090 1343.5
1116100 1343.5
1116110 1341.1
1116120 1339.0
1116130 1339.0
1116140 1328.7
1116150 1325.9
1116160 1325.9
1116170 1316.2
1116180 1308.7
1116190 1308.7
1116200 1307.9
1116210 1308.9
1116220 1308.9
1116230 1308.8
1116240 1309.7
1116250 1309.7
1116260 1312.0
1116270 1314.8
1116280 1317.7
1116290 1317.7
1116300 1324.0
1116310 1330.3
1116320 1330.3
1116330 1338.6
1116340 1341.0
1116350 1341.0
1116360 1358.4
1116370 1361.5
1116380 1361.5
1116390 1362.1
1116400 1367.1
1116410 1367.1
1116420 1373.4
1116430 1376.8
1116440 1376.8
1116450 1379.2
1116460 1381.8
1116470 1381.8
1116480 1382.8
1116490 1386.1
1116500 1388.6
1116510 1388.6
1116520 1391.5
1116530 1396.9
1116540 1396.9
1116550 1401.3
1116560 1405.2
1116570 1405.2
1116580 1410.3
1116590 1415.7
1116600 1415.7
1116610 1418.0
1116620 1420.8
1116630 1420.8
1116640 1425.2
1116650 1430.2
1116660 1430.2
1116670 1434.5
1116680 1437.3
1116690 1437.3
1116700 1439.3
1116710 1439.6
1116720 1437.6
1116730 1437.6
1116740 1435.9
1116750 1438.6
1116760 1438.6
1116770 1444.4
1116780 1450.7
1116790 1450.7
1116800 1456.8
1116810 1463.1
1116820 1463.1
1116830 1470.7
1116840 1477.0
1116850 1477.0
1116860 1483.1
1116870 1488.5
1116880 1488.5
1116890 1494.1
1116900 1498.6
1116910 1498.6
1116920 1502.2
1116930 1505.8
1116940 1508.6
1116950 1508.6
1116960 1512.0
1116970 1514.6
1116980 1514.6
1116990 1515.7
1117000 1517.6
1117010 1517.6
1117020 1522.2
1117030 1528.5
1117040 1528.5
1117050 1536.0
1117060 1542.8
1117070 1542.8
1117080 1548.7
1117090 1554.4
1117100 1554.4
1117110 1559.6
1117120 1561.5
1117130 1561.5
1117140 1555.5
1117150 1553.7
1117160 1559.1
1117170 1566.7
1117180 1573.3
1117190 1578.3
1117200 1578.3
1117210 1585.2
1117220 1594.4
1117230 1594.4
1117240 1599.8
1117250 1602.9
1117260 1602.9
1117270 1603.2
1117280 1606.6
1117290 1606.6
1117300 1619.3
1117310 1630.9
1117320 1630.9
1117330 1637.9
1117340 1641.2
1117350 1641.2
1117360 1646.0
1117370 1653.0
1117380 1653.0
1117390 1658.5
1117400 1662.9
1117410 1666.6
1117420 1666.6
1117430 1670.6
1117440 1675.7
1117450 1675.7
1117460 1678.0
1117470 1682.2
1117480 1682.2
1117490 1685.5
1117500 1688.8
1117510 1688.8
1117520 1693.3
1117530 1697.3
1117540 1697.3
1117550 1701.4
1117560 1704.3
1117570 1704.3
1117580 1705.6
1117590 1705.1
1117600 1705.1
1117610 1704.1
1117620 1705.9
1117630 1709.4
1117640 1709.4
1117650 1710.4
1117660 1711.9
1117670 1711.9
1117680 1717.3
1117690 1723.7
1117700 1723.7
1117710 1730.4
1117720 1736.8
1117730 1736.8
1117740 1743.0
1117750 1748.8
1117760 1748.8
1117770 1754.4
1117780 1759.8
1117790 1759.8
1117800 1765.2
1117810 1772.0
1117820 1772.0
1117830 1778.0
1117840 1781.0
1117850 1782.3
1117860 1782.3
1117870 1784.1
1117880 1787.0
1117890 1787.0
1117900 1793.0
1117910 1798.7
1117920 1798.7
1117930 1802.9
1117940 1806.7
1117950 1806.7
1117960 1810.3
1117970 1813.8
1117980 1813.8
1117990 1817.4
1118000 1821.5
1118010 1821.5
1118020 1826.2
1118030 1831.2
1118040 1831.2
1118050 1837.0
1118060 1843.5
1118070 1848.7
1118080 1848.7
1118090 1850.4
1118100 1853.3
1118110 1853.3
1118120 1857.5
1118130 1861.5
1118140 1861.5
1118150 1868.9
1118160 1876.8
1118170 1876.8
1118180 1885.9
1118190 1895.2
1118200 1895.2
1118210 1898.0
1118220 1905.5
1118230 1905.5
1118240 1914.6
1118250 1920.6
1118260 1920.6
1118270 1928.7
1118280 1938.2
1118290 1938.2
1118300 1944.3
1118310 1949.5
1118320 1954.0
1118330 1954.0
1118340 1959.1
1118350 1965.4
1118360 1965.4
1118370 1972.8
1118380 1978.8
1118390 1978.8
1118400 1983.4
1118410 1986.6
1118420 1986.6
1118430 1988.8
1118440 1989.6
1118450 1989.6
1118460 1986.6
1118470 1981.3
1118480 1981.3
1118490 1978.0
1118500 1976.8
1118510 1976.8
1118520 1976.0
1118530 1975.9
1118540 1975.6
1118550 1975.6
1118560 1984.9
1118570 1987.9
1118580 1987.9
1118590 1988.0
1118600 1989.0
1118610 1989.0
1118620 1988.8
1118630 1987.6
1118640 1987.6
1118650 1986.9
1118660 1986.1
1118670 1986.1
1118680 1986.6
1118690 1988.8
1118700 1988.8
1118710 1993.0
1118720 1999.5
1118730 1999.5
1118740 2006.3
1118750 2011.7
1118760 2014.5
1118770 2014.5
1118780 2016.6
1118790 2018.0
1118800 2018.0
1118810 2018.7
1118820 2019.4
1118830 2019.4
1118840 2020.7
1118850 2021.1
1118860 2021.1
1118870 2021.1
1118880 2023.2
1118890 2023.2
1118900 2027.3
1118910 2030.9
1118920 2030.9
1118930 2033.0
1118940 2035.3
1118950 2035.3
1118960 2038.2
1118970 2040.4
1118980 2041.6
1118990 2041.6
1119000 2043.3
1119010 2046.4
1119020 2046.4
1119030 2049.8
1119040 2050.7
1119050 2050.7
1119060 2049.3
1119070 2048.4
1119080 2048.4
1119090 2050.1
1119100 2051.7
1119110 2051.7
1119120 2054.8
1119130 2058.3
1119140 2058.3
1119150 2061.9
1119160 2065.5
1119170 2065.5
1119180 2069.5
1119190 2073.2
1119200 2073.2
1119210 2076.4
1119220 2078.0
1119230 2078.9
1119240 2078.9
1119250 2081.9
1119260 2082.0
1119270 2082.0
1119280 2085.5
1119290 2090.9
1119300 2090.9
1119310 2095.8
1119320 2099.4
1119330 2099.4
1119340 2101.9
1119350 2103.8
1119360 2103.8
1119370 2105.3
1119380 2106.8
1119390 2106.8
1119400 2109.1
1119410 2112.8
1119420 2112.8
1119430 2117.1
1119440 2121.1
1119450 2124.3
1119460 2124.3
1119470 2127.0
1119480 2128.6
1119490 2128.6
1119500 2130.2
1119510 2132.3
1119520 2132.3
1119530 2135.4
1119540 2139.3
1119550 2139.3
1119560 2143.9
1119570 2149.0
1119580 2149.0
1119590 2154.0
1119600 2162.3
1119610 2162.3
1119620 2167.8
1119630 2173.0
1119640 2173.0
1119650 2178.2
1119660 2184.1
1119670 2188.5
1119680 2188.5
1119690 2198.7
1119700 2212.2
1119710 2212.2
1119720 2224.1
1119730 2233.9
1119740 2233.9
1119750 2242.1
1119760 2249.5
1119770 2249.5
1119780 2256.0
1119790 2262.4
1119800 2262.4
1119810 2268.6
1119820 2273.9
1119830 2273.9
1119840 2280.0
1119850 2286.0
1119860 2286.0
1119870 2292.2
1119880 2297.7
1119890 2302.5
1119900 2302.5
1119910 2307.0
1119920 2311.4
1119930 2311.4
1119940 2323.8
1119950 2337.4
1119960 2337.4
1119970 2351.8
1119980 2363.7
1119990 2363.7
