1100000 765.7
1100010 765.7
1100020 766.1
1100030 766.0
1100040 766.0
1100050 767.4
1100060 768.5
1100070 768.5
1100080 769.6
1100090 769.8
1100100 769.8
1100110 770.4
1100120 771.8
1100130 771.8
1100140 774.3
1100150 776.6
1100160 776.6
1100170 777.4
1100180 777.5
1100190 777.3
1100200 777.3
1100210 777.1
1100220 777.2
1100230 777.2
1100240 776.9
1100250 776.4
1100260 776.4
1100270 776.3
1100280 775.7
1100290 775.7
1100300 774.6
1100310 773.0
1100320 773.0
1100330 771.3
1100340 770.3
1100350 770.3
1100360 770.3
1100370 770.4
1100380 770.4
1100390 770.3
1100400 768.2
1100410 768.0
1100420 768.0
1100430 767.9
1100440 767.4
1100450 767.4
1100460 768.5
1100470 768.2
1100480 768.2
1100490 766.7
1100500 766.7
1100510 766.7
1100520 767.0
1100530 766.1
1100540 766.1
1100550 765.3
1100560 764.1
1100570 764.1
1100580 762.4
1100590 761.6
1100600 761.6
1100610 760.9
1100620 758.7
1100630 756.0
1100640 756.0
1100650 753.9
1100660 752.4
1100670 752.4
1100680 751.4
1100690 750.6
1100700 750.6
1100710 750.2
1100720 749.8
1100730 749.8
1100740 750.1
1100750 750.3
1100760 750.3
1100770 751.0
1100780 751.9
1100790 751.9
1100800 752.6
1100810 752.8
1100820 752.8
1100830 752.7
1100840 751.9
1100850 751.9
1100860 751.2
1100870 749.8
1100880 747.2
1100890 747.2
1100900 746.0
1100910 744.4
1100920 744.4
1100930 742.8
1100940 741.8
1100950 741.8
1100960 741.0
1100970 737.7
1100980 737.7
1100990 735.1
1101000 731.6
1101010 731.6
1101020 723.3
1101030 716.8
1101040 716.8
1101050 710.6
1101060 704.4
1101070 704.4
1101080 697.8
1101090 691.5
1101100 686.8
1101110 686.8
1101120 683.9
1101130 681.8
1101140 681.8
1101150 678.2
1101160 674.6
1101170 674.6
1101180 673.3
1101190 674.8
1101200 674.8
1101210 678.2
1101220 673.7
1101230 673.7
1101240 668.4
1101250 663.7
1101260 663.7
1101270 657.9
1101280 652.7
1101290 652.7
1101300 651.4
1101310 651.6
1101320 651.2
1101330 651.2
1101340 651.5
1101350 652.2
1101360 652.2
1101370 652.1
1101380 651.6
1101390 651.6
1101400 650.8
1101410 650.5
1101420 650.5
1101430 651.1
1101440 652.9
1101450 652.9
1101460 653.9
1101470 653.8
1101480 653.8
1101490 653.5
1101500 653.2
1101510 653.2
1101520 653.2
1101530 653.5
1101540 653.5
1101550 653.5
1101560 653.6
1101570 653.7
1101580 653.7
1101590 653.6
1101600 653.7
1101610 653.7
1101620 653.8
1101630 653.7
1101640 653.7
1101650 653.7
1101660 653.7
1101670 653.7
1101680 653.4
1101690 653.4
1101700 653.4
1101710 653.7
1101720 653.9
1101730 653.9
1101740 654.1
1101750 654.2
1101760 654.2
1101770 654.2
1101780 654.1
1101790 654.2
1101800 654.2
1101810 654.2
1101820 654.2
1101830 654.2
1101840 654.2
1101850 654.3
1101860 654.3
1101870 654.5
1101880 654.6
1101890 654.6
1101900 654.8
1101910 655.0
1101920 655.0
1101930 655.3
1101940 655.5
1101950 655.5
1101960 655.7
1101970 655.7
1101980 655.7
1101990 655.8
1102000 655.7
1102010 655.7
1102020 655.7
1102030 655.7
1102040 655.9
1102050 655.9
1102060 656.2
1102070 656.4
1102080 656.4
1102090 656.5
1102100 656.6
1102110 656.6
1102120 656.6
1102130 656.6
1102140 656.6
1102150 657.1
1102160 657.2
1102170 657.2
1102180 657.0
1102190 656.6
1102200 656.4
1102210 656.6
1102220 656.7
1102230 656.7
1102240 656.7
1102250 656.9
1102260 656.9
1102270 656.9
1102280 657.2
1102290 658.1
1102300 658.1
1102310 658.4
1102320 658.5
1102330 658.5
1102340 658.7
1102350 659.1
1102360 659.1
1102370 659.2
1102380 659.3
1102390 659.3
1102400 659.5
1102410 659.8
1102420 659.8
1102430 659.9
1102440 660.1
1102450 660.1
1102460 660.3
1102470 660.4
1102480 660.6
1102490 660.6
1102500 661.0
1102510 662.0
1102520 662.0
1102530 661.1
1102540 661.2
1102550 661.2
1102560 661.4
1102570 661.8
1102580 661.8
1102590 662.3
1102600 662.3
1102610 662.3
1102620 662.5
1102630 662.8
1102640 662.8
1102650 663.2
1102660 663.6
1102670 663.6
1102680 664.0
1102690 664.2
1102700 664.1
1102710 664.1
1102720 664.0
1102730 664.0
1102740 664.0
1102750 664.0
1102760 663.9
1102770 663.9
1102780 664.7
1102790 666.5
1102800 666.5
1102810 668.8
1102820 669.5
1102830 669.5
1102840 670.8
1102850 672.9
1102860 672.9
1102870 670.5
1102880 671.2
1102890 671.2
1102900 672.2
1102910 675.2
1102920 679.8
1102930 679.8
1102940 683.7
1102950 687.9
1102960 687.9
1102970 691.9
1102980 693.8
1102990 693.8
1103000 693.8
1103010 693.9
1103020 693.9
1103030 692.5
1103040 691.6
1103050 691.6
1103060 690.1
1103070 690.1
1103080 690.1
1103090 690.4
1103100 690.0
1103110 690.0
1103120 688.5
1103130 686.1
1103140 684.4
1103150 684.4
1103160 683.4
1103170 685.3
1103180 685.3
1103190 689.4
1103200 688.7
1103210 688.7
1103220 690.4
1103230 692.0
1103240 692.0
1103250 693.8
1103260 695.8
1103270 695.8
1103280 697.7
1103290 701.0
1103300 701.0
1103310 705.7
1103320 709.1
1103330 709.1
1103340 709.1
1103350 708.3
1103360 708.3
1103370 707.8
1103380 708.5
1103390 709.7
1103400 709.7
1103410 710.9
1103420 712.2
1103430 712.2
1103440 713.8
1103450 715.3
1103460 715.3
1103470 715.9
1103480 715.9
1103490 715.9
1103500 716.2
1103510 716.6
1103520 716.6
1103530 712.1
1103540 713.3
1103550 713.3
1103560 714.1
1103570 714.8
1103580 714.8
1103590 714.8
1103600 713.7
1103610 713.7
1103620 713.7
1103630 714.2
1103640 714.8
1103650 714.8
1103660 715.7
1103670 716.6
1103680 716.6
1103690 718.1
1103700 719.3
1103710 719.3
1103720 721.0
1103730 723.6
1103740 723.6
1103750 725.6
1103760 726.8
1103770 726.8
1103780 728.0
1103790 729.7
1103800 729.7
1103810 731.2
1103820 731.7
1103830 732.3
1103840 732.3
1103850 733.5
1103860 731.7
1103870 731.7
1103880 733.3
1103890 734.8
1103900 734.8
1103910 736.0
1103920 737.0
1103930 737.0
1103940 738.1
1103950 739.2
1103960 739.2
1103970 740.2
1103980 741.1
1103990 741.1
1104000 741.6
1104010 742.1
1104020 742.1
1104030 742.4
1104040 742.8
1104050 743.0
1104060 743.0
1104070 742.6
1104080 742.2
1104090 742.2
1104100 741.8
1104110 741.3
1104120 741.3
1104130 740.9
1104140 739.4
1104150 739.4
1104160 736.4
1104170 733.9
1104180 733.9
1104190 733.1
1104200 731.4
1104210 731.4
1104220 730.7
1104230 729.4
1104240 729.4
1104250 728.6
1104260 727.8
1104270 727.8
1104280 728.0
1104290 728.9
1104300 729.1
1104310 729.1
1104320 729.7
1104330 729.4
1104340 729.4
1104350 727.8
1104360 726.5
1104370 726.5
1104380 718.0
1104390 712.0
1104400 712.0
1104410 705.2
1104420 698.8
1104430 698.8
1104440 697.0
1104450 697.6
1104460 697.6
1104470 697.9
1104480 697.9
1104490 697.9
1104500 698.1
1104510 697.5
1104520 697.2
1104530 695.6
1104540 696.3
1104550 697.7
1104560 697.7
1104570 698.9
1104580 699.7
1104590 699.7
1104600 700.5
1104610 700.9
1104620 700.9
1104630 701.3
1104640 701.7
1104650 701.7
1104660 702.2
1104670 702.8
1104680 702.8
1104690 703.4
1104700 704.0
1104710 704.0
1104720 704.6
1104730 705.3
1104740 706.0
1104750 706.0
1104760 706.7
1104770 707.5
1104780 707.5
1104790 708.2
1104800 709.0
1104810 709.0
1104820 709.7
1104830 710.4
1104840 710.4
1104850 710.5
1104860 711.0
1104870 711.9
1104880 712.5
1104890 713.1
1104900 713.1
1104910 713.3
1104920 713.8
1104930 713.8
1104940 714.8
1104950 715.9
1104960 715.9
1104970 716.9
1104980 718.4
1104990 719.2
1105000 719.2
1105010 720.3
1105020 722.9
1105030 722.9
1105040 725.2
1105050 726.2
1105060 726.2
1105070 729.5
1105080 734.8
1105090 734.8
1105100 739.9
1105110 743.5
1105120 743.5
1105130 744.4
1105140 744.4
1105150 744.4
1105160 745.1
1105170 748.4
1105180 748.4
1105190 752.4
1105200 763.6
1105210 765.6
1105220 765.6
1105230 768.8
1105240 775.1
1105250 775.1
1105260 780.6
1105270 784.4
1105280 784.4
1105290 789.1
1105300 794.6
1105310 794.6
1105320 798.3
1105330 799.8
1105340 799.8
1105350 802.7
1105360 805.5
1105370 805.5
1105380 808.0
1105390 810.2
1105400 810.2
1105410 812.7
1105420 816.5
1105430 820.3
1105440 820.3
1105450 823.6
1105460 827.2
1105470 827.2
1105480 830.7
1105490 834.5
1105500 834.5
1105510 838.5
1105520 843.1
1105530 843.1
1105540 851.7
1105550 856.9
1105560 856.9
1105570 860.5
1105580 862.8
1105590 862.8
1105600 868.3
1105610 871.4
1105620 871.4
1105630 873.7
1105640 876.6
1105650 879.2
1105660 879.2
1105670 883.0
1105680 887.0
1105690 887.0
1105700 891.0
1105710 895.6
1105720 895.6
1105730 899.7
1105740 904.3
1105750 904.3
1105760 909.2
1105770 914.3
1105780 914.3
1105790 917.0
1105800 918.2
1105810 918.2
1105820 918.0
1105830 918.0
1105840 918.0
1105850 919.9
1105860 923.2
1105870 928.2
1105880 931.5
1105890 934.4
1105900 938.4
1105910 938.4
1105920 942.7
1105930 947.2
1105940 947.2
1105950 952.2
1105960 957.1
1105970 957.1
1105980 963.0
1105990 968.6
1106000 968.6
1106010 974.7
1106020 980.9
1106030 980.9
1106040 985.7
1106050 990.1
1106060 990.1
1106070 994.3
1106080 997.6
1106090 997.6
1106100 1001.4
1106110 1006.6
1106120 1011.9
1106130 1011.9
1106140 1017.9
1106150 1023.3
1106160 1023.3
1106170 1028.2
1106180 1035.7
1106190 1035.7
1106200 1043.5
1106210 1054.8
1106220 1054.8
1106230 1060.9
1106240 1067.6
1106250 1067.6
1106260 1074.4
1106270 1081.9
1106280 1081.9
1106290 1089.9
1106300 1097.4
1106310 1097.4
1106320 1105.9
1106330 1113.8
1106340 1121.3
1106350 1121.3
1106360 1129.1
1106370 1136.1
1106380 1136.1
1106390 1143.0
1106400 1147.5
1106410 1147.5
1106420 1151.1
1106430 1155.2
1106440 1155.2
1106450 1159.7
1106460 1164.4
1106470 1164.4
1106480 1165.8
1106490 1165.4
1106500 1165.4
1106510 1165.2
1106520 1164.3
1106530 1164.3
1106540 1169.5
1106550 1171.7
1106560 1174.0
1106570 1174.0
1106580 1175.8
1106590 1177.6
1106600 1177.6
1106610 1177.3
1106620 1180.0
1106630 1180.0
1106640 1182.4
1106650 1183.6
1106660 1183.6
1106670 1185.9
1106680 1188.3
1106690 1188.3
1106700 1190.9
1106710 1193.5
1106720 1193.5
1106730 1195.0
1106740 1195.8
1106750 1195.8
1106760 1196.2
1106770 1197.9
1106780 1197.9
1106790 1201.8
1106800 1203.7
1106810 1202.0
1106820 1202.0
1106830 1205.9
1106840 1209.9
1106850 1209.9
1106860 1211.1
1106870 1211.6
1106880 1214.4
1106890 1218.0
1106900 1223.3
1106910 1223.3
1106920 1226.7
1106930 1228.3
1106940 1228.3
1106950 1232.7
1106960 1235.9
1106970 1235.9
1106980 1235.2
1106990 1234.5
1107000 1234.5
1107010 1236.6
1107020 1240.5
1107030 1246.1
1107040 1246.1
1107050 1251.9
1107060 1256.5
1107070 1256.5
1107080 1258.3
1107090 1257.6
1107100 1257.6
1107110 1256.8
1107120 1259.3
1107130 1259.3
1107140 1263.4
1107150 1270.7
1107160 1270.7
1107170 1280.0
1107180 1287.8
1107190 1287.8
1107200 1292.5
1107210 1303.8
1107220 1303.8
1107230 1309.2
1107240 1311.2
1107250 1313.0
1107260 1313.0
1107270 1316.9
1107280 1322.0
1107290 1322.0
1107300 1327.0
1107310 1331.7
1107320 1331.7
1107330 1335.9
1107340 1340.3
1107350 1340.3
1107360 1343.9
1107370 1346.2
1107380 1346.2
1107390 1347.7
1107400 1350.3
1107410 1350.3
1107420 1354.9
1107430 1360.8
1107440 1360.8
1107450 1364.2
1107460 1367.2
1107470 1370.8
1107480 1370.8
1107490 1373.5
1107500 1377.2
1107510 1377.2
1107520 1380.8
1107530 1384.7
1107540 1384.7
1107550 1395.5
1107560 1399.2
1107570 1399.2
1107580 1402.3
1107590 1405.7
1107600 1405.7
1107610 1411.5
1107620 1418.8
1107630 1418.8
1107640 1426.1
1107650 1433.3
1107660 1433.3
1107670 1439.2
1107680 1441.9
1107690 1441.9
1107700 1441.9
1107710 1442.8
1107720 1443.9
1107730 1443.9
1107740 1443.7
1107750 1444.9
1107760 1444.9
1107770 1446.9
1107780 1447.8
1107790 1447.8
1107800 1446.5
1107810 1444.0
1107820 1444.0
1107830 1443.2
1107840 1442.4
1107850 1442.4
1107860 1439.1
1107870 1437.8
1107880 1437.8
1107890 1444.9
1107900 1449.1
1107910 1449.1
1107920 1456.7
1107930 1464.5
1107940 1473.3
1107950 1473.3
1107960 1481.3
1107970 1488.3
1107980 1488.3
1107990 1492.9
1108000 1491.7
1108010 1491.7
1108020 1489.7
1108030 1489.1
1108040 1489.1
1108050 1486.4
1108060 1485.6
1108070 1485.6
1108080 1485.8
1108090 1486.3
1108100 1486.3
1108110 1485.9
1108120 1484.9
1108130 1484.9
1108140 1483.6
1108150 1482.2
1108160 1481.6
1108170 1481.6
1108180 1479.5
1108190 1477.8
1108200 1477.8
1108210 1476.0
1108220 1484.4
1108230 1484.4
1108240 1483.9
1108250 1479.5
1108260 1479.5
1108270 1473.7
1108280 1468.0
1108290 1468.0
1108300 1463.5
1108310 1461.6
1108320 1461.6
1108330 1458.0
1108340 1449.7
1108350 1449.7
1108360 1442.9
1108370 1436.7
1108380 1429.2
1108390 1429.2
1108400 1419.9
1108410 1410.2
1108420 1410.2
1108430 1402.8
1108440 1396.5
1108450 1396.5
1108460 1389.4
1108470 1381.6
1108480 1381.6
1108490 1373.8
1108500 1366.9
1108510 1366.9
1108520 1360.1
1108530 1352.7
1108540 1352.7
1108550 1344.1
1108560 1341.3
1108570 1341.3
1108580 1337.6
1108590 1330.7
1108600 1330.7
1108610 1324.6
1108620 1325.4
1108630 1328.1
1108640 1328.1
1108650 1335.6
1108660 1344.0
1108670 1344.0
1108680 1353.6
1108690 1363.7
1108700 1363.7
1108710 1374.1
1108720 1385.0
1108730 1385.0
1108740 1393.7
1108750 1402.6
1108760 1402.6
1108770 1408.8
1108780 1411.1
1108790 1411.1
1108800 1412.9
1108810 1416.1
1108820 1416.1
1108830 1420.8
1108840 1427.6
1108850 1434.9
1108860 1434.9
1108870 1439.3
1108880 1439.9
1108890 1439.9
1108900 1449.2
1108910 1453.7
1108920 1453.7
1108930 1455.0
1108940 1452.1
1108950 1452.1
1108960 1450.5
1108970 1454.6
1108980 1454.6
1108990 1459.6
1109000 1465.0
1109010 1465.0
1109020 1470.7
1109030 1478.1
1109040 1478.1
1109050 1484.8
1109060 1491.4
1109070 1497.3
1109080 1497.3
1109090 1503.9
1109100 1510.6
1109110 1510.6
1109120 1517.3
1109130 1524.4
1109140 1524.4
1109150 1530.1
1109160 1535.5
1109170 1535.5
1109180 1538.3
1109190 1538.9
1109200 1538.9
1109210 1545.2
1109220 1553.1
1109230 1561.2
1109240 1569.9
1109250 1575.5
1109260 1575.5
1109270 1577.8
1109280 1575.5
1109290 1579.9
1109300 1579.9
1109310 1583.3
1109320 1583.5
1109330 1583.5
1109340 1584.5
1109350 1583.6
1109360 1583.6
1109370 1582.3
1109380 1581.2
1109390 1581.2
1109400 1581.7
1109410 1583.6
1109420 1583.6
1109430 1580.2
1109440 1574.8
1109450 1574.8
1109460 1569.7
1109470 1561.0
1109480 1561.0
1109490 1550.3
1109500 1554.1
1109510 1554.1
1109520 1561.3
1109530 1566.1
1109540 1569.4
1109550 1569.4
1109560 1571.1
1109570 1580.1
1109580 1580.1
1109590 1577.0
1109600 1574.9
1109610 1574.9
1109620 1575.6
1109630 1576.2
1109640 1576.2
1109650 1574.4
1109660 1583.0
1109670 1583.0
1109680 1590.1
1109690 1591.8
1109700 1591.8
1109710 1596.2
1109720 1597.9
1109730 1597.9
1109740 1600.3
1109750 1604.9
1109760 1612.7
1109770 1612.7
1109780 1621.5
1109790 1625.4
1109800 1625.4
1109810 1630.5
1109820 1637.0
1109830 1637.0
1109840 1642.2
1109850 1644.6
1109860 1644.6
1109870 1645.0
1109880 1645.0
1109890 1645.0
1109900 1644.8
1109910 1650.8
1109920 1650.8
1109930 1651.2
1109940 1652.1
1109950 1652.1
1109960 1652.9
1109970 1653.9
1109980 1654.7
1109990 1654.7
1110000 1654.8
1110010 1654.8
1110020 1654.8
1110030 1654.7
1110040 1653.9
1110050 1653.9
1110060 1651.6
1110070 1649.4
1110080 1649.4
1110090 1648.1
1110100 1647.7
1110110 1647.7
1110120 1648.2
1110130 1648.2
1110140 1648.2
1110150 1647.8
1110160 1647.4
1110170 1647.4
1110180 1646.7
1110190 1645.8
1110200 1645.1
1110210 1645.1
1110220 1644.6
1110230 1644.2
1110240 1644.2
1110250 1649.1
1110260 1649.1
1110270 1649.1
1110280 1648.9
1110290 1648.2
1110300 1648.2
1110310 1647.1
1110320 1645.0
1110330 1645.0
1110340 1642.0
1110350 1637.1
1110360 1637.1
1110370 1634.5
1110380 1633.0
1110390 1633.0
1110400 1630.9
1110410 1630.7
1110420 1630.7
1110430 1632.3
1110440 1633.7
1110450 1635.3
1110460 1635.3
1110470 1637.2
1110480 1639.1
1110490 1639.1
1110500 1641.3
1110510 1642.8
1110520 1642.8
1110530 1643.6
1110540 1644.4
1110550 1644.4
1110560 1644.1
1110570 1642.9
1110580 1642.9
1110590 1646.6
1110600 1648.0
1110610 1648.0
1110620 1648.6
1110630 1647.6
1110640 1647.6
1110650 1645.9
1110660 1643.6
1110670 1640.5
1110680 1640.5
1110690 1637.3
1110700 1635.3
1110710 1635.3
1110720 1633.8
1110730 1632.3
1110740 1632.3
1110750 1630.6
1110760 1627.7
1110770 1627.7
1110780 1625.0
1110790 1623.2
1110800 1623.2
1110810 1621.7
1110820 1620.2
1110830 1620.2
1110840 1619.8
1110850 1618.7
1110860 1618.7
1110870 1617.0
1110880 1615.2
1110890 1613.4
1110900 1613.4
1110910 1611.6
1110920 1609.4
1110930 1616.2
1110940 1613.2
1110950 1610.3
1110960 1610.3
1110970 1608.5
1110980 1606.7
1110990 1606.7
1111000 1604.9
1111010 1603.6
1111020 1603.6
1111030 1601.3
1111040 1598.6
1111050 1598.6
1111060 1595.0
1111070 1592.0
1111080 1592.0
1111090 1591.2
1111100 1590.2
1111110 1591.2
1111120 1591.2
1111130 1593.0
1111140 1594.8
1111150 1594.8
1111160 1596.7
1111170 1598.7
1111180 1598.7
1111190 1601.3
1111200 1603.4
1111210 1603.4
1111220 1605.5
1111230 1607.1
1111240 1607.1
1111250 1609.0
1111260 1609.4
1111270 1619.7
1111280 1620.2
1111290 1625.5
1111300 1625.5
1111310 1628.3
1111320 1627.9
1111330 1627.9
1111340 1627.6
1111350 1627.2
1111360 1626.6
1111370 1626.6
1111380 1625.4
1111390 1624.1
1111400 1624.1
1111410 1622.8
1111420 1623.9
1111430 1623.9
1111440 1626.1
1111450 1626.0
1111460 1626.0
1111470 1625.2
1111480 1624.5
1111490 1624.5
1111500 1623.6
1111510 1621.2
1111520 1621.2
1111530 1619.1
1111540 1617.0
1111550 1617.0
1111560 1615.3
1111570 1613.9
1111580 1613.4
1111590 1613.4
1111600 1612.7
1111610 1615.8
1111620 1615.8
1111630 1615.1
1111640 1614.2
1111650 1614.2
1111660 1613.4
1111670 1613.4
1111680 1613.4
1111690 1613.6
1111700 1613.2
1111710 1613.2
1111720 1613.2
1111730 1613.4
1111740 1613.4
1111750 1613.0
1111760 1612.8
1111770 1612.8
1111780 1611.3
1111790 1609.2
1111800 1608.8
1111810 1608.8
1111820 1607.9
1111830 1606.4
1111840 1606.4
1111850 1605.4
1111860 1604.8
1111870 1604.8
1111880 1603.2
1111890 1599.8
1111900 1599.8
1111910 1597.8
1111920 1597.3
1111930 1597.3
1111940 1596.1
1111950 1595.9
1111960 1595.9
1111970 1594.3
1111980 1593.6
1111990 1593.6
1112000 1592.3
1112010 1591.1
1112020 1590.2
1112030 1590.2
1112040 1587.6
1112050 1586.6
1112060 1586.6
1112070 1587.7
1112080 1587.9
1112090 1587.9
1112100 1587.8
1112110 1587.3
1112120 1587.3
1112130 1585.8
1112140 1584.5
1112150 1584.5
1112160 1580.9
1112170 1575.8
1112180 1575.8
1112190 1571.7
1112200 1567.4
1112210 1567.4
1112220 1560.0
1112230 1551.0
1112240 1551.0
1112250 1543.7
1112260 1537.6
1112270 1532.8
1112280 1532.8
1112290 1527.3
1112300 1523.6
1112310 1523.6
1112320 1520.3
1112330 1517.1
1112340 1517.1
1112350 1513.3
1112360 1506.9
1112370 1506.9
1112380 1500.1
1112390 1496.9
1112400 1496.9
1112410 1497.3
1112420 1496.7
1112430 1496.7
1112440 1496.6
1112450 1498.5
1112460 1498.5
1112470 1500.2
1112480 1499.6
1112490 1497.1
1112500 1497.1
1112510 1498.9
1112520 1498.5
1112530 1498.5
1112540 1498.7
1112550 1499.1
1112560 1499.1
1112570 1499.0
1112580 1499.4
1112590 1499.4
1112600 1498.6
1112610 1499.7
1112620 1499.7
1112630 1508.5
1112640 1510.9
1112650 1510.9
1112660 1513.9
1112670 1517.5
1112680 1517.5
1112690 1520.9
1112700 1524.5
1112710 1527.3
1112720 1527.3
1112730 1530.1
1112740 1530.4
1112750 1530.4
1112760 1535.1
1112770 1542.6
1112780 1542.6
1112790 1545.0
1112800 1545.7
1112810 1545.7
1112820 1545.9
1112830 1544.9
1112840 1544.9
1112850 1542.9
1112860 1543.2
1112870 1543.2
1112880 1544.4
1112890 1547.5
1112900 1547.5
1112910 1550.9
1112920 1552.3
1112930 1552.3
1112940 1551.9
1112950 1550.5
1112960 1549.1
1112970 1555.6
1112980 1553.6
1112990 1552.3
1113000 1552.3
1113010 1549.5
1113020 1545.8
1113030 1545.8
1113040 1543.0
1113050 1540.9
1113060 1540.9
1113070 1538.7
1113080 1537.5
1113090 1537.5
1113100 1535.5
1113110 1534.2
1113120 1534.2
1113130 1533.8
1113140 1534.3
1113150 1534.3
1113160 1535.3
1113170 1535.2
1113180 1533.3
1113190 1533.3
1113200 1529.9
1113210 1526.4
1113220 1526.4
1113230 1523.2
1113240 1519.5
1113250 1519.5
1113260 1515.4
1113270 1513.2
1113280 1513.2
1113290 1512.6
1113300 1511.8
1113310 1513.3
1113320 1511.5
1113330 1510.1
1113340 1510.1
1113350 1508.4
1113360 1507.2
1113370 1507.2
1113380 1505.6
1113390 1504.1
1113400 1503.7
1113410 1503.7
1113420 1503.9
1113430 1503.9
1113440 1503.9
1113450 1503.5
1113460 1503.0
1113470 1503.0
1113480 1502.3
1113490 1500.8
1113500 1500.8
1113510 1498.9
1113520 1497.0
1113530 1497.0
1113540 1494.3
1113550 1491.9
1113560 1491.9
1113570 1490.0
1113580 1487.7
1113590 1487.7
1113600 1486.2
1113610 1485.3
1113620 1484.9
1113630 1484.9
1113640 1485.6
1113650 1491.9
1113660 1491.9
1113670 1492.0
1113680 1490.9
1113690 1490.9
1113700 1487.5
1113710 1484.5
1113720 1484.5
1113730 1482.8
1113740 1481.3
1113750 1481.3
1113760 1479.7
1113770 1476.8
1113780 1476.8
1113790 1473.6
1113800 1470.2
1113810 1470.2
1113820 1466.2
1113830 1460.9
1113840 1460.9
1113850 1452.6
1113860 1446.5
1113870 1440.1
1113880 1440.1
1113890 1434.4
1113900 1431.2
1113910 1431.2
1113920 1430.6
1113930 1429.6
1113940 1429.6
1113950 1427.2
1113960 1424.6
1113970 1424.6
1113980 1422.3
1113990 1420.3
1114000 1420.4
1114010 1418.2
1114020 1416.8
1114030 1416.8
1114040 1416.3
1114050 1415.7
1114060 1415.7
1114070 1416.1
1114080 1417.2
1114090 1416.7
1114100 1416.7
1114110 1414.2
1114120 1410.2
1114130 1410.2
1114140 1405.7
1114150 1395.0
1114160 1395.0
1114170 1379.6
1114180 1373.9
1114190 1373.9
1114200 1369.7
1114210 1367.1
1114220 1367.1
1114230 1365.5
1114240 1362.9
1114250 1362.9
1114260 1358.2
1114270 1349.4
1114280 1349.4
1114290 1342.6
1114300 1336.3
1114310 1333.5
1114320 1333.5
1114330 1330.9
1114340 1340.5
1114350 1340.5
1114360 1336.9
1114370 1329.3
1114380 1329.3
1114390 1320.9
1114400 1313.6
1114410 1313.6
1114420 1305.7
1114430 1293.5
1114440 1293.5
1114450 1279.5
1114460 1269.1
1114470 1269.1
1114480 1261.4
1114490 1254.2
1114500 1254.2
1114510 1246.8
1114520 1241.4
1114530 1236.4
1114540 1236.4
1114550 1229.8
1114560 1227.8
1114570 1227.8
1114580 1225.8
1114590 1218.7
1114600 1218.7
1114610 1208.6
1114620 1208.3
1114630 1208.3
1114640 1211.9
1114650 1211.6
1114660 1211.6
1114670 1208.2
1114680 1214.7
1114690 1214.7
1114700 1209.7
1114710 1205.5
1114720 1205.5
1114730 1200.1
1114740 1193.1
1114750 1187.6
1114760 1187.6
1114770 1179.7
1114780 1172.3
1114790 1172.3
1114800 1164.3
1114810 1156.5
1114820 1156.5
1114830 1148.9
1114840 1140.3
1114850 1140.3
1114860 1127.0
1114870 1113.0
1114880 1113.0
1114890 1109.5
1114900 1107.8
1114910 1107.8
1114920 1105.8
1114930 1102.2
1114940 1102.2
1114950 1099.9
1114960 1099.6
1114970 1099.6
1114980 1099.5
1114990 1097.2
1115000 1096.0
1115010 1096.0
1115020 1098.4
1115030 1093.4
1115040 1093.4
1115050 1089.7
1115060 1084.9
1115070 1084.9
1115080 1081.2
1115090 1078.7
1115100 1078.7
1115110 1075.0
1115120 1074.2
1115130 1074.2
1115140 1073.7
1115150 1072.6
1115160 1072.6
1115170 1073.1
1115180 1073.4
1115190 1073.4
1115200 1071.8
1115210 1074.9
1115220 1088.6
1115230 1088.6
1115240 1101.0
1115250 1110.4
1115260 1110.4
1115270 1117.1
1115280 1121.7
1115290 1121.7
1115300 1128.4
1115310 1138.9
1115320 1138.9
1115330 1152.0
1115340 1158.0
1115350 1158.0
1115360 1162.7
1115370 1164.2
1115380 1164.2
1115390 1169.5
1115400 1174.9
1115410 1174.9
1115420 1179.8
1115430 1184.4
1115440 1189.1
1115450 1189.1
1115460 1192.6
1115470 1193.8
1115480 1193.8
1115490 1196.1
1115500 1201.2
1115510 1201.2
1115520 1206.2
1115530 1211.8
1115540 1211.8
1115550 1214.2
1115560 1216.4
1115570 1216.4
1115580 1219.7
1115590 1226.5
1115600 1226.5
1115610 1234.3
1115620 1241.7
1115630 1241.7
1115640 1247.3
1115650 1252.7
1115660 1258.3
1115670 1258.3
1115680 1263.9
1115690 1270.8
1115700 1270.8
1115710 1279.2
1115720 1284.5
1115730 1284.5
1115740 1288.9
1115750 1293.5
1115760 1293.5
1115770 1298.3
1115780 1303.3
1115790 1303.3
1115800 1308.4
1115810 1313.7
1115820 1313.7
1115830 1317.5
1115840 1322.0
1115850 1322.0
1115860 1329.4
1115870 1340.8
1115880 1340.8
1115890 1348.4
1115900 1354.3
1115910 1359.4
1115920 1359.4
1115930 1364.2
1115940 1369.1
1115950 1369.1
1115960 1373.9
1115970 1378.3
1115980 1378.3
1115990 1382.5
1116000 1385.5
1116010 1385.5
1116020 1386.7
1116030 1387.2
1116040 1387.2
1116050 1386.5
1116060 1380.0
1116070 1380.0
1116080 1377.7
1116090 1377.2
1116100 1377.2
1116110 1375.3
1116120 1372.9
1116130 1370.4
1116140 1370.4
1116150 1367.8
1116160 1364.9
1116170 1364.9
1116180 1356.4
1116190 1349.3
1116200 1349.3
1116210 1346.8
1116220 1346.2
1116230 1346.2
1116240 1344.7
1116250 1340.9
1116260 1340.9
1116270 1338.0
1116280 1340.9
1116290 1340.9
1116300 1348.9
1116310 1357.6
1116320 1357.6
1116330 1365.7
1116340 1368.7
1116350 1370.1
1116360 1370.1
1116370 1368.6
1116380 1367.0
1116390 1367.0
1116400 1351.6
1116410 1349.7
1116420 1349.7
1116430 1346.5
1116440 1351.3
1116450 1351.3
1116460 1355.2
1116470 1359.8
1116480 1359.8
1116490 1365.7
1116500 1370.6
1116510 1370.6
1116520 1376.0
1116530 1382.8
1116540 1382.8
1116550 1391.0
1116560 1395.9
1116570 1399.6
1116580 1399.6
1116590 1402.5
1116600 1397.9
1116610 1397.9
1116620 1399.6
1116630 1402.6
1116640 1402.6
1116650 1399.6
1116660 1405.8
1116670 1405.8
1116680 1412.5
1116690 1411.0
1116700 1411.0
1116710 1416.1
1116720 1422.5
1116730 1422.5
1116740 1424.8
1116750 1435.4
1116760 1435.4
1116770 1440.0
1116780 1445.3
1116790 1445.3
1116800 1449.6
1116810 1453.3
1116820 1458.7
1116830 1458.7
1116840 1464.5
1116850 1471.1
1116860 1471.1
1116870 1476.9
1116880 1479.8
1116890 1479.8
1116900 1482.7
1116910 1483.2
1116920 1483.2
1116930 1482.0
1116940 1478.5
1116950 1478.5
1116960 1481.0
1116970 1486.6
1116980 1486.6
1116990 1488.1
1117000 1491.7
1117010 1491.7
1117020 1498.1
1117030 1504.8
1117040 1509.7
1117050 1509.7
1117060 1513.5
1117070 1518.3
1117080 1518.3
1117090 1530.7
1117100 1535.0
1117110 1535.0
1117120 1536.2
1117130 1532.7
1117140 1532.7
1117150 1525.7
1117160 1527.5
1117170 1527.5
1117180 1547.3
1117190 1557.5
1117200 1557.5
1117210 1567.0
1117220 1567.3
1117230 1567.3
1117240 1566.4
1117250 1567.2
1117260 1571.7
1117270 1571.7
1117280 1577.5
1117290 1584.2
1117300 1584.2
1117310 1591.9
1117320 1604.5
1117330 1604.5
1117340 1612.6
1117350 1624.0
1117360 1624.0
1117370 1633.1
1117380 1642.8
1117390 1642.8
1117400 1649.7
1117410 1653.0
1117420 1653.0
1117430 1655.3
1117440 1663.1
1117450 1663.1
1117460 1663.4
1117470 1664.5
1117480 1666.4
1117490 1666.4
1117500 1667.6
1117510 1670.2
1117520 1670.2
1117530 1672.1
1117540 1675.2
1117550 1675.2
1117560 1677.7
1117570 1684.7
1117580 1684.7
1117590 1691.8
1117600 1698.9
1117610 1698.9
1117620 1706.6
1117630 1713.6
1117640 1713.6
1117650 1719.8
1117660 1725.2
1117670 1725.2
1117680 1731.1
1117690 1736.5
1117700 1736.5
1117710 1741.4
1117720 1746.4
1117730 1750.0
1117740 1750.0
1117750 1753.8
1117760 1754.6
1117770 1754.6
1117780 1761.1
1117790 1762.3
1117800 1762.3
1117810 1764.6
1117820 1767.7
1117830 1767.7
1117840 1770.7
1117850 1773.4
1117860 1773.4
1117870 1776.1
1117880 1778.6
1117890 1778.6
1117900 1780.5
1117910 1784.7
1117920 1784.7
1117930 1791.4
1117940 1798.0
1117950 1803.3
1117960 1803.3
1117970 1811.0
1117980 1819.2
1117990 1819.2
1118000 1825.1
1118010 1829.8
1118020 1829.8
1118030 1835.2
1118040 1839.7
1118050 1839.7
1118060 1841.7
1118070 1844.4
1118080 1844.4
1118090 1847.2
1118100 1849.0
1118110 1849.0
1118120 1853.0
1118130 1861.1
1118140 1861.1
1118150 1866.2
1118160 1870.9
1118170 1876.0
1118180 1876.0
1118190 1883.6
1118200 1892.1
1118210 1892.1
1118220 1906.0
1118230 1918.9
1118240 1918.9
1118250 1925.5
1118260 1929.8
1118270 1929.8
1118280 1933.0
1118290 1936.8
1118300 1936.8
1118310 1942.6
1118320 1948.8
1118330 1948.8
1118340 1955.7
1118350 1959.8
1118360 1959.8
1118370 1962.7
1118380 1965.3
1118390 1967.3
1118400 1967.3
1118410 1967.6
1118420 1966.6
1118430 1966.6
1118440 1964.2
1118450 1960.4
1118460 1960.4
1118470 1958.1
1118480 1953.9
1118490 1953.9
1118500 1952.5
1118510 1951.9
1118520 1951.9
1118530 1951.1
1118540 1951.6
1118550 1951.6
1118560 1952.6
1118570 1953.5
1118580 1953.5
1118590 1957.4
1118600 1959.3
1118610 1959.3
1118620 1960.1
1118630 1962.6
1118640 1966.2
1118650 1966.2
1118660 1970.8
1118670 1977.8
1118680 1977.8
1118690 1985.5
1118700 1991.7
1118710 1991.7
1118720 1995.0
1118730 1996.0
1118740 1996.0
1118750 1996.7
1118760 1997.2
1118770 1997.2
1118780 1999.2
1118790 2000.9
1118800 2000.9
1118810 2003.5
1118820 2007.9
1118830 2007.9
1118840 2010.8
1118850 2013.4
1118860 2014.1
1118870 2014.1
1118880 2014.6
1118890 2017.7
1118900 2017.7
1118910 2021.5
1118920 2025.2
1118930 2025.2
1118940 2028.8
1118950 2032.2
1118960 2032.2
1118970 2034.7
1118980 2036.3
1118990 2036.3
1119000 2038.3
1119010 2039.6
1119020 2039.6
1119030 2040.4
1119040 2039.8
1119050 2039.8
1119060 2040.3
1119070 2041.6
1119080 2044.2
1119090 2044.2
1119100 2048.0
1119110 2050.7
1119120 2050.7
1119130 2053.7
1119140 2056.9
1119150 2056.9
1119160 2060.1
1119170 2065.3
1119180 2065.3
1119190 2067.0
1119200 2068.7
1119210 2068.7
1119220 2071.4
1119230 2074.1
1119240 2074.1
1119250 2077.0
1119260 2081.2
1119270 2081.2
1119280 2084.8
1119290 2088.8
1119300 2092.9
1119310 2092.9
1119320 2098.6
1119330 2104.5
1119340 2104.5
1119350 2110.0
1119360 2114.3
1119370 2114.3
1119380 2117.5
1119390 2120.6
1119400 2120.6
1119410 2124.0
1119420 2129.3
1119430 2129.3
1119440 2133.8
1119450 2138.1
1119460 2138.1
1119470 2142.6
1119480 2147.5
1119490 2147.5
1119500 2152.4
1119510 2151.5
1119520 2153.5
1119530 2153.5
1119540 2154.6
1119550 2156.4
1119560 2156.4
1119570 2159.9
1119580 2164.5
1119590 2164.5
1119600 2169.7
1119610 2178.1
1119620 2178.1
1119630 2188.9
1119640 2198.9
1119650 2198.9
1119660 2206.2
1119670 2208.3
1119680 2208.3
1119690 2213.8
1119700 2230.3
1119710 2230.3
1119720 2241.4
1119730 2248.8
1119740 2248.8
1119750 2252.7
1119760 2253.3
1119770 2254.1
1119780 2254.1
1119790 2257.0
1119800 2261.1
1119810 2261.1
1119820 2264.1
1119830 2268.9
1119840 2268.9
1119850 2273.7
1119860 2281.2
1119870 2281.2
1119880 2285.6
1119890 2290.9
1119900 2290.9
1119910 2295.6
1119920 2300.0
1119930 2300.0
1119940 2304.1
1119950 2311.5
1119960 2311.5
1119970 2321.7
1119980 2336.5
1119990 2345.2
