1100000 798.2
1100010 800.5
1100020 800.5
1100030 802.6
1100040 805.0
1100050 805.0
1100060 807.1
1100070 810.1
1100080 810.1
1100090 814.4
1100100 819.6
1100110 819.6
1100120 824.0
1100130 827.7
1100140 831.4
1100150 831.4
1100160 835.0
1100170 838.1
1100180 838.1
1100190 840.9
1100200 840.4
1100210 840.4
1100220 845.1
1100230 848.4
1100240 848.4
1100250 852.1
1100260 856.1
1100270 856.1
1100280 860.4
1100290 865.0
1100300 865.0
1100310 869.7
1100320 874.7
1100330 874.7
1100340 879.7
1100350 883.7
1100360 885.5
1100370 885.5
1100380 886.6
1100390 888.5
1100400 888.5
1100410 889.7
1100420 890.2
1100430 890.2
1100440 890.3
1100450 891.3
1100460 891.3
1100470 892.8
1100480 894.5
1100490 894.5
1100500 896.5
1100510 898.4
1100520 898.4
1100530 896.9
1100540 899.3
1100550 899.3
1100560 901.8
1100570 904.0
1100580 904.0
1100590 905.4
1100600 906.3
1100610 906.4
1100620 906.4
1100630 906.2
1100640 906.7
1100650 906.7
1100660 908.0
1100670 910.0
1100680 910.0
1100690 913.3
1100700 916.0
1100710 916.0
1100720 915.5
1100730 911.2
1100740 911.2
1100750 907.1
1100760 905.3
1100770 905.3
1100780 905.6
1100790 907.1
1100800 907.1
1100810 909.7
1100820 913.9
1100830 917.9
1100840 917.9
1100850 921.6
1100860 920.3
1100870 920.3
1100880 921.3
1100890 922.5
1100900 922.5
1100910 923.8
1100920 924.5
1100930 924.5
1100940 925.1
1100950 925.9
1100960 925.9
1100970 926.7
1100980 927.7
1100990 927.7
1101000 928.6
1101010 929.5
1101020 929.5
1101030 930.5
1101040 932.5
1101050 934.5
1101060 934.5
1101070 936.5
1101080 938.7
1101090 938.7
1101100 940.9
1101110 943.0
1101120 943.0
1101130 945.0
1101140 947.0
1101150 947.0
1101160 948.8
1101170 950.7
1101180 950.7
1101190 952.8
1101200 952.0
1101210 952.0
1101220 953.3
1101230 952.4
1101240 952.4
1101250 951.2
1101260 951.3
1101270 951.3
1101280 952.9
1101290 955.4
1101300 958.3
1101310 958.3
1101320 960.2
1101330 958.6
1101340 958.6
1101350 958.7
1101360 968.8
1101370 968.8
1101380 976.2
1101390 981.8
1101400 981.8
1101410 986.8
1101420 990.1
1101430 990.1
1101440 993.3
1101450 996.1
1101460 996.1
1101470 998.8
1101480 1001.0
1101490 1001.0
1101500 1002.1
1101510 1004.0
1101520 1005.5
1101530 1003.0
1101540 1005.1
1101550 1006.6
1101560 1006.6
1101570 1007.6
1101580 1008.7
1101590 1008.7
1101600 1010.2
1101610 1011.9
1101620 1011.9
1101630 1014.0
1101640 1015.8
1101650 1015.8
1101660 1018.4
1101670 1021.4
1101680 1021.4
1101690 1025.0
1101700 1028.2
1101710 1028.2
1101720 1031.4
1101730 1034.6
1101740 1037.5
1101750 1037.5
1101760 1039.8
1101770 1042.6
1101780 1042.6
1101790 1044.0
1101800 1044.7
1101810 1044.7
1101820 1046.5
1101830 1050.3
1101840 1050.3
1101850 1055.9
1101860 1059.5
1101870 1059.5
1101880 1063.4
1101890 1067.7
1101900 1067.7
1101910 1071.4
1101920 1073.3
1101930 1073.3
1101940 1074.0
1101950 1075.3
1101960 1075.3
1101970 1078.0
1101980 1081.9
1101990 1086.1
1102000 1086.1
1102010 1087.0
1102020 1086.5
1102030 1086.5
1102040 1086.7
1102050 1086.8
1102060 1086.8
1102070 1087.4
1102080 1088.9
1102090 1088.9
1102100 1089.9
1102110 1091.0
1102120 1091.0
1102130 1092.8
1102140 1095.9
1102150 1095.9
1102160 1098.6
1102170 1101.2
1102180 1101.2
1102190 1097.4
1102200 1099.4
1102210 1101.0
1102220 1101.0
1102230 1103.0
1102240 1105.7
1102250 1105.7
1102260 1107.8
1102270 1109.0
1102280 1109.0
1102290 1110.5
1102300 1112.3
1102310 1112.3
1102320 1113.6
1102330 1114.7
1102340 1114.7
1102350 1116.0
1102360 1117.4
1102370 1117.4
1102380 1118.9
1102390 1120.4
1102400 1120.4
1102410 1122.4
1102420 1125.0
1102430 1127.8
1102440 1127.8
1102450 1130.4
1102460 1132.0
1102470 1132.0
1102480 1132.5
1102490 1133.2
1102500 1133.2
1102510 1134.9
1102520 1132.9
1102530 1132.9
1102540 1134.9
1102550 1136.5
1102560 1136.5
1102570 1137.4
1102580 1138.7
1102590 1138.7
1102600 1141.0
1102610 1143.9
1102620 1143.9
1102630 1146.5
1102640 1148.4
1102650 1148.4
1102660 1149.5
1102670 1150.6
1102680 1152.6
1102690 1152.6
1102700 1154.6
1102710 1157.1
1102720 1157.1
1102730 1160.3
1102740 1163.3
1102750 1163.3
1102760 1166.3
1102770 1169.5
1102780 1169.5
1102790 1173.2
1102800 1176.9
1102810 1176.9
1102820 1180.1
1102830 1183.2
1102840 1183.2
1102850 1182.4
1102860 1185.5
1102870 1185.5
1102880 1188.5
1102890 1191.0
1102900 1193.4
1102910 1193.4
1102920 1196.3
1102930 1197.5
1102940 1197.5
1102950 1198.1
1102960 1198.0
1102970 1198.0
1102980 1197.6
1102990 1198.2
1103000 1198.2
1103010 1199.7
1103020 1201.7
1103030 1201.7
1103040 1202.6
1103050 1203.8
1103060 1203.8
1103070 1205.1
1103080 1205.8
1103090 1205.8
1103100 1208.5
1103110 1212.8
1103120 1212.8
1103130 1217.3
1103140 1220.3
1103150 1224.5
1103160 1224.5
1103170 1229.4
1103180 1233.0
1103190 1228.7
1103200 1231.8
1103210 1233.3
1103220 1233.3
1103230 1233.6
1103240 1232.7
1103250 1232.7
1103260 1231.8
1103270 1233.7
1103280 1233.7
1103290 1238.1
1103300 1241.4
1103310 1241.4
1103320 1243.2
1103330 1243.5
1103340 1243.5
1103350 1242.4
1103360 1239.2
1103370 1237.0
1103380 1237.0
1103390 1236.6
1103400 1236.6
1103410 1236.6
1103420 1236.6
1103430 1236.5
1103440 1236.5
1103450 1236.9
1103460 1238.4
1103470 1238.4
1103480 1239.8
1103490 1241.7
1103500 1241.7
1103510 1243.7
1103520 1243.0
1103530 1243.0
1103540 1244.3
1103550 1245.1
1103560 1245.1
1103570 1246.1
1103580 1247.7
1103590 1249.8
1103600 1249.8
1103610 1252.0
1103620 1254.8
1103630 1254.8
1103640 1258.1
1103650 1260.3
1103660 1260.3
1103670 1261.0
1103680 1260.8
1103690 1260.8
1103700 1260.4
1103710 1261.0
1103720 1261.0
1103730 1262.7
1103740 1264.4
1103750 1264.4
1103760 1265.3
1103770 1265.6
1103780 1265.6
1103790 1265.5
1103800 1264.8
1103810 1264.8
1103820 1263.5
1103830 1263.9
1103840 1264.3
1103850 1262.0
1103860 1262.5
1103870 1261.3
1103880 1261.3
1103890 1258.9
1103900 1259.1
1103910 1259.1
1103920 1259.2
1103930 1259.3
1103940 1259.3
1103950 1259.1
1103960 1258.8
1103970 1258.8
1103980 1257.8
1103990 1255.1
1104000 1255.1
1104010 1253.3
1104020 1252.7
1104030 1252.7
1104040 1251.1
1104050 1250.0
1104060 1249.8
1104070 1249.8
1104080 1249.5
1104090 1249.6
1104100 1249.6
1104110 1249.8
1104120 1249.8
1104130 1249.8
1104140 1249.1
1104150 1247.7
1104160 1247.7
1104170 1246.4
1104180 1244.9
1104190 1243.0
1104200 1238.5
1104210 1235.8
1104220 1235.8
1104230 1234.6
1104240 1233.1
1104250 1233.1
1104260 1231.1
1104270 1230.2
1104280 1229.7
1104290 1229.7
1104300 1227.9
1104310 1226.3
1104320 1226.3
1104330 1225.5
1104340 1224.7
1104350 1224.7
1104360 1223.5
1104370 1222.3
1104380 1222.3
1104390 1221.3
1104400 1220.2
1104410 1220.2
1104420 1219.8
1104430 1219.4
1104440 1219.4
1104450 1218.8
1104460 1217.9
1104470 1217.9
1104480 1216.7
1104490 1215.2
1104500 1215.2
1104510 1214.1
1104520 1210.7
1104530 1210.2
1104540 1210.2
1104550 1210.2
1104560 1209.8
1104570 1209.8
1104580 1209.1
1104590 1208.2
1104600 1208.2
1104610 1207.4
1104620 1206.5
1104630 1206.5
1104640 1205.7
1104650 1205.4
1104660 1205.4
1104670 1205.0
1104680 1204.4
1104690 1204.4
1104700 1203.9
1104710 1203.8
1104720 1203.8
1104730 1203.7
1104740 1203.7
1104750 1203.4
1104760 1203.4
1104770 1202.4
1104780 1201.1
1104790 1201.1
1104800 1199.5
1104810 1198.6
1104820 1198.6
1104830 1197.6
1104840 1195.4
1104850 1195.4
1104860 1188.7
1104870 1185.8
1104880 1185.8
1104890 1183.6
1104900 1181.8
1104910 1181.8
1104920 1180.3
1104930 1179.1
1104940 1179.1
1104950 1177.3
1104960 1175.7
1104970 1174.2
1104980 1174.2
1104990 1173.2
1105000 1172.6
1105010 1172.6
1105020 1172.0
1105030 1170.8
1105040 1170.8
1105050 1169.8
1105060 1168.8
1105070 1168.8
1105080 1167.8
1105090 1166.7
1105100 1166.7
1105110 1165.6
1105120 1164.7
1105130 1164.7
1105140 1163.4
1105150 1161.1
1105160 1161.1
1105170 1159.8
1105180 1159.3
1105190 1158.0
1105200 1157.6
1105210 1157.0
1105220 1155.5
1105230 1155.5
1105240 1153.1
1105250 1151.2
1105260 1151.2
1105270 1149.9
1105280 1149.1
1105290 1149.1
1105300 1148.5
1105310 1147.6
1105320 1147.6
1105330 1146.8
1105340 1145.9
1105350 1145.9
1105360 1144.9
1105370 1143.6
1105380 1143.6
1105390 1142.0
1105400 1140.1
1105410 1140.1
1105420 1138.2
1105430 1136.4
1105440 1134.7
1105450 1134.7
1105460 1132.9
1105470 1130.2
1105480 1130.2
1105490 1128.4
1105500 1127.4
1105510 1127.4
1105520 1126.6
1105530 1124.0
1105540 1124.0
1105550 1123.3
1105560 1123.1
1105570 1123.1
1105580 1123.7
1105590 1123.8
1105600 1123.8
1105610 1123.3
1105620 1122.5
1105630 1122.5
1105640 1122.1
1105650 1120.7
1105660 1119.1
1105670 1119.1
1105680 1117.4
1105690 1116.0
1105700 1116.0
1105710 1114.2
1105720 1109.9
1105730 1109.9
1105740 1104.8
1105750 1103.3
1105760 1103.3
1105770 1100.7
1105780 1096.8
1105790 1096.8
1105800 1093.0
1105810 1088.9
1105820 1088.9
1105830 1085.2
1105840 1082.1
1105850 1082.1
1105860 1076.4
1105870 1075.0
1105880 1075.0
1105890 1073.9
1105900 1073.0
1105910 1072.1
1105920 1072.1
1105930 1071.6
1105940 1070.7
1105950 1070.7
1105960 1068.4
1105970 1065.1
1105980 1065.1
1105990 1054.3
1106000 1044.9
1106010 1044.9
1106020 1041.5
1106030 1039.7
1106040 1039.7
1106050 1037.7
1106060 1035.3
1106070 1035.3
1106080 1032.6
1106090 1031.1
1106100 1031.1
1106110 1028.2
1106120 1023.2
1106130 1017.3
1106140 1017.3
1106150 1011.0
1106160 1004.8
1106170 1004.8
1106180 1000.2
1106190 996.2
1106200 995.8
1106210 991.8
1106220 986.4
1106230 986.4
1106240 982.4
1106250 976.5
1106260 976.5
1106270 973.3
1106280 967.5
1106290 967.5
1106300 962.0
1106310 961.9
1106320 961.9
1106330 966.2
1106340 968.5
1106350 968.5
1106360 969.8
1106370 971.4
1106380 971.6
1106390 971.6
1106400 973.4
1106410 974.5
1106420 974.5
1106430 975.1
1106440 977.3
1106450 977.3
1106460 982.8
1106470 988.7
1106480 988.7
1106490 991.6
1106500 994.3
1106510 994.3
1106520 996.4
1106530 994.2
1106540 994.2
1106550 994.5
1106560 994.8
1106570 994.8
1106580 996.4
1106590 998.0
1106600 996.9
1106610 996.9
1106620 995.7
1106630 990.8
1106640 990.8
1106650 987.5
1106660 985.7
1106670 985.7
1106680 987.8
1106690 991.6
1106700 991.6
1106710 993.6
1106720 993.7
1106730 993.7
1106740 994.0
1106750 994.7
1106760 994.7
1106770 994.6
1106780 993.6
1106790 993.6
1106800 991.3
1106810 988.1
1106820 985.7
1106830 985.7
1106840 984.3
1106850 983.8
1106860 983.8
1106870 979.5
1106880 978.6
1106890 978.6
1106900 976.7
1106910 972.6
1106920 972.6
1106930 969.8
1106940 968.8
1106950 968.8
1106960 969.6
1106970 970.9
1106980 970.9
1106990 971.0
1107000 969.0
1107010 969.0
1107020 968.1
1107030 968.1
1107040 968.1
1107050 967.6
1107060 965.5
1107070 962.6
1107080 962.6
1107090 959.9
1107100 957.5
1107110 957.5
1107120 954.6
1107130 946.9
1107140 946.9
1107150 938.1
1107160 935.7
1107170 935.7
1107180 936.1
1107190 936.7
1107200 928.3
1107210 931.3
1107220 933.9
1107230 933.9
1107240 932.9
1107250 926.4
1107260 926.4
1107270 923.9
1107280 923.5
1107290 920.0
1107300 920.0
1107310 918.1
1107320 915.7
1107330 915.7
1107340 915.8
1107350 915.1
1107360 915.1
1107370 914.4
1107380 913.4
1107390 913.4
1107400 912.5
1107410 913.5
1107420 913.5
1107430 913.1
1107440 911.8
1107450 911.8
1107460 910.6
1107470 909.5
1107480 909.5
1107490 909.1
1107500 908.0
1107510 907.3
1107520 907.3
1107530 907.8
1107540 903.9
1107550 903.9
1107560 903.5
1107570 901.7
1107580 901.7
1107590 898.1
1107600 897.1
1107610 897.1
1107620 895.7
1107630 894.6
1107640 894.6
1107650 892.5
1107660 890.3
1107670 890.3
1107680 887.7
1107690 886.8
1107700 886.8
1107710 887.7
1107720 888.5
1107730 888.5
1107740 885.9
1107750 879.4
1107760 873.9
1107770 873.9
1107780 870.2
1107790 866.5
1107800 866.5
1107810 861.7
1107820 855.7
1107830 855.7
1107840 853.2
1107850 854.6
1107860 854.6
1107870 851.7
1107880 839.2
1107890 839.2
1107900 833.5
1107910 830.0
1107920 830.0
1107930 826.8
1107940 825.5
1107950 825.5
1107960 826.0
1107970 828.2
1107980 830.3
1107990 830.3
1108000 830.8
1108010 829.8
1108020 829.8
1108030 828.3
1108040 827.3
1108050 827.3
1108060 826.0
1108070 824.6
1108080 824.6
1108090 823.6
1108100 823.4
1108110 823.4
1108120 823.6
1108130 824.0
1108140 824.0
1108150 824.1
1108160 823.9
1108170 823.9
1108180 823.1
1108190 822.3
1108200 822.2
1108210 823.9
1108220 824.1
1108230 824.4
1108240 824.4
1108250 824.6
1108260 824.9
1108270 824.9
1108280 825.1
1108290 824.4
1108300 824.4
1108310 824.9
1108320 826.4
1108330 826.4
1108340 827.3
1108350 827.6
1108360 827.6
1108370 827.8
1108380 828.1
1108390 828.1
1108400 828.3
1108410 828.5
1108420 828.5
1108430 828.8
1108440 828.8
1108450 828.8
1108460 828.8
1108470 829.0
1108480 829.4
1108490 829.4
1108500 829.7
1108510 830.0
1108520 830.0
1108530 830.4
1108540 830.6
1108550 830.8
1108560 831.3
1108570 831.6
1108580 831.6
1108590 831.7
1108600 832.0
1108610 832.0
1108620 832.3
1108630 832.5
1108640 832.5
1108650 832.8
1108660 833.2
1108670 833.5
1108680 833.5
1108690 833.7
1108700 834.1
1108710 834.1
1108720 834.4
1108730 834.7
1108740 834.7
1108750 835.2
1108760 835.6
1108770 835.6
1108780 835.9
1108790 836.3
1108800 836.3
1108810 836.6
1108820 836.9
1108830 836.9
1108840 837.2
1108850 837.4
1108860 837.4
1108870 837.7
1108880 838.0
1108890 837.3
1108900 837.3
1108910 837.3
1108920 836.8
1108930 836.8
1108940 836.9
1108950 837.5
1108960 837.5
1108970 837.8
1108980 838.4
1108990 838.4
1109000 838.6
1109010 838.8
1109020 838.8
1109030 839.2
1109040 839.6
1109050 839.6
1109060 840.2
1109070 840.6
1109080 840.6
1109090 841.1
1109100 841.3
1109110 841.3
1109120 841.8
1109130 842.1
1109140 842.0
1109150 842.0
1109160 842.3
1109170 842.5
1109180 842.5
1109190 842.8
1109200 843.5
1109210 843.5
1109220 842.7
1109230 843.7
1109240 843.7
1109250 844.9
1109260 846.2
1109270 846.2
1109280 848.2
1109290 849.9
1109300 849.9
1109310 850.9
1109320 851.6
1109330 851.6
1109340 852.4
1109350 853.0
1109360 854.0
1109370 854.0
1109380 854.8
1109390 854.9
1109400 854.9
1109410 854.1
1109420 853.3
1109430 853.3
1109440 852.4
1109450 851.4
1109460 851.4
1109470 850.6
1109480 850.1
1109490 850.1
1109500 849.2
1109510 848.7
1109520 848.7
1109530 848.2
1109540 849.0
1109550 849.0
1109560 848.8
1109570 848.7
1109580 848.9
1109590 848.9
1109600 849.7
1109610 850.6
1109620 850.6
1109630 850.9
1109640 851.7
1109650 851.7
1109660 852.3
1109670 852.6
1109680 852.6
1109690 852.6
1109700 852.4
1109710 852.4
1109720 852.0
1109730 851.7
1109740 851.7
1109750 851.9
1109760 852.5
1109770 852.5
1109780 853.1
1109790 853.3
1109800 853.3
1109810 853.2
1109820 853.3
1109830 853.7
1109840 853.7
1109850 854.4
1109860 855.7
1109870 855.7
1109880 856.8
1109890 857.3
1109900 856.4
1109910 857.3
1109920 857.8
1109930 857.8
1109940 858.1
1109950 858.3
1109960 858.3
1109970 858.4
1109980 858.2
1109990 858.2
1110000 858.0
1110010 857.7
1110020 857.7
1110030 857.6
1110040 857.8
1110050 858.7
1110060 858.7
1110070 859.4
1110080 860.4
1110090 860.4
1110100 863.6
1110110 866.5
1110120 866.5
1110130 867.5
1110140 868.5
1110150 868.5
1110160 870.3
1110170 872.0
1110180 872.0
1110190 872.3
1110200 869.2
1110210 869.2
1110220 866.0
1110230 865.7
1110240 866.6
1110250 866.3
1110260 864.9
1110270 864.0
1110280 864.0
1110290 865.3
1110300 867.5
1110310 867.5
1110320 869.0
1110330 869.3
1110340 869.3
1110350 869.7
1110360 869.9
1110370 869.9
1110380 870.3
1110390 870.4
1110400 870.4
1110410 870.3
1110420 870.3
1110430 870.3
1110440 870.3
1110450 870.1
1110460 870.1
1110470 869.9
1110480 869.4
1110490 869.4
1110500 869.1
1110510 868.8
1110520 869.2
1110530 869.2
1110540 869.8
1110550 869.9
1110560 869.9
1110570 870.3
1110580 871.5
1110590 871.5
1110600 871.1
1110610 870.8
1110620 870.8
1110630 872.3
1110640 874.6
1110650 874.6
1110660 875.7
1110670 876.6
1110680 876.6
1110690 879.1
1110700 882.3
1110710 882.3
1110720 884.2
1110730 884.8
1110740 885.5
1110750 885.5
1110760 886.2
1110770 886.2
1110780 886.2
1110790 885.9
1110800 885.8
1110810 885.8
1110820 885.8
1110830 885.6
1110840 885.6
1110850 885.5
1110860 886.3
1110870 886.3
1110880 886.8
1110890 887.2
1110900 887.2
1110910 888.2
1110920 888.6
1110930 888.6
1110940 890.5
1110950 891.1
1110960 893.4
1110970 893.4
1110980 894.9
1110990 896.8
1111000 896.8
1111010 899.8
1111020 900.6
1111030 900.6
1111040 900.8
1111050 900.5
1111060 900.5
1111070 900.2
1111080 900.2
1111090 900.2
1111100 900.4
1111110 900.6
1111120 900.6
1111130 899.9
1111140 900.6
1111150 900.6
1111160 901.4
1111170 900.7
1111180 900.7
1111190 901.1
1111200 901.5
1111210 903.3
1111220 903.3
1111230 904.9
1111240 906.5
1111250 906.5
1111260 905.0
1111270 907.2
1111280 907.2
1111290 910.5
1111300 912.9
1111310 912.9
1111320 913.9
1111330 916.3
1111340 916.3
1111350 918.5
1111360 920.3
1111370 920.3
1111380 921.5
1111390 924.4
1111400 924.4
1111410 927.2
1111420 929.5
1111430 931.6
1111440 931.6
1111450 934.5
1111460 935.9
1111470 935.9
1111480 936.1
1111490 936.2
1111500 936.2
1111510 937.1
1111520 938.4
1111530 938.4
1111540 940.3
1111550 942.9
1111560 942.9
1111570 946.3
1111580 950.2
1111590 950.2
1111600 952.8
1111610 954.2
1111620 954.2
1111630 955.2
1111640 956.5
1111650 957.7
1111660 957.7
1111670 957.1
1111680 960.5
1111690 960.5
1111700 964.9
1111710 964.5
1111720 964.5
1111730 965.4
1111740 971.3
1111750 971.3
1111760 979.4
1111770 986.6
1111780 986.6
1111790 990.5
1111800 993.6
1111810 993.6
1111820 996.6
1111830 1001.5
1111840 1001.5
1111850 1006.7
1111860 1011.0
1111870 1011.0
1111880 1014.1
1111890 1017.3
1111900 1022.0
1111910 1022.0
1111920 1025.5
1111930 1028.2
1111940 1027.2
1111950 1029.8
1111960 1032.9
1111970 1032.9
1111980 1037.4
1111990 1040.9
1112000 1040.9
1112010 1043.5
1112020 1044.6
1112030 1044.6
1112040 1045.9
1112050 1048.8
1112060 1048.8
1112070 1052.5
1112080 1059.0
1112090 1059.0
1112100 1064.0
1112110 1069.6
1112120 1074.5
1112130 1074.5
1112140 1081.0
1112150 1089.5
1112160 1089.5
1112170 1097.3
1112180 1103.1
1112190 1103.1
1112200 1106.8
1112210 1109.7
1112220 1109.7
1112230 1113.4
1112240 1117.9
1112250 1117.9
1112260 1123.0
1112270 1126.6
1112280 1122.3
1112290 1124.4
1112300 1126.2
1112310 1126.2
1112320 1129.2
1112330 1132.6
1112340 1134.9
1112350 1134.9
1112360 1137.8
1112370 1140.3
1112380 1140.3
1112390 1142.4
1112400 1143.8
1112410 1143.8
1112420 1145.3
1112430 1147.4
1112440 1147.4
1112450 1148.9
1112460 1149.8
1112470 1149.8
1112480 1152.0
1112490 1155.5
1112500 1155.5
1112510 1160.3
1112520 1162.8
1112530 1162.8
1112540 1165.5
1112550 1166.3
1112560 1166.3
1112570 1166.2
1112580 1167.3
1112590 1168.7
1112600 1168.7
1112610 1175.6
1112620 1176.2
1112630 1176.2
1112640 1181.3
1112650 1187.0
1112660 1187.0
1112670 1193.3
1112680 1201.0
1112690 1201.0
1112700 1207.8
1112710 1209.5
1112720 1209.5
1112730 1210.4
1112740 1210.2
1112750 1210.2
1112760 1212.8
1112770 1215.3
1112780 1215.3
1112790 1216.1
1112800 1216.5
1112810 1218.1
1112820 1218.1
1112830 1220.7
1112840 1222.9
1112850 1222.9
1112860 1224.9
1112870 1227.4
1112880 1227.4
1112890 1230.1
1112900 1233.2
1112910 1233.2
1112920 1234.8
1112930 1235.3
1112940 1235.3
1112950 1237.4
1112960 1232.4
1112970 1232.4
1112980 1232.3
1112990 1231.7
1113000 1231.7
1113010 1231.6
1113020 1231.2
1113030 1232.5
1113040 1232.5
1113050 1233.0
1113060 1233.0
1113070 1233.0
1113080 1232.9
1113090 1232.2
1113100 1232.2
1113110 1232.1
1113120 1231.6
1113130 1231.6
1113140 1231.4
1113150 1231.3
1113160 1231.3
1113170 1229.7
1113180 1227.7
1113190 1227.7
1113200 1225.4
1113210 1224.0
1113220 1224.0
1113230 1222.7
1113240 1222.7
1113250 1222.7
1113260 1224.1
1113270 1224.2
1113280 1225.1
1113290 1225.1
1113300 1222.7
1113310 1225.1
1113320 1225.1
1113330 1228.5
1113340 1233.5
1113350 1233.5
1113360 1237.3
1113370 1240.8
1113380 1240.8
1113390 1243.1
1113400 1244.8
1113410 1244.8
1113420 1246.6
1113430 1248.7
1113440 1248.7
1113450 1250.3
1113460 1250.8
1113470 1250.8
1113480 1251.4
1113490 1251.9
1113500 1253.9
1113510 1253.9
1113520 1257.1
1113530 1261.0
1113540 1261.0
1113550 1265.8
1113560 1269.0
1113570 1269.0
1113580 1271.4
1113590 1272.9
1113600 1272.9
1113610 1275.3
1113620 1279.1
1113630 1279.1
1113640 1280.3
1113650 1284.3
1113660 1284.3
1113670 1289.3
1113680 1293.5
1113690 1293.5
1113700 1297.0
1113710 1301.6
1113720 1306.0
1113730 1306.0
1113740 1310.2
1113750 1314.5
1113760 1314.5
1113770 1320.0
1113780 1325.3
1113790 1325.3
1113800 1330.3
1113810 1335.5
1113820 1335.5
1113830 1340.9
1113840 1345.5
1113850 1345.5
1113860 1348.1
1113870 1349.6
1113880 1349.6
1113890 1350.2
1113900 1347.1
1113910 1347.1
1113920 1342.9
1113930 1344.8
1113940 1344.8
1113950 1350.4
1113960 1354.7
1113970 1356.7
1113980 1356.7
1113990 1355.0
1114000 1356.6
1114010 1356.6
1114020 1359.4
1114030 1361.8
1114040 1361.8
1114050 1362.9
1114060 1362.2
1114070 1362.2
1114080 1362.7
1114090 1364.2
1114100 1364.2
1114110 1367.3
1114120 1371.0
1114130 1371.0
1114140 1374.3
1114150 1376.8
1114160 1376.8
1114170 1379.3
1114180 1382.1
1114190 1384.1
1114200 1384.1
1114210 1386.4
1114220 1389.7
1114230 1389.7
1114240 1393.0
1114250 1397.4
1114260 1397.4
1114270 1402.0
1114280 1405.4
1114290 1405.4
1114300 1408.1
1114310 1410.9
1114320 1410.9
1114330 1408.8
1114340 1412.8
1114350 1412.8
1114360 1416.7
1114370 1421.2
1114380 1421.2
1114390 1425.3
1114400 1429.2
1114410 1433.3
1114420 1433.3
1114430 1436.9
1114440 1439.8
1114450 1439.8
1114460 1442.0
1114470 1444.8
1114480 1444.8
1114490 1449.4
1114500 1456.1
1114510 1456.1
1114520 1463.0
1114530 1469.9
1114540 1469.9
1114550 1475.3
1114560 1480.4
1114570 1480.4
1114580 1486.1
1114590 1491.2
1114600 1491.2
1114610 1496.4
1114620 1499.9
1114630 1499.9
1114640 1503.2
1114650 1506.7
1114660 1509.0
1114670 1501.7
1114680 1502.9
1114690 1503.8
1114700 1503.8
1114710 1504.1
1114720 1504.4
1114730 1504.4
1114740 1504.8
1114750 1505.6
1114760 1505.6
1114770 1507.4
1114780 1509.8
1114790 1509.8
1114800 1513.1
1114810 1517.7
1114820 1517.7
1114830 1523.3
1114840 1530.7
1114850 1530.7
1114860 1539.8
1114870 1541.9
1114880 1542.0
1114890 1542.0
1114900 1543.7
1114910 1549.9
1114920 1549.9
1114930 1555.2
1114940 1558.0
1114950 1558.0
1114960 1558.6
1114970 1561.4
1114980 1561.4
1114990 1565.4
1115000 1567.0
1115010 1567.0
1115020 1565.0
1115030 1570.1
1115040 1570.1
1115050 1574.9
1115060 1578.5
1115070 1578.5
1115080 1580.0
1115090 1581.7
1115100 1586.1
1115110 1586.1
1115120 1593.4
1115130 1601.8
1115140 1601.8
1115150 1609.3
1115160 1616.7
1115170 1616.7
1115180 1622.6
1115190 1627.1
1115200 1627.1
1115210 1631.6
1115220 1634.8
1115230 1634.8
1115240 1637.6
1115250 1641.2
1115260 1641.2
1115270 1646.3
1115280 1651.1
1115290 1651.1
1115300 1654.9
1115310 1658.0
1115320 1658.0
1115330 1660.5
1115340 1663.1
1115350 1666.3
1115360 1660.0
1115370 1662.4
1115380 1665.2
1115390 1665.2
1115400 1668.0
1115410 1669.8
1115420 1669.8
1115430 1671.2
1115440 1672.2
1115450 1672.2
1115460 1673.9
1115470 1677.8
1115480 1677.8
1115490 1682.0
1115500 1685.9
1115510 1685.9
1115520 1689.8
1115530 1693.3
1115540 1693.3
1115550 1696.5
1115560 1699.5
1115570 1701.7
1115580 1701.7
1115590 1703.6
1115600 1705.2
1115610 1705.2
1115620 1707.7
1115630 1711.3
1115640 1711.3
1115650 1714.5
1115660 1718.8
1115670 1718.8
1115680 1723.2
1115690 1729.5
1115700 1723.0
1115710 1729.8
1115720 1738.1
1115730 1738.1
1115740 1743.2
1115750 1747.2
1115760 1747.2
1115770 1748.9
1115780 1750.3
1115790 1751.6
1115800 1751.6
1115810 1751.1
1115820 1750.7
1115830 1750.7
1115840 1751.4
1115850 1753.3
1115860 1753.3
1115870 1754.9
1115880 1758.0
1115890 1758.0
1115900 1761.7
1115910 1767.1
1115920 1767.1
1115930 1773.0
1115940 1779.4
1115950 1779.4
1115960 1784.6
1115970 1788.4
1115980 1788.4
1115990 1791.8
1116000 1797.0
1116010 1797.0
1116020 1816.5
1116030 1828.1
1116040 1840.6
1116050 1837.4
1116060 1841.7
1116070 1842.1
1116080 1842.1
1116090 1843.4
1116100 1843.5
1116110 1843.5
1116120 1843.6
1116130 1844.5
1116140 1844.5
1116150 1846.1
1116160 1850.0
1116170 1850.0
1116180 1849.6
1116190 1849.4
1116200 1849.4
1116210 1852.9
1116220 1853.5
1116230 1853.5
1116240 1852.5
1116250 1855.4
1116260 1857.6
1116270 1857.6
1116280 1860.6
1116290 1863.9
1116300 1863.9
1116310 1867.1
1116320 1869.8
1116330 1869.8
1116340 1871.9
1116350 1873.9
1116360 1873.9
1116370 1875.9
1116380 1876.8
1116390 1870.3
1116400 1870.5
1116410 1871.4
1116420 1871.4
1116430 1873.1
1116440 1875.2
1116450 1875.2
1116460 1878.1
1116470 1881.1
1116480 1883.8
1116490 1883.8
1116500 1886.1
1116510 1888.0
1116520 1888.0
1116530 1890.3
1116540 1892.6
1116550 1892.6
1116560 1894.1
1116570 1894.6
1116580 1894.6
1116590 1894.5
1116600 1895.2
1116610 1895.2
1116620 1896.8
1116630 1898.3
1116640 1898.3
1116650 1899.4
1116660 1899.9
1116670 1899.9
1116680 1900.5
1116690 1900.1
1116700 1900.1
1116710 1899.3
1116720 1896.9
1116730 1894.3
1116740 1891.6
1116750 1889.5
1116760 1887.7
1116770 1887.7
1116780 1885.4
1116790 1882.7
1116800 1882.7
1116810 1880.1
1116820 1878.0
1116830 1878.0
1116840 1875.9
1116850 1871.0
1116860 1871.0
1116870 1866.0
1116880 1863.1
1116890 1863.1
1116900 1861.4
1116910 1857.6
1116920 1857.6
1116930 1852.2
1116940 1847.5
1116950 1837.3
1116960 1837.3
1116970 1827.7
1116980 1818.6
1116990 1818.6
1117000 1810.5
1117010 1803.0
1117020 1803.0
1117030 1796.2
1117040 1790.0
1117050 1790.0
1117060 1784.5
1117070 1780.1
1117080 1774.6
1117090 1769.7
1117100 1765.4
1117110 1765.4
1117120 1761.2
1117130 1756.7
1117140 1756.7
1117150 1753.7
1117160 1756.2
1117170 1754.6
1117180 1754.6
1117190 1745.2
1117200 1742.5
1117210 1742.5
1117220 1737.3
1117230 1730.7
1117240 1730.7
1117250 1722.5
1117260 1715.6
1117270 1715.6
1117280 1707.0
1117290 1696.9
1117300 1696.9
1117310 1687.2
1117320 1677.8
1117330 1677.8
1117340 1662.2
1117350 1655.3
1117360 1655.3
1117370 1648.1
1117380 1640.8
1117390 1640.8
1117400 1634.2
1117410 1627.7
1117420 1623.6
1117430 1616.3
1117440 1611.8
1117450 1605.2
1117460 1605.2
1117470 1598.1
1117480 1591.0
1117490 1591.0
1117500 1584.1
1117510 1578.4
1117520 1578.4
1117530 1572.8
1117540 1566.6
1117550 1566.6
1117560 1560.4
1117570 1553.9
1117580 1553.9
1117590 1547.2
1117600 1539.9
1117610 1539.9
1117620 1532.9
1117630 1525.6
1117640 1517.2
1117650 1517.2
1117660 1509.4
1117670 1507.0
1117680 1507.0
1117690 1505.2
1117700 1504.0
1117710 1504.0
1117720 1502.9
1117730 1502.3
1117740 1502.3
1117750 1498.4
1117760 1502.0
1117770 1502.9
1117780 1507.5
1117790 1510.2
1117800 1510.2
1117810 1513.1
1117820 1515.7
1117830 1515.7
1117840 1517.5
1117850 1522.6
1117860 1528.9
1117870 1528.9
1117880 1535.1
1117890 1539.0
1117900 1539.0
1117910 1542.3
1117920 1545.9
1117930 1545.9
1117940 1548.6
1117950 1551.0
1117960 1551.0
1117970 1553.8
1117980 1556.3
1117990 1556.3
1118000 1558.9
1118010 1562.2
1118020 1562.2
1118030 1565.8
1118040 1570.1
1118050 1570.1
1118060 1574.5
1118070 1578.7
1118080 1578.7
1118090 1583.1
1118100 1588.3
1118110 1594.4
1118120 1594.7
1118130 1600.4
1118140 1606.3
1118150 1606.3
1118160 1612.8
1118170 1620.3
1118180 1620.3
1118190 1628.4
1118200 1635.8
1118210 1635.8
1118220 1641.7
1118230 1648.8
1118240 1648.8
1118250 1657.1
1118260 1666.1
1118270 1666.1
1118280 1673.9
1118290 1680.5
1118300 1680.5
1118310 1686.7
1118320 1692.6
1118330 1698.6
1118340 1698.6
1118350 1703.9
1118360 1709.1
1118370 1709.1
1118380 1715.3
1118390 1720.8
1118400 1720.8
1118410 1726.7
1118420 1735.5
1118430 1735.5
1118440 1745.0
1118450 1755.3
1118460 1753.4
1118470 1762.4
1118480 1771.2
1118490 1771.2
1118500 1779.9
1118510 1790.0
1118520 1790.0
1118530 1800.7
1118540 1810.9
1118550 1817.3
1118560 1817.3
1118570 1824.6
1118580 1831.3
1118590 1831.3
1118600 1838.9
1118610 1847.3
1118620 1847.3
1118630 1857.0
1118640 1868.3
1118650 1868.3
1118660 1879.5
1118670 1888.6
1118680 1888.6
1118690 1894.1
1118700 1898.2
1118710 1898.2
1118720 1902.8
1118730 1907.3
1118740 1907.3
1118750 1910.6
1118760 1913.3
1118770 1913.3
1118780 1915.6
1118790 1919.4
1118800 1923.1
1118810 1925.5
1118820 1928.0
1118830 1929.2
1118840 1929.2
1118850 1930.6
1118860 1931.6
1118870 1931.6
1118880 1929.6
1118890 1928.1
1118900 1928.1
1118910 1927.6
1118920 1926.9
1118930 1926.9
1118940 1926.4
1118950 1925.3
1118960 1925.3
1118970 1924.6
1118980 1923.1
1118990 1923.1
1119000 1921.1
1119010 1919.6
1119020 1919.1
1119030 1919.1
1119040 1918.3
1119050 1917.7
1119060 1917.7
1119070 1915.8
1119080 1914.0
1119090 1914.0
1119100 1912.7
1119110 1912.2
1119120 1912.2
1119130 1908.4
1119140 1903.1
1119150 1903.1
1119160 1901.7
1119170 1897.9
1119180 1897.9
1119190 1895.6
1119200 1894.7
1119210 1894.7
1119220 1894.3
1119230 1894.0
1119240 1893.3
1119250 1893.3
1119260 1892.7
1119270 1891.9
1119280 1891.9
1119290 1890.3
1119300 1888.9
1119310 1888.9
1119320 1884.3
1119330 1882.1
1119340 1882.1
1119350 1880.8
1119360 1878.7
1119370 1878.7
1119380 1876.8
1119390 1874.5
1119400 1874.5
1119410 1870.1
1119420 1862.3
1119430 1862.3
1119440 1856.5
1119450 1856.9
1119460 1856.9
1119470 1857.9
1119480 1854.7
1119490 1850.8
1119500 1850.8
1119510 1849.3
1119520 1843.9
1119530 1843.9
1119540 1838.7
1119550 1832.5
1119560 1832.5
1119570 1830.7
1119580 1829.7
1119590 1829.7
1119600 1825.8
1119610 1820.3
1119620 1820.3
1119630 1813.8
1119640 1806.9
1119650 1806.9
1119660 1803.5
1119670 1796.9
1119680 1796.9
1119690 1789.6
1119700 1783.6
1119710 1776.9
1119720 1776.9
1119730 1770.3
1119740 1765.1
1119750 1765.1
1119760 1760.3
1119770 1756.2
1119780 1756.2
1119790 1751.6
1119800 1746.8
1119810 1746.8
1119820 1741.9
1119830 1740.1
1119840 1740.1
1119850 1740.1
1119860 1740.0
1119870 1740.0
1119880 1740.0
1119890 1740.4
1119900 1740.4
1119910 1740.7
1119920 1741.0
1119930 1741.2
1119940 1741.2
1119950 1741.8
1119960 1741.1
1119970 1741.1
1119980 1741.3
1119990 1742.7
