1100000 991.5
1100010 991.5
1100020 995.2
1100030 998.5
1100040 998.5
1100050 1002.5
1100060 1004.7
1100070 1004.7
1100080 1006.1
1100090 1008.5
1100100 1006.9
1100110 1006.9
1100120 1008.7
1100130 1012.0
1100140 1012.0
1100150 1015.2
1100160 1018.2
1100170 1018.2
1100180 1020.8
1100190 1022.8
1100200 1022.8
1100210 1024.1
1100220 1025.7
1100230 1025.7
1100240 1028.0
1100250 1029.6
1100260 1029.6
1100270 1029.7
1100280 1029.8
1100290 1029.8
1100300 1030.3
1100310 1030.4
1100320 1031.2
1100330 1031.2
1100340 1032.1
1100350 1033.3
1100360 1033.3
1100370 1034.2
1100380 1035.4
1100390 1035.4
1100400 1035.7
1100410 1035.5
1100420 1035.5
1100430 1035.8
1100440 1034.1
1100450 1034.1
1100460 1035.0
1100470 1036.0
1100480 1036.0
1100490 1036.7
1100500 1037.2
1100510 1037.2
1100520 1037.9
1100530 1038.5
1100540 1038.5
1100550 1039.0
1100560 1039.5
1100570 1040.1
1100580 1040.1
1100590 1040.7
1100600 1041.2
1100610 1041.2
1100620 1041.8
1100630 1042.3
1100640 1042.3
1100650 1042.9
1100660 1043.5
1100670 1043.5
1100680 1044.1
1100690 1044.6
1100700 1044.6
1100710 1045.2
1100720 1045.8
1100730 1045.8
1100740 1046.2
1100750 1046.9
1100760 1046.9
1100770 1046.4
1100780 1049.0
1100790 1050.6
1100800 1050.6
1100810 1052.9
1100820 1055.0
1100830 1055.0
1100840 1057.0
1100850 1059.3
1100860 1059.3
1100870 1061.6
1100880 1062.9
1100890 1062.9
1100900 1064.3
1100910 1065.7
1100920 1065.7
1100930 1067.2
1100940 1068.9
1100950 1068.9
1100960 1070.9
1100970 1072.5
1100980 1072.5
1100990 1073.7
1101000 1074.7
1101010 1076.0
1101020 1076.0
1101030 1076.4
1101040 1078.0
1101050 1078.0
1101060 1079.3
1101070 1080.3
1101080 1080.3
1101090 1081.1
1101100 1080.7
1101110 1080.7
1101120 1081.5
1101130 1083.0
1101140 1083.0
1101150 1084.6
1101160 1086.1
1101170 1086.1
1101180 1087.7
1101190 1089.5
1101200 1089.5
1101210 1091.2
1101220 1092.7
1101230 1092.7
1101240 1094.9
1101250 1097.6
1101260 1100.6
1101270 1100.6
1101280 1103.4
1101290 1105.5
1101300 1105.5
1101310 1107.8
1101320 1110.3
1101330 1110.3
1101340 1112.7
1101350 1115.0
1101360 1115.0
1101370 1117.3
1101380 1119.5
1101390 1119.5
1101400 1121.2
1101410 1122.9
1101420 1122.9
1101430 1122.2
1101440 1124.2
1101450 1124.2
1101460 1127.4
1101470 1130.9
1101480 1134.8
1101490 1134.8
1101500 1138.0
1101510 1142.4
1101520 1142.4
1101530 1147.4
1101540 1150.7
1101550 1150.7
1101560 1153.4
1101570 1155.5
1101580 1155.5
1101590 1157.3
1101600 1159.0
1101610 1159.0
1101620 1160.6
1101630 1162.4
1101640 1162.4
1101650 1164.1
1101660 1165.9
1101670 1165.9
1101680 1167.6
1101690 1169.0
1101700 1169.0
1101710 1169.2
1101720 1167.6
1101730 1166.5
1101740 1166.5
1101750 1169.2
1101760 1174.1
1101770 1174.1
1101780 1177.7
1101790 1180.3
1101800 1180.3
1101810 1182.9
1101820 1185.2
1101830 1185.2
1101840 1187.4
1101850 1190.2
1101860 1190.2
1101870 1192.9
1101880 1195.3
1101890 1195.3
1101900 1197.4
1101910 1199.6
1101920 1199.6
1101930 1202.5
1101940 1206.0
1101950 1209.7
1101960 1209.7
1101970 1213.4
1101980 1217.2
1101990 1217.2
1102000 1220.7
1102010 1223.8
1102020 1223.8
1102030 1227.0
1102040 1230.0
1102050 1230.0
1102060 1232.4
1102070 1235.0
1102080 1235.0
1102090 1234.5
1102100 1236.7
1102110 1236.7
1102120 1238.9
1102130 1241.1
1102140 1241.1
1102150 1243.3
1102160 1244.7
1102170 1245.4
1102180 1245.4
1102190 1245.8
1102200 1247.6
1102210 1247.6
1102220 1249.8
1102230 1251.7
1102240 1251.7
1102250 1255.2
1102260 1258.6
1102270 1258.6
1102280 1262.2
1102290 1266.0
1102300 1266.0
1102310 1270.2
1102320 1273.9
1102330 1273.9
1102340 1277.0
1102350 1280.8
1102360 1280.8
1102370 1284.2
1102380 1286.2
1102390 1286.2
1102400 1287.0
1102410 1288.2
1102420 1285.5
1102430 1285.5
1102440 1286.8
1102450 1287.4
1102460 1287.4
1102470 1288.1
1102480 1288.9
1102490 1288.9
1102500 1290.0
1102510 1292.0
1102520 1292.0
1102530 1294.2
1102540 1296.9
1102550 1296.9
1102560 1299.8
1102570 1303.2
1102580 1303.2
1102590 1306.9
1102600 1310.3
1102610 1310.3
1102620 1314.1
1102630 1316.7
1102640 1320.8
1102650 1320.8
1102660 1324.6
1102670 1326.6
1102680 1326.6
1102690 1327.9
1102700 1330.0
1102710 1330.0
1102720 1332.8
1102730 1336.9
1102740 1336.9
1102750 1338.6
1102760 1331.8
1102770 1331.8
1102780 1331.9
1102790 1333.2
1102800 1333.2
1102810 1333.2
1102820 1333.3
1102830 1333.3
1102840 1333.8
1102850 1336.6
1102860 1336.6
1102870 1338.4
1102880 1340.4
1102890 1342.4
1102900 1342.4
1102910 1343.8
1102920 1345.4
1102930 1345.4
1102940 1346.8
1102950 1347.7
1102960 1347.7
1102970 1348.5
1102980 1349.0
1102990 1349.0
1103000 1349.5
1103010 1350.4
1103020 1350.4
1103030 1351.3
1103040 1351.4
1103050 1351.4
1103060 1351.7
1103070 1352.5
1103080 1352.5
1103090 1351.6
1103100 1352.5
1103110 1353.5
1103120 1353.5
1103130 1354.7
1103140 1355.9
1103150 1355.9
1103160 1357.2
1103170 1358.3
1103180 1358.3
1103190 1359.5
1103200 1360.6
1103210 1360.6
1103220 1362.0
1103230 1363.2
1103240 1363.2
1103250 1364.9
1103260 1365.6
1103270 1365.6
1103280 1367.0
1103290 1368.5
1103300 1368.5
1103310 1368.7
1103320 1370.1
1103330 1371.2
1103340 1371.2
1103350 1373.2
1103360 1374.6
1103370 1374.6
1103380 1373.9
1103390 1370.5
1103400 1370.5
1103410 1367.1
1103420 1361.4
1103430 1361.4
1103440 1362.0
1103450 1362.7
1103460 1362.7
1103470 1363.1
1103480 1363.8
1103490 1363.8
1103500 1363.7
1103510 1363.9
1103520 1363.9
1103530 1365.0
1103540 1365.8
1103550 1365.8
1103560 1366.6
1103570 1366.9
1103580 1366.1
1103590 1366.1
1103600 1364.6
1103610 1366.1
1103620 1366.1
1103630 1367.1
1103640 1367.0
1103650 1367.0
1103660 1366.9
1103670 1366.7
1103680 1366.7
1103690 1366.8
1103700 1367.7
1103710 1367.7
1103720 1368.7
1103730 1370.1
1103740 1370.1
1103750 1366.4
1103760 1366.6
1103770 1366.6
1103780 1367.1
1103790 1367.4
1103800 1368.2
1103810 1368.2
1103820 1369.5
1103830 1370.4
1103840 1370.4
1103850 1370.9
1103860 1371.3
1103870 1371.3
1103880 1371.8
1103890 1372.2
1103900 1372.2
1103910 1372.5
1103920 1372.1
1103930 1372.1
1103940 1372.7
1103950 1373.0
1103960 1373.0
1103970 1371.6
1103980 1371.5
1103990 1371.5
1104000 1372.3
1104010 1372.3
1104020 1372.1
1104030 1372.1
1104040 1371.7
1104050 1371.7
1104060 1371.7
1104070 1372.3
1104080 1372.2
1104090 1368.0
1104100 1367.7
1104110 1367.4
1104120 1367.4
1104130 1366.1
1104140 1365.0
1104150 1365.0
1104160 1363.6
1104170 1362.8
1104180 1362.8
1104190 1363.1
1104200 1364.0
1104210 1364.0
1104220 1364.5
1104230 1364.3
1104240 1364.3
1104250 1363.4
1104260 1363.0
1104270 1363.0
1104280 1363.0
1104290 1362.1
1104300 1361.5
1104310 1361.5
1104320 1362.7
1104330 1363.1
1104340 1363.1
1104350 1363.4
1104360 1363.8
1104370 1363.8
1104380 1364.3
1104390 1364.5
1104400 1364.5
1104410 1364.9
1104420 1362.0
1104430 1362.0
1104440 1361.8
1104450 1361.3
1104460 1361.3
1104470 1361.2
1104480 1360.9
1104490 1360.4
1104500 1360.4
1104510 1360.2
1104520 1359.8
1104530 1359.8
1104540 1359.1
1104550 1359.4
1104560 1359.4
1104570 1359.5
1104580 1359.5
1104590 1359.5
1104600 1358.7
1104610 1357.9
1104620 1357.9
1104630 1356.9
1104640 1356.6
1104650 1356.6
1104660 1356.0
1104670 1354.3
1104680 1354.3
1104690 1352.7
1104700 1352.0
1104710 1352.0
1104720 1351.5
1104730 1351.3
1104740 1350.7
1104750 1350.7
1104760 1344.3
1104770 1343.6
1104780 1343.6
1104790 1343.2
1104800 1342.8
1104810 1342.8
1104820 1342.4
1104830 1341.8
1104840 1341.8
1104850 1340.9
1104860 1339.7
1104870 1339.7
1104880 1339.1
1104890 1338.5
1104900 1338.5
1104910 1337.6
1104920 1336.6
1104930 1336.6
1104940 1335.4
1104950 1334.8
1104960 1335.6
1104970 1335.6
1104980 1335.2
1104990 1334.2
1105000 1334.2
1105010 1333.7
1105020 1333.1
1105030 1333.1
1105040 1333.1
1105050 1333.1
1105060 1333.1
1105070 1333.4
1105080 1334.2
1105090 1332.4
1105100 1333.1
1105110 1333.6
1105120 1333.6
1105130 1333.8
1105140 1333.9
1105150 1333.9
1105160 1333.1
1105170 1331.3
1105180 1329.8
1105190 1329.8
1105200 1328.2
1105210 1326.6
1105220 1326.6
1105230 1325.9
1105240 1324.0
1105250 1324.0
1105260 1321.7
1105270 1320.1
1105280 1320.1
1105290 1314.2
1105300 1311.9
1105310 1311.9
1105320 1310.3
1105330 1306.6
1105340 1306.6
1105350 1304.5
1105360 1301.5
1105370 1301.5
1105380 1297.9
1105390 1295.3
1105400 1295.3
1105410 1292.2
1105420 1289.6
1105430 1281.9
1105440 1281.9
1105450 1281.3
1105460 1280.7
1105470 1280.7
1105480 1279.2
1105490 1278.5
1105500 1278.5
1105510 1278.7
1105520 1278.7
1105530 1278.7
1105540 1278.9
1105550 1278.3
1105560 1278.3
1105570 1278.8
1105580 1278.2
1105590 1278.2
1105600 1276.6
1105610 1274.4
1105620 1274.4
1105630 1271.3
1105640 1268.9
1105650 1270.2
1105660 1270.2
1105670 1269.5
1105680 1266.5
1105690 1266.5
1105700 1263.7
1105710 1263.2
1105720 1263.2
1105730 1263.6
1105740 1263.1
1105750 1263.1
1105760 1257.8
1105770 1254.4
1105780 1254.4
1105790 1251.5
1105800 1248.9
1105810 1248.9
1105820 1245.3
1105830 1243.0
1105840 1243.0
1105850 1238.9
1105860 1236.6
1105870 1236.6
1105880 1235.7
1105890 1235.0
1105900 1234.9
1105910 1234.9
1105920 1235.7
1105930 1235.6
1105940 1235.6
1105950 1232.4
1105960 1228.6
1105970 1228.6
1105980 1224.4
1105990 1221.5
1106000 1221.5
1106010 1218.7
1106020 1215.9
1106030 1215.9
1106040 1213.3
1106050 1210.1
1106060 1210.1
1106070 1206.1
1106080 1202.9
1106090 1202.9
1106100 1193.7
1106110 1192.2
1106120 1189.6
1106130 1189.6
1106140 1186.0
1106150 1179.4
1106160 1179.4
1106170 1173.4
1106180 1170.3
1106190 1170.3
1106200 1167.5
1106210 1164.1
1106220 1164.1
1106230 1160.4
1106240 1157.2
1106250 1157.2
1106260 1152.6
1106270 1153.5
1106280 1153.5
1106290 1156.0
1106300 1157.3
1106310 1157.3
1106320 1158.4
1106330 1159.7
1106340 1161.4
1106350 1161.4
1106360 1162.7
1106370 1163.4
1106380 1163.4
1106390 1162.3
1106400 1161.2
1106410 1161.2
1106420 1162.9
1106430 1159.4
1106440 1159.4
1106450 1158.4
1106460 1155.7
1106470 1155.7
1106480 1152.5
1106490 1149.5
1106500 1149.5
1106510 1146.3
1106520 1143.1
1106530 1143.1
1106540 1140.2
1106550 1138.1
1106560 1138.1
1106570 1137.4
1106580 1137.4
1106590 1138.3
1106600 1138.3
1106610 1139.5
1106620 1140.8
1106630 1140.8
1106640 1142.1
1106650 1142.7
1106660 1142.7
1106670 1141.2
1106680 1141.1
1106690 1141.1
1106700 1140.5
1106710 1139.7
1106720 1139.7
1106730 1139.5
1106740 1139.9
1106750 1139.9
1106760 1140.1
1106770 1138.4
1106780 1138.4
1106790 1137.5
1106800 1133.7
1106810 1128.6
1106820 1128.6
1106830 1123.2
1106840 1118.5
1106850 1118.5
1106860 1114.8
1106870 1111.7
1106880 1111.7
1106890 1109.5
1106900 1110.1
1106910 1110.1
1106920 1110.8
1106930 1110.8
1106940 1110.8
1106950 1108.8
1106960 1105.5
1106970 1105.5
1106980 1106.6
1106990 1108.1
1107000 1108.1
1107010 1109.5
1107020 1107.9
1107030 1102.2
1107040 1102.2
1107050 1100.3
1107060 1099.2
1107070 1099.2
1107080 1095.4
1107090 1092.9
1107100 1087.8
1107110 1085.9
1107120 1085.6
1107130 1085.6
1107140 1086.0
1107150 1085.8
1107160 1085.8
1107170 1086.4
1107180 1086.6
1107190 1086.6
1107200 1084.0
1107210 1081.9
1107220 1081.9
1107230 1081.8
1107240 1079.9
1107250 1079.9
1107260 1077.3
1107270 1071.8
1107280 1073.2
1107290 1073.2
1107300 1076.4
1107310 1074.9
1107320 1074.9
1107330 1070.3
1107340 1066.6
1107350 1066.6
1107360 1064.0
1107370 1062.7
1107380 1062.7
1107390 1060.7
1107400 1057.7
1107410 1057.7
1107420 1055.3
1107430 1053.7
1107440 1051.2
1107450 1051.8
1107460 1052.4
1107470 1052.4
1107480 1052.6
1107490 1054.4
1107500 1055.3
1107510 1055.3
1107520 1054.8
1107530 1052.9
1107540 1052.9
1107550 1052.4
1107560 1051.6
1107570 1051.6
1107580 1051.0
1107590 1049.4
1107600 1049.4
1107610 1046.1
1107620 1043.8
1107630 1043.8
1107640 1042.4
1107650 1040.5
1107660 1040.5
1107670 1037.0
1107680 1032.6
1107690 1032.6
1107700 1028.9
1107710 1022.0
1107720 1013.3
1107730 1013.3
1107740 1006.5
1107750 1000.9
1107760 1000.9
1107770 992.8
1107780 985.0
1107790 985.0
1107800 976.4
1107810 968.9
1107820 968.9
1107830 977.6
1107840 991.4
1107850 991.4
1107860 1001.7
1107870 1011.1
1107880 1011.1
1107890 1013.8
1107900 1013.6
1107910 1013.6
1107920 1012.1
1107930 1009.6
1107940 1009.6
1107950 1006.2
1107960 1000.8
1107970 999.3
1107980 999.3
1107990 1003.0
1108000 1005.1
1108010 1005.1
1108020 1004.9
1108030 1004.8
1108040 1004.8
1108050 1005.1
1108060 1005.1
1108070 1005.1
1108080 1005.6
1108090 1005.0
1108100 1005.0
1108110 1000.3
1108120 999.0
1108130 999.0
1108140 998.0
1108150 996.9
1108160 996.9
1108170 995.6
1108180 994.5
1108190 993.6
1108200 993.6
1108210 992.1
1108220 989.7
1108230 989.7
1108240 987.4
1108250 983.0
1108260 983.0
1108270 978.5
1108280 975.5
1108290 975.5
1108300 974.3
1108310 973.3
1108320 973.3
1108330 969.6
1108340 964.7
1108350 964.7
1108360 968.1
1108370 970.6
1108380 970.6
1108390 969.8
1108400 967.9
1108410 967.9
1108420 966.8
1108430 966.3
1108440 965.4
1108450 960.8
1108460 959.3
1108470 958.6
1108480 958.6
1108490 957.9
1108500 957.6
1108510 957.6
1108520 957.3
1108530 956.9
1108540 956.9
1108550 956.5
1108560 955.7
1108570 955.7
1108580 954.2
1108590 953.2
1108600 953.2
1108610 952.1
1108620 951.1
1108630 951.1
1108640 949.9
1108650 948.3
1108660 946.0
1108670 946.0
1108680 943.6
1108690 940.2
1108700 940.2
1108710 936.1
1108720 933.4
1108730 933.4
1108740 931.7
1108750 930.9
1108760 930.9
1108770 929.9
1108780 927.8
1108790 922.4
1108800 920.9
1108810 919.7
1108820 919.7
1108830 919.5
1108840 919.2
1108850 919.2
1108860 919.3
1108870 920.4
1108880 920.9
1108890 920.9
1108900 921.7
1108910 922.7
1108920 922.7
1108930 923.7
1108940 924.8
1108950 924.8
1108960 925.7
1108970 926.3
1108980 926.3
1108990 926.5
1109000 923.3
1109010 923.3
1109020 917.6
1109030 916.5
1109040 916.5
1109050 915.4
1109060 913.8
1109070 913.8
1109080 920.7
1109090 928.2
1109100 928.2
1109110 928.5
1109120 921.1
1109130 918.6
1109140 918.6
1109150 918.1
1109160 918.7
1109170 918.7
1109180 920.2
1109190 925.0
1109200 925.0
1109210 932.4
1109220 940.8
1109230 940.8
1109240 945.2
1109250 953.6
1109260 953.6
1109270 960.6
1109280 966.8
1109290 966.8
1109300 973.1
1109310 975.9
1109320 975.9
1109330 974.0
1109340 969.6
1109350 965.2
1109360 965.2
1109370 960.5
1109380 954.9
1109390 954.9
1109400 949.8
1109410 946.2
1109420 946.2
1109430 944.3
1109440 943.9
1109450 943.9
1109460 940.7
1109470 939.4
1109480 939.4
1109490 933.9
1109500 927.1
1109510 927.1
1109520 925.2
1109530 927.0
1109540 927.0
1109550 928.7
1109560 930.3
1109570 931.7
1109580 931.7
1109590 934.9
1109600 939.5
1109610 939.5
1109620 944.2
1109630 949.6
1109640 949.6
1109650 956.3
1109660 961.3
1109670 961.3
1109680 958.8
1109690 954.3
1109700 954.3
1109710 954.5
1109720 952.8
1109730 952.8
1109740 949.0
1109750 945.9
1109760 945.9
1109770 943.2
1109780 942.6
1109790 942.6
1109800 949.6
1109810 957.5
1109820 963.8
1109830 963.8
1109840 968.1
1109850 973.5
1109860 973.5
1109870 978.1
1109880 983.0
1109890 983.0
1109900 987.4
1109910 990.8
1109920 990.8
1109930 994.9
1109940 999.5
1109950 999.5
1109960 1004.1
1109970 1006.2
1109980 1006.2
1109990 1001.1
1110000 996.8
1110010 996.8
1110020 993.7
1110030 990.9
1110040 989.6
1110050 989.6
1110060 987.0
1110070 983.6
1110080 983.6
1110090 983.9
1110100 989.4
1110110 989.4
1110120 994.0
1110130 998.9
1110140 995.1
1110150 998.3
1110160 999.8
1110170 999.8
1110180 999.3
1110190 997.8
1110200 997.8
1110210 995.2
1110220 996.3
1110230 996.3
1110240 994.8
1110250 990.0
1110260 990.0
1110270 986.9
1110280 976.1
1110290 977.5
1110300 977.5
1110310 988.1
1110320 997.4
1110330 997.4
1110340 1004.0
1110350 1011.9
1110360 1011.9
1110370 1021.2
1110380 1027.5
1110390 1027.5
1110400 1032.2
1110410 1036.1
1110420 1036.1
1110430 1041.2
1110440 1045.8
1110450 1045.8
1110460 1050.4
1110470 1053.8
1110480 1049.1
1110490 1050.7
1110500 1049.9
1110510 1051.3
1110520 1051.3
1110530 1053.5
1110540 1054.8
1110550 1054.8
1110560 1056.9
1110570 1057.6
1110580 1057.6
1110590 1053.8
1110600 1049.7
1110610 1049.7
1110620 1046.9
1110630 1041.6
1110640 1041.6
1110650 1036.6
1110660 1030.8
1110670 1030.8
1110680 1026.2
1110690 1021.2
1110700 1021.2
1110710 1019.0
1110720 1025.2
1110730 1034.1
1110740 1034.1
1110750 1042.6
1110760 1049.0
1110770 1049.0
1110780 1054.5
1110790 1060.1
1110800 1060.1
1110810 1060.7
1110820 1058.3
1110830 1058.3
1110840 1058.4
1110850 1058.2
1110860 1058.2
1110870 1058.7
1110880 1060.8
1110890 1060.8
1110900 1063.5
1110910 1065.2
1110920 1065.2
1110930 1067.6
1110940 1070.6
1110950 1070.6
1110960 1072.7
1110970 1074.2
1110980 1075.4
1110990 1075.4
1111000 1075.2
1111010 1075.0
1111020 1075.0
1111030 1078.8
1111040 1083.4
1111050 1083.4
1111060 1088.2
1111070 1093.7
1111080 1093.7
1111090 1094.0
1111100 1087.8
1111110 1087.8
1111120 1083.3
1111130 1084.1
1111140 1084.1
1111150 1079.5
1111160 1084.2
1111170 1084.2
1111180 1091.1
1111190 1091.0
1111200 1095.3
1111210 1095.3
1111220 1100.8
1111230 1106.3
1111240 1106.3
1111250 1106.7
1111260 1104.9
1111270 1104.9
1111280 1104.9
1111290 1113.0
1111300 1113.0
1111310 1125.6
1111320 1131.8
1111330 1131.8
1111340 1135.9
1111350 1139.4
1111360 1139.4
1111370 1141.6
1111380 1144.1
1111390 1144.1
1111400 1146.4
1111410 1148.6
1111420 1151.3
1111430 1151.3
1111440 1153.5
1111450 1156.7
1111460 1156.7
1111470 1160.1
1111480 1162.4
1111490 1162.4
1111500 1160.0
1111510 1162.1
1111520 1162.1
1111530 1163.3
1111540 1162.5
1111550 1162.5
1111560 1158.9
1111570 1158.1
1111580 1158.1
1111590 1158.5
1111600 1158.5
1111610 1158.5
1111620 1158.9
1111630 1160.6
1111640 1160.6
1111650 1162.6
1111660 1166.4
1111670 1170.6
1111680 1170.6
1111690 1171.4
1111700 1170.9
1111710 1170.9
1111720 1170.0
1111730 1169.8
1111740 1169.8
1111750 1167.2
1111760 1164.8
1111770 1164.8
1111780 1165.9
1111790 1169.9
1111800 1169.9
1111810 1177.8
1111820 1185.6
1111830 1185.6
1111840 1186.6
1111850 1188.6
1111860 1188.6
1111870 1189.4
1111880 1189.4
1111890 1187.9
1111900 1187.9
1111910 1185.9
1111920 1185.5
1111930 1185.5
1111940 1186.4
1111950 1188.4
1111960 1188.4
1111970 1191.4
1111980 1193.9
1111990 1193.9
1112000 1196.5
1112010 1197.8
1112020 1197.8
1112030 1197.4
1112040 1193.2
1112050 1193.2
1112060 1191.6
1112070 1200.8
1112080 1200.8
1112090 1203.6
1112100 1206.6
1112110 1212.1
1112120 1212.1
1112130 1217.0
1112140 1221.5
1112150 1221.5
1112160 1225.8
1112170 1229.9
1112180 1225.9
1112190 1230.3
1112200 1234.6
1112210 1234.6
1112220 1239.1
1112230 1244.2
1112240 1244.2
1112250 1250.3
1112260 1254.8
1112270 1254.8
1112280 1260.6
1112290 1268.3
1112300 1268.3
1112310 1276.0
1112320 1283.0
1112330 1283.0
1112340 1290.9
1112350 1298.3
1112360 1305.3
1112370 1305.3
1112380 1312.3
1112390 1318.6
1112400 1318.6
1112410 1325.3
1112420 1331.5
1112430 1331.5
1112440 1336.6
1112450 1341.3
1112460 1341.3
1112470 1347.8
1112480 1352.6
1112490 1352.6
1112500 1357.5
1112510 1360.6
1112520 1353.0
1112530 1356.4
1112540 1360.7
1112550 1360.7
1112560 1371.7
1112570 1383.1
1112580 1396.7
1112590 1396.7
1112600 1406.5
1112610 1413.3
1112620 1413.3
1112630 1414.6
1112640 1413.2
1112650 1413.2
1112660 1412.5
1112670 1413.8
1112680 1413.8
1112690 1417.0
1112700 1419.9
1112710 1419.9
1112720 1423.7
1112730 1434.1
1112740 1434.1
1112750 1436.1
1112760 1439.1
1112770 1439.1
1112780 1440.4
1112790 1441.5
1112800 1441.5
1112810 1444.4
1112820 1447.8
1112830 1451.1
1112840 1451.1
1112850 1455.1
1112860 1449.8
1112870 1449.8
1112880 1453.1
1112890 1457.3
1112900 1457.3
1112910 1454.8
1112920 1452.1
1112930 1452.1
1112940 1450.8
1112950 1449.3
1112960 1449.3
1112970 1448.7
1112980 1452.4
1112990 1452.4
1113000 1456.4
1113010 1460.5
1113020 1460.5
1113030 1466.0
1113040 1471.9
1113050 1472.9
1113060 1472.9
1113070 1473.4
1113080 1473.9
1113090 1473.9
1113100 1474.2
1113110 1475.3
1113120 1475.3
1113130 1475.3
1113140 1475.0
1113150 1475.0
1113160 1475.4
1113170 1474.3
1113180 1474.3
1113190 1471.1
1113200 1466.9
1113210 1466.9
1113220 1465.4
1113230 1466.7
1113240 1466.7
1113250 1469.2
1113260 1473.3
1113270 1478.1
1113280 1478.1
1113290 1481.4
1113300 1477.6
1113310 1477.6
1113320 1471.9
1113330 1471.2
1113340 1471.2
1113350 1473.2
1113360 1475.8
1113370 1475.8
1113380 1479.2
1113390 1479.7
1113400 1479.7
1113410 1478.3
1113420 1477.7
1113430 1477.7
1113440 1478.6
1113450 1477.4
1113460 1477.4
1113470 1475.3
1113480 1473.4
1113490 1473.4
1113500 1471.4
1113510 1471.6
1113520 1472.2
1113530 1472.2
1113540 1470.2
1113550 1471.0
1113560 1471.0
1113570 1472.8
1113580 1473.9
1113590 1473.9
1113600 1475.3
1113610 1476.1
1113620 1476.1
1113630 1475.8
1113640 1476.0
1113650 1476.0
1113660 1477.5
1113670 1478.5
1113680 1478.5
1113690 1476.9
1113700 1474.4
1113710 1474.4
1113720 1473.5
1113730 1474.4
1113740 1475.3
1113750 1475.3
1113760 1474.6
1113770 1474.2
1113780 1474.2
1113790 1477.0
1113800 1480.8
1113810 1480.8
1113820 1485.0
1113830 1489.4
1113840 1489.4
1113850 1493.2
1113860 1497.0
1113870 1497.0
1113880 1500.3
1113890 1496.5
1113900 1496.5
1113910 1497.4
1113920 1497.4
1113930 1497.4
1113940 1497.5
1113950 1497.1
1113960 1497.6
1113970 1497.6
1113980 1498.4
1113990 1499.5
1114000 1499.5
1114010 1501.7
1114020 1504.5
1114030 1504.5
1114040 1507.3
1114050 1510.9
1114060 1510.9
1114070 1513.6
1114080 1516.1
1114090 1516.1
1114100 1518.7
1114110 1520.3
1114120 1520.3
1114130 1522.1
1114140 1523.4
1114150 1523.4
1114160 1525.7
1114170 1529.9
1114180 1529.9
1114190 1533.1
1114200 1536.8
1114210 1540.9
1114220 1540.9
1114230 1538.1
1114240 1540.9
1114250 1540.9
1114260 1544.2
1114270 1548.1
1114280 1548.1
1114290 1551.8
1114300 1556.0
1114310 1556.0
1114320 1560.9
1114330 1565.8
1114340 1565.8
1114350 1571.2
1114360 1576.5
1114370 1576.5
1114380 1580.8
1114390 1584.9
1114400 1584.9
1114410 1589.7
1114420 1594.2
1114430 1599.3
1114440 1599.3
1114450 1604.9
1114460 1610.1
1114470 1610.1
1114480 1614.0
1114490 1616.3
1114500 1616.3
1114510 1618.4
1114520 1620.9
1114530 1620.9
1114540 1622.9
1114550 1625.7
1114560 1625.7
1114570 1623.7
1114580 1627.1
1114590 1627.1
1114600 1631.5
1114610 1635.5
1114620 1635.5
1114630 1639.7
1114640 1645.2
1114650 1650.8
1114660 1650.8
1114670 1653.9
1114680 1654.8
1114690 1654.8
1114700 1656.5
1114710 1658.1
1114720 1658.1
1114730 1660.2
1114740 1661.1
1114750 1661.1
1114760 1662.8
1114770 1666.6
1114780 1666.6
1114790 1668.5
1114800 1669.3
1114810 1669.3
1114820 1672.1
1114830 1676.0
1114840 1676.0
1114850 1679.6
1114860 1683.6
1114870 1683.6
1114880 1686.5
1114890 1690.1
1114900 1693.5
1114910 1690.7
1114920 1693.9
1114930 1696.7
1114940 1696.7
1114950 1700.2
1114960 1703.4
1114970 1703.4
1114980 1708.2
1114990 1713.0
1115000 1713.0
1115010 1717.7
1115020 1722.5
1115030 1722.5
1115040 1727.4
1115050 1730.3
1115060 1730.3
1115070 1733.5
1115080 1738.0
1115090 1738.0
1115100 1741.8
1115110 1746.0
1115120 1750.7
1115130 1750.7
1115140 1755.8
1115150 1760.9
1115160 1760.9
1115170 1766.8
1115180 1773.5
1115190 1773.5
1115200 1779.1
1115210 1782.6
1115220 1782.6
1115230 1786.2
1115240 1790.6
1115250 1790.6
1115260 1792.3
1115270 1793.3
1115280 1793.3
1115290 1793.3
1115300 1794.5
1115310 1794.5
1115320 1797.2
1115330 1799.8
1115340 1802.4
1115350 1802.4
1115360 1805.7
1115370 1809.4
1115380 1809.4
1115390 1813.7
1115400 1817.2
1115410 1817.2
1115420 1819.3
1115430 1820.4
1115440 1820.4
1115450 1822.1
1115460 1824.4
1115470 1824.4
1115480 1826.6
1115490 1828.9
1115500 1828.9
1115510 1831.6
1115520 1834.0
1115530 1834.0
1115540 1837.0
1115550 1840.1
1115560 1840.1
1115570 1842.8
1115580 1844.8
1115590 1846.3
1115600 1843.7
1115610 1844.8
1115620 1846.8
1115630 1846.8
1115640 1849.8
1115650 1854.0
1115660 1854.0
1115670 1858.2
1115680 1860.8
1115690 1860.8
1115700 1863.5
1115710 1864.5
1115720 1864.5
1115730 1865.0
1115740 1867.2
1115750 1867.2
1115760 1867.9
1115770 1868.8
1115780 1868.8
1115790 1873.5
1115800 1879.9
1115810 1886.0
1115820 1886.0
1115830 1890.6
1115840 1896.2
1115850 1896.2
1115860 1901.3
1115870 1905.0
1115880 1905.0
1115890 1909.6
1115900 1915.1
1115910 1915.1
1115920 1920.2
1115930 1925.8
1115940 1922.0
1115950 1926.9
1115960 1931.8
1115970 1931.8
1115980 1939.3
1115990 1947.7
1116000 1947.7
1116010 1953.2
1116020 1957.2
1116030 1961.7
1116040 1961.7
1116050 1967.1
1116060 1969.9
1116070 1969.9
1116080 1971.3
1116090 1973.2
1116100 1973.2
1116110 1978.1
1116120 1984.5
1116130 1984.5
1116140 1993.1
1116150 2001.8
1116160 2001.8
1116170 2010.5
1116180 2021.2
1116190 2021.2
1116200 2032.0
1116210 2042.7
1116220 2042.7
1116230 2050.9
1116240 2054.4
1116250 2054.4
1116260 2056.0
1116270 2057.2
1116280 2058.2
1116290 2061.3
1116300 2061.7
1116310 2060.0
1116320 2060.0
1116330 2057.5
1116340 2056.3
1116350 2056.3
1116360 2054.9
1116370 2053.4
1116380 2053.4
1116390 2051.7
1116400 2047.4
1116410 2047.4
1116420 2043.6
1116430 2040.4
1116440 2040.4
1116450 2036.4
1116460 2030.7
1116470 2030.7
1116480 2022.9
1116490 2018.0
1116500 2014.4
1116510 2014.4
1116520 2011.2
1116530 2008.4
1116540 2008.4
1116550 2005.5
1116560 2002.8
1116570 2002.8
1116580 2000.8
1116590 1998.2
1116600 1998.2
1116610 1995.4
1116620 1990.9
1116630 1992.3
1116640 1987.8
1116650 1983.6
1116660 1983.6
1116670 1980.7
1116680 1977.5
1116690 1977.5
1116700 1973.8
1116710 1969.8
1116720 1969.8
1116730 1965.6
1116740 1962.4
1116750 1957.9
1116760 1957.9
1116770 1952.6
1116780 1947.4
1116790 1947.4
1116800 1942.3
1116810 1939.6
1116820 1939.6
1116830 1938.0
1116840 1936.0
1116850 1936.0
1116860 1930.8
1116870 1924.9
1116880 1924.9
1116890 1920.3
1116900 1916.7
1116910 1916.7
1116920 1914.0
1116930 1911.1
1116940 1911.1
1116950 1908.9
1116960 1906.2
1116970 1903.7
1116980 1900.9
1116990 1898.8
1117000 1895.8
1117010 1895.8
1117020 1892.3
1117030 1889.0
1117040 1889.0
1117050 1885.9
1117060 1882.6
1117070 1882.6
1117080 1878.8
1117090 1875.2
1117100 1875.2
1117110 1872.5
1117120 1869.4
1117130 1869.4
1117140 1866.4
1117150 1863.9
1117160 1863.9
1117170 1861.6
1117180 1859.2
1117190 1853.7
1117200 1853.7
1117210 1846.1
1117220 1838.6
1117230 1838.6
1117240 1831.2
1117250 1824.0
1117260 1824.0
1117270 1816.9
1117280 1810.9
1117290 1810.9
1117300 1807.5
1117310 1804.6
1117320 1798.8
1117330 1794.9
1117340 1791.8
1117350 1791.8
1117360 1788.7
1117370 1785.2
1117380 1785.2
1117390 1781.7
1117400 1777.6
1117410 1777.6
1117420 1773.2
1117430 1768.3
1117440 1766.4
1117450 1766.4
1117460 1764.3
1117470 1759.9
1117480 1759.9
1117490 1754.5
1117500 1748.3
1117510 1748.3
1117520 1739.9
1117530 1732.0
1117540 1732.0
1117550 1725.5
1117560 1715.6
1117570 1715.6
1117580 1710.7
1117590 1704.3
1117600 1704.3
1117610 1697.6
1117620 1690.7
1117630 1690.7
1117640 1682.3
1117650 1671.5
1117660 1655.4
1117670 1650.1
1117680 1641.0
1117690 1638.3
1117700 1638.3
1117710 1632.8
1117720 1616.2
1117730 1616.2
1117740 1606.0
1117750 1598.7
1117760 1598.7
1117770 1593.1
1117780 1587.6
1117790 1587.6
1117800 1582.9
1117810 1578.0
1117820 1578.0
1117830 1572.8
1117840 1568.5
1117850 1568.5
1117860 1563.8
1117870 1560.5
1117880 1557.6
1117890 1557.6
1117900 1555.7
1117910 1553.2
1117920 1553.2
1117930 1550.9
1117940 1548.3
1117950 1548.3
1117960 1544.7
1117970 1541.5
1117980 1541.5
1117990 1538.5
1118000 1535.0
1118010 1535.0
1118020 1528.1
1118030 1524.9
1118040 1524.9
1118050 1525.7
1118060 1524.9
1118070 1524.9
1118080 1526.3
1118090 1527.6
1118100 1527.6
1118110 1530.3
1118120 1534.4
1118130 1536.5
1118140 1536.5
1118150 1538.7
1118160 1542.0
1118170 1542.0
1118180 1547.3
1118190 1551.2
1118200 1551.2
1118210 1553.5
1118220 1557.6
1118230 1557.6
1118240 1560.6
1118250 1563.8
1118260 1563.8
1118270 1564.9
1118280 1566.5
1118290 1566.5
1118300 1570.6
1118310 1575.3
1118320 1575.3
1118330 1580.0
1118340 1584.7
1118350 1590.1
1118360 1594.2
1118370 1599.8
1118380 1605.9
1118390 1605.9
1118400 1611.7
1118410 1617.3
1118420 1617.3
1118430 1622.5
1118440 1627.2
1118450 1627.2
1118460 1632.7
1118470 1637.7
1118480 1637.7
1118490 1642.3
1118500 1646.2
1118510 1646.2
1118520 1649.4
1118530 1654.6
1118540 1654.6
1118550 1659.6
1118560 1664.9
1118570 1671.0
1118580 1671.0
1118590 1676.7
1118600 1682.5
1118610 1682.5
1118620 1688.3
1118630 1694.0
1118640 1694.0
1118650 1699.4
1118660 1705.4
1118670 1705.4
1118680 1710.4
1118690 1715.1
1118700 1715.1
1118710 1727.2
1118720 1732.1
1118730 1732.1
1118740 1737.2
1118750 1742.0
1118760 1742.0
1118770 1747.0
1118780 1753.0
1118790 1753.0
1118800 1756.8
1118810 1756.6
1118820 1754.9
1118830 1754.9
1118840 1754.0
1118850 1754.4
1118860 1754.4
1118870 1756.5
1118880 1761.7
1118890 1761.7
1118900 1767.7
1118910 1768.8
1118920 1768.8
1118930 1769.1
1118940 1771.3
1118950 1771.3
1118960 1772.4
1118970 1771.7
1118980 1771.7
1118990 1769.3
1119000 1764.3
1119010 1764.3
1119020 1761.7
1119030 1762.1
1119040 1759.9
1119050 1759.9
1119060 1765.2
1119070 1763.1
1119080 1763.1
1119090 1760.8
1119100 1758.6
1119110 1758.6
1119120 1756.6
1119130 1754.4
1119140 1754.4
1119150 1752.0
1119160 1749.9
1119170 1749.9
1119180 1746.1
1119190 1742.0
1119200 1742.0
1119210 1736.1
1119220 1731.8
1119230 1731.8
1119240 1730.9
1119250 1727.5
1119260 1723.9
1119270 1723.9
1119280 1719.3
1119290 1714.5
1119300 1714.5
1119310 1710.9
1119320 1707.7
1119330 1707.7
1119340 1703.0
1119350 1697.9
1119360 1697.9
1119370 1693.3
1119380 1689.1
1119390 1689.1
1119400 1691.7
1119410 1688.4
1119420 1688.4
1119430 1688.3
1119440 1688.4
1119450 1688.4
1119460 1684.9
1119470 1680.7
1119480 1680.7
1119490 1678.7
1119500 1682.1
1119510 1685.1
1119520 1685.1
1119530 1686.2
1119540 1685.4
1119550 1685.4
1119560 1684.0
1119570 1683.4
1119580 1683.4
1119590 1682.5
1119600 1682.4
1119610 1682.4
1119620 1685.0
1119630 1688.0
1119640 1688.0
1119650 1688.7
1119660 1690.0
1119670 1690.0
1119680 1690.9
1119690 1691.9
1119700 1691.9
1119710 1693.4
1119720 1695.1
1119730 1696.7
1119740 1696.7
1119750 1698.7
1119760 1700.6
1119770 1700.6
1119780 1702.4
1119790 1704.1
1119800 1704.1
1119810 1706.5
1119820 1709.3
1119830 1709.3
1119840 1712.9
1119850 1717.0
1119860 1717.0
1119870 1721.6
1119880 1726.1
1119890 1726.1
1119900 1731.2
1119910 1736.8
1119920 1736.8
1119930 1742.3
1119940 1747.8
1119950 1755.3
1119960 1755.3
1119970 1762.6
1119980 1769.9
1119990 1769.9
