1100000 1152.7
1100010 1154.7
1100020 1154.7
1100030 1156.1
1100040 1157.1
1100050 1157.1
1100060 1158.6
1100070 1160.6
1100080 1160.6
1100090 1163.9
1100100 1165.7
1100110 1165.7
1100120 1166.7
1100130 1168.1
1100140 1168.1
1100150 1168.6
1100160 1168.3
1100170 1166.5
1100180 1166.5
1100190 1161.5
1100200 1155.7
1100210 1155.7
1100220 1149.5
1100230 1146.7
1100240 1146.7
1100250 1143.9
1100260 1138.8
1100270 1138.8
1100280 1136.8
1100290 1138.0
1100300 1138.0
1100310 1136.8
1100320 1130.0
1100330 1130.0
1100340 1131.0
1100350 1128.3
1100360 1128.3
1100370 1129.3
1100380 1130.8
1100390 1130.8
1100400 1129.0
1100410 1124.4
1100420 1120.4
1100430 1120.4
1100440 1120.0
1100450 1122.3
1100460 1122.3
1100470 1122.5
1100480 1120.0
1100490 1120.0
1100500 1114.5
1100510 1108.9
1100520 1108.9
1100530 1108.9
1100540 1110.8
1100550 1110.8
1100560 1111.5
1100570 1111.1
1100580 1111.1
1100590 1106.5
1100600 1101.2
1100610 1101.2
1100620 1100.1
1100630 1100.7
1100640 1103.3
1100650 1102.3
1100660 1110.0
1100670 1117.5
1100680 1117.5
1100690 1124.6
1100700 1130.6
1100710 1130.6
1100720 1136.6
1100730 1136.2
1100740 1136.2
1100750 1129.0
1100760 1122.9
1100770 1122.9
1100780 1119.5
1100790 1116.2
1100800 1116.2
1100810 1115.7
1100820 1117.4
1100830 1117.4
1100840 1119.4
1100850 1121.1
1100860 1121.1
1100870 1125.1
1100880 1129.8
1100890 1133.3
1100900 1133.3
1100910 1136.2
1100920 1140.3
1100930 1140.3
1100940 1144.1
1100950 1147.0
1100960 1147.0
1100970 1148.7
1100980 1143.7
1100990 1143.7
1101000 1146.1
1101010 1148.3
1101020 1148.3
1101030 1148.4
1101040 1148.1
1101050 1148.1
1101060 1150.9
1101070 1153.2
1101080 1153.2
1101090 1153.7
1101100 1154.0
1101110 1154.4
1101120 1154.4
1101130 1154.0
1101140 1153.4
1101150 1153.4
1101160 1155.2
1101170 1157.5
1101180 1157.5
1101190 1162.7
1101200 1169.6
1101210 1169.6
1101220 1174.7
1101230 1181.3
1101240 1181.3
1101250 1189.1
1101260 1196.6
1101270 1196.6
1101280 1205.4
1101290 1213.9
1101300 1213.9
1101310 1218.3
1101320 1218.4
1101330 1218.4
1101340 1212.6
1101350 1206.8
1101360 1203.3
1101370 1203.3
1101380 1203.5
1101390 1204.8
1101400 1204.8
1101410 1207.0
1101420 1208.4
1101430 1208.4
1101440 1209.5
1101450 1211.9
1101460 1211.9
1101470 1218.1
1101480 1225.0
1101490 1225.0
1101500 1228.6
1101510 1228.1
1101520 1228.1
1101530 1228.7
1101540 1231.1
1101550 1231.1
1101560 1236.4
1101570 1244.4
1101580 1252.1
1101590 1252.1
1101600 1258.3
1101610 1262.0
1101620 1262.0
1101630 1266.0
1101640 1264.0
1101650 1264.0
1101660 1267.6
1101670 1273.0
1101680 1273.0
1101690 1277.2
1101700 1278.8
1101710 1278.8
1101720 1278.1
1101730 1277.1
1101740 1277.1
1101750 1281.7
1101760 1285.4
1101770 1285.4
1101780 1284.6
1101790 1285.5
1101800 1285.5
1101810 1289.2
1101820 1293.3
1101830 1293.5
1101840 1293.5
1101850 1292.2
1101860 1293.2
1101870 1293.2
1101880 1297.2
1101890 1304.2
1101900 1304.2
1101910 1308.8
1101920 1308.4
1101930 1308.4
1101940 1308.8
1101950 1312.4
1101960 1312.4
1101970 1307.2
1101980 1306.9
1101990 1306.9
1102000 1300.9
1102010 1293.6
1102020 1293.6
1102030 1288.4
1102040 1287.4
1102050 1286.1
1102060 1286.1
1102070 1284.2
1102080 1283.9
1102090 1283.9
1102100 1284.3
1102110 1285.2
1102120 1285.2
1102130 1291.8
1102140 1300.7
1102150 1300.7
1102160 1306.0
1102170 1301.5
1102180 1301.5
1102190 1300.4
1102200 1302.1
1102210 1302.1
1102220 1303.8
1102230 1305.7
1102240 1305.7
1102250 1307.3
1102260 1308.2
1102270 1308.2
1102280 1308.0
1102290 1307.0
1102300 1301.9
1102310 1301.9
1102320 1300.0
1102330 1299.7
1102340 1299.7
1102350 1301.7
1102360 1304.7
1102370 1304.7
1102380 1308.0
1102390 1312.4
1102400 1312.4
1102410 1318.3
1102420 1325.1
1102430 1325.1
1102440 1332.3
1102450 1338.7
1102460 1338.7
1102470 1344.9
1102480 1350.8
1102490 1350.8
1102500 1356.2
1102510 1360.9
1102520 1363.4
1102530 1363.4
1102540 1363.1
1102550 1362.2
1102560 1362.2
1102570 1361.8
1102580 1361.4
1102590 1361.4
1102600 1360.1
1102610 1359.1
1102620 1359.1
1102630 1361.6
1102640 1366.4
1102650 1366.4
1102660 1372.2
1102670 1378.3
1102680 1378.3
1102690 1383.7
1102700 1389.5
1102710 1389.5
1102720 1396.6
1102730 1404.5
1102740 1404.5
1102750 1412.2
1102760 1420.3
1102770 1427.7
1102780 1427.7
1102790 1434.8
1102800 1442.6
1102810 1442.6
1102820 1449.3
1102830 1455.8
1102840 1455.8
1102850 1461.5
1102860 1467.1
1102870 1467.1
1102880 1472.9
1102890 1479.6
1102900 1479.6
1102910 1487.2
1102920 1495.1
1102930 1495.1
1102940 1503.0
1102950 1511.1
1102960 1511.1
1102970 1514.5
1102980 1521.3
1102990 1527.8
1103000 1527.8
1103010 1535.0
1103020 1542.1
1103030 1542.1
1103040 1549.0
1103050 1555.8
1103060 1555.8
1103070 1563.6
1103080 1569.6
1103090 1569.6
1103100 1575.3
1103110 1580.5
1103120 1580.5
1103130 1585.1
1103140 1590.2
1103150 1590.2
1103160 1596.3
1103170 1600.6
1103180 1600.6
1103190 1602.8
1103200 1606.8
1103210 1606.8
1103220 1612.0
1103230 1614.8
1103240 1617.0
1103250 1617.0
1103260 1622.1
1103270 1627.9
1103280 1627.9
1103290 1631.6
1103300 1634.5
1103310 1634.5
1103320 1638.8
1103330 1641.9
1103340 1641.9
1103350 1644.3
1103360 1646.1
1103370 1646.1
1103380 1649.4
1103390 1652.7
1103400 1652.7
1103410 1655.9
1103420 1659.0
1103430 1659.0
1103440 1664.3
1103450 1670.7
1103460 1677.3
1103470 1677.3
1103480 1684.0
1103490 1690.9
1103500 1690.9
1103510 1697.6
1103520 1702.3
1103530 1702.3
1103540 1708.0
1103550 1713.7
1103560 1713.7
1103570 1721.5
1103580 1728.9
1103590 1728.9
1103600 1733.7
1103610 1738.4
1103620 1738.4
1103630 1743.5
1103640 1750.1
1103650 1750.1
1103660 1756.1
1103670 1759.9
1103680 1759.9
1103690 1764.7
1103700 1770.4
1103710 1775.7
1103720 1775.7
1103730 1780.7
1103740 1786.3
1103750 1786.3
1103760 1791.5
1103770 1797.3
1103780 1797.3
1103790 1803.3
1103800 1807.4
1103810 1807.4
1103820 1812.9
1103830 1818.7
1103840 1818.7
1103850 1824.4
1103860 1830.3
1103870 1830.3
1103880 1836.6
1103890 1842.6
1103900 1842.6
1103910 1849.1
1103920 1855.8
1103930 1862.2
1103940 1862.2
1103950 1869.1
1103960 1876.3
1103970 1877.2
1103980 1884.6
1103990 1892.0
1104000 1892.0
1104010 1899.2
1104020 1906.6
1104030 1906.6
1104040 1914.3
1104050 1921.8
1104060 1921.8
1104070 1929.8
1104080 1937.8
1104090 1937.8
1104100 1945.9
1104110 1955.2
1104120 1955.2
1104130 1964.1
1104140 1971.5
1104150 1971.5
1104160 1979.2
1104170 1985.8
1104180 1982.8
1104190 1982.8
1104200 1965.2
1104210 1954.0
1104220 1954.0
1104230 1946.7
1104240 1940.5
1104250 1940.5
1104260 1934.5
1104270 1929.1
1104280 1929.1
1104290 1923.4
1104300 1923.4
1104310 1923.4
1104320 1919.8
1104330 1916.7
1104340 1916.7
1104350 1912.5
1104360 1907.6
1104370 1907.6
1104380 1902.8
1104390 1898.8
1104400 1895.7
1104410 1895.7
1104420 1893.4
1104430 1891.3
1104440 1891.3
1104450 1889.1
1104460 1886.6
1104470 1886.6
1104480 1883.8
1104490 1881.3
1104500 1881.3
1104510 1880.6
1104520 1880.6
1104530 1880.6
1104540 1880.9
1104550 1880.8
1104560 1880.8
1104570 1881.8
1104580 1885.0
1104590 1885.0
1104600 1889.2
1104610 1893.7
1104620 1893.7
1104630 1898.9
1104640 1910.2
1104650 1915.3
1104660 1915.3
1104670 1918.3
1104680 1924.2
1104690 1924.2
1104700 1930.7
1104710 1937.7
1104720 1937.7
1104730 1945.0
1104740 1951.1
1104750 1951.1
1104760 1958.6
1104770 1966.1
1104780 1966.1
1104790 1973.4
1104800 1981.5
1104810 1981.5
1104820 1988.1
1104830 1994.7
1104840 1994.7
1104850 2001.5
1104860 2010.3
1104870 2025.6
1104880 2025.6
1104890 2029.3
1104900 2024.7
1104910 2024.7
1104920 2021.3
1104930 2017.6
1104940 2017.6
1104950 2015.2
1104960 2014.0
1104970 2021.1
1104980 2019.9
1104990 2017.3
1105000 2017.3
1105010 2016.3
1105020 2015.7
1105030 2015.7
1105040 2014.9
1105050 2013.5
1105060 2013.5
1105070 2011.5
1105080 2009.3
1105090 2009.3
1105100 2008.0
1105110 2007.6
1105120 2007.6
1105130 2007.6
1105140 2008.9
1105150 2009.0
1105160 2009.0
1105170 2010.0
1105180 2014.5
1105190 2014.5
1105200 2020.3
1105210 2026.0
1105220 2026.0
1105230 2029.9
1105240 2031.4
1105250 2031.4
1105260 2032.2
1105270 2031.5
1105280 2031.5
1105290 2029.1
1105300 2027.2
1105310 2024.4
1105320 2022.0
1105330 2018.4
1105340 2014.9
1105350 2014.9
1105360 2011.9
1105370 2008.4
1105380 2008.4
1105390 2004.3
1105400 2000.1
1105410 2000.1
1105420 1993.9
1105430 1987.3
1105440 1987.3
1105450 1982.0
1105460 1977.7
1105470 1977.7
1105480 1974.4
1105490 1973.5
1105500 1973.5
1105510 1976.2
1105520 1981.4
1105530 1981.4
1105540 1987.8
1105550 1994.7
1105560 1994.7
1105570 2000.4
1105580 2003.9
1105590 2005.3
1105600 2005.3
1105610 2005.3
1105620 2006.1
1105630 2006.1
1105640 2001.9
1105650 2002.6
1105660 2002.6
1105670 2004.1
1105680 2002.8
1105690 2002.8
1105700 2003.3
1105710 2005.9
1105720 2005.9
1105730 2007.9
1105740 2009.1
1105750 2009.1
1105760 2009.3
1105770 2009.5
1105780 2009.5
1105790 2009.8
1105800 2009.9
1105810 2010.6
1105820 2010.6
1105830 2010.7
1105840 2011.2
1105850 2011.2
1105860 2011.1
1105870 2009.2
1105880 2009.2
1105890 2006.2
1105900 2002.1
1105910 2002.1
1105920 2003.5
1105930 2007.2
1105940 2007.2
1105950 2010.2
1105960 2013.6
1105970 2013.6
1105980 2011.2
1105990 2015.4
1106000 2015.4
1106010 2020.1
1106020 2025.0
1106030 2025.0
1106040 2028.9
1106050 2031.5
1106060 2033.0
1106070 2033.0
1106080 2034.5
1106090 2036.3
1106100 2036.3
1106110 2037.5
1106120 2039.6
1106130 2039.6
1106140 2041.4
1106150 2041.7
1106160 2041.7
1106170 2041.7
1106180 2042.4
1106190 2042.4
1106200 2043.5
1106210 2044.8
1106220 2044.8
1106230 2045.8
1106240 2046.5
1106250 2046.5
1106260 2046.8
1106270 2047.5
1106280 2048.8
1106290 2048.8
1106300 2048.6
1106310 2046.7
1106320 2046.7
1106330 2046.2
1106340 2044.7
1106350 2044.7
1106360 2042.2
1106370 2038.4
1106380 2038.4
1106390 2034.4
1106400 2031.2
1106410 2031.2
1106420 2025.9
1106430 2018.5
1106440 2018.5
1106450 2011.0
1106460 2004.8
1106470 2004.8
1106480 1999.8
1106490 1994.8
1106500 1994.8
1106510 1989.8
1106520 1983.5
1106530 1977.3
1106540 1977.3
1106550 1972.1
1106560 1967.0
1106570 1967.0
1106580 1960.8
1106590 1955.4
1106600 1955.4
1106610 1951.1
1106620 1945.7
1106630 1945.7
1106640 1940.1
1106650 1932.4
1106660 1932.4
1106670 1926.6
1106680 1920.2
1106690 1920.2
1106700 1914.8
1106710 1910.5
1106720 1910.5
1106730 1907.6
1106740 1904.7
1106750 1902.4
1106760 1902.4
1106770 1900.5
1106780 1899.1
1106790 1899.1
1106800 1898.0
1106810 1898.2
1106820 1898.2
1106830 1891.4
1106840 1882.8
1106850 1882.8
1106860 1874.9
1106870 1867.0
1106880 1867.0
1106890 1859.7
1106900 1853.2
1106910 1853.2
1106920 1848.3
1106930 1844.9
1106940 1844.9
1106950 1843.0
1106960 1843.2
1106970 1843.2
1106980 1846.6
1106990 1848.0
1107000 1850.7
1107010 1850.7
1107020 1852.7
1107030 1853.7
1107040 1853.7
1107050 1855.8
1107060 1858.2
1107070 1858.2
1107080 1860.3
1107090 1861.9
1107100 1861.9
1107110 1862.9
1107120 1864.7
1107130 1864.7
1107140 1865.8
1107150 1865.4
1107160 1865.4
1107170 1865.4
1107180 1867.3
1107190 1867.3
1107200 1869.9
1107210 1871.2
1107220 1872.8
1107230 1872.8
1107240 1875.1
1107250 1877.0
1107260 1877.0
1107270 1878.4
1107280 1880.7
1107290 1880.7
1107300 1882.6
1107310 1884.2
1107320 1884.4
1107330 1885.7
1107340 1884.1
1107350 1884.1
1107360 1881.1
1107370 1880.6
1107380 1880.6
1107390 1882.8
1107400 1884.4
1107410 1884.4
1107420 1884.8
1107430 1886.1
1107440 1886.1
1107450 1887.1
1107460 1886.0
1107470 1884.4
1107480 1884.4
1107490 1883.5
1107500 1882.2
1107510 1882.2
1107520 1879.5
1107530 1875.9
1107540 1875.9
1107550 1873.2
1107560 1869.3
1107570 1869.3
1107580 1864.2
1107590 1862.1
1107600 1862.1
1107610 1859.4
1107620 1856.3
1107630 1856.3
1107640 1854.8
1107650 1858.6
1107660 1861.4
1107670 1867.2
1107680 1873.5
1107690 1877.8
1107700 1877.8
1107710 1880.6
1107720 1881.6
1107730 1881.6
1107740 1883.4
1107750 1884.0
1107760 1884.0
1107770 1882.6
1107780 1880.5
1107790 1880.5
1107800 1876.9
1107810 1875.6
1107820 1875.6
1107830 1875.7
1107840 1874.7
1107850 1874.7
1107860 1874.1
1107870 1872.7
1107880 1872.7
1107890 1871.5
1107900 1870.6
1107910 1870.6
1107920 1869.0
1107930 1867.6
1107940 1868.5
1107950 1868.5
1107960 1868.6
1107970 1867.4
1107980 1867.4
1107990 1867.9
1108000 1867.2
1108010 1867.2
1108020 1865.8
1108030 1865.6
1108040 1865.6
1108050 1863.9
1108060 1862.3
1108070 1862.3
1108080 1861.3
1108090 1859.7
1108100 1859.7
1108110 1856.0
1108120 1851.4
1108130 1851.4
1108140 1848.5
1108150 1844.5
1108160 1840.4
1108170 1840.4
1108180 1838.8
1108190 1838.9
1108200 1838.9
1108210 1838.4
1108220 1838.4
1108230 1838.4
1108240 1836.8
1108250 1831.7
1108260 1831.7
1108270 1825.9
1108280 1820.4
1108290 1820.4
1108300 1814.5
1108310 1808.3
1108320 1808.3
1108330 1807.9
1108340 1804.5
1108350 1804.5
1108360 1802.9
1108370 1796.5
1108380 1796.5
1108390 1791.6
1108400 1787.9
1108410 1784.5
1108420 1784.5
1108430 1780.5
1108440 1777.4
1108450 1777.4
1108460 1774.7
1108470 1772.7
1108480 1772.7
1108490 1769.8
1108500 1766.6
1108510 1766.6
1108520 1765.2
1108530 1761.4
1108540 1761.4
1108550 1758.6
1108560 1755.5
1108570 1755.5
1108580 1753.8
1108590 1753.5
1108600 1753.5
1108610 1750.8
1108620 1747.6
1108630 1744.3
1108640 1744.3
1108650 1741.3
1108660 1739.0
1108670 1741.6
1108680 1740.1
1108690 1735.4
1108700 1735.4
1108710 1719.2
1108720 1708.6
1108730 1708.6
1108740 1698.1
1108750 1683.5
1108760 1683.5
1108770 1673.8
1108780 1660.4
1108790 1660.4
1108800 1651.0
1108810 1639.3
1108820 1639.3
1108830 1627.5
1108840 1616.8
1108850 1616.8
1108860 1610.5
1108870 1605.2
1108880 1598.6
1108890 1598.6
1108900 1589.9
1108910 1580.3
1108920 1580.3
1108930 1569.6
1108940 1560.0
1108950 1560.0
1108960 1552.1
1108970 1543.4
1108980 1543.4
1108990 1535.6
1109000 1528.1
1109010 1526.4
1109020 1520.2
1109030 1516.6
1109040 1516.6
1109050 1509.6
1109060 1501.5
1109070 1501.5
1109080 1491.5
1109090 1487.4
1109100 1481.2
1109110 1481.2
1109120 1470.6
1109130 1462.1
1109140 1462.1
1109150 1453.5
1109160 1443.9
1109170 1443.9
1109180 1435.3
1109190 1428.1
1109200 1428.1
1109210 1418.6
1109220 1406.6
1109230 1406.6
1109240 1403.6
1109250 1401.6
1109260 1401.6
1109270 1398.3
1109280 1397.7
1109290 1397.7
1109300 1400.1
1109310 1397.0
1109320 1397.0
1109330 1398.9
1109340 1416.1
1109350 1419.3
1109360 1419.3
1109370 1427.6
1109380 1418.1
1109390 1418.1
1109400 1413.7
1109410 1410.2
1109420 1410.2
1109430 1402.0
1109440 1395.4
1109450 1395.4
1109460 1391.0
1109470 1384.9
1109480 1384.9
1109490 1377.3
1109500 1372.5
1109510 1372.5
1109520 1373.9
1109530 1376.4
1109540 1376.4
1109550 1376.8
1109560 1367.6
1109570 1367.4
1109580 1367.4
1109590 1366.7
1109600 1358.4
1109610 1358.4
1109620 1352.0
1109630 1354.3
1109640 1354.3
1109650 1363.8
1109660 1371.9
1109670 1371.9
1109680 1383.9
1109690 1380.3
1109700 1380.3
1109710 1375.1
1109720 1370.8
1109730 1370.8
1109740 1367.8
1109750 1362.9
1109760 1362.9
1109770 1359.2
1109780 1362.1
1109790 1362.1
1109800 1364.9
1109810 1363.1
1109820 1357.3
1109830 1357.3
1109840 1350.0
1109850 1340.3
1109860 1340.3
1109870 1330.3
1109880 1321.9
1109890 1321.9
1109900 1315.7
1109910 1311.3
1109920 1311.3
1109930 1306.4
1109940 1301.3
1109950 1301.3
1109960 1300.8
1109970 1300.5
1109980 1300.5
1109990 1300.5
1110000 1306.9
1110010 1306.9
1110020 1319.1
1110030 1321.8
1110040 1321.8
1110050 1321.8
1110060 1324.8
1110070 1327.6
1110080 1327.6
1110090 1329.5
1110100 1335.5
1110110 1335.5
1110120 1342.3
1110130 1349.0
1110140 1349.0
1110150 1352.1
1110160 1355.0
1110170 1355.0
1110180 1357.4
1110190 1358.1
1110200 1358.1
1110210 1359.3
1110220 1361.7
1110230 1361.7
1110240 1366.6
1110250 1369.4
1110260 1369.4
1110270 1370.5
1110280 1371.1
1110290 1371.1
1110300 1371.1
1110310 1370.0
1110320 1367.7
1110330 1367.7
1110340 1365.7
1110350 1364.9
1110360 1370.6
1110370 1369.7
1110380 1368.1
1110390 1368.1
1110400 1366.9
1110410 1364.9
1110420 1364.9
1110430 1362.6
1110440 1361.3
1110450 1361.3
1110460 1359.7
1110470 1356.4
1110480 1356.4
1110490 1350.8
1110500 1343.5
1110510 1336.2
1110520 1336.2
1110530 1328.8
1110540 1321.3
1110550 1321.3
1110560 1314.7
1110570 1310.2
1110580 1310.2
1110590 1308.2
1110600 1307.7
1110610 1307.7
1110620 1307.3
1110630 1307.3
1110640 1307.3
1110650 1307.2
1110660 1306.5
1110670 1306.5
1110680 1306.0
1110690 1304.4
1110700 1314.2
1110710 1310.7
1110720 1307.1
1110730 1300.0
1110740 1300.0
1110750 1293.5
1110760 1289.8
1110770 1289.8
1110780 1287.6
1110790 1286.4
1110800 1286.4
1110810 1279.1
1110820 1267.7
1110830 1267.7
1110840 1262.4
1110850 1263.2
1110860 1263.2
1110870 1263.1
1110880 1260.9
1110890 1260.9
1110900 1254.6
1110910 1245.2
1110920 1245.2
1110930 1234.6
1110940 1221.7
1110950 1221.7
1110960 1211.2
1110970 1205.3
1110980 1202.2
1110990 1202.2
1111000 1198.2
1111010 1193.8
1111020 1193.8
1111030 1190.1
1111040 1196.5
1111050 1196.5
1111060 1196.4
1111070 1193.9
1111080 1193.9
1111090 1188.0
1111100 1179.1
1111110 1179.1
1111120 1169.3
1111130 1162.7
1111140 1162.7
1111150 1156.2
1111160 1149.0
1111170 1149.0
1111180 1140.4
1111190 1131.1
1111200 1122.7
1111210 1122.7
1111220 1115.5
1111230 1106.9
1111240 1106.9
1111250 1094.3
1111260 1081.5
1111270 1081.5
1111280 1070.0
1111290 1060.6
1111300 1060.6
1111310 1055.4
1111320 1055.8
1111330 1055.8
1111340 1060.5
1111350 1066.0
1111360 1066.0
1111370 1071.4
1111380 1077.5
1111390 1077.5
1111400 1079.0
1111410 1082.4
1111420 1082.4
1111430 1086.4
1111440 1090.7
1111450 1095.2
1111460 1095.2
1111470 1098.5
1111480 1100.6
1111490 1100.6
1111500 1102.7
1111510 1106.0
1111520 1106.0
1111530 1110.1
1111540 1117.2
1111550 1117.2
1111560 1125.3
1111570 1131.6
1111580 1131.6
1111590 1132.4
1111600 1132.1
1111610 1132.1
1111620 1133.0
1111630 1132.7
1111640 1132.7
1111650 1129.7
1111660 1125.6
1111670 1121.5
1111680 1121.5
1111690 1118.9
1111700 1115.8
1111710 1115.8
1111720 1116.8
1111730 1114.9
1111740 1114.9
1111750 1115.5
1111760 1115.1
1111770 1115.1
1111780 1114.2
1111790 1112.9
1111800 1112.9
1111810 1110.7
1111820 1111.1
1111830 1111.1
1111840 1111.4
1111850 1111.1
1111860 1111.1
1111870 1110.9
1111880 1110.9
1111890 1110.9
1111900 1110.2
1111910 1109.4
1111920 1107.7
1111930 1107.7
1111940 1100.7
1111950 1099.8
1111960 1099.8
1111970 1104.0
1111980 1107.8
1111990 1107.8
1112000 1107.1
1112010 1105.1
1112020 1105.1
1112030 1103.3
1112040 1100.6
1112050 1100.6
1112060 1105.1
1112070 1102.4
1112080 1102.4
1112090 1100.6
1112100 1098.7
1112110 1098.7
1112120 1096.6
1112130 1093.6
1112140 1087.1
1112150 1087.1
1112160 1078.7
1112170 1081.1
1112180 1081.1
1112190 1083.9
1112200 1085.1
1112210 1085.1
1112220 1085.0
1112230 1084.1
1112240 1084.1
1112250 1083.7
1112260 1082.7
1112270 1082.7
1112280 1079.2
1112290 1076.6
1112300 1076.6
1112310 1074.4
1112320 1072.1
1112330 1072.1
1112340 1070.2
1112350 1063.9
1112360 1063.9
1112370 1052.5
1112380 1049.3
1112390 1055.2
1112400 1063.8
1112410 1065.1
1112420 1063.3
1112430 1063.3
1112440 1058.0
1112450 1054.9
1112460 1054.9
1112470 1063.0
1112480 1065.6
1112490 1065.6
1112500 1065.3
1112510 1064.1
1112520 1064.1
1112530 1062.0
1112540 1060.2
1112550 1060.2
1112560 1060.0
1112570 1059.6
1112580 1059.6
1112590 1058.7
1112600 1057.9
1112610 1057.0
1112620 1057.0
1112630 1055.4
1112640 1052.1
1112650 1052.1
1112660 1050.1
1112670 1048.6
1112680 1048.6
1112690 1046.9
1112700 1045.3
1112710 1045.3
1112720 1045.1
1112730 1045.4
1112740 1050.9
1112750 1051.1
1112760 1051.9
1112770 1051.9
1112780 1057.4
1112790 1059.9
1112800 1059.9
1112810 1061.8
1112820 1062.7
1112830 1062.7
1112840 1062.9
1112850 1063.0
1112860 1062.5
1112870 1062.5
1112880 1063.2
1112890 1065.0
1112900 1065.0
1112910 1067.0
1112920 1068.8
1112930 1068.8
1112940 1070.5
1112950 1070.3
1112960 1070.3
1112970 1072.8
1112980 1075.1
1112990 1075.1
1113000 1075.2
1113010 1076.1
1113020 1076.1
1113030 1075.8
1113040 1076.1
1113050 1076.1
1113060 1077.4
1113070 1079.7
1113080 1088.5
1113090 1088.5
1113100 1089.8
1113110 1091.0
1113120 1091.0
1113130 1090.4
1113140 1092.5
1113150 1092.5
1113160 1093.4
1113170 1091.2
1113180 1091.2
1113190 1097.4
1113200 1106.1
1113210 1106.1
1113220 1110.2
1113230 1110.9
1113240 1110.9
1113250 1109.9
1113260 1114.9
1113270 1114.9
1113280 1122.3
1113290 1128.1
1113300 1128.1
1113310 1131.3
1113320 1133.8
1113330 1135.8
1113340 1135.8
1113350 1137.5
1113360 1138.6
1113370 1138.6
1113380 1139.7
1113390 1139.7
1113400 1139.7
1113410 1139.0
1113420 1143.5
1113430 1143.5
1113440 1145.4
1113450 1147.3
1113460 1147.3
1113470 1148.7
1113480 1150.7
1113490 1150.7
1113500 1152.2
1113510 1154.0
1113520 1154.0
1113530 1155.6
1113540 1156.3
1113550 1156.6
1113560 1156.6
1113570 1156.6
1113580 1156.0
1113590 1156.0
1113600 1155.7
1113610 1155.6
1113620 1155.6
1113630 1155.1
1113640 1154.6
1113650 1154.6
1113660 1153.4
1113670 1152.5
1113680 1152.5
1113690 1152.5
1113700 1153.5
1113710 1153.5
1113720 1155.8
1113730 1158.7
1113740 1158.7
1113750 1161.0
1113760 1162.6
1113770 1169.4
1113780 1173.5
1113790 1179.3
1113800 1183.9
1113810 1183.9
1113820 1186.0
1113830 1187.6
1113840 1187.6
1113850 1189.0
1113860 1190.3
1113870 1190.3
1113880 1191.5
1113890 1193.1
1113900 1193.1
1113910 1196.0
1113920 1199.7
1113930 1199.7
1113940 1201.6
1113950 1202.2
1113960 1202.2
1113970 1202.4
1113980 1202.8
1113990 1202.8
1114000 1203.0
1114010 1202.6
1114020 1201.4
1114030 1201.4
1114040 1201.1
1114050 1202.0
1114060 1202.0
1114070 1204.0
1114080 1207.3
1114090 1207.3
1114100 1209.8
1114110 1215.5
1114120 1215.5
1114130 1215.2
1114140 1214.9
1114150 1214.9
1114160 1214.2
1114170 1214.5
1114180 1214.5
1114190 1216.1
1114200 1218.1
1114210 1218.1
1114220 1220.0
1114230 1221.2
1114240 1221.2
1114250 1221.6
1114260 1221.3
1114270 1224.9
1114280 1224.9
1114290 1229.0
1114300 1235.6
1114310 1235.6
1114320 1244.0
1114330 1249.2
1114340 1249.2
1114350 1252.6
1114360 1255.9
1114370 1255.9
1114380 1259.6
1114390 1262.3
1114400 1262.3
1114410 1263.7
1114420 1265.7
1114430 1265.7
1114440 1267.0
1114450 1271.5
1114460 1271.5
1114470 1274.0
1114480 1275.3
1114490 1278.3
1114500 1278.3
1114510 1280.1
1114520 1280.8
1114530 1280.8
1114540 1283.3
1114550 1284.5
1114560 1284.5
1114570 1285.1
1114580 1283.0
1114590 1283.0
1114600 1283.1
1114610 1283.4
1114620 1283.4
1114630 1282.1
1114640 1282.1
1114650 1282.1
1114660 1282.3
1114670 1281.9
1114680 1281.9
1114690 1283.1
1114700 1284.8
1114710 1284.8
1114720 1287.8
1114730 1288.8
1114740 1288.7
1114750 1288.7
1114760 1291.9
1114770 1297.2
1114780 1297.2
1114790 1301.6
1114800 1311.3
1114810 1311.3
1114820 1316.4
1114830 1321.0
1114840 1321.0
1114850 1324.5
1114860 1327.7
1114870 1327.7
1114880 1330.0
1114890 1331.3
1114900 1331.3
1114910 1331.6
1114920 1331.1
1114930 1331.1
1114940 1330.2
1114950 1328.4
1114960 1325.5
1114970 1325.5
1114980 1323.3
1114990 1325.6
1115000 1325.6
1115010 1330.5
1115020 1330.2
1115030 1330.2
1115040 1329.0
1115050 1329.1
1115060 1329.1
1115070 1325.0
1115080 1320.0
1115090 1320.0
1115100 1318.0
1115110 1313.8
1115120 1313.8
1115130 1307.6
1115140 1320.0
1115150 1320.0
1115160 1327.4
1115170 1330.3
1115180 1330.3
1115190 1330.2
1115200 1328.8
1115210 1327.3
1115220 1327.3
1115230 1327.0
1115240 1333.1
1115250 1333.1
1115260 1342.6
1115270 1350.9
1115280 1350.9
1115290 1358.1
1115300 1364.3
1115310 1364.3
1115320 1370.6
1115330 1377.1
1115340 1377.1
1115350 1383.3
1115360 1388.5
1115370 1388.5
1115380 1393.6
1115390 1400.4
1115400 1400.4
1115410 1408.5
1115420 1415.3
1115430 1419.8
1115440 1419.8
1115450 1421.7
1115460 1421.2
1115470 1421.2
1115480 1425.8
1115490 1425.2
1115500 1425.2
1115510 1425.1
1115520 1425.6
1115530 1425.6
1115540 1426.0
1115550 1426.3
1115560 1426.3
1115570 1428.5
1115580 1432.5
1115590 1432.5
1115600 1435.2
1115610 1434.5
1115620 1434.5
1115630 1433.8
1115640 1433.5
1115650 1433.5
1115660 1433.3
1115670 1434.7
1115680 1436.1
1115690 1436.1
1115700 1436.9
1115710 1436.8
1115720 1436.8
1115730 1437.3
1115740 1437.5
1115750 1437.5
1115760 1438.0
1115770 1438.2
1115780 1438.2
1115790 1439.8
1115800 1441.1
1115810 1441.1
1115820 1444.1
1115830 1452.6
1115840 1452.6
1115850 1453.9
1115860 1453.0
1115870 1453.0
1115880 1449.3
1115890 1443.9
1115900 1439.4
1115910 1439.4
1115920 1437.3
1115930 1436.2
1115940 1436.2
1115950 1435.6
1115960 1434.5
1115970 1434.5
1115980 1433.5
1115990 1433.0
1116000 1433.0
1116010 1431.6
1116020 1429.6
1116030 1429.6
1116040 1426.2
1116050 1429.4
1116060 1429.4
1116070 1433.9
1116080 1436.7
1116090 1436.7
1116100 1437.8
1116110 1440.3
1116120 1445.0
1116130 1445.0
1116140 1449.3
1116150 1453.5
1116160 1453.5
1116170 1461.1
1116180 1465.1
1116190 1465.1
1116200 1467.4
1116210 1468.0
1116220 1468.0
1116230 1469.2
1116240 1470.3
1116250 1470.3
1116260 1472.8
1116270 1477.3
1116280 1477.3
1116290 1482.3
1116300 1487.1
1116310 1487.1
1116320 1492.0
1116330 1496.5
1116340 1496.5
1116350 1500.8
1116360 1503.9
1116370 1506.8
1116380 1506.8
1116390 1509.5
1116400 1511.6
1116410 1511.6
1116420 1513.8
1116430 1516.4
1116440 1516.4
1116450 1518.2
1116460 1519.2
1116470 1519.2
1116480 1519.9
1116490 1520.3
1116500 1520.3
1116510 1520.0
1116520 1520.6
1116530 1520.6
1116540 1520.9
1116550 1520.7
1116560 1520.7
1116570 1520.0
1116580 1518.7
1116590 1518.0
1116600 1518.0
1116610 1517.7
1116620 1517.6
1116630 1517.6
1116640 1517.6
1116650 1518.5
1116660 1518.5
1116670 1520.1
1116680 1521.3
1116690 1521.3
1116700 1521.8
1116710 1522.3
1116720 1522.3
1116730 1522.3
1116740 1522.1
1116750 1522.1
1116760 1521.8
1116770 1522.7
1116780 1522.7
1116790 1522.6
1116800 1522.8
1116810 1522.8
1116820 1523.1
1116830 1522.4
1116840 1521.3
1116850 1521.3
1116860 1521.2
1116870 1522.6
1116880 1522.6
1116890 1523.2
1116900 1524.3
1116910 1524.3
1116920 1525.5
1116930 1526.4
1116940 1526.4
1116950 1528.3
1116960 1529.2
1116970 1529.2
1116980 1530.8
1116990 1532.8
1117000 1532.8
1117010 1535.7
1117020 1536.9
1117030 1536.9
1117040 1536.7
1117050 1535.6
1117060 1533.0
1117070 1533.0
1117080 1532.6
1117090 1532.4
1117100 1532.4
1117110 1531.9
1117120 1531.6
1117130 1531.6
1117140 1532.0
1117150 1532.2
1117160 1532.2
1117170 1533.4
1117180 1534.0
1117190 1534.0
1117200 1534.0
1117210 1536.2
1117220 1536.2
1117230 1536.1
1117240 1535.7
1117250 1535.7
1117260 1536.1
1117270 1537.2
1117280 1537.2
1117290 1539.4
1117300 1540.8
1117310 1542.3
1117320 1542.3
1117330 1543.2
1117340 1544.5
1117350 1544.5
1117360 1546.6
1117370 1547.9
1117380 1547.9
1117390 1548.1
1117400 1549.3
1117410 1549.3
1117420 1549.8
1117430 1551.0
1117440 1551.0
1117450 1553.1
1117460 1555.0
1117470 1555.0
1117480 1556.9
1117490 1559.4
1117500 1559.4
1117510 1561.2
1117520 1563.3
1117530 1564.4
1117540 1564.4
1117550 1572.4
1117560 1574.3
1117570 1574.3
1117580 1576.3
1117590 1579.3
1117600 1579.3
1117610 1583.5
1117620 1587.6
1117630 1587.6
1117640 1590.8
1117650 1593.7
1117660 1593.7
1117670 1595.7
1117680 1596.5
1117690 1596.5
1117700 1596.9
1117710 1597.5
1117720 1597.5
1117730 1598.6
1117740 1600.9
1117750 1600.9
1117760 1602.7
1117770 1604.2
1117780 1605.2
1117790 1605.2
1117800 1608.4
1117810 1611.8
1117820 1611.8
1117830 1612.2
1117840 1612.3
1117850 1612.3
1117860 1612.6
1117870 1612.6
1117880 1612.6
1117890 1612.3
1117900 1620.2
1117910 1620.2
1117920 1619.7
1117930 1618.6
1117940 1618.6
1117950 1617.7
1117960 1615.9
1117970 1615.9
1117980 1614.3
1117990 1613.3
1118000 1612.7
1118010 1612.7
1118020 1612.1
1118030 1611.1
1118040 1611.1
1118050 1608.9
1118060 1606.7
1118070 1606.7
1118080 1605.8
1118090 1606.0
1118100 1606.0
1118110 1606.9
1118120 1607.7
1118130 1607.7
1118140 1608.2
1118150 1609.1
1118160 1609.1
1118170 1610.6
1118180 1612.4
1118190 1612.4
1118200 1614.2
1118210 1615.9
1118220 1615.9
1118230 1618.4
1118240 1625.6
1118250 1628.9
1118260 1628.9
1118270 1631.8
1118280 1634.5
1118290 1634.5
1118300 1636.4
1118310 1636.7
1118320 1636.7
1118330 1637.3
1118340 1638.8
1118350 1638.8
1118360 1639.3
1118370 1639.1
1118380 1639.1
1118390 1641.4
1118400 1643.2
1118410 1643.2
1118420 1644.9
1118430 1648.2
1118440 1648.2
1118450 1650.4
1118460 1652.2
1118470 1654.3
1118480 1654.3
1118490 1655.7
1118500 1655.6
1118510 1655.6
1118520 1655.3
1118530 1655.0
1118540 1655.0
1118550 1654.5
1118560 1654.4
1118570 1654.4
1118580 1653.2
1118590 1659.1
1118600 1659.1
1118610 1657.5
1118620 1655.7
1118630 1655.7
1118640 1654.8
1118650 1654.3
1118660 1654.3
1118670 1654.5
1118680 1654.0
1118690 1654.0
1118700 1650.1
1118710 1644.9
1118720 1643.3
1118730 1643.3
1118740 1642.9
1118750 1641.6
1118760 1641.6
1118770 1640.3
1118780 1639.4
1118790 1639.4
1118800 1638.1
1118810 1637.4
1118820 1637.4
1118830 1639.1
1118840 1640.5
1118850 1640.5
1118860 1638.6
1118870 1635.8
1118880 1635.8
1118890 1635.6
1118900 1636.5
1118910 1636.5
1118920 1637.3
1118930 1638.1
1118940 1643.6
1118950 1643.6
1118960 1642.8
1118970 1642.1
1118980 1642.1
1118990 1640.9
1119000 1641.3
1119010 1641.3
1119020 1641.2
1119030 1642.0
1119040 1642.0
1119050 1643.5
1119060 1646.1
1119070 1646.1
1119080 1650.5
1119090 1653.5
1119100 1653.5
1119110 1653.9
1119120 1653.7
1119130 1653.7
1119140 1654.9
1119150 1655.1
1119160 1655.1
1119170 1654.2
1119180 1653.4
1119190 1654.6
1119200 1654.6
1119210 1655.3
1119220 1654.0
1119230 1654.0
1119240 1655.6
1119250 1657.5
1119260 1657.5
1119270 1660.5
1119280 1664.7
1119290 1663.5
1119300 1667.6
1119310 1671.2
1119320 1671.2
1119330 1674.9
1119340 1677.2
1119350 1677.2
1119360 1676.6
1119370 1671.4
1119380 1671.4
1119390 1668.5
1119400 1665.9
1119410 1664.5
1119420 1664.5
1119430 1663.5
1119440 1662.3
1119450 1662.3
1119460 1661.1
1119470 1659.6
1119480 1659.6
1119490 1658.2
1119500 1657.9
1119510 1657.9
1119520 1658.3
1119530 1658.6
1119540 1658.6
1119550 1658.5
1119560 1658.0
1119570 1658.0
1119580 1656.6
1119590 1655.4
1119600 1655.4
1119610 1653.8
1119620 1649.8
1119630 1649.0
1119640 1649.0
1119650 1648.2
1119660 1648.8
1119670 1648.8
1119680 1651.0
1119690 1652.2
1119700 1652.2
1119710 1651.3
1119720 1648.9
1119730 1648.9
1119740 1646.7
1119750 1643.3
1119760 1643.3
1119770 1640.2
1119780 1637.0
1119790 1637.0
1119800 1632.7
1119810 1629.1
1119820 1629.1
1119830 1624.6
1119840 1620.4
1119850 1620.4
1119860 1615.2
1119870 1606.8
1119880 1598.6
1119890 1598.6
1119900 1591.3
1119910 1585.4
1119920 1585.4
1119930 1580.0
1119940 1573.2
1119950 1573.2
1119960 1567.1
1119970 1561.4
1119980 1562.8
1119990 1557.6
