1100000 1123.6
1100010 1132.8
1100020 1132.8
1100030 1143.5
1100040 1151.5
1100050 1151.5
1100060 1158.1
1100070 1164.7
1100080 1164.7
1100090 1171.4
1100100 1177.2
1100110 1177.2
1100120 1184.2
1100130 1192.3
1100140 1192.3
1100150 1201.9
1100160 1212.1
1100170 1212.1
1100180 1221.1
1100190 1229.5
1100200 1239.0
1100210 1239.0
1100220 1249.7
1100230 1260.4
1100240 1260.4
1100250 1271.5
1100260 1277.5
1100270 1277.5
1100280 1285.0
1100290 1293.6
1100300 1293.6
1100310 1300.2
1100320 1307.8
1100330 1307.8
1100340 1311.1
1100350 1314.2
1100360 1314.2
1100370 1318.1
1100380 1322.8
1100390 1322.8
1100400 1328.2
1100410 1330.6
1100420 1331.0
1100430 1331.0
1100440 1330.9
1100450 1332.9
1100460 1332.9
1100470 1336.7
1100480 1339.7
1100490 1339.7
1100500 1342.2
1100510 1344.5
1100520 1344.5
1100530 1347.2
1100540 1349.1
1100550 1349.1
1100560 1349.7
1100570 1353.0
1100580 1347.7
1100590 1350.3
1100600 1353.1
1100610 1353.1
1100620 1355.9
1100630 1358.5
1100640 1358.5
1100650 1361.0
1100660 1364.4
1100670 1368.4
1100680 1368.4
1100690 1372.9
1100700 1378.4
1100710 1378.4
1100720 1382.5
1100730 1384.7
1100740 1384.7
1100750 1386.3
1100760 1386.5
1100770 1386.5
1100780 1385.4
1100790 1384.4
1100800 1384.4
1100810 1384.0
1100820 1385.8
1100830 1385.8
1100840 1391.2
1100850 1398.2
1100860 1398.2
1100870 1403.8
1100880 1407.3
1100890 1410.7
1100900 1410.7
1100910 1405.6
1100920 1406.0
1100930 1406.0
1100940 1406.8
1100950 1407.1
1100960 1407.1
1100970 1406.6
1100980 1406.2
1100990 1406.2
1101000 1405.8
1101010 1403.5
1101020 1403.5
1101030 1401.9
1101040 1404.4
1101050 1404.4
1101060 1405.8
1101070 1405.8
1101080 1405.8
1101090 1405.9
1101100 1405.8
1101110 1405.8
1101120 1403.1
1101130 1402.5
1101140 1405.4
1101150 1405.4
1101160 1408.4
1101170 1412.3
1101180 1412.3
1101190 1415.1
1101200 1416.2
1101210 1416.2
1101220 1417.3
1101230 1418.7
1101240 1411.6
1101250 1410.3
1101260 1408.4
1101270 1408.4
1101280 1404.9
1101290 1401.2
1101300 1401.2
1101310 1400.9
1101320 1400.2
1101330 1400.2
1101340 1397.2
1101350 1399.8
1101360 1400.5
1101370 1400.5
1101380 1396.1
1101390 1391.3
1101400 1391.3
1101410 1397.1
1101420 1409.9
1101430 1409.9
1101440 1419.1
1101450 1428.2
1101460 1428.2
1101470 1432.6
1101480 1440.0
1101490 1440.0
1101500 1441.6
1101510 1441.6
1101520 1441.6
1101530 1436.1
1101540 1432.6
1101550 1432.6
1101560 1428.6
1101570 1410.5
1101580 1410.5
1101590 1412.0
1101600 1415.5
1101610 1424.4
1101620 1424.4
1101630 1423.0
1101640 1414.3
1101650 1414.3
1101660 1417.9
1101670 1421.9
1101680 1421.9
1101690 1432.0
1101700 1434.0
1101710 1434.0
1101720 1438.3
1101730 1437.0
1101740 1437.0
1101750 1440.2
1101760 1459.6
1101770 1459.6
1101780 1465.4
1101790 1472.1
1101800 1472.1
1101810 1482.6
1101820 1493.3
1101830 1510.0
1101840 1510.0
1101850 1527.4
1101860 1537.7
1101870 1537.7
1101880 1546.3
1101890 1556.8
1101900 1570.7
1101910 1604.3
1101920 1618.1
1101930 1618.1
1101940 1636.7
1101950 1645.6
1101960 1645.6
1101970 1650.6
1101980 1650.7
1101990 1650.7
1102000 1645.3
1102010 1639.3
1102020 1639.3
1102030 1635.6
1102040 1632.8
1102050 1632.8
1102060 1631.0
1102070 1632.4
1102080 1636.3
1102090 1636.3
1102100 1640.8
1102110 1641.8
1102120 1641.8
1102130 1637.3
1102140 1629.9
1102150 1629.9
1102160 1624.0
1102170 1619.7
1102180 1619.7
1102190 1616.6
1102200 1612.7
1102210 1612.7
1102220 1611.6
1102230 1610.3
1102240 1601.3
1102250 1598.4
1102260 1592.0
1102270 1592.0
1102280 1589.9
1102290 1591.1
1102300 1590.1
1102310 1590.1
1102320 1589.1
1102330 1591.3
1102340 1591.3
1102350 1594.2
1102360 1598.7
1102370 1598.7
1102380 1601.7
1102390 1602.9
1102400 1602.9
1102410 1603.8
1102420 1604.8
1102430 1604.8
1102440 1606.3
1102450 1606.7
1102460 1606.7
1102470 1606.5
1102480 1606.3
1102490 1606.3
1102500 1606.0
1102510 1606.2
1102520 1606.2
1102530 1605.3
1102540 1604.2
1102550 1603.8
1102560 1603.8
1102570 1595.9
1102580 1595.2
1102590 1595.2
1102600 1591.9
1102610 1583.4
1102620 1583.4
1102630 1586.4
1102640 1590.7
1102650 1590.7
1102660 1591.3
1102670 1590.9
1102680 1590.9
1102690 1592.0
1102700 1588.3
1102710 1588.3
1102720 1582.7
1102730 1581.9
1102740 1581.9
1102750 1580.1
1102760 1579.4
1102770 1581.8
1102780 1581.8
1102790 1583.3
1102800 1584.0
1102810 1584.0
1102820 1582.3
1102830 1579.7
1102840 1579.7
1102850 1580.1
1102860 1586.5
1102870 1586.5
1102880 1593.4
1102890 1593.8
1102900 1583.6
1102910 1578.5
1102920 1577.5
1102930 1577.5
1102940 1581.3
1102950 1585.9
1102960 1585.9
1102970 1588.1
1102980 1587.6
1102990 1587.6
1103000 1586.4
1103010 1586.7
1103020 1589.1
1103030 1589.1
1103040 1592.8
1103050 1598.3
1103060 1598.3
1103070 1603.3
1103080 1608.0
1103090 1608.0
1103100 1613.4
1103110 1619.4
1103120 1619.4
1103130 1625.9
1103140 1633.2
1103150 1633.2
1103160 1641.0
1103170 1648.7
1103180 1648.7
1103190 1656.5
1103200 1662.9
1103210 1662.9
1103220 1666.8
1103230 1669.3
1103240 1676.8
1103250 1676.8
1103260 1682.7
1103270 1686.8
1103280 1686.8
1103290 1688.6
1103300 1689.9
1103310 1689.9
1103320 1691.0
1103330 1694.7
1103340 1694.7
1103350 1702.0
1103360 1709.7
1103370 1709.7
1103380 1718.0
1103390 1723.8
1103400 1723.8
1103410 1729.1
1103420 1735.3
1103430 1735.3
1103440 1741.0
1103450 1746.5
1103460 1746.5
1103470 1753.5
1103480 1759.5
1103490 1765.7
1103500 1765.7
1103510 1772.6
1103520 1780.5
1103530 1780.5
1103540 1792.3
1103550 1803.5
1103560 1803.5
1103570 1804.0
1103580 1812.2
1103590 1812.2
1103600 1818.6
1103610 1823.7
1103620 1823.7
1103630 1829.5
1103640 1834.7
1103650 1834.7
1103660 1834.8
1103670 1837.6
1103680 1837.6
1103690 1844.1
1103700 1848.4
1103710 1847.4
1103720 1847.4
1103730 1846.3
1103740 1845.1
1103750 1845.1
1103760 1845.1
1103770 1845.6
1103780 1845.6
1103790 1846.5
1103800 1843.7
1103810 1843.7
1103820 1832.9
1103830 1822.7
1103840 1822.7
1103850 1814.9
1103860 1809.7
1103870 1809.7
1103880 1803.2
1103890 1797.1
1103900 1798.9
1103910 1792.4
1103920 1783.8
1103930 1783.8
1103940 1778.9
1103950 1773.4
1103960 1765.4
1103970 1765.4
1103980 1760.6
1103990 1758.0
1104000 1758.0
1104010 1755.8
1104020 1753.5
1104030 1753.5
1104040 1751.6
1104050 1750.3
1104060 1750.3
1104070 1749.4
1104080 1748.3
1104090 1748.3
1104100 1746.9
1104110 1747.4
1104120 1747.4
1104130 1746.7
1104140 1745.5
1104150 1745.5
1104160 1747.1
1104170 1749.5
1104180 1749.5
1104190 1750.5
1104200 1751.7
1104210 1752.3
1104220 1752.3
1104230 1754.1
1104240 1755.5
1104250 1755.5
1104260 1756.4
1104270 1757.9
1104280 1757.9
1104290 1761.1
1104300 1764.1
1104310 1764.1
1104320 1763.9
1104330 1762.0
1104340 1762.0
1104350 1763.1
1104360 1762.8
1104370 1762.8
1104380 1760.9
1104390 1761.1
1104400 1761.1
1104410 1761.6
1104420 1762.5
1104430 1764.8
1104440 1764.8
1104450 1766.1
1104460 1767.1
1104470 1767.1
1104480 1768.3
1104490 1769.3
1104500 1769.3
1104510 1770.8
1104520 1771.5
1104530 1771.5
1104540 1771.4
1104550 1772.4
1104560 1772.4
1104570 1773.7
1104580 1775.5
1104590 1775.5
1104600 1777.5
1104610 1779.5
1104620 1779.5
1104630 1780.3
1104640 1780.3
1104650 1780.3
1104660 1781.0
1104670 1781.3
1104680 1782.0
1104690 1782.0
1104700 1783.0
1104710 1785.6
1104720 1785.6
1104730 1786.2
1104740 1787.5
1104750 1787.5
1104760 1789.6
1104770 1791.1
1104780 1791.1
1104790 1793.7
1104800 1793.6
1104810 1793.6
1104820 1794.8
1104830 1796.3
1104840 1796.3
1104850 1798.4
1104860 1801.2
1104870 1801.2
1104880 1804.5
1104890 1807.8
1104900 1806.6
1104910 1806.6
1104920 1809.4
1104930 1811.7
1104940 1811.7
1104950 1813.4
1104960 1815.4
1104970 1815.4
1104980 1817.7
1104990 1820.3
1105000 1820.3
1105010 1822.6
1105020 1824.4
1105030 1824.4
1105040 1826.0
1105050 1828.0
1105060 1828.0
1105070 1830.5
1105080 1833.1
1105090 1833.1
1105100 1836.0
1105110 1838.9
1105120 1838.9
1105130 1842.2
1105140 1846.2
1105150 1850.6
1105160 1850.6
1105170 1854.9
1105180 1859.2
1105190 1859.2
1105200 1862.8
1105210 1865.3
1105220 1865.3
1105230 1867.5
1105240 1863.4
1105250 1863.4
1105260 1866.8
1105270 1870.3
1105280 1870.3
1105290 1874.4
1105300 1878.1
1105310 1878.1
1105320 1882.6
1105330 1887.5
1105340 1887.5
1105350 1892.8
1105360 1897.8
1105370 1901.5
1105380 1901.5
1105390 1904.8
1105400 1908.9
1105410 1908.9
1105420 1913.9
1105430 1918.8
1105440 1918.8
1105450 1923.5
1105460 1928.4
1105470 1928.4
1105480 1932.9
1105490 1938.3
1105500 1938.3
1105510 1943.9
1105520 1947.7
1105530 1947.7
1105540 1950.3
1105550 1954.7
1105560 1954.7
1105570 1952.1
1105580 1957.6
1105590 1957.6
1105600 1963.1
1105610 1964.3
1105620 1961.0
1105630 1961.0
1105640 1956.9
1105650 1953.5
1105660 1953.5
1105670 1948.1
1105680 1942.8
1105690 1942.8
1105700 1938.4
1105710 1934.4
1105720 1934.4
1105730 1929.8
1105740 1925.8
1105750 1925.8
1105760 1923.4
1105770 1921.6
1105780 1921.6
1105790 1917.8
1105800 1912.6
1105810 1912.6
1105820 1907.0
1105830 1901.2
1105840 1896.9
1105850 1896.9
1105860 1892.0
1105870 1887.7
1105880 1887.7
1105890 1883.9
1105900 1879.8
1105910 1878.3
1105920 1873.6
1105930 1868.3
1105940 1868.3
1105950 1864.1
1105960 1860.4
1105970 1860.4
1105980 1857.6
1105990 1855.1
1106000 1855.1
1106010 1853.2
1106020 1851.3
1106030 1851.3
1106040 1848.6
1106050 1847.2
1106060 1847.2
1106070 1844.5
1106080 1840.7
1106090 1838.6
1106100 1838.6
1106110 1836.9
1106120 1833.9
1106130 1833.9
1106140 1830.2
1106150 1827.5
1106160 1827.5
1106170 1824.0
1106180 1819.9
1106190 1819.9
1106200 1816.1
1106210 1812.8
1106220 1812.8
1106230 1808.3
1106240 1807.0
1106250 1807.0
1106260 1801.5
1106270 1797.6
1106280 1797.6
1106290 1794.0
1106300 1790.6
1106310 1787.9
1106320 1787.9
1106330 1786.6
1106340 1786.1
1106350 1786.1
1106360 1785.0
1106370 1783.3
1106380 1783.3
1106390 1779.2
1106400 1775.5
1106410 1775.5
1106420 1771.5
1106430 1769.1
1106440 1769.1
1106450 1765.1
1106460 1759.1
1106470 1759.1
1106480 1753.6
1106490 1747.6
1106500 1747.6
1106510 1740.3
1106520 1739.4
1106530 1739.4
1106540 1741.7
1106550 1742.3
1106560 1741.9
1106570 1741.9
1106580 1744.8
1106590 1745.8
1106600 1745.8
1106610 1745.5
1106620 1744.3
1106630 1744.3
1106640 1741.6
1106650 1735.6
1106660 1735.6
1106670 1731.9
1106680 1729.8
1106690 1729.8
1106700 1727.3
1106710 1727.1
1106720 1727.1
1106730 1724.5
1106740 1720.7
1106750 1720.7
1106760 1717.2
1106770 1717.0
1106780 1712.3
1106790 1712.3
1106800 1710.9
1106810 1715.6
1106820 1715.6
1106830 1714.6
1106840 1713.9
1106850 1713.9
1106860 1711.9
1106870 1711.0
1106880 1711.0
1106890 1710.6
1106900 1707.5
1106910 1706.0
1106920 1707.6
1106930 1707.4
1106940 1707.4
1106950 1706.4
1106960 1706.2
1106970 1706.2
1106980 1706.4
1106990 1706.0
1107000 1706.0
1107010 1707.3
1107020 1708.9
1107030 1708.6
1107040 1708.6
1107050 1707.2
1107060 1707.2
1107070 1707.2
1107080 1708.4
1107090 1708.3
1107100 1708.3
1107110 1708.0
1107120 1707.4
1107130 1707.4
1107140 1706.6
1107150 1704.8
1107160 1704.8
1107170 1703.4
1107180 1701.8
1107190 1701.8
1107200 1700.7
1107210 1699.8
1107220 1699.8
1107230 1699.0
1107240 1698.6
1107250 1696.3
1107260 1696.3
1107270 1696.2
1107280 1694.6
1107290 1694.6
1107300 1690.7
1107310 1685.6
1107320 1685.6
1107330 1683.7
1107340 1684.3
1107350 1684.3
1107360 1684.4
1107370 1683.2
1107380 1683.2
1107390 1683.5
1107400 1680.3
1107410 1680.3
1107420 1674.5
1107430 1669.2
1107440 1669.2
1107450 1664.2
1107460 1659.9
1107470 1659.9
1107480 1658.1
1107490 1654.1
1107500 1650.2
1107510 1650.2
1107520 1646.6
1107530 1644.1
1107540 1644.1
1107550 1642.4
1107560 1640.3
1107570 1640.3
1107580 1636.2
1107590 1640.9
1107600 1640.9
1107610 1638.4
1107620 1635.5
1107630 1635.5
1107640 1633.0
1107650 1630.7
1107660 1630.7
1107670 1628.6
1107680 1623.5
1107690 1623.5
1107700 1620.3
1107710 1618.2
1107720 1617.0
1107730 1617.0
1107740 1615.2
1107750 1613.3
1107760 1613.3
1107770 1611.7
1107780 1610.8
1107790 1610.8
1107800 1610.9
1107810 1611.3
1107820 1611.3
1107830 1611.0
1107840 1612.7
1107850 1612.7
1107860 1614.8
1107870 1618.6
1107880 1618.6
1107890 1621.7
1107900 1621.9
1107910 1621.9
1107920 1630.8
1107930 1633.9
1107940 1633.9
1107950 1635.7
1107960 1634.4
1107970 1637.4
1107980 1637.4
1107990 1640.6
1108000 1641.6
1108010 1641.6
1108020 1642.0
1108030 1643.0
1108040 1643.0
1108050 1644.2
1108060 1645.6
1108070 1645.6
1108080 1644.3
1108090 1640.7
1108100 1640.7
1108110 1636.4
1108120 1632.1
1108130 1632.1
1108140 1628.2
1108150 1626.6
1108160 1626.6
1108170 1625.3
1108180 1626.7
1108190 1629.8
1108200 1629.8
1108210 1629.3
1108220 1629.0
1108230 1629.0
1108240 1624.9
1108250 1611.0
1108260 1623.8
1108270 1613.0
1108280 1603.7
1108290 1603.7
1108300 1595.4
1108310 1588.6
1108320 1588.6
1108330 1583.2
1108340 1578.2
1108350 1578.2
1108360 1572.8
1108370 1566.3
1108380 1566.3
1108390 1560.8
1108400 1555.3
1108410 1555.3
1108420 1551.1
1108430 1548.8
1108440 1547.2
1108450 1547.2
1108460 1543.7
1108470 1539.5
1108480 1539.5
1108490 1534.6
1108500 1531.6
1108510 1531.6
1108520 1532.9
1108530 1532.6
1108540 1532.6
1108550 1530.0
1108560 1527.0
1108570 1527.0
1108580 1524.0
1108590 1520.3
1108600 1526.0
1108610 1521.5
1108620 1517.5
1108630 1517.5
1108640 1514.4
1108650 1512.6
1108660 1511.8
1108670 1511.8
1108680 1511.6
1108690 1510.8
1108700 1510.8
1108710 1510.3
1108720 1509.0
1108730 1509.0
1108740 1506.7
1108750 1503.4
1108760 1503.4
1108770 1500.7
1108780 1498.3
1108790 1498.3
1108800 1495.3
1108810 1492.6
1108820 1492.6
1108830 1490.3
1108840 1487.2
1108850 1487.2
1108860 1483.5
1108870 1479.6
1108880 1479.6
1108890 1476.6
1108900 1474.2
1108910 1471.8
1108920 1471.8
1108930 1468.4
1108940 1467.8
1108950 1467.8
1108960 1463.3
1108970 1458.6
1108980 1458.6
1108990 1454.8
1109000 1449.7
1109010 1449.7
1109020 1443.3
1109030 1436.2
1109040 1436.2
1109050 1432.2
1109060 1429.1
1109070 1429.1
1109080 1426.0
1109090 1423.0
1109100 1423.0
1109110 1419.1
1109120 1415.4
1109130 1414.6
1109140 1414.6
1109150 1413.2
1109160 1410.3
1109170 1410.3
1109180 1408.0
1109190 1405.8
1109200 1405.8
1109210 1403.1
1109220 1399.8
1109230 1399.8
1109240 1397.8
1109250 1396.7
1109260 1396.7
1109270 1402.4
1109280 1400.8
1109290 1400.8
1109300 1399.8
1109310 1397.9
1109320 1397.9
1109330 1394.8
1109340 1391.4
1109350 1391.4
1109360 1387.5
1109370 1384.5
1109380 1381.6
1109390 1381.6
1109400 1378.8
1109410 1374.8
1109420 1374.8
1109430 1370.3
1109440 1366.5
1109450 1366.5
1109460 1361.7
1109470 1355.6
1109480 1355.6
1109490 1349.2
1109500 1343.4
1109510 1343.4
1109520 1337.8
1109530 1331.2
1109540 1331.2
1109550 1325.0
1109560 1319.7
1109570 1319.7
1109580 1313.1
1109590 1306.8
1109600 1303.1
1109610 1308.7
1109620 1308.4
1109630 1307.6
1109640 1307.6
1109650 1299.1
1109660 1280.2
1109670 1280.2
1109680 1269.2
1109690 1269.4
1109700 1269.4
1109710 1262.2
1109720 1247.2
1109730 1247.2
1109740 1237.0
1109750 1228.2
1109760 1228.2
1109770 1218.6
1109780 1208.5
1109790 1208.5
1109800 1203.6
1109810 1199.1
1109820 1199.1
1109830 1194.0
1109840 1183.1
1109850 1172.9
1109860 1172.9
1109870 1162.2
1109880 1148.2
1109890 1148.2
1109900 1140.3
1109910 1133.9
1109920 1133.9
1109930 1126.7
1109940 1116.4
1109950 1105.9
1109960 1098.2
1109970 1083.3
1109980 1083.3
1109990 1071.7
1110000 1060.8
1110010 1060.8
1110020 1052.3
1110030 1043.8
1110040 1043.8
1110050 1034.8
1110060 1025.4
1110070 1018.4
1110080 1018.4
1110090 1020.3
1110100 1019.8
1110110 1019.8
1110120 1027.1
1110130 1029.9
1110140 1029.9
1110150 1029.7
1110160 1032.9
1110170 1032.9
1110180 1031.3
1110190 1032.4
1110200 1032.4
1110210 1032.5
1110220 1033.6
1110230 1033.6
1110240 1037.1
1110250 1037.0
1110260 1037.0
1110270 1038.1
1110280 1038.8
1110290 1046.0
1110300 1045.5
1110310 1044.7
1110320 1039.7
1110330 1039.7
1110340 1033.4
1110350 1029.8
1110360 1029.8
1110370 1029.7
1110380 1031.4
1110390 1031.4
1110400 1035.4
1110410 1035.2
1110420 1035.2
1110430 1030.1
1110440 1031.3
1110450 1031.3
1110460 1030.4
1110470 1031.8
1110480 1031.8
1110490 1031.5
1110500 1029.7
1110510 1029.7
1110520 1026.1
1110530 1023.8
1110540 1023.9
1110550 1023.9
1110560 1024.4
1110570 1024.9
1110580 1024.9
1110590 1023.3
1110600 1020.1
1110610 1020.1
1110620 1019.7
1110630 1031.4
1110640 1031.4
1110650 1034.3
1110660 1034.5
1110670 1034.5
1110680 1033.3
1110690 1032.3
1110700 1032.3
1110710 1030.2
1110720 1030.8
1110730 1030.8
1110740 1029.1
1110750 1025.4
1110760 1025.4
1110770 1017.3
1110780 1006.9
1110790 994.4
1110800 994.4
1110810 983.4
1110820 974.2
1110830 974.2
1110840 961.3
1110850 953.2
1110860 953.2
1110870 947.8
1110880 942.7
1110890 942.7
1110900 938.3
1110910 933.5
1110920 933.5
1110930 928.5
1110940 923.8
1110950 923.8
1110960 918.0
1110970 916.8
1110980 916.8
1110990 910.3
1111000 905.5
1111010 903.8
1111020 903.8
1111030 903.9
1111040 903.6
1111050 903.6
1111060 901.6
1111070 900.0
1111080 900.0
1111090 896.6
1111100 892.6
1111110 892.6
1111120 888.6
1111130 885.9
1111140 885.9
1111150 885.3
1111160 885.8
1111170 885.8
1111180 886.7
1111190 888.0
1111200 888.0
1111210 889.1
1111220 890.0
1111230 890.0
1111240 891.3
1111250 892.3
1111260 893.0
1111270 893.0
1111280 894.1
1111290 894.9
1111300 894.9
1111310 897.4
1111320 898.1
1111330 898.1
1111340 898.3
1111350 899.9
1111360 899.9
1111370 900.3
1111380 900.5
1111390 900.5
1111400 900.6
1111410 899.3
1111420 899.3
1111430 897.4
1111440 896.9
1111450 896.9
1111460 896.8
1111470 896.4
1111480 896.3
1111490 896.3
1111500 896.4
1111510 896.7
1111520 896.7
1111530 897.2
1111540 897.6
1111550 897.6
1111560 897.5
1111570 896.3
1111580 896.3
1111590 895.1
1111600 893.9
1111610 893.9
1111620 893.7
1111630 892.5
1111640 892.5
1111650 893.1
1111660 891.9
1111670 891.9
1111680 890.9
1111690 890.5
1111700 890.5
1111710 889.3
1111720 887.7
1111730 886.8
1111740 886.8
1111750 884.7
1111760 883.2
1111770 883.2
1111780 881.2
1111790 880.4
1111800 880.4
1111810 880.2
1111820 879.8
1111830 879.8
1111840 878.5
1111850 876.8
1111860 876.8
1111870 873.5
1111880 873.4
1111890 873.4
1111900 874.8
1111910 874.4
1111920 874.4
1111930 875.6
1111940 876.3
1111950 876.3
1111960 876.5
1111970 876.7
1111980 877.0
1111990 884.7
1112000 885.3
1112010 884.7
1112020 884.7
1112030 883.2
1112040 882.1
1112050 882.1
1112060 880.3
1112070 878.4
1112080 878.4
1112090 876.8
1112100 874.4
1112110 874.4
1112120 871.7
1112130 869.0
1112140 869.0
1112150 866.9
1112160 866.7
1112170 866.7
1112180 867.1
1112190 868.1
1112200 869.2
1112210 869.2
1112220 869.3
1112230 869.6
1112240 869.6
1112250 871.0
1112260 873.5
1112270 873.5
1112280 875.6
1112290 879.1
1112300 879.1
1112310 881.0
1112320 880.4
1112330 883.1
1112340 884.4
1112350 885.1
1112360 885.1
1112370 886.2
1112380 886.8
1112390 886.8
1112400 885.9
1112410 886.1
1112420 886.1
1112430 886.5
1112440 884.6
1112450 885.3
1112460 885.3
1112470 889.0
1112480 889.1
1112490 889.1
1112500 889.0
1112510 889.7
1112520 889.7
1112530 890.0
1112540 890.2
1112550 890.2
1112560 890.4
1112570 890.7
1112580 890.7
1112590 891.1
1112600 890.9
1112610 890.9
1112620 891.1
1112630 891.5
1112640 891.5
1112650 891.8
1112660 892.0
1112670 895.4
1112680 895.4
1112690 896.0
1112700 896.6
1112710 896.6
1112720 897.6
1112730 898.5
1112740 898.5
1112750 899.9
1112760 901.3
1112770 901.3
1112780 903.0
1112790 904.3
1112800 904.3
1112810 905.2
1112820 906.2
1112830 906.2
1112840 907.0
1112850 907.2
1112860 907.2
1112870 907.6
1112880 908.1
1112890 908.1
1112900 908.6
1112910 909.5
1112920 910.0
1112930 910.0
1112940 910.4
1112950 910.6
1112960 910.6
1112970 910.2
1112980 909.9
1112990 909.9
1113000 910.0
1113010 911.7
1113020 911.7
1113030 911.1
1113040 911.8
1113050 911.8
1113060 913.9
1113070 915.9
1113080 915.9
1113090 917.1
1113100 922.2
1113110 922.2
1113120 927.5
1113130 932.3
1113140 936.2
1113150 936.2
1113160 939.6
1113170 942.5
1113180 942.5
1113190 944.6
1113200 946.2
1113210 946.2
1113220 947.3
1113230 948.7
1113240 948.7
1113250 952.3
1113260 953.4
1113270 953.4
1113280 953.5
1113290 955.0
1113300 955.0
1113310 956.8
1113320 959.2
1113330 959.2
1113340 961.4
1113350 966.6
1113360 966.6
1113370 967.5
1113380 968.8
1113390 970.5
1113400 970.5
1113410 972.4
1113420 973.9
1113430 973.9
1113440 975.5
1113450 975.5
1113460 975.5
1113470 974.8
1113480 974.0
1113490 974.0
1113500 972.6
1113510 971.2
1113520 971.2
1113530 970.3
1113540 969.9
1113550 969.9
1113560 970.4
1113570 971.3
1113580 971.3
1113590 972.6
1113600 973.5
1113610 974.0
1113620 974.0
1113630 973.8
1113640 973.6
1113650 973.6
1113660 973.3
1113670 973.8
1113680 973.8
1113690 976.9
1113700 986.1
1113710 986.1
1113720 991.5
1113730 995.8
1113740 995.8
1113750 999.0
1113760 1000.5
1113770 1000.5
1113780 1002.2
1113790 1003.1
1113800 1003.1
1113810 1006.3
1113820 1009.4
1113830 1009.4
1113840 1009.9
1113850 1009.7
1113860 1012.3
1113870 1012.3
1113880 1014.9
1113890 1014.8
1113900 1014.8
1113910 1015.7
1113920 1016.9
1113930 1016.9
1113940 1018.0
1113950 1018.6
1113960 1018.6
1113970 1018.8
1113980 1018.8
1113990 1018.8
1114000 1018.6
1114010 1017.9
1114020 1017.9
1114030 1017.1
1114040 1017.0
1114050 1017.0
1114060 1015.9
1114070 1015.6
1114080 1015.7
1114090 1015.7
1114100 1015.7
1114110 1015.8
1114120 1015.8
1114130 1017.0
1114140 1018.1
1114150 1018.1
1114160 1018.6
1114170 1018.9
1114180 1018.9
1114190 1019.3
1114200 1019.6
1114210 1019.6
1114220 1020.2
1114230 1022.1
1114240 1022.1
1114250 1024.5
1114260 1027.2
1114270 1027.2
1114280 1030.0
1114290 1033.2
1114300 1033.2
1114310 1036.9
1114320 1040.6
1114330 1043.0
1114340 1043.0
1114350 1044.0
1114360 1044.7
1114370 1044.7
1114380 1052.5
1114390 1047.2
1114400 1047.2
1114410 1052.0
1114420 1060.9
1114430 1060.9
1114440 1072.3
1114450 1079.1
1114460 1079.1
1114470 1083.9
1114480 1088.0
1114490 1088.0
1114500 1091.5
1114510 1095.0
1114520 1095.0
1114530 1096.7
1114540 1097.5
1114550 1099.9
1114560 1099.9
1114570 1103.3
1114580 1104.8
1114590 1104.8
1114600 1104.8
1114610 1104.5
1114620 1104.5
1114630 1103.9
1114640 1103.1
1114650 1103.1
1114660 1102.5
1114670 1103.7
1114680 1103.7
1114690 1093.8
1114700 1083.8
1114710 1083.8
1114720 1080.1
1114730 1088.2
1114740 1088.2
1114750 1098.7
1114760 1106.1
1114770 1106.1
1114780 1110.0
1114790 1112.7
1114800 1116.4
1114810 1116.4
1114820 1120.7
1114830 1123.9
1114840 1123.9
1114850 1125.9
1114860 1127.0
1114870 1127.0
1114880 1127.7
1114890 1127.9
1114900 1127.9
1114910 1128.1
1114920 1129.0
1114930 1129.0
1114940 1130.2
1114950 1130.8
1114960 1130.8
1114970 1130.6
1114980 1130.8
1114990 1130.8
1115000 1131.1
1115010 1131.1
1115020 1131.6
1115030 1131.6
1115040 1131.6
1115050 1131.6
1115060 1131.6
1115070 1134.7
1115080 1134.2
1115090 1134.2
1115100 1133.4
1115110 1132.7
1115120 1132.7
1115130 1131.9
1115140 1131.8
1115150 1131.8
1115160 1131.5
1115170 1131.9
1115180 1131.9
1115190 1132.8
1115200 1135.4
1115210 1135.4
1115220 1139.2
1115230 1141.3
1115240 1141.3
1115250 1143.1
1115260 1147.9
1115270 1155.5
1115280 1155.5
1115290 1161.3
1115300 1166.2
1115310 1166.2
1115320 1168.9
1115330 1170.5
1115340 1170.5
1115350 1171.9
1115360 1172.9
1115370 1172.9
1115380 1175.5
1115390 1181.5
1115400 1181.5
1115410 1189.2
1115420 1193.6
1115430 1193.6
1115440 1196.8
1115450 1198.6
1115460 1198.6
1115470 1199.7
1115480 1201.0
1115490 1203.0
1115500 1203.0
1115510 1205.5
1115520 1208.1
1115530 1208.1
1115540 1209.9
1115550 1212.1
1115560 1212.1
1115570 1215.6
1115580 1218.1
1115590 1218.1
1115600 1219.4
1115610 1220.6
1115620 1220.6
1115630 1222.7
1115640 1225.8
1115650 1225.8
1115660 1228.4
1115670 1231.4
1115680 1231.4
1115690 1236.8
1115700 1241.5
1115710 1241.5
1115720 1244.3
1115730 1245.2
1115740 1245.7
1115750 1245.7
1115760 1252.3
1115770 1255.7
1115780 1255.7
1115790 1257.9
1115800 1260.4
1115810 1260.4
1115820 1261.2
1115830 1261.4
1115840 1261.4
1115850 1261.9
1115860 1262.4
1115870 1262.4
1115880 1262.4
1115890 1261.7
1115900 1261.7
1115910 1262.3
1115920 1262.7
1115930 1262.7
1115940 1262.8
1115950 1262.6
1115960 1262.4
1115970 1262.4
1115980 1261.4
1115990 1260.1
1116000 1260.1
1116010 1259.5
1116020 1260.5
1116030 1260.5
1116040 1261.3
1116050 1261.7
1116060 1261.7
1116070 1261.4
1116080 1260.3
1116090 1260.3
1116100 1264.5
1116110 1265.3
1116120 1265.3
1116130 1264.9
1116140 1263.6
1116150 1263.6
1116160 1262.7
1116170 1261.3
1116180 1261.3
1116190 1260.1
1116200 1258.8
1116210 1257.3
1116220 1257.3
1116230 1255.8
1116240 1255.5
1116250 1255.5
1116260 1257.5
1116270 1260.3
1116280 1260.3
1116290 1261.7
1116300 1263.4
1116310 1263.4
1116320 1264.5
1116330 1265.8
1116340 1265.8
1116350 1266.5
1116360 1267.1
1116370 1267.1
1116380 1268.9
1116390 1269.8
1116400 1269.8
1116410 1270.0
1116420 1270.3
1116430 1269.6
1116440 1269.6
1116450 1272.8
1116460 1275.0
1116470 1275.0
1116480 1278.0
1116490 1279.7
1116500 1279.7
1116510 1280.8
1116520 1281.3
1116530 1281.3
1116540 1280.5
1116550 1279.8
1116560 1279.8
1116570 1279.6
1116580 1280.8
1116590 1280.8
1116600 1282.7
1116610 1284.3
1116620 1284.3
1116630 1286.7
1116640 1289.0
1116650 1289.0
1116660 1292.3
1116670 1295.2
1116680 1297.7
1116690 1297.7
1116700 1299.8
1116710 1301.5
1116720 1301.5
1116730 1302.9
1116740 1304.4
1116750 1304.4
1116760 1305.7
1116770 1306.4
1116780 1306.4
1116790 1308.9
1116800 1308.7
1116810 1308.7
1116820 1310.3
1116830 1312.6
1116840 1312.6
1116850 1314.4
1116860 1316.4
1116870 1316.4
1116880 1318.4
1116890 1319.2
1116900 1319.5
1116910 1319.5
1116920 1320.8
1116930 1323.7
1116940 1323.7
1116950 1325.6
1116960 1327.8
1116970 1327.8
1116980 1330.4
1116990 1332.8
1117000 1332.8
1117010 1334.7
1117020 1336.4
1117030 1336.4
1117040 1339.3
1117050 1341.8
1117060 1341.8
1117070 1343.8
1117080 1345.3
1117090 1345.3
1117100 1346.2
1117110 1346.3
1117120 1346.3
1117130 1346.8
1117140 1349.6
1117150 1351.7
1117160 1351.7
1117170 1354.3
1117180 1355.5
1117190 1355.5
1117200 1355.8
1117210 1359.1
1117220 1359.1
1117230 1364.2
1117240 1369.2
1117250 1369.2
1117260 1374.6
1117270 1380.9
1117280 1380.9
1117290 1383.9
1117300 1384.8
1117310 1384.8
1117320 1383.7
1117330 1384.4
1117340 1384.4
1117350 1386.8
1117360 1387.6
1117370 1387.7
1117380 1387.7
1117390 1388.0
1117400 1388.4
1117410 1388.4
1117420 1388.1
1117430 1388.2
1117440 1388.2
1117450 1388.5
1117460 1389.1
1117470 1389.1
1117480 1390.7
1117490 1391.1
1117500 1391.1
1117510 1391.2
1117520 1391.4
1117530 1391.4
1117540 1392.1
1117550 1392.4
1117560 1392.4
1117570 1391.9
1117580 1391.6
1117590 1391.6
1117600 1391.6
1117610 1392.0
1117620 1393.2
1117630 1393.2
1117640 1393.1
1117650 1394.1
1117660 1394.1
1117670 1395.6
1117680 1396.6
1117690 1396.6
1117700 1397.5
1117710 1398.7
1117720 1398.7
1117730 1399.1
1117740 1400.4
1117750 1400.4
1117760 1401.3
1117770 1403.7
1117780 1403.7
1117790 1407.0
1117800 1408.7
1117810 1408.7
1117820 1410.1
1117830 1415.2
1117840 1418.8
1117850 1418.8
1117860 1423.0
1117870 1426.7
1117880 1426.7
1117890 1430.6
1117900 1433.2
1117910 1433.2
1117920 1434.5
1117930 1435.2
1117940 1435.2
1117950 1434.6
1117960 1434.5
1117970 1434.5
1117980 1434.3
1117990 1435.3
1118000 1435.3
1118010 1436.0
1118020 1436.7
1118030 1436.7
1118040 1437.6
1118050 1437.9
1118060 1437.9
1118070 1438.0
1118080 1438.0
1118090 1438.0
1118100 1438.0
1118110 1436.6
1118120 1436.6
1118130 1436.6
1118140 1437.5
1118150 1437.4
1118160 1437.4
1118170 1443.3
1118180 1442.0
1118190 1442.0
1118200 1440.2
1118210 1439.6
1118220 1439.6
1118230 1438.3
1118240 1434.7
1118250 1434.7
1118260 1431.9
1118270 1429.0
1118280 1429.0
1118290 1427.2
1118300 1426.7
1118310 1425.8
1118320 1425.8
1118330 1425.8
1118340 1426.1
1118350 1426.1
1118360 1425.7
1118370 1426.4
1118380 1426.4
1118390 1428.6
1118400 1430.8
1118410 1430.8
1118420 1431.7
1118430 1432.9
1118440 1432.9
1118450 1433.7
1118460 1433.6
1118470 1433.6
1118480 1434.7
1118490 1435.5
1118500 1435.5
1118510 1435.8
1118520 1442.0
1118530 1442.0
1118540 1442.3
1118550 1443.7
1118560 1444.0
1118570 1444.0
1118580 1443.1
1118590 1439.3
1118600 1439.3
1118610 1440.7
1118620 1441.1
1118630 1441.1
1118640 1438.3
1118650 1438.9
1118660 1438.9
1118670 1438.1
1118680 1438.9
1118690 1438.9
1118700 1438.8
1118710 1437.8
1118720 1437.8
1118730 1437.6
1118740 1436.0
1118750 1436.0
1118760 1433.8
1118770 1436.5
1118780 1438.2
1118790 1438.2
1118800 1437.6
1118810 1440.9
1118820 1440.9
1118830 1443.1
1118840 1443.8
1118850 1443.8
1118860 1443.5
1118870 1452.2
1118880 1452.2
1118890 1454.5
1118900 1457.1
1118910 1457.1
1118920 1460.0
1118930 1462.3
1118940 1462.3
1118950 1463.2
1118960 1464.5
1118970 1464.5
1118980 1465.6
1118990 1467.2
1119000 1467.2
1119010 1468.5
1119020 1468.3
1119030 1468.6
1119040 1468.6
1119050 1469.5
1119060 1472.0
1119070 1472.0
1119080 1474.3
1119090 1476.0
1119100 1476.0
1119110 1475.6
1119120 1474.8
1119130 1474.8
1119140 1475.0
1119150 1475.3
1119160 1475.3
1119170 1475.6
1119180 1477.2
1119190 1477.2
1119200 1479.7
1119210 1480.8
1119220 1489.0
1119230 1487.3
1119240 1485.8
1119250 1485.9
1119260 1485.9
1119270 1486.9
1119280 1488.4
1119290 1488.4
1119300 1489.8
1119310 1491.2
1119320 1491.2
1119330 1493.8
1119340 1496.2
1119350 1496.2
1119360 1499.6
1119370 1503.3
1119380 1503.3
1119390 1506.7
1119400 1509.6
1119410 1509.6
1119420 1512.3
1119430 1514.1
1119440 1514.1
1119450 1514.3
1119460 1513.9
1119470 1513.9
1119480 1512.4
1119490 1509.7
1119500 1507.3
1119510 1507.3
1119520 1505.0
1119530 1501.5
1119540 1501.5
1119550 1496.2
1119560 1495.6
1119570 1495.6
1119580 1493.0
1119590 1489.8
1119600 1489.8
1119610 1486.1
1119620 1483.1
1119630 1483.1
1119640 1479.9
1119650 1477.8
1119660 1477.8
1119670 1477.0
1119680 1474.4
1119690 1474.4
1119700 1469.6
1119710 1465.2
1119720 1460.1
1119730 1460.1
1119740 1457.2
1119750 1456.7
1119760 1456.7
1119770 1452.6
1119780 1446.8
1119790 1446.8
1119800 1436.4
1119810 1426.7
1119820 1426.7
1119830 1417.3
1119840 1408.9
1119850 1408.9
1119860 1400.1
1119870 1390.7
1119880 1390.7
1119890 1382.1
1119900 1372.0
1119910 1373.9
1119920 1363.5
1119930 1357.4
1119940 1357.4
1119950 1361.7
1119960 1372.7
1119970 1384.9
1119980 1384.9
1119990 1393.4
