1100000 1132.6
1100010 1132.6
1100020 1140.4
1100030 1147.6
1100040 1147.6
1100050 1154.2
1100060 1159.8
1100070 1159.8
1100080 1165.5
1100090 1172.9
1100100 1172.9
1100110 1198.4
1100120 1221.8
1100130 1221.8
1100140 1228.0
1100150 1225.0
1100160 1225.0
1100170 1233.1
1100180 1246.3
1100190 1246.3
1100200 1275.8
1100210 1293.3
1100220 1286.0
1100230 1286.0
1100240 1276.9
1100250 1278.8
1100260 1278.8
1100270 1300.3
1100280 1304.2
1100290 1304.2
1100300 1301.5
1100310 1299.7
1100320 1299.7
1100330 1298.8
1100340 1299.5
1100350 1299.5
1100360 1301.0
1100370 1301.8
1100380 1301.8
1100390 1302.8
1100400 1303.8
1100410 1303.8
1100420 1304.3
1100430 1303.9
1100440 1304.3
1100450 1304.3
1100460 1304.1
1100470 1303.1
1100480 1303.1
1100490 1302.1
1100500 1300.8
1100510 1300.8
1100520 1300.5
1100530 1295.1
1100540 1295.1
1100550 1295.3
1100560 1298.9
1100570 1298.9
1100580 1300.7
1100590 1302.6
1100600 1302.6
1100610 1305.3
1100620 1307.2
1100630 1307.2
1100640 1309.2
1100650 1311.4
1100660 1311.4
1100670 1314.0
1100680 1316.5
1100690 1318.6
1100700 1318.6
1100710 1320.5
1100720 1322.0
1100730 1322.0
1100740 1322.3
1100750 1323.1
1100760 1323.1
1100770 1326.6
1100780 1329.9
1100790 1329.9
1100800 1330.9
1100810 1332.8
1100820 1332.8
1100830 1334.9
1100840 1339.6
1100850 1339.6
1100860 1338.4
1100870 1341.7
1100880 1341.7
1100890 1344.3
1100900 1346.0
1100910 1347.1
1100920 1347.1
1100930 1348.2
1100940 1349.1
1100950 1349.1
1100960 1350.5
1100970 1351.5
1100980 1351.5
1100990 1350.5
1101000 1348.4
1101010 1348.4
1101020 1349.3
1101030 1350.4
1101040 1350.4
1101050 1351.2
1101060 1354.5
1101070 1354.5
1101080 1357.1
1101090 1356.4
1101100 1356.4
1101110 1355.5
1101120 1351.9
1101130 1351.9
1101140 1346.4
1101150 1350.3
1101160 1356.1
1101170 1356.1
1101180 1356.8
1101190 1339.3
1101200 1339.3
1101210 1331.3
1101220 1326.5
1101230 1326.5
1101240 1324.4
1101250 1330.1
1101260 1330.1
1101270 1335.7
1101280 1336.3
1101290 1336.3
1101300 1332.9
1101310 1330.8
1101320 1330.8
1101330 1335.2
1101340 1334.4
1101350 1334.4
1101360 1327.1
1101370 1330.7
1101380 1330.9
1101390 1330.9
1101400 1326.9
1101410 1320.2
1101420 1320.2
1101430 1319.6
1101440 1322.0
1101450 1322.0
1101460 1325.1
1101470 1329.4
1101480 1329.4
1101490 1328.2
1101500 1333.7
1101510 1333.7
1101520 1350.9
1101530 1356.1
1101540 1356.1
1101550 1371.4
1101560 1378.1
1101570 1378.1
1101580 1385.4
1101590 1387.0
1101600 1387.0
1101610 1392.8
1101620 1404.2
1101630 1413.2
1101640 1413.2
1101650 1426.1
1101660 1435.5
1101670 1435.5
1101680 1441.6
1101690 1450.9
1101700 1450.9
1101710 1461.2
1101720 1477.4
1101730 1477.4
1101740 1488.1
1101750 1491.5
1101760 1491.5
1101770 1496.1
1101780 1498.3
1101790 1498.3
1101800 1504.3
1101810 1514.6
1101820 1514.6
1101830 1526.9
1101840 1553.1
1101850 1564.6
1101860 1559.1
1101870 1556.3
1101880 1556.3
1101890 1556.3
1101900 1557.6
1101910 1557.3
1101920 1557.3
1101930 1558.4
1101940 1562.6
1101950 1562.6
1101960 1563.8
1101970 1564.7
1101980 1564.7
1101990 1564.4
1102000 1563.7
1102010 1563.7
1102020 1561.1
1102030 1557.3
1102040 1557.3
1102050 1558.6
1102060 1557.5
1102070 1557.5
1102080 1554.7
1102090 1553.9
1102100 1553.9
1102110 1553.9
1102120 1551.1
1102130 1551.1
1102140 1551.1
1102150 1546.5
1102160 1541.6
1102170 1541.6
1102180 1544.7
1102190 1536.8
1102200 1536.8
1102210 1536.4
1102220 1534.8
1102230 1534.8
1102240 1529.1
1102250 1520.1
1102260 1520.1
1102270 1517.9
1102280 1519.1
1102290 1519.1
1102300 1519.8
1102310 1522.3
1102320 1526.2
1102330 1526.2
1102340 1532.9
1102350 1539.2
1102360 1539.2
1102370 1543.1
1102380 1545.5
1102390 1545.5
1102400 1547.8
1102410 1549.1
1102420 1549.1
1102430 1548.5
1102440 1548.4
1102450 1548.4
1102460 1547.7
1102470 1546.3
1102480 1546.3
1102490 1546.6
1102500 1547.3
1102510 1547.3
1102520 1541.9
1102530 1540.6
1102540 1540.6
1102550 1535.8
1102560 1533.9
1102570 1534.1
1102580 1534.1
1102590 1530.4
1102600 1522.4
1102610 1522.4
1102620 1518.9
1102630 1520.1
1102640 1520.1
1102650 1523.6
1102660 1530.3
1102670 1530.3
1102680 1535.5
1102690 1535.3
1102700 1535.3
1102710 1530.8
1102720 1523.7
1102730 1523.7
1102740 1522.3
1102750 1522.7
1102760 1522.7
1102770 1522.8
1102780 1522.2
1102790 1520.5
1102800 1520.5
1102810 1519.3
1102820 1520.2
1102830 1520.2
1102840 1522.7
1102850 1522.2
1102860 1522.2
1102870 1523.2
1102880 1521.0
1102890 1521.0
1102900 1521.2
1102910 1520.6
1102920 1520.6
1102930 1521.8
1102940 1525.7
1102950 1525.7
1102960 1529.1
1102970 1530.2
1102980 1530.2
1102990 1535.5
1103000 1541.7
1103010 1541.7
1103020 1547.2
1103030 1553.1
1103040 1559.3
1103050 1559.3
1103060 1566.5
1103070 1574.0
1103080 1574.0
1103090 1581.5
1103100 1589.4
1103110 1589.4
1103120 1597.2
1103130 1604.2
1103140 1604.2
1103150 1607.7
1103160 1609.1
1103170 1609.1
1103180 1612.6
1103190 1622.4
1103200 1622.4
1103210 1631.4
1103220 1640.6
1103230 1640.6
1103240 1649.5
1103250 1657.4
1103260 1663.8
1103270 1663.8
1103280 1669.0
1103290 1675.5
1103300 1675.5
1103310 1682.0
1103320 1687.4
1103330 1687.4
1103340 1692.5
1103350 1697.4
1103360 1697.4
1103370 1702.3
1103380 1707.5
1103390 1707.5
1103400 1712.7
1103410 1717.5
1103420 1717.5
1103430 1722.5
1103440 1727.2
1103450 1727.2
1103460 1731.7
1103470 1736.2
1103480 1736.2
1103490 1740.6
1103500 1745.2
1103510 1749.9
1103520 1745.1
1103530 1749.6
1103540 1753.5
1103550 1753.5
1103560 1757.2
1103570 1761.5
1103580 1761.5
1103590 1765.0
1103600 1768.0
1103610 1768.0
1103620 1770.0
1103630 1771.8
1103640 1771.8
1103650 1775.3
1103660 1778.4
1103670 1778.4
1103680 1781.3
1103690 1784.3
1103700 1784.3
1103710 1786.5
1103720 1788.5
1103730 1790.2
1103740 1790.2
1103750 1792.4
1103760 1794.3
1103770 1794.3
1103780 1796.4
1103790 1798.3
1103800 1798.3
1103810 1800.5
1103820 1802.2
1103830 1802.2
1103840 1803.7
1103850 1799.1
1103860 1799.1
1103870 1800.9
1103880 1802.4
1103890 1802.4
1103900 1806.5
1103910 1808.0
1103920 1808.0
1103930 1802.8
1103940 1799.0
1103950 1799.0
1103960 1796.6
1103970 1794.0
1103980 1791.0
1103990 1791.0
1104000 1787.4
1104010 1784.0
1104020 1784.0
1104030 1781.2
1104040 1777.3
1104050 1777.3
1104060 1773.8
1104070 1771.4
1104080 1771.4
1104090 1769.4
1104100 1768.0
1104110 1768.0
1104120 1766.1
1104130 1764.8
1104140 1764.8
1104150 1763.7
1104160 1761.9
1104170 1761.9
1104180 1760.5
1104190 1767.6
1104200 1767.1
1104210 1767.1
1104220 1768.1
1104230 1769.9
1104240 1769.9
1104250 1772.0
1104260 1773.3
1104270 1773.3
1104280 1775.0
1104290 1775.6
1104300 1775.6
1104310 1776.9
1104320 1777.1
1104330 1777.1
1104340 1775.0
1104350 1773.0
1104360 1773.0
1104370 1771.9
1104380 1770.5
1104390 1770.5
1104400 1768.5
1104410 1767.7
1104420 1767.7
1104430 1766.6
1104440 1766.8
1104450 1768.8
1104460 1768.8
1104470 1771.4
1104480 1772.4
1104490 1772.4
1104500 1773.5
1104510 1775.5
1104520 1776.4
1104530 1778.0
1104540 1779.5
1104550 1779.5
1104560 1779.8
1104570 1778.5
1104580 1778.5
1104590 1775.7
1104600 1772.3
1104610 1772.3
1104620 1769.9
1104630 1769.5
1104640 1769.5
1104650 1769.9
1104660 1771.4
1104670 1773.4
1104680 1773.4
1104690 1775.7
1104700 1777.6
1104710 1777.6
1104720 1774.9
1104730 1767.4
1104740 1767.4
1104750 1765.5
1104760 1770.2
1104770 1770.2
1104780 1777.8
1104790 1783.3
1104800 1783.3
1104810 1784.6
1104820 1786.8
1104830 1786.8
1104840 1787.8
1104850 1788.1
1104860 1788.1
1104870 1792.1
1104880 1796.6
1104890 1796.6
1104900 1801.3
1104910 1802.7
1104920 1804.5
1104930 1804.5
1104940 1806.0
1104950 1807.8
1104960 1807.8
1104970 1809.7
1104980 1810.4
1104990 1810.4
1105000 1809.9
1105010 1811.2
1105020 1811.2
1105030 1811.4
1105040 1813.7
1105050 1813.7
1105060 1816.1
1105070 1818.6
1105080 1818.6
1105090 1821.9
1105100 1825.0
1105110 1825.0
1105120 1827.5
1105130 1828.5
1105140 1828.5
1105150 1829.2
1105160 1829.5
1105170 1830.7
1105180 1830.7
1105190 1832.8
1105200 1834.9
1105210 1834.9
1105220 1837.4
1105230 1839.9
1105240 1839.9
1105250 1842.9
1105260 1847.8
1105270 1847.8
1105280 1853.8
1105290 1859.9
1105300 1859.9
1105310 1865.4
1105320 1871.0
1105330 1871.0
1105340 1876.6
1105350 1882.0
1105360 1882.0
1105370 1887.6
1105380 1893.7
1105390 1898.7
1105400 1898.7
1105410 1900.3
1105420 1902.0
1105430 1902.0
1105440 1902.8
1105450 1905.9
1105460 1905.9
1105470 1909.7
1105480 1912.3
1105490 1912.3
1105500 1915.1
1105510 1918.8
1105520 1919.2
1105530 1925.5
1105540 1930.8
1105550 1930.8
1105560 1935.2
1105570 1940.7
1105580 1940.7
1105590 1946.0
1105600 1950.6
1105610 1950.6
1105620 1952.2
1105630 1950.0
1105640 1947.7
1105650 1947.7
1105660 1943.6
1105670 1938.6
1105680 1938.6
1105690 1932.9
1105700 1927.8
1105710 1927.8
1105720 1920.8
1105730 1914.1
1105740 1914.1
1105750 1908.4
1105760 1903.0
1105770 1903.0
1105780 1897.5
1105790 1891.9
1105800 1891.9
1105810 1886.1
1105820 1879.8
1105830 1879.8
1105840 1874.3
1105850 1868.7
1105860 1865.7
1105870 1865.7
1105880 1861.4
1105890 1856.5
1105900 1856.5
1105910 1851.3
1105920 1846.5
1105930 1846.5
1105940 1842.0
1105950 1838.3
1105960 1838.3
1105970 1835.0
1105980 1831.3
1105990 1831.3
1106000 1830.2
1106010 1830.2
1106020 1830.2
1106030 1830.6
1106040 1831.0
1106050 1831.0
1106060 1830.0
1106070 1829.2
1106080 1829.2
1106090 1828.3
1106100 1826.5
1106110 1823.2
1106120 1823.2
1106130 1817.7
1106140 1815.3
1106150 1815.3
1106160 1815.1
1106170 1814.9
1106180 1814.9
1106190 1814.0
1106200 1811.6
1106210 1811.6
1106220 1807.7
1106230 1803.6
1106240 1803.6
1106250 1799.7
1106260 1798.7
1106270 1798.7
1106280 1796.8
1106290 1793.4
1106300 1793.4
1106310 1791.3
1106320 1790.7
1106330 1790.3
1106340 1790.3
1106350 1789.8
1106360 1789.6
1106370 1789.6
1106380 1791.5
1106390 1792.7
1106400 1792.7
1106410 1792.6
1106420 1791.6
1106430 1791.6
1106440 1790.5
1106450 1788.5
1106460 1788.5
1106470 1788.5
1106480 1785.2
1106490 1785.2
1106500 1783.5
1106510 1781.4
1106520 1781.4
1106530 1784.0
1106540 1781.3
1106550 1781.3
1106560 1779.3
1106570 1778.0
1106580 1778.3
1106590 1778.3
1106600 1777.0
1106610 1775.2
1106620 1775.2
1106630 1772.6
1106640 1769.5
1106650 1769.5
1106660 1765.9
1106670 1762.4
1106680 1762.4
1106690 1759.3
1106700 1757.1
1106710 1757.1
1106720 1756.8
1106730 1756.1
1106740 1756.1
1106750 1754.3
1106760 1752.5
1106770 1752.5
1106780 1751.2
1106790 1748.8
1106800 1746.9
1106810 1746.9
1106820 1744.7
1106830 1742.2
1106840 1742.2
1106850 1739.1
1106860 1737.2
1106870 1740.3
1106880 1739.0
1106890 1738.8
1106900 1738.8
1106910 1738.6
1106920 1737.7
1106930 1737.7
1106940 1737.7
1106950 1739.8
1106960 1739.8
1106970 1740.5
1106980 1739.6
1106990 1739.6
1107000 1739.5
1107010 1740.6
1107020 1740.6
1107030 1742.0
1107040 1742.9
1107050 1743.1
1107060 1743.1
1107070 1743.1
1107080 1745.3
1107090 1745.3
1107100 1746.5
1107110 1746.9
1107120 1746.9
1107130 1745.8
1107140 1743.5
1107150 1743.5
1107160 1740.4
1107170 1736.8
1107180 1736.8
1107190 1733.8
1107200 1732.7
1107210 1732.7
1107220 1731.6
1107230 1730.3
1107240 1730.3
1107250 1728.7
1107260 1727.1
1107270 1725.5
1107280 1725.5
1107290 1723.2
1107300 1721.3
1107310 1721.3
1107320 1717.8
1107330 1713.2
1107340 1713.2
1107350 1708.3
1107360 1703.1
1107370 1703.1
1107380 1699.2
1107390 1696.2
1107400 1696.2
1107410 1693.6
1107420 1690.8
1107430 1690.8
1107440 1687.8
1107450 1684.4
1107460 1684.4
1107470 1681.5
1107480 1678.9
1107490 1678.9
1107500 1677.0
1107510 1674.7
1107520 1674.1
1107530 1674.1
1107540 1679.5
1107550 1680.5
1107560 1680.5
1107570 1681.4
1107580 1680.8
1107590 1680.8
1107600 1679.6
1107610 1678.1
1107620 1678.1
1107630 1678.2
1107640 1677.9
1107650 1677.9
1107660 1677.8
1107670 1677.6
1107680 1677.6
1107690 1677.5
1107700 1677.2
1107710 1677.2
1107720 1677.3
1107730 1677.3
1107740 1676.6
1107750 1676.6
1107760 1674.7
1107770 1671.3
1107780 1671.3
1107790 1666.2
1107800 1662.3
1107810 1662.3
1107820 1658.9
1107830 1658.3
1107840 1658.3
1107850 1659.1
1107860 1660.8
1107870 1666.5
1107880 1669.5
1107890 1673.1
1107900 1673.1
1107910 1677.7
1107920 1684.7
1107930 1684.7
1107940 1689.4
1107950 1691.9
1107960 1691.9
1107970 1694.9
1107980 1694.8
1107990 1694.3
1108000 1694.3
1108010 1696.7
1108020 1701.2
1108030 1701.2
1108040 1702.7
1108050 1698.6
1108060 1698.6
1108070 1691.2
1108080 1686.9
1108090 1686.9
1108100 1686.0
1108110 1685.0
1108120 1685.0
1108130 1684.6
1108140 1687.3
1108150 1687.3
1108160 1688.2
1108170 1686.2
1108180 1686.2
1108190 1681.3
1108200 1679.8
1108210 1682.2
1108220 1682.2
1108230 1680.0
1108240 1677.4
1108250 1677.4
1108260 1674.7
1108270 1669.6
1108280 1669.6
1108290 1664.6
1108300 1658.8
1108310 1658.8
1108320 1654.5
1108330 1647.3
1108340 1647.3
1108350 1640.3
1108360 1632.5
1108370 1632.5
1108380 1623.2
1108390 1615.0
1108400 1615.0
1108410 1609.6
1108420 1608.0
1108430 1608.0
1108440 1606.4
1108450 1604.1
1108460 1601.6
1108470 1601.6
1108480 1598.5
1108490 1594.5
1108500 1594.5
1108510 1590.8
1108520 1587.6
1108530 1587.6
1108540 1584.4
1108550 1589.1
1108560 1589.1
1108570 1586.1
1108580 1585.5
1108590 1585.5
1108600 1583.7
1108610 1586.2
1108620 1586.2
1108630 1585.3
1108640 1581.0
1108650 1581.0
1108660 1578.4
1108670 1576.2
1108680 1574.6
1108690 1574.6
1108700 1572.9
1108710 1570.3
1108720 1570.3
1108730 1568.0
1108740 1566.9
1108750 1566.9
1108760 1565.6
1108770 1563.2
1108780 1563.2
1108790 1559.0
1108800 1557.0
1108810 1557.0
1108820 1551.9
1108830 1543.9
1108840 1543.9
1108850 1538.4
1108860 1533.9
1108870 1533.9
1108880 1530.4
1108890 1533.6
1108900 1533.6
1108910 1530.2
1108920 1527.1
1108930 1523.3
1108940 1523.3
1108950 1522.3
1108960 1521.1
1108970 1521.1
1108980 1521.5
1108990 1520.1
1109000 1520.1
1109010 1517.5
1109020 1514.3
1109030 1514.3
1109040 1511.0
1109050 1508.1
1109060 1508.1
1109070 1505.4
1109080 1501.8
1109090 1501.8
1109100 1496.1
1109110 1491.0
1109120 1491.0
1109130 1487.7
1109140 1485.2
1109150 1483.1
1109160 1483.1
1109170 1481.7
1109180 1480.2
1109190 1480.2
1109200 1478.8
1109210 1477.4
1109220 1477.4
1109230 1480.2
1109240 1475.9
1109250 1475.9
1109260 1465.3
1109270 1460.3
1109280 1460.3
1109290 1464.8
1109300 1465.3
1109310 1465.3
1109320 1459.6
1109330 1437.5
1109340 1437.5
1109350 1427.9
1109360 1425.9
1109370 1425.9
1109380 1416.8
1109390 1399.4
1109400 1375.9
1109410 1375.9
1109420 1354.6
1109430 1345.2
1109440 1345.2
1109450 1336.5
1109460 1330.9
1109470 1330.9
1109480 1328.0
1109490 1332.7
1109500 1332.7
1109510 1339.2
1109520 1341.2
1109530 1341.2
1109540 1330.0
1109550 1318.8
1109560 1318.7
1109570 1306.8
1109580 1295.4
1109590 1295.4
1109600 1287.3
1109610 1281.3
1109620 1277.6
1109630 1277.6
1109640 1276.6
1109650 1265.8
1109660 1265.8
1109670 1254.8
1109680 1244.0
1109690 1244.0
1109700 1231.2
1109710 1211.3
1109720 1211.3
1109730 1198.9
1109740 1191.2
1109750 1191.2
1109760 1182.2
1109770 1173.6
1109780 1173.6
1109790 1165.3
1109800 1153.6
1109810 1153.6
1109820 1149.4
1109830 1144.3
1109840 1144.3
1109850 1136.8
1109860 1126.9
1109870 1115.5
1109880 1115.5
1109890 1104.1
1109900 1091.5
1109910 1091.5
1109920 1081.8
1109930 1072.3
1109940 1072.3
1109950 1063.0
1109960 1056.8
1109970 1056.8
1109980 1058.5
1109990 1055.9
1110000 1055.9
1110010 1053.2
1110020 1056.7
1110030 1056.7
1110040 1060.8
1110050 1066.8
1110060 1066.8
1110070 1068.9
1110080 1072.2
1110090 1076.8
1110100 1076.8
1110110 1083.9
1110120 1091.8
1110130 1091.8
1110140 1101.0
1110150 1107.6
1110160 1107.6
1110170 1111.5
1110180 1111.5
1110190 1111.5
1110200 1108.7
1110210 1108.5
1110220 1108.5
1110230 1111.6
1110240 1125.9
1110250 1125.9
1110260 1125.5
1110270 1120.3
1110280 1120.3
1110290 1112.2
1110300 1103.9
1110310 1103.9
1110320 1099.0
1110330 1098.1
1110340 1097.9
1110350 1097.9
1110360 1102.9
1110370 1109.5
1110380 1109.5
1110390 1115.2
1110400 1116.0
1110410 1116.0
1110420 1112.5
1110430 1107.8
1110440 1107.8
1110450 1102.1
1110460 1099.1
1110470 1099.1
1110480 1099.3
1110490 1101.0
1110500 1101.0
1110510 1103.3
1110520 1108.1
1110530 1108.1
1110540 1110.5
1110550 1104.8
1110560 1098.2
1110570 1098.2
1110580 1104.1
1110590 1107.0
1110600 1107.0
1110610 1109.3
1110620 1105.0
1110630 1105.0
1110640 1100.4
1110650 1094.8
1110660 1094.8
1110670 1087.5
1110680 1079.6
1110690 1079.6
1110700 1071.4
1110710 1061.3
1110720 1061.3
1110730 1052.1
1110740 1044.6
1110750 1044.6
1110760 1038.2
1110770 1032.2
1110780 1032.2
1110790 1026.5
1110800 1021.0
1110810 1015.2
1110820 1015.2
1110830 1009.9
1110840 1003.9
1110850 1003.9
1110860 998.4
1110870 994.0
1110880 994.0
1110890 989.3
1110900 986.6
1110910 986.6
1110920 991.1
1110930 983.9
1110940 983.9
1110950 976.8
1110960 970.2
1110970 970.2
1110980 963.6
1110990 958.4
1111000 958.4
1111010 956.1
1111020 952.6
1111030 951.4
1111040 951.4
1111050 950.6
1111060 950.2
1111070 950.2
1111080 948.9
1111090 947.0
1111100 947.0
1111110 944.4
1111120 940.4
1111130 940.4
1111140 934.6
1111150 927.6
1111160 927.6
1111170 920.9
1111180 917.5
1111190 917.5
1111200 915.4
1111210 911.6
1111220 911.6
1111230 909.1
1111240 909.7
1111250 909.7
1111260 913.0
1111270 914.7
1111280 916.1
1111290 916.1
1111300 917.3
1111310 917.8
1111320 917.8
1111330 917.6
1111340 918.2
1111350 918.2
1111360 919.3
1111370 920.9
1111380 920.9
1111390 921.7
1111400 921.6
1111410 921.6
1111420 920.5
1111430 919.6
1111440 919.6
1111450 918.8
1111460 918.3
1111470 918.3
1111480 918.3
1111490 918.3
1111500 918.3
1111510 918.3
1111520 917.6
1111530 918.9
1111540 918.9
1111550 919.1
1111560 916.1
1111570 916.1
1111580 911.5
1111590 907.9
1111600 907.4
1111610 904.5
1111620 902.2
1111630 902.2
1111640 901.3
1111650 903.0
1111660 903.0
1111670 907.9
1111680 911.7
1111690 911.7
1111700 908.7
1111710 906.3
1111720 906.3
1111730 905.0
1111740 902.8
1111750 904.9
1111760 904.9
1111770 906.0
1111780 905.3
1111790 905.3
1111800 908.2
1111810 914.3
1111820 914.3
1111830 920.7
1111840 925.4
1111850 925.4
1111860 926.0
1111870 924.9
1111880 924.9
1111890 923.5
1111900 923.1
1111910 923.1
1111920 924.7
1111930 925.8
1111940 929.0
1111950 929.8
1111960 931.4
1111970 932.9
1111980 932.9
1111990 934.1
1112000 935.7
1112010 935.7
1112020 937.4
1112030 938.5
1112040 938.5
1112050 939.2
1112060 940.2
1112070 940.2
1112080 941.5
1112090 942.3
1112100 942.3
1112110 941.7
1112120 939.9
1112130 939.9
1112140 936.1
1112150 932.4
1112160 932.4
1112170 928.7
1112180 924.5
1112190 924.5
1112200 920.1
1112210 916.4
1112220 911.8
1112230 911.8
1112240 908.1
1112250 905.1
1112260 905.1
1112270 902.6
1112280 905.6
1112290 905.6
1112300 903.0
1112310 903.5
1112320 903.5
1112330 903.8
1112340 904.6
1112350 904.6
1112360 905.3
1112370 906.3
1112380 906.3
1112390 908.6
1112400 907.8
1112410 907.8
1112420 907.7
1112430 908.3
1112440 908.6
1112450 908.6
1112460 908.6
1112470 909.6
1112480 909.6
1112490 910.8
1112500 911.8
1112510 911.8
1112520 912.3
1112530 913.0
1112540 913.0
1112550 912.9
1112560 913.4
1112570 913.4
1112580 914.0
1112590 914.5
1112600 914.5
1112610 914.2
1112620 916.1
1112630 916.1
1112640 915.8
1112650 915.8
1112660 915.8
1112670 916.1
1112680 916.6
1112690 917.3
1112700 917.3
1112710 918.1
1112720 918.5
1112730 918.5
1112740 918.8
1112750 920.0
1112760 920.0
1112770 921.0
1112780 922.0
1112790 922.0
1112800 923.2
1112810 924.3
1112820 924.3
1112830 924.9
1112840 925.3
1112850 925.3
1112860 925.8
1112870 925.9
1112880 925.9
1112890 926.2
1112900 926.5
1112910 927.5
1112920 927.5
1112930 928.0
1112940 928.2
1112950 928.2
1112960 931.7
1112970 931.2
1112980 931.2
1112990 931.7
1113000 931.8
1113010 931.8
1113020 932.8
1113030 935.6
1113040 935.6
1113050 939.3
1113060 945.0
1113070 945.0
1113080 951.9
1113090 957.0
1113100 957.0
1113110 957.6
1113120 955.1
1113130 955.1
1113140 958.4
1113150 962.7
1113160 969.1
1113170 969.1
1113180 975.0
1113190 979.7
1113200 979.7
1113210 982.3
1113220 984.8
1113230 984.8
1113240 986.7
1113250 990.1
1113260 990.1
1113270 993.1
1113280 995.5
1113290 995.5
1113300 998.3
1113310 1005.3
1113320 1005.3
1113330 1005.2
1113340 1004.7
1113350 1004.7
1113360 1006.0
1113370 1008.5
1113380 1010.1
1113390 1010.1
1113400 1011.0
1113410 1011.6
1113420 1011.6
1113430 1012.4
1113440 1012.7
1113450 1012.7
1113460 1013.4
1113470 1014.1
1113480 1014.1
1113490 1015.0
1113500 1015.0
1113510 1015.0
1113520 1014.4
1113530 1014.3
1113540 1014.3
1113550 1015.2
1113560 1016.8
1113570 1016.8
1113580 1018.2
1113590 1019.4
1113600 1019.4
1113610 1019.4
1113620 1018.9
1113630 1018.4
1113640 1018.4
1113650 1025.6
1113660 1023.9
1113670 1023.9
1113680 1019.8
1113690 1019.0
1113700 1019.0
1113710 1020.8
1113720 1023.6
1113730 1023.6
1113740 1027.4
1113750 1032.5
1113760 1032.5
1113770 1038.3
1113780 1044.5
1113790 1044.5
1113800 1046.1
1113810 1048.2
1113820 1048.2
1113830 1049.6
1113840 1051.4
1113850 1053.8
1113860 1053.8
1113870 1056.1
1113880 1057.9
1113890 1057.9
1113900 1059.7
1113910 1060.9
1113920 1060.9
1113930 1061.0
1113940 1061.5
1113950 1061.5
1113960 1060.3
1113970 1057.6
1113980 1057.6
1113990 1061.7
1114000 1058.4
1114010 1058.4
1114020 1054.8
1114030 1051.2
1114040 1051.2
1114050 1050.8
1114060 1053.1
1114070 1053.1
1114080 1052.7
1114090 1051.1
1114100 1050.3
1114110 1050.3
1114120 1049.1
1114130 1049.2
1114140 1049.2
1114150 1051.2
1114160 1053.6
1114170 1053.6
1114180 1055.4
1114190 1056.0
1114200 1056.0
1114210 1055.7
1114220 1055.7
1114230 1055.7
1114240 1056.5
1114250 1059.9
1114260 1059.9
1114270 1065.7
1114280 1070.6
1114290 1070.6
1114300 1074.9
1114310 1078.7
1114320 1082.5
1114330 1091.2
1114340 1093.9
1114350 1095.0
1114360 1095.0
1114370 1097.3
1114380 1098.0
1114390 1098.0
1114400 1098.5
1114410 1096.4
1114420 1096.4
1114430 1091.4
1114440 1095.2
1114450 1095.2
1114460 1100.9
1114470 1101.3
1114480 1101.3
1114490 1101.2
1114500 1102.8
1114510 1102.8
1114520 1106.1
1114530 1109.1
1114540 1109.1
1114550 1111.1
1114560 1113.0
1114570 1115.2
1114580 1115.2
1114590 1117.1
1114600 1119.0
1114610 1119.0
1114620 1120.8
1114630 1122.3
1114640 1122.3
1114650 1123.3
1114660 1124.8
1114670 1124.8
1114680 1127.9
1114690 1130.0
1114700 1130.0
1114710 1131.7
1114720 1133.2
1114730 1133.2
1114740 1134.6
1114750 1135.8
1114760 1135.8
1114770 1137.1
1114780 1137.8
1114790 1136.2
1114800 1136.2
1114810 1132.1
1114820 1130.3
1114830 1130.3
1114840 1129.8
1114850 1131.6
1114860 1131.6
1114870 1133.9
1114880 1136.2
1114890 1136.2
1114900 1141.8
1114910 1148.1
1114920 1148.1
1114930 1151.1
1114940 1153.1
1114950 1153.1
1114960 1154.3
1114970 1154.0
1114980 1154.0
1114990 1155.0
1115000 1155.6
1115010 1155.6
1115020 1158.9
1115030 1159.0
1115040 1158.1
1115050 1158.1
1115060 1157.5
1115070 1156.3
1115080 1156.3
1115090 1154.6
1115100 1153.8
1115110 1153.8
1115120 1155.8
1115130 1157.6
1115140 1157.6
1115150 1161.1
1115160 1166.1
1115170 1166.1
1115180 1169.7
1115190 1172.5
1115200 1172.5
1115210 1174.8
1115220 1176.6
1115230 1176.6
1115240 1178.0
1115250 1180.0
1115260 1183.3
1115270 1183.3
1115280 1186.9
1115290 1188.8
1115300 1188.8
1115310 1190.1
1115320 1191.1
1115330 1191.1
1115340 1191.5
1115350 1191.4
1115360 1197.2
1115370 1198.9
1115380 1203.7
1115390 1203.7
1115400 1210.1
1115410 1215.3
1115420 1215.3
1115430 1220.6
1115440 1225.7
1115450 1225.7
1115460 1229.7
1115470 1232.2
1115480 1232.2
1115490 1233.4
1115500 1235.1
1115510 1237.0
1115520 1237.0
1115530 1239.1
1115540 1241.2
1115550 1241.2
1115560 1241.9
1115570 1243.3
1115580 1243.3
1115590 1245.3
1115600 1248.4
1115610 1248.4
1115620 1252.2
1115630 1256.5
1115640 1256.5
1115650 1260.8
1115660 1264.8
1115670 1264.8
1115680 1266.7
1115690 1268.4
1115700 1268.4
1115710 1273.1
1115720 1274.6
1115730 1275.8
1115740 1275.8
1115750 1275.9
1115760 1276.0
1115770 1276.0
1115780 1278.2
1115790 1281.7
1115800 1281.7
1115810 1286.5
1115820 1290.5
1115830 1290.5
1115840 1292.9
1115850 1293.5
1115860 1293.5
1115870 1291.8
1115880 1292.6
1115890 1292.6
1115900 1296.0
1115910 1297.8
1115920 1297.8
1115930 1297.8
1115940 1297.0
1115950 1297.0
1115960 1295.8
1115970 1295.0
1115980 1294.5
1115990 1294.5
1116000 1294.1
1116010 1293.9
1116020 1293.9
1116030 1292.6
1116040 1291.7
1116050 1296.7
1116060 1295.0
1116070 1294.2
1116080 1294.2
1116090 1294.5
1116100 1294.0
1116110 1294.0
1116120 1294.0
1116130 1294.5
1116140 1294.5
1116150 1294.9
1116160 1295.0
1116170 1295.0
1116180 1295.3
1116190 1294.3
1116200 1292.6
1116210 1292.6
1116220 1293.2
1116230 1294.8
1116240 1294.8
1116250 1296.8
1116260 1298.9
1116270 1298.9
1116280 1300.5
1116290 1301.3
1116300 1301.3
1116310 1302.7
1116320 1303.5
1116330 1303.5
1116340 1303.4
1116350 1304.9
1116360 1304.9
1116370 1307.0
1116380 1308.6
1116390 1308.6
1116400 1314.4
1116410 1314.9
1116420 1314.9
1116430 1317.5
1116440 1321.0
1116450 1323.9
1116460 1323.9
1116470 1326.1
1116480 1327.8
1116490 1327.8
1116500 1328.3
1116510 1329.1
1116520 1329.1
1116530 1329.5
1116540 1330.1
1116550 1330.1
1116560 1333.0
1116570 1336.2
1116580 1336.2
1116590 1338.1
1116600 1338.7
1116610 1338.7
1116620 1339.5
1116630 1340.6
1116640 1340.6
1116650 1340.8
1116660 1341.7
1116670 1342.0
1116680 1342.0
1116690 1342.1
1116700 1342.8
1116710 1342.8
1116720 1342.3
1116730 1340.7
1116740 1344.0
1116750 1345.6
1116760 1344.6
1116770 1344.6
1116780 1341.0
1116790 1340.2
1116800 1340.2
1116810 1347.1
1116820 1350.4
1116830 1350.4
1116840 1350.5
1116850 1351.5
1116860 1351.5
1116870 1352.3
1116880 1350.7
1116890 1350.7
1116900 1348.1
1116910 1343.9
1116920 1340.1
1116930 1340.1
1116940 1343.0
1116950 1347.3
1116960 1347.3
1116970 1350.7
1116980 1354.0
1116990 1354.0
1117000 1356.6
1117010 1359.7
1117020 1359.7
1117030 1361.0
1117040 1360.8
1117050 1360.8
1117060 1360.7
1117070 1361.5
1117080 1361.5
1117090 1363.3
1117100 1362.3
1117110 1362.3
1117120 1364.0
1117130 1365.5
1117140 1367.5
1117150 1367.5
1117160 1371.4
1117170 1375.0
1117180 1375.0
1117190 1379.1
1117200 1388.2
1117210 1388.2
1117220 1397.5
1117230 1400.9
1117240 1400.9
1117250 1404.0
1117260 1407.5
1117270 1407.5
1117280 1411.7
1117290 1415.4
1117300 1415.4
1117310 1419.3
1117320 1418.2
1117330 1418.2
1117340 1417.6
1117350 1418.3
1117360 1418.3
1117370 1417.6
1117380 1417.1
1117390 1417.5
1117400 1417.5
1117410 1418.2
1117420 1418.5
1117430 1423.2
1117440 1422.7
1117450 1420.9
1117460 1420.9
1117470 1419.9
1117480 1419.2
1117490 1419.2
1117500 1417.0
1117510 1415.4
1117520 1415.4
1117530 1415.4
1117540 1415.3
1117550 1415.3
1117560 1415.2
1117570 1415.2
1117580 1415.2
1117590 1415.4
1117600 1414.9
1117610 1415.3
1117620 1415.3
1117630 1418.1
1117640 1419.9
1117650 1419.9
1117660 1420.8
1117670 1422.3
1117680 1422.3
1117690 1422.1
1117700 1422.6
1117710 1422.6
1117720 1425.3
1117730 1427.1
1117740 1427.1
1117750 1427.7
1117760 1426.0
1117770 1426.0
1117780 1429.4
1117790 1435.1
1117800 1435.1
1117810 1440.9
1117820 1447.3
1117830 1447.3
1117840 1452.2
1117850 1453.6
1117860 1454.0
1117870 1454.0
1117880 1453.5
1117890 1454.5
1117900 1454.5
1117910 1457.1
1117920 1460.2
1117930 1460.2
1117940 1461.8
1117950 1463.5
1117960 1463.5
1117970 1464.6
1117980 1466.9
1117990 1466.9
1118000 1469.5
1118010 1471.7
1118020 1471.7
1118030 1472.5
1118040 1474.4
1118050 1474.4
1118060 1476.2
1118070 1477.7
1118080 1478.1
1118090 1478.1
1118100 1479.0
1118110 1480.7
1118120 1484.6
1118130 1486.3
1118140 1486.5
1118150 1486.5
1118160 1487.0
1118170 1487.9
1118180 1487.9
1118190 1488.5
1118200 1489.4
1118210 1489.4
1118220 1491.0
1118230 1492.9
1118240 1492.9
1118250 1494.5
1118260 1496.7
1118270 1496.7
1118280 1497.3
1118290 1496.6
1118300 1496.6
1118310 1493.3
1118320 1490.0
1118330 1486.9
1118340 1486.9
1118350 1485.5
1118360 1485.3
1118370 1485.3
1118380 1484.4
1118390 1483.7
1118400 1483.7
1118410 1483.3
1118420 1483.3
1118430 1483.3
1118440 1482.5
1118450 1481.4
1118460 1481.4
1118470 1486.0
1118480 1485.1
1118490 1485.1
1118500 1484.6
1118510 1484.6
1118520 1484.6
1118530 1485.6
1118540 1485.7
1118550 1485.3
1118560 1485.3
1118570 1485.1
1118580 1483.9
1118590 1483.9
1118600 1484.0
1118610 1484.0
1118620 1484.0
1118630 1483.5
1118640 1482.4
1118650 1482.4
1118660 1481.4
1118670 1480.9
1118680 1480.9
1118690 1482.4
1118700 1482.9
1118710 1482.9
1118720 1482.1
1118730 1480.6
1118740 1480.6
1118750 1476.8
1118760 1478.0
1118770 1478.0
1118780 1479.1
1118790 1480.8
1118800 1484.0
1118810 1484.0
1118820 1495.1
1118830 1499.3
1118840 1499.3
1118850 1507.3
1118860 1507.6
1118870 1507.6
1118880 1506.1
1118890 1511.1
1118900 1511.1
1118910 1517.4
1118920 1522.8
1118930 1522.8
1118940 1523.8
1118950 1523.0
1118960 1523.0
1118970 1526.3
1118980 1531.0
1118990 1531.0
1119000 1532.4
1119010 1531.3
1119020 1527.5
1119030 1527.5
1119040 1525.6
1119050 1525.6
1119060 1525.6
1119070 1527.7
1119080 1529.2
1119090 1529.2
1119100 1529.8
1119110 1534.8
1119120 1534.8
1119130 1538.8
1119140 1542.1
1119150 1542.1
1119160 1550.5
1119170 1549.1
1119180 1549.1
1119190 1551.2
1119200 1551.8
1119210 1551.8
1119220 1550.8
1119230 1548.4
1119240 1548.4
1119250 1545.1
1119260 1544.4
1119270 1546.2
1119280 1546.2
1119290 1546.8
1119300 1547.5
1119310 1547.5
1119320 1548.9
1119330 1552.4
1119340 1552.4
1119350 1557.7
1119360 1560.6
1119370 1560.6
1119380 1561.6
1119390 1562.0
1119400 1562.0
1119410 1561.9
1119420 1560.3
1119430 1560.3
1119440 1557.5
1119450 1555.2
1119460 1555.2
1119470 1554.4
1119480 1554.2
1119490 1553.1
1119500 1553.1
1119510 1551.5
1119520 1546.0
1119530 1546.0
1119540 1539.9
1119550 1534.7
1119560 1534.7
1119570 1531.9
1119580 1529.4
1119590 1529.4
1119600 1528.6
1119610 1527.2
1119620 1527.2
1119630 1521.8
1119640 1518.7
1119650 1518.7
1119660 1518.5
1119670 1514.6
1119680 1514.6
1119690 1507.5
1119700 1504.6
1119710 1504.6
1119720 1501.5
1119730 1498.6
1119740 1494.1
1119750 1494.1
1119760 1484.6
1119770 1475.0
1119780 1475.0
1119790 1468.9
1119800 1465.3
1119810 1465.3
1119820 1458.2
1119830 1449.8
1119840 1449.8
1119850 1442.8
1119860 1439.8
1119870 1439.8
1119880 1434.4
1119890 1427.5
1119900 1427.5
1119910 1417.6
1119920 1409.1
1119930 1409.1
1119940 1401.5
1119950 1397.3
1119960 1395.1
1119970 1395.1
1119980 1393.3
1119990 1392.5
