1100000 1282.0
1100010 1286.3
1100020 1284.5
1100030 1284.5
1100040 1283.2
1100050 1276.0
1100060 1272.7
1100070 1272.7
1100080 1276.7
1100090 1284.1
1100100 1284.1
1100110 1292.9
1100120 1301.0
1100130 1301.0
1100140 1309.2
1100150 1317.1
1100160 1317.1
1100170 1325.9
1100180 1335.5
1100190 1335.5
1100200 1342.4
1100210 1343.3
1100220 1343.3
1100230 1341.6
1100240 1337.8
1100250 1332.0
1100260 1337.9
1100270 1345.2
1100280 1353.8
1100290 1353.8
1100300 1360.4
1100310 1365.5
1100320 1365.5
1100330 1370.1
1100340 1375.0
1100350 1375.0
1100360 1380.5
1100370 1386.5
1100380 1386.5
1100390 1391.1
1100400 1395.7
1100410 1395.7
1100420 1401.0
1100430 1406.4
1100440 1406.4
1100450 1412.0
1100460 1416.6
1100470 1416.6
1100480 1421.3
1100490 1427.9
1100500 1427.9
1100510 1437.6
1100520 1449.8
1100530 1463.3
1100540 1463.3
1100550 1474.3
1100560 1484.8
1100570 1484.8
1100580 1484.8
1100590 1490.0
1100600 1490.0
1100610 1500.9
1100620 1512.2
1100630 1512.2
1100640 1517.4
1100650 1520.8
1100660 1520.8
1100670 1524.3
1100680 1532.0
1100690 1532.0
1100700 1542.8
1100710 1552.7
1100720 1552.7
1100730 1563.6
1100740 1577.2
1100750 1588.7
1100760 1588.7
1100770 1596.3
1100780 1604.1
1100790 1604.1
1100800 1610.0
1100810 1617.8
1100820 1617.8
1100830 1626.7
1100840 1634.6
1100850 1634.6
1100860 1636.8
1100870 1642.6
1100880 1642.6
1100890 1649.6
1100900 1660.4
1100910 1662.5
1100920 1681.9
1100930 1690.7
1100940 1690.7
1100950 1693.7
1100960 1698.3
1100970 1698.3
1100980 1705.5
1100990 1710.6
1101000 1714.3
1101010 1714.3
1101020 1725.6
1101030 1734.7
1101040 1734.7
1101050 1736.4
1101060 1748.9
1101070 1748.9
1101080 1764.8
1101090 1777.8
1101100 1777.8
1101110 1780.6
1101120 1784.1
1101130 1784.1
1101140 1781.3
1101150 1789.0
1101160 1789.0
1101170 1798.7
1101180 1800.2
1101190 1800.2
1101200 1801.0
1101210 1801.7
1101220 1804.2
1101230 1804.2
1101240 1802.7
1101250 1806.7
1101260 1806.7
1101270 1810.1
1101280 1812.4
1101290 1812.4
1101300 1814.5
1101310 1816.6
1101320 1816.6
1101330 1825.8
1101340 1833.3
1101350 1833.3
1101360 1835.0
1101370 1833.2
1101380 1833.2
1101390 1832.2
1101400 1832.2
1101410 1832.2
1101420 1833.3
1101430 1834.4
1101440 1834.4
1101450 1836.4
1101460 1838.1
1101470 1839.9
1101480 1839.9
1101490 1841.0
1101500 1841.1
1101510 1841.1
1101520 1841.3
1101530 1841.2
1101540 1841.2
1101550 1840.6
1101560 1839.3
1101570 1832.3
1101580 1830.2
1101590 1828.0
1101600 1828.0
1101610 1827.2
1101620 1827.4
1101630 1827.4
1101640 1828.1
1101650 1826.8
1101660 1826.8
1101670 1824.2
1101680 1821.5
1101690 1819.9
1101700 1819.9
1101710 1818.6
1101720 1817.9
1101730 1817.9
1101740 1814.5
1101750 1811.4
1101760 1811.4
1101770 1810.0
1101780 1810.0
1101790 1810.0
1101800 1810.4
1101810 1811.1
1101820 1811.1
1101830 1812.0
1101840 1814.2
1101850 1814.2
1101860 1816.9
1101870 1820.6
1101880 1820.6
1101890 1823.5
1101900 1825.7
1101910 1816.0
1101920 1819.4
1101930 1822.5
1101940 1821.1
1101950 1821.1
1101960 1823.3
1101970 1823.2
1101980 1823.2
1101990 1823.8
1102000 1826.5
1102010 1826.5
1102020 1832.5
1102030 1840.0
1102040 1840.0
1102050 1841.1
1102060 1840.8
1102070 1840.8
1102080 1843.1
1102090 1844.3
1102100 1844.3
1102110 1846.3
1102120 1842.8
1102130 1842.8
1102140 1840.3
1102150 1840.4
1102160 1840.4
1102170 1840.5
1102180 1838.2
1102190 1832.1
1102200 1832.1
1102210 1828.2
1102220 1826.2
1102230 1826.2
1102240 1820.5
1102250 1814.5
1102260 1814.5
1102270 1809.7
1102280 1807.1
1102290 1807.1
1102300 1809.6
1102310 1811.0
1102320 1811.0
1102330 1807.5
1102340 1807.4
1102350 1807.4
1102360 1807.3
1102370 1808.7
1102380 1808.7
1102390 1807.9
1102400 1808.9
1102410 1810.5
1102420 1810.5
1102430 1811.7
1102440 1812.8
1102450 1812.8
1102460 1813.1
1102470 1812.6
1102480 1812.6
1102490 1812.1
1102500 1811.8
1102510 1811.8
1102520 1812.0
1102530 1811.7
1102540 1811.7
1102550 1812.3
1102560 1814.4
1102570 1819.6
1102580 1821.6
1102590 1823.3
1102600 1823.3
1102610 1825.3
1102620 1827.9
1102630 1827.9
1102640 1830.1
1102650 1827.3
1102660 1821.4
1102670 1821.4
1102680 1815.6
1102690 1808.8
1102700 1808.8
1102710 1803.5
1102720 1797.1
1102730 1797.1
1102740 1790.3
1102750 1784.6
1102760 1784.6
1102770 1780.0
1102780 1775.8
1102790 1775.8
1102800 1772.1
1102810 1770.8
1102820 1770.8
1102830 1770.7
1102840 1770.2
1102850 1770.2
1102860 1770.4
1102870 1771.4
1102880 1772.4
1102890 1772.4
1102900 1781.9
1102910 1786.0
1102920 1786.0
1102930 1790.3
1102940 1794.4
1102950 1794.4
1102960 1797.3
1102970 1797.5
1102980 1797.5
1102990 1794.8
1103000 1790.8
1103010 1790.8
1103020 1785.7
1103030 1780.9
1103040 1780.9
1103050 1777.2
1103060 1774.4
1103070 1774.4
1103080 1770.1
1103090 1765.2
1103100 1765.2
1103110 1760.5
1103120 1756.8
1103130 1752.6
1103140 1752.6
1103150 1751.6
1103160 1753.7
1103170 1753.7
1103180 1757.1
1103190 1760.5
1103200 1760.5
1103210 1762.1
1103220 1763.7
1103230 1763.7
1103240 1766.2
1103250 1765.2
1103260 1765.2
1103270 1768.5
1103280 1769.8
1103290 1769.8
1103300 1770.3
1103310 1768.5
1103320 1768.5
1103330 1765.6
1103340 1765.0
1103350 1766.0
1103360 1766.0
1103370 1768.2
1103380 1768.9
1103390 1768.9
1103400 1767.1
1103410 1767.1
1103420 1767.1
1103430 1765.5
1103440 1764.8
1103450 1764.8
1103460 1763.3
1103470 1761.1
1103480 1761.1
1103490 1759.4
1103500 1757.9
1103510 1757.9
1103520 1757.2
1103530 1754.7
1103540 1754.7
1103550 1752.1
1103560 1749.0
1103570 1754.4
1103580 1750.4
1103590 1746.6
1103600 1744.9
1103610 1744.9
1103620 1743.7
1103630 1741.5
1103640 1741.5
1103650 1738.6
1103660 1735.9
1103670 1735.9
1103680 1734.3
1103690 1732.0
1103700 1732.0
1103710 1728.7
1103720 1726.5
1103730 1726.5
1103740 1724.3
1103750 1721.5
1103760 1721.5
1103770 1719.3
1103780 1717.3
1103790 1717.3
1103800 1716.4
1103810 1715.3
1103820 1714.5
1103830 1714.5
1103840 1713.9
1103850 1712.0
1103860 1712.0
1103870 1710.3
1103880 1708.5
1103890 1708.5
1103900 1708.7
1103910 1706.8
1103920 1706.8
1103930 1705.2
1103940 1703.3
1103950 1703.3
1103960 1702.3
1103970 1701.4
1103980 1701.4
1103990 1699.9
1104000 1697.7
1104010 1697.7
1104020 1695.2
1104030 1691.6
1104040 1691.6
1104050 1687.5
1104060 1683.8
1104070 1679.0
1104080 1679.0
1104090 1673.4
1104100 1667.8
1104110 1667.8
1104120 1662.7
1104130 1658.0
1104140 1658.0
1104150 1653.9
1104160 1649.6
1104170 1649.6
1104180 1644.6
1104190 1639.9
1104200 1639.9
1104210 1636.0
1104220 1632.1
1104230 1632.1
1104240 1628.7
1104250 1621.6
1104260 1621.6
1104270 1616.0
1104280 1612.5
1104290 1612.5
1104300 1610.7
1104310 1608.7
1104320 1605.8
1104330 1605.8
1104340 1602.0
1104350 1598.3
1104360 1598.3
1104370 1596.4
1104380 1594.3
1104390 1594.3
1104400 1592.8
1104410 1592.0
1104420 1592.0
1104430 1591.1
1104440 1589.9
1104450 1589.9
1104460 1591.5
1104470 1589.8
1104480 1589.8
1104490 1590.3
1104500 1596.1
1104510 1596.1
1104520 1599.7
1104530 1602.5
1104540 1605.0
1104550 1605.0
1104560 1607.7
1104570 1612.1
1104580 1612.1
1104590 1615.2
1104600 1619.1
1104610 1619.1
1104620 1622.6
1104630 1625.1
1104640 1625.1
1104650 1627.5
1104660 1629.7
1104670 1629.7
1104680 1631.5
1104690 1633.2
1104700 1633.2
1104710 1635.2
1104720 1637.3
1104730 1637.3
1104740 1639.1
1104750 1641.3
1104760 1641.3
1104770 1643.5
1104780 1645.6
1104790 1648.2
1104800 1648.2
1104810 1651.8
1104820 1655.9
1104830 1655.9
1104840 1660.7
1104850 1666.2
1104860 1666.2
1104870 1672.4
1104880 1678.0
1104890 1678.0
1104900 1686.9
1104910 1693.6
1104920 1693.6
1104930 1700.2
1104940 1706.8
1104950 1706.8
1104960 1713.3
1104970 1719.8
1104980 1719.8
1104990 1727.9
1105000 1738.8
1105010 1753.3
1105020 1753.3
1105030 1768.1
1105040 1780.9
1105050 1780.9
1105060 1790.0
1105070 1795.3
1105080 1795.3
1105090 1798.7
1105100 1803.5
1105110 1803.5
1105120 1807.0
1105130 1806.3
1105140 1806.3
1105150 1805.4
1105160 1805.2
1105170 1805.2
1105180 1804.3
1105190 1802.1
1105200 1802.1
1105210 1799.3
1105220 1795.5
1105230 1795.5
1105240 1801.2
1105250 1798.2
1105260 1795.2
1105270 1795.2
1105280 1793.1
1105290 1789.8
1105300 1789.8
1105310 1785.5
1105320 1782.3
1105330 1782.3
1105340 1778.8
1105350 1777.9
1105360 1777.9
1105370 1775.0
1105380 1772.2
1105390 1772.2
1105400 1769.2
1105410 1765.1
1105420 1765.1
1105430 1759.6
1105440 1754.7
1105450 1754.7
1105460 1749.1
1105470 1744.3
1105480 1741.7
1105490 1741.7
1105500 1733.0
1105510 1721.9
1105520 1721.9
1105530 1716.3
1105540 1712.7
1105550 1712.7
1105560 1709.7
1105570 1718.9
1105580 1718.9
1105590 1721.2
1105600 1717.3
1105610 1717.3
1105620 1712.5
1105630 1709.2
1105640 1709.2
1105650 1702.3
1105660 1697.7
1105670 1697.7
1105680 1694.8
1105690 1692.8
1105700 1692.8
1105710 1691.2
1105720 1691.1
1105730 1690.1
1105740 1690.1
1105750 1689.2
1105760 1688.3
1105770 1688.3
1105780 1687.4
1105790 1686.8
1105800 1686.8
1105810 1686.3
1105820 1685.6
1105830 1685.6
1105840 1685.7
1105850 1686.0
1105860 1686.0
1105870 1686.1
1105880 1686.2
1105890 1686.2
1105900 1686.6
1105910 1688.6
1105920 1688.6
1105930 1689.4
1105940 1689.6
1105950 1690.8
1105960 1690.8
1105970 1691.4
1105980 1688.3
1105990 1688.3
1106000 1674.1
1106010 1657.5
1106020 1657.5
1106030 1646.2
1106040 1644.4
1106050 1644.4
1106060 1640.1
1106070 1637.7
1106080 1637.7
1106090 1639.3
1106100 1639.7
1106110 1639.7
1106120 1632.1
1106130 1619.9
1106140 1619.9
1106150 1613.9
1106160 1616.1
1106170 1616.1
1106180 1613.8
1106190 1612.1
1106200 1612.3
1106210 1612.3
1106220 1612.7
1106230 1607.1
1106240 1617.8
1106250 1614.4
1106260 1613.4
1106270 1613.4
1106280 1617.6
1106290 1625.0
1106300 1625.0
1106310 1632.3
1106320 1641.5
1106330 1641.5
1106340 1647.2
1106350 1655.4
1106360 1655.4
1106370 1660.4
1106380 1669.6
1106390 1669.6
1106400 1680.0
1106410 1689.9
1106420 1689.9
1106430 1697.9
1106440 1707.9
1106450 1718.3
1106460 1718.3
1106470 1719.8
1106480 1719.5
1106490 1719.5
1106500 1720.3
1106510 1716.3
1106520 1716.3
1106530 1709.7
1106540 1709.8
1106550 1709.8
1106560 1715.8
1106570 1722.6
1106580 1741.0
1106590 1730.6
1106600 1727.1
1106610 1727.1
1106620 1734.6
1106630 1741.7
1106640 1741.7
1106650 1747.6
1106660 1747.1
1106670 1741.9
1106680 1741.9
1106690 1739.3
1106700 1733.8
1106710 1733.8
1106720 1727.1
1106730 1721.9
1106740 1721.9
1106750 1716.0
1106760 1713.2
1106770 1713.2
1106780 1708.7
1106790 1709.8
1106800 1709.8
1106810 1707.6
1106820 1706.6
1106830 1706.6
1106840 1708.9
1106850 1707.8
1106860 1707.8
1106870 1701.1
1106880 1697.1
1106890 1697.1
1106900 1690.0
1106910 1678.9
1106920 1680.8
1106930 1680.8
1106940 1675.2
1106950 1672.6
1106960 1672.6
1106970 1673.2
1106980 1670.0
1106990 1670.0
1107000 1663.2
1107010 1659.2
1107020 1659.2
1107030 1655.0
1107040 1651.6
1107050 1651.6
1107060 1648.7
1107070 1646.4
1107080 1646.4
1107090 1643.3
1107100 1640.9
1107110 1640.9
1107120 1637.7
1107130 1636.7
1107140 1636.3
1107150 1636.3
1107160 1632.3
1107170 1630.3
1107180 1630.3
1107190 1630.5
1107200 1630.3
1107210 1630.3
1107220 1629.7
1107230 1626.8
1107240 1626.8
1107250 1632.4
1107260 1637.5
1107270 1637.5
1107280 1644.1
1107290 1649.9
1107300 1649.9
1107310 1657.6
1107320 1664.8
1107330 1664.8
1107340 1669.0
1107350 1670.4
1107360 1670.4
1107370 1670.3
1107380 1670.9
1107390 1670.0
1107400 1670.0
1107410 1670.1
1107420 1673.1
1107430 1673.1
1107440 1672.2
1107450 1669.8
1107460 1669.8
1107470 1670.6
1107480 1669.0
1107490 1669.0
1107500 1669.3
1107510 1668.0
1107520 1668.0
1107530 1663.5
1107540 1662.1
1107550 1662.1
1107560 1660.0
1107570 1658.5
1107580 1658.5
1107590 1663.5
1107600 1662.2
1107610 1661.0
1107620 1661.0
1107630 1659.1
1107640 1655.6
1107650 1655.6
1107660 1652.8
1107670 1655.0
1107680 1655.0
1107690 1652.3
1107700 1648.7
1107710 1648.7
1107720 1645.1
1107730 1642.3
1107740 1642.3
1107750 1638.9
1107760 1633.5
1107770 1633.5
1107780 1620.6
1107790 1603.0
1107800 1603.0
1107810 1592.0
1107820 1578.1
1107830 1578.1
1107840 1563.0
1107850 1545.0
1107860 1536.7
1107870 1536.7
1107880 1526.8
1107890 1516.7
1107900 1516.7
1107910 1522.6
1107920 1527.4
1107930 1536.6
1107940 1538.4
1107950 1536.3
1107960 1536.3
1107970 1534.7
1107980 1536.9
1107990 1536.9
1108000 1539.9
1108010 1533.0
1108020 1533.0
1108030 1514.8
1108040 1500.2
1108050 1500.2
1108060 1493.5
1108070 1484.1
1108080 1474.9
1108090 1474.9
1108100 1470.0
1108110 1468.0
1108120 1468.0
1108130 1466.5
1108140 1474.6
1108150 1474.6
1108160 1488.9
1108170 1495.7
1108180 1495.7
1108190 1503.9
1108200 1509.9
1108210 1509.9
1108220 1497.9
1108230 1490.5
1108240 1490.5
1108250 1480.9
1108260 1478.5
1108270 1478.5
1108280 1467.3
1108290 1458.6
1108300 1458.6
1108310 1449.8
1108320 1434.9
1108330 1427.2
1108340 1427.2
1108350 1419.2
1108360 1411.3
1108370 1411.3
1108380 1407.6
1108390 1400.1
1108400 1400.1
1108410 1390.7
1108420 1385.9
1108430 1385.9
1108440 1381.6
1108450 1367.8
1108460 1367.8
1108470 1344.2
1108480 1324.6
1108490 1324.6
1108500 1302.4
1108510 1287.6
1108520 1287.6
1108530 1282.9
1108540 1277.1
1108550 1277.1
1108560 1264.1
1108570 1254.2
1108580 1228.6
1108590 1228.6
1108600 1214.2
1108610 1200.2
1108620 1200.2
1108630 1191.2
1108640 1184.9
1108650 1184.9
1108660 1176.0
1108670 1168.6
1108680 1168.6
1108690 1167.3
1108700 1166.3
1108710 1166.3
1108720 1161.4
1108730 1151.4
1108740 1151.4
1108750 1142.6
1108760 1133.7
1108770 1133.7
1108780 1124.0
1108790 1111.4
1108800 1102.2
1108810 1102.2
1108820 1093.9
1108830 1086.8
1108840 1086.8
1108850 1079.6
1108860 1073.4
1108870 1073.4
1108880 1066.6
1108890 1059.9
1108900 1059.9
1108910 1052.4
1108920 1048.0
1108930 1048.0
1108940 1058.8
1108950 1059.7
1108960 1059.7
1108970 1056.6
1108980 1047.8
1108990 1047.8
1109000 1032.9
1109010 1022.1
1109020 1022.1
1109030 1015.6
1109040 1013.3
1109050 1008.4
1109060 1008.4
1109070 998.5
1109080 987.4
1109090 987.4
1109100 985.3
1109110 985.2
1109120 985.2
1109130 976.9
1109140 965.7
1109150 965.7
1109160 961.2
1109170 954.2
1109180 954.2
1109190 946.9
1109200 938.9
1109210 938.9
1109220 929.5
1109230 923.9
1109240 923.9
1109250 915.8
1109260 911.6
1109270 914.4
1109280 920.7
1109290 924.2
1109300 926.5
1109310 926.5
1109320 928.4
1109330 929.8
1109340 929.8
1109350 930.8
1109360 931.3
1109370 931.3
1109380 931.5
1109390 930.5
1109400 930.5
1109410 928.9
1109420 926.6
1109430 926.6
1109440 923.7
1109450 920.3
1109460 920.3
1109470 916.9
1109480 912.7
1109490 912.7
1109500 908.0
1109510 904.0
1109520 900.7
1109530 900.7
1109540 899.3
1109550 899.4
1109560 899.4
1109570 899.3
1109580 899.3
1109590 899.3
1109600 898.9
1109610 896.9
1109620 901.0
1109630 900.8
1109640 901.8
1109650 901.8
1109660 899.6
1109670 898.1
1109680 898.1
1109690 897.1
1109700 895.9
1109710 895.9
1109720 894.1
1109730 893.0
1109740 891.3
1109750 891.3
1109760 889.3
1109770 887.1
1109780 887.1
1109790 884.6
1109800 881.8
1109810 881.8
1109820 879.5
1109830 877.0
1109840 877.0
1109850 874.9
1109860 872.6
1109870 872.6
1109880 870.3
1109890 871.2
1109900 871.2
1109910 872.4
1109920 872.7
1109930 872.7
1109940 872.9
1109950 873.2
1109960 873.2
1109970 873.0
1109980 872.4
1109990 871.4
1110000 871.4
1110010 869.7
1110020 867.3
1110030 867.3
1110040 864.9
1110050 863.3
1110060 863.3
1110070 863.7
1110080 866.3
1110090 866.3
1110100 867.2
1110110 866.8
1110120 866.8
1110130 866.8
1110140 866.0
1110150 866.0
1110160 864.3
1110170 862.7
1110180 862.7
1110190 862.2
1110200 861.8
1110210 861.0
1110220 861.0
1110230 859.2
1110240 856.8
1110250 856.8
1110260 855.2
1110270 854.5
1110280 854.5
1110290 856.1
1110300 856.4
1110310 856.4
1110320 861.0
1110330 864.7
1110340 864.7
1110350 863.1
1110360 858.7
1110370 858.7
1110380 854.8
1110390 852.4
1110400 852.4
1110410 852.4
1110420 852.3
1110430 852.3
1110440 853.7
1110450 853.6
1110460 852.4
1110470 852.4
1110480 851.2
1110490 851.5
1110500 851.5
1110510 852.7
1110520 854.2
1110530 854.2
1110540 857.0
1110550 856.9
1110560 856.9
1110570 856.8
1110580 856.5
1110590 856.5
1110600 856.6
1110610 856.6
1110620 856.6
1110630 855.9
1110640 854.6
1110650 854.6
1110660 853.5
1110670 851.8
1110680 850.2
1110690 850.2
1110700 848.7
1110710 847.2
1110720 847.2
1110730 845.8
1110740 845.0
1110750 845.0
1110760 844.0
1110770 842.4
1110780 842.4
1110790 841.2
1110800 840.0
1110810 840.0
1110820 839.1
1110830 838.2
1110840 838.2
1110850 837.4
1110860 837.1
1110870 837.1
1110880 837.3
1110890 837.5
1110900 837.5
1110910 837.5
1110920 837.9
1110930 837.6
1110940 837.6
1110950 836.9
1110960 836.9
1110970 838.5
1110980 838.4
1110990 838.7
1111000 838.7
1111010 839.0
1111020 838.7
1111030 838.7
1111040 838.2
1111050 837.7
1111060 837.7
1111070 837.4
1111080 836.6
1111090 836.6
1111100 835.2
1111110 834.8
1111120 834.8
1111130 834.0
1111140 831.9
1111150 831.9
1111160 829.0
1111170 823.0
1111180 818.5
1111190 818.5
1111200 818.4
1111210 818.8
1111220 818.8
1111230 819.0
1111240 819.1
1111250 819.1
1111260 818.9
1111270 818.6
1111280 818.6
1111290 818.3
1111300 817.7
1111310 819.4
1111320 818.8
1111330 818.6
1111340 818.6
1111350 815.7
1111360 811.0
1111370 811.0
1111380 810.5
1111390 815.0
1111400 816.7
1111410 816.7
1111420 816.6
1111430 817.8
1111440 817.8
1111450 818.9
1111460 820.1
1111470 820.1
1111480 821.4
1111490 822.8
1111500 822.8
1111510 824.5
1111520 827.8
1111530 827.8
1111540 831.6
1111550 835.4
1111560 835.4
1111570 839.4
1111580 841.1
1111590 841.1
1111600 841.6
1111610 841.8
1111620 841.8
1111630 841.8
1111640 842.4
1111650 842.3
1111660 842.3
1111670 843.1
1111680 843.6
1111690 843.6
1111700 844.1
1111710 844.3
1111720 844.3
1111730 844.7
1111740 845.7
1111750 845.7
1111760 846.6
1111770 847.2
1111780 847.2
1111790 848.1
1111800 848.5
1111810 848.5
1111820 849.3
1111830 850.3
1111840 850.3
1111850 850.9
1111860 851.6
1111870 852.4
1111880 852.4
1111890 853.5
1111900 854.7
1111910 854.7
1111920 856.2
1111930 857.8
1111940 857.8
1111950 859.8
1111960 863.3
1111970 863.3
1111980 864.4
1111990 865.0
1112000 865.0
1112010 865.6
1112020 865.8
1112030 865.8
1112040 866.4
1112050 867.4
1112060 867.4
1112070 872.4
1112080 877.0
1112090 877.0
1112100 879.7
1112110 881.6
1112120 884.1
1112130 884.1
1112140 886.3
1112150 887.9
1112160 887.9
1112170 888.7
1112180 889.0
1112190 889.0
1112200 889.0
1112210 888.9
1112220 888.9
1112230 889.0
1112240 889.1
1112250 889.1
1112260 889.6
1112270 889.8
1112280 889.8
1112290 889.1
1112300 888.4
1112310 888.4
1112320 888.7
1112330 889.5
1112340 892.4
1112350 892.4
1112360 898.6
1112370 904.6
1112380 904.6
1112390 906.2
1112400 903.7
1112410 903.7
1112420 903.9
1112430 906.6
1112440 906.6
1112450 908.7
1112460 909.8
1112470 909.8
1112480 911.5
1112490 913.4
1112500 913.4
1112510 914.9
1112520 916.6
1112530 916.6
1112540 918.3
1112550 920.1
1112560 920.1
1112570 921.0
1112580 921.7
1112590 922.2
1112600 922.2
1112610 922.7
1112620 923.1
1112630 923.1
1112640 923.2
1112650 923.3
1112660 923.3
1112670 921.7
1112680 921.5
1112690 921.5
1112700 921.2
1112710 921.1
1112720 921.1
1112730 921.0
1112740 920.3
1112750 920.3
1112760 919.5
1112770 918.8
1112780 918.8
1112790 918.2
1112800 918.0
1112810 917.7
1112820 917.7
1112830 917.1
1112840 916.6
1112850 916.6
1112860 916.2
1112870 915.8
1112880 915.8
1112890 915.7
1112900 915.2
1112910 915.2
1112920 915.0
1112930 914.9
1112940 914.9
1112950 914.6
1112960 914.5
1112970 914.5
1112980 915.5
1112990 915.6
1113000 915.6
1113010 914.8
1113020 908.4
1113030 908.4
1113040 907.0
1113050 905.6
1113060 904.6
1113070 904.6
1113080 902.5
1113090 901.5
1113100 901.5
1113110 902.5
1113120 903.3
1113130 903.3
1113140 903.1
1113150 902.5
1113160 902.5
1113170 901.5
1113180 899.8
1113190 899.8
1113200 897.9
1113210 896.7
1113220 896.7
1113230 897.0
1113240 898.1
1113250 898.1
1113260 898.6
1113270 896.9
1113280 896.9
1113290 893.9
1113300 891.9
1113310 890.5
1113320 890.5
1113330 889.9
1113340 890.4
1113350 890.4
1113360 882.4
1113370 881.5
1113380 881.5
1113390 879.6
1113400 879.0
1113410 879.0
1113420 879.6
1113430 879.9
1113440 879.9
1113450 879.6
1113460 878.6
1113470 878.6
1113480 878.4
1113490 880.5
1113500 880.5
1113510 881.5
1113520 881.0
1113530 880.9
1113540 880.9
1113550 881.0
1113560 881.4
1113570 881.4
1113580 881.8
1113590 881.7
1113600 881.7
1113610 880.4
1113620 878.9
1113630 878.9
1113640 877.4
1113650 876.3
1113660 876.3
1113670 876.6
1113680 876.2
1113690 876.2
1113700 874.0
1113710 875.0
1113720 875.0
1113730 875.6
1113740 875.8
1113750 875.8
1113760 875.8
1113770 875.7
1113780 874.7
1113790 874.7
1113800 868.6
1113810 861.7
1113820 861.7
1113830 858.1
1113840 858.5
1113850 858.5
1113860 859.9
1113870 860.5
1113880 860.5
1113890 861.3
1113900 862.1
1113910 862.1
1113920 863.3
1113930 866.3
1113940 866.3
1113950 867.7
1113960 863.5
1113970 863.5
1113980 860.8
1113990 861.1
1114000 861.5
1114010 861.5
1114020 862.0
1114030 862.7
1114040 861.8
1114050 862.2
1114060 862.6
1114070 862.6
1114080 862.9
1114090 863.3
1114100 863.3
1114110 863.7
1114120 864.1
1114130 864.1
1114140 864.5
1114150 865.0
1114160 865.0
1114170 865.5
1114180 865.8
1114190 865.8
1114200 865.8
1114210 866.1
1114220 866.1
1114230 866.3
1114240 866.4
1114250 866.6
1114260 866.6
1114270 866.6
1114280 866.7
1114290 866.7
1114300 866.5
1114310 865.6
1114320 865.6
1114330 864.7
1114340 863.9
1114350 863.9
1114360 862.4
1114370 862.2
1114380 862.2
1114390 861.3
1114400 862.1
1114410 862.1
1114420 861.4
1114430 860.2
1114440 860.2
1114450 861.2
1114460 863.4
1114470 864.2
1114480 864.2
1114490 864.3
1114500 864.4
1114510 864.4
1114520 864.8
1114530 865.3
1114540 865.3
1114550 865.8
1114560 866.4
1114570 866.4
1114580 867.0
1114590 867.3
1114600 867.3
1114610 867.4
1114620 867.6
1114630 867.6
1114640 868.0
1114650 868.4
1114660 868.4
1114670 869.2
1114680 869.9
1114690 869.9
1114700 870.4
1114710 870.9
1114720 871.6
1114730 871.1
1114740 871.6
1114750 871.8
1114760 871.8
1114770 872.5
1114780 872.9
1114790 872.9
1114800 873.3
1114810 873.6
1114820 873.6
1114830 873.9
1114840 874.1
1114850 874.1
1114860 874.7
1114870 875.3
1114880 875.3
1114890 875.8
1114900 876.5
1114910 876.5
1114920 878.0
1114930 878.8
1114940 879.1
1114950 879.1
1114960 882.5
1114970 886.6
1114980 886.6
1114990 888.4
1115000 889.1
1115010 889.1
1115020 889.6
1115030 890.3
1115040 890.3
1115050 891.1
1115060 891.7
1115070 892.0
1115080 892.5
1115090 892.9
1115100 892.9
1115110 893.4
1115120 893.8
1115130 893.8
1115140 894.3
1115150 894.8
1115160 894.8
1115170 895.2
1115180 895.7
1115190 896.1
1115200 896.1
1115210 896.5
1115220 896.9
1115230 896.9
1115240 897.2
1115250 897.3
1115260 897.3
1115270 897.8
1115280 898.0
1115290 898.0
1115300 898.1
1115310 898.6
1115320 898.6
1115330 899.5
1115340 901.1
1115350 901.1
1115360 902.5
1115370 904.1
1115380 904.1
1115390 906.0
1115400 908.4
1115410 910.6
1115420 917.7
1115430 919.4
1115440 921.9
1115450 921.9
1115460 923.9
1115470 925.7
1115480 925.7
1115490 927.9
1115500 929.4
1115510 929.4
1115520 930.5
1115530 932.0
1115540 932.0
1115550 934.4
1115560 937.3
1115570 937.3
1115580 939.9
1115590 942.3
1115600 942.3
1115610 944.4
1115620 947.6
1115630 947.6
1115640 952.1
1115650 952.5
1115660 951.1
1115670 951.1
1115680 951.2
1115690 952.6
1115700 952.6
1115710 954.4
1115720 955.1
1115730 955.1
1115740 953.9
1115750 953.4
1115760 963.6
1115770 962.9
1115780 965.2
1115790 965.2
1115800 962.8
1115810 961.0
1115820 961.0
1115830 963.6
1115840 966.7
1115850 966.7
1115860 968.8
1115870 968.4
1115880 965.7
1115890 965.7
1115900 959.9
1115910 952.5
1115920 952.5
1115930 953.5
1115940 958.2
1115950 958.2
1115960 960.8
1115970 965.9
1115980 965.9
1115990 971.6
1116000 974.6
1116010 974.6
1116020 977.5
1116030 979.0
1116040 979.0
1116050 980.1
1116060 979.7
1116070 979.7
1116080 985.1
1116090 990.4
1116100 994.3
1116110 998.9
1116120 1001.5
1116130 1002.2
1116140 1002.2
1116150 1002.3
1116160 1004.8
1116170 1004.8
1116180 1007.5
1116190 1010.3
1116200 1010.3
1116210 1010.6
1116220 1011.7
1116230 1011.7
1116240 1012.2
1116250 1011.8
1116260 1011.8
1116270 1011.3
1116280 1012.0
1116290 1012.0
1116300 1013.9
1116310 1014.3
1116320 1014.3
1116330 1015.9
1116340 1021.6
1116350 1021.6
1116360 1025.9
1116370 1029.9
1116380 1038.6
1116390 1038.6
1116400 1050.3
1116410 1051.7
1116420 1051.7
1116430 1051.5
1116440 1052.4
1116450 1059.7
1116460 1062.9
1116470 1065.1
1116480 1065.1
1116490 1065.7
1116500 1068.0
1116510 1068.0
1116520 1069.9
1116530 1070.5
1116540 1070.5
1116550 1071.2
1116560 1071.3
1116570 1071.3
1116580 1070.3
1116590 1069.7
1116600 1068.1
1116610 1068.1
1116620 1065.9
1116630 1064.2
1116640 1064.2
1116650 1061.6
1116660 1057.6
1116670 1057.6
1116680 1057.1
1116690 1059.7
1116700 1059.7
1116710 1063.0
1116720 1064.2
1116730 1064.2
1116740 1064.1
1116750 1065.0
1116760 1065.0
1116770 1065.9
1116780 1066.6
1116790 1074.4
1116800 1073.4
1116810 1072.4
1116820 1072.4
1116830 1071.2
1116840 1070.3
1116850 1068.6
1116860 1068.6
1116870 1067.1
1116880 1067.1
1116890 1067.1
1116900 1068.6
1116910 1070.7
1116920 1070.7
1116930 1073.7
1116940 1075.6
1116950 1075.6
1116960 1075.7
1116970 1075.4
1116980 1075.4
1116990 1076.5
1117000 1078.0
1117010 1078.0
1117020 1079.8
1117030 1081.1
1117040 1081.1
1117050 1081.8
1117060 1082.6
1117070 1083.0
1117080 1083.0
1117090 1082.7
1117100 1081.8
1117110 1081.8
1117120 1080.7
1117130 1079.0
1117140 1085.5
1117150 1085.0
1117160 1083.5
1117170 1083.5
1117180 1080.2
1117190 1077.5
1117200 1077.5
1117210 1076.7
1117220 1076.2
1117230 1076.2
1117240 1075.1
1117250 1073.3
1117260 1073.3
1117270 1071.8
1117280 1072.2
1117290 1072.2
1117300 1073.1
1117310 1074.1
1117320 1074.4
1117330 1074.4
1117340 1075.7
1117350 1077.0
1117360 1077.0
1117370 1077.7
1117380 1078.0
1117390 1078.0
1117400 1078.4
1117410 1078.0
1117420 1078.0
1117430 1076.4
1117440 1074.1
1117450 1074.1
1117460 1072.8
1117470 1071.7
1117480 1071.7
1117490 1077.3
1117500 1076.2
1117510 1076.2
1117520 1075.4
1117530 1074.3
1117540 1073.2
1117550 1073.2
1117560 1071.1
1117570 1069.3
1117580 1069.3
1117590 1068.4
1117600 1068.2
1117610 1068.2
1117620 1068.5
1117630 1068.4
1117640 1068.4
1117650 1068.8
1117660 1070.9
1117670 1070.9
1117680 1071.7
1117690 1070.3
1117700 1070.3
1117710 1069.3
1117720 1065.0
1117730 1065.0
1117740 1066.8
1117750 1070.3
1117760 1070.3
1117770 1072.2
1117780 1074.4
1117790 1076.1
1117800 1076.1
1117810 1079.2
1117820 1081.1
1117830 1087.7
1117840 1089.8
1117850 1092.2
1117860 1092.2
1117870 1095.7
1117880 1098.5
1117890 1098.5
1117900 1101.3
1117910 1103.8
1117920 1103.8
1117930 1106.0
1117940 1108.8
1117950 1108.8
1117960 1111.7
1117970 1113.6
1117980 1113.6
1117990 1114.9
1118000 1116.3
1118010 1119.3
1118020 1119.3
1118030 1122.4
1118040 1124.5
1118050 1124.5
1118060 1125.4
1118070 1124.1
1118080 1124.1
1118090 1125.5
1118100 1129.4
1118110 1129.4
1118120 1131.5
1118130 1133.0
1118140 1133.0
1118150 1134.7
1118160 1135.8
1118170 1135.8
1118180 1145.1
1118190 1145.8
1118200 1145.8
1118210 1144.0
1118220 1139.5
1118230 1139.5
1118240 1140.7
1118250 1145.6
1118260 1147.2
1118270 1147.2
1118280 1147.5
1118290 1147.2
1118300 1147.2
1118310 1147.9
1118320 1143.7
1118330 1143.7
1118340 1141.3
1118350 1147.3
1118360 1147.3
1118370 1150.8
1118380 1154.3
1118390 1154.3
1118400 1158.4
1118410 1161.0
1118420 1161.0
1118430 1162.0
1118440 1165.6
1118450 1165.6
1118460 1168.1
1118470 1169.9
1118480 1168.2
1118490 1168.2
1118500 1162.6
1118510 1168.1
1118520 1176.7
1118530 1176.4
1118540 1175.9
1118550 1175.9
1118560 1174.8
1118570 1174.0
1118580 1174.0
1118590 1172.7
1118600 1171.0
1118610 1171.0
1118620 1169.0
1118630 1168.0
1118640 1168.0
1118650 1168.9
1118660 1170.1
1118670 1170.1
1118680 1170.4
1118690 1170.3
1118700 1170.3
1118710 1170.9
1118720 1171.6
1118730 1171.4
1118740 1171.4
1118750 1172.1
1118760 1172.9
1118770 1172.9
1118780 1173.6
1118790 1174.7
1118800 1174.7
1118810 1175.3
1118820 1175.7
1118830 1175.7
1118840 1176.4
1118850 1177.6
1118860 1177.6
1118870 1182.9
1118880 1184.4
1118890 1184.4
1118900 1185.5
1118910 1185.8
1118920 1185.8
1118930 1186.4
1118940 1186.0
1118950 1186.1
1118960 1186.1
1118970 1187.0
1118980 1187.4
1118990 1187.4
1119000 1188.2
1119010 1189.2
1119020 1189.2
1119030 1191.3
1119040 1193.6
1119050 1193.6
1119060 1197.4
1119070 1200.6
1119080 1200.6
1119090 1202.8
1119100 1204.6
1119110 1204.6
1119120 1206.3
1119130 1208.3
1119140 1208.3
1119150 1209.0
1119160 1209.4
1119170 1209.4
1119180 1210.2
1119190 1210.8
1119200 1211.8
1119210 1211.8
1119220 1215.6
1119230 1216.9
1119240 1216.9
1119250 1218.0
1119260 1218.3
1119270 1218.3
1119280 1218.2
1119290 1217.3
1119300 1217.3
1119310 1216.7
1119320 1215.9
1119330 1215.9
1119340 1216.2
1119350 1216.3
1119360 1216.3
1119370 1216.7
1119380 1216.8
1119390 1216.8
1119400 1216.8
1119410 1217.0
1119420 1215.9
1119430 1215.9
1119440 1214.0
1119450 1212.8
1119460 1212.8
1119470 1212.3
1119480 1211.7
1119490 1211.7
1119500 1209.5
1119510 1207.7
1119520 1207.7
1119530 1207.0
1119540 1207.4
1119550 1207.4
1119560 1206.9
1119570 1213.8
1119580 1213.8
1119590 1216.3
1119600 1218.5
1119610 1218.5
1119620 1219.1
1119630 1218.7
1119640 1218.7
1119650 1217.1
1119660 1215.7
1119670 1214.2
1119680 1214.2
1119690 1211.5
1119700 1207.8
1119710 1207.8
1119720 1202.7
1119730 1198.4
1119740 1198.4
1119750 1195.3
1119760 1190.9
1119770 1190.9
1119780 1186.3
1119790 1182.3
1119800 1182.3
1119810 1178.4
1119820 1172.5
1119830 1172.5
1119840 1167.9
1119850 1164.4
1119860 1164.4
1119870 1159.7
1119880 1153.3
1119890 1147.1
1119900 1147.1
1119910 1146.2
1119920 1137.4
1119930 1137.4
1119940 1127.7
1119950 1119.6
1119960 1119.6
1119970 1113.1
1119980 1111.3
1119990 1111.3
