1100000 1614.2
1100010 1609.1
1100020 1605.3
1100030 1602.2
1100040 1602.2
1100050 1590.5
1100060 1574.3
1100070 1574.3
1100080 1551.6
1100090 1537.0
1100100 1537.0
1100110 1530.6
1100120 1526.6
1100130 1526.6
1100140 1527.1
1100150 1531.4
1100160 1531.4
1100170 1538.1
1100180 1547.7
1100190 1547.7
1100200 1558.7
1100210 1560.3
1100220 1560.3
1100230 1556.9
1100240 1560.9
1100250 1560.9
1100260 1565.4
1100270 1567.9
1100280 1569.6
1100290 1569.6
1100300 1569.9
1100310 1570.3
1100320 1570.3
1100330 1569.8
1100340 1570.5
1100350 1570.5
1100360 1571.8
1100370 1573.1
1100380 1573.1
1100390 1574.0
1100400 1573.2
1100410 1573.2
1100420 1573.2
1100430 1573.4
1100440 1573.4
1100450 1574.6
1100460 1576.4
1100470 1576.4
1100480 1578.2
1100490 1578.3
1100500 1578.5
1100510 1578.5
1100520 1578.3
1100530 1581.1
1100540 1581.1
1100550 1581.1
1100560 1580.7
1100570 1580.7
1100580 1580.9
1100590 1580.9
1100600 1580.9
1100610 1579.6
1100620 1576.7
1100630 1576.7
1100640 1572.8
1100650 1569.5
1100660 1569.5
1100670 1567.9
1100680 1566.5
1100690 1566.5
1100700 1564.4
1100710 1562.5
1100720 1562.5
1100730 1560.4
1100740 1557.9
1100750 1555.0
1100760 1555.0
1100770 1552.6
1100780 1550.2
1100790 1550.2
1100800 1547.2
1100810 1546.6
1100820 1546.6
1100830 1547.3
1100840 1548.1
1100850 1548.1
1100860 1557.0
1100870 1558.3
1100880 1558.3
1100890 1561.1
1100900 1563.8
1100910 1563.8
1100920 1566.3
1100930 1568.6
1100940 1568.6
1100950 1570.5
1100960 1572.0
1100970 1572.0
1100980 1573.1
1100990 1573.4
1101000 1572.4
1101010 1572.4
1101020 1573.2
1101030 1573.9
1101040 1573.9
1101050 1572.9
1101060 1571.8
1101070 1571.8
1101080 1571.6
1101090 1568.6
1101100 1568.6
1101110 1566.2
1101120 1566.6
1101130 1566.6
1101140 1568.1
1101150 1567.9
1101160 1567.9
1101170 1567.3
1101180 1566.8
1101190 1566.8
1101200 1572.8
1101210 1571.7
1101220 1570.1
1101230 1570.1
1101240 1568.5
1101250 1567.0
1101260 1567.0
1101270 1565.7
1101280 1565.2
1101290 1565.2
1101300 1563.5
1101310 1561.4
1101320 1561.4
1101330 1559.1
1101340 1556.6
1101350 1556.6
1101360 1553.6
1101370 1550.2
1101380 1550.2
1101390 1546.9
1101400 1543.1
1101410 1543.1
1101420 1540.3
1101430 1538.6
1101440 1538.6
1101450 1538.0
1101460 1536.9
1101470 1533.6
1101480 1533.6
1101490 1529.4
1101500 1525.9
1101510 1525.9
1101520 1523.4
1101530 1528.1
1101540 1528.1
1101550 1526.6
1101560 1524.6
1101570 1524.6
1101580 1522.3
1101590 1520.2
1101600 1520.2
1101610 1518.0
1101620 1516.0
1101630 1516.0
1101640 1513.4
1101650 1510.5
1101660 1510.5
1101670 1506.6
1101680 1502.7
1101690 1499.7
1101700 1499.7
1101710 1497.1
1101720 1493.7
1101730 1493.7
1101740 1491.3
1101750 1487.0
1101760 1487.0
1101770 1480.9
1101780 1476.7
1101790 1476.7
1101800 1473.2
1101810 1469.2
1101820 1469.2
1101830 1463.8
1101840 1455.6
1101850 1455.6
1101860 1458.8
1101870 1457.2
1101880 1457.2
1101890 1456.0
1101900 1448.2
1101910 1448.2
1101920 1436.9
1101930 1427.5
1101940 1419.0
1101950 1419.0
1101960 1409.4
1101970 1403.9
1101980 1403.9
1101990 1399.9
1102000 1394.6
1102010 1394.6
1102020 1390.1
1102030 1395.1
1102040 1395.1
1102050 1404.1
1102060 1409.6
1102070 1409.6
1102080 1413.1
1102090 1418.8
1102100 1418.8
1102110 1424.8
1102120 1423.7
1102130 1423.7
1102140 1421.4
1102150 1421.2
1102160 1421.2
1102170 1423.5
1102180 1429.1
1102190 1440.3
1102200 1440.3
1102210 1448.2
1102220 1449.9
1102230 1449.9
1102240 1449.9
1102250 1449.1
1102260 1449.1
1102270 1452.6
1102280 1461.6
1102290 1461.6
1102300 1467.0
1102310 1464.3
1102320 1464.3
1102330 1457.6
1102340 1452.3
1102350 1452.3
1102360 1444.6
1102370 1437.4
1102380 1437.4
1102390 1433.1
1102400 1428.7
1102410 1422.9
1102420 1422.9
1102430 1417.3
1102440 1414.6
1102450 1414.6
1102460 1416.0
1102470 1417.5
1102480 1417.5
1102490 1412.4
1102500 1404.1
1102510 1404.1
1102520 1402.5
1102530 1396.7
1102540 1396.7
1102550 1418.6
1102560 1428.7
1102570 1428.7
1102580 1435.2
1102590 1432.2
1102600 1432.2
1102610 1425.8
1102620 1433.9
1102630 1433.9
1102640 1434.3
1102650 1425.4
1102660 1431.0
1102670 1431.0
1102680 1434.8
1102690 1430.7
1102700 1430.7
1102710 1421.6
1102720 1411.3
1102730 1411.3
1102740 1405.8
1102750 1409.4
1102760 1409.4
1102770 1410.1
1102780 1405.3
1102790 1405.3
1102800 1397.7
1102810 1383.5
1102820 1383.5
1102830 1380.7
1102840 1383.2
1102850 1387.7
1102860 1381.3
1102870 1376.6
1102880 1379.8
1102890 1379.8
1102900 1387.1
1102910 1388.7
1102920 1388.7
1102930 1383.2
1102940 1361.0
1102950 1361.0
1102960 1349.7
1102970 1342.4
1102980 1342.4
1102990 1334.0
1103000 1332.5
1103010 1332.5
1103020 1330.3
1103030 1321.2
1103040 1321.2
1103050 1326.5
1103060 1333.8
1103070 1333.8
1103080 1339.9
1103090 1334.4
1103100 1334.4
1103110 1324.9
1103120 1322.1
1103130 1332.1
1103140 1332.1
1103150 1342.6
1103160 1350.1
1103170 1350.1
1103180 1353.5
1103190 1359.9
1103200 1359.9
1103210 1354.8
1103220 1346.1
1103230 1346.1
1103240 1352.8
1103250 1363.9
1103260 1363.9
1103270 1371.9
1103280 1384.6
1103290 1384.6
1103300 1391.9
1103310 1385.3
1103320 1385.3
1103330 1379.3
1103340 1383.9
1103350 1383.9
1103360 1379.2
1103370 1378.4
1103380 1373.5
1103390 1373.5
1103400 1370.1
1103410 1369.1
1103420 1369.1
1103430 1365.5
1103440 1365.8
1103450 1365.8
1103460 1367.7
1103470 1368.9
1103480 1368.9
1103490 1374.1
1103500 1385.6
1103510 1385.6
1103520 1437.0
1103530 1450.6
1103540 1450.6
1103550 1458.3
1103560 1461.3
1103570 1461.3
1103580 1463.1
1103590 1464.4
1103600 1462.8
1103610 1462.8
1103620 1463.1
1103630 1467.3
1103640 1467.3
1103650 1470.0
1103660 1477.2
1103670 1477.2
1103680 1483.1
1103690 1479.9
1103700 1479.9
1103710 1479.0
1103720 1473.3
1103730 1473.3
1103740 1465.6
1103750 1468.4
1103760 1468.4
1103770 1471.1
1103780 1468.2
1103790 1468.2
1103800 1461.1
1103810 1450.1
1103820 1450.1
1103830 1436.1
1103840 1436.2
1103850 1450.7
1103860 1450.7
1103870 1444.7
1103880 1435.8
1103890 1435.8
1103900 1427.8
1103910 1425.2
1103920 1425.2
1103930 1422.0
1103940 1417.3
1103950 1417.3
1103960 1413.6
1103970 1410.8
1103980 1410.8
1103990 1404.7
1104000 1400.8
1104010 1400.8
1104020 1395.8
1104030 1385.5
1104040 1385.5
1104050 1381.1
1104060 1383.0
1104070 1379.6
1104080 1379.6
1104090 1373.1
1104100 1368.2
1104110 1368.2
1104120 1362.2
1104130 1357.9
1104140 1357.9
1104150 1354.2
1104160 1350.3
1104170 1350.3
1104180 1347.3
1104190 1351.2
1104200 1351.2
1104210 1345.2
1104220 1337.4
1104230 1337.4
1104240 1333.2
1104250 1328.4
1104260 1328.4
1104270 1330.1
1104280 1323.1
1104290 1323.1
1104300 1316.4
1104310 1316.1
1104320 1318.3
1104330 1318.3
1104340 1320.6
1104350 1316.8
1104360 1316.8
1104370 1315.7
1104380 1314.6
1104390 1314.6
1104400 1310.2
1104410 1301.4
1104420 1301.4
1104430 1298.9
1104440 1304.6
1104450 1304.6
1104460 1303.8
1104470 1298.6
1104480 1298.6
1104490 1290.0
1104500 1281.5
1104510 1281.5
1104520 1294.6
1104530 1290.9
1104540 1290.9
1104550 1289.3
1104560 1290.6
1104570 1290.2
1104580 1290.2
1104590 1288.6
1104600 1283.3
1104610 1283.3
1104620 1274.2
1104630 1265.8
1104640 1265.8
1104650 1259.4
1104660 1256.7
1104670 1256.7
1104680 1256.6
1104690 1255.2
1104700 1255.2
1104710 1253.8
1104720 1252.2
1104730 1252.2
1104740 1251.4
1104750 1250.0
1104760 1250.0
1104770 1248.4
1104780 1246.3
1104790 1242.8
1104800 1242.8
1104810 1237.0
1104820 1229.9
1104830 1229.9
1104840 1223.6
1104850 1210.6
1104860 1228.9
1104870 1218.5
1104880 1215.0
1104890 1215.0
1104900 1211.7
1104910 1205.2
1104920 1205.2
1104930 1199.5
1104940 1195.2
1104950 1195.2
1104960 1190.4
1104970 1185.2
1104980 1185.2
1104990 1178.6
1105000 1169.5
1105010 1169.5
1105020 1167.8
1105030 1168.9
1105040 1168.5
1105050 1168.5
1105060 1168.4
1105070 1170.6
1105080 1170.6
1105090 1173.4
1105100 1174.5
1105110 1174.5
1105120 1171.8
1105130 1170.6
1105140 1170.6
1105150 1169.0
1105160 1170.1
1105170 1170.1
1105180 1169.5
1105190 1175.8
1105200 1175.8
1105210 1178.3
1105220 1177.0
1105230 1177.0
1105240 1175.5
1105250 1174.4
1105260 1166.3
1105270 1166.3
1105280 1156.9
1105290 1148.6
1105300 1148.6
1105310 1138.9
1105320 1128.2
1105330 1128.2
1105340 1116.6
1105350 1107.0
1105360 1107.0
1105370 1099.7
1105380 1094.0
1105390 1094.0
1105400 1088.4
1105410 1080.4
1105420 1080.4
1105430 1072.0
1105440 1081.2
1105450 1081.2
1105460 1086.1
1105470 1096.1
1105480 1096.1
1105490 1114.0
1105500 1126.5
1105510 1129.9
1105520 1129.9
1105530 1134.5
1105540 1131.5
1105550 1131.5
1105560 1128.6
1105570 1127.5
1105580 1127.5
1105590 1127.4
1105600 1127.6
1105610 1127.6
1105620 1127.1
1105630 1125.7
1105640 1125.7
1105650 1125.2
1105660 1124.4
1105670 1124.4
1105680 1121.3
1105690 1117.4
1105700 1117.4
1105710 1111.9
1105720 1110.1
1105730 1110.1
1105740 1109.7
1105750 1106.2
1105760 1100.1
1105770 1100.1
1105780 1089.0
1105790 1076.5
1105800 1076.5
1105810 1068.3
1105820 1063.9
1105830 1063.9
1105840 1062.6
1105850 1062.1
1105860 1071.5
1105870 1076.3
1105880 1081.0
1105890 1081.0
1105900 1082.0
1105910 1078.9
1105920 1078.9
1105930 1070.9
1105940 1064.7
1105950 1064.7
1105960 1058.7
1105970 1054.8
1105980 1052.7
1105990 1052.7
1106000 1047.5
1106010 1041.3
1106020 1041.3
1106030 1036.4
1106040 1032.2
1106050 1032.2
1106060 1028.6
1106070 1024.9
1106080 1024.9
1106090 1019.0
1106100 1011.7
1106110 1011.7
1106120 1007.6
1106130 1010.7
1106140 1010.7
1106150 1018.6
1106160 1022.6
1106170 1022.6
1106180 1024.0
1106190 1022.1
1106200 1034.0
1106210 1021.3
1106220 1007.0
1106230 996.6
1106240 996.6
1106250 997.8
1106260 1001.2
1106270 1001.2
1106280 1008.5
1106290 1013.7
1106300 1013.7
1106310 1015.9
1106320 1017.9
1106330 1017.9
1106340 1018.5
1106350 1015.8
1106360 1015.8
1106370 1012.8
1106380 1009.9
1106390 1009.9
1106400 1007.8
1106410 1004.9
1106420 1004.9
1106430 1002.3
1106440 1002.5
1106450 1003.1
1106460 1003.1
1106470 1002.7
1106480 998.2
1106490 998.2
1106500 991.5
1106510 987.6
1106520 987.6
1106530 996.1
1106540 997.9
1106550 997.9
1106560 998.3
1106570 998.5
1106580 998.5
1106590 995.8
1106600 995.0
1106610 995.0
1106620 995.1
1106630 995.1
1106640 995.1
1106650 995.4
1106660 996.3
1106670 996.3
1106680 995.2
1106690 992.5
1106700 989.9
1106710 989.9
1106720 987.0
1106730 983.1
1106740 983.1
1106750 979.1
1106760 973.7
1106770 973.7
1106780 968.1
1106790 962.7
1106800 962.7
1106810 962.5
1106820 964.8
1106830 964.8
1106840 967.2
1106850 969.7
1106860 969.7
1106870 980.2
1106880 983.2
1106890 983.2
1106900 984.8
1106910 984.2
1106920 984.2
1106930 982.9
1106940 981.2
1106950 978.7
1106960 978.7
1106970 976.2
1106980 974.0
1106990 974.0
1107000 972.7
1107010 971.9
1107020 971.9
1107030 971.4
1107040 971.2
1107050 971.2
1107060 970.6
1107070 968.4
1107080 968.4
1107090 965.0
1107100 961.7
1107110 961.7
1107120 959.2
1107130 956.7
1107140 956.7
1107150 954.6
1107160 951.5
1107170 946.3
1107180 946.3
1107190 939.0
1107200 927.1
1107210 927.1
1107220 907.0
1107230 898.9
1107240 898.9
1107250 895.8
1107260 895.6
1107270 895.6
1107280 895.3
1107290 894.6
1107300 894.6
1107310 890.2
1107320 883.2
1107330 883.2
1107340 874.9
1107350 867.7
1107360 867.7
1107370 856.0
1107380 840.2
1107390 840.2
1107400 826.2
1107410 815.3
1107420 815.4
1107430 815.4
1107440 815.9
1107450 814.9
1107460 814.9
1107470 814.8
1107480 813.6
1107490 813.6
1107500 811.6
1107510 809.9
1107520 809.9
1107530 807.6
1107540 813.6
1107550 813.6
1107560 813.0
1107570 811.4
1107580 811.4
1107590 812.8
1107600 810.4
1107610 810.4
1107620 807.5
1107630 805.4
1107640 804.1
1107650 804.1
1107660 805.2
1107670 806.0
1107680 806.0
1107690 806.5
1107700 806.6
1107710 806.6
1107720 802.8
1107730 802.3
1107740 802.3
1107750 799.9
1107760 797.7
1107770 797.7
1107780 796.0
1107790 794.2
1107800 794.2
1107810 792.4
1107820 790.2
1107830 790.2
1107840 787.8
1107850 785.5
1107860 785.5
1107870 783.5
1107880 787.0
1107890 784.3
1107900 784.3
1107910 781.4
1107920 778.5
1107930 778.5
1107940 776.3
1107950 775.5
1107960 775.5
1107970 774.9
1107980 772.9
1107990 772.9
1108000 770.2
1108010 767.0
1108020 767.0
1108030 762.8
1108040 757.3
1108050 757.3
1108060 750.2
1108070 744.0
1108080 744.0
1108090 739.7
1108100 738.8
1108110 740.9
1108120 740.9
1108130 740.8
1108140 740.3
1108150 740.3
1108160 741.1
1108170 741.2
1108180 741.2
1108190 740.4
1108200 739.2
1108210 739.2
1108220 740.2
1108230 739.4
1108240 739.4
1108250 739.3
1108260 738.1
1108270 738.1
1108280 736.8
1108290 736.9
1108300 736.9
1108310 736.5
1108320 736.9
1108330 736.9
1108340 736.8
1108350 736.9
1108360 736.6
1108370 736.6
1108380 736.1
1108390 736.4
1108400 736.4
1108410 736.5
1108420 736.9
1108430 736.9
1108440 738.1
1108450 738.6
1108460 738.6
1108470 740.1
1108480 743.6
1108490 743.6
1108500 744.5
1108510 744.8
1108520 744.8
1108530 745.4
1108540 747.8
1108550 744.2
1108560 744.3
1108570 745.3
1108580 745.3
1108590 746.5
1108600 748.3
1108610 751.1
1108620 751.1
1108630 754.4
1108640 758.4
1108650 758.4
1108660 761.8
1108670 764.2
1108680 764.2
1108690 768.7
1108700 775.2
1108710 775.2
1108720 780.8
1108730 783.6
1108740 783.6
1108750 785.0
1108760 786.9
1108770 786.9
1108780 791.5
1108790 796.6
1108800 796.6
1108810 801.2
1108820 805.6
1108830 810.2
1108840 810.2
1108850 814.8
1108860 819.4
1108870 819.4
1108880 823.8
1108890 820.2
1108900 820.2
1108910 823.4
1108920 826.3
1108930 826.3
1108940 828.9
1108950 832.8
1108960 832.8
1108970 840.0
1108980 850.3
1108990 850.3
1109000 857.4
1109010 862.7
1109020 862.7
1109030 865.0
1109040 865.2
1109050 865.2
1109060 866.7
1109070 868.3
1109080 873.0
1109090 873.0
1109100 877.5
1109110 883.1
1109120 883.1
1109130 884.6
1109140 884.0
1109150 884.0
1109160 881.8
1109170 880.6
1109180 880.6
1109190 880.1
1109200 879.8
1109210 879.8
1109220 879.6
1109230 874.2
1109240 874.2
1109250 874.0
1109260 873.4
1109270 873.4
1109280 872.9
1109290 872.3
1109300 871.9
1109310 871.9
1109320 871.6
1109330 867.6
1109340 867.6
1109350 857.2
1109360 850.1
1109370 850.1
1109380 844.4
1109390 841.8
1109400 841.8
1109410 844.5
1109420 857.6
1109430 857.6
1109440 867.4
1109450 868.5
1109460 868.5
1109470 865.0
1109480 863.0
1109490 863.0
1109500 863.9
1109510 863.3
1109520 863.3
1109530 862.4
1109540 863.9
1109550 863.9
1109560 863.9
1109570 854.1
1109580 852.3
1109590 852.3
1109600 851.2
1109610 850.8
1109620 850.8
1109630 850.6
1109640 850.1
1109650 850.1
1109660 850.4
1109670 852.2
1109680 852.2
1109690 853.2
1109700 853.8
1109710 853.8
1109720 851.5
1109730 849.8
1109740 849.8
1109750 850.6
1109760 852.6
1109770 852.6
1109780 854.2
1109790 854.8
1109800 856.5
1109810 856.5
1109820 863.5
1109830 874.1
1109840 874.1
1109850 894.2
1109860 905.9
1109870 905.9
1109880 895.2
1109890 890.0
1109900 890.0
1109910 880.0
1109920 899.9
1109930 899.9
1109940 906.3
1109950 909.5
1109960 909.5
1109970 917.2
1109980 920.7
1109990 920.7
1110000 918.5
1110010 911.5
1110020 906.5
1110030 906.5
1110040 908.2
1110050 908.0
1110060 908.0
1110070 920.2
1110080 923.5
1110090 923.5
1110100 924.4
1110110 924.7
1110120 924.7
1110130 923.7
1110140 924.0
1110150 924.0
1110160 925.8
1110170 927.3
1110180 927.3
1110190 926.6
1110200 923.1
1110210 923.1
1110220 919.7
1110230 919.1
1110240 919.1
1110250 910.1
1110260 906.8
1110270 902.7
1110280 902.7
1110290 897.8
1110300 895.6
1110310 895.6
1110320 894.8
1110330 893.9
1110340 893.9
1110350 893.5
1110360 894.1
1110370 894.1
1110380 893.9
1110390 894.3
1110400 894.3
1110410 894.5
1110420 892.7
1110430 892.7
1110440 888.6
1110450 872.8
1110460 872.8
1110470 858.3
1110480 854.0
1110490 853.4
1110500 853.4
1110510 863.9
1110520 876.4
1110530 876.4
1110540 890.6
1110550 899.0
1110560 899.0
1110570 905.6
1110580 907.8
1110590 907.8
1110600 915.0
1110610 921.1
1110620 921.1
1110630 923.9
1110640 925.0
1110650 925.0
1110660 929.4
1110670 935.2
1110680 935.2
1110690 940.6
1110700 946.8
1110710 946.8
1110720 951.0
1110730 952.7
1110740 955.2
1110750 955.2
1110760 959.3
1110770 964.9
1110780 964.9
1110790 969.8
1110800 973.7
1110810 973.7
1110820 977.7
1110830 982.7
1110840 982.7
1110850 988.3
1110860 994.5
1110870 994.5
1110880 1000.7
1110890 1007.3
1110900 1007.3
1110910 1014.2
1110920 1015.7
1110930 1015.7
1110940 1022.3
1110950 1028.1
1110960 1028.1
1110970 1030.7
1110980 1033.4
1110990 1034.9
1111000 1034.9
1111010 1035.4
1111020 1036.4
1111030 1036.4
1111040 1037.9
1111050 1039.5
1111060 1039.5
1111070 1041.6
1111080 1044.0
1111090 1044.0
1111100 1046.3
1111110 1048.1
1111120 1048.1
1111130 1050.0
1111140 1052.6
1111150 1052.6
1111160 1054.6
1111170 1055.2
1111180 1055.2
1111190 1054.4
1111200 1052.5
1111210 1050.9
1111220 1050.9
1111230 1047.9
1111240 1042.9
1111250 1042.9
1111260 1035.9
1111270 1033.8
1111280 1033.8
1111290 1033.0
1111300 1033.0
1111310 1033.0
1111320 1033.0
1111330 1032.5
1111340 1032.5
1111350 1030.8
1111360 1030.0
1111370 1030.0
1111380 1030.7
1111390 1031.2
1111400 1031.2
1111410 1031.9
1111420 1031.6
1111430 1031.6
1111440 1031.0
1111450 1030.4
1111460 1029.8
1111470 1029.8
1111480 1029.0
1111490 1027.7
1111500 1027.7
1111510 1026.9
1111520 1025.8
1111530 1025.8
1111540 1024.9
1111550 1024.1
1111560 1024.1
1111570 1023.4
1111580 1023.1
1111590 1023.1
1111600 1019.7
1111610 1019.3
1111620 1019.3
1111630 1019.5
1111640 1018.4
1111650 1018.4
1111660 1017.1
1111670 1017.1
1111680 1016.6
1111690 1016.6
1111700 1010.4
1111710 1002.4
1111720 1002.4
1111730 994.7
1111740 986.8
1111750 986.8
1111760 979.0
1111770 971.5
1111780 971.5
1111790 963.0
1111800 955.0
1111810 955.0
1111820 948.3
1111830 940.8
1111840 940.8
1111850 937.5
1111860 937.1
1111870 937.1
1111880 938.4
1111890 941.5
1111900 941.5
1111910 943.2
1111920 948.9
1111930 953.2
1111940 952.0
1111950 953.5
1111960 953.8
1111970 953.8
1111980 954.6
1111990 955.1
1112000 955.1
1112010 954.7
1112020 954.5
1112030 954.5
1112040 958.7
1112050 960.3
1112060 960.3
1112070 961.7
1112080 963.8
1112090 963.8
1112100 966.0
1112110 967.1
1112120 967.1
1112130 968.4
1112140 969.1
1112150 969.1
1112160 970.8
1112170 972.4
1112180 978.7
1112190 978.7
1112200 986.9
1112210 994.5
1112220 994.5
1112230 994.6
1112240 989.8
1112250 989.8
1112260 989.0
1112270 989.4
1112280 989.4
1112290 986.6
1112300 986.8
1112310 986.8
1112320 987.6
1112330 989.9
1112340 989.9
1112350 994.7
1112360 997.9
1112370 997.9
1112380 999.2
1112390 1000.5
1112400 1002.7
1112410 1002.7
1112420 1005.0
1112430 1007.8
1112440 1007.8
1112450 1012.0
1112460 1012.8
1112470 1012.8
1112480 1014.0
1112490 1016.3
1112500 1016.3
1112510 1018.5
1112520 1021.0
1112530 1021.0
1112540 1023.4
1112550 1025.2
1112560 1025.2
1112570 1029.4
1112580 1032.3
1112590 1032.3
1112600 1035.4
1112610 1041.0
1112620 1041.0
1112630 1046.0
1112640 1051.4
1112650 1056.9
1112660 1056.9
1112670 1061.6
1112680 1065.5
1112690 1065.5
1112700 1069.1
1112710 1071.8
1112720 1071.8
1112730 1072.7
1112740 1072.8
1112750 1072.8
1112760 1073.6
1112770 1076.1
1112780 1076.1
1112790 1078.7
1112800 1081.0
1112810 1081.0
1112820 1082.6
1112830 1083.4
1112840 1083.4
1112850 1081.0
1112860 1085.7
1112870 1091.9
1112880 1091.9
1112890 1093.5
1112900 1095.1
1112910 1095.1
1112920 1097.4
1112930 1100.7
1112940 1100.7
1112950 1109.3
1112960 1119.9
1112970 1117.9
1112980 1128.3
1112990 1140.2
1113000 1140.2
1113010 1147.0
1113020 1148.5
1113030 1148.5
1113040 1149.2
1113050 1152.4
1113060 1152.4
1113070 1156.9
1113080 1163.2
1113090 1163.2
1113100 1171.6
1113110 1180.2
1113120 1186.6
1113130 1186.6
1113140 1192.7
1113150 1198.0
1113160 1198.0
1113170 1203.3
1113180 1208.7
1113190 1208.7
1113200 1214.3
1113210 1219.1
1113220 1219.1
1113230 1223.7
1113240 1228.5
1113250 1228.5
1113260 1234.1
1113270 1240.0
1113280 1240.0
1113290 1246.2
1113300 1253.0
1113310 1249.5
1113320 1257.1
1113330 1265.2
1113340 1265.2
1113350 1273.3
1113360 1281.8
1113370 1289.1
1113380 1289.1
1113390 1294.9
1113400 1300.4
1113410 1300.4
1113420 1305.4
1113430 1310.5
1113440 1310.5
1113450 1315.6
1113460 1320.2
1113470 1320.2
1113480 1322.5
1113490 1322.6
1113500 1322.6
1113510 1321.1
1113520 1319.8
1113530 1319.8
1113540 1319.7
1113550 1319.8
1113560 1319.8
1113570 1321.2
1113580 1322.9
1113590 1324.9
1113600 1324.9
1113610 1327.0
1113620 1328.9
1113630 1328.9
1113640 1331.0
1113650 1330.1
1113660 1330.1
1113670 1334.4
1113680 1341.0
1113690 1341.0
1113700 1350.5
1113710 1358.3
1113720 1358.3
1113730 1360.0
1113740 1362.4
1113750 1362.4
1113760 1362.9
1113770 1360.2
1113780 1360.2
1113790 1357.3
1113800 1356.7
1113810 1356.7
1113820 1356.3
1113830 1355.5
1113840 1355.2
1113850 1355.2
1113860 1353.8
1113870 1352.7
1113880 1352.7
1113890 1352.3
1113900 1351.0
1113910 1351.0
1113920 1347.3
1113930 1336.6
1113940 1336.6
1113950 1321.0
1113960 1313.4
1113970 1313.4
1113980 1309.5
1113990 1300.1
1114000 1297.1
1114010 1284.2
1114020 1283.6
1114030 1283.6
1114040 1288.7
1114050 1279.3
1114060 1272.3
1114070 1272.3
1114080 1268.8
1114090 1265.7
1114100 1265.7
1114110 1261.9
1114120 1261.0
1114130 1261.0
1114140 1256.7
1114150 1251.1
1114160 1251.1
1114170 1248.3
1114180 1244.9
1114190 1244.9
1114200 1239.0
1114210 1230.5
1114220 1230.5
1114230 1221.9
1114240 1226.1
1114250 1226.1
1114260 1228.9
1114270 1227.2
1114280 1227.2
1114290 1223.2
1114300 1219.1
1114310 1222.3
1114320 1222.3
1114330 1218.4
1114340 1208.0
1114350 1208.0
1114360 1208.7
1114370 1201.4
1114380 1201.4
1114390 1195.7
1114400 1193.5
1114410 1193.5
1114420 1190.5
1114430 1186.3
1114440 1186.3
1114450 1183.0
1114460 1178.7
1114470 1178.7
1114480 1173.6
1114490 1168.5
1114500 1168.5
1114510 1166.0
1114520 1163.8
1114530 1160.8
1114540 1160.8
1114550 1158.6
1114560 1156.5
1114570 1156.5
1114580 1154.7
1114590 1153.0
1114600 1153.0
1114610 1150.7
1114620 1150.1
1114630 1150.1
1114640 1146.0
1114650 1141.7
1114660 1141.7
1114670 1137.1
1114680 1128.1
1114690 1128.1
1114700 1124.5
1114710 1119.1
1114720 1119.1
1114730 1115.7
1114740 1118.2
1114750 1118.2
1114760 1117.8
1114770 1120.4
1114780 1123.1
1114790 1123.1
1114800 1123.4
1114810 1123.4
1114820 1123.4
1114830 1126.3
1114840 1130.3
1114850 1130.3
1114860 1132.9
1114870 1133.9
1114880 1133.9
1114890 1132.7
1114900 1130.7
1114910 1130.7
1114920 1127.9
1114930 1124.9
1114940 1124.9
1114950 1121.2
1114960 1119.1
1114970 1119.1
1114980 1118.8
1114990 1118.6
1115000 1118.6
1115010 1116.9
1115020 1114.7
1115030 1107.1
1115040 1107.1
1115050 1106.3
1115060 1108.1
1115070 1108.1
1115080 1107.6
1115090 1106.5
1115100 1106.5
1115110 1106.5
1115120 1105.4
1115130 1105.4
1115140 1103.0
1115150 1101.7
1115160 1101.7
1115170 1100.2
1115180 1099.6
1115190 1099.6
1115200 1099.9
1115210 1099.6
1115220 1099.6
1115230 1096.9
1115240 1094.6
1115250 1094.4
1115260 1094.4
1115270 1096.2
1115280 1098.3
1115290 1098.3
1115300 1097.9
1115310 1098.3
1115320 1098.3
1115330 1101.2
1115340 1105.2
1115350 1105.2
1115360 1107.6
1115370 1107.1
1115380 1107.1
1115390 1105.6
1115400 1097.7
1115410 1097.7
1115420 1098.9
1115430 1099.9
1115440 1099.9
1115450 1097.3
1115460 1100.4
1115470 1100.4
1115480 1104.4
1115490 1104.1
1115500 1099.3
1115510 1099.3
1115520 1095.1
1115530 1088.1
1115540 1088.1
1115550 1089.5
1115560 1088.8
1115570 1088.8
1115580 1086.6
1115590 1072.6
1115600 1072.6
1115610 1052.0
1115620 1045.9
1115630 1045.9
1115640 1044.6
1115650 1044.3
1115660 1044.3
1115670 1038.5
1115680 1031.4
1115690 1031.4
1115700 1023.2
1115710 1009.6
1115720 1008.0
1115730 1008.0
1115740 1008.0
1115750 1005.8
1115760 1005.8
1115770 1003.6
1115780 1003.0
1115790 1003.0
1115800 1003.0
1115810 1002.5
1115820 1002.5
1115830 1003.7
1115840 1004.0
1115850 1004.0
1115860 1001.9
1115870 1000.2
1115880 1000.2
1115890 997.8
1115900 995.6
1115910 995.6
1115920 992.0
1115930 984.6
1115940 984.6
1115950 976.1
1115960 973.5
1115970 974.6
1115980 974.6
1115990 975.4
1116000 976.9
1116010 976.9
1116020 977.6
1116030 978.2
1116040 978.2
1116050 979.1
1116060 978.5
1116070 978.5
1116080 979.2
1116090 979.9
1116100 979.9
1116110 980.4
1116120 979.6
1116130 979.6
1116140 975.1
1116150 974.0
1116160 974.0
1116170 977.9
1116180 981.2
1116190 981.2
1116200 982.1
1116210 981.2
1116220 980.5
1116230 980.5
1116240 979.6
1116250 979.3
1116260 979.3
1116270 980.0
1116280 980.3
1116290 980.3
1116300 979.6
1116310 978.6
1116320 978.6
1116330 977.4
1116340 976.2
1116350 976.2
1116360 975.6
1116370 974.7
1116380 974.7
1116390 973.8
1116400 972.5
1116410 972.5
1116420 971.8
1116430 970.8
1116440 970.0
1116450 970.0
1116460 969.6
1116470 968.8
1116480 968.8
1116490 968.1
1116500 967.5
1116510 967.5
1116520 966.9
1116530 967.1
1116540 967.1
1116550 967.9
1116560 968.2
1116570 968.2
1116580 968.1
1116590 967.2
1116600 967.2
1116610 965.3
1116620 963.2
1116630 963.2
1116640 961.4
1116650 960.0
1116660 960.0
1116670 958.8
1116680 958.4
1116690 958.3
1116700 958.3
1116710 957.4
1116720 956.4
1116730 956.4
1116740 956.0
1116750 955.3
1116760 955.3
1116770 956.2
1116780 956.8
1116790 956.8
1116800 958.2
1116810 958.8
1116820 958.8
1116830 959.3
1116840 960.0
1116850 960.0
1116860 960.8
1116870 961.6
1116880 961.6
1116890 962.6
1116900 963.6
1116910 964.7
1116920 964.7
1116930 965.9
1116940 966.7
1116950 966.7
1116960 967.8
1116970 969.0
1116980 969.0
1116990 970.2
1117000 971.2
1117010 971.2
1117020 972.2
1117030 973.3
1117040 973.3
1117050 974.4
1117060 975.5
1117070 975.5
1117080 976.8
1117090 976.8
1117100 976.8
1117110 977.8
1117120 978.8
1117130 978.8
1117140 980.2
1117150 981.6
1117160 983.0
1117170 983.0
1117180 984.5
1117190 985.9
1117200 985.9
1117210 987.4
1117220 988.8
1117230 988.8
1117240 990.2
1117250 991.7
1117260 991.7
1117270 993.0
1117280 995.0
1117290 995.0
1117300 995.8
1117310 996.7
1117320 996.7
1117330 997.9
1117340 999.6
1117350 999.6
1117360 1001.5
1117370 1003.2
1117380 1004.9
1117390 1004.9
1117400 1006.5
1117410 1008.0
1117420 1008.0
1117430 1009.4
1117440 1008.9
1117450 1008.9
1117460 1009.8
1117470 1010.7
1117480 1010.7
1117490 1010.8
1117500 1011.3
1117510 1011.3
1117520 1012.5
1117530 1013.5
1117540 1013.5
1117550 1015.1
1117560 1015.9
1117570 1015.9
1117580 1015.2
1117590 1016.2
1117600 1016.2
1117610 1018.0
1117620 1019.5
1117630 1020.5
1117640 1020.5
1117650 1021.3
1117660 1021.8
1117670 1021.8
1117680 1022.4
1117690 1023.0
1117700 1023.0
1117710 1024.2
1117720 1025.1
1117730 1025.1
1117740 1025.8
1117750 1027.2
1117760 1027.2
1117770 1028.9
1117780 1027.4
1117790 1027.4
1117800 1028.0
1117810 1028.5
1117820 1028.5
1117830 1029.6
1117840 1030.8
1117850 1030.8
1117860 1032.2
1117870 1033.5
1117880 1034.2
1117890 1034.2
1117900 1033.6
1117910 1031.2
1117920 1031.2
1117930 1030.9
1117940 1033.7
1117950 1033.7
1117960 1034.8
1117970 1030.2
1117980 1030.2
1117990 1033.8
1118000 1035.6
1118010 1035.6
1118020 1035.2
1118030 1034.8
1118040 1034.8
1118050 1034.4
1118060 1034.1
1118070 1034.1
1118080 1034.4
1118090 1035.2
1118100 1035.6
1118110 1035.6
1118120 1036.8
1118130 1033.8
1118140 1033.8
1118150 1033.5
1118160 1033.4
1118170 1033.4
1118180 1033.5
1118190 1033.6
1118200 1033.6
1118210 1033.8
1118220 1034.2
1118230 1034.2
1118240 1033.9
1118250 1033.3
1118260 1033.3
1118270 1032.0
1118280 1030.8
1118290 1030.8
1118300 1030.0
1118310 1029.0
1118320 1029.0
1118330 1028.5
1118340 1027.6
1118350 1027.3
1118360 1027.3
1118370 1027.2
1118380 1026.0
1118390 1026.0
1118400 1024.1
1118410 1023.5
1118420 1023.5
1118430 1022.5
1118440 1021.8
1118450 1021.8
1118460 1020.8
1118470 1020.4
1118480 1020.0
1118490 1020.2
1118500 1019.6
1118510 1019.6
1118520 1018.4
1118530 1015.9
1118540 1015.9
1118550 1015.2
1118560 1012.1
1118570 1009.9
1118580 1009.9
1118590 1013.5
1118600 1014.0
1118610 1014.0
1118620 1013.3
1118630 1012.8
1118640 1012.8
1118650 1013.0
1118660 1012.0
1118670 1012.0
1118680 1011.3
1118690 1010.9
1118700 1010.9
1118710 1010.9
1118720 1010.7
1118730 1010.7
1118740 1010.8
1118750 1012.1
1118760 1012.1
1118770 1017.2
1118780 1022.4
1118790 1022.4
1118800 1025.0
1118810 1024.8
1118820 1026.2
1118830 1026.2
1118840 1025.7
1118850 1022.9
1118860 1022.9
1118870 1020.7
1118880 1019.4
1118890 1019.4
1118900 1016.6
1118910 1014.0
1118920 1014.0
1118930 1014.2
1118940 1015.9
1118950 1015.9
1118960 1015.6
1118970 1014.4
1118980 1014.4
1118990 1014.1
1119000 1013.1
1119010 1013.1
1119020 1011.0
1119030 1008.5
1119040 1006.0
1119050 1006.0
1119060 1004.1
1119070 1003.6
1119080 1003.6
1119090 1003.3
1119100 1003.1
1119110 1003.1
1119120 1003.2
1119130 1003.6
1119140 1003.6
1119150 1004.3
1119160 1005.2
1119170 1004.7
1119180 1005.6
1119190 1005.8
1119200 1005.8
1119210 1005.7
1119220 1006.0
1119230 1006.0
1119240 1006.9
1119250 1007.9
1119260 1007.9
1119270 1008.3
1119280 1008.6
1119290 1009.5
1119300 1009.5
1119310 1010.9
1119320 1011.0
1119330 1011.0
1119340 1011.1
1119350 1011.4
1119360 1011.4
1119370 1011.9
1119380 1012.8
1119390 1012.8
1119400 1013.7
1119410 1013.9
1119420 1013.9
1119430 1014.8
1119440 1015.9
1119450 1015.9
1119460 1016.9
1119470 1017.7
1119480 1017.7
1119490 1017.8
1119500 1018.1
1119510 1018.1
1119520 1017.6
1119530 1016.4
1119540 1017.1
1119550 1017.1
1119560 1019.3
1119570 1020.5
1119580 1020.5
1119590 1021.7
1119600 1022.5
1119610 1022.5
1119620 1023.4
1119630 1024.3
1119640 1024.3
1119650 1025.4
1119660 1026.0
1119670 1026.0
1119680 1026.3
1119690 1026.6
1119700 1026.6
1119710 1027.9
1119720 1029.5
1119730 1029.5
1119740 1030.3
1119750 1030.8
1119760 1031.7
1119770 1031.7
1119780 1032.4
1119790 1033.6
1119800 1033.6
1119810 1034.6
1119820 1034.9
1119830 1034.9
1119840 1035.6
1119850 1035.9
1119860 1035.9
1119870 1035.4
1119880 1036.5
1119890 1036.5
1119900 1037.1
1119910 1037.5
1119920 1037.5
1119930 1037.9
1119940 1038.3
1119950 1038.3
1119960 1038.8
1119970 1038.9
1119980 1038.9
1119990 1038.9
