1100000 1250.0
1100010 1256.5
1100020 1264.3
1100030 1264.3
1100040 1270.7
1100050 1277.5
1100060 1277.5
1100070 1283.9
1100080 1284.6
1100090 1284.6
1100100 1289.4
1100110 1284.5
1100120 1284.5
1100130 1274.9
1100140 1266.3
1100150 1266.3
1100160 1260.0
1100170 1257.6
1100180 1257.6
1100190 1262.3
1100200 1266.2
1100210 1266.2
1100220 1263.2
1100230 1261.7
1100240 1265.1
1100250 1265.1
1100260 1270.9
1100270 1270.1
1100280 1270.1
1100290 1265.3
1100300 1258.4
1100310 1258.4
1100320 1254.7
1100330 1255.2
1100340 1255.2
1100350 1261.9
1100360 1272.3
1100370 1272.3
1100380 1271.4
1100390 1272.2
1100400 1272.2
1100410 1277.6
1100420 1274.4
1100430 1287.1
1100440 1279.7
1100450 1270.2
1100460 1266.0
1100470 1266.0
1100480 1263.9
1100490 1265.8
1100500 1265.8
1100510 1276.8
1100520 1285.3
1100530 1285.3
1100540 1294.6
1100550 1298.7
1100560 1298.7
1100570 1291.1
1100580 1289.3
1100590 1289.3
1100600 1292.9
1100610 1296.7
1100620 1296.7
1100630 1301.2
1100640 1300.5
1100650 1300.5
1100660 1295.2
1100670 1289.8
1100680 1289.8
1100690 1288.8
1100700 1291.5
1100710 1297.0
1100720 1297.0
1100730 1300.0
1100740 1304.0
1100750 1304.0
1100760 1315.5
1100770 1309.8
1100780 1309.8
1100790 1296.5
1100800 1286.6
1100810 1286.6
1100820 1280.5
1100830 1276.5
1100840 1276.5
1100850 1276.9
1100860 1277.7
1100870 1277.7
1100880 1281.4
1100890 1285.9
1100900 1285.9
1100910 1288.8
1100920 1292.3
1100930 1292.3
1100940 1292.5
1100950 1288.4
1100960 1292.8
1100970 1292.8
1100980 1292.3
1100990 1283.3
1101000 1283.3
1101010 1272.6
1101020 1264.7
1101030 1264.7
1101040 1259.8
1101050 1258.6
1101060 1258.6
1101070 1265.7
1101080 1267.8
1101090 1276.3
1101100 1278.1
1101110 1273.8
1101120 1273.8
1101130 1268.6
1101140 1266.1
1101150 1266.1
1101160 1266.5
1101170 1270.4
1101180 1274.6
1101190 1274.6
1101200 1273.0
1101210 1263.4
1101220 1263.4
1101230 1258.6
1101240 1260.0
1101250 1260.0
1101260 1268.7
1101270 1276.5
1101280 1276.5
1101290 1272.5
1101300 1267.5
1101310 1267.5
1101320 1259.5
1101330 1251.8
1101340 1251.8
1101350 1247.1
1101360 1238.8
1101370 1238.8
1101380 1229.1
1101390 1222.1
1101400 1222.1
1101410 1217.4
1101420 1228.9
1101430 1234.0
1101440 1234.0
1101450 1238.2
1101460 1244.7
1101470 1244.7
1101480 1245.0
1101490 1236.0
1101500 1236.0
1101510 1231.4
1101520 1230.2
1101530 1230.2
1101540 1234.0
1101550 1229.4
1101560 1229.4
1101570 1224.3
1101580 1222.6
1101590 1222.6
1101600 1222.2
1101610 1219.2
1101620 1219.2
1101630 1214.2
1101640 1207.1
1101650 1207.1
1101660 1197.3
1101670 1186.2
1101680 1179.0
1101690 1179.0
1101700 1174.8
1101710 1180.3
1101720 1180.3
1101730 1180.2
1101740 1176.0
1101750 1182.8
1101760 1186.0
1101770 1188.2
1101780 1188.2
1101790 1189.2
1101800 1184.0
1101810 1184.0
1101820 1176.9
1101830 1176.5
1101840 1176.5
1101850 1180.6
1101860 1182.0
1101870 1182.0
1101880 1182.4
1101890 1180.6
1101900 1175.2
1101910 1175.2
1101920 1170.5
1101930 1165.5
1101940 1165.5
1101950 1155.0
1101960 1148.6
1101970 1148.6
1101980 1144.5
1101990 1136.5
1102000 1136.5
1102010 1127.7
1102020 1116.9
1102030 1116.9
1102040 1109.6
1102050 1104.4
1102060 1104.4
1102070 1113.4
1102080 1126.1
1102090 1126.1
1102100 1140.0
1102110 1150.6
1102120 1150.6
1102130 1157.2
1102140 1161.1
1102150 1158.2
1102160 1158.2
1102170 1157.0
1102180 1152.0
1102190 1152.0
1102200 1143.9
1102210 1139.0
1102220 1139.0
1102230 1135.9
1102240 1133.9
1102250 1133.9
1102260 1134.3
1102270 1134.6
1102280 1134.6
1102290 1130.2
1102300 1125.0
1102310 1125.0
1102320 1117.2
1102330 1115.4
1102340 1115.4
1102350 1126.3
1102360 1132.9
1102370 1133.6
1102380 1133.6
1102390 1133.2
1102400 1129.1
1102410 1139.8
1102420 1134.2
1102430 1124.1
1102440 1124.1
1102450 1110.3
1102460 1094.5
1102470 1094.5
1102480 1084.8
1102490 1087.8
1102500 1087.8
1102510 1097.5
1102520 1098.6
1102530 1098.6
1102540 1107.2
1102550 1114.7
1102560 1114.7
1102570 1120.6
1102580 1123.5
1102590 1123.5
1102600 1123.6
1102610 1116.1
1102620 1107.1
1102630 1107.1
1102640 1101.7
1102650 1098.7
1102660 1098.7
1102670 1099.1
1102680 1099.7
1102690 1099.7
1102700 1099.3
1102710 1098.7
1102720 1098.7
1102730 1100.1
1102740 1102.6
1102750 1111.4
1102760 1115.6
1102770 1120.0
1102780 1120.0
1102790 1125.9
1102800 1120.7
1102810 1120.7
1102820 1114.7
1102830 1113.6
1102840 1113.6
1102850 1115.7
1102860 1115.2
1102870 1111.2
1102880 1111.2
1102890 1107.1
1102900 1104.9
1102910 1104.9
1102920 1104.7
1102930 1105.8
1102940 1105.8
1102950 1105.5
1102960 1101.1
1102970 1101.1
1102980 1091.4
1102990 1082.6
1103000 1082.6
1103010 1080.8
1103020 1076.5
1103030 1076.5
1103040 1072.4
1103050 1063.0
1103060 1063.0
1103070 1053.6
1103080 1045.7
1103090 1030.9
1103100 1030.9
1103110 1025.9
1103120 1031.8
1103130 1031.8
1103140 1038.9
1103150 1048.3
1103160 1048.3
1103170 1056.2
1103180 1061.4
1103190 1061.4
1103200 1065.6
1103210 1070.4
1103220 1070.4
1103230 1075.4
1103240 1082.0
1103250 1082.0
1103260 1091.3
1103270 1098.2
1103280 1098.2
1103290 1097.8
1103300 1084.5
1103310 1084.5
1103320 1075.0
1103330 1065.5
1103340 1058.6
1103350 1058.6
1103360 1067.1
1103370 1066.3
1103380 1066.3
1103390 1065.7
1103400 1067.6
1103410 1076.7
1103420 1074.8
1103430 1070.2
1103440 1070.2
1103450 1068.6
1103460 1066.7
1103470 1066.7
1103480 1065.8
1103490 1064.7
1103500 1064.7
1103510 1064.6
1103520 1064.6
1103530 1064.6
1103540 1058.6
1103550 1050.1
1103560 1050.1
1103570 1041.4
1103580 1035.1
1103590 1037.7
1103600 1037.7
1103610 1032.6
1103620 1029.2
1103630 1029.2
1103640 1028.0
1103650 1022.6
1103660 1022.6
1103670 1013.8
1103680 1014.8
1103690 1014.8
1103700 1031.0
1103710 1048.5
1103720 1048.5
1103730 1054.2
1103740 1050.8
1103750 1058.3
1103760 1054.4
1103770 1055.6
1103780 1055.6
1103790 1059.0
1103800 1061.5
1103810 1064.1
1103820 1064.1
1103830 1065.1
1103840 1065.9
1103850 1065.9
1103860 1067.5
1103870 1069.5
1103880 1069.5
1103890 1071.6
1103900 1074.1
1103910 1074.1
1103920 1081.0
1103930 1087.1
1103940 1087.1
1103950 1091.8
1103960 1093.2
1103970 1093.2
1103980 1092.7
1103990 1090.9
1104000 1090.9
1104010 1089.7
1104020 1088.5
1104030 1088.5
1104040 1088.0
1104050 1088.6
1104060 1087.4
1104070 1087.4
1104080 1090.8
1104090 1087.9
1104100 1087.9
1104110 1080.5
1104120 1076.1
1104130 1076.1
1104140 1067.2
1104150 1062.6
1104160 1062.6
1104170 1059.1
1104180 1059.9
1104190 1059.9
1104200 1064.9
1104210 1059.7
1104220 1059.7
1104230 1051.3
1104240 1041.8
1104250 1041.8
1104260 1035.3
1104270 1030.0
1104280 1024.3
1104290 1024.3
1104300 1019.2
1104310 1013.6
1104320 1013.6
1104330 1001.9
1104340 993.0
1104350 993.0
1104360 992.4
1104370 992.4
1104380 992.4
1104390 988.8
1104400 985.0
1104410 991.7
1104420 985.0
1104430 980.6
1104440 980.6
1104450 979.0
1104460 977.3
1104470 977.3
1104480 976.5
1104490 974.7
1104500 974.7
1104510 972.1
1104520 968.2
1104530 962.5
1104540 962.5
1104550 958.2
1104560 955.4
1104570 955.4
1104580 959.8
1104590 964.6
1104600 964.6
1104610 967.2
1104620 969.6
1104630 969.6
1104640 970.8
1104650 969.3
1104660 969.3
1104670 967.1
1104680 965.6
1104690 965.6
1104700 958.4
1104710 954.8
1104720 954.8
1104730 960.1
1104740 960.7
1104750 970.1
1104760 967.4
1104770 964.3
1104780 959.1
1104790 959.1
1104800 946.5
1104810 927.0
1104820 927.0
1104830 908.4
1104840 896.0
1104850 896.0
1104860 889.8
1104870 888.3
1104880 888.3
1104890 886.9
1104900 885.1
1104910 885.1
1104920 880.5
1104930 877.0
1104940 877.0
1104950 874.2
1104960 870.6
1104970 870.6
1104980 866.7
1104990 864.2
1105000 861.7
1105010 861.7
1105020 858.5
1105030 854.7
1105040 854.7
1105050 851.1
1105060 847.6
1105070 847.6
1105080 850.4
1105090 848.7
1105100 848.7
1105110 847.1
1105120 844.8
1105130 844.8
1105140 839.0
1105150 831.9
1105160 831.9
1105170 833.3
1105180 834.1
1105190 834.1
1105200 834.5
1105210 834.5
1105220 834.5
1105230 833.9
1105240 833.9
1105250 831.8
1105260 831.8
1105270 831.4
1105280 834.5
1105290 834.5
1105300 835.7
1105310 836.9
1105320 836.9
1105330 837.5
1105340 837.6
1105350 837.6
1105360 837.9
1105370 836.3
1105380 836.3
1105390 833.5
1105400 830.6
1105410 830.6
1105420 831.8
1105430 826.9
1105440 826.9
1105450 833.7
1105460 837.9
1105470 837.9
1105480 838.3
1105490 837.7
1105500 837.2
1105510 837.2
1105520 836.7
1105530 835.8
1105540 835.8
1105550 834.7
1105560 833.8
1105570 833.8
1105580 833.0
1105590 832.2
1105600 832.2
1105610 831.3
1105620 829.9
1105630 829.9
1105640 828.1
1105650 825.2
1105660 825.2
1105670 822.1
1105680 819.1
1105690 819.1
1105700 813.4
1105710 811.4
1105720 803.0
1105730 803.0
1105740 796.4
1105750 799.4
1105760 799.4
1105770 796.6
1105780 795.9
1105790 795.9
1105800 797.7
1105810 796.4
1105820 796.4
1105830 790.4
1105840 785.5
1105850 785.5
1105860 777.8
1105870 769.4
1105880 769.4
1105890 768.1
1105900 766.5
1105910 766.5
1105920 765.0
1105930 764.6
1105940 764.6
1105950 764.9
1105960 767.0
1105970 770.7
1105980 770.7
1105990 773.6
1106000 775.4
1106010 775.4
1106020 776.5
1106030 779.6
1106040 779.6
1106050 782.5
1106060 785.6
1106070 785.6
1106080 788.6
1106090 794.9
1106100 794.9
1106110 800.0
1106120 801.8
1106130 801.8
1106140 797.7
1106150 795.6
1106160 795.6
1106170 798.1
1106180 800.2
1106190 801.3
1106200 801.3
1106210 801.8
1106220 802.0
1106230 802.0
1106240 802.9
1106250 799.7
1106260 799.7
1106270 797.6
1106280 798.8
1106290 798.8
1106300 797.9
1106310 796.7
1106320 796.7
1106330 795.9
1106340 794.3
1106350 794.3
1106360 792.1
1106370 790.4
1106380 790.4
1106390 788.4
1106400 786.5
1106410 786.5
1106420 788.4
1106430 786.4
1106440 784.0
1106450 784.0
1106460 781.6
1106470 779.3
1106480 779.3
1106490 777.4
1106500 773.9
1106510 773.9
1106520 770.4
1106530 768.4
1106540 768.4
1106550 766.3
1106560 764.9
1106570 764.9
1106580 763.2
1106590 759.9
1106600 759.9
1106610 756.8
1106620 754.5
1106630 754.5
1106640 752.1
1106650 749.7
1106660 749.7
1106670 748.3
1106680 747.7
1106690 745.4
1106700 745.4
1106710 743.2
1106720 740.1
1106730 740.1
1106740 736.8
1106750 733.9
1106760 735.6
1106770 732.6
1106780 729.9
1106790 729.9
1106800 728.3
1106810 727.8
1106820 727.8
1106830 727.4
1106840 727.1
1106850 727.1
1106860 726.6
1106870 726.1
1106880 726.1
1106890 726.1
1106900 726.0
1106910 726.0
1106920 726.0
1106930 726.0
1106940 725.8
1106950 725.8
1106960 725.9
1106970 725.6
1106980 725.6
1106990 725.3
1107000 725.1
1107010 725.1
1107020 724.8
1107030 724.2
1107040 724.2
1107050 723.9
1107060 723.9
1107070 723.9
1107080 723.9
1107090 724.1
1107100 724.3
1107110 724.4
1107120 724.8
1107130 724.8
1107140 725.1
1107150 725.3
1107160 725.7
1107170 725.7
1107180 726.2
1107190 726.5
1107200 726.5
1107210 726.8
1107220 727.2
1107230 727.2
1107240 727.5
1107250 727.7
1107260 727.7
1107270 728.0
1107280 728.4
1107290 728.4
1107300 728.6
1107310 728.2
1107320 728.2
1107330 726.8
1107340 725.9
1107350 725.9
1107360 724.3
1107370 724.4
1107380 724.4
1107390 724.0
1107400 723.9
1107410 722.5
1107420 722.5
1107430 722.6
1107440 722.4
1107450 722.4
1107460 722.6
1107470 722.8
1107480 722.8
1107490 723.4
1107500 723.8
1107510 723.8
1107520 724.3
1107530 724.4
1107540 724.4
1107550 724.5
1107560 724.6
1107570 724.6
1107580 725.1
1107590 725.2
1107600 725.2
1107610 725.6
1107620 725.9
1107630 725.9
1107640 725.9
1107650 725.9
1107660 726.1
1107670 726.1
1107680 726.5
1107690 727.3
1107700 727.3
1107710 727.6
1107720 727.7
1107730 727.7
1107740 729.0
1107750 734.1
1107760 734.1
1107770 735.7
1107780 741.2
1107790 741.2
1107800 745.9
1107810 750.5
1107820 750.5
1107830 753.8
1107840 757.9
1107850 757.9
1107860 764.8
1107870 771.2
1107880 776.5
1107890 776.5
1107900 781.2
1107910 786.1
1107920 786.1
1107930 790.5
1107940 794.2
1107950 794.2
1107960 797.3
1107970 801.7
1107980 801.7
1107990 805.4
1108000 809.8
1108010 809.8
1108020 814.4
1108030 818.5
1108040 818.5
1108050 822.5
1108060 826.9
1108070 826.9
1108080 832.0
1108090 838.1
1108100 841.8
1108110 835.0
1108120 840.0
1108130 843.8
1108140 843.8
1108150 848.2
1108160 853.2
1108170 853.2
1108180 858.6
1108190 863.9
1108200 863.9
1108210 868.0
1108220 872.9
1108230 872.9
1108240 877.8
1108250 882.4
1108260 882.4
1108270 886.7
1108280 891.3
1108290 891.3
1108300 896.3
1108310 901.6
1108320 901.6
1108330 906.8
1108340 911.9
1108350 917.4
1108360 917.4
1108370 926.9
1108380 933.4
1108390 933.4
1108400 939.0
1108410 954.8
1108420 954.8
1108430 969.2
1108440 956.9
1108450 956.9
1108460 973.6
1108470 973.0
1108480 973.0
1108490 969.9
1108500 968.5
1108510 968.5
1108520 968.9
1108530 969.5
1108540 969.5
1108550 969.2
1108560 968.6
1108570 968.6
1108580 969.7
1108590 972.0
1108600 975.5
1108610 975.5
1108620 979.7
1108630 983.7
1108640 983.7
1108650 988.1
1108660 992.8
1108670 992.8
1108680 998.2
1108690 1003.6
1108700 1003.6
1108710 1008.3
1108720 1013.2
1108730 1013.2
1108740 1018.3
1108750 1023.0
1108760 1023.0
1108770 1026.5
1108780 1028.4
1108790 1028.4
1108800 1032.1
1108810 1034.1
1108820 1035.3
1108830 1035.3
1108840 1035.8
1108850 1035.5
1108860 1035.5
1108870 1033.6
1108880 1032.2
1108890 1032.2
1108900 1030.6
1108910 1030.0
1108920 1030.0
1108930 1031.1
1108940 1034.1
1108950 1034.1
1108960 1037.3
1108970 1040.6
1108980 1040.6
1108990 1043.9
1109000 1048.3
1109010 1048.3
1109020 1052.4
1109030 1056.5
1109040 1056.5
1109050 1060.8
1109060 1064.0
1109070 1066.2
1109080 1066.2
1109090 1067.6
1109100 1069.9
1109110 1069.9
1109120 1065.3
1109130 1068.0
1109140 1068.0
1109150 1071.5
1109160 1074.8
1109170 1074.8
1109180 1079.1
1109190 1084.2
1109200 1084.2
1109210 1088.9
1109220 1093.6
1109230 1093.6
1109240 1098.5
1109250 1105.1
1109260 1105.1
1109270 1112.2
1109280 1117.4
1109290 1122.7
1109300 1122.7
1109310 1127.2
1109320 1131.6
1109330 1131.6
1109340 1136.7
1109350 1142.4
1109360 1142.4
1109370 1147.9
1109380 1152.6
1109390 1152.6
1109400 1156.0
1109410 1158.6
1109420 1158.6
1109430 1159.9
1109440 1160.9
1109450 1160.9
1109460 1153.3
1109470 1154.6
1109480 1154.6
1109490 1157.0
1109500 1160.6
1109510 1160.6
1109520 1164.4
1109530 1166.9
1109540 1169.8
1109550 1169.8
1109560 1172.2
1109570 1172.8
1109580 1172.8
1109590 1173.8
1109600 1176.7
1109610 1176.7
1109620 1179.7
1109630 1182.7
1109640 1182.7
1109650 1184.9
1109660 1187.0
1109670 1187.0
1109680 1189.6
1109690 1191.9
1109700 1191.9
1109710 1194.6
1109720 1198.0
1109730 1198.0
1109740 1200.9
1109750 1202.6
1109760 1202.6
1109770 1202.9
1109780 1202.0
1109790 1201.8
1109800 1196.6
1109810 1195.4
1109820 1194.3
1109830 1194.3
1109840 1193.6
1109850 1193.0
1109860 1193.0
1109870 1192.1
1109880 1190.2
1109890 1190.2
1109900 1188.2
1109910 1185.7
1109920 1185.7
1109930 1182.4
1109940 1178.5
1109950 1178.5
1109960 1168.3
1109970 1156.6
1109980 1156.6
1109990 1141.6
1110000 1130.0
1110010 1116.7
1110020 1116.7
1110030 1105.5
1110040 1093.8
1110050 1093.8
1110060 1086.0
1110070 1078.6
1110080 1078.6
1110090 1071.5
1110100 1065.3
1110110 1065.3
1110120 1058.6
1110130 1054.2
1110140 1050.3
1110150 1045.7
1110160 1041.3
1110170 1041.3
1110180 1036.7
1110190 1032.2
1110200 1032.2
1110210 1027.7
1110220 1022.9
1110230 1022.9
1110240 1016.9
1110250 1012.1
1110260 1006.4
1110270 1006.4
1110280 1001.0
1110290 996.5
1110300 996.5
1110310 993.4
1110320 989.0
1110330 989.0
1110340 985.5
1110350 983.3
1110360 983.3
1110370 980.9
1110380 980.2
1110390 980.2
1110400 981.5
1110410 982.7
1110420 982.7
1110430 982.4
1110440 979.9
1110450 979.9
1110460 974.1
1110470 969.5
1110480 969.5
1110490 963.8
1110500 962.1
1110510 963.3
1110520 963.3
1110530 966.7
1110540 969.1
1110550 969.1
1110560 971.1
1110570 971.6
1110580 971.6
1110590 972.8
1110600 978.1
1110610 978.1
1110620 984.7
1110630 991.5
1110640 991.5
1110650 997.5
1110660 1003.7
1110670 1003.7
1110680 1011.0
1110690 1017.4
1110700 1017.4
1110710 1021.1
1110720 1024.3
1110730 1027.7
1110740 1027.7
1110750 1030.9
1110760 1033.6
1110770 1033.6
1110780 1036.1
1110790 1038.1
1110800 1038.1
1110810 1038.1
1110820 1042.2
1110830 1042.2
1110840 1048.6
1110850 1055.4
1110860 1055.4
1110870 1061.8
1110880 1067.4
1110890 1067.4
1110900 1071.3
1110910 1075.8
1110920 1075.8
1110930 1080.4
1110940 1085.3
1110950 1085.3
1110960 1090.1
1110970 1095.3
1110980 1101.4
1110990 1101.4
1111000 1109.0
1111010 1117.0
1111020 1117.0
1111030 1123.6
1111040 1128.1
1111050 1128.1
1111060 1131.7
1111070 1134.8
1111080 1134.8
1111090 1137.6
1111100 1140.3
1111110 1140.3
1111120 1142.9
1111130 1143.1
1111140 1143.1
1111150 1140.2
1111160 1141.1
1111170 1141.1
1111180 1141.4
1111190 1141.9
1111200 1143.1
1111210 1143.1
1111220 1145.2
1111230 1148.7
1111240 1148.7
1111250 1151.4
1111260 1152.3
1111270 1152.3
1111280 1151.6
1111290 1151.3
1111300 1151.3
1111310 1152.4
1111320 1154.9
1111330 1154.9
1111340 1158.7
1111350 1163.2
1111360 1163.2
1111370 1167.3
1111380 1170.8
1111390 1170.8
1111400 1173.5
1111410 1175.5
1111420 1175.5
1111430 1177.5
1111440 1179.3
1111450 1179.9
1111460 1179.9
1111470 1179.9
1111480 1179.7
1111490 1178.2
1111500 1179.3
1111510 1179.2
1111520 1179.2
1111530 1177.1
1111540 1175.6
1111550 1175.6
1111560 1175.2
1111570 1175.2
1111580 1175.2
1111590 1174.8
1111600 1174.5
1111610 1174.5
1111620 1173.9
1111630 1171.9
1111640 1171.9
1111650 1171.4
1111660 1170.1
1111670 1170.1
1111680 1165.4
1111690 1158.5
1111700 1153.0
1111710 1153.0
1111720 1148.9
1111730 1147.3
1111740 1147.3
1111750 1146.8
1111760 1145.8
1111770 1145.8
1111780 1139.0
1111790 1130.6
1111800 1130.6
1111810 1122.7
1111820 1115.2
1111830 1110.8
1111840 1104.3
1111850 1096.6
1111860 1096.6
1111870 1089.8
1111880 1084.2
1111890 1084.2
1111900 1078.1
1111910 1069.4
1111920 1060.2
1111930 1060.2
1111940 1052.1
1111950 1044.1
1111960 1044.1
1111970 1037.3
1111980 1029.4
1111990 1029.4
1112000 1021.9
1112010 1018.8
1112020 1018.8
1112030 1017.5
1112040 1011.9
1112050 1011.9
1112060 1006.0
1112070 1004.5
1112080 1004.5
1112090 1005.8
1112100 1010.8
1112110 1010.8
1112120 1018.7
1112130 1024.9
1112140 1024.9
1112150 1037.1
1112160 1048.8
1112170 1054.5
1112180 1049.4
1112190 1056.6
1112200 1065.9
1112210 1065.9
1112220 1066.9
1112230 1061.1
1112240 1061.1
1112250 1060.8
1112260 1062.0
1112270 1062.0
1112280 1063.7
1112290 1063.1
1112300 1063.1
1112310 1061.6
1112320 1059.1
1112330 1059.1
1112340 1062.7
1112350 1070.4
1112360 1070.4
1112370 1079.7
1112380 1087.3
1112390 1087.3
1112400 1095.1
1112410 1103.0
1112420 1111.5
1112430 1111.5
1112440 1120.4
1112450 1129.6
1112460 1129.6
1112470 1137.4
1112480 1146.1
1112490 1146.1
1112500 1154.7
1112510 1162.4
1112520 1156.7
1112530 1161.7
1112540 1156.4
1112550 1156.4
1112560 1150.7
1112570 1147.8
1112580 1147.8
1112590 1146.8
1112600 1147.9
1112610 1147.9
1112620 1146.4
1112630 1148.1
1112640 1157.8
1112650 1157.8
1112660 1167.0
1112670 1173.8
1112680 1173.8
1112690 1179.6
1112700 1186.4
1112710 1186.4
1112720 1194.4
1112730 1208.5
1112740 1208.5
1112750 1225.5
1112760 1239.6
1112770 1239.6
1112780 1244.0
1112790 1246.3
1112800 1246.3
1112810 1253.7
1112820 1265.9
1112830 1265.9
1112840 1282.3
1112850 1300.3
1112860 1298.0
1112870 1305.7
1112880 1311.2
1112890 1316.1
1112900 1316.1
1112910 1320.7
1112920 1325.0
1112930 1325.0
1112940 1328.8
1112950 1332.0
1112960 1332.0
1112970 1334.3
1112980 1336.5
1112990 1336.5
1113000 1340.8
1113010 1344.8
1113020 1344.8
1113030 1344.3
1113040 1341.6
1113050 1341.6
1113060 1341.8
1113070 1348.2
1113080 1348.2
1113090 1348.0
1113100 1346.8
1113110 1343.5
1113120 1343.5
1113130 1336.9
1113140 1332.2
1113150 1332.2
1113160 1330.0
1113170 1333.2
1113180 1333.2
1113190 1341.2
1113200 1341.4
1113210 1341.4
1113220 1349.8
1113230 1358.8
1113240 1358.8
1113250 1361.3
1113260 1358.0
1113270 1358.0
1113280 1352.0
1113290 1348.5
1113300 1348.5
1113310 1350.1
1113320 1345.7
1113330 1345.7
1113340 1348.4
1113350 1358.0
1113360 1368.0
1113370 1368.0
1113380 1383.2
1113390 1399.7
1113400 1399.7
1113410 1411.5
1113420 1422.4
1113430 1422.4
1113440 1427.7
1113450 1433.4
1113460 1433.4
1113470 1434.5
1113480 1439.3
1113490 1439.3
1113500 1448.5
1113510 1458.3
1113520 1458.3
1113530 1467.9
1113540 1482.3
1113550 1482.3
1113560 1488.5
1113570 1500.4
1113580 1500.4
1113590 1516.4
1113600 1528.5
1113610 1533.3
1113620 1533.3
1113630 1551.7
1113640 1576.8
1113650 1576.8
1113660 1593.6
1113670 1609.6
1113680 1609.6
1113690 1613.7
1113700 1615.2
1113710 1615.2
1113720 1615.8
1113730 1616.4
1113740 1616.4
1113750 1616.4
1113760 1616.9
1113770 1616.9
1113780 1617.8
1113790 1619.0
1113800 1619.0
1113810 1620.4
1113820 1621.7
1113830 1622.6
1113840 1622.6
1113850 1623.6
1113860 1624.3
1113870 1624.3
1113880 1620.5
1113890 1620.4
1113900 1620.4
1113910 1620.7
1113920 1621.4
1113930 1621.4
1113940 1622.9
1113950 1624.0
1113960 1624.0
1113970 1624.4
1113980 1623.8
1113990 1623.8
1114000 1622.8
1114010 1621.6
1114020 1621.6
1114030 1620.7
1114040 1619.1
1114050 1619.1
1114060 1618.4
1114070 1618.4
1114080 1617.9
1114090 1617.9
1114100 1616.9
1114110 1614.2
1114120 1614.2
1114130 1611.5
1114140 1610.1
1114150 1610.1
1114160 1607.2
1114170 1605.2
1114180 1605.2
1114190 1603.0
1114200 1599.2
1114210 1599.2
1114220 1594.9
1114230 1586.8
1114240 1586.8
1114250 1581.5
1114260 1575.4
1114270 1575.4
1114280 1565.8
1114290 1554.5
1114300 1540.1
1114310 1540.1
1114320 1529.7
1114330 1519.8
1114340 1519.8
1114350 1514.5
1114360 1516.8
1114370 1516.8
1114380 1513.7
1114390 1508.2
1114400 1508.2
1114410 1507.2
1114420 1497.7
1114430 1497.7
1114440 1496.6
1114450 1509.0
1114460 1509.0
1114470 1510.3
1114480 1502.9
1114490 1502.9
1114500 1490.8
1114510 1487.8
1114520 1487.8
1114530 1494.2
1114540 1504.9
1114550 1507.8
1114560 1507.8
1114570 1491.9
1114580 1478.0
1114590 1478.0
1114600 1466.7
1114610 1462.7
1114620 1462.7
1114630 1457.2
1114640 1449.9
1114650 1449.9
1114660 1446.3
1114670 1447.0
1114680 1447.0
1114690 1452.9
1114700 1453.1
1114710 1453.1
1114720 1447.6
1114730 1441.0
1114740 1441.0
1114750 1434.9
1114760 1433.1
1114770 1433.1
1114780 1433.3
1114790 1432.6
1114800 1432.8
1114810 1432.8
1114820 1432.0
1114830 1427.9
1114840 1427.9
1114850 1425.2
1114860 1422.5
1114870 1422.5
1114880 1420.8
1114890 1417.9
1114900 1417.9
1114910 1408.1
1114920 1405.8
1114930 1405.8
1114940 1404.2
1114950 1402.1
1114960 1402.1
1114970 1398.3
1114980 1392.7
1114990 1392.7
1115000 1390.5
1115010 1390.2
1115020 1391.1
1115030 1391.1
1115040 1391.4
1115050 1390.3
1115060 1390.3
1115070 1388.3
1115080 1385.9
1115090 1385.9
1115100 1383.2
1115110 1380.9
1115120 1380.9
1115130 1379.8
1115140 1379.4
1115150 1379.4
1115160 1379.0
1115170 1377.0
1115180 1377.0
1115190 1373.5
1115200 1369.5
1115210 1369.5
1115220 1366.7
1115230 1364.1
1115240 1364.1
1115250 1360.9
1115260 1353.1
1115270 1352.2
1115280 1352.2
1115290 1344.1
1115300 1333.9
1115310 1333.9
1115320 1325.0
1115330 1315.9
1115340 1315.9
1115350 1307.3
1115360 1298.5
1115370 1298.5
1115380 1289.4
1115390 1281.0
1115400 1281.0
1115410 1272.8
1115420 1265.5
1115430 1265.5
1115440 1258.1
1115450 1250.7
1115460 1250.7
1115470 1243.6
1115480 1236.6
1115490 1229.4
1115500 1229.4
1115510 1222.0
1115520 1214.9
1115530 1214.9
1115540 1206.9
1115550 1199.8
1115560 1199.8
1115570 1193.3
1115580 1186.5
1115590 1186.5
1115600 1180.1
1115610 1172.9
1115620 1172.9
1115630 1166.5
1115640 1160.1
1115650 1160.1
1115660 1153.5
1115670 1147.0
1115680 1147.0
1115690 1141.1
1115700 1134.9
1115710 1134.9
1115720 1128.3
1115730 1121.6
1115740 1114.8
1115750 1114.8
1115760 1108.9
1115770 1102.3
1115780 1102.3
1115790 1096.0
1115800 1089.8
1115810 1089.8
1115820 1083.1
1115830 1077.0
1115840 1077.0
1115850 1071.5
1115860 1066.1
1115870 1066.1
1115880 1061.2
1115890 1056.2
1115900 1056.2
1115910 1051.0
1115920 1046.2
1115930 1046.2
1115940 1038.5
1115950 1027.7
1115960 1027.7
1115970 1022.7
1115980 1023.5
1115990 1021.8
1116000 1021.8
1116010 1022.9
1116020 1037.7
1116030 1037.7
1116040 1053.4
1116050 1067.8
1116060 1067.8
1116070 1070.5
1116080 1072.6
1116090 1072.6
1116100 1085.1
1116110 1111.4
1116120 1111.4
1116130 1118.5
1116140 1123.2
1116150 1123.2
1116160 1130.5
1116170 1133.3
1116180 1133.3
1116190 1128.5
1116200 1125.4
1116210 1130.8
1116220 1130.8
1116230 1141.5
1116240 1157.3
1116250 1157.3
1116260 1168.7
1116270 1169.2
1116280 1169.2
1116290 1162.9
1116300 1163.9
1116310 1163.9
1116320 1161.3
1116330 1158.1
1116340 1158.1
1116350 1158.4
1116360 1160.1
1116370 1160.1
1116380 1160.2
1116390 1160.0
1116400 1160.0
1116410 1160.4
1116420 1162.1
1116430 1162.1
1116440 1164.3
1116450 1165.4
1116460 1165.9
1116470 1165.9
1116480 1166.1
1116490 1165.7
1116500 1165.7
1116510 1165.1
1116520 1163.4
1116530 1163.4
1116540 1162.0
1116550 1160.9
1116560 1160.9
1116570 1160.7
1116580 1161.3
1116590 1161.3
1116600 1161.1
1116610 1162.2
1116620 1162.2
1116630 1164.8
1116640 1161.9
1116650 1161.9
1116660 1155.4
1116670 1149.4
1116680 1149.4
1116690 1145.6
1116700 1142.3
1116710 1137.2
1116720 1137.2
1116730 1135.4
1116740 1137.2
1116750 1137.2
1116760 1141.7
1116770 1150.9
1116780 1150.9
1116790 1158.7
1116800 1163.8
1116810 1163.8
1116820 1165.4
1116830 1166.8
1116840 1166.8
1116850 1169.6
1116860 1171.6
1116870 1171.6
1116880 1169.3
1116890 1163.1
1116900 1163.1
1116910 1154.9
1116920 1147.2
1116930 1139.9
1116940 1139.9
1116950 1132.9
1116960 1127.4
1116970 1127.4
1116980 1121.8
1116990 1112.4
1117000 1112.4
1117010 1103.2
1117020 1095.4
1117030 1095.4
1117040 1093.0
1117050 1093.1
1117060 1093.1
1117070 1100.2
1117080 1109.8
1117090 1109.8
1117100 1113.5
1117110 1112.0
1117120 1112.0
1117130 1110.2
1117140 1110.1
1117150 1110.1
1117160 1112.2
1117170 1112.6
1117180 1112.3
1117190 1112.3
1117200 1116.3
1117210 1119.7
1117220 1119.7
1117230 1119.5
1117240 1119.2
1117250 1119.2
1117260 1118.2
1117270 1116.7
1117280 1116.7
1117290 1115.7
1117300 1119.7
1117310 1119.7
1117320 1125.2
1117330 1127.2
1117340 1127.2
1117350 1140.3
1117360 1151.7
1117370 1151.7
1117380 1150.4
1117390 1141.3
1117400 1134.6
1117410 1134.6
1117420 1133.9
1117430 1133.9
1117440 1133.9
1117450 1135.3
1117460 1139.4
1117470 1139.4
1117480 1147.6
1117490 1154.6
1117500 1154.6
1117510 1155.7
1117520 1157.5
1117530 1157.5
1117540 1162.0
1117550 1162.4
1117560 1162.4
1117570 1161.8
1117580 1159.6
1117590 1159.6
1117600 1154.4
1117610 1147.7
1117620 1147.7
1117630 1142.1
1117640 1137.6
1117650 1134.6
1117660 1134.6
1117670 1128.8
1117680 1126.5
1117690 1126.5
1117700 1127.1
1117710 1127.5
1117720 1127.5
1117730 1126.4
1117740 1125.2
1117750 1125.2
1117760 1121.7
1117770 1116.4
1117780 1116.4
1117790 1110.1
1117800 1104.8
1117810 1104.8
1117820 1104.5
1117830 1107.4
1117840 1107.4
1117850 1109.8
1117860 1112.1
1117870 1112.1
1117880 1109.9
1117890 1106.1
1117900 1106.2
1117910 1106.2
1117920 1106.7
1117930 1104.0
1117940 1104.0
1117950 1102.7
1117960 1110.6
1117970 1110.6
1117980 1113.7
1117990 1112.6
1118000 1112.6
1118010 1112.1
1118020 1109.3
1118030 1109.3
1118040 1108.6
1118050 1108.9
1118060 1108.9
1118070 1108.7
1118080 1106.0
1118090 1106.0
1118100 1104.4
1118110 1103.3
1118120 1101.4
1118130 1101.4
1118140 1099.0
1118150 1096.5
1118160 1096.5
1118170 1094.4
1118180 1092.6
1118190 1092.6
1118200 1090.6
1118210 1089.4
1118220 1089.4
1118230 1088.4
1118240 1086.2
1118250 1086.2
1118260 1084.5
1118270 1084.7
1118280 1084.7
1118290 1085.6
1118300 1086.3
1118310 1086.3
1118320 1087.2
1118330 1088.7
1118340 1088.7
1118350 1085.6
1118360 1082.8
1118370 1084.4
1118380 1084.4
1118390 1086.0
1118400 1085.0
1118410 1085.0
1118420 1084.8
1118430 1083.9
1118440 1083.9
1118450 1083.2
1118460 1083.6
1118470 1083.6
1118480 1083.2
1118490 1082.1
1118500 1082.1
1118510 1080.7
1118520 1079.6
1118530 1079.6
1118540 1077.9
1118550 1076.7
1118560 1076.7
1118570 1075.7
1118580 1075.5
1118590 1074.5
1118600 1074.5
1118610 1073.2
1118620 1072.1
1118630 1072.1
1118640 1071.1
1118650 1070.1
1118660 1070.1
1118670 1069.1
1118680 1068.0
1118690 1068.0
1118700 1067.4
1118710 1066.7
1118720 1066.7
1118730 1067.2
1118740 1067.5
1118750 1067.5
1118760 1067.7
1118770 1068.1
1118780 1068.1
1118790 1068.3
1118800 1068.8
1118810 1068.8
1118820 1069.3
1118830 1069.7
1118840 1070.4
1118850 1070.4
1118860 1071.9
1118870 1073.4
1118880 1073.4
1118890 1073.6
1118900 1074.0
1118910 1074.0
1118920 1074.2
1118930 1074.7
1118940 1074.7
1118950 1075.1
1118960 1076.3
1118970 1076.3
1118980 1077.4
1118990 1078.7
1119000 1078.7
1119010 1080.2
1119020 1081.8
1119030 1081.8
1119040 1083.9
1119050 1085.6
1119060 1076.5
1119070 1078.4
1119080 1080.3
1119090 1082.2
1119100 1082.2
1119110 1084.0
1119120 1085.4
1119130 1085.4
1119140 1086.8
1119150 1088.0
1119160 1088.0
1119170 1089.2
1119180 1089.8
1119190 1089.8
1119200 1090.1
1119210 1090.6
1119220 1090.6
1119230 1090.0
1119240 1088.7
1119250 1088.7
1119260 1088.5
1119270 1088.1
1119280 1088.1
1119290 1087.7
1119300 1087.9
1119310 1088.5
1119320 1088.5
1119330 1088.0
1119340 1089.9
1119350 1089.9
1119360 1093.9
1119370 1097.2
1119380 1097.2
1119390 1099.6
1119400 1102.1
1119410 1095.7
1119420 1096.8
1119430 1095.7
1119440 1095.7
1119450 1095.3
1119460 1094.8
1119470 1094.8
1119480 1095.9
1119490 1097.3
1119500 1097.3
1119510 1097.1
1119520 1095.6
1119530 1095.6
1119540 1094.9
1119550 1095.4
1119560 1095.6
1119570 1095.6
1119580 1093.5
1119590 1091.1
1119600 1091.1
1119610 1089.4
1119620 1087.6
1119630 1087.6
1119640 1085.1
1119650 1083.0
1119660 1083.0
1119670 1082.2
1119680 1080.9
1119690 1080.9
1119700 1080.0
1119710 1079.7
1119720 1079.7
1119730 1079.6
1119740 1079.7
1119750 1079.7
1119760 1074.9
1119770 1074.7
1119780 1075.6
1119790 1075.6
1119800 1075.2
1119810 1075.7
1119820 1075.7
1119830 1081.2
1119840 1081.9
1119850 1081.9
1119860 1081.9
1119870 1082.1
1119880 1082.1
1119890 1082.1
1119900 1082.2
1119910 1082.2
1119920 1082.6
1119930 1083.2
1119940 1083.2
1119950 1083.7
1119960 1084.4
1119970 1084.4
1119980 1087.0
1119990 1088.7
