1100000 660.4
1100010 660.3
1100020 660.2
1100030 660.2
1100040 660.1
1100050 659.7
1100060 659.7
1100070 658.6
1100080 656.0
1100090 656.0
1100100 656.2
1100110 656.0
1100120 656.0
1100130 655.7
1100140 654.0
1100150 654.0
1100160 648.6
1100170 644.5
1100180 644.5
1100190 642.3
1100200 642.0
1100210 642.0
1100220 642.0
1100230 642.1
1100240 642.3
1100250 642.3
1100260 642.5
1100270 642.7
1100280 642.7
1100290 642.9
1100300 643.2
1100310 643.2
1100320 643.4
1100330 643.5
1100340 643.5
1100350 643.9
1100360 644.1
1100370 644.1
1100380 644.2
1100390 644.4
1100400 644.4
1100410 644.4
1100420 644.5
1100430 644.5
1100440 644.6
1100450 644.7
1100460 644.7
1100470 644.9
1100480 645.1
1100490 645.1
1100500 645.1
1100510 645.3
1100520 645.2
1100530 645.2
1100540 645.4
1100550 645.3
1100560 645.3
1100570 645.3
1100580 645.5
1100590 645.5
1100600 645.7
1100610 646.1
1100620 646.1
1100630 646.3
1100640 646.5
1100650 646.5
1100660 646.7
1100670 646.8
1100680 646.8
1100690 646.9
1100700 647.1
1100710 647.1
1100720 647.6
1100730 647.9
1100740 647.6
1100750 647.6
1100760 647.6
1100770 647.8
1100780 647.8
1100790 648.0
1100800 648.3
1100810 648.3
1100820 648.6
1100830 648.9
1100840 648.9
1100850 649.0
1100860 649.2
1100870 649.2
1100880 649.4
1100890 649.4
1100900 649.4
1100910 649.5
1100920 649.9
1100930 649.9
1100940 650.8
1100950 651.7
1100960 652.6
1100970 652.6
1100980 653.4
1100990 654.2
1101000 654.2
1101010 652.6
1101020 652.2
1101030 652.2
1101040 654.7
1101050 654.3
1101060 654.3
1101070 653.2
1101080 653.0
1101090 653.0
1101100 652.6
1101110 652.2
1101120 652.2
1101130 651.9
1101140 651.8
1101150 651.8
1101160 651.8
1101170 651.9
1101180 651.9
1101190 651.9
1101200 652.0
1101210 652.2
1101220 652.2
1101230 652.3
1101240 652.4
1101250 652.4
1101260 652.6
1101270 652.7
1101280 652.7
1101290 652.8
1101300 653.0
1101310 653.0
1101320 653.1
1101330 653.1
1101340 653.1
1101350 653.3
1101360 653.4
1101370 653.4
1101380 653.5
1101390 653.7
1101400 653.9
1101410 654.0
1101420 654.1
1101430 654.1
1101440 654.5
1101450 654.7
1101460 654.8
1101470 654.8
1101480 655.1
1101490 655.0
1101500 655.0
1101510 654.9
1101520 655.1
1101530 655.1
1101540 655.3
1101550 655.6
1101560 655.6
1101570 655.9
1101580 655.9
1101590 655.9
1101600 655.8
1101610 655.9
1101620 655.9
1101630 656.1
1101640 656.1
1101650 656.1
1101660 656.3
1101670 656.6
1101680 656.6
1101690 656.8
1101700 657.0
1101710 657.3
1101720 657.3
1101730 657.5
1101740 657.5
1101750 657.5
1101760 657.6
1101770 657.7
1101780 657.7
1101790 658.3
1101800 660.6
1101810 660.6
1101820 661.7
1101830 661.7
1101840 661.7
1101850 662.0
1101860 662.4
1101870 662.4
1101880 663.0
1101890 663.4
1101900 663.4
1101910 663.7
1101920 664.1
1101930 664.5
1101940 664.5
1101950 665.2
1101960 665.7
1101970 665.7
1101980 665.9
1101990 666.2
1102000 666.2
1102010 666.4
1102020 666.3
1102030 666.3
1102040 666.1
1102050 666.2
1102060 665.4
1102070 665.4
1102080 665.9
1102090 665.9
1102100 666.4
1102110 667.0
1102120 667.0
1102130 667.8
1102140 668.8
1102150 668.8
1102160 670.1
1102170 671.1
1102180 671.9
1102190 671.9
1102200 672.0
1102210 672.1
1102220 672.1
1102230 672.3
1102240 672.8
1102250 672.8
1102260 673.3
1102270 673.6
1102280 673.6
1102290 674.0
1102300 674.6
1102310 674.6
1102320 675.2
1102330 675.8
1102340 675.8
1102350 676.5
1102360 676.8
1102370 676.8
1102380 675.7
1102390 675.5
1102400 675.5
1102410 675.6
1102420 676.6
1102430 677.9
1102440 677.9
1102450 679.4
1102460 680.2
1102470 680.2
1102480 680.3
1102490 680.3
1102500 680.3
1102510 679.9
1102520 679.3
1102530 679.3
1102540 678.3
1102550 677.5
1102560 677.5
1102570 677.2
1102580 677.1
1102590 677.1
1102600 677.3
1102610 677.6
1102620 677.6
1102630 678.0
1102640 678.3
1102650 678.7
1102660 678.7
1102670 679.0
1102680 679.2
1102690 679.2
1102700 679.5
1102710 679.9
1102720 679.9
1102730 679.9
1102740 680.2
1102750 680.2
1102760 680.6
1102770 680.8
1102780 680.8
1102790 681.1
1102800 681.4
1102810 681.4
1102820 681.8
1102830 682.1
1102840 682.1
1102850 682.2
1102860 682.4
1102870 682.4
1102880 682.6
1102890 682.8
1102900 683.2
1102910 683.2
1102920 683.6
1102930 684.0
1102940 684.0
1102950 684.4
1102960 684.6
1102970 684.6
1102980 684.8
1102990 684.9
1103000 684.9
1103010 685.1
1103020 685.4
1103030 685.4
1103040 685.6
1103050 685.4
1103060 684.5
1103070 685.3
1103080 685.7
1103090 685.7
1103100 686.0
1103110 686.2
1103120 686.2
1103130 686.5
1103140 686.8
1103150 687.1
1103160 687.1
1103170 687.4
1103180 687.7
1103190 687.7
1103200 687.9
1103210 688.1
1103220 688.1
1103230 688.1
1103240 687.8
1103250 687.8
1103260 687.5
1103270 687.3
1103280 687.3
1103290 687.4
1103300 687.7
1103310 687.7
1103320 688.1
1103330 688.4
1103340 688.4
1103350 688.7
1103360 689.0
1103370 689.2
1103380 689.2
1103390 688.9
1103400 689.0
1103410 689.0
1103420 689.2
1103430 689.4
1103440 689.4
1103450 689.6
1103460 689.8
1103470 689.8
1103480 690.1
1103490 690.4
1103500 690.4
1103510 690.8
1103520 691.3
1103530 691.3
1103540 691.6
1103550 691.8
1103560 691.8
1103570 691.9
1103580 691.7
1103590 691.7
1103600 692.0
1103610 692.1
1103620 692.1
1103630 692.1
1103640 692.1
1103650 692.2
1103660 692.2
1103670 692.6
1103680 693.1
1103690 693.1
1103700 693.6
1103710 694.1
1103720 694.1
1103730 694.4
1103740 695.1
1103750 695.1
1103760 696.5
1103770 697.3
1103780 697.3
1103790 697.1
1103800 697.5
1103810 697.5
1103820 698.1
1103830 698.8
1103840 698.8
1103850 699.2
1103860 699.5
1103870 699.8
1103880 699.8
1103890 700.3
1103900 700.7
1103910 700.7
1103920 701.3
1103930 701.8
1103940 701.8
1103950 702.1
1103960 702.6
1103970 702.6
1103980 702.3
1103990 702.2
1104000 702.2
1104010 702.5
1104020 702.7
1104030 702.7
1104040 703.4
1104050 703.8
1104060 702.1
1104070 703.0
1104080 703.4
1104090 703.4
1104100 703.7
1104110 703.7
1104120 704.0
1104130 704.0
1104140 704.9
1104150 704.9
1104160 704.9
1104170 704.4
1104180 703.4
1104190 703.4
1104200 703.9
1104210 705.0
1104220 705.0
1104230 705.1
1104240 705.5
1104250 705.5
1104260 706.1
1104270 706.3
1104280 706.3
1104290 705.4
1104300 705.5
1104310 705.5
1104320 705.4
1104330 705.3
1104340 705.2
1104350 705.2
1104360 705.1
1104370 704.8
1104380 704.8
1104390 703.7
1104400 703.4
1104410 703.4
1104420 703.1
1104430 702.7
1104440 702.7
1104450 702.2
1104460 701.7
1104470 701.7
1104480 701.4
1104490 701.2
1104500 701.2
1104510 701.0
1104520 700.9
1104530 700.9
1104540 700.9
1104550 700.8
1104560 700.8
1104570 700.7
1104580 700.5
1104590 700.4
1104600 700.4
1104610 700.3
1104620 700.0
1104630 700.0
1104640 699.8
1104650 699.5
1104660 699.5
1104670 699.1
1104680 698.9
1104690 698.9
1104700 698.8
1104710 698.7
1104720 698.7
1104730 698.3
1104740 698.3
1104750 698.3
1104760 698.2
1104770 698.3
1104780 698.3
1104790 698.2
1104800 698.1
1104810 698.1
1104820 698.1
1104830 698.1
1104840 698.1
1104850 698.1
1104860 698.2
1104870 698.4
1104880 698.4
1104890 698.7
1104900 698.9
1104910 698.9
1104920 699.4
1104930 700.3
1104940 700.3
1104950 701.6
1104960 703.2
1104970 703.2
1104980 704.1
1104990 704.5
1105000 704.5
1105010 705.3
1105020 706.6
1105030 706.6
1105040 707.8
1105050 709.2
1105060 710.6
1105070 710.6
1105080 711.6
1105090 713.1
1105100 713.1
1105110 714.7
1105120 716.5
1105130 716.5
1105140 718.6
1105150 721.9
1105160 721.9
1105170 725.4
1105180 728.3
1105190 728.3
1105200 731.4
1105210 735.3
1105220 735.3
1105230 738.9
1105240 742.4
1105250 742.4
1105260 746.2
1105270 749.9
1105280 749.9
1105290 753.6
1105300 758.6
1105310 763.3
1105320 763.3
1105330 766.7
1105340 769.6
1105350 769.6
1105360 772.7
1105370 775.8
1105380 775.8
1105390 779.0
1105400 774.6
1105410 774.6
1105420 779.5
1105430 784.0
1105440 784.0
1105450 786.6
1105460 791.6
1105470 791.6
1105480 797.3
1105490 802.7
1105500 802.7
1105510 807.9
1105520 813.4
1105530 813.4
1105540 818.6
1105550 822.1
1105560 827.7
1105570 827.7
1105580 834.5
1105590 840.4
1105600 840.4
1105610 848.6
1105620 855.4
1105630 855.4
1105640 859.9
1105650 865.5
1105660 865.5
1105670 870.6
1105680 874.5
1105690 874.5
1105700 877.9
1105710 881.4
1105720 881.4
1105730 877.1
1105740 885.0
1105750 885.0
1105760 892.6
1105770 899.3
1105780 904.8
1105790 904.8
1105800 906.2
1105810 911.6
1105820 911.6
1105830 918.4
1105840 925.2
1105850 925.2
1105860 932.9
1105870 936.2
1105880 936.2
1105890 935.5
1105900 934.7
1105910 934.7
1105920 931.5
1105930 930.5
1105940 930.5
1105950 935.5
1105960 938.8
1105970 938.8
1105980 942.6
1105990 946.7
1106000 946.7
1106010 952.4
1106020 957.1
1106030 960.6
1106040 960.6
1106050 964.2
1106060 968.4
1106070 962.1
1106080 966.7
1106090 969.7
1106100 969.7
1106110 971.7
1106120 975.3
1106130 975.3
1106140 979.3
1106150 982.8
1106160 982.8
1106170 986.8
1106180 988.4
1106190 988.4
1106200 986.8
1106210 981.0
1106220 981.0
1106230 973.6
1106240 970.5
1106250 970.5
1106260 971.7
1106270 973.7
1106280 976.4
1106290 976.4
1106300 978.0
1106310 977.8
1106320 977.8
1106330 976.2
1106340 973.0
1106350 973.0
1106360 969.0
1106370 967.4
1106380 967.4
1106390 966.9
1106400 972.6
1106410 972.6
1106420 974.4
1106430 975.6
1106440 975.6
1106450 975.9
1106460 975.9
1106470 975.9
1106480 975.7
1106490 975.1
1106500 975.1
1106510 974.5
1106520 973.9
1106530 972.9
1106540 972.9
1106550 971.6
1106560 969.9
1106570 969.9
1106580 968.7
1106590 967.4
1106600 967.4
1106610 967.1
1106620 968.7
1106630 968.7
1106640 972.9
1106650 975.9
1106660 975.9
1106670 979.9
1106680 983.4
1106690 983.4
1106700 985.4
1106710 986.8
1106720 986.8
1106730 988.0
1106740 983.0
1106750 983.8
1106760 983.8
1106770 984.8
1106780 985.3
1106790 985.3
1106800 984.9
1106810 984.3
1106820 984.3
1106830 984.5
1106840 985.3
1106850 985.3
1106860 985.2
1106870 985.7
1106880 985.7
1106890 987.0
1106900 986.9
1106910 986.9
1106920 987.0
1106930 988.0
1106940 988.0
1106950 988.0
1106960 991.8
1106970 991.8
1106980 996.1
1106990 998.7
1107000 1000.3
1107010 1000.3
1107020 1002.5
1107030 1000.5
1107040 1000.5
1107050 993.2
1107060 999.5
1107070 999.5
1107080 1002.8
1107090 1012.5
1107100 1012.5
1107110 1022.9
1107120 1043.4
1107130 1043.4
1107140 1061.4
1107150 1055.8
1107160 1055.8
1107170 1039.1
1107180 1036.0
1107190 1036.0
1107200 1039.9
1107210 1055.0
1107220 1055.0
1107230 1076.6
1107240 1105.6
1107250 1126.7
1107260 1126.7
1107270 1139.6
1107280 1148.4
1107290 1148.4
1107300 1149.8
1107310 1153.1
1107320 1153.1
1107330 1152.8
1107340 1151.0
1107350 1151.0
1107360 1154.1
1107370 1161.1
1107380 1161.1
1107390 1170.9
1107400 1171.9
1107410 1179.7
1107420 1186.5
1107430 1208.4
1107440 1208.4
1107450 1214.5
1107460 1227.0
1107470 1247.3
1107480 1247.3
1107490 1263.5
1107500 1270.1
1107510 1270.1
1107520 1277.4
1107530 1283.2
1107540 1283.2
1107550 1288.2
1107560 1292.6
1107570 1292.6
1107580 1296.8
1107590 1299.9
1107600 1299.9
1107610 1302.4
1107620 1307.4
1107630 1307.4
1107640 1312.1
1107650 1315.9
1107660 1315.9
1107670 1319.4
1107680 1322.6
1107690 1322.6
1107700 1325.5
1107710 1328.1
1107720 1331.1
1107730 1331.1
1107740 1333.6
1107750 1331.1
1107760 1331.1
1107770 1332.8
1107780 1334.9
1107790 1334.9
1107800 1337.2
1107810 1339.2
1107820 1339.2
1107830 1341.2
1107840 1342.8
1107850 1342.8
1107860 1344.2
1107870 1346.8
1107880 1346.8
1107890 1350.6
1107900 1353.8
1107910 1353.8
1107920 1357.4
1107930 1361.4
1107940 1361.4
1107950 1364.6
1107960 1368.1
1107970 1371.7
1107980 1371.7
1107990 1375.8
1108000 1379.8
1108010 1379.8
1108020 1382.9
1108030 1385.9
1108040 1385.9
1108050 1389.7
1108060 1394.3
1108070 1394.3
1108080 1399.8
1108090 1401.4
1108100 1401.4
1108110 1407.8
1108120 1413.5
1108130 1413.5
1108140 1418.5
1108150 1422.6
1108160 1422.6
1108170 1427.2
1108180 1431.8
1108190 1435.7
1108200 1435.7
1108210 1438.5
1108220 1442.3
1108230 1442.3
1108240 1446.5
1108250 1449.0
1108260 1449.0
1108270 1451.4
1108280 1456.3
1108290 1456.3
1108300 1470.7
1108310 1481.9
1108320 1481.9
1108330 1479.6
1108340 1476.8
1108350 1476.8
1108360 1478.9
1108370 1482.7
1108380 1482.7
1108390 1487.3
1108400 1506.6
1108410 1506.6
1108420 1514.2
1108430 1485.5
1108440 1487.3
1108450 1487.3
1108460 1494.1
1108470 1506.6
1108480 1506.6
1108490 1522.6
1108500 1532.4
1108510 1532.4
1108520 1527.6
1108530 1532.6
1108540 1532.6
1108550 1540.5
1108560 1541.7
1108570 1541.7
1108580 1539.2
1108590 1543.8
1108600 1543.8
1108610 1543.6
1108620 1545.1
1108630 1545.1
1108640 1550.2
1108650 1552.9
1108660 1552.9
1108670 1556.4
1108680 1561.4
1108690 1572.0
1108700 1572.0
1108710 1591.0
1108720 1601.9
1108730 1601.9
1108740 1619.8
1108750 1631.8
1108760 1618.9
1108770 1633.0
1108780 1639.2
1108790 1639.2
1108800 1640.6
1108810 1645.9
1108820 1645.9
1108830 1653.5
1108840 1664.5
1108850 1664.5
1108860 1675.2
1108870 1690.3
1108880 1690.3
1108890 1699.5
1108900 1706.3
1108910 1710.8
1108920 1710.8
1108930 1718.3
1108940 1725.9
1108950 1725.9
1108960 1728.3
1108970 1723.2
1108980 1723.2
1108990 1717.6
1109000 1712.8
1109010 1712.8
1109020 1720.6
1109030 1725.7
1109040 1725.7
1109050 1728.9
1109060 1732.7
1109070 1732.7
1109080 1737.7
1109090 1742.0
1109100 1722.5
1109110 1728.2
1109120 1730.7
1109130 1730.7
1109140 1726.4
1109150 1720.1
1109160 1728.6
1109170 1728.6
1109180 1736.8
1109190 1745.8
1109200 1745.8
1109210 1756.0
1109220 1765.3
1109230 1765.3
1109240 1772.8
1109250 1778.2
1109260 1778.2
1109270 1783.0
1109280 1786.1
1109290 1786.1
1109300 1785.3
1109310 1784.4
1109320 1784.4
1109330 1781.1
1109340 1777.2
1109350 1777.2
1109360 1776.1
1109370 1775.7
1109380 1775.7
1109390 1778.3
1109400 1779.0
1109410 1777.3
1109420 1777.3
1109430 1781.8
1109440 1772.2
1109450 1772.2
1109460 1776.7
1109470 1780.5
1109480 1780.5
1109490 1784.0
1109500 1789.9
1109510 1789.9
1109520 1799.9
1109530 1802.9
1109540 1802.9
1109550 1801.0
1109560 1797.3
1109570 1797.3
1109580 1794.6
1109590 1792.7
1109600 1792.7
1109610 1789.7
1109620 1787.4
1109630 1787.4
1109640 1786.4
1109650 1784.2
1109660 1782.4
1109670 1782.4
1109680 1781.4
1109690 1779.8
1109700 1779.8
1109710 1777.6
1109720 1775.5
1109730 1775.5
1109740 1772.2
1109750 1766.1
1109760 1766.1
1109770 1758.8
1109780 1735.4
1109790 1735.4
1109800 1700.6
1109810 1671.3
1109820 1671.3
1109830 1655.8
1109840 1642.9
1109850 1642.9
1109860 1633.6
1109870 1625.1
1109880 1616.8
1109890 1616.8
1109900 1609.4
1109910 1602.9
1109920 1602.9
1109930 1594.6
1109940 1587.7
1109950 1587.7
1109960 1582.0
1109970 1577.5
1109980 1577.5
1109990 1573.1
1110000 1567.5
1110010 1567.5
1110020 1558.2
1110030 1552.7
1110040 1552.7
1110050 1547.5
1110060 1542.2
1110070 1542.2
1110080 1536.6
1110090 1531.7
1110100 1531.7
1110110 1520.9
1110120 1525.0
1110130 1522.8
1110140 1522.8
1110150 1519.8
1110160 1517.8
1110170 1517.8
1110180 1500.2
1110190 1474.7
1110200 1474.7
1110210 1461.9
1110220 1457.7
1110230 1457.7
1110240 1454.9
1110250 1449.3
1110260 1449.3
1110270 1440.5
1110280 1436.6
1110290 1436.6
1110300 1415.1
1110310 1394.9
1110320 1394.9
1110330 1372.0
1110340 1351.3
1110350 1351.3
1110360 1342.4
1110370 1335.6
1110380 1331.5
1110390 1331.5
1110400 1326.4
1110410 1322.7
1110420 1322.7
1110430 1322.6
1110440 1322.2
1110450 1322.2
1110460 1314.1
1110470 1313.5
1110480 1313.5
1110490 1312.9
1110500 1309.0
1110510 1309.0
1110520 1303.5
1110530 1297.9
1110540 1297.9
1110550 1292.3
1110560 1287.6
1110570 1287.6
1110580 1285.0
1110590 1282.8
1110600 1277.8
1110610 1277.8
1110620 1275.8
1110630 1278.5
1110640 1278.5
1110650 1277.3
1110660 1275.8
1110670 1275.8
1110680 1276.5
1110690 1276.9
1110700 1276.9
1110710 1276.9
1110720 1278.0
1110730 1278.0
1110740 1280.0
1110750 1282.0
1110760 1282.0
1110770 1284.4
1110780 1283.3
1110790 1283.3
1110800 1272.3
1110810 1277.1
1110820 1277.1
1110830 1288.5
1110840 1293.8
1110850 1295.4
1110860 1295.4
1110870 1298.7
1110880 1302.4
1110890 1302.4
1110900 1306.8
1110910 1312.3
1110920 1312.3
1110930 1318.4
1110940 1324.6
1110950 1324.6
1110960 1330.9
1110970 1337.5
1110980 1337.5
1110990 1343.9
1111000 1349.6
1111010 1349.6
1111020 1355.5
1111030 1361.5
1111040 1361.5
1111050 1367.1
1111060 1373.3
1111070 1373.3
1111080 1377.2
1111090 1379.0
1111100 1381.6
1111110 1381.6
1111120 1385.0
1111130 1388.6
1111140 1383.9
1111150 1389.4
1111160 1395.5
1111170 1395.5
1111180 1402.3
1111190 1409.5
1111200 1409.5
1111210 1416.7
1111220 1424.2
1111230 1424.2
1111240 1431.9
1111250 1439.4
1111260 1439.4
1111270 1446.6
1111280 1453.8
1111290 1453.8
1111300 1460.8
1111310 1468.9
1111320 1477.5
1111330 1477.5
1111340 1488.1
1111350 1496.3
1111360 1496.3
1111370 1507.4
1111380 1517.3
1111390 1517.3
1111400 1526.6
1111410 1534.7
1111420 1534.7
1111430 1544.8
1111440 1558.6
1111450 1558.6
1111460 1571.4
1111470 1581.6
1111480 1582.4
1111490 1589.7
1111500 1596.2
1111510 1596.2
1111520 1600.7
1111530 1601.5
1111540 1601.5
1111550 1610.8
1111560 1618.3
1111570 1621.2
1111580 1621.2
1111590 1629.0
1111600 1634.8
1111610 1634.8
1111620 1645.2
1111630 1657.1
1111640 1657.1
1111650 1665.0
1111660 1671.3
1111670 1671.3
1111680 1675.0
1111690 1678.8
1111700 1678.8
1111710 1681.0
1111720 1683.4
1111730 1683.4
1111740 1684.6
1111750 1685.3
1111760 1685.3
1111770 1687.6
1111780 1684.0
1111790 1684.0
1111800 1676.6
1111810 1669.1
1111820 1656.0
1111830 1656.0
1111840 1646.1
1111850 1619.0
1111860 1619.0
1111870 1601.5
1111880 1597.5
1111890 1597.5
1111900 1600.6
1111910 1593.3
1111920 1593.3
1111930 1579.5
1111940 1562.2
1111950 1562.2
1111960 1546.9
1111970 1521.4
1111980 1521.4
1111990 1509.4
1112000 1503.7
1112010 1503.7
1112020 1492.8
1112030 1483.9
1112040 1479.9
1112050 1479.9
1112060 1481.4
1112070 1477.8
1112080 1477.8
1112090 1458.3
1112100 1460.1
1112110 1460.1
1112120 1459.1
1112130 1460.3
1112140 1460.3
1112150 1468.7
1112160 1442.9
1112170 1442.9
1112180 1423.7
1112190 1436.6
1112200 1436.6
1112210 1450.3
1112220 1464.8
1112230 1464.8
1112240 1481.3
1112250 1496.9
1112260 1496.9
1112270 1522.8
1112280 1543.5
1112290 1551.9
1112300 1551.9
1112310 1571.0
1112320 1583.3
1112330 1583.3
1112340 1592.8
1112350 1592.7
1112360 1592.7
1112370 1591.5
1112380 1588.9
1112390 1588.9
1112400 1588.0
1112410 1588.8
1112420 1588.8
1112430 1590.1
1112440 1590.6
1112450 1590.6
1112460 1597.1
1112470 1607.6
1112480 1607.6
1112490 1614.4
1112500 1632.2
1112510 1632.2
1112520 1637.0
1112530 1634.3
1112540 1634.2
1112550 1634.2
1112560 1636.3
1112570 1651.3
1112580 1651.3
1112590 1670.2
1112600 1674.3
1112610 1674.3
1112620 1678.1
1112630 1680.6
1112640 1680.6
1112650 1691.5
1112660 1708.5
1112670 1708.5
1112680 1725.2
1112690 1737.1
1112700 1737.1
1112710 1760.1
1112720 1770.6
1112730 1770.6
1112740 1775.6
1112750 1789.5
1112760 1789.5
1112770 1806.5
1112780 1819.7
1112790 1834.2
1112800 1834.2
1112810 1848.7
1112820 1867.7
1112830 1867.7
1112840 1895.4
1112850 1939.3
1112860 1939.3
1112870 1946.5
1112880 1958.8
1112890 1958.8
1112900 1976.7
1112910 1986.0
1112920 1986.0
1112930 1991.1
1112940 1991.5
1112950 1991.5
1112960 1986.5
1112970 1981.9
1112980 1981.9
1112990 1976.7
1113000 1972.0
1113010 1966.8
1113020 1966.8
1113030 1961.8
1113040 1957.1
1113050 1957.1
1113060 1952.6
1113070 1948.1
1113080 1948.1
1113090 1944.2
1113100 1939.0
1113110 1939.0
1113120 1934.4
1113130 1929.7
1113140 1929.7
1113150 1925.3
1113160 1921.3
1113170 1921.3
1113180 1915.3
1113190 1911.5
1113200 1911.5
1113210 1907.6
1113220 1903.9
1113230 1903.9
1113240 1900.4
1113250 1897.0
1113260 1894.1
1113270 1894.1
1113280 1891.7
1113290 1889.2
1113300 1889.2
1113310 1885.1
1113320 1878.9
1113330 1878.9
1113340 1875.7
1113350 1873.0
1113360 1873.0
1113370 1870.0
1113380 1866.9
1113390 1866.9
1113400 1863.8
1113410 1860.4
1113420 1860.4
1113430 1857.4
1113440 1853.9
1113450 1853.9
1113460 1850.1
1113470 1847.0
1113480 1847.0
1113490 1843.8
1113500 1840.8
1113510 1838.3
1113520 1837.6
1113530 1835.3
1113540 1832.6
1113550 1832.6
1113560 1830.2
1113570 1828.5
1113580 1828.5
1113590 1826.8
1113600 1824.2
1113610 1824.2
1113620 1822.4
1113630 1821.7
1113640 1821.7
1113650 1819.5
1113660 1817.1
1113670 1817.1
1113680 1815.1
1113690 1813.0
1113700 1813.0
1113710 1811.2
1113720 1811.2
1113730 1811.0
1113740 1811.0
1113750 1809.6
1113760 1806.3
1113770 1806.3
1113780 1800.5
1113790 1795.5
1113800 1795.5
1113810 1791.9
1113820 1790.1
1113830 1790.1
1113840 1787.6
1113850 1783.1
1113860 1783.1
1113870 1783.7
1113880 1778.9
1113890 1778.9
1113900 1772.3
1113910 1765.5
1113920 1765.5
1113930 1760.5
1113940 1754.5
1113950 1754.5
1113960 1747.0
1113970 1740.0
1113980 1736.3
1113990 1736.3
1114000 1730.6
1114010 1725.5
1114020 1725.5
1114030 1723.1
1114040 1718.8
1114050 1718.8
1114060 1707.6
1114070 1699.4
1114080 1699.4
1114090 1695.3
1114100 1689.6
1114110 1689.6
1114120 1684.9
1114130 1677.3
1114140 1677.3
1114150 1671.5
1114160 1667.9
1114170 1667.9
1114180 1661.6
1114190 1657.8
1114200 1657.8
1114210 1662.5
1114220 1656.1
1114230 1647.7
1114240 1647.7
1114250 1644.5
1114260 1640.8
1114270 1640.8
1114280 1634.3
1114290 1625.5
1114300 1625.5
1114310 1613.8
1114320 1606.7
1114330 1606.7
1114340 1604.2
1114350 1601.8
1114360 1601.8
1114370 1598.7
1114380 1587.8
1114390 1587.8
1114400 1579.4
1114410 1573.4
1114420 1573.4
1114430 1569.1
1114440 1563.3
1114450 1556.5
1114460 1556.5
1114470 1550.9
1114480 1542.2
1114490 1542.2
1114500 1531.0
1114510 1517.6
1114520 1517.6
1114530 1507.6
1114540 1500.5
1114550 1505.0
1114560 1500.4
1114570 1497.4
1114580 1497.4
1114590 1494.0
1114600 1491.8
1114610 1491.8
1114620 1490.2
1114630 1486.7
1114640 1486.7
1114650 1481.1
1114660 1477.8
1114670 1477.8
1114680 1475.0
1114690 1469.4
1114700 1460.6
1114710 1460.6
1114720 1460.7
1114730 1457.0
1114740 1457.0
1114750 1456.1
1114760 1455.6
1114770 1455.6
1114780 1455.6
1114790 1453.5
1114800 1453.5
1114810 1451.2
1114820 1449.8
1114830 1449.8
1114840 1445.0
1114850 1437.4
1114860 1437.4
1114870 1427.9
1114880 1418.7
1114890 1418.7
1114900 1423.8
1114910 1419.4
1114920 1419.4
1114930 1407.1
1114940 1401.7
1114950 1401.2
1114960 1401.2
1114970 1403.5
1114980 1402.0
1114990 1402.0
1115000 1393.0
1115010 1387.9
1115020 1387.9
1115030 1385.3
1115040 1381.7
1115050 1381.7
1115060 1377.4
1115070 1374.7
1115080 1374.7
1115090 1375.6
1115100 1370.9
1115110 1370.9
1115120 1359.6
1115130 1349.6
1115140 1349.6
1115150 1343.0
1115160 1342.3
1115170 1340.0
1115180 1340.0
1115190 1338.6
1115200 1335.5
1115210 1335.5
1115220 1331.8
1115230 1326.9
1115240 1334.3
1115250 1327.3
1115260 1321.3
1115270 1321.3
1115280 1316.7
1115290 1312.5
1115300 1312.5
1115310 1309.0
1115320 1304.7
1115330 1304.7
1115340 1301.5
1115350 1295.9
1115360 1295.9
1115370 1289.7
1115380 1283.6
1115390 1283.6
1115400 1279.3
1115410 1277.0
1115420 1276.3
1115430 1276.3
1115440 1275.8
1115450 1278.1
1115460 1278.1
1115470 1276.2
1115480 1271.2
1115490 1271.2
1115500 1269.2
1115510 1267.9
1115520 1267.9
1115530 1268.0
1115540 1268.7
1115550 1268.7
1115560 1270.3
1115570 1273.3
1115580 1266.0
1115590 1271.6
1115600 1273.6
1115610 1273.6
1115620 1275.5
1115630 1275.7
1115640 1275.7
1115650 1274.5
1115660 1274.6
1115670 1274.4
1115680 1274.4
1115690 1273.7
1115700 1270.6
1115710 1270.6
1115720 1266.4
1115730 1256.2
1115740 1256.2
1115750 1247.7
1115760 1240.9
1115770 1240.9
1115780 1237.6
1115790 1240.7
1115800 1240.7
1115810 1249.8
1115820 1258.5
1115830 1258.5
1115840 1266.3
1115850 1276.4
1115860 1276.4
1115870 1288.8
1115880 1300.6
1115890 1313.6
1115900 1313.6
1115910 1324.4
1115920 1333.0
1115930 1331.5
1115940 1341.8
1115950 1349.4
1115960 1349.4
1115970 1357.8
1115980 1371.3
1115990 1371.3
1116000 1392.6
1116010 1419.6
1116020 1419.6
1116030 1431.1
1116040 1442.9
1116050 1442.9
1116060 1458.8
1116070 1475.4
1116080 1475.4
1116090 1485.9
1116100 1492.6
1116110 1492.6
1116120 1499.3
1116130 1507.5
1116140 1518.9
1116150 1518.9
1116160 1528.2
1116170 1539.4
1116180 1539.4
1116190 1546.9
1116200 1551.1
1116210 1551.1
1116220 1553.5
1116230 1565.3
1116240 1565.3
1116250 1578.5
1116260 1592.9
1116270 1586.5
1116280 1596.6
1116290 1612.0
1116300 1612.0
1116310 1631.9
1116320 1647.2
1116330 1647.2
1116340 1666.4
1116350 1681.3
1116360 1681.3
1116370 1674.5
1116380 1668.3
1116390 1670.0
1116400 1670.0
1116410 1685.0
1116420 1689.9
1116430 1689.9
1116440 1692.7
1116450 1700.8
1116460 1700.8
1116470 1710.7
1116480 1715.5
1116490 1715.5
1116500 1716.6
1116510 1715.6
1116520 1715.6
1116530 1717.7
1116540 1718.6
1116550 1718.6
1116560 1727.2
1116570 1732.7
1116580 1732.7
1116590 1735.5
1116600 1737.3
1116610 1738.7
1116620 1731.4
1116630 1733.5
1116640 1733.1
1116650 1733.1
1116660 1735.4
1116670 1745.7
1116680 1745.7
1116690 1759.2
1116700 1775.4
1116710 1775.4
1116720 1781.3
1116730 1787.4
1116740 1787.4
1116750 1791.4
1116760 1790.4
1116770 1790.4
1116780 1786.4
1116790 1776.5
1116800 1776.5
1116810 1765.2
1116820 1750.7
1116830 1750.7
1116840 1737.8
1116850 1724.3
1116860 1712.2
1116870 1712.2
1116880 1705.3
1116890 1701.6
1116900 1701.6
1116910 1699.2
1116920 1703.3
1116930 1703.3
1116940 1704.8
1116950 1704.6
1116960 1695.0
1116970 1698.6
1116980 1688.8
1116990 1688.8
1117000 1678.3
1117010 1666.1
1117020 1666.1
1117030 1651.0
1117040 1653.8
1117050 1653.8
1117060 1651.2
1117070 1651.2
1117080 1651.2
1117090 1655.5
1117100 1646.9
1117110 1639.8
1117120 1639.8
1117130 1634.9
1117140 1627.5
1117150 1627.5
1117160 1615.2
1117170 1616.2
1117180 1616.2
1117190 1612.9
1117200 1602.6
1117210 1602.6
1117220 1597.8
1117230 1597.1
1117240 1597.1
1117250 1590.6
1117260 1592.0
1117270 1592.0
1117280 1609.0
1117290 1619.8
1117300 1619.8
1117310 1605.6
1117320 1595.4
1117330 1589.7
1117340 1589.7
1117350 1582.2
1117360 1570.6
1117370 1570.6
1117380 1562.0
1117390 1544.3
1117400 1544.3
1117410 1533.1
1117420 1531.7
1117430 1531.7
1117440 1540.3
1117450 1544.8
1117460 1544.8
1117470 1534.8
1117480 1524.8
1117490 1524.8
1117500 1526.6
1117510 1531.2
1117520 1531.2
1117530 1526.1
1117540 1524.0
1117550 1524.0
1117560 1519.8
1117570 1521.5
1117580 1530.9
1117590 1530.9
1117600 1541.9
1117610 1554.7
1117620 1554.7
1117630 1569.5
1117640 1581.7
1117650 1581.7
1117660 1600.1
1117670 1616.3
1117680 1616.3
1117690 1630.1
1117700 1639.6
1117710 1639.6
1117720 1648.6
1117730 1658.3
1117740 1658.3
1117750 1666.8
1117760 1676.0
1117770 1676.0
1117780 1685.2
1117790 1693.8
1117800 1693.8
1117810 1702.2
1117820 1711.3
1117830 1719.0
1117840 1719.0
1117850 1717.2
1117860 1710.8
1117870 1710.8
1117880 1714.9
1117890 1716.2
1117900 1716.2
1117910 1716.0
1117920 1714.5
1117930 1714.5
1117940 1710.4
1117950 1708.3
1117960 1708.3
1117970 1714.3
1117980 1719.6
1117990 1719.6
1118000 1709.3
1118010 1709.1
1118020 1709.1
1118030 1703.6
1118040 1697.3
1118050 1697.3
1118060 1691.9
1118070 1689.4
1118080 1687.9
1118090 1687.9
1118100 1687.7
1118110 1684.7
1118120 1684.7
1118130 1680.9
1118140 1677.7
1118150 1677.7
1118160 1674.0
1118170 1670.9
1118180 1670.9
1118190 1664.2
1118200 1653.2
1118210 1653.2
1118220 1632.7
1118230 1635.0
1118240 1635.0
1118250 1649.3
1118260 1659.6
1118270 1659.6
1118280 1666.7
1118290 1672.8
1118300 1679.1
1118310 1679.1
1118320 1684.2
1118330 1687.2
1118340 1687.2
1118350 1683.6
1118360 1686.0
1118370 1686.0
1118380 1688.4
1118390 1692.5
1118400 1692.5
1118410 1698.5
1118420 1703.2
1118430 1703.2
1118440 1703.4
1118450 1701.4
1118460 1701.4
1118470 1696.7
1118480 1691.7
1118490 1691.7
1118500 1687.7
1118510 1687.6
1118520 1687.6
1118530 1682.3
1118540 1680.4
1118550 1680.9
1118560 1680.9
1118570 1682.2
1118580 1683.2
1118590 1683.2
1118600 1685.7
1118610 1687.7
1118620 1687.7
1118630 1688.0
1118640 1684.9
1118650 1684.9
1118660 1675.6
1118670 1668.2
1118680 1668.2
1118690 1667.4
1118700 1670.8
1118710 1670.8
1118720 1678.6
1118730 1687.0
1118740 1687.0
1118750 1689.1
1118760 1683.2
1118770 1683.2
1118780 1674.6
1118790 1666.5
1118800 1660.1
1118810 1660.1
1118820 1653.5
1118830 1663.9
1118840 1663.9
1118850 1677.0
1118860 1691.8
1118870 1691.8
1118880 1702.4
1118890 1712.3
1118900 1712.3
1118910 1719.1
1118920 1724.6
1118930 1724.6
1118940 1727.3
1118950 1724.4
1118960 1724.4
1118970 1722.8
1118980 1730.5
1118990 1730.5
1119000 1736.6
1119010 1742.6
1119020 1743.2
1119030 1743.2
1119040 1733.9
1119050 1731.6
1119060 1731.6
1119070 1730.6
1119080 1738.4
1119090 1738.4
1119100 1748.4
1119110 1751.0
1119120 1751.0
1119130 1756.0
1119140 1763.3
1119150 1763.3
1119160 1769.0
1119170 1775.6
1119180 1775.6
1119190 1784.0
1119200 1791.9
1119210 1791.9
1119220 1799.9
1119230 1809.7
1119240 1809.7
1119250 1820.7
1119260 1830.5
1119270 1844.3
1119280 1844.3
1119290 1854.2
1119300 1861.2
1119310 1861.2
1119320 1865.2
1119330 1868.4
1119340 1868.4
1119350 1866.3
1119360 1862.6
1119370 1862.6
1119380 1857.8
1119390 1851.4
1119400 1851.4
1119410 1848.0
1119420 1835.3
1119430 1835.3
1119440 1823.2
1119450 1815.9
1119460 1815.9
1119470 1804.6
1119480 1793.6
1119490 1793.6
1119500 1784.0
1119510 1774.5
1119520 1766.8
1119530 1766.8
1119540 1762.4
1119550 1757.1
1119560 1757.1
1119570 1752.6
1119580 1751.4
1119590 1751.4
1119600 1751.8
1119610 1750.5
1119620 1750.5
1119630 1743.0
1119640 1739.6
1119650 1739.6
1119660 1739.0
1119670 1735.7
1119680 1735.7
1119690 1729.7
1119700 1722.6
1119710 1722.6
1119720 1719.0
1119730 1708.5
1119740 1707.9
1119750 1707.9
1119760 1694.7
1119770 1677.9
1119780 1677.9
1119790 1665.7
1119800 1657.5
1119810 1657.5
1119820 1656.6
1119830 1658.7
1119840 1658.7
1119850 1659.7
1119860 1657.8
1119870 1657.8
1119880 1659.7
1119890 1660.2
1119900 1660.2
1119910 1664.9
1119920 1664.1
1119930 1664.1
1119940 1666.7
1119950 1666.9
1119960 1666.9
1119970 1664.9
1119980 1661.3
1119990 1649.7
