1100000 658.5
1100010 659.3
1100020 659.3
1100030 660.3
1100040 663.7
1100050 663.7
1100060 667.8
1100070 671.5
1100080 671.5
1100090 673.4
1100100 674.6
1100110 674.6
1100120 677.5
1100130 679.2
1100140 679.2
1100150 677.8
1100160 674.1
1100170 674.1
1100180 669.7
1100190 666.5
1100200 663.5
1100210 663.5
1100220 660.7
1100230 657.1
1100240 663.8
1100250 662.8
1100260 660.3
1100270 660.3
1100280 657.4
1100290 655.5
1100300 655.5
1100310 655.2
1100320 655.3
1100330 655.3
1100340 655.7
1100350 657.6
1100360 657.6
1100370 658.8
1100380 659.3
1100390 659.3
1100400 660.7
1100410 661.1
1100420 661.1
1100430 661.1
1100440 662.1
1100450 663.0
1100460 663.0
1100470 662.9
1100480 663.2
1100490 663.2
1100500 663.8
1100510 664.5
1100520 664.5
1100530 664.4
1100540 663.5
1100550 663.5
1100560 663.1
1100570 669.4
1100580 669.4
1100590 670.1
1100600 671.0
1100610 671.0
1100620 669.7
1100630 667.3
1100640 667.3
1100650 664.8
1100660 663.5
1100670 660.9
1100680 660.9
1100690 658.2
1100700 658.4
1100710 658.4
1100720 658.3
1100730 657.3
1100740 657.3
1100750 656.2
1100760 656.6
1100770 656.6
1100780 656.2
1100790 656.2
1100800 656.2
1100810 657.4
1100820 659.1
1100830 659.1
1100840 657.7
1100850 657.0
1100860 657.0
1100870 657.6
1100880 658.1
1100890 658.1
1100900 665.9
1100910 666.9
1100920 668.4
1100930 668.4
1100940 669.3
1100950 670.6
1100960 670.6
1100970 670.9
1100980 669.6
1100990 669.6
1101000 668.3
1101010 666.5
1101020 666.5
1101030 664.5
1101040 663.2
1101050 663.2
1101060 660.2
1101070 658.0
1101080 658.0
1101090 656.9
1101100 656.8
1101110 656.8
1101120 656.9
1101130 656.9
1101140 656.9
1101150 657.7
1101160 657.8
1101170 658.2
1101180 658.2
1101190 659.6
1101200 660.7
1101210 660.7
1101220 661.3
1101230 661.6
1101240 668.5
1101250 667.9
1101260 667.0
1101270 667.0
1101280 666.2
1101290 665.8
1101300 665.8
1101310 665.4
1101320 665.4
1101330 665.4
1101340 665.1
1101350 665.5
1101360 665.5
1101370 667.2
1101380 667.0
1101390 667.0
1101400 667.2
1101410 666.0
1101420 663.4
1101430 663.4
1101440 661.5
1101450 660.7
1101460 660.7
1101470 660.3
1101480 660.5
1101490 660.5
1101500 661.0
1101510 662.0
1101520 662.0
1101530 662.4
1101540 662.2
1101550 662.2
1101560 661.7
1101570 663.9
1101580 663.9
1101590 664.3
1101600 665.0
1101610 665.0
1101620 665.5
1101630 666.1
1101640 665.4
1101650 665.4
1101660 664.8
1101670 663.3
1101680 663.3
1101690 662.7
1101700 662.8
1101710 662.8
1101720 662.8
1101730 662.8
1101740 662.8
1101750 662.9
1101760 663.1
1101770 663.1
1101780 663.2
1101790 663.4
1101800 663.4
1101810 663.5
1101820 663.5
1101830 663.5
1101840 663.6
1101850 663.6
1101860 663.6
1101870 663.7
1101880 663.8
1101890 664.0
1101900 664.0
1101910 664.1
1101920 664.2
1101930 664.2
1101940 664.4
1101950 664.7
1101960 664.7
1101970 665.0
1101980 665.2
1101990 665.2
1102000 665.2
1102010 665.3
1102020 665.3
1102030 665.3
1102040 665.4
1102050 665.4
1102060 665.4
1102070 665.3
1102080 665.3
1102090 665.3
1102100 665.0
1102110 665.0
1102120 664.5
1102130 664.3
1102140 664.0
1102150 664.0
1102160 663.3
1102170 662.7
1102180 662.7
1102190 663.0
1102200 663.1
1102210 663.1
1102220 663.3
1102230 664.5
1102240 664.5
1102250 664.9
1102260 665.6
1102270 665.6
1102280 666.7
1102290 667.2
1102300 667.2
1102310 666.4
1102320 666.7
1102330 666.7
1102340 667.7
1102350 668.8
1102360 669.5
1102370 669.5
1102380 670.7
1102390 671.0
1102400 671.0
1102410 671.2
1102420 671.3
1102430 671.3
1102440 671.8
1102450 671.5
1102460 671.5
1102470 670.5
1102480 670.1
1102490 670.1
1102500 668.9
1102510 668.5
1102520 668.5
1102530 667.5
1102540 666.9
1102550 666.9
1102560 666.9
1102570 666.6
1102580 666.6
1102590 666.8
1102600 666.8
1102610 666.8
1102620 666.8
1102630 666.7
1102640 665.6
1102650 665.6
1102660 664.7
1102670 664.8
1102680 664.8
1102690 664.9
1102700 665.0
1102710 665.0
1102720 665.1
1102730 665.2
1102740 665.2
1102750 665.4
1102760 665.5
1102770 665.5
1102780 665.6
1102790 665.8
1102800 665.8
1102810 666.3
1102820 665.7
1102830 665.7
1102840 665.5
1102850 665.6
1102860 666.2
1102870 666.2
1102880 667.4
1102890 669.1
1102900 670.1
1102910 670.3
1102920 670.5
1102930 670.5
1102940 670.7
1102950 671.1
1102960 671.1
1102970 672.1
1102980 673.0
1102990 673.0
1103000 673.4
1103010 673.5
1103020 673.5
1103030 673.2
1103040 673.0
1103050 673.0
1103060 672.8
1103070 672.5
1103080 672.5
1103090 672.5
1103100 672.6
1103110 672.7
1103120 672.7
1103130 672.9
1103140 673.0
1103150 673.0
1103160 673.4
1103170 673.5
1103180 673.5
1103190 673.8
1103200 674.2
1103210 674.2
1103220 674.7
1103230 675.5
1103240 675.5
1103250 676.1
1103260 676.7
1103270 676.7
1103280 677.1
1103290 677.4
1103300 677.4
1103310 677.6
1103320 677.6
1103330 677.5
1103340 677.5
1103350 677.4
1103360 677.3
1103370 677.3
1103380 677.2
1103390 677.2
1103400 677.2
1103410 677.0
1103420 676.8
1103430 676.8
1103440 676.7
1103450 676.7
1103460 676.7
1103470 676.8
1103480 677.0
1103490 677.0
1103500 677.1
1103510 677.0
1103520 677.0
1103530 677.2
1103540 677.4
1103550 677.4
1103560 677.7
1103570 677.8
1103580 677.9
1103590 677.9
1103600 678.0
1103610 678.0
1103620 678.0
1103630 677.5
1103640 676.6
1103650 676.6
1103660 676.2
1103670 676.4
1103680 676.4
1103690 676.4
1103700 676.2
1103710 676.2
1103720 676.2
1103730 676.3
1103740 676.3
1103750 676.4
1103760 676.7
1103770 676.7
1103780 677.1
1103790 677.2
1103800 677.4
1103810 677.4
1103820 677.5
1103830 677.4
1103840 677.4
1103850 677.3
1103860 677.4
1103870 677.4
1103880 677.6
1103890 677.7
1103900 677.9
1103910 678.0
1103920 678.0
1103930 678.0
1103940 678.2
1103950 678.3
1103960 678.3
1103970 678.6
1103980 678.8
1103990 678.8
1104000 679.1
1104010 679.4
1104020 679.4
1104030 679.5
1104040 679.6
1104050 679.7
1104060 679.7
1104070 679.4
1104080 679.4
1104090 679.4
1104100 679.5
1104110 679.9
1104120 679.9
1104130 680.4
1104140 680.6
1104150 680.6
1104160 680.8
1104170 681.0
1104180 681.0
1104190 681.1
1104200 681.2
1104210 681.2
1104220 681.4
1104230 681.1
1104240 681.1
1104250 681.5
1104260 682.1
1104270 682.1
1104280 682.8
1104290 684.2
1104300 684.9
1104310 684.9
1104320 685.5
1104330 685.6
1104340 685.6
1104350 686.6
1104360 687.2
1104370 687.2
1104380 687.6
1104390 687.9
1104400 687.9
1104410 688.3
1104420 689.2
1104430 689.2
1104440 690.0
1104450 690.1
1104460 690.1
1104470 689.7
1104480 689.3
1104490 689.3
1104500 689.4
1104510 689.2
1104520 689.4
1104530 689.4
1104540 689.7
1104550 690.1
1104560 690.2
1104570 690.4
1104580 690.4
1104590 690.4
1104600 690.2
1104610 690.2
1104620 690.2
1104630 690.6
1104640 690.7
1104650 690.7
1104660 690.4
1104670 690.4
1104680 690.4
1104690 690.4
1104700 690.6
1104710 690.6
1104720 690.9
1104730 691.1
1104740 691.1
1104750 691.4
1104760 691.7
1104770 691.8
1104780 691.8
1104790 691.8
1104800 691.9
1104810 691.9
1104820 692.1
1104830 692.2
1104840 692.2
1104850 692.4
1104860 692.6
1104870 692.6
1104880 692.9
1104890 693.8
1104900 692.8
1104910 692.9
1104920 693.8
1104930 693.8
1104940 695.7
1104950 696.2
1104960 696.2
1104970 696.3
1104980 696.4
1104990 696.4
1105000 696.4
1105010 696.5
1105020 696.7
1105030 696.7
1105040 696.6
1105050 696.5
1105060 696.5
1105070 696.5
1105080 696.6
1105090 696.6
1105100 696.9
1105110 697.2
1105120 697.2
1105130 697.4
1105140 697.6
1105150 697.6
1105160 697.9
1105170 698.1
1105180 698.1
1105190 698.3
1105200 698.4
1105210 698.4
1105220 698.8
1105230 698.7
1105240 699.0
1105250 699.0
1105260 699.1
1105270 699.3
1105280 699.3
1105290 699.5
1105300 699.8
1105310 699.8
1105320 700.0
1105330 700.1
1105340 700.1
1105350 700.2
1105360 700.4
1105370 700.4
1105380 700.7
1105390 701.0
1105400 701.0
1105410 701.2
1105420 701.3
1105430 701.3
1105440 701.4
1105450 701.6
1105460 701.6
1105470 701.7
1105480 701.9
1105490 702.2
1105500 702.2
1105510 702.6
1105520 702.9
1105530 702.9
1105540 703.2
1105550 703.9
1105560 703.9
1105570 705.1
1105580 705.1
1105590 705.1
1105600 705.2
1105610 705.5
1105620 705.5
1105630 706.0
1105640 706.5
1105650 706.5
1105660 707.0
1105670 707.7
1105680 707.7
1105690 708.2
1105700 708.8
1105710 708.8
1105720 709.5
1105730 710.8
1105740 712.1
1105750 712.1
1105760 712.8
1105770 713.6
1105780 713.6
1105790 714.5
1105800 715.0
1105810 715.0
1105820 715.2
1105830 715.6
1105840 715.6
1105850 716.1
1105860 716.2
1105870 716.2
1105880 716.0
1105890 715.4
1105900 713.8
1105910 712.8
1105920 712.0
1105930 712.0
1105940 711.4
1105950 711.8
1105960 712.7
1105970 712.7
1105980 715.0
1105990 718.8
1106000 718.8
1106010 722.8
1106020 726.0
1106030 726.0
1106040 728.7
1106050 730.7
1106060 730.7
1106070 732.8
1106080 735.5
1106090 735.5
1106100 738.6
1106110 741.7
1106120 741.7
1106130 744.8
1106140 748.2
1106150 748.2
1106160 751.4
1106170 753.6
1106180 753.6
1106190 756.1
1106200 758.8
1106210 761.6
1106220 761.6
1106230 763.8
1106240 758.8
1106250 758.8
1106260 762.2
1106270 766.1
1106280 766.1
1106290 769.3
1106300 771.2
1106310 771.2
1106320 773.4
1106330 776.5
1106340 776.5
1106350 784.0
1106360 788.2
1106370 788.2
1106380 787.0
1106390 789.1
1106400 789.1
1106410 790.8
1106420 794.4
1106430 794.4
1106440 796.1
1106450 797.5
1106460 799.3
1106470 799.3
1106480 800.7
1106490 802.0
1106500 802.0
1106510 804.2
1106520 807.9
1106530 807.9
1106540 809.6
1106550 813.7
1106560 813.7
1106570 814.8
1106580 807.2
1106590 807.2
1106600 806.9
1106610 808.3
1106620 808.3
1106630 810.5
1106640 811.3
1106650 811.3
1106660 811.8
1106670 810.5
1106680 806.7
1106690 806.7
1106700 805.3
1106710 805.0
1106720 805.0
1106730 805.1
1106740 805.2
1106750 805.2
1106760 814.4
1106770 822.5
1106780 822.5
1106790 829.3
1106800 835.3
1106810 835.3
1106820 840.4
1106830 845.7
1106840 845.7
1106850 852.7
1106860 861.5
1106870 861.5
1106880 871.3
1106890 880.2
1106900 880.2
1106910 900.3
1106920 907.8
1106930 917.6
1106940 917.6
1106950 928.0
1106960 932.6
1106970 932.6
1106980 936.4
1106990 940.0
1107000 940.0
1107010 943.8
1107020 947.5
1107030 947.5
1107040 951.8
1107050 956.4
1107060 956.4
1107070 961.7
1107080 965.9
1107090 965.9
1107100 970.1
1107110 974.0
1107120 974.0
1107130 977.9
1107140 981.8
1107150 981.8
1107160 986.0
1107170 989.4
1107180 993.9
1107190 993.9
1107200 1000.7
1107210 1004.2
1107220 1004.2
1107230 1009.4
1107240 1015.2
1107250 1015.2
1107260 1017.6
1107270 1021.7
1107280 1021.7
1107290 1028.6
1107300 1035.2
1107310 1035.2
1107320 1041.8
1107330 1047.3
1107340 1047.3
1107350 1053.6
1107360 1060.5
1107370 1060.5
1107380 1067.4
1107390 1073.8
1107400 1080.0
1107410 1080.0
1107420 1086.4
1107430 1093.0
1107440 1093.0
1107450 1099.6
1107460 1106.9
1107470 1106.9
1107480 1114.0
1107490 1121.7
1107500 1121.7
1107510 1129.1
1107520 1136.7
1107530 1136.7
1107540 1144.5
1107550 1152.4
1107560 1152.4
1107570 1160.4
1107580 1163.1
1107590 1163.1
1107600 1169.6
1107610 1175.7
1107620 1175.7
1107630 1187.1
1107640 1205.8
1107650 1217.5
1107660 1217.5
1107670 1224.4
1107680 1227.8
1107690 1227.8
1107700 1230.4
1107710 1236.5
1107720 1236.5
1107730 1252.8
1107740 1258.3
1107750 1258.3
1107760 1258.7
1107770 1260.0
1107780 1260.0
1107790 1264.4
1107800 1270.2
1107810 1270.2
1107820 1275.1
1107830 1278.1
1107840 1278.1
1107850 1280.9
1107860 1284.1
1107870 1284.1
1107880 1288.0
1107890 1290.5
1107900 1293.8
1107910 1293.8
1107920 1295.8
1107930 1299.5
1107940 1299.5
1107950 1302.1
1107960 1303.6
1107970 1303.6
1107980 1304.6
1107990 1303.9
1108000 1303.9
1108010 1303.8
1108020 1304.4
1108030 1304.4
1108040 1305.0
1108050 1305.4
1108060 1305.4
1108070 1306.2
1108080 1306.8
1108090 1306.8
1108100 1306.7
1108110 1306.3
1108120 1306.5
1108130 1306.5
1108140 1308.2
1108150 1310.2
1108160 1310.2
1108170 1312.2
1108180 1314.1
1108190 1314.1
1108200 1316.2
1108210 1318.5
1108220 1318.5
1108230 1321.1
1108240 1323.0
1108250 1323.0
1108260 1323.5
1108270 1325.5
1108280 1325.5
1108290 1326.9
1108300 1327.9
1108310 1327.9
1108320 1328.6
1108330 1329.2
1108340 1329.2
1108350 1329.9
1108360 1331.2
1108370 1332.9
1108380 1332.9
1108390 1334.9
1108400 1336.9
1108410 1336.9
1108420 1338.7
1108430 1339.9
1108440 1339.9
1108450 1341.5
1108460 1343.0
1108470 1343.0
1108480 1344.4
1108490 1346.2
1108500 1346.2
1108510 1347.5
1108520 1349.0
1108530 1349.0
1108540 1350.8
1108550 1352.5
1108560 1352.5
1108570 1354.3
1108580 1355.2
1108590 1355.2
1108600 1352.1
1108610 1355.2
1108620 1358.4
1108630 1358.4
1108640 1360.9
1108650 1363.3
1108660 1363.3
1108670 1365.8
1108680 1368.8
1108690 1368.8
1108700 1372.1
1108710 1375.4
1108720 1375.4
1108730 1378.8
1108740 1382.4
1108750 1382.4
1108760 1385.4
1108770 1388.7
1108780 1388.7
1108790 1392.3
1108800 1395.9
1108810 1395.9
1108820 1399.5
1108830 1403.2
1108840 1403.2
1108850 1406.0
1108860 1408.3
1108870 1411.2
1108880 1411.2
1108890 1413.3
1108900 1416.0
1108910 1416.0
1108920 1419.6
1108930 1417.0
1108940 1417.0
1108950 1419.8
1108960 1422.5
1108970 1422.5
1108980 1425.3
1108990 1427.8
1109000 1427.8
1109010 1430.9
1109020 1434.5
1109030 1434.5
1109040 1437.6
1109050 1440.0
1109060 1440.0
1109070 1443.0
1109080 1446.4
1109090 1448.7
1109100 1448.7
1109110 1449.9
1109120 1450.9
1109130 1450.9
1109140 1452.0
1109150 1453.7
1109160 1453.7
1109170 1455.2
1109180 1457.2
1109190 1457.2
1109200 1459.3
1109210 1461.4
1109220 1461.4
1109230 1463.3
1109240 1464.8
1109250 1464.8
1109260 1466.2
1109270 1460.7
1109280 1460.7
1109290 1461.9
1109300 1462.7
1109310 1462.7
1109320 1463.1
1109330 1463.1
1109340 1463.1
1109350 1463.1
1109360 1463.3
1109370 1463.9
1109380 1463.9
1109390 1465.2
1109400 1466.7
1109410 1466.7
1109420 1468.2
1109430 1470.0
1109440 1470.0
1109450 1471.8
1109460 1472.8
1109470 1472.8
1109480 1473.3
1109490 1474.5
1109500 1474.5
1109510 1475.9
1109520 1477.5
1109530 1477.5
1109540 1479.0
1109550 1480.3
1109560 1480.3
1109570 1481.2
1109580 1482.2
1109590 1483.3
1109600 1483.3
1109610 1476.8
1109620 1476.6
1109630 1476.6
1109640 1476.3
1109650 1476.4
1109660 1476.4
1109670 1477.3
1109680 1479.3
1109690 1479.3
1109700 1481.0
1109710 1482.4
1109720 1482.4
1109730 1483.0
1109740 1482.8
1109750 1482.8
1109760 1482.5
1109770 1482.4
1109780 1482.4
1109790 1481.4
1109800 1480.2
1109810 1478.6
1109820 1478.6
1109830 1476.1
1109840 1470.7
1109850 1470.7
1109860 1460.2
1109870 1449.7
1109880 1449.7
1109890 1439.5
1109900 1431.4
1109910 1431.4
1109920 1423.2
1109930 1416.0
1109940 1416.0
1109950 1402.2
1109960 1393.1
1109970 1393.1
1109980 1384.5
1109990 1376.5
1110000 1376.5
1110010 1369.7
1110020 1364.3
1110030 1364.3
1110040 1359.9
1110050 1347.9
1110060 1338.0
1110070 1338.0
1110080 1333.5
1110090 1330.9
1110100 1330.9
1110110 1330.3
1110120 1331.4
1110130 1331.4
1110140 1330.7
1110150 1327.8
1110160 1327.8
1110170 1323.2
1110180 1319.2
1110190 1319.2
1110200 1313.2
1110210 1305.9
1110220 1305.9
1110230 1297.7
1110240 1289.4
1110250 1289.4
1110260 1280.8
1110270 1271.7
1110280 1271.7
1110290 1261.8
1110300 1256.3
1110310 1252.2
1110320 1252.2
1110330 1247.5
1110340 1242.0
1110350 1242.0
1110360 1236.7
1110370 1230.5
1110380 1230.5
1110390 1224.6
1110400 1219.4
1110410 1219.4
1110420 1214.1
1110430 1209.0
1110440 1209.0
1110450 1204.3
1110460 1201.5
1110470 1201.5
1110480 1198.7
1110490 1194.2
1110500 1194.2
1110510 1189.5
1110520 1184.7
1110530 1179.8
1110540 1179.8
1110550 1175.1
1110560 1170.3
1110570 1170.3
1110580 1165.7
1110590 1161.0
1110600 1161.0
1110610 1156.6
1110620 1153.9
1110630 1149.7
1110640 1146.8
1110650 1139.7
1110660 1139.7
1110670 1128.5
1110680 1125.1
1110690 1125.1
1110700 1132.0
1110710 1141.0
1110720 1141.0
1110730 1146.0
1110740 1151.8
1110750 1151.8
1110760 1157.3
1110770 1162.2
1110780 1166.7
1110790 1166.7
1110800 1171.1
1110810 1175.3
1110820 1175.3
1110830 1179.3
1110840 1183.8
1110850 1183.8
1110860 1187.7
1110870 1192.3
1110880 1192.3
1110890 1197.1
1110900 1202.3
1110910 1202.3
1110920 1207.4
1110930 1211.3
1110940 1211.3
1110950 1216.3
1110960 1221.2
1110970 1220.2
1110980 1224.7
1110990 1229.8
1111000 1229.8
1111010 1234.7
1111020 1240.3
1111030 1247.0
1111040 1247.0
1111050 1254.2
1111060 1262.3
1111070 1262.3
1111080 1270.1
1111090 1277.9
1111100 1277.9
1111110 1285.5
1111120 1293.1
1111130 1293.1
1111140 1301.2
1111150 1308.4
1111160 1308.4
1111170 1315.4
1111180 1321.8
1111190 1321.8
1111200 1327.9
1111210 1334.3
1111220 1334.3
1111230 1341.4
1111240 1349.4
1111250 1357.9
1111260 1357.9
1111270 1366.2
1111280 1375.1
1111290 1375.1
1111300 1386.9
1111310 1397.7
1111320 1397.7
1111330 1405.8
1111340 1414.0
1111350 1414.0
1111360 1422.1
1111370 1430.9
1111380 1430.9
1111390 1438.3
1111400 1446.0
1111410 1446.0
1111420 1454.8
1111430 1465.6
1111440 1465.6
1111450 1476.1
1111460 1488.6
1111470 1488.6
1111480 1499.0
1111490 1505.5
1111500 1511.5
1111510 1511.5
1111520 1518.5
1111530 1525.0
1111540 1525.0
1111550 1532.3
1111560 1538.6
1111570 1538.6
1111580 1545.4
1111590 1553.7
1111600 1553.7
1111610 1550.2
1111620 1533.5
1111630 1533.5
1111640 1516.7
1111650 1503.7
1111660 1503.7
1111670 1504.6
1111680 1512.0
1111690 1512.0
1111700 1518.5
1111710 1502.5
1111720 1502.5
1111730 1478.3
1111740 1467.8
1111750 1459.1
1111760 1459.1
1111770 1450.0
1111780 1428.3
1111790 1428.3
1111800 1424.6
1111810 1423.4
1111820 1423.4
1111830 1419.7
1111840 1416.4
1111850 1416.4
1111860 1413.3
1111870 1401.4
1111880 1401.4
1111890 1381.9
1111900 1368.4
1111910 1368.4
1111920 1364.2
1111930 1344.9
1111940 1344.9
1111950 1333.3
1111960 1324.9
1111970 1314.2
1111980 1314.2
1111990 1302.2
1112000 1297.2
1112010 1297.2
1112020 1272.0
1112030 1257.9
1112040 1257.9
1112050 1261.4
1112060 1268.3
1112070 1268.3
1112080 1276.6
1112090 1285.2
1112100 1285.2
1112110 1292.4
1112120 1296.3
1112130 1296.3
1112140 1302.2
1112150 1304.3
1112160 1304.3
1112170 1314.8
1112180 1319.1
1112190 1319.1
1112200 1324.5
1112210 1326.7
1112220 1336.9
1112230 1336.9
1112240 1357.8
1112250 1366.7
1112260 1366.7
1112270 1376.6
1112280 1383.5
1112290 1383.5
1112300 1389.6
1112310 1397.1
1112320 1397.1
1112330 1406.3
1112340 1413.3
1112350 1413.3
1112360 1420.3
1112370 1427.8
1112380 1427.8
1112390 1438.2
1112400 1447.5
1112410 1447.5
1112420 1455.7
1112430 1465.5
1112440 1465.5
1112450 1477.7
1112460 1493.2
1112470 1501.1
1112480 1501.1
1112490 1507.1
1112500 1513.9
1112510 1513.9
1112520 1521.1
1112530 1530.9
1112540 1530.9
1112550 1544.4
1112560 1556.9
1112570 1556.9
1112580 1569.8
1112590 1585.3
1112600 1585.3
1112610 1600.3
1112620 1609.9
1112630 1609.9
1112640 1620.6
1112650 1646.3
1112660 1646.3
1112670 1653.6
1112680 1673.7
1112690 1678.9
1112700 1678.9
1112710 1692.4
1112720 1705.6
1112730 1705.6
1112740 1716.9
1112750 1734.6
1112760 1734.6
1112770 1747.6
1112780 1758.5
1112790 1758.5
1112800 1765.8
1112810 1773.0
1112820 1773.0
1112830 1780.9
1112840 1790.5
1112850 1790.5
1112860 1799.0
1112870 1807.4
1112880 1807.4
1112890 1815.3
1112900 1822.7
1112910 1822.7
1112920 1830.7
1112930 1836.6
1112940 1842.3
1112950 1842.3
1112960 1850.4
1112970 1859.5
1112980 1859.5
1112990 1869.2
1113000 1877.7
1113010 1868.2
1113020 1874.2
1113030 1884.1
1113040 1884.1
1113050 1867.8
1113060 1851.0
1113070 1851.0
1113080 1850.9
1113090 1859.0
1113100 1859.0
1113110 1864.7
1113120 1871.5
1113130 1871.5
1113140 1884.3
1113150 1891.9
1113160 1891.9
1113170 1893.0
1113180 1901.0
1113190 1903.7
1113200 1903.7
1113210 1909.4
1113220 1917.2
1113230 1917.2
1113240 1926.2
1113250 1935.2
1113260 1935.2
1113270 1944.5
1113280 1952.2
1113290 1952.2
1113300 1956.7
1113310 1958.5
1113320 1958.5
1113330 1961.9
1113340 1967.1
1113350 1967.1
1113360 1971.7
1113370 1979.7
1113380 1979.7
1113390 1982.8
1113400 1980.5
1113410 1975.2
1113420 1975.2
1113430 1970.5
1113440 1968.2
1113450 1968.2
1113460 1965.7
1113470 1964.1
1113480 1964.1
1113490 1962.6
1113500 1960.3
1113510 1960.3
1113520 1956.7
1113530 1952.5
1113540 1952.5
1113550 1949.4
1113560 1947.7
1113570 1947.7
1113580 1946.4
1113590 1945.4
1113600 1945.4
1113610 1945.9
1113620 1946.0
1113630 1946.0
1113640 1946.2
1113650 1946.0
1113660 1945.2
1113670 1945.2
1113680 1944.1
1113690 1943.2
1113700 1949.4
1113710 1948.6
1113720 1947.5
1113730 1947.5
1113740 1946.4
1113750 1944.5
1113760 1944.5
1113770 1942.3
1113780 1939.8
1113790 1939.8
1113800 1938.4
1113810 1936.8
1113820 1936.8
1113830 1934.7
1113840 1933.8
1113850 1933.8
1113860 1932.4
1113870 1931.0
1113880 1931.0
1113890 1929.4
1113900 1927.0
1113910 1924.2
1113920 1924.2
1113930 1920.1
1113940 1911.9
1113950 1911.9
1113960 1903.3
1113970 1895.3
1113980 1895.3
1113990 1887.6
1114000 1880.1
1114010 1880.1
1114020 1873.0
1114030 1866.7
1114040 1873.5
1114050 1869.5
1114060 1864.9
1114070 1864.9
1114080 1859.9
1114090 1854.2
1114100 1854.2
1114110 1847.4
1114120 1841.6
1114130 1836.8
1114140 1836.8
1114150 1831.7
1114160 1825.5
1114170 1825.5
1114180 1821.1
1114190 1816.8
1114200 1816.8
1114210 1812.2
1114220 1808.2
1114230 1808.2
1114240 1804.5
1114250 1800.2
1114260 1800.2
1114270 1796.5
1114280 1793.1
1114290 1793.1
1114300 1789.8
1114310 1786.1
1114320 1786.1
1114330 1782.3
1114340 1779.2
1114350 1779.2
1114360 1776.1
1114370 1772.9
1114380 1776.6
1114390 1776.6
1114400 1773.3
1114410 1770.3
1114420 1770.3
1114430 1766.2
1114440 1761.4
1114450 1761.4
1114460 1757.4
1114470 1752.5
1114480 1752.5
1114490 1748.4
1114500 1745.8
1114510 1745.8
1114520 1743.2
1114530 1741.0
1114540 1741.0
1114550 1738.3
1114560 1734.3
1114570 1734.3
1114580 1727.7
1114590 1723.0
1114600 1723.0
1114610 1718.5
1114620 1714.6
1114630 1712.1
1114640 1712.1
1114650 1709.7
1114660 1708.8
1114670 1708.8
1114680 1706.4
1114690 1703.3
1114700 1703.3
1114710 1701.1
1114720 1700.1
1114730 1709.5
1114740 1706.2
1114750 1701.8
1114760 1701.8
1114770 1696.1
1114780 1686.2
1114790 1686.2
1114800 1675.9
1114810 1663.6
1114820 1663.6
1114830 1650.0
1114840 1643.0
1114850 1632.4
1114860 1632.4
1114870 1623.3
1114880 1613.0
1114890 1613.0
1114900 1604.5
1114910 1595.3
1114920 1595.3
1114930 1585.5
1114940 1575.3
1114950 1575.3
1114960 1566.9
1114970 1559.4
1114980 1559.4
1114990 1550.0
1115000 1540.9
1115010 1540.9
1115020 1534.5
1115030 1528.5
1115040 1528.5
1115050 1521.1
1115060 1518.0
1115070 1509.8
1115080 1505.7
1115090 1498.1
1115100 1492.5
1115110 1492.5
1115120 1485.4
1115130 1480.9
1115140 1480.9
1115150 1473.4
1115160 1469.1
1115170 1469.1
1115180 1466.3
1115190 1460.4
1115200 1460.4
1115210 1452.9
1115220 1444.8
1115230 1444.8
1115240 1436.0
1115250 1427.7
1115260 1427.7
1115270 1422.2
1115280 1417.5
1115290 1417.5
1115300 1412.2
1115310 1404.4
1115320 1404.4
1115330 1396.1
1115340 1387.0
1115350 1375.0
1115360 1375.0
1115370 1363.9
1115380 1355.0
1115390 1355.0
1115400 1345.9
1115410 1335.1
1115420 1335.1
1115430 1325.6
1115440 1317.2
1115450 1317.2
1115460 1308.2
1115470 1301.2
1115480 1301.2
1115490 1294.6
1115500 1294.3
1115510 1294.3
1115520 1296.5
1115530 1306.2
1115540 1306.2
1115550 1308.7
1115560 1303.7
1115570 1296.6
1115580 1296.6
1115590 1289.1
1115600 1268.8
1115610 1268.8
1115620 1248.3
1115630 1233.1
1115640 1233.1
1115650 1212.0
1115660 1200.4
1115670 1200.4
1115680 1199.0
1115690 1196.2
1115700 1196.2
1115710 1184.4
1115720 1174.7
1115730 1174.7
1115740 1172.4
1115750 1167.6
1115760 1166.8
1115770 1173.0
1115780 1182.2
1115790 1182.2
1115800 1191.7
1115810 1199.6
1115820 1211.1
1115830 1211.1
1115840 1225.1
1115850 1241.3
1115860 1241.3
1115870 1252.0
1115880 1257.4
1115890 1257.4
1115900 1258.3
1115910 1260.7
1115920 1260.7
1115930 1262.7
1115940 1262.7
1115950 1262.7
1115960 1265.8
1115970 1271.3
1115980 1271.3
1115990 1277.0
1116000 1284.0
1116010 1284.0
1116020 1290.2
1116030 1296.0
1116040 1296.0
1116050 1302.4
1116060 1308.8
1116070 1315.0
1116080 1315.0
1116090 1321.3
1116100 1332.4
1116110 1332.4
1116120 1338.6
1116130 1345.2
1116140 1345.2
1116150 1350.9
1116160 1356.7
1116170 1356.7
1116180 1362.7
1116190 1368.7
1116200 1368.7
1116210 1374.5
1116220 1380.5
1116230 1380.5
1116240 1386.5
1116250 1392.9
1116260 1392.9
1116270 1399.4
1116280 1405.7
1116290 1411.9
1116300 1411.9
1116310 1419.1
1116320 1427.4
1116330 1427.4
1116340 1434.3
1116350 1441.1
1116360 1441.1
1116370 1448.0
1116380 1454.6
1116390 1454.6
1116400 1461.0
1116410 1466.9
1116420 1466.9
1116430 1473.4
1116440 1480.5
1116450 1482.9
1116460 1490.2
1116470 1497.2
1116480 1497.2
1116490 1504.0
1116500 1510.3
1116510 1510.3
1116520 1517.1
1116530 1523.8
1116540 1530.0
1116550 1530.0
1116560 1537.2
1116570 1544.0
1116580 1544.0
1116590 1551.2
1116600 1558.6
1116610 1558.6
1116620 1566.6
1116630 1574.1
1116640 1574.1
1116650 1582.9
1116660 1588.4
1116670 1588.4
1116680 1594.0
1116690 1601.1
1116700 1601.1
1116710 1609.2
1116720 1618.4
1116730 1618.4
1116740 1629.1
1116750 1643.1
1116760 1643.1
1116770 1654.8
1116780 1664.0
1116790 1663.6
1116800 1663.6
1116810 1673.1
1116820 1683.5
1116830 1683.5
1116840 1691.3
1116850 1700.6
1116860 1700.6
1116870 1696.7
1116880 1692.2
1116890 1692.2
1116900 1687.6
1116910 1675.3
1116920 1675.3
1116930 1659.4
1116940 1645.1
1116950 1645.1
1116960 1633.8
1116970 1625.0
1116980 1625.0
1116990 1622.7
1117000 1625.0
1117010 1615.4
1117020 1615.4
1117030 1604.9
1117040 1592.2
1117050 1592.2
1117060 1576.8
1117070 1564.4
1117080 1564.4
1117090 1564.7
1117100 1564.0
1117110 1564.0
1117120 1543.1
1117130 1526.4
1117140 1527.4
1117150 1517.1
1117160 1508.1
1117170 1508.1
1117180 1499.3
1117190 1489.7
1117200 1489.7
1117210 1485.1
1117220 1486.1
1117230 1486.1
1117240 1488.3
1117250 1486.6
1117260 1477.5
1117270 1477.5
1117280 1458.6
1117290 1454.3
1117300 1454.3
1117310 1452.9
1117320 1450.6
1117330 1450.6
1117340 1438.2
1117350 1424.8
1117360 1424.8
1117370 1406.8
1117380 1395.0
1117390 1395.0
1117400 1384.6
1117410 1369.1
1117420 1369.1
1117430 1356.4
1117440 1356.4
1117450 1356.4
1117460 1362.7
1117470 1369.5
1117480 1369.5
1117490 1389.6
1117500 1396.6
1117510 1402.6
1117520 1402.6
1117530 1409.9
1117540 1421.2
1117550 1421.2
1117560 1431.8
1117570 1425.2
1117580 1425.2
1117590 1423.4
1117600 1426.1
1117610 1426.1
1117620 1434.6
1117630 1445.3
1117640 1445.3
1117650 1455.2
1117660 1457.6
1117670 1457.6
1117680 1456.6
1117690 1460.4
1117700 1460.4
1117710 1471.2
1117720 1482.3
1117730 1491.3
1117740 1491.3
1117750 1500.1
1117760 1508.3
1117770 1508.3
1117780 1519.6
1117790 1526.8
1117800 1526.8
1117810 1528.6
1117820 1536.1
1117830 1527.6
1117840 1534.7
1117850 1543.0
1117860 1543.0
1117870 1543.0
1117880 1537.9
1117890 1537.9
1117900 1528.0
1117910 1517.9
1117920 1517.9
1117930 1509.9
1117940 1504.0
1117950 1504.0
1117960 1497.2
1117970 1490.7
1117980 1485.2
1117990 1485.2
1118000 1479.6
1118010 1472.2
1118020 1472.2
1118030 1465.0
1118040 1459.6
1118050 1459.6
1118060 1456.1
1118070 1449.5
1118080 1449.5
1118090 1443.0
1118100 1437.1
1118110 1437.1
1118120 1442.3
1118130 1441.0
1118140 1441.0
1118150 1423.0
1118160 1409.0
1118170 1409.0
1118180 1399.6
1118190 1391.3
1118200 1391.3
1118210 1402.4
1118220 1418.1
1118230 1430.6
1118240 1430.6
1118250 1429.1
1118260 1425.1
1118270 1425.1
1118280 1419.6
1118290 1411.3
1118300 1411.3
1118310 1410.1
1118320 1411.0
1118330 1411.0
1118340 1418.2
1118350 1427.8
1118360 1427.8
1118370 1436.7
1118380 1447.2
1118390 1447.2
1118400 1455.5
1118410 1468.3
1118420 1468.3
1118430 1478.7
1118440 1484.5
1118450 1473.5
1118460 1473.5
1118470 1465.3
1118480 1456.9
1118490 1456.9
1118500 1447.6
1118510 1444.6
1118520 1432.7
1118530 1434.7
1118540 1437.3
1118550 1437.3
1118560 1435.0
1118570 1433.1
1118580 1433.1
1118590 1429.5
1118600 1434.0
1118610 1434.0
1118620 1437.7
1118630 1447.1
1118640 1447.1
1118650 1454.7
1118660 1462.6
1118670 1462.6
1118680 1470.8
1118690 1479.9
1118700 1487.6
1118710 1487.6
1118720 1490.3
1118730 1494.8
1118740 1494.8
1118750 1501.8
1118760 1508.8
1118770 1508.8
1118780 1516.6
1118790 1527.2
1118800 1527.2
1118810 1534.7
1118820 1538.5
1118830 1538.5
1118840 1542.8
1118850 1547.2
1118860 1547.2
1118870 1547.1
1118880 1553.2
1118890 1553.2
1118900 1560.7
1118910 1570.9
1118920 1584.5
1118930 1584.5
1118940 1592.0
1118950 1599.6
1118960 1599.6
1118970 1606.4
1118980 1610.7
1118990 1610.7
1119000 1611.2
1119010 1609.5
1119020 1609.5
1119030 1611.9
1119040 1617.2
1119050 1617.2
1119060 1622.2
1119070 1624.3
1119080 1624.3
1119090 1618.3
1119100 1613.1
1119110 1613.1
1119120 1611.4
1119130 1610.1
1119140 1610.1
1119150 1606.4
1119160 1608.4
1119170 1611.5
1119180 1611.5
1119190 1616.5
1119200 1620.9
1119210 1620.9
1119220 1619.7
1119230 1629.1
1119240 1629.1
1119250 1637.2
1119260 1644.5
1119270 1644.5
1119280 1647.5
1119290 1649.4
1119300 1649.4
1119310 1642.7
1119320 1631.7
1119330 1631.7
1119340 1626.4
1119350 1624.3
1119360 1624.3
1119370 1623.2
1119380 1621.2
1119390 1621.2
1119400 1618.6
1119410 1617.7
1119420 1618.2
1119430 1618.2
1119440 1619.7
1119450 1621.9
1119460 1621.9
1119470 1625.6
1119480 1627.9
1119490 1627.9
1119500 1622.9
1119510 1616.7
1119520 1616.7
1119530 1610.5
1119540 1608.5
1119550 1608.5
1119560 1613.8
1119570 1601.2
1119580 1601.2
1119590 1594.8
1119600 1593.9
1119610 1593.9
1119620 1599.4
1119630 1598.5
1119640 1593.3
1119650 1593.3
1119660 1584.5
1119670 1578.2
1119680 1578.2
1119690 1572.8
1119700 1570.7
1119710 1570.7
1119720 1565.8
1119730 1559.7
1119740 1559.7
1119750 1560.1
1119760 1563.3
1119770 1563.3
1119780 1567.4
1119790 1566.4
1119800 1566.4
1119810 1561.4
1119820 1555.3
1119830 1555.3
1119840 1546.7
1119850 1540.5
1119860 1540.5
1119870 1533.9
1119880 1528.2
1119890 1522.4
1119900 1522.4
1119910 1511.2
1119920 1509.2
1119930 1509.2
1119940 1507.4
1119950 1500.1
1119960 1500.1
1119970 1496.0
1119980 1490.3
1119990 1490.3
