1100000 695.4
1100010 695.3
1100020 695.3
1100030 694.6
1100040 694.3
1100050 694.3
1100060 694.1
1100070 693.9
1100080 693.9
1100090 693.8
1100100 693.8
1100110 693.8
1100120 694.8
1100130 695.6
1100140 695.6
1100150 695.6
1100160 695.6
1100170 695.5
1100180 695.5
1100190 694.6
1100200 694.3
1100210 694.3
1100220 696.1
1100230 696.8
1100240 696.8
1100250 697.0
1100260 697.1
1100270 697.1
1100280 697.2
1100290 697.3
1100300 697.3
1100310 696.4
1100320 693.9
1100330 693.9
1100340 696.9
1100350 697.2
1100360 697.2
1100370 697.3
1100380 697.7
1100390 698.4
1100400 698.4
1100410 698.8
1100420 699.2
1100430 699.2
1100440 699.5
1100450 699.9
1100460 699.9
1100470 700.3
1100480 700.7
1100490 700.7
1100500 700.9
1100510 700.4
1100520 700.4
1100530 700.1
1100540 700.1
1100550 700.1
1100560 700.5
1100570 700.5
1100580 700.5
1100590 700.7
1100600 701.1
1100610 701.1
1100620 701.6
1100630 702.2
1100640 701.5
1100650 701.5
1100660 701.1
1100670 701.3
1100680 701.3
1100690 701.2
1100700 701.2
1100710 701.2
1100720 701.4
1100730 702.0
1100740 702.0
1100750 701.9
1100760 702.0
1100770 702.0
1100780 702.3
1100790 702.1
1100800 702.1
1100810 702.0
1100820 702.2
1100830 702.2
1100840 702.2
1100850 702.2
1100860 702.5
1100870 702.5
1100880 702.8
1100890 703.0
1100900 703.0
1100910 703.1
1100920 703.4
1100930 703.4
1100940 703.7
1100950 703.9
1100960 703.9
1100970 703.0
1100980 703.1
1100990 703.1
1101000 703.1
1101010 703.3
1101020 703.3
1101030 703.6
1101040 703.8
1101050 703.8
1101060 704.2
1101070 704.5
1101080 704.5
1101090 704.9
1101100 705.3
1101110 704.7
1101120 704.7
1101130 703.6
1101140 702.6
1101150 702.6
1101160 703.4
1101170 704.5
1101180 704.5
1101190 706.3
1101200 707.3
1101210 707.3
1101220 707.7
1101230 707.9
1101240 707.9
1101250 708.2
1101260 708.2
1101270 708.2
1101280 708.1
1101290 708.4
1101300 707.4
1101310 707.7
1101320 708.0
1101330 708.0
1101340 708.1
1101350 708.2
1101360 708.3
1101370 708.3
1101380 708.3
1101390 708.4
1101400 708.4
1101410 708.5
1101420 708.5
1101430 708.5
1101440 708.6
1101450 708.9
1101460 708.9
1101470 709.5
1101480 709.9
1101490 709.9
1101500 709.9
1101510 709.7
1101520 709.7
1101530 709.5
1101540 709.6
1101550 709.6
1101560 709.9
1101570 709.7
1101580 709.7
1101590 709.5
1101600 709.5
1101610 709.4
1101620 709.4
1101630 708.6
1101640 708.9
1101650 708.9
1101660 708.6
1101670 708.6
1101680 708.6
1101690 708.3
1101700 708.0
1101710 708.0
1101720 707.4
1101730 706.9
1101740 706.9
1101750 706.8
1101760 706.5
1101770 706.5
1101780 706.0
1101790 705.7
1101800 705.7
1101810 705.7
1101820 705.5
1101830 705.2
1101840 705.2
1101850 705.2
1101860 705.4
1101870 705.4
1101880 705.6
1101890 705.8
1101900 705.8
1101910 705.9
1101920 706.0
1101930 706.0
1101940 706.3
1101950 706.5
1101960 706.2
1101970 706.8
1101980 706.7
1101990 706.7
1102000 706.7
1102010 706.7
1102020 706.7
1102030 706.4
1102040 706.2
1102050 706.2
1102060 706.1
1102070 705.8
1102080 705.9
1102090 705.9
1102100 705.8
1102110 705.5
1102120 705.5
1102130 705.2
1102140 705.0
1102150 705.0
1102160 705.5
1102170 705.8
1102180 705.8
1102190 705.8
1102200 705.2
1102210 705.2
1102220 704.8
1102230 704.6
1102240 704.6
1102250 704.6
1102260 704.8
1102270 704.8
1102280 704.9
1102290 704.3
1102300 702.9
1102310 702.9
1102320 703.2
1102330 703.9
1102340 703.9
1102350 705.7
1102360 706.0
1102370 706.0
1102380 706.8
1102390 707.6
1102400 707.6
1102410 709.5
1102420 705.1
1102430 705.1
1102440 706.6
1102450 706.7
1102460 706.7
1102470 705.3
1102480 704.0
1102490 704.0
1102500 703.2
1102510 702.2
1102520 702.2
1102530 701.1
1102540 700.2
1102550 700.2
1102560 699.5
1102570 699.1
1102580 698.5
1102590 698.5
1102600 698.2
1102610 698.2
1102620 698.2
1102630 697.3
1102640 697.3
1102650 697.3
1102660 697.4
1102670 697.4
1102680 697.4
1102690 697.5
1102700 698.0
1102710 698.0
1102720 698.6
1102730 699.3
1102740 699.3
1102750 700.1
1102760 700.9
1102770 700.9
1102780 701.6
1102790 702.4
1102800 703.4
1102810 703.4
1102820 704.1
1102830 705.0
1102840 705.0
1102850 705.7
1102860 706.9
1102870 706.9
1102880 707.6
1102890 708.2
1102900 708.2
1102910 709.1
1102920 710.3
1102930 710.3
1102940 711.1
1102950 712.4
1102960 712.1
1102970 713.3
1102980 715.3
1102990 715.3
1103000 717.5
1103010 720.3
1103020 720.3
1103030 722.1
1103040 720.0
1103050 721.0
1103060 721.0
1103070 720.1
1103080 720.6
1103090 720.6
1103100 724.3
1103110 726.8
1103120 726.8
1103130 726.7
1103140 725.6
1103150 725.6
1103160 725.7
1103170 725.9
1103180 725.9
1103190 726.7
1103200 727.2
1103210 727.2
1103220 728.1
1103230 728.7
1103240 728.7
1103250 729.3
1103260 730.3
1103270 730.3
1103280 730.8
1103290 730.5
1103300 731.4
1103310 731.4
1103320 732.1
1103330 732.7
1103340 732.7
1103350 732.7
1103360 731.6
1103370 731.6
1103380 731.7
1103390 732.6
1103400 732.6
1103410 733.0
1103420 732.8
1103430 732.8
1103440 732.1
1103450 731.4
1103460 731.4
1103470 730.9
1103480 730.8
1103490 730.8
1103500 730.9
1103510 731.0
1103520 730.8
1103530 730.8
1103540 730.3
1103550 729.9
1103560 729.9
1103570 729.0
1103580 728.0
1103590 728.0
1103600 727.2
1103610 726.9
1103620 726.9
1103630 724.7
1103640 723.5
1103650 723.5
1103660 723.4
1103670 724.8
1103680 724.8
1103690 728.5
1103700 733.3
1103710 733.3
1103720 736.7
1103730 738.9
1103740 738.9
1103750 739.4
1103760 739.5
1103770 738.6
1103780 738.6
1103790 735.0
1103800 730.9
1103810 730.9
1103820 728.0
1103830 727.4
1103840 727.4
1103850 727.6
1103860 728.2
1103870 728.2
1103880 730.2
1103890 736.0
1103900 736.0
1103910 743.5
1103920 751.0
1103930 751.0
1103940 757.1
1103950 757.7
1103960 756.8
1103970 756.3
1103980 754.6
1103990 754.6
1104000 753.2
1104010 754.4
1104020 753.7
1104030 753.7
1104040 751.3
1104050 752.5
1104060 752.5
1104070 755.2
1104080 757.2
1104090 757.2
1104100 761.4
1104110 765.1
1104120 765.1
1104130 767.0
1104140 767.4
1104150 767.4
1104160 765.8
1104170 762.5
1104180 762.5
1104190 760.4
1104200 764.1
1104210 764.1
1104220 771.5
1104230 778.0
1104240 778.0
1104250 783.3
1104260 787.5
1104270 791.3
1104280 791.3
1104290 799.3
1104300 803.0
1104310 803.0
1104320 807.1
1104330 810.7
1104340 810.7
1104350 814.9
1104360 820.3
1104370 820.3
1104380 825.9
1104390 830.6
1104400 830.6
1104410 835.6
1104420 841.2
1104430 841.2
1104440 846.4
1104450 851.3
1104460 851.3
1104470 856.2
1104480 861.7
1104490 866.9
1104500 866.9
1104510 872.4
1104520 876.8
1104530 876.8
1104540 879.8
1104550 881.8
1104560 881.8
1104570 882.8
1104580 882.4
1104590 882.4
1104600 880.4
1104610 878.7
1104620 878.7
1104630 872.2
1104640 873.4
1104650 873.4
1104660 875.4
1104670 877.8
1104680 877.8
1104690 880.8
1104700 885.3
1104710 885.3
1104720 891.4
1104730 896.2
1104740 898.5
1104750 898.5
1104760 898.9
1104770 899.3
1104780 899.3
1104790 898.4
1104800 898.3
1104810 898.3
1104820 899.1
1104830 900.6
1104840 900.6
1104850 903.0
1104860 905.4
1104870 905.4
1104880 908.7
1104890 912.7
1104900 912.7
1104910 916.3
1104920 918.7
1104930 918.7
1104940 920.6
1104950 921.6
1104960 918.3
1104970 920.2
1104980 923.3
1104990 926.1
1105000 926.1
1105010 928.9
1105020 931.3
1105030 931.3
1105040 933.3
1105050 935.0
1105060 935.0
1105070 936.6
1105080 939.8
1105090 939.8
1105100 943.0
1105110 945.6
1105120 945.6
1105130 948.7
1105140 951.6
1105150 951.6
1105160 953.5
1105170 956.5
1105180 956.5
1105190 959.8
1105200 963.8
1105210 963.8
1105220 967.7
1105230 969.7
1105240 972.4
1105250 972.4
1105260 975.9
1105270 980.1
1105280 980.1
1105290 984.9
1105300 987.6
1105310 987.6
1105320 993.1
1105330 999.2
1105340 999.2
1105350 1003.5
1105360 1006.2
1105370 1006.2
1105380 1006.9
1105390 1007.4
1105400 1007.4
1105410 1010.2
1105420 1014.5
1105430 1014.5
1105440 1018.7
1105450 1023.3
1105460 1028.3
1105470 1028.3
1105480 1032.4
1105490 1036.8
1105500 1036.8
1105510 1040.5
1105520 1043.3
1105530 1043.3
1105540 1046.0
1105550 1049.8
1105560 1049.8
1105570 1054.5
1105580 1058.3
1105590 1058.3
1105600 1063.1
1105610 1065.6
1105620 1065.6
1105630 1063.0
1105640 1066.1
1105650 1066.1
1105660 1070.0
1105670 1074.2
1105680 1074.2
1105690 1078.0
1105700 1081.2
1105710 1084.7
1105720 1084.7
1105730 1088.7
1105740 1092.3
1105750 1092.3
1105760 1095.1
1105770 1098.2
1105780 1098.2
1105790 1101.1
1105800 1103.8
1105810 1103.8
1105820 1106.0
1105830 1108.1
1105840 1108.1
1105850 1109.3
1105860 1109.3
1105870 1109.3
1105880 1109.5
1105890 1107.4
1105900 1107.4
1105910 1106.9
1105920 1109.5
1105930 1109.5
1105940 1113.1
1105950 1117.6
1105960 1120.8
1105970 1118.4
1105980 1123.4
1105990 1130.4
1106000 1130.4
1106010 1136.6
1106020 1142.8
1106030 1142.8
1106040 1148.7
1106050 1154.2
1106060 1154.2
1106070 1158.7
1106080 1162.3
1106090 1162.3
1106100 1165.3
1106110 1169.5
1106120 1169.5
1106130 1171.5
1106140 1173.6
1106150 1173.6
1106160 1175.6
1106170 1177.2
1106180 1178.9
1106190 1178.9
1106200 1180.7
1106210 1181.6
1106220 1181.6
1106230 1182.9
1106240 1184.0
1106250 1184.0
1106260 1184.5
1106270 1185.9
1106280 1185.9
1106290 1188.4
1106300 1182.9
1106310 1182.9
1106320 1183.8
1106330 1185.5
1106340 1185.5
1106350 1187.0
1106360 1188.3
1106370 1188.3
1106380 1188.7
1106390 1189.9
1106400 1189.9
1106410 1192.8
1106420 1194.7
1106430 1199.0
1106440 1199.0
1106450 1201.1
1106460 1204.3
1106470 1204.3
1106480 1208.1
1106490 1212.1
1106500 1212.1
1106510 1216.0
1106520 1220.1
1106530 1220.1
1106540 1224.7
1106550 1227.9
1106560 1227.9
1106570 1226.6
1106580 1223.6
1106590 1223.6
1106600 1221.7
1106610 1223.8
1106620 1223.8
1106630 1228.4
1106640 1231.5
1106650 1231.5
1106660 1237.2
1106670 1238.8
1106680 1242.2
1106690 1242.2
1106700 1247.9
1106710 1252.9
1106720 1252.9
1106730 1258.0
1106740 1264.1
1106750 1264.1
1106760 1270.2
1106770 1274.3
1106780 1274.3
1106790 1274.6
1106800 1280.5
1106810 1280.5
1106820 1292.0
1106830 1299.6
1106840 1299.6
1106850 1305.0
1106860 1309.5
1106870 1309.5
1106880 1309.6
1106890 1307.8
1106900 1307.8
1106910 1309.2
1106920 1298.2
1106930 1299.4
1106940 1299.4
1106950 1316.1
1106960 1325.7
1106970 1325.7
1106980 1329.9
1106990 1334.5
1107000 1334.5
1107010 1337.1
1107020 1339.8
1107030 1339.8
1107040 1341.3
1107050 1344.3
1107060 1344.3
1107070 1346.4
1107080 1348.8
1107090 1348.8
1107100 1352.9
1107110 1355.1
1107120 1355.1
1107130 1361.5
1107140 1362.0
1107150 1360.8
1107160 1360.8
1107170 1382.3
1107180 1375.1
1107190 1375.1
1107200 1352.3
1107210 1331.5
1107220 1331.5
1107230 1324.6
1107240 1321.6
1107250 1321.6
1107260 1331.2
1107270 1358.7
1107280 1358.7
1107290 1382.3
1107300 1391.8
1107310 1383.3
1107320 1407.3
1107330 1426.3
1107340 1426.3
1107350 1441.8
1107360 1451.3
1107370 1451.3
1107380 1457.4
1107390 1464.7
1107400 1472.7
1107410 1472.7
1107420 1478.0
1107430 1486.4
1107440 1486.4
1107450 1495.7
1107460 1501.4
1107470 1501.4
1107480 1511.1
1107490 1520.7
1107500 1520.7
1107510 1527.5
1107520 1533.9
1107530 1533.9
1107540 1540.5
1107550 1548.0
1107560 1548.0
1107570 1557.5
1107580 1570.9
1107590 1570.9
1107600 1579.0
1107610 1584.7
1107620 1584.7
1107630 1591.3
1107640 1597.9
1107650 1592.3
1107660 1592.3
1107670 1594.8
1107680 1600.2
1107690 1600.2
1107700 1608.2
1107710 1617.1
1107720 1617.1
1107730 1624.3
1107740 1629.2
1107750 1629.2
1107760 1634.0
1107770 1638.7
1107780 1638.7
1107790 1642.9
1107800 1646.5
1107810 1646.5
1107820 1651.2
1107830 1658.1
1107840 1658.1
1107850 1665.8
1107860 1671.0
1107870 1668.0
1107880 1668.0
1107890 1660.3
1107900 1653.4
1107910 1653.4
1107920 1653.4
1107930 1656.4
1107940 1656.4
1107950 1661.1
1107960 1670.9
1107970 1670.9
1107980 1677.9
1107990 1668.0
1108000 1668.0
1108010 1674.5
1108020 1687.9
1108030 1687.9
1108040 1696.2
1108050 1699.8
1108060 1699.8
1108070 1704.4
1108080 1703.1
1108090 1703.1
1108100 1682.5
1108110 1674.3
1108120 1692.2
1108130 1692.2
1108140 1713.8
1108150 1721.9
1108160 1721.9
1108170 1728.3
1108180 1733.9
1108190 1733.9
1108200 1738.5
1108210 1739.0
1108220 1739.0
1108230 1742.7
1108240 1750.6
1108250 1750.6
1108260 1755.8
1108270 1761.3
1108280 1761.3
1108290 1766.6
1108300 1771.5
1108310 1771.5
1108320 1772.2
1108330 1777.6
1108340 1777.6
1108350 1782.8
1108360 1788.9
1108370 1795.8
1108380 1795.8
1108390 1802.0
1108400 1807.6
1108410 1807.6
1108420 1812.8
1108430 1818.3
1108440 1818.3
1108450 1823.6
1108460 1829.7
1108470 1829.7
1108480 1836.0
1108490 1843.0
1108500 1843.0
1108510 1850.9
1108520 1859.1
1108530 1859.1
1108540 1864.9
1108550 1870.5
1108560 1870.5
1108570 1876.2
1108580 1881.7
1108590 1881.7
1108600 1886.6
1108610 1892.7
1108620 1899.0
1108630 1899.0
1108640 1904.6
1108650 1910.2
1108660 1905.4
1108670 1911.5
1108680 1917.5
1108690 1917.5
1108700 1922.7
1108710 1928.2
1108720 1928.2
1108730 1939.9
1108740 1945.0
1108750 1945.0
1108760 1943.6
1108770 1948.8
1108780 1948.8
1108790 1952.9
1108800 1958.3
1108810 1958.3
1108820 1963.3
1108830 1963.1
1108840 1953.3
1108850 1953.3
1108860 1943.9
1108870 1936.0
1108880 1936.0
1108890 1929.9
1108900 1922.7
1108910 1922.7
1108920 1915.1
1108930 1907.9
1108940 1907.9
1108950 1901.2
1108960 1895.1
1108970 1895.1
1108980 1888.8
1108990 1882.7
1109000 1880.6
1109010 1874.9
1109020 1869.5
1109030 1869.5
1109040 1865.0
1109050 1861.4
1109060 1861.4
1109070 1858.3
1109080 1855.9
1109090 1853.9
1109100 1853.9
1109110 1852.7
1109120 1852.9
1109130 1852.9
1109140 1852.7
1109150 1851.4
1109160 1851.4
1109170 1849.9
1109180 1849.2
1109190 1849.2
1109200 1849.3
1109210 1849.2
1109220 1849.2
1109230 1848.5
1109240 1846.5
1109250 1846.5
1109260 1843.5
1109270 1839.9
1109280 1839.9
1109290 1836.0
1109300 1831.4
1109310 1831.4
1109320 1827.0
1109330 1822.7
1109340 1814.3
1109350 1814.3
1109360 1809.9
1109370 1806.5
1109380 1806.5
1109390 1803.3
1109400 1800.1
1109410 1800.1
1109420 1796.1
1109430 1793.3
1109440 1793.3
1109450 1790.7
1109460 1788.0
1109470 1788.0
1109480 1784.5
1109490 1781.2
1109500 1781.2
1109510 1778.1
1109520 1775.3
1109530 1775.3
1109540 1772.5
1109550 1769.8
1109560 1769.8
1109570 1766.4
1109580 1761.4
1109590 1754.8
1109600 1754.8
1109610 1750.4
1109620 1747.7
1109630 1747.7
1109640 1744.3
1109650 1740.0
1109660 1740.0
1109670 1735.5
1109680 1724.1
1109690 1724.1
1109700 1717.4
1109710 1709.4
1109720 1709.4
1109730 1700.6
1109740 1688.3
1109750 1688.3
1109760 1680.0
1109770 1670.1
1109780 1670.1
1109790 1661.4
1109800 1653.3
1109810 1647.2
1109820 1647.2
1109830 1641.8
1109840 1634.5
1109850 1634.5
1109860 1627.7
1109870 1621.7
1109880 1621.7
1109890 1615.1
1109900 1609.1
1109910 1609.1
1109920 1603.3
1109930 1598.0
1109940 1598.0
1109950 1593.0
1109960 1588.1
1109970 1588.1
1109980 1584.1
1109990 1580.6
1110000 1580.6
1110010 1575.8
1110020 1561.1
1110030 1561.1
1110040 1552.2
1110050 1544.2
1110060 1536.7
1110070 1536.7
1110080 1531.3
1110090 1529.6
1110100 1529.6
1110110 1527.8
1110120 1527.6
1110130 1527.6
1110140 1527.1
1110150 1525.8
1110160 1525.8
1110170 1524.9
1110180 1523.0
1110190 1523.0
1110200 1520.7
1110210 1518.9
1110220 1518.9
1110230 1517.4
1110240 1515.5
1110250 1515.5
1110260 1513.7
1110270 1510.9
1110280 1510.9
1110290 1508.0
1110300 1505.1
1110310 1502.8
1110320 1502.8
1110330 1500.3
1110340 1498.1
1110350 1498.1
1110360 1494.2
1110370 1491.2
1110380 1491.2
1110390 1488.5
1110400 1486.7
1110410 1486.7
1110420 1484.1
1110430 1481.6
1110440 1481.6
1110450 1479.3
1110460 1476.7
1110470 1476.7
1110480 1474.1
1110490 1471.2
1110500 1471.2
1110510 1468.6
1110520 1466.3
1110530 1464.3
1110540 1464.3
1110550 1462.3
1110560 1460.0
1110570 1460.0
1110580 1458.0
1110590 1456.0
1110600 1456.0
1110610 1453.9
1110620 1451.9
1110630 1451.9
1110640 1449.9
1110650 1448.0
1110660 1448.0
1110670 1446.1
1110680 1444.8
1110690 1444.8
1110700 1442.5
1110710 1440.9
1110720 1440.9
1110730 1439.4
1110740 1437.8
1110750 1437.8
1110760 1436.1
1110770 1434.7
1110780 1433.4
1110790 1433.4
1110800 1432.1
1110810 1430.6
1110820 1430.6
1110830 1429.0
1110840 1427.6
1110850 1427.6
1110860 1425.7
1110870 1423.0
1110880 1423.0
1110890 1420.8
1110900 1421.6
1110910 1421.6
1110920 1426.4
1110930 1428.4
1110940 1428.4
1110950 1429.2
1110960 1430.4
1110970 1430.4
1110980 1432.1
1110990 1434.0
1111000 1434.0
1111010 1436.3
1111020 1438.4
1111030 1440.8
1111040 1440.5
1111050 1443.7
1111060 1446.2
1111070 1446.2
1111080 1448.7
1111090 1451.6
1111100 1451.6
1111110 1455.8
1111120 1460.4
1111130 1460.4
1111140 1465.9
1111150 1471.3
1111160 1471.3
1111170 1472.0
1111180 1471.7
1111190 1471.7
1111200 1469.7
1111210 1469.4
1111220 1469.4
1111230 1470.1
1111240 1473.5
1111250 1473.5
1111260 1477.5
1111270 1481.8
1111280 1489.3
1111290 1489.3
1111300 1494.8
1111310 1499.7
1111320 1499.7
1111330 1505.8
1111340 1512.6
1111350 1512.6
1111360 1524.6
1111370 1540.9
1111380 1533.0
1111390 1540.9
1111400 1543.1
1111410 1543.1
1111420 1539.2
1111430 1538.0
1111440 1538.0
1111450 1544.2
1111460 1552.0
1111470 1552.0
1111480 1562.8
1111490 1584.3
1111500 1599.9
1111510 1599.9
1111520 1617.3
1111530 1617.7
1111540 1617.7
1111550 1619.2
1111560 1627.4
1111570 1627.4
1111580 1636.2
1111590 1643.8
1111600 1643.8
1111610 1649.5
1111620 1656.3
1111630 1656.3
1111640 1666.3
1111650 1683.3
1111660 1683.3
1111670 1692.2
1111680 1705.7
1111690 1705.7
1111700 1713.7
1111710 1725.7
1111720 1719.7
1111730 1730.7
1111740 1724.0
1111750 1715.0
1111760 1715.0
1111770 1721.7
1111780 1729.4
1111790 1729.4
1111800 1724.4
1111810 1729.2
1111820 1729.2
1111830 1733.8
1111840 1742.8
1111850 1742.8
1111860 1750.8
1111870 1755.9
1111880 1755.9
1111890 1763.9
1111900 1774.9
1111910 1774.9
1111920 1783.8
1111930 1786.8
1111940 1786.8
1111950 1790.6
1111960 1793.3
1111970 1793.3
1111980 1796.9
1111990 1801.7
1112000 1808.7
1112010 1808.7
1112020 1823.1
1112030 1828.4
1112040 1828.4
1112050 1837.8
1112060 1834.8
1112070 1834.8
1112080 1846.7
1112090 1823.8
1112100 1823.8
1112110 1802.8
1112120 1802.0
1112130 1802.0
1112140 1795.1
1112150 1782.5
1112160 1782.5
1112170 1779.3
1112180 1776.3
1112190 1776.3
1112200 1778.4
1112210 1776.0
1112220 1777.0
1112230 1777.0
1112240 1781.2
1112250 1785.1
1112260 1785.1
1112270 1780.7
1112280 1783.3
1112290 1783.3
1112300 1789.5
1112310 1791.9
1112320 1791.9
1112330 1787.3
1112340 1790.9
1112350 1790.9
1112360 1799.2
1112370 1808.4
1112380 1808.4
1112390 1817.8
1112400 1813.7
1112410 1813.7
1112420 1816.6
1112430 1818.8
1112440 1818.8
1112450 1825.9
1112460 1832.4
1112470 1843.3
1112480 1843.3
1112490 1850.2
1112500 1858.9
1112510 1858.9
1112520 1871.0
1112530 1884.7
1112540 1884.7
1112550 1887.1
1112560 1894.2
1112570 1894.2
1112580 1899.0
1112590 1901.7
1112600 1901.7
1112610 1907.7
1112620 1911.7
1112630 1911.7
1112640 1920.2
1112650 1922.0
1112660 1922.0
1112670 1921.4
1112680 1925.3
1112690 1925.3
1112700 1929.8
1112710 1934.6
1112720 1937.5
1112730 1937.5
1112740 1942.8
1112750 1944.6
1112760 1944.6
1112770 1946.6
1112780 1948.8
1112790 1948.8
1112800 1952.1
1112810 1955.5
1112820 1955.5
1112830 1958.3
1112840 1962.2
1112850 1962.2
1112860 1965.3
1112870 1968.5
1112880 1968.5
1112890 1973.3
1112900 1978.6
1112910 1978.6
1112920 1984.0
1112930 1990.6
1112940 1990.6
1112950 1997.0
1112960 2003.8
1112970 2010.0
1112980 2010.0
1112990 2016.4
1113000 2023.3
1113010 2023.3
1113020 2030.6
1113030 2037.1
1113040 2037.1
1113050 2042.7
1113060 2048.0
1113070 2048.0
1113080 2058.9
1113090 2065.2
1113100 2065.2
1113110 2072.9
1113120 2079.8
1113130 2079.8
1113140 2082.9
1113150 2084.7
1113160 2084.7
1113170 2088.1
1113180 2092.4
1113190 2097.4
1113200 2097.4
1113210 2099.1
1113220 2090.7
1113230 2090.7
1113240 2081.5
1113250 2076.2
1113260 2076.2
1113270 2080.2
1113280 2086.9
1113290 2086.9
1113300 2084.6
1113310 2072.3
1113320 2072.3
1113330 2065.3
1113340 2066.5
1113350 2066.5
1113360 2077.7
1113370 2082.0
1113380 2082.0
1113390 2075.2
1113400 2062.3
1113410 2062.3
1113420 2048.9
1113430 2029.8
1113440 2021.0
1113450 2021.0
1113460 2022.7
1113470 2041.0
1113480 2041.0
1113490 2034.7
1113500 2007.4
1113510 2007.4
1113520 1992.2
1113530 1986.5
1113540 1986.5
1113550 1970.5
1113560 1960.1
1113570 1960.1
1113580 1956.7
1113590 1956.8
1113600 1956.8
1113610 1956.8
1113620 1952.8
1113630 1952.8
1113640 1951.7
1113650 1954.2
1113660 1954.2
1113670 1956.1
1113680 1937.2
1113690 1907.1
1113700 1907.1
1113710 1884.2
1113720 1851.5
1113730 1851.5
1113740 1840.5
1113750 1833.7
1113760 1833.7
1113770 1825.3
1113780 1818.8
1113790 1818.8
1113800 1812.9
1113810 1807.9
1113820 1807.9
1113830 1802.5
1113840 1797.2
1113850 1797.2
1113860 1791.4
1113870 1785.6
1113880 1785.6
1113890 1779.5
1113900 1773.6
1113910 1767.4
1113920 1767.4
1113930 1761.0
1113940 1755.7
1113950 1755.7
1113960 1748.0
1113970 1741.1
1113980 1741.1
1113990 1734.7
1114000 1729.6
1114010 1729.6
1114020 1728.1
1114030 1729.5
1114040 1729.5
1114050 1732.0
1114060 1732.4
1114070 1732.4
1114080 1731.6
1114090 1729.2
1114100 1729.2
1114110 1719.9
1114120 1718.2
1114130 1718.2
1114140 1718.7
1114150 1724.3
1114160 1730.4
1114170 1730.4
1114180 1730.6
1114190 1729.7
1114200 1729.7
1114210 1724.7
1114220 1719.0
1114230 1719.0
1114240 1709.7
1114250 1705.7
1114260 1705.7
1114270 1708.9
1114280 1708.0
1114290 1708.0
1114300 1703.8
1114310 1702.6
1114320 1702.6
1114330 1701.7
1114340 1694.7
1114350 1694.7
1114360 1698.3
1114370 1702.8
1114380 1702.8
1114390 1708.6
1114400 1718.0
1114410 1725.9
1114420 1725.9
1114430 1726.7
1114440 1719.3
1114450 1714.7
1114460 1708.1
1114470 1689.9
1114480 1689.9
1114490 1687.9
1114500 1694.4
1114510 1694.4
1114520 1700.3
1114530 1700.0
1114540 1700.0
1114550 1695.0
1114560 1687.2
1114570 1687.2
1114580 1669.0
1114590 1649.5
1114600 1649.5
1114610 1648.9
1114620 1649.0
1114630 1649.0
1114640 1647.6
1114650 1646.2
1114660 1655.5
1114670 1655.5
1114680 1660.2
1114690 1663.3
1114700 1663.3
1114710 1667.0
1114720 1671.9
1114730 1671.9
1114740 1673.9
1114750 1667.2
1114760 1667.2
1114770 1664.7
1114780 1656.4
1114790 1643.8
1114800 1628.6
1114810 1632.4
1114820 1632.4
1114830 1626.2
1114840 1609.7
1114850 1609.7
1114860 1603.2
1114870 1608.3
1114880 1607.0
1114890 1607.0
1114900 1602.2
1114910 1601.3
1114920 1601.3
1114930 1595.7
1114940 1586.6
1114950 1586.6
1114960 1578.0
1114970 1568.2
1114980 1568.2
1114990 1554.6
1115000 1544.2
1115010 1544.2
1115020 1534.0
1115030 1524.3
1115040 1524.3
1115050 1516.2
1115060 1507.8
1115070 1507.8
1115080 1498.6
1115090 1487.9
1115100 1487.9
1115110 1478.7
1115120 1470.7
1115130 1462.5
1115140 1462.0
1115150 1454.2
1115160 1446.7
1115170 1446.7
1115180 1439.7
1115190 1433.0
1115200 1433.0
1115210 1426.3
1115220 1420.0
1115230 1420.0
1115240 1413.5
1115250 1407.7
1115260 1407.7
1115270 1402.5
1115280 1399.7
1115290 1399.7
1115300 1400.3
1115310 1399.7
1115320 1399.7
1115330 1398.3
1115340 1401.1
1115350 1401.1
1115360 1402.8
1115370 1405.5
1115380 1404.7
1115390 1404.7
1115400 1402.9
1115410 1394.6
1115420 1394.6
1115430 1382.7
1115440 1370.0
1115450 1370.0
1115460 1376.2
1115470 1387.9
1115480 1375.4
1115490 1388.1
1115500 1407.0
1115510 1407.0
1115520 1418.4
1115530 1424.4
1115540 1424.4
1115550 1430.9
1115560 1437.8
1115570 1437.8
1115580 1445.3
1115590 1453.1
1115600 1461.3
1115610 1461.3
1115620 1468.1
1115630 1474.4
1115640 1474.4
1115650 1479.1
1115660 1483.8
1115670 1483.8
1115680 1490.0
1115690 1497.1
1115700 1497.1
1115710 1502.9
1115720 1504.6
1115730 1504.6
1115740 1506.0
1115750 1511.7
1115760 1511.7
1115770 1518.5
1115780 1527.6
1115790 1527.6
1115800 1539.3
1115810 1551.2
1115820 1551.2
1115830 1562.6
1115840 1572.0
1115850 1580.5
1115860 1580.5
1115870 1589.4
1115880 1599.6
1115890 1599.6
1115900 1610.0
1115910 1617.8
1115920 1617.8
1115930 1625.8
1115940 1634.7
1115950 1634.7
1115960 1646.5
1115970 1654.9
1115980 1654.9
1115990 1661.3
1116000 1668.1
1116010 1668.1
1116020 1674.5
1116030 1676.5
1116040 1676.5
1116050 1677.2
1116060 1680.3
1116070 1680.3
1116080 1687.0
1116090 1694.7
1116100 1699.2
1116110 1699.2
1116120 1701.3
1116130 1702.3
1116140 1702.3
1116150 1705.2
1116160 1708.8
1116170 1699.4
1116180 1704.0
1116190 1712.5
1116200 1712.5
1116210 1718.5
1116220 1721.4
1116230 1721.4
1116240 1728.1
1116250 1742.7
1116260 1742.7
1116270 1753.5
1116280 1755.9
1116290 1755.9
1116300 1759.3
1116310 1771.9
1116320 1771.9
1116330 1784.8
1116340 1797.8
1116350 1810.1
1116360 1810.1
1116370 1818.1
1116380 1826.1
1116390 1826.1
1116400 1832.5
1116410 1839.2
1116420 1839.2
1116430 1846.2
1116440 1852.5
1116450 1852.5
1116460 1859.3
1116470 1869.4
1116480 1869.4
1116490 1882.0
1116500 1894.3
1116510 1894.3
1116520 1898.7
1116530 1902.2
1116540 1902.2
1116550 1906.2
1116560 1910.9
1116570 1917.6
1116580 1917.6
1116590 1925.8
1116600 1933.8
1116610 1933.8
1116620 1941.3
1116630 1948.2
1116640 1948.2
1116650 1956.0
1116660 1964.8
1116670 1964.8
1116680 1973.8
1116690 1981.4
1116700 1981.4
1116710 1990.7
1116720 2000.7
1116730 2000.7
1116740 2008.2
1116750 2012.9
1116760 2012.9
1116770 2017.9
1116780 2024.3
1116790 2024.3
1116800 2032.0
1116810 2040.6
1116820 2047.1
1116830 2047.1
1116840 2051.5
1116850 2053.0
1116860 2042.8
1116870 2048.3
1116880 2050.8
1116890 2050.8
1116900 2049.4
1116910 2046.4
1116920 2046.4
1116930 2046.1
1116940 2046.6
1116950 2046.6
1116960 2048.0
1116970 2045.6
1116980 2045.6
1116990 2041.4
1117000 2035.5
1117010 2035.5
1117020 2028.0
1117030 2019.0
1117040 2019.0
1117050 2012.1
1117060 2011.5
1117070 2014.7
1117080 2014.7
1117090 2014.5
1117100 2014.3
1117110 2014.3
1117120 2017.2
1117130 2018.5
1117140 2018.5
1117150 2008.2
1117160 1999.1
1117170 1999.1
1117180 1994.1
1117190 1992.7
1117200 1992.7
1117210 1986.9
1117220 1988.8
1117230 1988.8
1117240 1985.0
1117250 1973.4
1117260 1973.4
1117270 1968.4
1117280 1962.4
1117290 1957.7
1117300 1957.7
1117310 1954.1
1117320 1962.3
1117330 1962.3
1117340 1965.5
1117350 1961.5
1117360 1961.5
1117370 1952.3
1117380 1943.4
1117390 1943.4
1117400 1935.6
1117410 1928.8
1117420 1928.8
1117430 1920.1
1117440 1912.7
1117450 1912.7
1117460 1905.6
1117470 1900.9
1117480 1900.9
1117490 1897.4
1117500 1889.8
1117510 1889.8
1117520 1882.1
1117530 1879.4
1117540 1886.0
1117550 1876.9
1117560 1877.0
1117570 1870.7
1117580 1870.7
1117590 1862.1
1117600 1853.1
1117610 1853.1
1117620 1861.8
1117630 1875.0
1117640 1875.0
1117650 1878.1
1117660 1868.6
1117670 1868.6
1117680 1866.6
1117690 1864.8
1117700 1864.8
1117710 1866.3
1117720 1871.3
1117730 1871.3
1117740 1880.1
1117750 1887.1
1117760 1887.1
1117770 1896.8
1117780 1903.2
1117790 1902.1
1117800 1902.1
1117810 1899.8
1117820 1897.2
1117830 1897.2
1117840 1894.8
1117850 1893.7
1117860 1893.7
1117870 1893.3
1117880 1893.5
1117890 1893.5
1117900 1888.5
1117910 1885.2
1117920 1885.2
1117930 1879.6
1117940 1873.4
1117950 1873.4
1117960 1867.0
1117970 1861.9
1117980 1861.9
1117990 1857.5
1118000 1851.8
1118010 1845.3
1118020 1845.3
1118030 1839.9
1118040 1836.1
1118050 1836.1
1118060 1832.7
1118070 1829.4
1118080 1829.4
1118090 1826.3
1118100 1823.6
1118110 1823.6
1118120 1820.6
1118130 1817.3
1118140 1817.3
1118150 1815.9
1118160 1814.3
1118170 1814.3
1118180 1812.4
1118190 1808.4
1118200 1808.4
1118210 1805.3
1118220 1802.1
1118230 1802.1
1118240 1803.2
1118250 1806.5
1118260 1807.9
1118270 1807.9
1118280 1808.4
1118290 1810.0
1118300 1810.0
1118310 1811.6
1118320 1814.2
1118330 1814.2
1118340 1817.2
1118350 1820.6
1118360 1820.6
1118370 1823.9
1118380 1827.2
1118390 1827.2
1118400 1830.0
1118410 1832.6
1118420 1832.6
1118430 1835.8
1118440 1839.9
1118450 1839.9
1118460 1844.2
1118470 1848.9
1118480 1848.9
1118490 1853.6
1118500 1858.5
1118510 1863.6
1118520 1863.6
1118530 1869.1
1118540 1874.3
1118550 1874.3
1118560 1879.6
1118570 1885.2
1118580 1885.2
1118590 1888.4
1118600 1891.9
1118610 1891.9
1118620 1898.0
1118630 1904.2
1118640 1904.2
1118650 1911.0
1118660 1918.1
1118670 1918.1
1118680 1925.4
1118690 1932.6
1118700 1932.6
1118710 1940.7
1118720 1950.8
1118730 1950.8
1118740 1959.7
1118750 1968.1
1118760 1976.3
1118770 1976.3
1118780 1985.4
1118790 1993.2
1118800 1993.2
1118810 2000.6
1118820 2007.6
1118830 2007.6
1118840 2015.6
1118850 2025.2
1118860 2025.2
1118870 2034.5
1118880 2044.0
1118890 2044.0
1118900 2051.4
1118910 2054.7
1118920 2054.7
1118930 2056.4
1118940 2053.8
1118950 2053.8
1118960 2053.1
1118970 2053.4
1118980 2055.4
1118990 2055.4
1119000 2058.7
1119010 2056.7
1119020 2056.7
1119030 2053.3
1119040 2048.0
1119050 2048.0
1119060 2050.6
1119070 2057.0
1119080 2057.0
1119090 2058.7
1119100 2059.5
1119110 2059.5
1119120 2065.4
1119130 2067.2
1119140 2067.2
1119150 2066.0
1119160 2068.2
1119170 2068.2
1119180 2074.7
1119190 2080.9
1119200 2080.9
1119210 2082.0
1119220 2078.3
1119230 2068.6
1119240 2068.6
1119250 2069.9
1119260 2077.3
1119270 2077.3
1119280 2084.2
1119290 2088.9
1119300 2088.9
1119310 2089.9
1119320 2078.9
1119330 2078.9
1119340 2065.9
1119350 2058.2
1119360 2058.2
1119370 2055.4
1119380 2058.9
1119390 2058.9
1119400 2064.7
1119410 2065.2
1119420 2065.2
1119430 2059.5
1119440 2052.5
1119450 2052.5
1119460 2053.6
1119470 2054.6
1119480 2053.3
1119490 2053.3
1119500 2051.3
1119510 2054.5
1119520 2054.5
1119530 2055.2
1119540 2046.2
1119550 2046.2
1119560 2035.9
1119570 2040.6
1119580 2040.6
1119590 2046.3
1119600 2040.0
1119610 2040.0
1119620 2031.2
1119630 2022.9
1119640 2029.2
1119650 2022.0
1119660 2010.6
1119670 2010.6
1119680 1994.7
1119690 1975.4
1119700 1953.8
1119710 1953.8
1119720 1949.0
1119730 1934.8
1119740 1934.8
1119750 1920.2
1119760 1910.3
1119770 1910.3
1119780 1898.5
1119790 1891.7
1119800 1891.7
1119810 1887.5
1119820 1884.2
1119830 1884.2
1119840 1880.1
1119850 1880.3
1119860 1880.3
1119870 1877.0
1119880 1878.6
1119890 1878.6
1119900 1887.5
1119910 1892.8
1119920 1892.8
1119930 1891.9
1119940 1886.8
1119950 1884.1
1119960 1884.1
1119970 1886.4
1119980 1877.6
1119990 1877.6
