1100000 1326.8
1100010 1330.9
1100020 1330.6
1100030 1323.7
1100040 1303.2
1100050 1305.6
1100060 1314.7
1100070 1314.7
1100080 1321.1
1100090 1322.5
1100100 1322.5
1100110 1312.3
1100120 1288.1
1100130 1288.1
1100140 1257.3
1100150 1238.4
1100160 1238.4
1100170 1229.4
1100180 1236.1
1100190 1236.1
1100200 1244.7
1100210 1251.8
1100220 1251.8
1100230 1255.3
1100240 1255.3
1100250 1255.3
1100260 1259.7
1100270 1272.7
1100280 1297.4
1100290 1297.4
1100300 1333.5
1100310 1347.9
1100320 1347.9
1100330 1342.8
1100340 1333.9
1100350 1333.9
1100360 1328.9
1100370 1328.4
1100380 1328.4
1100390 1301.5
1100400 1280.2
1100410 1280.2
1100420 1263.7
1100430 1265.2
1100440 1265.2
1100450 1269.2
1100460 1270.8
1100470 1270.8
1100480 1280.2
1100490 1293.5
1100500 1293.5
1100510 1300.0
1100520 1307.7
1100530 1313.1
1100540 1313.1
1100550 1315.5
1100560 1320.7
1100570 1320.7
1100580 1325.0
1100590 1327.8
1100600 1327.8
1100610 1333.9
1100620 1341.5
1100630 1341.5
1100640 1348.3
1100650 1356.7
1100660 1356.7
1100670 1365.6
1100680 1370.6
1100690 1370.6
1100700 1361.6
1100710 1365.3
1100720 1365.3
1100730 1363.2
1100740 1351.8
1100750 1351.8
1100760 1312.9
1100770 1302.1
1100780 1291.7
1100790 1291.7
1100800 1291.5
1100810 1296.0
1100820 1296.0
1100830 1304.0
1100840 1305.6
1100850 1305.6
1100860 1295.0
1100870 1266.3
1100880 1266.3
1100890 1228.9
1100900 1217.7
1100910 1217.7
1100920 1207.6
1100930 1200.8
1100940 1200.8
1100950 1194.8
1100960 1187.7
1100970 1187.7
1100980 1173.9
1100990 1156.6
1101000 1156.6
1101010 1152.2
1101020 1145.5
1101030 1144.3
1101040 1137.6
1101050 1141.5
1101060 1156.8
1101070 1156.8
1101080 1167.0
1101090 1183.9
1101100 1183.9
1101110 1191.2
1101120 1198.7
1101130 1198.7
1101140 1217.1
1101150 1239.2
1101160 1239.2
1101170 1262.3
1101180 1264.9
1101190 1264.9
1101200 1268.9
1101210 1277.8
1101220 1277.8
1101230 1283.4
1101240 1289.4
1101250 1297.0
1101260 1297.0
1101270 1304.9
1101280 1308.5
1101290 1308.5
1101300 1312.5
1101310 1318.8
1101320 1318.8
1101330 1324.9
1101340 1330.1
1101350 1330.1
1101360 1336.4
1101370 1324.7
1101380 1324.7
1101390 1326.9
1101400 1326.3
1101410 1326.3
1101420 1333.2
1101430 1332.5
1101440 1332.5
1101450 1323.6
1101460 1298.4
1101470 1298.4
1101480 1269.0
1101490 1268.3
1101500 1274.5
1101510 1274.5
1101520 1285.2
1101530 1287.6
1101540 1287.6
1101550 1280.2
1101560 1305.2
1101570 1305.2
1101580 1323.2
1101590 1332.1
1101600 1332.1
1101610 1338.8
1101620 1347.8
1101630 1347.8
1101640 1357.7
1101650 1368.0
1101660 1368.0
1101670 1381.1
1101680 1393.8
1101690 1393.8
1101700 1390.8
1101710 1381.3
1101720 1381.3
1101730 1366.3
1101740 1352.1
1101750 1337.4
1101760 1337.4
1101770 1323.4
1101780 1310.3
1101790 1310.3
1101800 1301.4
1101810 1294.9
1101820 1294.9
1101830 1288.6
1101840 1280.1
1101850 1280.1
1101860 1259.9
1101870 1245.8
1101880 1245.8
1101890 1231.9
1101900 1227.4
1101910 1227.4
1101920 1237.2
1101930 1238.1
1101940 1238.1
1101950 1247.6
1101960 1254.7
1101970 1254.7
1101980 1263.4
1101990 1275.2
1102000 1294.8
1102010 1294.8
1102020 1308.3
1102030 1309.4
1102040 1309.4
1102050 1315.4
1102060 1321.5
1102070 1321.5
1102080 1326.3
1102090 1332.3
1102100 1332.3
1102110 1339.2
1102120 1345.2
1102130 1345.2
1102140 1348.2
1102150 1349.5
1102160 1349.5
1102170 1357.1
1102180 1365.4
1102190 1365.4
1102200 1373.4
1102210 1379.5
1102220 1379.5
1102230 1384.5
1102240 1389.3
1102250 1394.1
1102260 1394.1
1102270 1395.9
1102280 1398.6
1102290 1398.6
1102300 1403.2
1102310 1406.8
1102320 1406.8
1102330 1411.2
1102340 1417.4
1102350 1417.4
1102360 1419.1
1102370 1420.1
1102380 1420.1
1102390 1415.6
1102400 1408.9
1102410 1408.9
1102420 1402.5
1102430 1397.1
1102440 1397.1
1102450 1392.6
1102460 1387.5
1102470 1387.5
1102480 1381.2
1102490 1374.7
1102500 1369.0
1102510 1369.0
1102520 1365.6
1102530 1365.1
1102540 1365.1
1102550 1364.5
1102560 1358.9
1102570 1358.9
1102580 1352.1
1102590 1347.0
1102600 1347.0
1102610 1342.7
1102620 1337.9
1102630 1337.9
1102640 1339.0
1102650 1342.2
1102660 1342.2
1102670 1341.3
1102680 1336.7
1102690 1336.7
1102700 1329.0
1102710 1336.5
1102720 1336.5
1102730 1342.6
1102740 1345.5
1102750 1351.5
1102760 1351.5
1102770 1360.0
1102780 1368.6
1102790 1368.6
1102800 1374.7
1102810 1379.6
1102820 1379.6
1102830 1385.0
1102840 1388.6
1102850 1388.6
1102860 1386.2
1102870 1389.6
1102880 1389.6
1102890 1392.4
1102900 1385.1
1102910 1385.1
1102920 1380.0
1102930 1374.2
1102940 1374.2
1102950 1365.7
1102960 1360.2
1102970 1356.2
1102980 1356.2
1102990 1356.1
1103000 1360.1
1103010 1360.1
1103020 1361.9
1103030 1353.0
1103040 1353.0
1103050 1356.2
1103060 1362.9
1103070 1362.9
1103080 1370.3
1103090 1378.5
1103100 1378.5
1103110 1384.6
1103120 1387.2
1103130 1387.2
1103140 1387.6
1103150 1385.1
1103160 1385.1
1103170 1383.3
1103180 1384.1
1103190 1384.1
1103200 1383.5
1103210 1378.0
1103220 1374.0
1103230 1374.0
1103240 1376.8
1103250 1383.7
1103260 1383.7
1103270 1390.4
1103280 1395.4
1103290 1395.4
1103300 1395.6
1103310 1393.8
1103320 1393.8
1103330 1393.9
1103340 1396.3
1103350 1396.3
1103360 1391.5
1103370 1394.0
1103380 1394.0
1103390 1393.6
1103400 1391.2
1103410 1391.2
1103420 1393.6
1103430 1394.7
1103440 1394.7
1103450 1399.1
1103460 1406.0
1103470 1412.4
1103480 1412.4
1103490 1419.6
1103500 1426.8
1103510 1426.8
1103520 1434.8
1103530 1442.8
1103540 1442.8
1103550 1451.1
1103560 1459.7
1103570 1459.7
1103580 1464.1
1103590 1467.0
1103600 1467.0
1103610 1468.6
1103620 1470.6
1103630 1470.6
1103640 1472.7
1103650 1475.0
1103660 1475.0
1103670 1478.0
1103680 1483.4
1103690 1479.2
1103700 1484.4
1103710 1490.3
1103720 1503.1
1103730 1503.1
1103740 1513.4
1103750 1517.6
1103760 1517.6
1103770 1515.1
1103780 1515.9
1103790 1515.9
1103800 1518.1
1103810 1519.7
1103820 1519.7
1103830 1520.0
1103840 1519.2
1103850 1519.2
1103860 1518.3
1103870 1522.0
1103880 1522.0
1103890 1523.9
1103900 1524.9
1103910 1524.9
1103920 1525.4
1103930 1526.2
1103940 1526.2
1103950 1527.7
1103960 1528.9
1103970 1529.3
1103980 1529.3
1103990 1528.9
1104000 1529.0
1104010 1529.0
1104020 1528.6
1104030 1518.0
1104040 1518.0
1104050 1512.0
1104060 1507.1
1104070 1507.1
1104080 1510.7
1104090 1524.5
1104100 1524.5
1104110 1535.2
1104120 1544.0
1104130 1544.0
1104140 1548.9
1104150 1549.8
1104160 1549.8
1104170 1549.3
1104180 1551.0
1104190 1551.0
1104200 1552.4
1104210 1550.7
1104220 1545.0
1104230 1545.0
1104240 1539.8
1104250 1534.6
1104260 1534.6
1104270 1528.5
1104280 1523.3
1104290 1523.3
1104300 1515.2
1104310 1505.8
1104320 1505.8
1104330 1500.9
1104340 1506.0
1104350 1506.0
1104360 1507.9
1104370 1513.5
1104380 1513.5
1104390 1517.4
1104400 1518.6
1104410 1518.6
1104420 1522.2
1104430 1529.2
1104440 1538.6
1104450 1538.6
1104460 1544.4
1104470 1550.3
1104480 1550.3
1104490 1556.1
1104500 1561.4
1104510 1561.4
1104520 1566.1
1104530 1570.2
1104540 1570.2
1104550 1575.4
1104560 1582.4
1104570 1582.4
1104580 1588.6
1104590 1593.4
1104600 1593.4
1104610 1598.7
1104620 1604.2
1104630 1604.2
1104640 1607.3
1104650 1610.0
1104660 1610.0
1104670 1614.1
1104680 1617.4
1104690 1619.8
1104700 1614.0
1104710 1618.4
1104720 1622.7
1104730 1622.7
1104740 1626.8
1104750 1630.4
1104760 1630.4
1104770 1633.1
1104780 1635.7
1104790 1635.7
1104800 1635.3
1104810 1635.5
1104820 1635.5
1104830 1638.0
1104840 1642.0
1104850 1642.0
1104860 1647.8
1104870 1650.1
1104880 1650.1
1104890 1649.2
1104900 1648.3
1104910 1648.3
1104920 1653.0
1104930 1656.2
1104940 1660.7
1104950 1660.7
1104960 1661.4
1104970 1661.4
1104980 1661.4
1104990 1676.7
1105000 1689.3
1105010 1689.3
1105020 1694.8
1105030 1686.3
1105040 1686.3
1105050 1697.3
1105060 1709.3
1105070 1709.3
1105080 1719.3
1105090 1725.9
1105100 1725.9
1105110 1728.5
1105120 1733.9
1105130 1733.9
1105140 1744.3
1105150 1755.0
1105160 1755.0
1105170 1769.2
1105180 1785.1
1105190 1805.4
1105200 1805.4
1105210 1827.3
1105220 1841.2
1105230 1841.2
1105240 1856.5
1105250 1859.5
1105260 1859.5
1105270 1856.5
1105280 1860.2
1105290 1860.2
1105300 1873.3
1105310 1873.4
1105320 1873.4
1105330 1871.4
1105340 1871.4
1105350 1871.4
1105360 1872.2
1105370 1860.4
1105380 1860.4
1105390 1862.4
1105400 1859.4
1105410 1859.4
1105420 1859.4
1105430 1859.3
1105440 1884.7
1105450 1884.7
1105460 1905.7
1105470 1920.8
1105480 1920.8
1105490 1932.4
1105500 1944.2
1105510 1944.2
1105520 1952.7
1105530 1963.5
1105540 1963.5
1105550 1966.7
1105560 1967.0
1105570 1967.0
1105580 1964.0
1105590 1971.6
1105600 1971.6
1105610 1998.7
1105620 2008.5
1105630 2008.5
1105640 2003.4
1105650 1996.7
1105660 1996.7
1105670 1989.9
1105680 1983.5
1105690 1977.5
1105700 1978.2
1105710 1971.8
1105720 1966.8
1105730 1966.8
1105740 1962.7
1105750 1960.2
1105760 1960.2
1105770 1957.6
1105780 1955.3
1105790 1955.3
1105800 1953.5
1105810 1951.6
1105820 1951.6
1105830 1950.5
1105840 1950.2
1105850 1950.2
1105860 1950.7
1105870 1951.9
1105880 1951.9
1105890 1950.2
1105900 1946.5
1105910 1946.5
1105920 1942.6
1105930 1937.8
1105940 1930.1
1105950 1930.1
1105960 1923.9
1105970 1923.2
1105980 1923.2
1105990 1926.0
1106000 1929.2
1106010 1929.2
1106020 1932.8
1106030 1935.2
1106040 1928.6
1106050 1928.0
1106060 1928.2
1106070 1928.2
1106080 1925.3
1106090 1927.3
1106100 1927.3
1106110 1929.0
1106120 1929.0
1106130 1929.0
1106140 1925.8
1106150 1919.6
1106160 1907.6
1106170 1907.6
1106180 1898.4
1106190 1884.0
1106200 1884.0
1106210 1868.7
1106220 1866.4
1106230 1866.4
1106240 1865.5
1106250 1875.0
1106260 1875.0
1106270 1885.7
1106280 1894.1
1106290 1894.1
1106300 1901.5
1106310 1908.1
1106320 1908.1
1106330 1910.8
1106340 1911.2
1106350 1911.2
1106360 1913.3
1106370 1911.0
1106380 1911.0
1106390 1913.1
1106400 1913.5
1106410 1910.9
1106420 1910.9
1106430 1913.8
1106440 1916.6
1106450 1916.6
1106460 1918.6
1106470 1920.5
1106480 1920.5
1106490 1915.8
1106500 1915.6
1106510 1915.6
1106520 1913.1
1106530 1917.5
1106540 1917.5
1106550 1918.5
1106560 1920.1
1106570 1920.1
1106580 1920.6
1106590 1921.1
1106600 1921.1
1106610 1922.3
1106620 1922.1
1106630 1922.1
1106640 1923.7
1106650 1928.2
1106660 1934.9
1106670 1934.9
1106680 1940.5
1106690 1948.1
1106700 1948.1
1106710 1948.3
1106720 1953.5
1106730 1953.5
1106740 1956.0
1106750 1956.4
1106760 1956.4
1106770 1955.8
1106780 1960.4
1106790 1960.4
1106800 1962.6
1106810 1961.5
1106820 1961.5
1106830 1957.7
1106840 1955.2
1106850 1955.2
1106860 1951.6
1106870 1946.3
1106880 1946.3
1106890 1941.9
1106900 1935.2
1106910 1920.9
1106920 1920.9
1106930 1898.3
1106940 1904.4
1106950 1904.4
1106960 1918.3
1106970 1932.7
1106980 1932.7
1106990 1940.7
1107000 1937.7
1107010 1937.7
1107020 1933.3
1107030 1944.2
1107040 1944.2
1107050 1933.4
1107060 1936.3
1107070 1936.3
1107080 1938.1
1107090 1937.5
1107100 1937.5
1107110 1936.6
1107120 1937.3
1107130 1937.3
1107140 1938.7
1107150 1939.7
1107160 1941.8
1107170 1941.8
1107180 1944.4
1107190 1947.0
1107200 1947.0
1107210 1953.6
1107220 1959.5
1107230 1959.5
1107240 1968.2
1107250 1994.3
1107260 1994.3
1107270 2026.1
1107280 2044.1
1107290 2044.1
1107300 2046.8
1107310 2052.8
1107320 2052.8
1107330 2070.4
1107340 2092.7
1107350 2092.7
1107360 2109.3
1107370 2118.3
1107380 2112.5
1107390 2121.0
1107400 2129.8
1107410 2134.1
1107420 2134.1
1107430 2134.7
1107440 2137.3
1107450 2137.3
1107460 2138.1
1107470 2140.5
1107480 2140.5
1107490 2141.4
1107500 2140.9
1107510 2140.9
1107520 2139.8
1107530 2140.0
1107540 2140.0
1107550 2147.1
1107560 2152.8
1107570 2152.8
1107580 2156.2
1107590 2156.3
1107600 2156.3
1107610 2157.9
1107620 2158.8
1107630 2160.6
1107640 2160.6
1107650 2162.3
1107660 2163.8
1107670 2163.8
1107680 2166.7
1107690 2170.1
1107700 2170.1
1107710 2173.5
1107720 2169.1
1107730 2169.1
1107740 2166.4
1107750 2162.8
1107760 2162.8
1107770 2146.3
1107780 2128.5
1107790 2128.5
1107800 2116.4
1107810 2101.6
1107820 2101.6
1107830 2097.6
1107840 2093.2
1107850 2093.2
1107860 2088.3
1107870 2083.7
1107880 2080.0
1107890 2080.0
1107900 2076.7
1107910 2073.9
1107920 2073.9
1107930 2071.9
1107940 2069.9
1107950 2069.9
1107960 2068.1
1107970 2067.3
1107980 2067.3
1107990 2068.4
1108000 2070.9
1108010 2070.9
1108020 2072.9
1108030 2077.2
1108040 2077.2
1108050 2078.0
1108060 2080.9
1108070 2080.9
1108080 2086.6
1108090 2089.4
1108100 2089.4
1108110 2092.8
1108120 2097.8
1108130 2102.3
1108140 2102.3
1108150 2105.1
1108160 2106.2
1108170 2106.2
1108180 2104.0
1108190 2104.5
1108200 2104.5
1108210 2106.1
1108220 2110.3
1108230 2110.3
1108240 2116.0
1108250 2121.1
1108260 2121.1
1108270 2126.0
1108280 2130.8
1108290 2130.8
1108300 2136.9
1108310 2141.0
1108320 2141.0
1108330 2144.1
1108340 2147.8
1108350 2147.8
1108360 2151.4
1108370 2154.3
1108380 2154.8
1108390 2145.7
1108400 2146.1
1108410 2146.2
1108420 2146.2
1108430 2143.7
1108440 2139.3
1108450 2139.3
1108460 2136.3
1108470 2135.5
1108480 2135.5
1108490 2136.1
1108500 2135.3
1108510 2135.3
1108520 2138.2
1108530 2140.2
1108540 2140.2
1108550 2140.2
1108560 2137.8
1108570 2137.8
1108580 2136.4
1108590 2135.4
1108600 2135.4
1108610 2133.5
1108620 2130.7
1108630 2126.7
1108640 2126.7
1108650 2125.9
1108660 2130.6
1108670 2130.6
1108680 2136.2
1108690 2140.1
1108700 2140.1
1108710 2142.3
1108720 2142.0
1108730 2139.2
1108740 2135.4
1108750 2133.9
1108760 2133.9
1108770 2132.7
1108780 2128.9
1108790 2128.9
1108800 2129.2
1108810 2130.2
1108820 2130.2
1108830 2130.2
1108840 2131.2
1108850 2131.2
1108860 2134.6
1108870 2138.0
1108880 2139.6
1108890 2139.6
1108900 2139.3
1108910 2137.9
1108920 2137.9
1108930 2135.4
1108940 2132.6
1108950 2132.6
1108960 2129.9
1108970 2124.2
1108980 2124.2
1108990 2118.7
1109000 2115.1
1109010 2115.1
1109020 2113.0
1109030 2112.5
1109040 2112.5
1109050 2116.5
1109060 2120.6
1109070 2121.8
1109080 2122.8
1109090 2123.8
1109100 2127.3
1109110 2127.3
1109120 2135.0
1109130 2140.7
1109140 2140.7
1109150 2145.9
1109160 2145.3
1109170 2145.3
1109180 2140.8
1109190 2135.9
1109200 2135.9
1109210 2130.7
1109220 2124.0
1109230 2124.0
1109240 2114.5
1109250 2107.0
1109260 2107.0
1109270 2101.8
1109280 2098.2
1109290 2098.2
1109300 2093.2
1109310 2090.0
1109320 2090.0
1109330 2084.9
1109340 2081.1
1109350 2078.9
1109360 2078.9
1109370 2077.1
1109380 2074.6
1109390 2074.6
1109400 2070.9
1109410 2070.0
1109420 2070.0
1109430 2069.0
1109440 2069.9
1109450 2069.9
1109460 2069.9
1109470 2067.5
1109480 2067.5
1109490 2063.3
1109500 2056.9
1109510 2056.9
1109520 2048.0
1109530 2040.0
1109540 2040.0
1109550 2030.4
1109560 2022.4
1109570 2022.4
1109580 2017.8
1109590 2014.6
1109600 2012.1
1109610 2012.1
1109620 2010.8
1109630 2010.7
1109640 2010.7
1109650 2011.3
1109660 2014.4
1109670 2014.4
1109680 2016.6
1109690 2016.5
1109700 2016.5
1109710 2015.3
1109720 2009.4
1109730 2009.4
1109740 2001.5
1109750 2003.9
1109760 2003.9
1109770 2007.0
1109780 2006.2
1109790 2006.2
1109800 2007.0
1109810 2010.5
1109820 2010.5
1109830 2012.4
1109840 2015.0
1109850 2020.0
1109860 2020.0
1109870 2025.5
1109880 2031.1
1109890 2031.1
1109900 2033.7
1109910 2032.8
1109920 2032.8
1109930 2031.7
1109940 2030.7
1109950 2030.7
1109960 2031.5
1109970 2036.9
1109980 2036.9
1109990 2044.7
1110000 2048.2
1110010 2048.2
1110020 2045.6
1110030 2044.8
1110040 2044.8
1110050 2045.5
1110060 2047.0
1110070 2047.0
1110080 2050.3
1110090 2055.6
1110100 2057.9
1110110 2057.9
1110120 2057.8
1110130 2059.8
1110140 2059.8
1110150 2063.1
1110160 2065.4
1110170 2065.4
1110180 2065.6
1110190 2067.3
1110200 2067.3
1110210 2069.6
1110220 2071.3
1110230 2071.3
1110240 2070.2
1110250 2070.9
1110260 2070.9
1110270 2069.6
1110280 2067.1
1110290 2067.1
1110300 2066.3
1110310 2062.2
1110320 2062.2
1110330 2054.4
1110340 2048.8
1110350 2045.1
1110360 2045.1
1110370 2039.1
1110380 2033.0
1110390 2033.0
1110400 2028.5
1110410 2026.1
1110420 2026.1
1110430 2025.3
1110440 2022.4
1110450 2022.4
1110460 2020.3
1110470 2020.4
1110480 2020.4
1110490 2019.1
1110500 2016.7
1110510 2016.7
1110520 2015.0
1110530 2012.9
1110540 2012.9
1110550 2009.8
1110560 2006.5
1110570 2006.7
1110580 2006.7
1110590 2008.8
1110600 2010.3
1110610 2010.3
1110620 2010.7
1110630 2012.7
1110640 2012.7
1110650 2015.8
1110660 2016.8
1110670 2016.8
1110680 2014.9
1110690 2012.4
1110700 2012.4
1110710 2011.1
1110720 2009.3
1110730 2009.3
1110740 2007.9
1110750 2006.9
1110760 2006.9
1110770 1998.5
1110780 1998.4
1110790 1998.4
1110800 1998.7
1110810 1998.6
1110820 1996.4
1110830 1996.4
1110840 1993.7
1110850 1991.1
1110860 1991.1
1110870 1991.0
1110880 1990.5
1110890 1990.5
1110900 1990.1
1110910 1986.3
1110920 1986.3
1110930 1982.9
1110940 1980.3
1110950 1980.3
1110960 1976.8
1110970 1973.0
1110980 1973.0
1110990 1968.0
1111000 1963.8
1111010 1963.8
1111020 1964.2
1111030 1967.8
1111040 1967.8
1111050 1970.0
1111060 1970.5
1111070 1970.8
1111080 1970.8
1111090 1972.7
1111100 1976.8
1111110 1966.6
1111120 1967.5
1111130 1965.6
1111140 1965.6
1111150 1965.0
1111160 1972.9
1111170 1972.9
1111180 1978.8
1111190 1979.1
1111200 1979.1
1111210 1975.1
1111220 1973.4
1111230 1973.4
1111240 1972.3
1111250 1971.5
1111260 1971.5
1111270 1969.7
1111280 1966.8
1111290 1966.8
1111300 1963.3
1111310 1956.8
1111320 1950.0
1111330 1950.0
1111340 1934.7
1111350 1926.6
1111360 1926.6
1111370 1921.9
1111380 1919.1
1111390 1919.1
1111400 1915.2
1111410 1911.0
1111420 1911.0
1111430 1906.1
1111440 1901.1
1111450 1895.6
1111460 1894.3
1111470 1895.5
1111480 1895.5
1111490 1899.2
1111500 1903.9
1111510 1903.9
1111520 1908.3
1111530 1910.8
1111540 1910.8
1111550 1912.4
1111560 1914.1
1111570 1918.5
1111580 1918.5
1111590 1924.0
1111600 1926.8
1111610 1926.8
1111620 1927.3
1111630 1926.4
1111640 1926.4
1111650 1926.3
1111660 1925.6
1111670 1925.6
1111680 1925.2
1111690 1923.0
1111700 1923.0
1111710 1919.5
1111720 1916.5
1111730 1916.5
1111740 1912.9
1111750 1914.1
1111760 1914.1
1111770 1915.5
1111780 1916.6
1111790 1914.2
1111800 1916.8
1111810 1918.6
1111820 1918.9
1111830 1918.9
1111840 1915.7
1111850 1911.2
1111860 1911.2
1111870 1905.9
1111880 1902.5
1111890 1902.5
1111900 1902.6
1111910 1903.4
1111920 1903.4
1111930 1905.4
1111940 1911.8
1111950 1911.8
1111960 1920.6
1111970 1923.0
1111980 1923.0
1111990 1924.1
1112000 1926.1
1112010 1926.1
1112020 1929.3
1112030 1930.3
1112040 1927.7
1112050 1927.7
1112060 1921.7
1112070 1914.4
1112080 1914.4
1112090 1909.5
1112100 1905.9
1112110 1905.9
1112120 1902.0
1112130 1902.4
1112140 1902.4
1112150 1899.4
1112160 1897.6
1112170 1897.6
1112180 1898.6
1112190 1899.9
1112200 1899.9
1112210 1901.2
1112220 1904.6
1112230 1904.6
1112240 1910.2
1112250 1915.6
1112260 1915.6
1112270 1921.7
1112280 1928.6
1112290 1931.7
1112300 1931.7
1112310 1932.4
1112320 1931.1
1112330 1931.1
1112340 1930.0
1112350 1929.0
1112360 1929.0
1112370 1929.3
1112380 1929.8
1112390 1929.8
1112400 1929.4
1112410 1930.1
1112420 1930.1
1112430 1932.2
1112440 1934.8
1112450 1934.8
1112460 1936.6
1112470 1943.4
1112480 1943.4
1112490 1944.7
1112500 1947.8
1112510 1947.8
1112520 1951.0
1112530 1952.6
1112540 1953.2
1112550 1953.2
1112560 1957.4
1112570 1962.4
1112580 1962.4
1112590 1967.2
1112600 1971.2
1112610 1971.2
1112620 1974.8
1112630 1979.4
1112640 1979.4
1112650 1981.7
1112660 1983.3
1112670 1983.3
1112680 1985.8
1112690 1989.5
1112700 1989.5
1112710 1993.5
1112720 1997.5
1112730 1997.5
1112740 2001.2
1112750 2004.6
1112760 2004.6
1112770 2006.3
1112780 2008.1
1112790 2009.4
1112800 2009.4
1112810 2012.0
1112820 2012.3
1112830 2012.3
1112840 2012.9
1112850 2013.3
1112860 2013.3
1112870 2014.6
1112880 2016.2
1112890 2016.2
1112900 2015.4
1112910 2017.0
1112920 2017.0
1112930 2020.2
1112940 2021.4
1112950 2021.4
1112960 2020.8
1112970 2019.5
1112980 2019.5
1112990 2019.2
1113000 2021.5
1113010 2021.5
1113020 2028.4
1113030 2029.6
1113040 2028.8
1113050 2028.8
1113060 2027.3
1113070 2026.5
1113080 2026.5
1113090 2026.2
1113100 2024.2
1113110 2024.2
1113120 2027.6
1113130 2031.7
1113140 2031.7
1113150 2031.7
1113160 2032.4
1113170 2032.4
1113180 2034.4
1113190 2035.1
1113200 2035.1
1113210 2037.6
1113220 2041.9
1113230 2041.9
1113240 2045.1
1113250 2048.3
1113260 2048.3
1113270 2051.3
1113280 2053.0
1113290 2055.3
1113300 2055.3
1113310 2061.6
1113320 2064.8
1113330 2064.8
1113340 2065.2
1113350 2063.2
1113360 2063.2
1113370 2065.6
1113380 2064.7
1113390 2064.7
1113400 2065.7
1113410 2067.5
1113420 2067.5
1113430 2068.2
1113440 2067.2
1113450 2067.2
1113460 2066.6
1113470 2068.1
1113480 2068.1
1113490 2069.9
1113500 2069.2
1113510 2070.4
1113520 2070.4
1113530 2070.9
1113540 2072.2
1113550 2072.2
1113560 2073.5
1113570 2075.0
1113580 2075.0
1113590 2076.7
1113600 2079.2
1113610 2079.2
1113620 2082.3
1113630 2086.0
1113640 2086.0
1113650 2090.9
1113660 2096.4
1113670 2096.4
1113680 2101.7
1113690 2106.6
1113700 2106.6
1113710 2111.8
1113720 2115.8
1113730 2115.8
1113740 2118.1
1113750 2118.7
1113760 2121.3
1113770 2121.3
1113780 2124.8
1113790 2127.1
1113800 2127.1
1113810 2128.9
1113820 2131.1
1113830 2131.1
1113840 2130.7
1113850 2131.1
1113860 2131.1
1113870 2129.1
1113880 2124.3
1113890 2124.3
1113900 2119.2
1113910 2115.2
1113920 2115.2
1113930 2111.5
1113940 2108.0
1113950 2108.0
1113960 2103.4
1113970 2098.7
1113980 2098.7
1113990 2093.7
1114000 2088.4
1114010 2078.8
1114020 2078.8
1114030 2068.2
1114040 2059.9
1114050 2059.9
1114060 2053.8
1114070 2051.2
1114080 2051.2
1114090 2050.4
1114100 2051.2
1114110 2051.2
1114120 2051.8
1114130 2052.3
1114140 2052.3
1114150 2054.4
1114160 2055.0
1114170 2055.0
1114180 2051.4
1114190 2051.4
1114200 2051.4
1114210 2052.0
1114220 2053.4
1114230 2053.4
1114240 2054.8
1114250 2054.5
1114260 2056.0
1114270 2056.0
1114280 2059.2
1114290 2059.8
1114300 2059.8
1114310 2059.4
1114320 2059.2
1114330 2059.2
1114340 2056.5
1114350 2052.6
1114360 2052.6
1114370 2049.2
1114380 2047.3
1114390 2047.3
1114400 2049.4
1114410 2050.1
1114420 2050.1
1114430 2052.4
1114440 2057.3
1114450 2057.3
1114460 2061.2
1114470 2064.3
1114480 2064.3
1114490 2068.6
1114500 2074.1
1114510 2079.8
1114520 2075.0
1114530 2081.1
1114540 2086.9
1114550 2086.9
1114560 2091.2
1114570 2093.4
1114580 2093.4
1114590 2091.7
1114600 2088.6
1114610 2088.6
1114620 2088.5
1114630 2090.1
1114640 2090.1
1114650 2094.3
1114660 2098.1
1114670 2098.1
1114680 2100.4
1114690 2099.1
1114700 2099.1
1114710 2094.7
1114720 2090.0
1114730 2090.0
1114740 2085.2
1114750 2081.8
1114760 2080.2
1114770 2080.2
1114780 2080.4
1114790 2080.6
1114800 2080.6
1114810 2079.1
1114820 2074.6
1114830 2074.6
1114840 2071.8
1114850 2073.6
1114860 2073.6
1114870 2079.8
1114880 2079.2
1114890 2079.2
1114900 2078.0
1114910 2076.8
1114920 2076.8
1114930 2074.7
1114940 2073.8
1114950 2073.8
1114960 2072.9
1114970 2072.2
1114980 2072.3
1114990 2072.3
1115000 2073.5
1115010 2075.3
1115020 2075.3
1115030 2076.4
1115040 2075.6
1115050 2075.6
1115060 2074.1
1115070 2078.9
1115080 2078.9
1115090 2081.5
1115100 2083.7
1115110 2083.7
1115120 2084.0
1115130 2085.6
1115140 2085.6
1115150 2086.4
1115160 2086.4
1115170 2086.4
1115180 2086.9
1115190 2086.2
1115200 2086.2
1115210 2082.3
1115220 2079.0
1115230 2074.8
1115240 2074.8
1115250 2074.3
1115260 2076.0
1115270 2076.0
1115280 2077.6
1115290 2077.4
1115300 2077.4
1115310 2079.5
1115320 2080.4
1115330 2080.4
1115340 2080.8
1115350 2083.9
1115360 2083.9
1115370 2084.8
1115380 2085.0
1115390 2085.0
1115400 2084.0
1115410 2082.2
1115420 2082.2
1115430 2083.3
1115440 2088.0
1115450 2088.0
1115460 2090.0
1115470 2090.6
1115480 2095.4
1115490 2095.4
1115500 2097.3
1115510 2096.4
1115520 2096.4
1115530 2094.6
1115540 2091.3
1115550 2091.3
1115560 2090.0
1115570 2091.6
1115580 2091.6
1115590 2094.2
1115600 2097.2
1115610 2097.2
1115620 2096.1
1115630 2095.4
1115640 2095.4
1115650 2095.4
1115660 2098.9
1115670 2098.9
1115680 2097.9
1115690 2097.8
1115700 2097.8
1115710 2098.9
1115720 2099.9
1115730 2101.8
1115740 2101.8
1115750 2102.1
1115760 2102.4
1115770 2102.4
1115780 2101.3
1115790 2100.0
1115800 2100.0
1115810 2101.5
1115820 2100.9
1115830 2100.9
1115840 2097.8
1115850 2097.6
1115860 2097.6
1115870 2097.7
1115880 2096.5
1115890 2096.5
1115900 2096.5
1115910 2094.8
1115920 2094.8
1115930 2094.9
1115940 2094.2
1115950 2094.2
1115960 2093.3
1115970 2093.5
1115980 2094.8
1115990 2094.8
1116000 2097.9
1116010 2100.0
1116020 2100.0
1116030 2101.0
1116040 2101.6
1116050 2101.6
1116060 2101.5
1116070 2099.3
1116080 2099.3
1116090 2097.8
1116100 2097.0
1116110 2097.0
1116120 2097.2
1116130 2097.2
1116140 2097.2
1116150 2097.2
1116160 2097.5
1116170 2097.5
1116180 2098.3
1116190 2098.9
1116200 2099.9
1116210 2099.9
1116220 2105.3
1116230 2113.8
1116240 2113.8
1116250 2120.8
1116260 2126.8
1116270 2126.8
1116280 2130.4
1116290 2133.3
1116300 2133.3
1116310 2135.7
1116320 2137.6
1116330 2137.6
1116340 2140.9
1116350 2144.4
1116360 2144.4
1116370 2148.3
1116380 2153.4
1116390 2153.4
1116400 2159.7
1116410 2167.1
1116420 2167.1
1116430 2176.3
1116440 2186.6
1116450 2195.7
1116460 2195.7
1116470 2207.2
1116480 2220.3
1116490 2220.3
1116500 2225.7
1116510 2228.5
1116520 2228.5
1116530 2233.8
1116540 2243.5
1116550 2243.5
1116560 2252.0
1116570 2256.6
1116580 2256.6
1116590 2251.5
1116600 2248.9
1116610 2248.9
1116620 2248.0
1116630 2247.5
1116640 2247.5
1116650 2247.5
1116660 2248.1
1116670 2248.1
1116680 2248.8
1116690 2250.1
1116700 2251.6
1116710 2251.6
1116720 2254.5
1116730 2256.9
1116740 2256.9
1116750 2258.5
1116760 2258.6
1116770 2258.6
1116780 2258.4
1116790 2260.4
1116800 2260.4
1116810 2263.3
1116820 2265.9
1116830 2265.9
1116840 2267.8
1116850 2270.4
1116860 2270.4
1116870 2273.9
1116880 2277.2
1116890 2277.2
1116900 2280.3
1116910 2284.1
1116920 2284.1
1116930 2286.3
1116940 2291.7
1116950 2294.6
1116960 2294.6
1116970 2301.0
1116980 2307.2
1116990 2307.2
1117000 2311.7
1117010 2317.5
1117020 2317.5
1117030 2325.6
1117040 2330.9
1117050 2330.9
1117060 2333.5
1117070 2339.8
1117080 2339.8
1117090 2347.8
1117100 2354.6
1117110 2354.6
1117120 2361.9
1117130 2368.7
1117140 2368.7
1117150 2374.2
1117160 2379.6
1117170 2379.6
1117180 2384.9
1117190 2390.3
1117200 2394.5
1117210 2394.5
1117220 2398.8
1117230 2403.0
1117240 2403.0
1117250 2407.4
1117260 2411.6
1117270 2411.6
1117280 2419.4
1117290 2421.9
1117300 2421.9
1117310 2425.4
1117320 2428.6
1117330 2428.6
1117340 2430.9
1117350 2428.6
1117360 2428.6
1117370 2419.6
1117380 2405.8
1117390 2405.8
1117400 2392.6
1117410 2379.4
1117420 2369.0
1117430 2369.0
1117440 2361.7
1117450 2357.2
1117460 2357.2
1117470 2353.7
1117480 2348.3
1117490 2348.3
1117500 2341.6
1117510 2335.9
1117520 2335.9
1117530 2330.3
1117540 2324.6
1117550 2324.6
1117560 2319.0
1117570 2315.1
1117580 2315.1
1117590 2313.8
1117600 2310.4
1117610 2310.4
1117620 2305.2
1117630 2298.6
1117640 2298.6
1117650 2293.8
1117660 2288.9
1117670 2284.0
1117680 2284.0
1117690 2284.6
1117700 2286.6
1117710 2286.6
1117720 2286.2
1117730 2287.1
1117740 2287.1
1117750 2284.7
1117760 2282.2
1117770 2282.2
1117780 2280.8
1117790 2278.9
1117800 2278.9
1117810 2277.4
1117820 2275.3
1117830 2275.3
1117840 2272.8
1117850 2270.3
1117860 2270.3
1117870 2268.3
1117880 2266.6
1117890 2266.6
1117900 2267.4
1117910 2268.2
1117920 2267.1
1117930 2267.1
1117940 2265.2
1117950 2262.0
1117960 2262.0
1117970 2261.1
1117980 2258.1
1117990 2258.1
1118000 2255.9
1118010 2257.2
1118020 2257.2
1118030 2259.5
1118040 2261.2
1118050 2261.2
1118060 2261.0
1118070 2260.1
1118080 2260.1
1118090 2259.2
1118100 2259.4
1118110 2259.4
1118120 2259.6
1118130 2260.7
1118140 2260.7
1118150 2262.0
1118160 2262.1
1118170 2261.9
1118180 2261.9
1118190 2261.8
1118200 2262.6
1118210 2262.6
1118220 2262.0
1118230 2256.9
1118240 2256.9
1118250 2250.3
1118260 2245.4
1118270 2245.4
1118280 2240.3
1118290 2236.8
1118300 2236.8
1118310 2234.5
1118320 2230.5
1118330 2230.5
1118340 2226.0
1118350 2222.8
1118360 2222.8
1118370 2220.6
1118380 2218.3
1118390 2218.3
1118400 2216.9
1118410 2215.7
1118420 2215.3
1118430 2215.3
1118440 2214.4
1118450 2213.8
1118460 2213.8
1118470 2213.4
1118480 2212.4
1118490 2212.4
1118500 2209.5
1118510 2202.9
1118520 2202.9
1118530 2193.3
1118540 2185.4
1118550 2185.4
1118560 2179.2
1118570 2173.7
1118580 2173.7
1118590 2168.6
1118600 2163.5
1118610 2163.5
1118620 2158.9
1118630 2153.4
1118640 2153.4
1118650 2148.4
1118660 2143.8
1118670 2139.3
1118680 2139.3
1118690 2135.2
1118700 2131.0
1118710 2131.0
1118720 2127.7
1118730 2124.2
1118740 2124.2
1118750 2121.2
1118760 2117.9
1118770 2117.9
1118780 2114.9
1118790 2112.3
1118800 2112.3
1118810 2107.5
1118820 2098.2
1118830 2098.2
1118840 2090.7
1118850 2084.8
1118860 2084.8
1118870 2079.2
1118880 2074.0
1118890 2069.6
1118900 2069.6
1118910 2063.9
1118920 2057.0
1118930 2057.0
1118940 2050.9
1118950 2046.1
1118960 2046.1
1118970 2041.5
1118980 2037.1
1118990 2037.1
1119000 2031.3
1119010 2027.1
1119020 2030.9
1119030 2025.7
1119040 2020.3
1119050 2020.3
1119060 2016.1
1119070 2011.1
1119080 2011.1
1119090 2006.5
1119100 2003.3
1119110 2003.3
1119120 1999.8
1119130 1996.3
1119140 1992.0
1119150 1992.0
1119160 1988.2
1119170 1984.4
1119180 1984.4
1119190 1978.4
1119200 1973.2
1119210 1973.2
1119220 1969.7
1119230 1966.4
1119240 1966.4
1119250 1963.0
1119260 1959.5
1119270 1959.5
1119280 1959.6
1119290 1958.3
1119300 1958.3
1119310 1956.9
1119320 1955.6
1119330 1955.6
1119340 1954.2
1119350 1952.7
1119360 1954.7
1119370 1952.6
1119380 1950.2
1119390 1947.7
1119400 1947.7
1119410 1945.4
1119420 1943.6
1119430 1943.6
1119440 1941.4
1119450 1938.9
1119460 1938.9
1119470 1935.8
1119480 1932.8
1119490 1932.8
1119500 1929.3
1119510 1925.3
1119520 1925.3
1119530 1921.1
1119540 1917.4
1119550 1917.4
1119560 1914.9
1119570 1913.5
1119580 1913.5
1119590 1911.2
1119600 1908.1
1119610 1908.1
1119620 1905.4
1119630 1902.1
1119640 1898.8
1119650 1898.8
1119660 1896.5
1119670 1894.0
1119680 1894.0
1119690 1888.9
1119700 1883.8
1119710 1887.5
1119720 1881.8
1119730 1877.8
1119740 1877.8
1119750 1872.5
1119760 1868.8
1119770 1868.8
1119780 1865.1
1119790 1861.6
1119800 1861.6
1119810 1859.2
1119820 1857.9
1119830 1857.9
1119840 1856.9
1119850 1855.8
1119860 1855.8
1119870 1854.9
1119880 1853.7
1119890 1852.4
1119900 1852.4
1119910 1851.4
1119920 1850.2
1119930 1850.2
1119940 1849.3
1119950 1847.6
1119960 1847.6
1119970 1844.9
1119980 1844.1
1119990 1844.1
