1100000 1749.0
1100010 1749.0
1100020 1752.3
1100030 1756.2
1100040 1756.2
1100050 1761.4
1100060 1766.9
1100070 1766.9
1100080 1773.7
1100090 1778.4
1100100 1782.5
1100110 1786.0
1100120 1789.4
1100130 1789.4
1100140 1792.5
1100150 1795.1
1100160 1795.1
1100170 1797.0
1100180 1798.2
1100190 1798.2
1100200 1799.1
1100210 1798.8
1100220 1794.8
1100230 1794.8
1100240 1783.2
1100250 1775.8
1100260 1775.8
1100270 1771.5
1100280 1766.8
1100290 1766.8
1100300 1765.4
1100310 1761.7
1100320 1761.7
1100330 1761.7
1100340 1759.3
1100350 1759.3
1100360 1760.9
1100370 1763.6
1100380 1763.6
1100390 1766.7
1100400 1770.5
1100410 1770.5
1100420 1774.9
1100430 1761.1
1100440 1761.1
1100450 1779.5
1100460 1785.8
1100470 1774.1
1100480 1774.1
1100490 1781.4
1100500 1775.8
1100510 1775.8
1100520 1757.2
1100530 1741.0
1100540 1741.0
1100550 1730.5
1100560 1726.0
1100570 1726.0
1100580 1723.6
1100590 1717.0
1100600 1717.0
1100610 1711.6
1100620 1706.9
1100630 1706.9
1100640 1703.1
1100650 1699.6
1100660 1699.6
1100670 1699.9
1100680 1693.8
1100690 1693.8
1100700 1684.6
1100710 1682.3
1100720 1679.4
1100730 1679.4
1100740 1675.4
1100750 1671.2
1100760 1665.6
1100770 1661.2
1100780 1657.3
1100790 1657.3
1100800 1653.0
1100810 1649.3
1100820 1649.3
1100830 1645.5
1100840 1641.8
1100850 1641.8
1100860 1638.9
1100870 1636.3
1100880 1636.3
1100890 1632.5
1100900 1630.5
1100910 1630.5
1100920 1629.4
1100930 1628.0
1100940 1628.0
1100950 1626.9
1100960 1624.9
1100970 1623.8
1100980 1623.8
1100990 1623.5
1101000 1623.8
1101010 1623.8
1101020 1624.1
1101030 1624.8
1101040 1624.8
1101050 1625.2
1101060 1624.3
1101070 1624.3
1101080 1624.1
1101090 1617.2
1101100 1617.2
1101110 1616.5
1101120 1616.2
1101130 1616.2
1101140 1616.8
1101150 1616.8
1101160 1616.8
1101170 1618.5
1101180 1620.8
1101190 1620.8
1101200 1624.9
1101210 1630.1
1101220 1637.9
1101230 1637.9
1101240 1646.7
1101250 1656.2
1101260 1656.2
1101270 1654.9
1101280 1654.1
1101290 1654.1
1101300 1661.1
1101310 1669.2
1101320 1669.2
1101330 1675.4
1101340 1679.0
1101350 1679.0
1101360 1682.0
1101370 1685.1
1101380 1685.1
1101390 1689.5
1101400 1695.4
1101410 1695.4
1101420 1696.1
1101430 1717.5
1101440 1717.5
1101450 1735.1
1101460 1741.6
1101470 1756.2
1101480 1756.2
1101490 1784.7
1101500 1799.2
1101510 1799.2
1101520 1811.8
1101530 1825.8
1101540 1825.8
1101550 1839.5
1101560 1851.3
1101570 1851.3
1101580 1856.7
1101590 1860.3
1101600 1860.3
1101610 1828.9
1101620 1774.4
1101630 1774.4
1101640 1779.5
1101650 1789.8
1101660 1789.8
1101670 1792.3
1101680 1777.6
1101690 1777.6
1101700 1761.9
1101710 1754.3
1101720 1745.3
1101730 1745.3
1101740 1740.2
1101750 1727.5
1101760 1727.5
1101770 1729.2
1101780 1722.0
1101790 1722.0
1101800 1714.5
1101810 1707.0
1101820 1707.0
1101830 1697.7
1101840 1698.0
1101850 1698.0
1101860 1711.7
1101870 1718.9
1101880 1718.9
1101890 1698.6
1101900 1690.9
1101910 1690.9
1101920 1688.5
1101930 1691.4
1101940 1702.1
1101950 1702.1
1101960 1720.8
1101970 1734.6
1101980 1734.6
1101990 1743.7
1102000 1751.3
1102010 1751.3
1102020 1764.7
1102030 1770.6
1102040 1770.6
1102050 1776.0
1102060 1788.0
1102070 1788.0
1102080 1797.2
1102090 1792.9
1102100 1792.9
1102110 1785.7
1102120 1774.6
1102130 1774.6
1102140 1769.3
1102150 1767.8
1102160 1767.8
1102170 1780.2
1102180 1804.1
1102190 1810.6
1102200 1810.6
1102210 1795.6
1102220 1791.6
1102230 1791.6
1102240 1786.1
1102250 1778.4
1102260 1778.4
1102270 1771.9
1102280 1764.8
1102290 1764.8
1102300 1756.1
1102310 1751.1
1102320 1751.1
1102330 1746.8
1102340 1738.9
1102350 1738.9
1102360 1740.6
1102370 1745.6
1102380 1745.6
1102390 1754.3
1102400 1756.1
1102410 1756.1
1102420 1751.0
1102430 1733.2
1102440 1726.2
1102450 1726.2
1102460 1721.5
1102470 1717.7
1102480 1717.7
1102490 1714.8
1102500 1712.1
1102510 1712.1
1102520 1713.0
1102530 1706.9
1102540 1706.9
1102550 1701.5
1102560 1685.9
1102570 1685.9
1102580 1680.3
1102590 1688.1
1102600 1688.1
1102610 1694.7
1102620 1696.7
1102630 1696.7
1102640 1700.5
1102650 1696.0
1102660 1696.0
1102670 1692.7
1102680 1697.6
1102690 1700.7
1102700 1700.7
1102710 1700.8
1102720 1704.0
1102730 1704.0
1102740 1702.6
1102750 1693.5
1102760 1693.5
1102770 1704.5
1102780 1718.9
1102790 1718.9
1102800 1729.6
1102810 1737.0
1102820 1737.0
1102830 1755.0
1102840 1766.1
1102850 1766.1
1102860 1773.7
1102870 1782.4
1102880 1782.4
1102890 1786.6
1102900 1787.1
1102910 1787.1
1102920 1787.1
1102930 1788.2
1102940 1786.6
1102950 1786.6
1102960 1783.3
1102970 1797.3
1102980 1797.3
1102990 1807.8
1103000 1816.7
1103010 1816.7
1103020 1829.3
1103030 1833.8
1103040 1833.8
1103050 1832.6
1103060 1812.2
1103070 1812.2
1103080 1785.4
1103090 1785.7
1103100 1785.7
1103110 1794.7
1103120 1793.6
1103130 1793.6
1103140 1783.5
1103150 1772.1
1103160 1772.1
1103170 1774.0
1103180 1776.4
1103190 1773.1
1103200 1773.1
1103210 1778.7
1103220 1795.4
1103230 1795.4
1103240 1802.9
1103250 1822.6
1103260 1822.6
1103270 1839.9
1103280 1848.3
1103290 1848.3
1103300 1854.9
1103310 1861.0
1103320 1861.0
1103330 1866.7
1103340 1872.8
1103350 1872.8
1103360 1879.7
1103370 1887.3
1103380 1887.3
1103390 1894.7
1103400 1901.8
1103410 1901.8
1103420 1907.1
1103430 1926.9
1103440 1939.0
1103450 1939.0
1103460 1948.1
1103470 1960.1
1103480 1960.1
1103490 1982.4
1103500 2001.9
1103510 2001.9
1103520 2010.2
1103530 2020.4
1103540 2020.4
1103550 2029.4
1103560 2038.2
1103570 2038.2
1103580 2047.3
1103590 2055.9
1103600 2055.9
1103610 2057.4
1103620 2057.7
1103630 2057.7
1103640 2053.5
1103650 2039.8
1103660 2039.8
1103670 2021.5
1103680 2021.2
1103690 2024.4
1103700 2024.4
1103710 2029.1
1103720 2037.3
1103730 2037.3
1103740 2046.6
1103750 2046.3
1103760 2046.3
1103770 2049.5
1103780 2058.8
1103790 2058.8
1103800 2070.2
1103810 2082.7
1103820 2082.7
1103830 2103.4
1103840 2107.6
1103850 2107.6
1103860 2100.0
1103870 2093.6
1103880 2093.6
1103890 2103.3
1103900 2117.3
1103910 2117.3
1103920 2126.1
1103930 2123.3
1103940 2124.8
1103950 2124.8
1103960 2132.6
1103970 2134.5
1103980 2134.5
1103990 2139.2
1104000 2147.9
1104010 2147.9
1104020 2149.0
1104030 2152.2
1104040 2152.2
1104050 2161.5
1104060 2171.9
1104070 2171.9
1104080 2168.6
1104090 2175.8
1104100 2175.8
1104110 2179.8
1104120 2170.8
1104130 2170.8
1104140 2164.3
1104150 2170.0
1104160 2170.0
1104170 2176.9
1104180 2176.6
1104190 2171.2
1104200 2171.2
1104210 2166.7
1104220 2164.1
1104230 2164.1
1104240 2159.5
1104250 2154.8
1104260 2154.8
1104270 2151.1
1104280 2147.5
1104290 2147.5
1104300 2143.6
1104310 2146.1
1104320 2146.1
1104330 2147.6
1104340 2142.0
1104350 2142.0
1104360 2106.6
1104370 2094.9
1104380 2094.9
1104390 2111.9
1104400 2121.2
1104410 2107.6
1104420 2103.9
1104430 2076.2
1104440 2037.6
1104450 2037.6
1104460 2036.7
1104470 2042.3
1104480 2042.3
1104490 2045.4
1104500 2048.8
1104510 2048.8
1104520 2054.6
1104530 2060.4
1104540 2060.4
1104550 2067.7
1104560 2075.7
1104570 2075.7
1104580 2081.7
1104590 2087.2
1104600 2087.2
1104610 2092.1
1104620 2096.2
1104630 2096.2
1104640 2102.0
1104650 2109.6
1104660 2116.9
1104670 2116.9
1104680 2124.0
1104690 2131.3
1104700 2131.3
1104710 2138.1
1104720 2144.5
1104730 2144.5
1104740 2151.0
1104750 2154.7
1104760 2154.7
1104770 2158.3
1104780 2156.6
1104790 2156.6
1104800 2152.4
1104810 2148.0
1104820 2148.0
1104830 2140.8
1104840 2124.4
1104850 2124.4
1104860 2106.7
1104870 2098.4
1104880 2098.4
1104890 2094.0
1104900 2084.7
1104910 2073.5
1104920 2073.5
1104930 2066.4
1104940 2059.4
1104950 2059.4
1104960 2051.3
1104970 2044.6
1104980 2044.6
1104990 2039.9
1105000 2036.3
1105010 2036.3
1105020 2029.1
1105030 2021.3
1105040 2021.3
1105050 2015.0
1105060 2010.9
1105070 2010.9
1105080 2007.4
1105090 2007.7
1105100 2007.7
1105110 2003.4
1105120 1999.7
1105130 1999.7
1105140 1995.9
1105150 1991.9
1105160 1987.6
1105170 1987.6
1105180 1983.7
1105190 1980.4
1105200 1980.4
1105210 1977.0
1105220 1973.9
1105230 1973.9
1105240 1970.8
1105250 1969.0
1105260 1969.0
1105270 1967.2
1105280 1965.9
1105290 1965.9
1105300 1965.1
1105310 1963.9
1105320 1963.9
1105330 1964.6
1105340 1965.1
1105350 1965.1
1105360 1966.0
1105370 1967.6
1105380 1967.6
1105390 1969.5
1105400 1970.8
1105410 1971.6
1105420 1977.4
1105430 1978.6
1105440 1980.8
1105450 1980.8
1105460 1982.0
1105470 1983.4
1105480 1983.4
1105490 1985.3
1105500 1987.2
1105510 1987.2
1105520 1989.0
1105530 1992.0
1105540 1992.0
1105550 1996.3
1105560 2001.1
1105570 2001.1
1105580 2004.8
1105590 2008.0
1105600 2008.0
1105610 2011.8
1105620 2016.0
1105630 2016.0
1105640 2019.8
1105650 2024.0
1105660 2028.7
1105670 2028.7
1105680 2033.7
1105690 2038.6
1105700 2038.6
1105710 2042.8
1105720 2046.6
1105730 2046.6
1105740 2048.5
1105750 2053.5
1105760 2058.4
1105770 2063.0
1105780 2065.6
1105790 2065.6
1105800 2067.2
1105810 2070.9
1105820 2070.9
1105830 2074.7
1105840 2080.1
1105850 2080.1
1105860 2086.1
1105870 2090.1
1105880 2090.1
1105890 2092.9
1105900 2095.3
1105910 2098.4
1105920 2098.4
1105930 2102.0
1105940 2119.7
1105950 2119.7
1105960 2123.7
1105970 2126.4
1105980 2126.4
1105990 2136.7
1106000 2146.2
1106010 2146.2
1106020 2152.7
1106030 2163.4
1106040 2163.4
1106050 2166.1
1106060 2163.9
1106070 2163.9
1106080 2160.0
1106090 2169.3
1106100 2169.3
1106110 2163.5
1106120 2163.7
1106130 2163.7
1106140 2162.3
1106150 2164.6
1106160 2164.8
1106170 2164.8
1106180 2160.4
1106190 2152.5
1106200 2152.5
1106210 2152.0
1106220 2155.8
1106230 2155.8
1106240 2157.4
1106250 2155.3
1106260 2155.3
1106270 2152.7
1106280 2150.0
1106290 2150.0
1106300 2146.4
1106310 2142.8
1106320 2142.8
1106330 2138.9
1106340 2134.0
1106350 2134.0
1106360 2131.3
1106370 2128.8
1106380 2128.8
1106390 2130.3
1106400 2128.3
1106410 2125.4
1106420 2125.4
1106430 2127.0
1106440 2120.9
1106450 2120.9
1106460 2119.2
1106470 2116.7
1106480 2116.7
1106490 2111.4
1106500 2107.7
1106510 2107.7
1106520 2102.0
1106530 2100.5
1106540 2100.5
1106550 2099.4
1106560 2097.1
1106570 2097.1
1106580 2096.3
1106590 2096.3
1106600 2096.3
1106610 2095.7
1106620 2093.5
1106630 2092.0
1106640 2092.0
1106650 2091.9
1106660 2090.6
1106670 2090.6
1106680 2091.4
1106690 2101.3
1106700 2101.3
1106710 2112.5
1106720 2116.8
1106730 2116.8
1106740 2108.3
1106750 2103.4
1106760 2103.4
1106770 2113.6
1106780 2112.1
1106790 2112.1
1106800 2110.2
1106810 2117.1
1106820 2117.1
1106830 2125.8
1106840 2127.1
1106850 2127.1
1106860 2122.7
1106870 2127.9
1106880 2129.0
1106890 2129.0
1106900 2128.0
1106910 2136.2
1106920 2136.2
1106930 2146.8
1106940 2145.6
1106950 2145.6
1106960 2150.4
1106970 2144.4
1106980 2144.4
1106990 2144.4
1107000 2150.6
1107010 2150.6
1107020 2159.9
1107030 2177.5
1107040 2177.5
1107050 2189.0
1107060 2198.0
1107070 2198.0
1107080 2206.7
1107090 2214.1
1107100 2214.3
1107110 2223.3
1107120 2238.6
1107130 2253.1
1107140 2253.1
1107150 2263.6
1107160 2272.4
1107170 2272.4
1107180 2283.9
1107190 2293.0
1107200 2293.0
1107210 2297.8
1107220 2300.2
1107230 2300.2
1107240 2303.2
1107250 2306.2
1107260 2306.2
1107270 2309.5
1107280 2312.5
1107290 2312.5
1107300 2315.4
1107310 2320.0
1107320 2320.0
1107330 2325.6
1107340 2332.3
1107350 2332.3
1107360 2333.2
1107370 2334.8
1107380 2336.2
1107390 2336.2
1107400 2338.8
1107410 2341.5
1107420 2341.5
1107430 2344.3
1107440 2354.8
1107450 2354.8
1107460 2358.4
1107470 2361.4
1107480 2361.4
1107490 2360.0
1107500 2360.6
1107510 2360.6
1107520 2361.1
1107530 2361.7
1107540 2361.7
1107550 2362.7
1107560 2365.1
1107570 2365.1
1107580 2367.3
1107590 2367.9
1107600 2367.9
1107610 2368.5
1107620 2369.9
1107630 2371.6
1107640 2371.6
1107650 2373.7
1107660 2376.0
1107670 2376.0
1107680 2378.9
1107690 2382.0
1107700 2382.0
1107710 2386.0
1107720 2390.3
1107730 2390.3
1107740 2394.7
1107750 2398.7
1107760 2398.7
1107770 2401.5
1107780 2397.7
1107790 2397.7
1107800 2392.1
1107810 2382.9
1107820 2382.9
1107830 2374.1
1107840 2366.9
1107850 2366.9
1107860 2360.6
1107870 2355.1
1107880 2350.1
1107890 2350.1
1107900 2345.1
1107910 2340.0
1107920 2340.0
1107930 2334.0
1107940 2325.1
1107950 2325.1
1107960 2316.9
1107970 2309.8
1107980 2309.8
1107990 2303.7
1108000 2298.4
1108010 2298.4
1108020 2293.6
1108030 2288.4
1108040 2288.4
1108050 2283.1
1108060 2274.4
1108070 2274.4
1108080 2268.3
1108090 2263.5
1108100 2263.5
1108110 2262.8
1108120 2258.1
1108130 2254.0
1108140 2254.0
1108150 2250.9
1108160 2248.7
1108170 2248.7
1108180 2248.9
1108190 2245.7
1108200 2245.7
1108210 2241.8
1108220 2237.6
1108230 2237.6
1108240 2236.3
1108250 2238.2
1108260 2238.2
1108270 2241.4
1108280 2240.0
1108290 2240.0
1108300 2243.4
1108310 2245.5
1108320 2245.5
1108330 2248.3
1108340 2250.0
1108350 2250.0
1108360 2251.5
1108370 2250.6
1108380 2247.8
1108390 2247.8
1108400 2243.9
1108410 2242.8
1108420 2242.8
1108430 2240.5
1108440 2239.1
1108450 2247.9
1108460 2245.8
1108470 2245.4
1108480 2245.4
1108490 2244.7
1108500 2245.9
1108510 2245.9
1108520 2248.6
1108530 2248.6
1108540 2248.6
1108550 2246.1
1108560 2244.2
1108570 2244.2
1108580 2242.0
1108590 2239.4
1108600 2239.4
1108610 2236.3
1108620 2234.5
1108630 2232.4
1108640 2232.4
1108650 2230.1
1108660 2228.2
1108670 2228.2
1108680 2227.9
1108690 2228.3
1108700 2228.3
1108710 2225.4
1108720 2221.2
1108730 2221.2
1108740 2217.8
1108750 2213.0
1108760 2213.0
1108770 2209.6
1108780 2210.2
1108790 2209.9
1108800 2208.7
1108810 2206.4
1108820 2206.4
1108830 2205.8
1108840 2204.8
1108850 2201.3
1108860 2201.3
1108870 2198.4
1108880 2195.0
1108890 2195.0
1108900 2190.8
1108910 2187.0
1108920 2187.0
1108930 2183.4
1108940 2182.8
1108950 2182.8
1108960 2182.5
1108970 2180.0
1108980 2180.0
1108990 2175.0
1109000 2172.6
1109010 2172.6
1109020 2171.4
1109030 2170.2
1109040 2170.2
1109050 2169.6
1109060 2168.5
1109070 2168.5
1109080 2168.1
1109090 2167.9
1109100 2168.4
1109110 2168.4
1109120 2169.4
1109130 2174.6
1109140 2174.6
1109150 2174.9
1109160 2174.3
1109170 2174.3
1109180 2176.3
1109190 2178.5
1109200 2178.5
1109210 2181.1
1109220 2183.2
1109230 2183.2
1109240 2184.4
1109250 2184.6
1109260 2184.6
1109270 2186.0
1109280 2186.7
1109290 2186.7
1109300 2187.9
1109310 2189.0
1109320 2189.0
1109330 2189.7
1109340 2190.1
1109350 2189.6
1109360 2189.6
1109370 2189.6
1109380 2192.6
1109390 2192.6
1109400 2191.9
1109410 2188.0
1109420 2188.0
1109430 2182.3
1109440 2176.7
1109450 2176.7
1109460 2171.3
1109470 2174.0
1109480 2174.0
1109490 2169.9
1109500 2168.7
1109510 2168.7
1109520 2166.0
1109530 2160.1
1109540 2160.1
1109550 2156.1
1109560 2153.3
1109570 2153.3
1109580 2152.3
1109590 2152.7
1109600 2151.6
1109610 2151.6
1109620 2153.3
1109630 2157.5
1109640 2157.5
1109650 2157.6
1109660 2156.7
1109670 2156.7
1109680 2156.2
1109690 2152.3
1109700 2152.3
1109710 2147.7
1109720 2143.2
1109730 2143.2
1109740 2139.1
1109750 2134.4
1109760 2134.4
1109770 2133.8
1109780 2134.2
1109790 2134.2
1109800 2135.4
1109810 2138.1
1109820 2138.1
1109830 2136.0
1109840 2134.6
1109850 2134.9
1109860 2134.9
1109870 2134.5
1109880 2133.5
1109890 2133.5
1109900 2130.1
1109910 2127.0
1109920 2127.0
1109930 2124.1
1109940 2119.7
1109950 2119.7
1109960 2113.4
1109970 2108.0
1109980 2108.0
1109990 2102.2
1110000 2096.4
1110010 2096.4
1110020 2093.1
1110030 2087.6
1110040 2087.6
1110050 2082.2
1110060 2077.8
1110070 2077.8
1110080 2076.8
1110090 2073.2
1110100 2069.8
1110110 2069.8
1110120 2067.0
1110130 2065.3
1110140 2070.2
1110150 2064.2
1110160 2056.5
1110170 2056.5
1110180 2051.3
1110190 2044.7
1110200 2044.7
1110210 2040.3
1110220 2037.6
1110230 2037.6
1110240 2034.4
1110250 2032.5
1110260 2032.5
1110270 2027.4
1110280 2019.9
1110290 2019.9
1110300 2015.0
1110310 2010.4
1110320 2010.4
1110330 2005.7
1110340 1999.7
1110350 1996.1
1110360 1996.1
1110370 1993.8
1110380 1991.0
1110390 1991.0
1110400 1987.3
1110410 1984.3
1110420 1984.3
1110430 1979.6
1110440 1974.8
1110450 1974.8
1110460 1971.2
1110470 1970.4
1110480 1973.2
1110490 1971.5
1110500 1970.6
1110510 1970.6
1110520 1972.3
1110530 1972.5
1110540 1972.5
1110550 1972.4
1110560 1971.6
1110570 1971.6
1110580 1970.2
1110590 1967.2
1110600 1965.2
1110610 1965.2
1110620 1963.9
1110630 1964.6
1110640 1964.6
1110650 1964.6
1110660 1962.3
1110670 1962.3
1110680 1959.8
1110690 1957.4
1110700 1957.4
1110710 1954.6
1110720 1952.7
1110730 1952.7
1110740 1951.6
1110750 1950.5
1110760 1950.5
1110770 1952.1
1110780 1951.9
1110790 1951.9
1110800 1949.6
1110810 1946.9
1110820 1943.8
1110830 1940.9
1110840 1937.8
1110850 1937.4
1110860 1937.4
1110870 1938.1
1110880 1936.3
1110890 1936.3
1110900 1933.8
1110910 1933.3
1110920 1933.3
1110930 1932.9
1110940 1932.5
1110950 1932.5
1110960 1932.2
1110970 1931.2
1110980 1931.2
1110990 1930.5
1111000 1926.9
1111010 1926.9
1111020 1922.7
1111030 1918.7
1111040 1918.7
1111050 1915.0
1111060 1912.1
1111070 1909.9
1111080 1909.9
1111090 1908.9
1111100 1908.3
1111110 1908.3
1111120 1907.9
1111130 1906.0
1111140 1906.0
1111150 1902.5
1111160 1903.2
1111170 1903.2
1111180 1900.7
1111190 1898.0
1111200 1898.0
1111210 1897.2
1111220 1894.4
1111230 1894.4
1111240 1894.5
1111250 1892.2
1111260 1892.2
1111270 1890.1
1111280 1888.4
1111290 1888.4
1111300 1886.6
1111310 1885.9
1111320 1887.8
1111330 1887.8
1111340 1888.1
1111350 1887.7
1111360 1887.7
1111370 1885.8
1111380 1882.0
1111390 1882.0
1111400 1878.5
1111410 1877.6
1111420 1877.6
1111430 1875.9
1111440 1872.2
1111450 1872.2
1111460 1870.2
1111470 1868.1
1111480 1868.1
1111490 1864.5
1111500 1862.2
1111510 1862.2
1111520 1860.1
1111530 1855.4
1111540 1855.4
1111550 1850.7
1111560 1848.8
1111570 1848.0
1111580 1848.0
1111590 1847.1
1111600 1845.9
1111610 1845.9
1111620 1844.3
1111630 1842.5
1111640 1842.5
1111650 1840.5
1111660 1838.5
1111670 1838.5
1111680 1836.5
1111690 1834.3
1111700 1834.3
1111710 1832.9
1111720 1831.5
1111730 1831.5
1111740 1829.8
1111750 1827.8
1111760 1827.8
1111770 1826.1
1111780 1824.7
1111790 1824.7
1111800 1823.3
1111810 1821.5
1111820 1819.8
1111830 1819.8
1111840 1818.5
1111850 1813.9
1111860 1813.9
1111870 1812.9
1111880 1811.3
1111890 1811.3
1111900 1808.5
1111910 1805.6
1111920 1805.6
1111930 1803.8
1111940 1802.2
1111950 1802.2
1111960 1800.8
1111970 1800.9
1111980 1800.9
1111990 1801.3
1112000 1802.5
1112010 1802.5
1112020 1802.5
1112030 1801.7
1112040 1801.7
1112050 1801.5
1112060 1801.8
1112070 1801.1
1112080 1801.1
1112090 1800.4
1112100 1800.8
1112110 1800.8
1112120 1800.8
1112130 1800.8
1112140 1800.8
1112150 1800.6
1112160 1800.5
1112170 1800.5
1112180 1800.2
1112190 1798.6
1112200 1798.6
1112210 1799.6
1112220 1799.9
1112230 1799.9
1112240 1799.3
1112250 1799.3
1112260 1799.3
1112270 1800.6
1112280 1801.1
1112290 1801.1
1112300 1800.0
1112310 1799.3
1112320 1800.0
1112330 1800.0
1112340 1801.2
1112350 1802.5
1112360 1802.5
1112370 1803.3
1112380 1804.5
1112390 1804.5
1112400 1808.0
1112410 1812.5
1112420 1812.5
1112430 1818.1
1112440 1826.0
1112450 1826.0
1112460 1834.5
1112470 1839.6
1112480 1839.6
1112490 1841.8
1112500 1842.6
1112510 1842.6
1112520 1842.7
1112530 1844.4
1112540 1844.4
1112550 1845.3
1112560 1847.3
1112570 1849.2
1112580 1849.2
1112590 1850.4
1112600 1850.4
1112610 1850.4
1112620 1849.9
1112630 1849.9
1112640 1849.9
1112650 1850.2
1112660 1853.8
1112670 1853.8
1112680 1860.0
1112690 1865.1
1112700 1865.1
1112710 1868.7
1112720 1870.8
1112730 1870.8
1112740 1873.4
1112750 1873.2
1112760 1873.2
1112770 1874.7
1112780 1878.1
1112790 1878.1
1112800 1882.4
1112810 1887.5
1112820 1891.2
1112830 1891.2
1112840 1894.9
1112850 1898.8
1112860 1898.8
1112870 1908.5
1112880 1912.7
1112890 1912.7
1112900 1919.4
1112910 1921.3
1112920 1921.3
1112930 1922.0
1112940 1922.7
1112950 1922.7
1112960 1924.3
1112970 1926.7
1112980 1926.7
1112990 1930.0
1113000 1933.4
1113010 1933.4
1113020 1937.2
1113030 1939.3
1113040 1940.8
1113050 1940.8
1113060 1943.1
1113070 1945.3
1113080 1945.3
1113090 1947.8
1113100 1949.6
1113110 1949.6
1113120 1952.0
1113130 1955.0
1113140 1955.0
1113150 1957.0
1113160 1958.6
1113170 1958.6
1113180 1958.0
1113190 1955.6
1113200 1955.6
1113210 1962.3
1113220 1962.1
1113230 1962.1
1113240 1962.5
1113250 1960.7
1113260 1960.7
1113270 1958.6
1113280 1957.8
1113290 1957.4
1113300 1957.4
1113310 1957.4
1113320 1958.6
1113330 1958.6
1113340 1955.6
1113350 1952.5
1113360 1952.5
1113370 1950.5
1113380 1949.5
1113390 1949.5
1113400 1948.2
1113410 1949.6
1113420 1949.6
1113430 1951.7
1113440 1953.6
1113450 1953.6
1113460 1955.8
1113470 1955.6
1113480 1955.6
1113490 1955.6
1113500 1956.3
1113510 1956.3
1113520 1955.3
1113530 1953.2
1113540 1950.9
1113550 1952.5
1113560 1952.2
1113570 1950.6
1113580 1950.6
1113590 1949.0
1113600 1950.3
1113610 1950.3
1113620 1952.2
1113630 1952.5
1113640 1952.5
1113650 1950.8
1113660 1949.6
1113670 1949.6
1113680 1949.6
1113690 1951.1
1113700 1951.1
1113710 1951.8
1113720 1950.3
1113730 1950.3
1113740 1948.2
1113750 1949.1
1113760 1949.1
1113770 1951.6
1113780 1954.1
1113790 1957.1
1113800 1957.1
1113810 1960.9
1113820 1964.9
1113830 1964.9
1113840 1968.2
1113850 1972.3
1113860 1972.3
1113870 1976.7
1113880 1980.5
1113890 1980.5
1113900 1988.4
1113910 1991.3
1113920 1991.3
1113930 1992.9
1113940 1999.4
1113950 1999.4
1113960 2006.5
1113970 2014.3
1113980 2014.3
1113990 2023.9
1114000 2031.5
1114010 2031.5
1114020 2038.0
1114030 2044.3
1114040 2049.9
1114050 2049.9
1114060 2054.6
1114070 2059.5
1114080 2059.5
1114090 2066.4
1114100 2069.9
1114110 2069.9
1114120 2072.4
1114130 2076.8
1114140 2076.8
1114150 2079.2
1114160 2080.2
1114170 2080.2
1114180 2084.7
1114190 2088.3
1114200 2088.3
1114210 2091.8
1114220 2094.0
1114230 2094.0
1114240 2106.9
1114250 2107.6
1114260 2107.6
1114270 2107.0
1114280 2107.2
1114290 2106.8
1114300 2106.8
1114310 2106.6
1114320 2111.0
1114330 2111.0
1114340 2116.2
1114350 2123.0
1114360 2123.0
1114370 2127.0
1114380 2122.9
1114390 2122.9
1114400 2122.9
1114410 2130.1
1114420 2130.1
1114430 2134.4
1114440 2144.3
1114450 2144.3
1114460 2152.9
1114470 2158.4
1114480 2158.4
1114490 2161.1
1114500 2161.8
1114510 2161.8
1114520 2160.6
1114530 2159.4
1114540 2161.2
1114550 2161.2
1114560 2162.9
1114570 2164.5
1114580 2172.9
1114590 2172.0
1114600 2168.2
1114610 2168.2
1114620 2166.6
1114630 2164.6
1114640 2164.6
1114650 2163.0
1114660 2160.0
1114670 2160.0
1114680 2157.3
1114690 2154.5
1114700 2154.5
1114710 2155.5
1114720 2155.9
1114730 2155.9
1114740 2156.4
1114750 2154.8
1114760 2154.8
1114770 2153.5
1114780 2154.0
1114790 2153.0
1114800 2153.0
1114810 2148.9
1114820 2145.0
1114830 2145.0
1114840 2142.4
1114850 2139.2
1114860 2139.2
1114870 2136.5
1114880 2135.7
1114890 2135.7
1114900 2131.7
1114910 2128.0
1114920 2128.0
1114930 2124.1
1114940 2120.5
1114950 2120.5
1114960 2118.4
1114970 2115.5
1114980 2115.5
1114990 2115.1
1115000 2112.2
1115010 2107.6
1115020 2107.6
1115030 2106.5
1115040 2104.8
1115050 2104.8
1115060 2100.5
1115070 2098.1
1115080 2098.1
1115090 2095.2
1115100 2090.9
1115110 2090.9
1115120 2088.7
1115130 2083.5
1115140 2083.5
1115150 2078.9
1115160 2075.1
1115170 2075.1
1115180 2067.9
1115190 2060.6
1115200 2060.6
1115210 2056.0
1115220 2050.5
1115230 2050.5
1115240 2043.7
1115250 2038.9
1115260 2028.6
1115270 2037.0
1115280 2028.5
1115290 2021.3
1115300 2021.3
1115310 2016.2
1115320 2013.8
1115330 2013.8
1115340 2012.3
1115350 2010.9
1115360 2010.9
1115370 2009.4
1115380 2007.7
1115390 2007.7
1115400 2007.3
1115410 2010.1
1115420 2010.1
1115430 2014.9
1115440 2022.1
1115450 2022.1
1115460 2025.1
1115470 2029.5
1115480 2029.5
1115490 2033.1
1115500 2034.8
1115510 2039.1
1115520 2039.1
1115530 2043.2
1115540 2048.6
1115550 2048.6
1115560 2052.6
1115570 2058.5
1115580 2058.5
1115590 2064.8
1115600 2068.1
1115610 2068.1
1115620 2069.9
1115630 2072.3
1115640 2072.3
1115650 2076.0
1115660 2080.5
1115670 2080.5
1115680 2087.0
1115690 2094.0
1115700 2094.0
1115710 2099.9
1115720 2099.6
1115730 2099.6
1115740 2100.3
1115750 2103.7
1115760 2107.6
1115770 2107.6
1115780 2111.0
1115790 2115.5
1115800 2115.5
1115810 2120.0
1115820 2125.0
1115830 2125.0
1115840 2130.6
1115850 2136.8
1115860 2136.8
1115870 2143.7
1115880 2149.7
1115890 2149.7
1115900 2156.5
1115910 2163.2
1115920 2163.2
1115930 2170.3
1115940 2177.3
1115950 2177.3
1115960 2188.8
1115970 2196.7
1115980 2196.7
1115990 2207.7
1116000 2236.4
1116010 2241.2
1116020 2241.2
1116030 2244.5
1116040 2250.7
1116050 2250.7
1116060 2257.3
1116070 2261.8
1116080 2261.8
1116090 2266.6
1116100 2272.3
1116110 2272.3
1116120 2276.9
1116130 2280.1
1116140 2280.1
1116150 2283.0
1116160 2286.7
1116170 2286.7
1116180 2290.0
1116190 2293.2
1116200 2293.2
1116210 2295.0
1116220 2295.1
1116230 2295.1
1116240 2293.7
1116250 2292.2
1116260 2291.8
1116270 2291.8
1116280 2293.1
1116290 2295.5
1116300 2295.5
1116310 2296.4
1116320 2299.4
1116330 2299.4
1116340 2301.5
1116350 2303.5
1116360 2303.5
1116370 2306.9
1116380 2309.6
1116390 2309.6
1116400 2314.9
1116410 2319.2
1116420 2319.2
1116430 2320.3
1116440 2321.3
1116450 2321.3
1116460 2322.1
1116470 2324.4
1116480 2324.4
1116490 2326.6
1116500 2327.2
1116510 2328.8
1116520 2328.8
1116530 2331.2
1116540 2333.7
1116550 2333.7
1116560 2335.2
1116570 2334.5
1116580 2334.5
1116590 2333.8
1116600 2333.8
1116610 2333.8
1116620 2331.8
1116630 2328.6
1116640 2328.6
1116650 2326.1
1116660 2324.4
1116670 2324.4
1116680 2321.8
1116690 2318.1
1116700 2318.1
1116710 2312.6
1116720 2308.7
1116730 2305.6
1116740 2305.6
1116750 2303.7
1116760 2301.4
1116770 2301.4
1116780 2297.7
1116790 2293.5
1116800 2293.5
1116810 2290.6
1116820 2288.8
1116830 2288.8
1116840 2286.4
1116850 2282.4
1116860 2282.4
1116870 2278.8
1116880 2278.4
1116890 2278.4
1116900 2277.7
1116910 2278.1
1116920 2278.1
1116930 2279.3
1116940 2280.7
1116950 2280.7
1116960 2282.6
1116970 2285.4
1116980 2289.2
1116990 2289.2
1117000 2287.6
1117010 2291.9
1117020 2291.9
1117030 2299.1
1117040 2305.9
1117050 2305.9
1117060 2309.6
1117070 2312.1
1117080 2312.1
1117090 2314.8
1117100 2319.2
1117110 2319.2
1117120 2320.5
1117130 2317.7
1117140 2317.7
1117150 2312.9
1117160 2309.8
1117170 2309.8
1117180 2308.0
1117190 2306.3
1117200 2306.3
1117210 2305.8
1117220 2305.6
1117230 2305.6
1117240 2305.6
1117250 2305.7
1117260 2306.0
1117270 2306.0
1117280 2307.2
1117290 2310.0
1117300 2310.0
1117310 2313.1
1117320 2317.4
1117330 2317.4
1117340 2320.1
1117350 2321.2
1117360 2321.2
1117370 2321.0
1117380 2321.0
1117390 2321.0
1117400 2321.2
1117410 2321.2
1117420 2321.2
1117430 2322.1
1117440 2325.8
1117450 2325.8
1117460 2332.1
1117470 2337.3
1117480 2340.5
1117490 2340.5
1117500 2345.1
1117510 2350.9
1117520 2350.9
1117530 2357.2
1117540 2364.3
1117550 2364.3
1117560 2372.2
1117570 2381.0
1117580 2381.0
1117590 2392.5
1117600 2404.4
1117610 2404.4
1117620 2414.9
1117630 2423.9
1117640 2423.9
1117650 2432.9
1117660 2442.2
1117670 2442.2
1117680 2449.5
1117690 2434.0
1117700 2434.0
1117710 2409.6
1117720 2392.3
1117730 2384.8
1117740 2384.8
1117750 2379.7
1117760 2374.3
1117770 2374.3
1117780 2368.0
1117790 2362.4
1117800 2362.4
1117810 2357.9
1117820 2354.4
1117830 2354.4
1117840 2350.9
1117850 2347.0
1117860 2347.0
1117870 2343.8
1117880 2340.3
1117890 2340.3
1117900 2336.9
1117910 2333.6
1117920 2333.6
1117930 2330.3
1117940 2326.8
1117950 2326.8
1117960 2323.1
1117970 2319.3
1117980 2315.6
1117990 2315.6
1118000 2311.5
1118010 2307.4
1118020 2307.4
1118030 2299.7
1118040 2295.7
1118050 2295.7
1118060 2292.6
1118070 2292.2
1118080 2292.2
1118090 2292.3
1118100 2292.9
1118110 2292.9
1118120 2293.0
1118130 2293.0
1118140 2293.0
1118150 2293.0
1118160 2291.4
1118170 2291.4
1118180 2288.6
1118190 2287.5
1118200 2287.5
1118210 2284.3
1118220 2280.8
1118230 2277.8
1118240 2277.8
1118250 2277.9
1118260 2279.8
1118270 2279.8
1118280 2284.2
1118290 2288.4
1118300 2288.4
1118310 2291.5
1118320 2293.2
1118330 2293.2
1118340 2296.9
1118350 2302.5
1118360 2302.5
1118370 2308.0
1118380 2300.9
1118390 2300.9
1118400 2304.3
1118410 2294.1
1118420 2294.1
1118430 2281.0
1118440 2285.9
1118450 2294.5
1118460 2294.5
1118470 2285.9
1118480 2273.5
1118490 2273.5
1118500 2264.2
1118510 2252.7
1118520 2252.7
1118530 2239.6
1118540 2224.9
1118550 2224.9
1118560 2210.0
1118570 2195.7
1118580 2195.7
1118590 2185.6
1118600 2173.5
1118610 2173.5
1118620 2163.8
1118630 2156.1
1118640 2156.1
1118650 2148.1
1118660 2135.4
1118670 2135.4
1118680 2120.7
1118690 2106.7
1118700 2093.2
1118710 2093.2
1118720 2082.0
1118730 2081.2
1118740 2081.2
1118750 2073.1
1118760 2065.7
1118770 2065.7
1118780 2058.2
1118790 2051.1
1118800 2051.1
1118810 2043.4
1118820 2035.5
1118830 2035.5
1118840 2030.0
1118850 2024.5
1118860 2024.5
1118870 2018.2
1118880 2012.2
1118890 2012.2
1118900 2005.9
1118910 1999.5
1118920 1999.5
1118930 1993.9
1118940 1988.3
1118950 1981.4
1118960 1981.4
1118970 1975.0
1118980 1969.4
1118990 1969.4
1119000 1964.4
1119010 1958.4
1119020 1958.4
1119030 1952.9
1119040 1947.7
1119050 1947.7
1119060 1942.5
1119070 1937.3
1119080 1936.5
1119090 1931.5
1119100 1926.6
1119110 1926.6
1119120 1922.1
1119130 1917.4
1119140 1917.4
1119150 1913.0
1119160 1908.4
1119170 1908.4
1119180 1903.9
1119190 1899.9
1119200 1895.2
1119210 1895.2
1119220 1890.7
1119230 1887.3
1119240 1887.3
1119250 1884.3
1119260 1881.7
1119270 1881.7
1119280 1880.6
1119290 1879.5
1119300 1879.5
1119310 1879.4
1119320 1880.4
1119330 1880.4
1119340 1879.5
1119350 1874.8
1119360 1874.8
1119370 1869.8
1119380 1865.8
1119390 1865.8
1119400 1860.8
1119410 1854.9
1119420 1854.1
1119430 1848.5
1119440 1842.9
1119450 1839.0
1119460 1839.0
1119470 1838.7
1119480 1838.3
1119490 1838.3
1119500 1837.2
1119510 1834.8
1119520 1834.8
1119530 1830.6
1119540 1824.5
1119550 1824.5
1119560 1819.2
1119570 1812.0
1119580 1812.0
1119590 1806.3
1119600 1802.2
1119610 1802.2
1119620 1797.7
1119630 1792.8
1119640 1792.8
1119650 1786.9
1119660 1780.9
1119670 1780.9
1119680 1775.3
1119690 1769.3
1119700 1764.7
1119710 1764.7
1119720 1760.4
1119730 1755.4
1119740 1755.4
1119750 1749.8
1119760 1745.3
1119770 1749.3
1119780 1744.9
1119790 1740.9
1119800 1740.9
1119810 1738.2
1119820 1735.5
1119830 1735.5
1119840 1733.0
1119850 1732.1
1119860 1732.1
1119870 1732.1
1119880 1732.3
1119890 1732.3
1119900 1732.3
1119910 1732.6
1119920 1732.6
1119930 1732.9
1119940 1732.7
1119950 1733.4
1119960 1733.4
1119970 1735.6
1119980 1738.6
1119990 1738.6
