1100000 1774.6
1100010 1777.6
1100020 1777.6
1100030 1780.5
1100040 1783.0
1100050 1783.0
1100060 1785.3
1100070 1787.4
1100080 1787.4
1100090 1790.0
1100100 1793.0
1100110 1793.0
1100120 1795.9
1100130 1796.5
1100140 1797.9
1100150 1791.9
1100160 1780.8
1100170 1771.8
1100180 1771.8
1100190 1763.8
1100200 1756.9
1100210 1756.9
1100220 1749.8
1100230 1743.2
1100240 1743.2
1100250 1736.7
1100260 1730.5
1100270 1730.5
1100280 1725.0
1100290 1719.4
1100300 1719.4
1100310 1715.4
1100320 1715.3
1100330 1715.3
1100340 1712.4
1100350 1699.3
1100360 1699.3
1100370 1680.9
1100380 1676.5
1100390 1672.4
1100400 1672.4
1100410 1669.9
1100420 1669.1
1100430 1669.1
1100440 1669.0
1100450 1667.6
1100460 1667.6
1100470 1659.4
1100480 1658.5
1100490 1658.5
1100500 1656.8
1100510 1656.6
1100520 1656.6
1100530 1654.1
1100540 1652.2
1100550 1652.2
1100560 1652.3
1100570 1651.3
1100580 1651.3
1100590 1647.3
1100600 1640.0
1100610 1640.0
1100620 1633.7
1100630 1629.5
1100640 1626.0
1100650 1626.0
1100660 1623.1
1100670 1619.1
1100680 1619.1
1100690 1614.4
1100700 1610.4
1100710 1610.4
1100720 1606.5
1100730 1602.0
1100740 1602.0
1100750 1598.1
1100760 1594.7
1100770 1594.7
1100780 1591.6
1100790 1588.6
1100800 1583.0
1100810 1580.0
1100820 1576.5
1100830 1576.5
1100840 1572.1
1100850 1567.1
1100860 1567.1
1100870 1562.9
1100880 1559.6
1100890 1556.2
1100900 1556.2
1100910 1553.7
1100920 1551.5
1100930 1551.5
1100940 1549.1
1100950 1548.3
1100960 1548.3
1100970 1547.8
1100980 1547.2
1100990 1547.2
1101000 1547.4
1101010 1546.6
1101020 1546.6
1101030 1545.8
1101040 1545.5
1101050 1545.5
1101060 1547.0
1101070 1549.2
1101080 1549.2
1101090 1551.7
1101100 1554.8
1101110 1554.8
1101120 1557.1
1101130 1555.7
1101140 1558.6
1101150 1558.6
1101160 1563.2
1101170 1565.2
1101180 1565.2
1101190 1567.2
1101200 1568.8
1101210 1568.8
1101220 1572.1
1101230 1575.9
1101240 1575.9
1101250 1580.9
1101260 1601.9
1101270 1601.9
1101280 1629.4
1101290 1651.6
1101300 1651.6
1101310 1667.4
1101320 1654.0
1101330 1654.0
1101340 1606.3
1101350 1600.7
1101360 1600.7
1101370 1601.3
1101380 1606.5
1101390 1616.5
1101400 1616.5
1101410 1626.0
1101420 1634.6
1101430 1634.6
1101440 1647.8
1101450 1678.9
1101460 1671.0
1101470 1677.7
1101480 1683.7
1101490 1683.7
1101500 1684.3
1101510 1688.0
1101520 1688.0
1101530 1705.8
1101540 1689.2
1101550 1689.2
1101560 1690.9
1101570 1656.6
1101580 1656.6
1101590 1640.5
1101600 1644.4
1101610 1644.4
1101620 1637.7
1101630 1644.1
1101640 1650.0
1101650 1650.0
1101660 1652.9
1101670 1647.0
1101680 1647.0
1101690 1610.2
1101700 1611.5
1101710 1611.5
1101720 1627.1
1101730 1639.0
1101740 1639.0
1101750 1652.4
1101760 1662.3
1101770 1662.3
1101780 1643.9
1101790 1598.3
1101800 1598.3
1101810 1578.2
1101820 1571.1
1101830 1571.1
1101840 1574.2
1101850 1582.8
1101860 1582.8
1101870 1585.8
1101880 1599.2
1101890 1604.6
1101900 1604.6
1101910 1601.0
1101920 1607.4
1101930 1607.4
1101940 1612.6
1101950 1617.7
1101960 1617.7
1101970 1622.6
1101980 1627.8
1101990 1627.8
1102000 1633.8
1102010 1643.3
1102020 1643.3
1102030 1650.5
1102040 1657.9
1102050 1657.9
1102060 1664.8
1102070 1666.2
1102080 1666.2
1102090 1664.8
1102100 1664.6
1102110 1664.6
1102120 1666.4
1102130 1678.0
1102140 1685.9
1102150 1685.9
1102160 1690.7
1102170 1697.4
1102180 1697.4
1102190 1706.0
1102200 1711.5
1102210 1711.5
1102220 1709.4
1102230 1708.5
1102240 1708.5
1102250 1706.9
1102260 1701.4
1102270 1701.4
1102280 1693.7
1102290 1686.0
1102300 1686.0
1102310 1679.9
1102320 1674.5
1102330 1674.5
1102340 1669.9
1102350 1668.5
1102360 1668.5
1102370 1666.0
1102380 1663.2
1102390 1659.3
1102400 1659.3
1102410 1653.9
1102420 1645.6
1102430 1645.6
1102440 1641.5
1102450 1645.0
1102460 1637.7
1102470 1637.3
1102480 1633.4
1102490 1633.4
1102500 1629.5
1102510 1625.8
1102520 1625.8
1102530 1622.0
1102540 1619.0
1102550 1619.0
1102560 1610.9
1102570 1604.9
1102580 1604.9
1102590 1608.2
1102600 1616.3
1102610 1623.3
1102620 1623.3
1102630 1624.6
1102640 1624.8
1102650 1624.8
1102660 1624.0
1102670 1622.8
1102680 1622.8
1102690 1620.6
1102700 1615.1
1102710 1615.1
1102720 1607.9
1102730 1607.6
1102740 1607.6
1102750 1612.1
1102760 1618.9
1102770 1618.9
1102780 1624.0
1102790 1618.4
1102800 1618.4
1102810 1616.8
1102820 1618.5
1102830 1618.5
1102840 1618.1
1102850 1617.6
1102860 1615.3
1102870 1615.3
1102880 1613.6
1102890 1615.6
1102900 1615.6
1102910 1616.0
1102920 1614.9
1102930 1614.9
1102940 1617.6
1102950 1614.0
1102960 1614.0
1102970 1618.6
1102980 1625.5
1102990 1625.5
1103000 1633.5
1103010 1647.7
1103020 1647.7
1103030 1666.7
1103040 1684.1
1103050 1684.1
1103060 1694.2
1103070 1696.9
1103080 1696.9
1103090 1700.3
1103100 1702.1
1103110 1705.3
1103120 1697.4
1103130 1708.2
1103140 1718.0
1103150 1718.0
1103160 1732.8
1103170 1742.5
1103180 1742.5
1103190 1747.7
1103200 1743.6
1103210 1743.6
1103220 1741.2
1103230 1744.3
1103240 1744.3
1103250 1748.5
1103260 1744.1
1103270 1744.1
1103280 1741.7
1103290 1751.2
1103300 1751.2
1103310 1767.9
1103320 1785.7
1103330 1785.7
1103340 1796.0
1103350 1806.5
1103360 1814.1
1103370 1814.1
1103380 1825.7
1103390 1837.6
1103400 1837.6
1103410 1848.2
1103420 1857.6
1103430 1857.6
1103440 1863.9
1103450 1869.9
1103460 1870.7
1103470 1879.0
1103480 1885.7
1103490 1885.7
1103500 1888.7
1103510 1892.2
1103520 1892.2
1103530 1895.2
1103540 1895.4
1103550 1895.4
1103560 1888.5
1103570 1882.5
1103580 1882.5
1103590 1878.3
1103600 1870.6
1103610 1867.1
1103620 1867.1
1103630 1867.6
1103640 1868.0
1103650 1868.0
1103660 1877.6
1103670 1908.9
1103680 1908.9
1103690 1937.5
1103700 1975.2
1103710 1975.2
1103720 1994.8
1103730 2002.7
1103740 2002.7
1103750 2000.8
1103760 2001.1
1103770 2001.1
1103780 2026.3
1103790 2045.6
1103800 2045.6
1103810 2062.6
1103820 2072.0
1103830 2072.0
1103840 2072.6
1103850 2076.3
1103860 2058.7
1103870 2058.7
1103880 2062.2
1103890 2041.0
1103900 2041.0
1103910 1991.8
1103920 1982.1
1103930 1982.1
1103940 1975.7
1103950 1953.3
1103960 1953.3
1103970 1960.5
1103980 1974.5
1103990 1974.5
1104000 1989.8
1104010 2007.4
1104020 2007.4
1104030 2020.0
1104040 2020.9
1104050 2020.9
1104060 2023.4
1104070 2033.2
1104080 2033.2
1104090 2043.5
1104100 2049.1
1104110 2057.4
1104120 2056.7
1104130 2063.4
1104140 2069.9
1104150 2069.9
1104160 2073.6
1104170 2071.0
1104180 2071.0
1104190 2059.5
1104200 2054.9
1104210 2054.9
1104220 2057.3
1104230 2058.9
1104240 2058.9
1104250 2035.0
1104260 1973.7
1104270 1973.7
1104280 1930.8
1104290 1915.1
1104300 1915.1
1104310 1913.3
1104320 1915.7
1104330 1915.7
1104340 1923.4
1104350 1932.6
1104360 1932.1
1104370 1932.1
1104380 1932.6
1104390 1943.2
1104400 1943.2
1104410 1952.6
1104420 1961.4
1104430 1961.4
1104440 1970.4
1104450 1976.6
1104460 1969.3
1104470 1977.9
1104480 1987.1
1104490 1987.1
1104500 1997.3
1104510 2005.3
1104520 2005.3
1104530 2013.5
1104540 2021.0
1104550 2021.0
1104560 2026.7
1104570 2032.4
1104580 2032.4
1104590 2038.6
1104600 2044.3
1104610 2048.0
1104620 2048.0
1104630 2053.0
1104640 2059.4
1104650 2059.4
1104660 2065.9
1104670 2070.8
1104680 2070.8
1104690 2075.3
1104700 2081.4
1104710 2081.4
1104720 2088.6
1104730 2094.2
1104740 2094.2
1104750 2096.1
1104760 2101.0
1104770 2101.0
1104780 2108.5
1104790 2112.4
1104800 2112.4
1104810 2120.6
1104820 2130.5
1104830 2140.0
1104840 2140.0
1104850 2149.3
1104860 2161.7
1104870 2161.7
1104880 2167.9
1104890 2162.9
1104900 2162.9
1104910 2154.6
1104920 2147.5
1104930 2147.5
1104940 2140.7
1104950 2133.7
1104960 2133.7
1104970 2125.7
1104980 2120.0
1104990 2120.0
1105000 2113.9
1105010 2107.1
1105020 2107.1
1105030 2101.2
1105040 2099.7
1105050 2099.7
1105060 2089.3
1105070 2082.7
1105080 2077.0
1105090 2077.0
1105100 2074.9
1105110 2072.7
1105120 2072.7
1105130 2075.0
1105140 2069.7
1105150 2069.7
1105160 2064.9
1105170 2060.2
1105180 2060.2
1105190 2057.6
1105200 2055.0
1105210 2055.0
1105220 2053.7
1105230 2054.2
1105240 2054.2
1105250 2053.4
1105260 2051.8
1105270 2051.8
1105280 2050.6
1105290 2049.6
1105300 2049.6
1105310 2047.2
1105320 2043.1
1105330 2040.5
1105340 2040.5
1105350 2044.0
1105360 2045.6
1105370 2045.6
1105380 2046.0
1105390 2046.5
1105400 2046.5
1105410 2047.5
1105420 2049.1
1105430 2049.1
1105440 2051.1
1105450 2053.3
1105460 2059.9
1105470 2061.2
1105480 2064.4
1105490 2064.4
1105500 2067.7
1105510 2070.8
1105520 2070.8
1105530 2072.5
1105540 2074.8
1105550 2074.8
1105560 2077.0
1105570 2078.2
1105580 2080.0
1105590 2080.0
1105600 2081.9
1105610 2085.6
1105620 2085.6
1105630 2090.1
1105640 2097.1
1105650 2097.1
1105660 2113.8
1105670 2119.0
1105680 2119.0
1105690 2129.0
1105700 2136.7
1105710 2136.7
1105720 2150.4
1105730 2169.7
1105740 2169.7
1105750 2168.4
1105760 2164.2
1105770 2164.2
1105780 2160.8
1105790 2157.1
1105800 2163.5
1105810 2162.4
1105820 2164.8
1105830 2169.3
1105840 2169.3
1105850 2175.9
1105860 2179.0
1105870 2179.0
1105880 2180.5
1105890 2184.7
1105900 2184.7
1105910 2187.3
1105920 2182.9
1105930 2182.9
1105940 2192.2
1105950 2199.6
1105960 2199.6
1105970 2208.5
1105980 2220.5
1105990 2220.5
1106000 2240.5
1106010 2248.4
1106020 2248.4
1106030 2252.7
1106040 2255.0
1106050 2255.0
1106060 2254.7
1106070 2256.6
1106080 2257.5
1106090 2257.5
1106100 2260.2
1106110 2264.2
1106120 2264.2
1106130 2253.1
1106140 2255.9
1106150 2255.9
1106160 2257.8
1106170 2261.2
1106180 2261.2
1106190 2266.1
1106200 2272.1
1106210 2272.1
1106220 2276.3
1106230 2276.5
1106240 2276.5
1106250 2272.7
1106260 2255.1
1106270 2255.1
1106280 2239.5
1106290 2231.8
1106300 2231.8
1106310 2224.7
1106320 2210.4
1106330 2209.4
1106340 2209.4
1106350 2204.9
1106360 2188.9
1106370 2188.9
1106380 2181.9
1106390 2175.2
1106400 2175.2
1106410 2169.8
1106420 2169.3
1106430 2169.3
1106440 2170.8
1106450 2168.1
1106460 2168.1
1106470 2160.6
1106480 2155.8
1106490 2155.8
1106500 2151.6
1106510 2149.8
1106520 2149.8
1106530 2147.2
1106540 2145.5
1106550 2145.5
1106560 2143.8
1106570 2140.9
1106580 2139.6
1106590 2139.6
1106600 2139.3
1106610 2139.5
1106620 2139.5
1106630 2137.7
1106640 2138.6
1106650 2138.6
1106660 2140.0
1106670 2140.8
1106680 2140.8
1106690 2141.8
1106700 2143.0
1106710 2143.0
1106720 2145.3
1106730 2146.6
1106740 2146.6
1106750 2145.3
1106760 2144.8
1106770 2144.8
1106780 2142.1
1106790 2137.0
1106800 2130.7
1106810 2130.7
1106820 2129.2
1106830 2128.0
1106840 2128.0
1106850 2126.7
1106860 2125.7
1106870 2125.7
1106880 2123.6
1106890 2121.8
1106900 2121.8
1106910 2125.0
1106920 2129.1
1106930 2129.1
1106940 2132.8
1106950 2137.3
1106960 2137.3
1106970 2142.4
1106980 2147.5
1106990 2147.5
1107000 2152.2
1107010 2157.2
1107020 2157.2
1107030 2162.5
1107040 2167.2
1107050 2170.2
1107060 2170.2
1107070 2175.8
1107080 2185.4
1107090 2185.4
1107100 2192.6
1107110 2200.3
1107120 2200.3
1107130 2205.6
1107140 2206.5
1107150 2206.5
1107160 2210.5
1107170 2216.2
1107180 2216.2
1107190 2222.9
1107200 2227.1
1107210 2227.1
1107220 2229.4
1107230 2232.6
1107240 2232.6
1107250 2235.3
1107260 2237.8
1107270 2237.8
1107280 2242.2
1107290 2244.4
1107300 2247.1
1107310 2247.1
1107320 2250.4
1107330 2253.4
1107340 2253.4
1107350 2255.4
1107360 2256.1
1107370 2256.1
1107380 2257.0
1107390 2257.2
1107400 2257.2
1107410 2257.5
1107420 2258.1
1107430 2258.1
1107440 2260.6
1107450 2263.2
1107460 2263.2
1107470 2269.0
1107480 2270.7
1107490 2270.7
1107500 2279.0
1107510 2285.2
1107520 2285.2
1107530 2289.4
1107540 2291.0
1107550 2290.0
1107560 2290.0
1107570 2289.3
1107580 2288.6
1107590 2288.6
1107600 2288.6
1107610 2290.1
1107620 2290.1
1107630 2292.5
1107640 2295.4
1107650 2295.4
1107660 2297.6
1107670 2299.4
1107680 2299.4
1107690 2301.8
1107700 2306.2
1107710 2306.2
1107720 2311.8
1107730 2319.8
1107740 2319.8
1107750 2330.1
1107760 2339.4
1107770 2339.4
1107780 2350.8
1107790 2355.1
1107800 2349.1
1107810 2349.1
1107820 2329.9
1107830 2322.5
1107840 2322.5
1107850 2318.2
1107860 2314.6
1107870 2314.6
1107880 2312.5
1107890 2309.3
1107900 2309.3
1107910 2308.5
1107920 2306.5
1107930 2306.5
1107940 2301.4
1107950 2298.8
1107960 2298.8
1107970 2299.0
1107980 2298.7
1107990 2298.7
1108000 2297.0
1108010 2294.3
1108020 2294.3
1108030 2293.4
1108040 2293.1
1108050 2292.0
1108060 2292.0
1108070 2292.2
1108080 2290.8
1108090 2290.8
1108100 2288.9
1108110 2287.2
1108120 2287.2
1108130 2285.5
1108140 2282.0
1108150 2282.6
1108160 2279.0
1108170 2273.2
1108180 2273.2
1108190 2268.0
1108200 2263.6
1108210 2263.6
1108220 2259.5
1108230 2257.0
1108240 2257.0
1108250 2257.5
1108260 2259.9
1108270 2259.9
1108280 2263.2
1108290 2268.3
1108300 2276.2
1108310 2276.2
1108320 2283.6
1108330 2291.2
1108340 2291.2
1108350 2296.2
1108360 2299.4
1108370 2299.4
1108380 2301.9
1108390 2304.7
1108400 2304.7
1108410 2300.7
1108420 2296.0
1108430 2296.0
1108440 2293.4
1108450 2293.1
1108460 2293.1
1108470 2295.9
1108480 2300.0
1108490 2294.4
1108500 2299.0
1108510 2306.1
1108520 2306.1
1108530 2312.8
1108540 2313.2
1108550 2309.1
1108560 2309.1
1108570 2302.8
1108580 2296.7
1108590 2296.7
1108600 2291.1
1108610 2285.8
1108620 2285.8
1108630 2281.1
1108640 2277.1
1108650 2277.1
1108660 2272.3
1108670 2268.4
1108680 2268.4
1108690 2264.5
1108700 2258.2
1108710 2258.2
1108720 2253.3
1108730 2251.5
1108740 2251.5
1108750 2250.8
1108760 2248.1
1108770 2248.1
1108780 2248.2
1108790 2246.8
1108800 2246.8
1108810 2246.8
1108820 2250.6
1108830 2261.6
1108840 2261.6
1108850 2265.7
1108860 2265.0
1108870 2265.0
1108880 2260.2
1108890 2261.2
1108900 2261.2
1108910 2263.5
1108920 2263.8
1108930 2263.8
1108940 2262.0
1108950 2250.3
1108960 2250.3
1108970 2244.2
1108980 2237.4
1108990 2237.4
1109000 2229.7
1109010 2230.2
1109020 2236.3
1109030 2236.3
1109040 2231.7
1109050 2235.3
1109060 2235.3
1109070 2234.0
1109080 2229.4
1109090 2229.4
1109100 2228.7
1109110 2229.9
1109120 2229.9
1109130 2229.2
1109140 2230.3
1109150 2230.3
1109160 2230.9
1109170 2236.0
1109180 2236.0
1109190 2236.5
1109200 2238.9
1109210 2238.9
1109220 2240.0
1109230 2240.5
1109240 2240.5
1109250 2243.0
1109260 2247.5
1109270 2252.3
1109280 2252.3
1109290 2254.6
1109300 2255.4
1109310 2255.4
1109320 2254.6
1109330 2254.4
1109340 2254.4
1109350 2255.9
1109360 2259.8
1109370 2259.8
1109380 2263.3
1109390 2262.6
1109400 2262.6
1109410 2257.3
1109420 2254.3
1109430 2254.3
1109440 2250.0
1109450 2244.3
1109460 2244.3
1109470 2241.4
1109480 2236.9
1109490 2236.9
1109500 2230.6
1109510 2232.6
1109520 2229.2
1109530 2229.2
1109540 2225.0
1109550 2223.3
1109560 2223.3
1109570 2221.5
1109580 2217.2
1109590 2217.2
1109600 2212.8
1109610 2210.3
1109620 2210.3
1109630 2207.8
1109640 2205.3
1109650 2205.3
1109660 2201.7
1109670 2195.7
1109680 2195.7
1109690 2192.2
1109700 2193.8
1109710 2193.8
1109720 2196.5
1109730 2200.2
1109740 2200.2
1109750 2193.5
1109760 2185.3
1109770 2180.1
1109780 2180.1
1109790 2176.9
1109800 2173.2
1109810 2173.2
1109820 2170.5
1109830 2168.3
1109840 2171.9
1109850 2169.4
1109860 2164.9
1109870 2164.9
1109880 2162.3
1109890 2163.7
1109900 2163.7
1109910 2165.9
1109920 2167.3
1109930 2167.3
1109940 2165.2
1109950 2162.3
1109960 2162.3
1109970 2159.5
1109980 2158.3
1109990 2158.3
1110000 2159.6
1110010 2162.1
1110020 2166.4
1110030 2166.4
1110040 2167.7
1110050 2165.6
1110060 2165.6
1110070 2161.9
1110080 2154.8
1110090 2154.8
1110100 2142.8
1110110 2128.9
1110120 2128.9
1110130 2114.6
1110140 2108.0
1110150 2108.0
1110160 2105.1
1110170 2099.2
1110180 2106.4
1110190 2102.9
1110200 2099.1
1110210 2099.1
1110220 2091.9
1110230 2085.7
1110240 2085.7
1110250 2084.1
1110260 2081.9
1110270 2077.9
1110280 2077.9
1110290 2072.4
1110300 2068.2
1110310 2068.2
1110320 2063.6
1110330 2058.7
1110340 2058.7
1110350 2054.8
1110360 2051.8
1110370 2051.8
1110380 2047.9
1110390 2044.3
1110400 2044.3
1110410 2038.3
1110420 2032.4
1110430 2032.4
1110440 2026.3
1110450 2023.0
1110460 2023.0
1110470 2021.0
1110480 2016.0
1110490 2016.0
1110500 2013.9
1110510 2010.2
1110520 2011.6
1110530 2011.6
1110540 2007.0
1110550 2002.2
1110560 2002.2
1110570 1998.1
1110580 1994.3
1110590 1994.3
1110600 1990.8
1110610 1988.0
1110620 1988.0
1110630 1983.6
1110640 1980.1
1110650 1980.1
1110660 1977.9
1110670 1974.4
1110680 1974.4
1110690 1968.7
1110700 1965.8
1110710 1965.8
1110720 1964.3
1110730 1963.0
1110740 1963.0
1110750 1962.7
1110760 1959.1
1110770 1957.2
1110780 1957.2
1110790 1958.2
1110800 1957.8
1110810 1957.8
1110820 1955.0
1110830 1952.6
1110840 1952.6
1110850 1949.9
1110860 1949.2
1110870 1949.2
1110880 1946.3
1110890 1944.1
1110900 1944.1
1110910 1942.1
1110920 1940.4
1110930 1940.4
1110940 1939.8
1110950 1940.2
1110960 1940.2
1110970 1938.3
1110980 1935.0
1110990 1931.1
1111000 1931.1
1111010 1930.4
1111020 1930.0
1111030 1930.0
1111040 1927.8
1111050 1925.8
1111060 1925.8
1111070 1924.5
1111080 1923.8
1111090 1923.8
1111100 1922.2
1111110 1919.3
1111120 1919.3
1111130 1916.9
1111140 1912.2
1111150 1912.2
1111160 1906.0
1111170 1902.5
1111180 1902.5
1111190 1899.8
1111200 1896.8
1111210 1896.8
1111220 1896.6
1111230 1896.8
1111240 1896.9
1111250 1896.9
1111260 1896.9
1111270 1897.4
1111280 1897.4
1111290 1896.4
1111300 1895.8
1111310 1895.8
1111320 1893.9
1111330 1891.0
1111340 1891.0
1111350 1885.4
1111360 1883.3
1111370 1883.3
1111380 1885.1
1111390 1885.3
1111400 1885.3
1111410 1884.7
1111420 1882.6
1111430 1882.6
1111440 1879.6
1111450 1876.5
1111460 1876.5
1111470 1874.1
1111480 1872.8
1111490 1873.4
1111500 1873.4
1111510 1875.1
1111520 1874.8
1111530 1874.8
1111540 1871.0
1111550 1866.1
1111560 1866.1
1111570 1861.4
1111580 1856.9
1111590 1856.9
1111600 1853.1
1111610 1850.7
1111620 1850.7
1111630 1848.7
1111640 1846.0
1111650 1846.0
1111660 1844.6
1111670 1843.3
1111680 1843.3
1111690 1841.9
1111700 1839.4
1111710 1839.4
1111720 1835.6
1111730 1831.4
1111740 1828.7
1111750 1828.7
1111760 1827.1
1111770 1824.4
1111780 1824.4
1111790 1821.7
1111800 1819.1
1111810 1819.1
1111820 1816.9
1111830 1814.8
1111840 1814.8
1111850 1812.4
1111860 1810.1
1111870 1810.1
1111880 1807.9
1111890 1806.2
1111900 1806.2
1111910 1804.5
1111920 1802.5
1111930 1802.5
1111940 1799.6
1111950 1796.3
1111960 1796.3
1111970 1793.5
1111980 1790.9
1111990 1790.4
1112000 1790.4
1112010 1790.4
1112020 1790.4
1112030 1790.4
1112040 1790.4
1112050 1790.4
1112060 1790.4
1112070 1790.4
1112080 1790.4
1112090 1790.4
1112100 1790.4
1112110 1790.4
1112120 1790.4
1112130 1790.4
1112140 1790.4
1112150 1790.4
1112160 1790.4
1112170 1790.4
1112180 1790.4
1112190 1790.4
1112200 1790.4
1112210 1790.4
1112220 1790.4
1112230 1790.4
1112240 1790.4
1112250 1790.4
1112260 1790.4
1112270 1790.4
1112280 1790.4
1112290 1790.4
1112300 1790.4
1112310 1790.4
1112320 1790.4
1112330 1790.4
1112340 1790.4
1112350 1790.4
1112360 1790.4
1112370 1790.4
1112380 1790.4
1112390 1790.4
1112400 1790.4
1112410 1790.4
1112420 1790.5
1112430 1790.5
1112440 1792.5
1112450 1796.0
1112460 1796.0
1112470 1800.0
1112480 1804.6
1112490 1809.9
1112500 1809.9
1112510 1815.6
1112520 1821.6
1112530 1821.6
1112540 1826.5
1112550 1831.6
1112560 1831.6
1112570 1838.1
1112580 1844.6
1112590 1844.6
1112600 1851.6
1112610 1859.5
1112620 1859.5
1112630 1867.5
1112640 1877.5
1112650 1877.5
1112660 1893.8
1112670 1908.6
1112680 1908.6
1112690 1917.8
1112700 1923.7
1112710 1932.4
1112720 1932.4
1112730 1938.1
1112740 1940.5
1112750 1940.5
1112760 1944.9
1112770 1954.0
1112780 1954.0
1112790 1965.6
1112800 1977.1
1112810 1977.1
1112820 1990.0
1112830 2001.2
1112840 2001.2
1112850 2009.1
1112860 2018.1
1112870 2018.1
1112880 2024.2
1112890 2025.8
1112900 2025.8
1112910 2032.4
1112920 2033.3
1112930 2033.3
1112940 2034.2
1112950 2032.3
1112960 2030.2
1112970 2030.2
1112980 2028.8
1112990 2029.1
1113000 2029.1
1113010 2029.3
1113020 2029.3
1113030 2029.3
1113040 2029.7
1113050 2028.5
1113060 2028.5
1113070 2025.9
1113080 2023.8
1113090 2023.8
1113100 2022.1
1113110 2019.8
1113120 2019.8
1113130 2017.9
1113140 2016.6
1113150 2016.6
1113160 2016.1
1113170 2013.3
1113180 2013.3
1113190 2008.4
1113200 2004.6
1113210 2001.5
1113220 2001.5
1113230 1999.0
1113240 1998.5
1113250 2001.5
1113260 2001.1
1113270 2001.0
1113280 2001.0
1113290 2000.5
1113300 1998.1
1113310 1998.1
1113320 1993.8
1113330 1989.4
1113340 1989.4
1113350 1985.5
1113360 1984.2
1113370 1984.2
1113380 1984.0
1113390 1983.7
1113400 1983.7
1113410 1982.4
1113420 1980.9
1113430 1980.9
1113440 1980.2
1113450 1979.8
1113460 1979.1
1113470 1979.1
1113480 1979.3
1113490 1980.2
1113500 1980.2
1113510 1980.5
1113520 1982.5
1113530 1982.5
1113540 1984.0
1113550 1984.8
1113560 1984.8
1113570 1986.6
1113580 1988.8
1113590 1990.4
1113600 1992.2
1113610 1993.1
1113620 1993.1
1113630 1993.6
1113640 1992.6
1113650 1992.6
1113660 1990.5
1113670 1990.6
1113680 1990.6
1113690 1992.4
1113700 1993.3
1113710 1993.6
1113720 1993.6
1113730 1994.5
1113740 1995.1
1113750 1995.1
1113760 1996.2
1113770 1997.2
1113780 1997.2
1113790 2000.0
1113800 2003.8
1113810 2003.8
1113820 2008.2
1113830 2012.5
1113840 2012.5
1113850 2017.0
1113860 2021.6
1113870 2021.6
1113880 2027.3
1113890 2032.6
1113900 2032.6
1113910 2038.5
1113920 2043.6
1113930 2043.6
1113940 2054.3
1113950 2059.8
1113960 2065.3
1113970 2065.3
1113980 2075.6
1113990 2093.0
1114000 2093.0
1114010 2101.7
1114020 2109.6
1114030 2109.6
1114040 2115.6
1114050 2121.1
1114060 2121.1
1114070 2131.2
1114080 2145.4
1114090 2145.4
1114100 2157.8
1114110 2172.9
1114120 2172.9
1114130 2204.2
1114140 2225.7
1114150 2225.7
1114160 2242.4
1114170 2256.8
1114180 2256.8
1114190 2261.3
1114200 2262.9
1114210 2267.5
1114220 2267.5
1114230 2270.6
1114240 2273.7
1114250 2273.7
1114260 2277.5
1114270 2280.6
1114280 2283.4
1114290 2281.3
1114300 2278.1
1114310 2278.1
1114320 2273.8
1114330 2266.3
1114340 2266.3
1114350 2259.0
1114360 2249.2
1114370 2249.2
1114380 2240.4
1114390 2230.6
1114400 2230.6
1114410 2218.9
1114420 2209.8
1114430 2209.8
1114440 2200.7
1114450 2192.3
1114460 2185.7
1114470 2185.7
1114480 2179.2
1114490 2172.9
1114500 2172.9
1114510 2167.8
1114520 2161.9
1114530 2161.9
1114540 2156.3
1114550 2151.0
1114560 2151.0
1114570 2145.2
1114580 2139.7
1114590 2139.7
1114600 2136.3
1114610 2132.9
1114620 2128.7
1114630 2126.1
1114640 2127.2
1114650 2127.2
1114660 2129.9
1114670 2131.3
1114680 2131.8
1114690 2131.8
1114700 2127.7
1114710 2122.9
1114720 2122.9
1114730 2119.7
1114740 2120.8
1114750 2120.8
1114760 2121.0
1114770 2119.9
1114780 2119.9
1114790 2122.0
1114800 2124.7
1114810 2124.7
1114820 2125.7
1114830 2125.5
1114840 2125.5
1114850 2127.1
1114860 2128.0
1114870 2128.0
1114880 2127.0
1114890 2126.0
1114900 2126.0
1114910 2125.1
1114920 2125.4
1114930 2126.1
1114940 2126.1
1114950 2125.7
1114960 2127.5
1114970 2123.3
1114980 2122.3
1114990 2117.6
1115000 2117.6
1115010 2116.0
1115020 2114.5
1115030 2114.5
1115040 2114.8
1115050 2116.8
1115060 2116.8
1115070 2117.3
1115080 2115.0
1115090 2115.0
1115100 2112.9
1115110 2110.6
1115120 2110.6
1115130 2109.1
1115140 2110.2
1115150 2110.2
1115160 2110.0
1115170 2109.0
1115180 2105.2
1115190 2105.2
1115200 2096.9
1115210 2091.5
1115220 2091.5
1115230 2083.6
1115240 2072.5
1115250 2072.5
1115260 2065.0
1115270 2060.8
1115280 2060.8
1115290 2057.8
1115300 2054.4
1115310 2056.5
1115320 2050.9
1115330 2046.7
1115340 2046.7
1115350 2042.0
1115360 2038.8
1115370 2038.8
1115380 2032.5
1115390 2028.5
1115400 2028.5
1115410 2026.7
1115420 2023.9
1115430 2023.0
1115440 2023.0
1115450 2023.2
1115460 2022.9
1115470 2022.9
1115480 2023.6
1115490 2024.3
1115500 2024.3
1115510 2026.2
1115520 2029.9
1115530 2029.9
1115540 2033.9
1115550 2036.4
1115560 2036.4
1115570 2037.7
1115580 2036.8
1115590 2036.8
1115600 2038.9
1115610 2042.9
1115620 2042.9
1115630 2047.6
1115640 2054.0
1115650 2054.0
1115660 2054.8
1115670 2059.3
1115680 2061.8
1115690 2061.8
1115700 2065.0
1115710 2068.2
1115720 2068.2
1115730 2071.1
1115740 2075.5
1115750 2075.5
1115760 2079.1
1115770 2085.6
1115780 2085.6
1115790 2091.3
1115800 2097.0
1115810 2097.0
1115820 2106.0
1115830 2110.4
1115840 2110.4
1115850 2115.1
1115860 2121.0
1115870 2121.0
1115880 2128.5
1115890 2135.0
1115900 2135.0
1115910 2139.3
1115920 2145.2
1115930 2152.9
1115940 2152.9
1115950 2160.7
1115960 2171.6
1115970 2171.6
1115980 2178.3
1115990 2184.0
1116000 2181.4
1116010 2186.4
1116020 2190.7
1116030 2190.7
1116040 2196.9
1116050 2202.5
1116060 2202.5
1116070 2207.0
1116080 2216.5
1116090 2216.5
1116100 2227.3
1116110 2232.8
1116120 2232.8
1116130 2238.8
1116140 2248.2
1116150 2257.3
1116160 2257.3
1116170 2263.8
1116180 2270.3
1116190 2270.3
1116200 2276.5
1116210 2282.2
1116220 2282.2
1116230 2286.1
1116240 2288.7
1116250 2288.7
1116260 2288.9
1116270 2288.7
1116280 2288.7
1116290 2288.7
1116300 2286.9
1116310 2286.9
1116320 2285.7
1116330 2286.5
1116340 2286.5
1116350 2286.1
1116360 2287.5
1116370 2287.5
1116380 2289.2
1116390 2289.3
1116400 2288.2
1116410 2288.2
1116420 2286.6
1116430 2286.7
1116440 2286.7
1116450 2287.8
1116460 2288.8
1116470 2288.8
1116480 2288.3
1116490 2287.4
1116500 2287.4
1116510 2287.3
1116520 2286.8
1116530 2286.8
1116540 2286.1
1116550 2284.5
1116560 2284.5
1116570 2284.0
1116580 2284.2
1116590 2284.2
1116600 2284.7
1116610 2285.5
1116620 2285.5
1116630 2287.1
1116640 2290.1
1116650 2293.2
1116660 2293.2
1116670 2296.3
1116680 2300.4
1116690 2299.6
1116700 2301.4
1116710 2301.0
1116720 2301.0
1116730 2300.8
1116740 2301.7
1116750 2301.7
1116760 2302.8
1116770 2304.4
1116780 2304.4
1116790 2303.2
1116800 2299.4
1116810 2299.4
1116820 2295.9
1116830 2293.6
1116840 2293.6
1116850 2291.0
1116860 2289.2
1116870 2289.2
1116880 2287.3
1116890 2284.8
1116900 2283.1
1116910 2283.1
1116920 2281.7
1116930 2279.2
1116940 2279.2
1116950 2276.1
1116960 2274.2
1116970 2274.2
1116980 2273.9
1116990 2274.0
1117000 2274.0
1117010 2274.1
1117020 2274.1
1117030 2274.1
1117040 2274.1
1117050 2274.2
1117060 2274.2
1117070 2274.3
1117080 2274.5
1117090 2274.5
1117100 2274.7
1117110 2274.9
1117120 2274.9
1117130 2275.1
1117140 2275.7
1117150 2276.6
1117160 2276.6
1117170 2277.5
1117180 2278.5
1117190 2278.5
1117200 2279.6
1117210 2280.9
1117220 2280.9
1117230 2282.2
1117240 2283.7
1117250 2283.7
1117260 2285.2
1117270 2287.1
1117280 2287.1
1117290 2289.2
1117300 2291.6
1117310 2291.6
1117320 2294.1
1117330 2296.5
1117340 2296.5
1117350 2299.2
1117360 2301.9
1117370 2301.9
1117380 2305.8
1117390 2309.0
1117400 2312.1
1117410 2312.1
1117420 2315.5
1117430 2319.3
1117440 2319.3
1117450 2323.5
1117460 2328.7
1117470 2328.7
1117480 2336.0
1117490 2344.1
1117500 2344.1
1117510 2352.3
1117520 2358.0
1117530 2358.0
1117540 2364.2
1117550 2372.3
1117560 2372.3
1117570 2382.0
1117580 2391.7
1117590 2391.7
1117600 2401.5
1117610 2411.6
1117620 2411.6
1117630 2416.4
1117640 2410.1
1117650 2402.3
1117660 2402.3
1117670 2393.2
1117680 2384.6
1117690 2384.6
1117700 2380.9
1117710 2380.1
1117720 2380.1
1117730 2370.7
1117740 2368.5
1117750 2368.5
1117760 2362.2
1117770 2352.5
1117780 2352.5
1117790 2338.9
1117800 2326.2
1117810 2326.2
1117820 2318.2
1117830 2310.3
1117840 2310.3
1117850 2301.9
1117860 2295.8
1117870 2290.4
1117880 2290.4
1117890 2286.2
1117900 2282.9
1117910 2282.9
1117920 2279.6
1117930 2275.9
1117940 2275.9
1117950 2272.7
1117960 2269.9
1117970 2269.9
1117980 2267.3
1117990 2264.8
1118000 2264.8
1118010 2261.8
1118020 2260.2
1118030 2260.2
1118040 2259.2
1118050 2256.6
1118060 2256.6
1118070 2248.1
1118080 2241.7
1118090 2241.7
1118100 2238.0
1118110 2235.7
1118120 2232.7
1118130 2232.7
1118140 2230.4
1118150 2228.5
1118160 2228.5
1118170 2225.8
1118180 2223.4
1118190 2223.4
1118200 2221.3
1118210 2218.5
1118220 2218.5
1118230 2215.2
1118240 2212.6
1118250 2212.6
1118260 2210.1
1118270 2208.7
1118280 2208.7
1118290 2207.7
1118300 2207.5
1118310 2207.5
1118320 2208.2
1118330 2207.5
1118340 2207.5
1118350 2206.5
1118360 2205.1
1118370 2203.5
1118380 2203.5
1118390 2202.9
1118400 2202.7
1118410 2202.7
1118420 2198.6
1118430 2199.3
1118440 2199.3
1118450 2200.9
1118460 2200.5
1118470 2200.5
1118480 2199.9
1118490 2198.2
1118500 2198.2
1118510 2198.1
1118520 2196.7
1118530 2196.7
1118540 2195.2
1118550 2194.6
1118560 2194.6
1118570 2194.9
1118580 2196.3
1118590 2196.3
1118600 2196.9
1118610 2196.1
1118620 2194.2
1118630 2194.2
1118640 2193.2
1118650 2193.2
1118660 2193.2
1118670 2193.9
1118680 2192.5
1118690 2192.5
1118700 2188.0
1118710 2184.9
1118720 2184.9
1118730 2180.8
1118740 2175.8
1118750 2175.8
1118760 2169.8
1118770 2162.6
1118780 2162.6
1118790 2157.3
1118800 2150.3
1118810 2150.3
1118820 2146.3
1118830 2141.0
1118840 2141.0
1118850 2133.3
1118860 2124.5
1118870 2110.2
1118880 2110.2
1118890 2095.0
1118900 2076.2
1118910 2076.2
1118920 2065.6
1118930 2054.6
1118940 2054.6
1118950 2047.0
1118960 2039.0
1118970 2039.0
1118980 2030.2
1118990 2019.7
1119000 2019.7
1119010 2007.8
1119020 1989.4
1119030 1989.4
1119040 1973.2
1119050 1966.7
1119060 1966.7
1119070 1959.8
1119080 1953.3
1119090 1953.3
1119100 1945.2
1119110 1935.9
1119120 1932.3
1119130 1932.3
1119140 1926.0
1119150 1920.3
1119160 1920.3
1119170 1914.5
1119180 1909.0
1119190 1909.0
1119200 1903.3
1119210 1897.3
1119220 1897.3
1119230 1891.6
1119240 1885.8
1119250 1885.8
1119260 1880.6
1119270 1875.4
1119280 1875.4
1119290 1870.5
1119300 1865.4
1119310 1865.4
1119320 1859.9
1119330 1854.7
1119340 1854.7
1119350 1849.6
1119360 1844.3
1119370 1839.3
1119380 1839.3
1119390 1833.7
1119400 1828.9
1119410 1828.9
1119420 1824.4
1119430 1820.0
1119440 1820.0
1119450 1815.2
1119460 1811.1
1119470 1811.1
1119480 1806.8
1119490 1803.0
1119500 1803.0
1119510 1799.6
1119520 1794.8
1119530 1794.8
1119540 1789.9
1119550 1786.3
1119560 1786.3
1119570 1783.8
1119580 1781.5
1119590 1779.7
1119600 1779.7
1119610 1778.8
1119620 1777.6
1119630 1777.6
1119640 1775.8
1119650 1774.6
1119660 1774.6
1119670 1773.2
1119680 1771.3
1119690 1771.3
1119700 1769.6
1119710 1768.4
1119720 1768.4
1119730 1768.1
1119740 1767.3
1119750 1767.3
1119760 1766.8
1119770 1766.0
1119780 1766.0
1119790 1764.2
1119800 1761.7
1119810 1763.7
1119820 1762.6
1119830 1758.9
1119840 1755.6
1119850 1755.6
1119860 1751.6
1119870 1749.4
1119880 1749.4
1119890 1748.7
1119900 1746.5
1119910 1746.5
1119920 1742.3
1119930 1739.6
1119940 1739.6
1119950 1736.3
1119960 1733.0
1119970 1733.0
1119980 1732.7
1119990 1732.9
