1100000 1784.0
1100010 1790.9
1100020 1790.9
1100030 1794.7
1100040 1798.8
1100050 1798.8
1100060 1801.2
1100070 1803.2
1100080 1803.2
1100090 1804.0
1100100 1803.5
1100110 1803.5
1100120 1801.8
1100130 1797.9
1100140 1797.9
1100150 1792.2
1100160 1785.8
1100170 1785.8
1100180 1779.8
1100190 1774.2
1100200 1774.2
1100210 1767.6
1100220 1759.5
1100230 1759.5
1100240 1752.7
1100250 1747.9
1100260 1743.6
1100270 1743.6
1100280 1739.5
1100290 1735.9
1100300 1735.9
1100310 1732.4
1100320 1726.9
1100330 1726.9
1100340 1723.2
1100350 1718.9
1100360 1718.9
1100370 1708.2
1100380 1690.4
1100390 1690.4
1100400 1681.0
1100410 1672.1
1100420 1672.1
1100430 1665.0
1100440 1657.4
1100450 1657.4
1100460 1650.2
1100470 1643.6
1100480 1643.6
1100490 1640.5
1100500 1638.9
1100510 1636.6
1100520 1636.6
1100530 1637.1
1100540 1634.6
1100550 1634.6
1100560 1632.0
1100570 1630.3
1100580 1630.3
1100590 1629.3
1100600 1628.1
1100610 1628.1
1100620 1626.8
1100630 1625.0
1100640 1625.0
1100650 1619.0
1100660 1611.3
1100670 1614.2
1100680 1607.6
1100690 1600.6
1100700 1600.6
1100710 1594.0
1100720 1587.8
1100730 1587.8
1100740 1582.8
1100750 1578.9
1100760 1574.0
1100770 1574.0
1100780 1569.3
1100790 1565.6
1100800 1565.6
1100810 1563.0
1100820 1560.9
1100830 1560.9
1100840 1557.7
1100850 1553.5
1100860 1553.5
1100870 1549.5
1100880 1545.0
1100890 1545.0
1100900 1540.7
1100910 1537.2
1100920 1537.2
1100930 1534.6
1100940 1532.5
1100950 1532.5
1100960 1531.0
1100970 1530.7
1100980 1530.7
1100990 1530.6
1101000 1526.4
1101010 1526.1
1101020 1526.1
1101030 1526.7
1101040 1527.3
1101050 1527.3
1101060 1528.3
1101070 1531.4
1101080 1531.4
1101090 1533.7
1101100 1536.3
1101110 1536.3
1101120 1538.4
1101130 1542.0
1101140 1542.0
1101150 1544.5
1101160 1547.7
1101170 1547.7
1101180 1549.1
1101190 1550.8
1101200 1550.8
1101210 1554.3
1101220 1557.2
1101230 1557.2
1101240 1558.1
1101250 1597.5
1101260 1618.9
1101270 1618.9
1101280 1631.1
1101290 1648.3
1101300 1648.3
1101310 1660.2
1101320 1623.4
1101330 1573.5
1101340 1573.9
1101350 1577.9
1101360 1577.9
1101370 1582.3
1101380 1588.4
1101390 1588.4
1101400 1595.1
1101410 1601.8
1101420 1601.8
1101430 1609.6
1101440 1616.6
1101450 1616.6
1101460 1609.1
1101470 1598.1
1101480 1598.1
1101490 1591.3
1101500 1588.6
1101510 1594.0
1101520 1594.0
1101530 1607.7
1101540 1607.6
1101550 1607.6
1101560 1590.4
1101570 1593.7
1101580 1593.7
1101590 1604.6
1101600 1613.9
1101610 1613.9
1101620 1599.3
1101630 1586.4
1101640 1586.4
1101650 1596.3
1101660 1565.0
1101670 1565.0
1101680 1570.2
1101690 1577.8
1101700 1577.8
1101710 1587.2
1101720 1600.6
1101730 1600.6
1101740 1608.7
1101750 1609.8
1101760 1558.4
1101770 1558.4
1101780 1559.4
1101790 1547.3
1101800 1547.3
1101810 1549.7
1101820 1546.8
1101830 1546.8
1101840 1551.3
1101850 1558.5
1101860 1558.5
1101870 1569.3
1101880 1575.9
1101890 1575.9
1101900 1582.8
1101910 1588.2
1101920 1588.2
1101930 1593.6
1101940 1598.5
1101950 1598.5
1101960 1603.0
1101970 1611.0
1101980 1617.5
1101990 1610.1
1102000 1614.0
1102010 1623.0
1102020 1623.0
1102030 1630.8
1102040 1635.9
1102050 1635.9
1102060 1632.7
1102070 1630.7
1102080 1630.7
1102090 1639.0
1102100 1646.6
1102110 1646.6
1102120 1655.6
1102130 1663.1
1102140 1663.1
1102150 1670.4
1102160 1681.2
1102170 1681.2
1102180 1688.3
1102190 1693.0
1102200 1693.0
1102210 1697.1
1102220 1699.7
1102230 1696.0
1102240 1696.0
1102250 1695.1
1102260 1693.9
1102270 1693.9
1102280 1692.3
1102290 1686.5
1102300 1686.5
1102310 1680.2
1102320 1672.4
1102330 1667.5
1102340 1661.4
1102350 1656.0
1102360 1656.0
1102370 1650.5
1102380 1644.4
1102390 1644.4
1102400 1639.6
1102410 1635.9
1102420 1635.9
1102430 1629.3
1102440 1623.3
1102450 1623.3
1102460 1614.8
1102470 1617.4
1102480 1618.3
1102490 1618.3
1102500 1613.8
1102510 1609.9
1102520 1609.9
1102530 1606.3
1102540 1602.1
1102550 1602.1
1102560 1593.9
1102570 1588.6
1102580 1588.6
1102590 1594.4
1102600 1603.2
1102610 1603.2
1102620 1605.8
1102630 1606.3
1102640 1606.3
1102650 1605.8
1102660 1599.3
1102670 1599.3
1102680 1598.1
1102690 1595.5
1102700 1595.5
1102710 1588.5
1102720 1582.0
1102730 1579.7
1102740 1579.7
1102750 1587.5
1102760 1591.7
1102770 1591.7
1102780 1593.3
1102790 1594.1
1102800 1594.1
1102810 1598.4
1102820 1597.6
1102830 1597.6
1102840 1597.2
1102850 1596.4
1102860 1596.4
1102870 1594.5
1102880 1593.2
1102890 1593.2
1102900 1594.9
1102910 1595.4
1102920 1595.4
1102930 1591.9
1102940 1600.6
1102950 1600.6
1102960 1609.5
1102970 1620.2
1102980 1632.0
1102990 1617.1
1103000 1625.7
1103010 1632.4
1103020 1632.4
1103030 1637.0
1103040 1642.3
1103050 1642.3
1103060 1639.1
1103070 1647.2
1103080 1647.2
1103090 1652.1
1103100 1664.0
1103110 1664.0
1103120 1686.0
1103130 1692.6
1103140 1692.6
1103150 1694.4
1103160 1695.9
1103170 1695.9
1103180 1689.9
1103190 1695.4
1103200 1695.4
1103210 1697.2
1103220 1698.9
1103230 1699.3
1103240 1699.3
1103250 1707.4
1103260 1726.5
1103270 1726.5
1103280 1751.3
1103290 1765.5
1103300 1765.5
1103310 1766.1
1103320 1772.9
1103330 1771.8
1103340 1784.1
1103350 1795.3
1103360 1795.3
1103370 1800.2
1103380 1806.8
1103390 1806.8
1103400 1816.7
1103410 1821.8
1103420 1821.8
1103430 1826.6
1103440 1832.8
1103450 1832.8
1103460 1841.8
1103470 1847.3
1103480 1850.8
1103490 1850.8
1103500 1858.8
1103510 1864.0
1103520 1864.0
1103530 1868.6
1103540 1863.7
1103550 1863.7
1103560 1856.6
1103570 1853.7
1103580 1853.7
1103590 1850.5
1103600 1845.4
1103610 1845.4
1103620 1840.4
1103630 1843.0
1103640 1843.0
1103650 1864.3
1103660 1883.9
1103670 1883.9
1103680 1901.9
1103690 1920.3
1103700 1920.3
1103710 1927.8
1103720 1946.0
1103730 1973.0
1103740 1973.0
1103750 1999.8
1103760 2004.3
1103770 2004.3
1103780 1994.7
1103790 2003.8
1103800 2003.8
1103810 2002.0
1103820 1993.6
1103830 1993.6
1103840 1989.8
1103850 1997.1
1103860 1997.1
1103870 2009.8
1103880 1995.9
1103890 1995.9
1103900 1971.6
1103910 1987.8
1103920 1987.8
1103930 1996.2
1103940 1997.9
1103950 1997.9
1103960 1989.2
1103970 1938.2
1103980 1912.2
1103990 1900.0
1104000 1909.8
1104010 1935.1
1104020 1935.1
1104030 1951.3
1104040 1963.8
1104050 1963.8
1104060 1976.0
1104070 1987.2
1104080 1987.2
1104090 1998.3
1104100 2005.3
1104110 2005.3
1104120 2010.6
1104130 2023.6
1104140 2023.6
1104150 2022.6
1104160 2023.4
1104170 2023.4
1104180 2009.6
1104190 2015.9
1104200 2037.5
1104210 2037.5
1104220 2047.0
1104230 2037.2
1104240 2037.2
1104250 1962.0
1104260 1939.5
1104270 1939.5
1104280 1905.9
1104290 1887.7
1104300 1887.7
1104310 1894.8
1104320 1905.8
1104330 1901.3
1104340 1907.7
1104350 1907.8
1104360 1907.8
1104370 1904.0
1104380 1904.7
1104390 1904.7
1104400 1913.2
1104410 1926.7
1104420 1926.7
1104430 1941.6
1104440 1951.6
1104450 1959.4
1104460 1959.4
1104470 1966.0
1104480 1973.6
1104490 1973.6
1104500 1979.1
1104510 1991.1
1104520 1991.1
1104530 2004.9
1104540 2010.0
1104550 2010.0
1104560 2011.8
1104570 2016.0
1104580 2016.0
1104590 2021.7
1104600 2027.1
1104610 2027.1
1104620 2032.8
1104630 2039.7
1104640 2039.7
1104650 2044.9
1104660 2042.5
1104670 2042.5
1104680 2047.4
1104690 2052.8
1104700 2057.6
1104710 2057.6
1104720 2063.6
1104730 2071.7
1104740 2071.7
1104750 2080.9
1104760 2088.7
1104770 2088.7
1104780 2095.9
1104790 2107.4
1104800 2107.4
1104810 2114.1
1104820 2124.2
1104830 2124.2
1104840 2136.6
1104850 2148.5
1104860 2148.5
1104870 2148.8
1104880 2141.8
1104890 2141.8
1104900 2143.9
1104910 2143.3
1104920 2143.3
1104930 2142.1
1104940 2142.0
1104950 2143.8
1104960 2143.8
1104970 2145.8
1104980 2146.5
1104990 2146.5
1105000 2142.1
1105010 2144.3
1105020 2144.3
1105030 2143.1
1105040 2135.1
1105050 2135.1
1105060 2125.7
1105070 2115.0
1105080 2115.0
1105090 2113.6
1105100 2109.9
1105110 2109.9
1105120 2105.3
1105130 2098.4
1105140 2098.4
1105150 2092.3
1105160 2086.6
1105170 2086.6
1105180 2081.5
1105190 2080.9
1105200 2076.9
1105210 2076.9
1105220 2076.3
1105230 2076.7
1105240 2076.7
1105250 2075.2
1105260 2073.4
1105270 2073.4
1105280 2072.2
1105290 2081.2
1105300 2081.2
1105310 2085.5
1105320 2081.0
1105330 2088.3
1105340 2085.9
1105350 2084.1
1105360 2084.1
1105370 2080.8
1105380 2077.7
1105390 2077.7
1105400 2077.6
1105410 2076.1
1105420 2076.1
1105430 2076.8
1105440 2079.8
1105450 2080.4
1105460 2080.4
1105470 2080.8
1105480 2083.9
1105490 2083.9
1105500 2086.1
1105510 2089.6
1105520 2089.6
1105530 2093.2
1105540 2093.7
1105550 2093.7
1105560 2096.6
1105570 2097.8
1105580 2097.8
1105590 2100.3
1105600 2103.2
1105610 2103.2
1105620 2107.1
1105630 2131.5
1105640 2131.5
1105650 2147.0
1105660 2150.9
1105670 2183.2
1105680 2196.6
1105690 2205.1
1105700 2202.5
1105710 2202.5
1105720 2197.1
1105730 2194.8
1105740 2194.8
1105750 2194.7
1105760 2196.2
1105770 2196.2
1105780 2195.9
1105790 2195.8
1105800 2195.8
1105810 2201.8
1105820 2214.1
1105830 2214.1
1105840 2230.5
1105850 2235.6
1105860 2235.6
1105870 2234.7
1105880 2228.5
1105890 2228.5
1105900 2223.4
1105910 2214.7
1105920 2214.7
1105930 2213.6
1105940 2215.6
1105950 2212.6
1105960 2212.6
1105970 2213.6
1105980 2215.2
1105990 2215.2
1106000 2209.5
1106010 2208.6
1106020 2208.6
1106030 2208.3
1106040 2210.8
1106050 2210.8
1106060 2211.8
1106070 2215.6
1106080 2215.6
1106090 2220.6
1106100 2225.4
1106110 2225.4
1106120 2226.9
1106130 2229.2
1106140 2229.2
1106150 2231.9
1106160 2234.3
1106170 2237.9
1106180 2237.9
1106190 2242.2
1106200 2243.9
1106210 2243.9
1106220 2247.8
1106230 2248.1
1106240 2248.1
1106250 2243.1
1106260 2232.3
1106270 2232.3
1106280 2213.0
1106290 2220.6
1106300 2220.6
1106310 2217.4
1106320 2197.8
1106330 2197.8
1106340 2168.3
1106350 2163.5
1106360 2163.5
1106370 2160.6
1106380 2157.1
1106390 2157.1
1106400 2152.4
1106410 2147.2
1106420 2142.6
1106430 2142.6
1106440 2140.2
1106450 2140.7
1106460 2140.7
1106470 2140.4
1106480 2138.7
1106490 2138.7
1106500 2133.2
1106510 2132.9
1106520 2132.9
1106530 2130.9
1106540 2128.1
1106550 2128.1
1106560 2126.0
1106570 2125.0
1106580 2125.0
1106590 2123.9
1106600 2123.1
1106610 2123.1
1106620 2121.1
1106630 2120.5
1106640 2120.5
1106650 2121.4
1106660 2123.6
1106670 2118.7
1106680 2118.7
1106690 2120.7
1106700 2121.7
1106710 2121.7
1106720 2121.7
1106730 2123.3
1106740 2123.3
1106750 2124.1
1106760 2124.2
1106770 2124.2
1106780 2123.0
1106790 2118.8
1106800 2118.8
1106810 2117.0
1106820 2115.0
1106830 2115.0
1106840 2113.8
1106850 2110.5
1106860 2110.5
1106870 2108.0
1106880 2111.4
1106890 2111.4
1106900 2115.2
1106910 2118.8
1106920 2122.9
1106930 2122.9
1106940 2127.2
1106950 2131.6
1106960 2131.6
1106970 2135.9
1106980 2140.1
1106990 2140.1
1107000 2144.8
1107010 2144.6
1107020 2144.6
1107030 2147.7
1107040 2153.0
1107050 2153.0
1107060 2160.6
1107070 2168.2
1107080 2168.2
1107090 2173.6
1107100 2179.0
1107110 2179.0
1107120 2185.7
1107130 2190.7
1107140 2190.7
1107150 2194.3
1107160 2198.3
1107170 2204.1
1107180 2204.1
1107190 2207.8
1107200 2209.7
1107210 2209.7
1107220 2210.3
1107230 2211.6
1107240 2211.6
1107250 2215.0
1107260 2217.3
1107270 2217.3
1107280 2220.7
1107290 2224.2
1107300 2224.2
1107310 2229.9
1107320 2231.5
1107330 2231.5
1107340 2234.0
1107350 2229.5
1107360 2229.5
1107370 2228.8
1107380 2229.1
1107390 2229.1
1107400 2233.5
1107410 2237.1
1107420 2242.6
1107430 2242.6
1107440 2249.1
1107450 2259.2
1107460 2259.2
1107470 2267.1
1107480 2272.5
1107490 2272.5
1107500 2277.1
1107510 2281.5
1107520 2281.5
1107530 2282.2
1107540 2279.8
1107550 2279.8
1107560 2277.0
1107570 2274.8
1107580 2274.8
1107590 2275.0
1107600 2275.6
1107610 2275.6
1107620 2275.3
1107630 2275.6
1107640 2275.6
1107650 2277.4
1107660 2280.3
1107670 2285.7
1107680 2281.5
1107690 2288.5
1107700 2295.2
1107710 2295.2
1107720 2302.2
1107730 2310.5
1107740 2310.5
1107750 2321.4
1107760 2338.5
1107770 2338.5
1107780 2332.9
1107790 2320.6
1107800 2320.6
1107810 2313.7
1107820 2306.2
1107830 2306.2
1107840 2302.1
1107850 2296.3
1107860 2296.3
1107870 2291.6
1107880 2287.2
1107890 2287.2
1107900 2284.1
1107910 2282.0
1107920 2278.9
1107930 2278.9
1107940 2276.3
1107950 2276.5
1107960 2276.5
1107970 2277.0
1107980 2274.5
1107990 2274.5
1108000 2271.8
1108010 2272.9
1108020 2266.2
1108030 2267.2
1108040 2267.9
1108050 2267.9
1108060 2267.9
1108070 2267.6
1108080 2267.6
1108090 2264.9
1108100 2265.6
1108110 2265.6
1108120 2257.2
1108130 2257.1
1108140 2257.1
1108150 2264.4
1108160 2265.2
1108170 2261.8
1108180 2261.8
1108190 2258.9
1108200 2256.6
1108210 2256.6
1108220 2256.5
1108230 2257.1
1108240 2257.1
1108250 2252.6
1108260 2249.0
1108270 2249.0
1108280 2249.6
1108290 2250.0
1108300 2250.0
1108310 2253.4
1108320 2256.6
1108330 2256.6
1108340 2261.1
1108350 2274.0
1108360 2262.3
1108370 2270.5
1108380 2271.1
1108390 2267.5
1108400 2267.5
1108410 2277.6
1108420 2279.8
1108430 2279.8
1108440 2277.4
1108450 2277.7
1108460 2277.7
1108470 2280.5
1108480 2287.1
1108490 2287.1
1108500 2296.0
1108510 2301.7
1108520 2301.7
1108530 2305.3
1108540 2308.4
1108550 2308.4
1108560 2310.1
1108570 2310.3
1108580 2310.3
1108590 2308.6
1108600 2305.3
1108610 2305.3
1108620 2301.3
1108630 2296.3
1108640 2292.5
1108650 2292.5
1108660 2289.4
1108670 2285.8
1108680 2285.8
1108690 2282.1
1108700 2283.1
1108710 2283.1
1108720 2276.8
1108730 2271.9
1108740 2271.9
1108750 2269.6
1108760 2269.2
1108770 2269.2
1108780 2269.6
1108790 2271.8
1108800 2271.8
1108810 2272.5
1108820 2274.3
1108830 2274.3
1108840 2273.1
1108850 2274.7
1108860 2274.7
1108870 2277.4
1108880 2278.9
1108890 2279.6
1108900 2279.6
1108910 2280.6
1108920 2280.5
1108930 2280.5
1108940 2278.9
1108950 2275.8
1108960 2275.8
1108970 2268.0
1108980 2263.8
1108990 2263.8
1109000 2256.7
1109010 2254.9
1109020 2254.9
1109030 2258.2
1109040 2266.8
1109050 2266.8
1109060 2264.3
1109070 2263.7
1109080 2263.7
1109090 2262.1
1109100 2262.1
1109110 2262.1
1109120 2263.0
1109130 2260.6
1109140 2257.3
1109150 2257.3
1109160 2256.2
1109170 2255.6
1109180 2255.6
1109190 2256.7
1109200 2259.0
1109210 2259.0
1109220 2260.2
1109230 2261.7
1109240 2261.7
1109250 2261.5
1109260 2262.1
1109270 2262.1
1109280 2263.7
1109290 2264.8
1109300 2264.8
1109310 2264.6
1109320 2261.9
1109330 2261.9
1109340 2258.3
1109350 2255.8
1109360 2255.8
1109370 2253.1
1109380 2251.3
1109390 2251.6
1109400 2251.6
1109410 2251.2
1109420 2249.5
1109430 2249.5
1109440 2247.3
1109450 2244.9
1109460 2244.9
1109470 2243.5
1109480 2241.5
1109490 2241.5
1109500 2239.0
1109510 2237.8
1109520 2237.8
1109530 2237.9
1109540 2237.2
1109550 2237.2
1109560 2235.3
1109570 2231.9
1109580 2231.9
1109590 2228.8
1109600 2225.1
1109610 2225.1
1109620 2221.3
1109630 2218.3
1109640 2214.6
1109650 2214.6
1109660 2211.6
1109670 2210.2
1109680 2210.2
1109690 2208.7
1109700 2206.3
1109710 2206.8
1109720 2204.2
1109730 2204.1
1109740 2204.1
1109750 2203.7
1109760 2198.6
1109770 2198.6
1109780 2196.0
1109790 2190.5
1109800 2190.5
1109810 2184.8
1109820 2180.5
1109830 2180.5
1109840 2177.4
1109850 2172.6
1109860 2172.6
1109870 2169.1
1109880 2166.1
1109890 2162.5
1109900 2162.5
1109910 2163.5
1109920 2163.5
1109930 2163.5
1109940 2161.0
1109950 2159.9
1109960 2159.9
1109970 2159.6
1109980 2159.6
1109990 2159.6
1110000 2161.2
1110010 2161.0
1110020 2161.0
1110030 2159.4
1110040 2158.0
1110050 2156.8
1110060 2153.6
1110070 2152.4
1110080 2152.4
1110090 2151.4
1110100 2147.6
1110110 2147.6
1110120 2140.7
1110130 2132.4
1110140 2130.1
1110150 2130.1
1110160 2123.7
1110170 2117.2
1110180 2117.2
1110190 2113.4
1110200 2109.6
1110210 2109.6
1110220 2105.7
1110230 2099.1
1110240 2099.1
1110250 2091.3
1110260 2087.5
1110270 2087.5
1110280 2084.4
1110290 2080.3
1110300 2080.3
1110310 2077.6
1110320 2074.1
1110330 2074.1
1110340 2072.1
1110350 2068.9
1110360 2064.9
1110370 2064.9
1110380 2058.9
1110390 2056.6
1110400 2056.6
1110410 2051.4
1110420 2046.5
1110430 2046.5
1110440 2043.4
1110450 2040.4
1110460 2040.4
1110470 2034.9
1110480 2031.4
1110490 2031.4
1110500 2028.7
1110510 2026.0
1110520 2026.0
1110530 2025.5
1110540 2026.7
1110550 2026.7
1110560 2027.2
1110570 2025.1
1110580 2025.1
1110590 2021.6
1110600 2017.5
1110610 2013.2
1110620 2013.2
1110630 2007.6
1110640 2000.7
1110650 2000.7
1110660 1996.3
1110670 1993.5
1110680 1993.5
1110690 1989.2
1110700 1981.9
1110710 1981.9
1110720 1977.6
1110730 1981.3
1110740 1981.3
1110750 1975.6
1110760 1971.1
1110770 1971.1
1110780 1967.8
1110790 1965.5
1110800 1965.5
1110810 1963.1
1110820 1963.5
1110830 1963.5
1110840 1965.2
1110850 1966.2
1110860 1963.6
1110870 1963.6
1110880 1960.3
1110890 1956.7
1110900 1956.7
1110910 1951.3
1110920 1947.4
1110930 1947.4
1110940 1945.9
1110950 1944.8
1110960 1944.8
1110970 1943.0
1110980 1944.1
1110990 1944.1
1111000 1945.1
1111010 1942.1
1111020 1942.1
1111030 1936.9
1111040 1931.6
1111050 1931.6
1111060 1928.9
1111070 1930.8
1111080 1930.8
1111090 1927.1
1111100 1924.8
1111110 1920.5
1111120 1920.5
1111130 1917.9
1111140 1914.7
1111150 1914.7
1111160 1911.4
1111170 1909.0
1111180 1909.0
1111190 1906.1
1111200 1901.2
1111210 1901.2
1111220 1897.6
1111230 1894.2
1111240 1894.2
1111250 1890.7
1111260 1891.3
1111270 1891.3
1111280 1890.6
1111290 1889.5
1111300 1889.5
1111310 1888.1
1111320 1887.0
1111330 1887.0
1111340 1885.7
1111350 1884.1
1111360 1882.8
1111370 1882.8
1111380 1880.8
1111390 1878.8
1111400 1878.8
1111410 1875.7
1111420 1875.5
1111430 1875.5
1111440 1875.0
1111450 1873.2
1111460 1873.2
1111470 1872.1
1111480 1872.1
1111490 1872.1
1111500 1870.7
1111510 1868.2
1111520 1868.2
1111530 1866.1
1111540 1864.5
1111550 1864.5
1111560 1862.6
1111570 1860.0
1111580 1860.0
1111590 1856.6
1111600 1854.3
1111610 1851.8
1111620 1851.8
1111630 1849.6
1111640 1849.6
1111650 1849.6
1111660 1848.2
1111670 1845.6
1111680 1845.6
1111690 1842.8
1111700 1839.8
1111710 1839.8
1111720 1835.7
1111730 1832.2
1111740 1832.2
1111750 1829.3
1111760 1827.4
1111770 1827.4
1111780 1825.6
1111790 1823.5
1111800 1823.5
1111810 1821.2
1111820 1819.0
1111830 1819.0
1111840 1815.4
1111850 1812.3
1111860 1810.3
1111870 1810.3
1111880 1808.5
1111890 1807.1
1111900 1807.1
1111910 1806.3
1111920 1805.4
1111930 1805.4
1111940 1803.1
1111950 1800.1
1111960 1800.1
1111970 1796.3
1111980 1792.9
1111990 1792.9
1112000 1790.6
1112010 1790.4
1112020 1790.4
1112030 1790.4
1112040 1790.4
1112050 1790.4
1112060 1790.4
1112070 1790.4
1112080 1790.4
1112090 1790.4
1112100 1790.4
1112110 1790.4
1112120 1790.4
1112130 1790.4
1112140 1790.4
1112150 1790.4
1112160 1790.4
1112170 1790.4
1112180 1790.4
1112190 1790.4
1112200 1790.4
1112210 1790.4
1112220 1790.4
1112230 1790.4
1112240 1790.4
1112250 1790.4
1112260 1790.4
1112270 1790.4
1112280 1790.4
1112290 1790.4
1112300 1790.4
1112310 1790.4
1112320 1790.4
1112330 1790.4
1112340 1790.4
1112350 1790.4
1112360 1790.4
1112370 1790.4
1112380 1790.4
1112390 1790.4
1112400 1790.4
1112410 1790.4
1112420 1790.4
1112430 1790.4
1112440 1790.4
1112450 1792.5
1112460 1792.5
1112470 1797.1
1112480 1802.5
1112490 1802.5
1112500 1808.0
1112510 1814.6
1112520 1814.6
1112530 1820.3
1112540 1826.3
1112550 1826.3
1112560 1833.2
1112570 1839.2
1112580 1846.5
1112590 1846.5
1112600 1853.3
1112610 1862.3
1112620 1862.3
1112630 1871.5
1112640 1885.5
1112650 1885.5
1112660 1905.5
1112670 1923.0
1112680 1923.0
1112690 1930.0
1112700 1937.4
1112710 1937.4
1112720 1946.3
1112730 1955.6
1112740 1955.6
1112750 1962.7
1112760 1967.6
1112770 1967.6
1112780 1983.5
1112790 1993.8
1112800 1993.8
1112810 2003.6
1112820 2013.1
1112830 2021.7
1112840 2021.7
1112850 2028.9
1112860 2037.8
1112870 2037.8
1112880 2048.6
1112890 2053.4
1112900 2053.4
1112910 2054.1
1112920 2054.8
1112930 2054.8
1112940 2054.6
1112950 2054.7
1112960 2054.7
1112970 2053.3
1112980 2049.7
1112990 2049.7
1113000 2046.6
1113010 2044.2
1113020 2044.2
1113030 2042.5
1113040 2040.9
1113050 2040.9
1113060 2039.1
1113070 2039.8
1113080 2038.7
1113090 2038.7
1113100 2035.6
1113110 2035.3
1113120 2039.6
1113130 2039.8
1113140 2038.8
1113150 2038.8
1113160 2036.7
1113170 2032.8
1113180 2032.8
1113190 2029.6
1113200 2027.3
1113210 2027.3
1113220 2022.0
1113230 2017.1
1113240 2017.1
1113250 2013.1
1113260 2010.0
1113270 2010.0
1113280 2007.0
1113290 2003.8
1113300 2003.8
1113310 2001.4
1113320 2000.0
1113330 1998.5
1113340 1998.5
1113350 1996.9
1113360 1994.4
1113370 1994.4
1113380 1993.4
1113390 1994.0
1113400 1994.0
1113410 1994.2
1113420 1993.0
1113430 1993.0
1113440 1991.0
1113450 1989.2
1113460 1993.0
1113470 1992.2
1113480 1990.7
1113490 1990.7
1113500 1988.9
1113510 1991.4
1113520 1991.4
1113530 1994.5
1113540 1992.1
1113550 1992.1
1113560 1993.2
1113570 1993.8
1113580 1995.6
1113590 1995.6
1113600 1997.3
1113610 1997.7
1113620 1997.7
1113630 1997.7
1113640 1996.7
1113650 1996.7
1113660 1995.4
1113670 1993.6
1113680 1993.6
1113690 1992.8
1113700 1994.5
1113710 1994.5
1113720 1996.8
1113730 1998.8
1113740 1998.8
1113750 2000.6
1113760 2003.6
1113770 2003.6
1113780 2006.6
1113790 2009.1
1113800 2013.0
1113810 2016.1
1113820 2020.3
1113830 2025.6
1113840 2025.6
1113850 2031.5
1113860 2037.5
1113870 2037.5
1113880 2042.8
1113890 2048.5
1113900 2048.5
1113910 2054.4
1113920 2060.0
1113930 2060.0
1113940 2066.1
1113950 2073.0
1113960 2073.0
1113970 2082.1
1113980 2088.8
1113990 2088.8
1114000 2095.4
1114010 2106.4
1114020 2106.4
1114030 2119.4
1114040 2140.2
1114050 2157.1
1114060 2157.1
1114070 2173.7
1114080 2182.9
1114090 2182.9
1114100 2197.9
1114110 2215.6
1114120 2215.6
1114130 2215.1
1114140 2214.6
1114150 2214.6
1114160 2217.4
1114170 2229.6
1114180 2229.6
1114190 2249.8
1114200 2268.4
1114210 2268.4
1114220 2290.1
1114230 2290.0
1114240 2290.0
1114250 2288.8
1114260 2287.5
1114270 2287.5
1114280 2283.9
1114290 2277.9
1114300 2272.0
1114310 2272.0
1114320 2265.5
1114330 2255.9
1114340 2255.9
1114350 2247.3
1114360 2237.6
1114370 2237.6
1114380 2230.4
1114390 2225.3
1114400 2225.3
1114410 2218.9
1114420 2208.4
1114430 2208.4
1114440 2197.9
1114450 2189.9
1114460 2189.9
1114470 2182.7
1114480 2176.3
1114490 2176.5
1114500 2169.6
1114510 2163.5
1114520 2163.5
1114530 2158.0
1114540 2151.5
1114550 2145.3
1114560 2145.3
1114570 2139.1
1114580 2132.7
1114590 2132.7
1114600 2127.8
1114610 2123.1
1114620 2123.1
1114630 2119.0
1114640 2117.3
1114650 2117.3
1114660 2114.8
1114670 2112.5
1114680 2112.5
1114690 2112.4
1114700 2111.2
1114710 2111.2
1114720 2106.8
1114730 2105.8
1114740 2105.8
1114750 2110.9
1114760 2112.7
1114770 2112.7
1114780 2114.2
1114790 2114.4
1114800 2114.4
1114810 2114.4
1114820 2114.3
1114830 2113.8
1114840 2113.8
1114850 2115.3
1114860 2116.4
1114870 2116.4
1114880 2117.4
1114890 2118.6
1114900 2118.6
1114910 2117.5
1114920 2115.3
1114930 2115.3
1114940 2115.4
1114950 2114.3
1114960 2114.3
1114970 2113.8
1114980 2109.9
1114990 2109.9
1115000 2106.1
1115010 2105.3
1115020 2105.3
1115030 2103.9
1115040 2108.3
1115050 2110.7
1115060 2110.7
1115070 2111.0
1115080 2110.8
1115090 2110.8
1115100 2106.5
1115110 2103.6
1115120 2103.6
1115130 2104.3
1115140 2106.5
1115150 2106.5
1115160 2106.4
1115170 2105.9
1115180 2104.3
1115190 2105.0
1115200 2102.5
1115210 2102.5
1115220 2098.8
1115230 2094.9
1115240 2094.9
1115250 2088.1
1115260 2080.5
1115270 2080.5
1115280 2073.7
1115290 2066.1
1115300 2062.9
1115310 2062.9
1115320 2059.3
1115330 2049.3
1115340 2049.3
1115350 2044.5
1115360 2041.5
1115370 2041.5
1115380 2036.4
1115390 2033.0
1115400 2033.0
1115410 2029.7
1115420 2027.4
1115430 2027.4
1115440 2024.5
1115450 2025.6
1115460 2025.6
1115470 2026.1
1115480 2025.8
1115490 2025.8
1115500 2026.8
1115510 2028.2
1115520 2029.1
1115530 2029.1
1115540 2029.9
1115550 2032.9
1115560 2032.9
1115570 2034.7
1115580 2037.2
1115590 2037.2
1115600 2038.2
1115610 2039.8
1115620 2039.8
1115630 2043.4
1115640 2045.4
1115650 2045.4
1115660 2050.8
1115670 2056.4
1115680 2056.4
1115690 2057.9
1115700 2061.7
1115710 2061.7
1115720 2064.8
1115730 2067.2
1115740 2067.2
1115750 2069.9
1115760 2072.9
1115770 2077.0
1115780 2077.0
1115790 2081.5
1115800 2087.1
1115810 2087.1
1115820 2093.8
1115830 2103.3
1115840 2103.3
1115850 2112.4
1115860 2119.9
1115870 2122.1
1115880 2128.3
1115890 2132.1
1115900 2132.1
1115910 2137.2
1115920 2141.5
1115930 2141.5
1115940 2145.9
1115950 2150.8
1115960 2150.8
1115970 2156.4
1115980 2162.7
1115990 2162.7
1116000 2169.2
1116010 2176.3
1116020 2185.4
1116030 2185.4
1116040 2191.4
1116050 2198.5
1116060 2198.5
1116070 2204.1
1116080 2210.1
1116090 2210.1
1116100 2216.5
1116110 2225.7
1116120 2225.7
1116130 2234.8
1116140 2241.3
1116150 2241.3
1116160 2249.4
1116170 2257.3
1116180 2257.3
1116190 2263.1
1116200 2268.9
1116210 2265.6
1116220 2271.2
1116230 2276.0
1116240 2276.0
1116250 2280.0
1116260 2282.8
1116270 2285.2
1116280 2285.2
1116290 2286.3
1116300 2287.2
1116310 2287.2
1116320 2286.7
1116330 2285.6
1116340 2285.6
1116350 2284.5
1116360 2283.5
1116370 2283.5
1116380 2282.6
1116390 2282.0
1116400 2282.0
1116410 2282.2
1116420 2282.4
1116430 2282.4
1116440 2282.4
1116450 2280.5
1116460 2280.5
1116470 2277.8
1116480 2275.2
1116490 2275.2
1116500 2273.2
1116510 2272.5
1116520 2273.3
1116530 2273.3
1116540 2276.0
1116550 2279.8
1116560 2274.4
1116570 2276.7
1116580 2278.8
1116590 2278.8
1116600 2282.2
1116610 2285.0
1116620 2285.0
1116630 2286.3
1116640 2288.1
1116650 2288.1
1116660 2290.9
1116670 2293.3
1116680 2293.3
1116690 2295.4
1116700 2295.8
1116710 2295.8
1116720 2294.3
1116730 2293.5
1116740 2293.5
1116750 2292.9
1116760 2292.2
1116770 2292.2
1116780 2292.2
1116790 2292.5
1116800 2295.1
1116810 2295.1
1116820 2296.5
1116830 2296.0
1116840 2296.0
1116850 2295.4
1116860 2294.9
1116870 2294.9
1116880 2292.9
1116890 2291.1
1116900 2292.0
1116910 2290.5
1116920 2286.8
1116930 2286.8
1116940 2284.5
1116950 2282.8
1116960 2282.8
1116970 2280.6
1116980 2279.2
1116990 2279.2
1117000 2278.1
1117010 2276.7
1117020 2275.2
1117030 2275.2
1117040 2274.3
1117050 2274.3
1117060 2274.3
1117070 2274.4
1117080 2274.5
1117090 2274.5
1117100 2274.6
1117110 2275.0
1117120 2275.0
1117130 2275.5
1117140 2276.1
1117150 2276.1
1117160 2276.8
1117170 2277.8
1117180 2277.8
1117190 2278.9
1117200 2280.2
1117210 2280.2
1117220 2281.7
1117230 2283.6
1117240 2285.6
1117250 2286.3
1117260 2288.7
1117270 2291.1
1117280 2291.1
1117290 2293.5
1117300 2295.8
1117310 2295.8
1117320 2298.2
1117330 2300.4
1117340 2300.4
1117350 2303.2
1117360 2306.5
1117370 2306.5
1117380 2309.9
1117390 2313.6
1117400 2313.6
1117410 2318.4
1117420 2322.9
1117430 2322.9
1117440 2327.3
1117450 2331.8
1117460 2331.8
1117470 2337.8
1117480 2347.2
1117490 2356.8
1117500 2356.8
1117510 2364.6
1117520 2372.3
1117530 2372.3
1117540 2377.1
1117550 2383.5
1117560 2383.5
1117570 2393.2
1117580 2401.5
1117590 2403.8
1117600 2410.6
1117610 2407.6
1117620 2407.6
1117630 2394.8
1117640 2383.6
1117650 2383.6
1117660 2378.8
1117670 2372.3
1117680 2372.3
1117690 2367.4
1117700 2362.6
1117710 2362.6
1117720 2352.2
1117730 2346.0
1117740 2343.4
1117750 2343.4
1117760 2341.1
1117770 2336.9
1117780 2336.9
1117790 2332.0
1117800 2326.0
1117810 2326.0
1117820 2318.8
1117830 2310.5
1117840 2310.5
1117850 2302.1
1117860 2296.0
1117870 2296.0
1117880 2291.6
1117890 2286.9
1117900 2286.9
1117910 2281.0
1117920 2274.6
1117930 2274.6
1117940 2274.9
1117950 2267.8
1117960 2267.8
1117970 2259.7
1117980 2254.0
1117990 2250.9
1118000 2250.9
1118010 2248.8
1118020 2246.3
1118030 2246.3
1118040 2243.7
1118050 2241.3
1118060 2241.3
1118070 2239.8
1118080 2239.4
1118090 2239.4
1118100 2240.3
1118110 2240.4
1118120 2240.4
1118130 2237.4
1118140 2233.8
1118150 2233.8
1118160 2231.6
1118170 2230.0
1118180 2230.0
1118190 2226.0
1118200 2220.3
1118210 2220.3
1118220 2219.6
1118230 2216.8
1118240 2214.6
1118250 2214.6
1118260 2213.8
1118270 2210.8
1118280 2210.8
1118290 2212.0
1118300 2211.4
1118310 2211.4
1118320 2210.7
1118330 2209.5
1118340 2209.5
1118350 2208.5
1118360 2206.7
1118370 2206.7
1118380 2204.6
1118390 2202.0
1118400 2202.0
1118410 2199.8
1118420 2198.1
1118430 2198.1
1118440 2195.0
1118450 2192.0
1118460 2192.0
1118470 2191.0
1118480 2189.2
1118490 2187.5
1118500 2187.5
1118510 2188.0
1118520 2189.3
1118530 2189.3
1118540 2189.4
1118550 2191.4
1118560 2191.4
1118570 2193.0
1118580 2192.9
1118590 2192.9
1118600 2193.3
1118610 2195.2
1118620 2195.2
1118630 2193.2
1118640 2192.6
1118650 2192.6
1118660 2192.5
1118670 2190.1
1118680 2190.1
1118690 2184.6
1118700 2179.2
1118710 2179.2
1118720 2174.6
1118730 2174.7
1118740 2174.0
1118750 2174.0
1118760 2171.4
1118770 2170.0
1118780 2170.0
1118790 2164.2
1118800 2156.4
1118810 2156.4
1118820 2150.7
1118830 2147.5
1118840 2147.5
1118850 2142.1
1118860 2135.6
1118870 2135.6
1118880 2131.4
1118890 2123.8
1118900 2123.8
1118910 2110.8
1118920 2097.9
1118930 2097.9
1118940 2080.0
1118950 2067.5
1118960 2056.9
1118970 2056.9
1118980 2053.7
1118990 2045.0
1119000 2045.0
1119010 2033.0
1119020 2019.4
1119030 2019.4
1119040 2010.6
1119050 2004.0
1119060 2004.0
1119070 1997.5
1119080 1991.3
1119090 1991.3
1119100 1982.0
1119110 1968.6
1119120 1968.6
1119130 1955.8
1119140 1946.2
1119150 1946.2
1119160 1938.6
1119170 1930.4
1119180 1930.4
1119190 1922.0
1119200 1914.1
1119210 1907.4
1119220 1907.4
1119230 1902.3
1119240 1896.6
1119250 1896.6
1119260 1891.2
1119270 1885.3
1119280 1885.3
1119290 1879.3
1119300 1873.7
1119310 1873.7
1119320 1869.1
1119330 1867.4
1119340 1867.4
1119350 1861.9
1119360 1856.7
1119370 1856.7
1119380 1851.6
1119390 1847.4
1119400 1847.4
1119410 1840.1
1119420 1832.6
1119430 1832.6
1119440 1826.3
1119450 1820.6
1119460 1814.9
1119470 1814.9
1119480 1809.8
1119490 1804.6
1119500 1804.6
1119510 1799.8
1119520 1794.9
1119530 1794.9
1119540 1790.4
1119550 1786.3
1119560 1786.3
1119570 1782.5
1119580 1778.9
1119590 1778.9
1119600 1775.1
1119610 1771.2
1119620 1771.2
1119630 1768.1
1119640 1765.4
1119650 1765.4
1119660 1763.1
1119670 1760.7
1119680 1757.9
1119690 1755.0
1119700 1752.4
1119710 1750.8
1119720 1750.8
1119730 1749.9
1119740 1749.7
1119750 1749.7
1119760 1750.6
1119770 1752.5
1119780 1752.5
1119790 1753.3
1119800 1754.4
1119810 1754.4
1119820 1754.2
1119830 1753.8
1119840 1753.8
1119850 1752.8
1119860 1751.6
1119870 1751.6
1119880 1750.9
1119890 1750.7
1119900 1750.7
1119910 1748.6
1119920 1745.7
1119930 1745.7
1119940 1740.8
1119950 1734.2
1119960 1732.6
1119970 1732.6
1119980 1733.0
1119990 1733.6
