1100000 1730.7
1100010 1738.2
1100020 1747.0
1100030 1747.0
1100040 1754.9
1100050 1761.9
1100060 1761.9
1100070 1769.7
1100080 1777.2
1100090 1777.2
1100100 1783.6
1100110 1790.2
1100120 1790.2
1100130 1796.8
1100140 1803.0
1100150 1803.0
1100160 1809.1
1100170 1815.4
1100180 1815.4
1100190 1821.6
1100200 1827.7
1100210 1832.6
1100220 1832.6
1100230 1838.3
1100240 1843.7
1100250 1843.7
1100260 1849.1
1100270 1854.7
1100280 1854.7
1100290 1860.7
1100300 1866.7
1100310 1866.7
1100320 1872.9
1100330 1879.1
1100340 1879.1
1100350 1885.4
1100360 1891.6
1100370 1891.6
1100380 1897.8
1100390 1904.3
1100400 1904.3
1100410 1910.7
1100420 1917.1
1100430 1917.1
1100440 1923.5
1100450 1929.8
1100460 1936.1
1100470 1936.1
1100480 1942.5
1100490 1948.7
1100500 1948.7
1100510 1954.7
1100520 1960.7
1100530 1960.7
1100540 1963.2
1100550 1969.4
1100560 1969.4
1100570 1975.3
1100580 1981.2
1100590 1981.2
1100600 1987.0
1100610 1993.7
1100620 1993.7
1100630 2006.1
1100640 2007.8
1100650 2007.8
1100660 2006.1
1100670 2009.1
1100680 2009.1
1100690 2013.2
1100700 2019.0
1100710 2019.7
1100720 2019.7
1100730 2018.1
1100740 2018.8
1100750 2018.8
1100760 2020.8
1100770 2022.9
1100780 2022.9
1100790 2023.7
1100800 2024.0
1100810 2024.0
1100820 2024.8
1100830 2025.6
1100840 2025.6
1100850 2025.7
1100860 2025.9
1100870 2019.5
1100880 2019.4
1100890 2019.5
1100900 2019.5
1100910 2020.0
1100920 2020.8
1100930 2020.8
1100940 2022.0
1100950 2024.1
1100960 2026.0
1100970 2026.0
1100980 2027.6
1100990 2029.9
1101000 2029.9
1101010 2032.6
1101020 2035.1
1101030 2035.1
1101040 2037.6
1101050 2040.4
1101060 2040.4
1101070 2043.8
1101080 2047.6
1101090 2047.6
1101100 2051.8
1101110 2055.7
1101120 2055.7
1101130 2059.7
1101140 2062.5
1101150 2062.5
1101160 2058.0
1101170 2049.5
1101180 2049.5
1101190 2049.9
1101200 2060.3
1101210 2063.2
1101220 2063.2
1101230 2065.8
1101240 2066.3
1101250 2066.3
1101260 2066.2
1101270 2061.1
1101280 2061.1
1101290 2052.2
1101300 2037.8
1101310 2037.8
1101320 2027.7
1101330 2025.0
1101340 2025.0
1101350 2026.9
1101360 2030.5
1101370 2030.5
1101380 2030.5
1101390 2033.1
1101400 2033.1
1101410 2035.0
1101420 2034.7
1101430 2034.7
1101440 2036.0
1101450 2037.3
1101460 2040.8
1101470 2040.8
1101480 2046.1
1101490 2049.9
1101500 2049.9
1101510 2057.3
1101520 2070.0
1101530 2070.0
1101540 2084.0
1101550 2086.8
1101560 2086.8
1101570 2078.4
1101580 2071.0
1101590 2071.0
1101600 2068.4
1101610 2068.5
1101620 2068.5
1101630 2068.5
1101640 2065.9
1101650 2065.9
1101660 2062.8
1101670 2065.1
1101680 2065.1
1101690 2065.5
1101700 2070.8
1101710 2075.1
1101720 2075.1
1101730 2078.4
1101740 2077.5
1101750 2077.5
1101760 2074.2
1101770 2075.4
1101780 2075.4
1101790 2080.3
1101800 2087.1
1101810 2087.1
1101820 2091.0
1101830 2091.5
1101840 2091.5
1101850 2094.1
1101860 2097.0
1101870 2105.5
1101880 2105.5
1101890 2102.1
1101900 2102.1
1101910 2099.8
1101920 2102.0
1101930 2102.0
1101940 2106.9
1101950 2112.0
1101960 2113.5
1101970 2113.5
1101980 2117.1
1101990 2122.4
1102000 2122.4
1102010 2130.0
1102020 2127.2
1102030 2127.2
1102040 2118.3
1102050 2089.1
1102060 2089.1
1102070 2075.5
1102080 2068.5
1102090 2068.5
1102100 2061.7
1102110 2055.4
1102120 2055.4
1102130 2050.7
1102140 2046.8
1102150 2046.8
1102160 2042.6
1102170 2037.5
1102180 2037.5
1102190 2032.3
1102200 2029.4
1102210 2024.4
1102220 2024.4
1102230 2018.8
1102240 2013.7
1102250 2013.7
1102260 2009.8
1102270 2005.8
1102280 2005.8
1102290 2002.0
1102300 1999.1
1102310 1999.1
1102320 1997.3
1102330 1995.3
1102340 1995.3
1102350 1995.4
1102360 1994.8
1102370 1994.8
1102380 1993.6
1102390 1994.0
1102400 1994.0
1102410 1993.6
1102420 1990.3
1102430 1990.3
1102440 1985.7
1102450 1980.2
1102460 1975.1
1102470 1975.1
1102480 1972.0
1102490 1970.2
1102500 1970.2
1102510 1967.3
1102520 1965.6
1102530 1970.7
1102540 1969.5
1102550 1969.8
1102560 1969.8
1102570 1970.1
1102580 1970.6
1102590 1970.6
1102600 1966.7
1102610 1958.7
1102620 1958.7
1102630 1952.4
1102640 1947.2
1102650 1947.2
1102660 1943.2
1102670 1942.1
1102680 1942.1
1102690 1941.8
1102700 1941.9
1102710 1941.0
1102720 1941.0
1102730 1940.0
1102740 1940.8
1102750 1940.8
1102760 1939.5
1102770 1937.1
1102780 1937.1
1102790 1934.6
1102800 1933.4
1102810 1933.4
1102820 1935.9
1102830 1940.1
1102840 1940.1
1102850 1942.8
1102860 1942.5
1102870 1943.0
1102880 1942.1
1102890 1941.6
1102900 1941.6
1102910 1940.8
1102920 1942.0
1102930 1941.4
1102940 1941.4
1102950 1943.0
1102960 1943.9
1102970 1943.9
1102980 1942.7
1102990 1939.9
1103000 1939.9
1103010 1936.0
1103020 1930.8
1103030 1930.8
1103040 1926.2
1103050 1922.2
1103060 1922.2
1103070 1918.0
1103080 1910.5
1103090 1910.5
1103100 1904.4
1103110 1901.4
1103120 1901.4
1103130 1899.0
1103140 1897.6
1103150 1897.6
1103160 1897.0
1103170 1896.5
1103180 1895.7
1103190 1895.7
1103200 1893.9
1103210 1892.0
1103220 1892.0
1103230 1890.4
1103240 1888.3
1103250 1888.3
1103260 1887.3
1103270 1885.6
1103280 1885.6
1103290 1883.8
1103300 1880.5
1103310 1880.5
1103320 1878.8
1103330 1877.6
1103340 1877.6
1103350 1875.5
1103360 1871.6
1103370 1871.6
1103380 1866.0
1103390 1862.1
1103400 1862.1
1103410 1861.0
1103420 1859.0
1103430 1854.2
1103440 1854.2
1103450 1852.2
1103460 1850.4
1103470 1850.4
1103480 1848.3
1103490 1846.5
1103500 1846.5
1103510 1846.4
1103520 1848.3
1103530 1849.3
1103540 1850.9
1103550 1850.9
1103560 1850.9
1103570 1849.2
1103580 1846.8
1103590 1846.8
1103600 1845.1
1103610 1844.3
1103620 1844.3
1103630 1843.7
1103640 1844.7
1103650 1844.7
1103660 1845.8
1103670 1845.8
1103680 1845.5
1103690 1845.5
1103700 1846.1
1103710 1844.5
1103720 1844.5
1103730 1843.7
1103740 1841.1
1103750 1841.1
1103760 1839.2
1103770 1838.1
1103780 1838.1
1103790 1837.3
1103800 1836.4
1103810 1836.4
1103820 1835.1
1103830 1834.1
1103840 1834.1
1103850 1832.6
1103860 1831.2
1103870 1836.8
1103880 1835.7
1103890 1834.6
1103900 1834.6
1103910 1833.4
1103920 1832.1
1103930 1830.3
1103940 1830.3
1103950 1827.6
1103960 1825.0
1103970 1825.0
1103980 1821.8
1103990 1819.5
1104000 1819.5
1104010 1818.0
1104020 1817.0
1104030 1817.0
1104040 1815.6
1104050 1813.6
1104060 1813.6
1104070 1812.6
1104080 1811.2
1104090 1811.2
1104100 1809.2
1104110 1809.4
1104120 1809.4
1104130 1809.0
1104140 1808.1
1104150 1808.1
1104160 1806.8
1104170 1805.2
1104180 1803.9
1104190 1803.9
1104200 1807.7
1104210 1806.7
1104220 1806.7
1104230 1806.0
1104240 1803.9
1104250 1803.9
1104260 1801.2
1104270 1798.1
1104280 1798.1
1104290 1795.7
1104300 1794.1
1104310 1794.1
1104320 1791.6
1104330 1791.0
1104340 1791.0
1104350 1792.1
1104360 1792.3
1104370 1792.3
1104380 1792.6
1104390 1792.4
1104400 1792.4
1104410 1792.3
1104420 1791.9
1104430 1793.9
1104440 1793.9
1104450 1798.0
1104460 1801.3
1104470 1801.3
1104480 1803.2
1104490 1805.4
1104500 1805.4
1104510 1809.5
1104520 1809.7
1104530 1817.9
1104540 1817.3
1104550 1820.6
1104560 1820.6
1104570 1823.2
1104580 1822.4
1104590 1822.4
1104600 1825.2
1104610 1829.4
1104620 1829.4
1104630 1830.9
1104640 1829.4
1104650 1829.4
1104660 1826.3
1104670 1822.5
1104680 1819.3
1104690 1819.3
1104700 1816.7
1104710 1811.9
1104720 1811.9
1104730 1803.1
1104740 1794.0
1104750 1794.0
1104760 1788.7
1104770 1784.9
1104780 1784.9
1104790 1781.0
1104800 1776.8
1104810 1776.8
1104820 1773.4
1104830 1772.5
1104840 1772.5
1104850 1771.9
1104860 1769.3
1104870 1773.4
1104880 1771.6
1104890 1770.5
1104900 1770.5
1104910 1769.3
1104920 1768.3
1104930 1767.8
1104940 1767.8
1104950 1767.9
1104960 1767.4
1104970 1767.4
1104980 1767.3
1104990 1767.7
1105000 1767.7
1105010 1767.9
1105020 1768.7
1105030 1768.7
1105040 1770.0
1105050 1769.3
1105060 1769.3
1105070 1767.7
1105080 1766.7
1105090 1766.7
1105100 1767.4
1105110 1767.9
1105120 1767.9
1105130 1767.8
1105140 1768.4
1105150 1768.4
1105160 1770.6
1105170 1772.1
1105180 1774.6
1105190 1774.6
1105200 1783.6
1105210 1786.9
1105220 1786.9
1105230 1788.4
1105240 1786.4
1105250 1786.4
1105260 1785.0
1105270 1784.5
1105280 1784.5
1105290 1782.8
1105300 1780.1
1105310 1780.1
1105320 1776.1
1105330 1772.0
1105340 1772.0
1105350 1769.1
1105360 1768.2
1105370 1768.2
1105380 1767.7
1105390 1767.0
1105400 1767.0
1105410 1766.8
1105420 1769.0
1105430 1774.3
1105440 1774.3
1105450 1777.5
1105460 1778.8
1105470 1778.8
1105480 1778.6
1105490 1779.5
1105500 1779.5
1105510 1778.3
1105520 1775.7
1105530 1775.7
1105540 1781.4
1105550 1779.4
1105560 1779.4
1105570 1777.9
1105580 1780.6
1105590 1780.6
1105600 1784.2
1105610 1788.1
1105620 1788.1
1105630 1791.1
1105640 1793.6
1105650 1793.6
1105660 1795.6
1105670 1794.2
1105680 1787.7
1105690 1787.7
1105700 1787.3
1105710 1793.1
1105720 1793.1
1105730 1798.1
1105740 1803.0
1105750 1803.0
1105760 1806.6
1105770 1807.9
1105780 1807.9
1105790 1808.2
1105800 1809.3
1105810 1809.3
1105820 1810.8
1105830 1811.5
1105840 1811.5
1105850 1810.7
1105860 1810.3
1105870 1811.7
1105880 1812.7
1105890 1813.3
1105900 1813.3
1105910 1812.9
1105920 1815.6
1105930 1817.8
1105940 1817.8
1105950 1818.8
1105960 1818.9
1105970 1818.9
1105980 1820.9
1105990 1821.5
1106000 1821.5
1106010 1822.0
1106020 1825.0
1106030 1825.0
1106040 1826.9
1106050 1827.7
1106060 1827.7
1106070 1831.4
1106080 1835.8
1106090 1835.8
1106100 1840.2
1106110 1844.8
1106120 1844.8
1106130 1847.5
1106140 1850.1
1106150 1850.1
1106160 1854.2
1106170 1859.3
1106180 1864.4
1106190 1864.4
1106200 1869.4
1106210 1878.8
1106220 1878.8
1106230 1883.2
1106240 1887.0
1106250 1887.0
1106260 1889.9
1106270 1891.8
1106280 1891.8
1106290 1893.4
1106300 1895.7
1106310 1895.7
1106320 1898.0
1106330 1900.0
1106340 1900.0
1106350 1901.6
1106360 1903.6
1106370 1903.6
1106380 1905.8
1106390 1907.9
1106400 1907.9
1106410 1910.5
1106420 1912.4
1106430 1915.1
1106440 1915.1
1106450 1920.2
1106460 1926.7
1106470 1926.7
1106480 1932.1
1106490 1939.7
1106500 1939.7
1106510 1946.1
1106520 1952.3
1106530 1952.3
1106540 1957.5
1106550 1964.6
1106560 1964.6
1106570 1967.6
1106580 1969.9
1106590 1969.9
1106600 1974.6
1106610 1977.8
1106620 1977.8
1106630 1979.8
1106640 1986.7
1106650 1986.7
1106660 1993.8
1106670 1997.6
1106680 1997.7
1106690 1997.7
1106700 1997.5
1106710 2000.2
1106720 2000.2
1106730 2002.7
1106740 2002.4
1106750 2002.4
1106760 2000.4
1106770 1997.4
1106780 1997.4
1106790 1999.4
1106800 2000.7
1106810 2000.7
1106820 2004.0
1106830 2008.4
1106840 2008.4
1106850 2013.0
1106860 2013.9
1106870 2013.9
1106880 2000.8
1106890 2001.2
1106900 2001.6
1106910 2001.6
1106920 2001.9
1106930 2002.9
1106940 2002.9
1106950 2003.7
1106960 2004.5
1106970 2004.5
1106980 2005.6
1106990 2006.8
1107000 2006.8
1107010 2007.6
1107020 2008.4
1107030 2008.4
1107040 2009.8
1107050 2009.9
1107060 2009.9
1107070 2013.5
1107080 2019.1
1107090 2019.1
1107100 2021.1
1107110 2020.2
1107120 2020.2
1107130 2020.6
1107140 2021.6
1107150 2022.5
1107160 2022.5
1107170 2024.3
1107180 2025.7
1107190 2025.7
1107200 2026.9
1107210 2027.9
1107220 2029.2
1107230 2030.6
1107240 2034.0
1107250 2034.0
1107260 2036.5
1107270 2038.1
1107280 2038.1
1107290 2038.1
1107300 2038.2
1107310 2038.2
1107320 2039.6
1107330 2039.9
1107340 2039.9
1107350 2042.1
1107360 2043.7
1107370 2043.7
1107380 2044.5
1107390 2044.8
1107400 2045.9
1107410 2045.9
1107420 2048.6
1107430 2050.6
1107440 2050.6
1107450 2051.4
1107460 2052.1
1107470 2052.1
1107480 2054.2
1107490 2058.7
1107500 2058.7
1107510 2063.4
1107520 2068.4
1107530 2068.4
1107540 2073.8
1107550 2079.0
1107560 2079.9
1107570 2085.1
1107580 2090.7
1107590 2090.7
1107600 2096.2
1107610 2102.4
1107620 2102.4
1107630 2108.7
1107640 2114.8
1107650 2121.0
1107660 2121.0
1107670 2127.1
1107680 2132.9
1107690 2132.9
1107700 2138.9
1107710 2145.7
1107720 2145.7
1107730 2153.0
1107740 2161.4
1107750 2161.4
1107760 2170.9
1107770 2178.4
1107780 2178.4
1107790 2190.1
1107800 2200.1
1107810 2200.1
1107820 2210.1
1107830 2217.9
1107840 2217.9
1107850 2229.5
1107860 2235.5
1107870 2235.5
1107880 2245.2
1107890 2265.1
1107900 2275.1
1107910 2275.1
1107920 2284.6
1107930 2291.2
1107940 2291.2
1107950 2296.9
1107960 2303.4
1107970 2303.4
1107980 2314.3
1107990 2322.6
1108000 2322.6
1108010 2328.0
1108020 2334.9
1108030 2334.9
1108040 2340.3
1108050 2343.8
1108060 2343.8
1108070 2346.2
1108080 2348.2
1108090 2348.2
1108100 2346.9
1108110 2342.8
1108120 2342.8
1108130 2337.8
1108140 2332.6
1108150 2327.2
1108160 2327.2
1108170 2320.9
1108180 2318.1
1108190 2318.1
1108200 2313.9
1108210 2308.2
1108220 2308.2
1108230 2295.3
1108240 2290.2
1108250 2290.2
1108260 2286.0
1108270 2282.7
1108280 2282.7
1108290 2279.5
1108300 2274.9
1108310 2274.9
1108320 2269.3
1108330 2264.8
1108340 2264.8
1108350 2259.1
1108360 2253.7
1108370 2253.7
1108380 2245.1
1108390 2235.7
1108400 2228.0
1108410 2228.0
1108420 2222.0
1108430 2215.7
1108440 2215.7
1108450 2209.0
1108460 2200.6
1108470 2200.6
1108480 2190.6
1108490 2169.9
1108500 2169.9
1108510 2156.8
1108520 2149.5
1108530 2149.5
1108540 2143.3
1108550 2137.1
1108560 2137.1
1108570 2129.0
1108580 2122.9
1108590 2122.9
1108600 2117.7
1108610 2113.8
1108620 2113.8
1108630 2110.5
1108640 2107.8
1108650 2104.8
1108660 2104.8
1108670 2104.9
1108680 2108.4
1108690 2108.4
1108700 2111.3
1108710 2111.5
1108720 2111.5
1108730 2109.3
1108740 2105.7
1108750 2105.7
1108760 2100.8
1108770 2095.6
1108780 2095.6
1108790 2091.6
1108800 2087.9
1108810 2087.9
1108820 2085.8
1108830 2086.0
1108840 2086.0
1108850 2088.8
1108860 2093.4
1108870 2093.4
1108880 2095.2
1108890 2093.8
1108900 2093.3
1108910 2091.1
1108920 2089.1
1108930 2085.8
1108940 2085.8
1108950 2081.5
1108960 2078.9
1108970 2078.9
1108980 2077.7
1108990 2076.9
1109000 2076.9
1109010 2077.2
1109020 2077.7
1109030 2077.7
1109040 2077.3
1109050 2075.5
1109060 2075.5
1109070 2073.2
1109080 2072.3
1109090 2072.3
1109100 2071.8
1109110 2073.4
1109120 2073.4
1109130 2075.8
1109140 2080.5
1109150 2083.9
1109160 2083.9
1109170 2085.7
1109180 2087.3
1109190 2087.3
1109200 2089.3
1109210 2089.5
1109220 2089.5
1109230 2087.5
1109240 2086.1
1109250 2088.3
1109260 2090.9
1109270 2091.1
1109280 2091.1
1109290 2090.5
1109300 2092.1
1109310 2092.1
1109320 2094.0
1109330 2096.3
1109340 2096.3
1109350 2098.5
1109360 2098.4
1109370 2098.4
1109380 2097.1
1109390 2094.4
1109400 2091.0
1109410 2091.0
1109420 2085.0
1109430 2081.6
1109440 2081.6
1109450 2079.3
1109460 2077.5
1109470 2077.5
1109480 2073.4
1109490 2069.8
1109500 2069.8
1109510 2066.9
1109520 2066.7
1109530 2066.7
1109540 2064.0
1109550 2061.9
1109560 2061.9
1109570 2061.2
1109580 2061.0
1109590 2061.0
1109600 2057.8
1109610 2056.0
1109620 2056.0
1109630 2052.8
1109640 2048.2
1109650 2048.0
1109660 2048.0
1109670 2047.1
1109680 2045.0
1109690 2045.0
1109700 2041.1
1109710 2034.8
1109720 2034.8
1109730 2031.4
1109740 2028.6
1109750 2028.6
1109760 2026.9
1109770 2024.0
1109780 2024.0
1109790 2022.4
1109800 2021.4
1109810 2021.4
1109820 2020.9
1109830 2019.2
1109840 2019.2
1109850 2016.2
1109860 2012.5
1109870 2012.5
1109880 2010.6
1109890 2009.1
1109900 2008.0
1109910 2008.0
1109920 2009.0
1109930 2006.3
1109940 2006.3
1109950 2004.4
1109960 2003.3
1109970 2003.3
1109980 2001.6
1109990 2001.0
1110000 2001.0
1110010 2000.7
1110020 2000.3
1110030 2000.3
1110040 2000.3
1110050 2000.9
1110060 2000.9
1110070 2002.0
1110080 2001.9
1110090 2001.9
1110100 2002.2
1110110 2002.0
1110120 2002.0
1110130 2001.5
1110140 2001.6
1110150 2000.2
1110160 2000.2
1110170 1999.3
1110180 1998.3
1110190 1998.3
1110200 1997.4
1110210 1997.0
1110220 1997.0
1110230 1997.0
1110240 1997.2
1110250 1997.2
1110260 1996.6
1110270 1996.9
1110280 1996.9
1110290 1997.9
1110300 1999.3
1110310 1999.3
1110320 2001.1
1110330 2003.4
1110340 2003.4
1110350 2006.0
1110360 2009.6
1110370 2013.6
1110380 2013.6
1110390 2017.9
1110400 2021.9
1110410 2021.9
1110420 2025.5
1110430 2031.2
1110440 2031.2
1110450 2037.9
1110460 2044.2
1110470 2044.2
1110480 2050.3
1110490 2056.0
1110500 2056.0
1110510 2062.5
1110520 2069.8
1110530 2069.8
1110540 2076.1
1110550 2083.2
1110560 2083.2
1110570 2088.6
1110580 2093.1
1110590 2093.1
1110600 2096.0
1110610 2097.8
1110620 2098.3
1110630 2098.3
1110640 2103.7
1110650 2109.3
1110660 2109.3
1110670 2113.6
1110680 2118.7
1110690 2118.7
1110700 2124.1
1110710 2130.3
1110720 2130.3
1110730 2136.8
1110740 2142.0
1110750 2142.0
1110760 2147.3
1110770 2153.3
1110780 2153.3
1110790 2158.1
1110800 2161.9
1110810 2161.9
1110820 2167.7
1110830 2174.6
1110840 2174.6
1110850 2175.1
1110860 2176.3
1110870 2183.9
1110880 2183.9
1110890 2185.5
1110900 2187.1
1110910 2187.1
1110920 2188.8
1110930 2189.6
1110940 2182.9
1110950 2186.1
1110960 2187.2
1110970 2187.2
1110980 2185.1
1110990 2185.0
1111000 2185.0
1111010 2188.9
1111020 2188.6
1111030 2188.6
1111040 2189.5
1111050 2188.0
1111060 2188.0
1111070 2184.1
1111080 2185.3
1111090 2185.3
1111100 2191.7
1111110 2192.1
1111120 2189.4
1111130 2189.4
1111140 2186.4
1111150 2184.3
1111160 2184.3
1111170 2182.6
1111180 2181.1
1111190 2181.1
1111200 2178.8
1111210 2177.0
1111220 2177.0
1111230 2176.9
1111240 2170.6
1111250 2170.6
1111260 2164.2
1111270 2158.2
1111280 2158.0
1111290 2151.5
1111300 2146.0
1111310 2146.0
1111320 2140.8
1111330 2135.6
1111340 2135.6
1111350 2130.3
1111360 2128.7
1111370 2127.9
1111380 2127.9
1111390 2125.1
1111400 2123.1
1111410 2123.1
1111420 2126.5
1111430 2130.4
1111440 2130.4
1111450 2132.4
1111460 2133.6
1111470 2133.6
1111480 2132.2
1111490 2128.7
1111500 2128.7
1111510 2124.0
1111520 2119.7
1111530 2119.7
1111540 2115.3
1111550 2110.6
1111560 2110.6
1111570 2106.1
1111580 2102.3
1111590 2102.3
1111600 2099.8
1111610 2097.8
1111620 2091.2
1111630 2091.2
1111640 2090.8
1111650 2089.2
1111660 2089.2
1111670 2089.5
1111680 2089.9
1111690 2089.9
1111700 2090.8
1111710 2091.6
1111720 2091.6
1111730 2094.0
1111740 2094.7
1111750 2094.7
1111760 2094.7
1111770 2095.6
1111780 2095.6
1111790 2095.3
1111800 2096.0
1111810 2096.0
1111820 2097.1
1111830 2100.7
1111840 2100.7
1111850 2102.6
1111860 2104.4
1111870 2107.0
1111880 2107.0
1111890 2109.9
1111900 2112.2
1111910 2112.2
1111920 2114.7
1111930 2117.1
1111940 2117.1
1111950 2119.9
1111960 2118.6
1111970 2118.6
1111980 2119.8
1111990 2121.0
1112000 2121.0
1112010 2123.3
1112020 2124.5
1112030 2124.5
1112040 2124.9
1112050 2123.6
1112060 2123.6
1112070 2122.0
1112080 2122.1
1112090 2122.1
1112100 2123.4
1112110 2124.1
1112120 2123.4
1112130 2123.4
1112140 2124.0
1112150 2126.2
1112160 2126.2
1112170 2126.9
1112180 2125.6
1112190 2125.6
1112200 2124.5
1112210 2123.6
1112220 2123.6
1112230 2122.5
1112240 2120.9
1112250 2120.9
1112260 2118.5
1112270 2115.0
1112280 2115.0
1112290 2112.8
1112300 2107.8
1112310 2107.8
1112320 2104.7
1112330 2101.0
1112340 2101.0
1112350 2098.4
1112360 2095.4
1112370 2092.2
1112380 2092.2
1112390 2090.4
1112400 2091.2
1112410 2091.2
1112420 2090.3
1112430 2087.5
1112440 2087.5
1112450 2085.6
1112460 2082.8
1112470 2082.8
1112480 2080.8
1112490 2080.9
1112500 2080.9
1112510 2082.2
1112520 2083.2
1112530 2083.2
1112540 2084.1
1112550 2085.2
1112560 2085.2
1112570 2086.4
1112580 2085.7
1112590 2085.7
1112600 2083.0
1112610 2081.4
1112620 2079.2
1112630 2079.2
1112640 2076.8
1112650 2066.4
1112660 2066.4
1112670 2062.6
1112680 2058.6
1112690 2058.6
1112700 2054.2
1112710 2050.7
1112720 2050.7
1112730 2047.6
1112740 2044.8
1112750 2044.8
1112760 2042.2
1112770 2038.7
1112780 2038.7
1112790 2034.8
1112800 2029.4
1112810 2029.4
1112820 2023.0
1112830 2017.3
1112840 2017.3
1112850 2010.9
1112860 2005.4
1112870 1999.6
1112880 1999.6
1112890 1995.6
1112900 1992.5
1112910 1992.5
1112920 1993.8
1112930 1995.9
1112940 1995.9
1112950 1994.6
1112960 1992.7
1112970 1992.7
1112980 1991.6
1112990 1985.7
1113000 1985.7
1113010 1983.5
1113020 1981.2
1113030 1981.2
1113040 1978.7
1113050 1976.8
1113060 1976.8
1113070 1975.2
1113080 1974.2
1113090 1974.2
1113100 1974.2
1113110 1971.6
1113120 1967.5
1113130 1967.5
1113140 1962.8
1113150 1959.1
1113160 1959.1
1113170 1955.4
1113180 1952.0
1113190 1952.0
1113200 1947.9
1113210 1943.6
1113220 1943.6
1113230 1940.0
1113240 1935.2
1113250 1935.2
1113260 1930.3
1113270 1926.4
1113280 1926.4
1113290 1922.7
1113300 1918.7
1113310 1918.7
1113320 1915.2
1113330 1909.3
1113340 1909.3
1113350 1905.3
1113360 1901.7
1113370 1898.7
1113380 1898.7
1113390 1896.6
1113400 1895.4
1113410 1895.4
1113420 1893.3
1113430 1889.7
1113440 1889.7
1113450 1885.5
1113460 1882.3
1113470 1882.3
1113480 1878.2
1113490 1873.9
1113500 1873.9
1113510 1870.7
1113520 1867.8
1113530 1867.8
1113540 1864.8
1113550 1863.1
1113560 1863.1
1113570 1861.8
1113580 1859.5
1113590 1857.7
1113600 1857.7
1113610 1856.0
1113620 1854.7
1113630 1854.7
1113640 1852.4
1113650 1849.2
1113660 1849.2
1113670 1843.9
1113680 1841.7
1113690 1841.7
1113700 1839.0
1113710 1835.2
1113720 1835.2
1113730 1831.7
1113740 1828.8
1113750 1828.8
1113760 1826.7
1113770 1824.5
1113780 1824.5
1113790 1823.0
1113800 1822.0
1113810 1822.0
1113820 1820.8
1113830 1819.9
1113840 1818.4
1113850 1818.4
1113860 1817.4
1113870 1816.7
1113880 1816.7
1113890 1816.4
1113900 1815.9
1113910 1815.9
1113920 1815.6
1113930 1816.6
1113940 1816.6
1113950 1816.1
1113960 1814.4
1113970 1814.4
1113980 1814.3
1113990 1814.0
1114000 1814.0
1114010 1814.2
1114020 1814.8
1114030 1814.8
1114040 1815.3
1114050 1815.8
1114060 1815.8
1114070 1816.1
1114080 1816.3
1114090 1817.7
1114100 1817.7
1114110 1825.7
1114120 1830.6
1114130 1830.6
1114140 1834.8
1114150 1838.2
1114160 1838.2
1114170 1842.1
1114180 1845.0
1114190 1845.0
1114200 1848.4
1114210 1854.4
1114220 1854.4
1114230 1861.2
1114240 1864.7
1114250 1864.7
1114260 1869.1
1114270 1874.3
1114280 1874.3
1114290 1880.0
1114300 1884.5
1114310 1884.5
1114320 1889.6
1114330 1895.5
1114340 1901.6
1114350 1901.6
1114360 1908.2
1114370 1913.6
1114380 1913.6
1114390 1919.9
1114400 1925.6
1114410 1925.6
1114420 1931.8
1114430 1936.5
1114440 1936.5
1114450 1939.2
1114460 1943.2
1114470 1943.2
1114480 1945.8
1114490 1948.7
1114500 1948.7
1114510 1951.5
1114520 1955.0
1114530 1955.0
1114540 1958.3
1114550 1960.5
1114560 1960.5
1114570 1961.3
1114580 1961.9
1114590 1962.5
1114600 1962.5
1114610 1963.2
1114620 1964.6
1114630 1964.6
1114640 1964.4
1114650 1963.5
1114660 1963.5
1114670 1962.5
1114680 1961.9
1114690 1961.9
1114700 1965.7
1114710 1966.0
1114720 1966.0
1114730 1966.4
1114740 1965.9
1114750 1965.9
1114760 1965.3
1114770 1965.2
1114780 1965.2
1114790 1963.5
1114800 1960.7
1114810 1960.7
1114820 1958.7
1114830 1956.4
1114840 1953.6
1114850 1953.6
1114860 1946.8
1114870 1938.6
1114880 1938.6
1114890 1931.5
1114900 1924.7
1114910 1924.7
1114920 1919.3
1114930 1918.6
1114940 1918.6
1114950 1923.0
1114960 1928.0
1114970 1928.0
1114980 1933.7
1114990 1938.5
1115000 1938.5
1115010 1943.2
1115020 1947.5
1115030 1947.5
1115040 1953.3
1115050 1961.8
1115060 1961.8
1115070 1969.1
1115080 1976.2
1115090 1983.6
1115100 1983.6
1115110 1989.9
1115120 1996.4
1115130 1996.4
1115140 2002.1
1115150 2006.9
1115160 2006.9
1115170 2012.0
1115180 2015.7
1115190 2015.7
1115200 2018.1
1115210 2020.5
1115220 2020.5
1115230 2022.4
1115240 2024.1
1115250 2024.1
1115260 2025.4
1115270 2026.4
1115280 2026.4
1115290 2028.0
1115300 2030.5
1115310 2030.5
1115320 2032.1
1115330 2033.0
1115340 2035.4
1115350 2035.4
1115360 2036.7
1115370 2035.0
1115380 2035.0
1115390 2031.9
1115400 2025.6
1115410 2025.6
1115420 2022.3
1115430 2020.7
1115440 2020.7
1115450 2018.8
1115460 2019.1
1115470 2019.1
1115480 2020.5
1115490 2023.1
1115500 2023.1
1115510 2026.0
1115520 2029.3
1115530 2029.3
1115540 2031.8
1115550 2035.1
1115560 2035.1
1115570 2040.6
1115580 2046.3
1115590 2049.2
1115600 2049.2
1115610 2052.3
1115620 2055.1
1115630 2055.1
1115640 2057.1
1115650 2059.2
1115660 2059.2
1115670 2061.4
1115680 2062.8
1115690 2062.8
1115700 2064.5
1115710 2066.1
1115720 2066.1
1115730 2065.0
1115740 2076.3
1115750 2076.3
1115760 2078.4
1115770 2079.5
1115780 2079.5
1115790 2080.6
1115800 2085.8
1115810 2085.8
1115820 2087.3
1115830 2089.6
1115840 2092.7
1115850 2092.7
1115860 2098.6
1115870 2102.5
1115880 2102.5
1115890 2105.3
1115900 2114.1
1115910 2114.1
1115920 2118.6
1115930 2121.3
1115940 2121.3
1115950 2122.8
1115960 2123.2
1115970 2123.2
1115980 2121.2
1115990 2122.3
1116000 2122.3
1116010 2125.8
1116020 2123.3
1116030 2123.3
1116040 2123.4
1116050 2125.6
1116060 2125.6
1116070 2130.1
1116080 2141.3
1116090 2146.1
1116100 2146.1
1116110 2149.7
1116120 2153.0
1116130 2153.0
1116140 2156.2
1116150 2158.2
1116160 2158.2
1116170 2164.5
1116180 2169.4
1116190 2169.4
1116200 2172.9
1116210 2176.0
1116220 2176.0
1116230 2178.0
1116240 2178.7
1116250 2178.7
1116260 2179.7
1116270 2181.8
1116280 2181.8
1116290 2183.6
1116300 2184.7
1116310 2186.7
1116320 2186.7
1116330 2188.0
1116340 2190.1
1116350 2190.1
1116360 2192.6
1116370 2195.8
1116380 2195.8
1116390 2198.3
1116400 2200.5
1116410 2200.5
1116420 2203.8
1116430 2218.7
1116440 2218.7
1116450 2217.6
1116460 2216.5
1116470 2216.5
1116480 2217.2
1116490 2219.5
1116500 2219.5
1116510 2221.7
1116520 2223.6
1116530 2223.6
1116540 2226.1
1116550 2228.2
1116560 2230.3
1116570 2230.3
1116580 2232.2
1116590 2233.5
1116600 2233.5
1116610 2234.8
1116620 2236.4
1116630 2236.4
1116640 2239.7
1116650 2243.6
1116660 2243.6
1116670 2247.7
1116680 2251.2
1116690 2251.2
1116700 2255.1
1116710 2259.7
1116720 2259.7
1116730 2264.0
1116740 2268.0
1116750 2268.0
1116760 2271.6
1116770 2280.6
1116780 2280.6
1116790 2285.2
1116800 2290.8
1116810 2296.2
1116820 2296.2
1116830 2302.8
1116840 2310.3
1116850 2310.3
1116860 2320.1
1116870 2326.5
1116880 2326.5
1116890 2338.6
1116900 2346.2
1116910 2346.2
1116920 2348.0
1116930 2356.5
1116940 2356.5
1116950 2369.5
1116960 2377.0
1116970 2377.0
1116980 2385.0
1116990 2401.3
1117000 2401.3
1117010 2423.1
1117020 2431.3
1117030 2431.3
1117040 2457.4
1117050 2495.9
1117060 2508.7
1117070 2508.7
1117080 2512.5
1117090 2512.6
1117100 2512.6
1117110 2515.0
1117120 2516.9
1117130 2516.9
1117140 2474.4
1117150 2445.4
1117160 2445.4
1117170 2417.8
1117180 2391.0
1117190 2391.0
1117200 2368.4
1117210 2351.0
1117220 2351.0
1117230 2340.2
1117240 2332.8
1117250 2332.8
1117260 2325.8
1117270 2318.8
1117280 2318.8
1117290 2312.0
1117300 2305.8
1117310 2299.9
1117320 2299.9
1117330 2294.2
1117340 2289.0
1117350 2289.0
1117360 2283.6
1117370 2279.0
1117380 2279.0
1117390 2274.1
1117400 2269.9
1117410 2269.9
1117420 2266.2
1117430 2262.5
1117440 2262.5
1117450 2259.1
1117460 2257.1
1117470 2257.1
1117480 2255.0
1117490 2253.7
1117500 2253.7
1117510 2252.9
1117520 2254.3
1117530 2254.3
1117540 2255.1
1117550 2256.1
1117560 2257.0
1117570 2257.0
1117580 2258.8
1117590 2259.6
1117600 2259.6
1117610 2258.7
1117620 2258.7
1117630 2258.7
1117640 2261.9
1117650 2264.7
1117660 2264.7
1117670 2266.6
1117680 2267.6
1117690 2267.6
1117700 2270.1
1117710 2272.4
1117720 2272.4
1117730 2273.3
1117740 2273.6
1117750 2273.6
1117760 2271.5
1117770 2268.3
1117780 2268.3
1117790 2265.9
1117800 2264.5
1117810 2269.4
1117820 2269.4
1117830 2266.2
1117840 2260.0
1117850 2260.0
1117860 2254.5
1117870 2248.0
1117880 2248.0
1117890 2243.0
1117900 2238.0
1117910 2238.0
1117920 2228.6
1117930 2219.5
1117940 2219.5
1117950 2215.2
1117960 2208.7
1117970 2208.7
1117980 2203.3
1117990 2198.9
1118000 2198.9
1118010 2193.8
1118020 2188.0
1118030 2188.0
1118040 2181.9
1118050 2174.1
1118060 2165.2
1118070 2165.2
1118080 2158.0
1118090 2151.7
1118100 2151.7
1118110 2145.5
1118120 2140.0
1118130 2140.0
1118140 2135.1
1118150 2130.4
1118160 2132.8
1118170 2130.2
1118180 2126.2
1118190 2126.2
1118200 2118.4
1118210 2110.2
1118220 2110.2
1118230 2097.6
1118240 2085.0
1118250 2085.0
1118260 2076.9
1118270 2069.8
1118280 2069.8
1118290 2062.8
1118300 2052.5
1118310 2046.1
1118320 2046.1
1118330 2040.4
1118340 2033.8
1118350 2033.8
1118360 2028.6
1118370 2023.8
1118380 2023.8
1118390 2018.8
1118400 2013.7
1118410 2013.7
1118420 2008.7
1118430 2005.5
1118440 2005.5
1118450 2003.4
1118460 2002.0
1118470 2002.0
1118480 1999.5
1118490 1996.0
1118500 1998.4
1118510 1994.9
1118520 1991.2
1118530 1991.2
1118540 1988.2
1118550 1984.3
1118560 1980.2
1118570 1980.2
1118580 1971.8
1118590 1961.5
1118600 1961.5
1118610 1951.5
1118620 1943.9
1118630 1943.9
1118640 1938.0
1118650 1931.1
1118660 1931.1
1118670 1922.4
1118680 1917.6
1118690 1917.6
1118700 1913.9
1118710 1911.2
1118720 1911.2
1118730 1907.5
1118740 1904.0
1118750 1904.0
1118760 1899.6
1118770 1891.5
1118780 1880.7
1118790 1880.7
1118800 1872.2
1118810 1867.4
1118820 1867.4
1118830 1860.2
1118840 1855.7
1118850 1860.1
1118860 1854.7
1118870 1850.4
1118880 1850.4
1118890 1847.2
1118900 1842.8
1118910 1842.8
1118920 1836.6
1118930 1837.5
1118940 1837.5
1118950 1834.8
1118960 1828.8
1118970 1828.8
1118980 1823.7
1118990 1821.5
1119000 1821.5
1119010 1814.5
1119020 1809.5
1119030 1804.2
1119040 1804.2
1119050 1798.9
1119060 1794.3
1119070 1794.3
1119080 1788.3
1119090 1780.9
1119100 1780.9
1119110 1775.2
1119120 1771.9
1119130 1771.9
1119140 1768.1
1119150 1762.1
1119160 1762.1
1119170 1756.4
1119180 1751.9
1119190 1751.9
1119200 1752.8
1119210 1749.2
1119220 1749.2
1119230 1744.8
1119240 1740.2
1119250 1740.2
1119260 1735.6
1119270 1733.1
1119280 1729.9
1119290 1729.9
1119300 1726.7
1119310 1720.5
1119320 1720.5
1119330 1715.8
1119340 1712.3
1119350 1712.3
1119360 1709.4
1119370 1708.1
1119380 1708.1
1119390 1707.5
1119400 1706.7
1119410 1706.7
1119420 1706.5
1119430 1706.1
1119440 1706.1
1119450 1705.6
1119460 1704.9
1119470 1704.9
1119480 1703.8
1119490 1698.6
1119500 1698.6
1119510 1694.9
1119520 1694.9
1119530 1695.1
1119540 1695.2
1119550 1695.6
1119560 1695.9
1119570 1695.9
1119580 1696.8
1119590 1700.4
1119600 1700.4
1119610 1702.7
1119620 1705.5
1119630 1705.5
1119640 1709.0
1119650 1713.6
1119660 1713.6
1119670 1719.2
1119680 1725.0
1119690 1725.0
1119700 1731.8
1119710 1737.2
1119720 1737.2
1119730 1740.6
1119740 1744.3
1119750 1744.3
1119760 1748.2
1119770 1752.3
1119780 1756.9
1119790 1756.9
1119800 1762.5
1119810 1769.4
1119820 1769.4
1119830 1776.4
1119840 1783.8
1119850 1783.8
1119860 1790.3
1119870 1795.6
1119880 1795.6
1119890 1797.0
1119900 1803.1
1119910 1803.1
1119920 1808.7
1119930 1816.2
1119940 1816.2
1119950 1822.9
1119960 1830.1
1119970 1830.1
1119980 1837.5
1119990 1844.2
