1100000 1709.6
1100010 1706.9
1100020 1710.3
1100030 1713.8
1100040 1713.8
1100050 1716.9
1100060 1719.7
1100070 1719.7
1100080 1722.4
1100090 1725.9
1100100 1725.9
1100110 1728.5
1100120 1731.8
1100130 1731.8
1100140 1734.5
1100150 1736.8
1100160 1736.8
1100170 1739.5
1100180 1742.9
1100190 1747.0
1100200 1747.0
1100210 1752.1
1100220 1756.3
1100230 1756.3
1100240 1760.1
1100250 1764.3
1100260 1764.3
1100270 1769.3
1100280 1775.1
1100290 1775.1
1100300 1780.3
1100310 1785.3
1100320 1785.3
1100330 1789.7
1100340 1794.2
1100350 1794.2
1100360 1798.4
1100370 1801.2
1100380 1801.2
1100390 1805.5
1100400 1810.4
1100410 1810.4
1100420 1814.9
1100430 1819.4
1100440 1823.4
1100450 1823.4
1100460 1827.3
1100470 1831.8
1100480 1831.8
1100490 1836.3
1100500 1841.0
1100510 1841.0
1100520 1845.8
1100530 1850.2
1100540 1850.2
1100550 1854.2
1100560 1857.7
1100570 1857.7
1100580 1861.2
1100590 1865.4
1100600 1865.4
1100610 1869.9
1100620 1874.8
1100630 1874.8
1100640 1879.3
1100650 1883.1
1100660 1883.1
1100670 1887.7
1100680 1891.9
1100690 1891.8
1100700 1891.8
1100710 1867.6
1100720 1852.7
1100730 1852.7
1100740 1841.3
1100750 1817.3
1100760 1817.3
1100770 1808.0
1100780 1801.9
1100790 1801.9
1100800 1797.2
1100810 1794.6
1100820 1794.6
1100830 1793.6
1100840 1794.9
1100850 1794.9
1100860 1796.6
1100870 1797.7
1100880 1797.7
1100890 1793.0
1100900 1816.4
1100910 1816.4
1100920 1827.4
1100930 1812.9
1100940 1792.4
1100950 1792.4
1100960 1791.0
1100970 1803.5
1100980 1803.5
1100990 1796.7
1101000 1783.8
1101010 1783.8
1101020 1783.9
1101030 1807.7
1101040 1807.7
1101050 1826.7
1101060 1829.1
1101070 1829.1
1101080 1835.9
1101090 1855.0
1101100 1855.0
1101110 1878.9
1101120 1894.2
1101130 1894.2
1101140 1904.1
1101150 1912.5
1101160 1922.4
1101170 1922.4
1101180 1935.6
1101190 1950.2
1101200 1950.2
1101210 1957.4
1101220 1963.9
1101230 1963.9
1101240 1969.3
1101250 1971.6
1101260 1971.6
1101270 1973.9
1101280 1984.4
1101290 1984.4
1101300 2000.5
1101310 2008.0
1101320 2008.0
1101330 1995.4
1101340 1991.1
1101350 1991.1
1101360 1989.1
1101370 1988.4
1101380 1988.4
1101390 1989.8
1101400 1999.6
1101410 2011.5
1101420 2011.5
1101430 2022.7
1101440 2037.2
1101450 2037.2
1101460 2050.9
1101470 2042.8
1101480 2042.8
1101490 2051.5
1101500 2061.8
1101510 2061.8
1101520 2061.8
1101530 2056.1
1101540 2056.1
1101550 2051.9
1101560 2043.9
1101570 2043.9
1101580 2033.8
1101590 2021.7
1101600 2021.7
1101610 2009.4
1101620 1990.5
1101630 1990.5
1101640 1966.0
1101650 1938.6
1101660 1919.7
1101670 1919.7
1101680 1922.0
1101690 1939.6
1101700 1939.6
1101710 1947.5
1101720 1939.2
1101730 1939.2
1101740 1947.4
1101750 1962.8
1101760 1962.8
1101770 1987.3
1101780 2009.8
1101790 2009.8
1101800 2009.4
1101810 1982.9
1101820 1982.9
1101830 1968.3
1101840 1955.8
1101850 1955.8
1101860 1970.0
1101870 2004.4
1101880 2004.4
1101890 2021.6
1101900 2035.1
1101910 2049.4
1101920 2049.4
1101930 2058.6
1101940 2054.5
1101950 2054.5
1101960 2054.1
1101970 2048.5
1101980 2048.5
1101990 2052.5
1102000 2043.3
1102010 2043.3
1102020 2052.3
1102030 2047.0
1102040 2047.0
1102050 2032.0
1102060 2048.1
1102070 2048.1
1102080 2059.2
1102090 2051.7
1102100 2051.7
1102110 2049.3
1102120 2032.0
1102130 2032.0
1102140 2011.3
1102150 1994.6
1102160 1986.5
1102170 1986.5
1102180 1972.2
1102190 1965.7
1102200 1965.7
1102210 1969.6
1102220 1972.6
1102230 1972.6
1102240 1976.4
1102250 1984.0
1102260 1984.0
1102270 1992.1
1102280 1991.2
1102290 1991.2
1102300 1978.6
1102310 1966.7
1102320 1966.7
1102330 1954.4
1102340 1935.6
1102350 1935.6
1102360 1925.6
1102370 1930.4
1102380 1930.4
1102390 1927.6
1102400 1933.1
1102410 1937.2
1102420 1937.2
1102430 1943.3
1102440 1940.3
1102450 1940.3
1102460 1949.5
1102470 1963.0
1102480 1963.0
1102490 1931.4
1102500 1917.2
1102510 1917.2
1102520 1909.8
1102530 1908.6
1102540 1908.6
1102550 1909.4
1102560 1888.2
1102570 1888.2
1102580 1884.2
1102590 1902.3
1102600 1902.3
1102610 1914.7
1102620 1924.2
1102630 1924.2
1102640 1934.8
1102650 1931.3
1102660 1931.9
1102670 1931.9
1102680 1925.4
1102690 1912.1
1102700 1912.1
1102710 1917.5
1102720 1929.8
1102730 1929.8
1102740 1931.2
1102750 1931.6
1102760 1931.6
1102770 1936.9
1102780 1943.1
1102790 1943.1
1102800 1933.0
1102810 1938.7
1102820 1938.7
1102830 1947.1
1102840 1937.2
1102850 1937.2
1102860 1926.4
1102870 1925.9
1102880 1925.9
1102890 1924.3
1102900 1922.8
1102910 1933.2
1102920 1933.2
1102930 1940.0
1102940 1945.8
1102950 1945.8
1102960 1953.2
1102970 1960.8
1102980 1960.8
1102990 1967.6
1103000 1975.7
1103010 1975.7
1103020 1984.5
1103030 1991.4
1103040 1991.4
1103050 1993.8
1103060 1995.5
1103070 1995.5
1103080 1999.4
1103090 2003.7
1103100 2003.7
1103110 2004.8
1103120 2003.3
1103130 2003.3
1103140 2005.6
1103150 2010.8
1103160 2014.3
1103170 2014.3
1103180 2016.1
1103190 2017.0
1103200 2017.0
1103210 2017.5
1103220 2012.8
1103230 2012.8
1103240 2008.8
1103250 2005.3
1103260 2005.3
1103270 2002.1
1103280 1999.7
1103290 1999.7
1103300 1998.2
1103310 1997.1
1103320 1997.1
1103330 2004.7
1103340 2005.5
1103350 2005.5
1103360 2005.4
1103370 2005.7
1103380 2005.7
1103390 2005.8
1103400 2006.2
1103410 2006.7
1103420 2006.7
1103430 2007.8
1103440 2010.5
1103450 2010.5
1103460 2011.8
1103470 2015.8
1103480 2015.8
1103490 2015.9
1103500 2016.6
1103510 2016.6
1103520 2023.9
1103530 2031.3
1103540 2031.3
1103550 2044.3
1103560 2055.3
1103570 2055.3
1103580 2064.6
1103590 2075.3
1103600 2075.3
1103610 2084.6
1103620 2085.2
1103630 2085.2
1103640 2082.9
1103650 2079.2
1103660 2086.2
1103670 2086.2
1103680 2084.3
1103690 2097.7
1103700 2097.7
1103710 2118.2
1103720 2122.9
1103730 2122.9
1103740 2114.0
1103750 2112.7
1103760 2112.7
1103770 2107.4
1103780 2107.7
1103790 2107.7
1103800 2110.4
1103810 2105.0
1103820 2105.0
1103830 2104.5
1103840 2112.6
1103850 2112.6
1103860 2112.4
1103870 2107.4
1103880 2107.4
1103890 2105.2
1103900 2110.9
1103910 2117.0
1103920 2117.0
1103930 2120.1
1103940 2117.8
1103950 2117.8
1103960 2112.6
1103970 2106.7
1103980 2106.7
1103990 2108.0
1104000 2103.4
1104010 2103.4
1104020 2097.9
1104030 2093.8
1104040 2093.8
1104050 2089.7
1104060 2085.4
1104070 2085.4
1104080 2081.5
1104090 2078.8
1104100 2078.8
1104110 2077.4
1104120 2077.7
1104130 2078.5
1104140 2078.5
1104150 2078.1
1104160 2076.8
1104170 2076.8
1104180 2074.8
1104190 2070.9
1104200 2070.9
1104210 2066.0
1104220 2064.1
1104230 2064.1
1104240 2053.2
1104250 2042.0
1104260 2042.0
1104270 2040.2
1104280 2036.1
1104290 2036.1
1104300 2034.4
1104310 2031.7
1104320 2031.7
1104330 2035.0
1104340 2032.6
1104350 2032.6
1104360 2028.2
1104370 2024.0
1104380 2019.7
1104390 2019.7
1104400 2016.1
1104410 2014.2
1104420 2014.2
1104430 2012.4
1104440 2010.5
1104450 2010.5
1104460 2007.5
1104470 2004.2
1104480 2004.2
1104490 2001.8
1104500 2000.1
1104510 2000.1
1104520 1997.6
1104530 1993.9
1104540 1993.9
1104550 1989.6
1104560 1986.3
1104570 1986.3
1104580 1983.7
1104590 1981.6
1104600 1981.6
1104610 1977.8
1104620 1973.2
1104630 1968.7
1104640 1968.7
1104650 1963.7
1104660 1963.1
1104670 1963.1
1104680 1961.3
1104690 1962.7
1104700 1962.7
1104710 1964.5
1104720 1964.6
1104730 1964.6
1104740 1963.8
1104750 1962.9
1104760 1962.9
1104770 1961.9
1104780 1959.2
1104790 1959.2
1104800 1956.1
1104810 1953.1
1104820 1953.1
1104830 1949.6
1104840 1946.4
1104850 1946.4
1104860 1943.1
1104870 1939.3
1104880 1935.5
1104890 1935.5
1104900 1931.7
1104910 1928.0
1104920 1928.0
1104930 1924.6
1104940 1920.6
1104950 1920.6
1104960 1917.1
1104970 1914.6
1104980 1914.6
1104990 1912.5
1105000 1911.6
1105010 1911.6
1105020 1908.8
1105030 1906.9
1105040 1906.9
1105050 1906.6
1105060 1904.5
1105070 1904.5
1105080 1901.3
1105090 1899.2
1105100 1899.2
1105110 1898.6
1105120 1898.5
1105130 1897.2
1105140 1897.2
1105150 1893.7
1105160 1889.7
1105170 1889.7
1105180 1885.7
1105190 1882.4
1105200 1882.4
1105210 1880.9
1105220 1880.9
1105230 1880.9
1105240 1880.2
1105250 1880.5
1105260 1880.5
1105270 1880.6
1105280 1880.3
1105290 1880.3
1105300 1881.0
1105310 1884.3
1105320 1884.3
1105330 1887.4
1105340 1888.0
1105350 1888.0
1105360 1888.8
1105370 1890.9
1105380 1894.2
1105390 1894.2
1105400 1895.3
1105410 1896.8
1105420 1896.8
1105430 1898.3
1105440 1899.9
1105450 1899.9
1105460 1900.9
1105470 1904.9
1105480 1904.9
1105490 1908.8
1105500 1912.7
1105510 1912.7
1105520 1918.3
1105530 1925.4
1105540 1925.4
1105550 1933.4
1105560 1943.3
1105570 1943.3
1105580 1951.8
1105590 1961.2
1105600 1961.2
1105610 1978.2
1105620 1988.9
1105630 1992.3
1105640 1992.3
1105650 1995.2
1105660 1997.0
1105670 1998.0
1105680 1998.8
1105690 1997.5
1105700 1997.5
1105710 1995.8
1105720 1991.2
1105730 1991.2
1105740 1986.5
1105750 1982.5
1105760 1982.5
1105770 1979.8
1105780 1976.1
1105790 1976.1
1105800 1971.7
1105810 1968.3
1105820 1968.3
1105830 1966.7
1105840 1965.0
1105850 1965.0
1105860 1960.2
1105870 1953.2
1105880 1944.0
1105890 1944.0
1105900 1938.5
1105910 1941.3
1105920 1941.3
1105930 1943.2
1105940 1943.4
1105950 1943.4
1105960 1944.4
1105970 1944.1
1105980 1944.1
1105990 1943.3
1106000 1948.2
1106010 1948.2
1106020 1947.2
1106030 1946.1
1106040 1946.1
1106050 1947.7
1106060 1948.0
1106070 1948.0
1106080 1947.3
1106090 1946.3
1106100 1946.3
1106110 1946.9
1106120 1947.8
1106130 1946.3
1106140 1946.3
1106150 1944.4
1106160 1943.4
1106170 1943.4
1106180 1942.2
1106190 1940.1
1106200 1940.1
1106210 1939.1
1106220 1939.3
1106230 1939.3
1106240 1939.6
1106250 1939.0
1106260 1939.0
1106270 1938.3
1106280 1937.3
1106290 1937.3
1106300 1936.2
1106310 1934.5
1106320 1934.5
1106330 1932.7
1106340 1939.1
1106350 1939.1
1106360 1939.9
1106370 1941.1
1106380 1940.9
1106390 1940.9
1106400 1941.0
1106410 1941.7
1106420 1941.7
1106430 1941.8
1106440 1941.0
1106450 1941.0
1106460 1941.2
1106470 1941.0
1106480 1941.0
1106490 1940.1
1106500 1940.5
1106510 1940.5
1106520 1941.2
1106530 1942.0
1106540 1942.0
1106550 1941.4
1106560 1940.0
1106570 1940.0
1106580 1939.1
1106590 1938.7
1106600 1938.7
1106610 1937.3
1106620 1935.9
1106630 1934.8
1106640 1934.8
1106650 1934.8
1106660 1935.9
1106670 1935.9
1106680 1941.2
1106690 1942.0
1106700 1942.0
1106710 1943.8
1106720 1945.9
1106730 1945.9
1106740 1948.0
1106750 1950.6
1106760 1950.6
1106770 1953.3
1106780 1955.6
1106790 1955.6
1106800 1957.8
1106810 1960.6
1106820 1960.6
1106830 1964.1
1106840 1968.2
1106850 1972.1
1106860 1972.1
1106870 1976.2
1106880 1980.6
1106890 1980.6
1106900 1984.6
1106910 1988.7
1106920 1988.7
1106930 1992.8
1106940 1996.6
1106950 1996.6
1106960 2001.2
1106970 2006.2
1106980 2006.2
1106990 2009.9
1107000 2013.9
1107010 2018.7
1107020 2023.3
1107030 2027.0
1107040 2027.0
1107050 2029.0
1107060 2030.3
1107070 2030.3
1107080 2030.6
1107090 2030.6
1107100 2032.7
1107110 2032.7
1107120 2037.0
1107130 2041.7
1107140 2041.7
1107150 2047.3
1107160 2049.2
1107170 2049.2
1107180 2052.2
1107190 2054.2
1107200 2054.2
1107210 2057.7
1107220 2062.0
1107230 2062.0
1107240 2066.7
1107250 2071.7
1107260 2071.7
1107270 2077.5
1107280 2083.3
1107290 2083.3
1107300 2088.0
1107310 2093.4
1107320 2093.4
1107330 2098.8
1107340 2103.2
1107350 2112.8
1107360 2112.8
1107370 2115.5
1107380 2117.5
1107390 2117.5
1107400 2119.7
1107410 2121.0
1107420 2121.0
1107430 2122.7
1107440 2123.4
1107450 2123.4
1107460 2124.2
1107470 2123.9
1107480 2123.9
1107490 2124.4
1107500 2126.9
1107510 2126.9
1107520 2129.7
1107530 2132.9
1107540 2132.9
1107550 2136.6
1107560 2140.7
1107570 2140.7
1107580 2145.1
1107590 2148.9
1107600 2151.8
1107610 2151.8
1107620 2154.2
1107630 2156.5
1107640 2156.5
1107650 2160.5
1107660 2164.1
1107670 2164.1
1107680 2166.4
1107690 2175.7
1107700 2175.7
1107710 2178.4
1107720 2181.5
1107730 2181.5
1107740 2185.8
1107750 2189.9
1107760 2189.9
1107770 2194.0
1107780 2197.8
1107790 2197.8
1107800 2202.1
1107810 2204.9
1107820 2204.9
1107830 2207.7
1107840 2210.1
1107850 2212.5
1107860 2212.5
1107870 2213.8
1107880 2216.8
1107890 2216.8
1107900 2219.3
1107910 2221.8
1107920 2221.8
1107930 2223.7
1107940 2229.8
1107950 2229.8
1107960 2239.6
1107970 2250.7
1107980 2250.7
1107990 2259.6
1108000 2260.0
1108010 2260.0
1108020 2267.5
1108030 2274.2
1108040 2274.2
1108050 2274.6
1108060 2258.9
1108070 2258.9
1108080 2247.3
1108090 2237.8
1108100 2229.9
1108110 2229.9
1108120 2222.7
1108130 2215.8
1108140 2215.8
1108150 2208.9
1108160 2202.4
1108170 2202.4
1108180 2196.1
1108190 2190.7
1108200 2190.7
1108210 2185.8
1108220 2181.7
1108230 2181.7
1108240 2177.0
1108250 2172.1
1108260 2172.1
1108270 2168.2
1108280 2164.2
1108290 2164.2
1108300 2160.7
1108310 2157.8
1108320 2157.8
1108330 2155.5
1108340 2153.6
1108350 2150.9
1108360 2151.7
1108370 2150.4
1108380 2149.6
1108390 2149.6
1108400 2148.5
1108410 2147.4
1108420 2147.4
1108430 2149.8
1108440 2153.2
1108450 2153.2
1108460 2155.3
1108470 2153.6
1108480 2153.6
1108490 2148.6
1108500 2145.9
1108510 2145.9
1108520 2144.7
1108530 2142.5
1108540 2142.5
1108550 2140.2
1108560 2140.3
1108570 2140.3
1108580 2141.1
1108590 2140.8
1108600 2140.9
1108610 2140.9
1108620 2138.7
1108630 2134.1
1108640 2134.1
1108650 2130.3
1108660 2129.2
1108670 2129.2
1108680 2127.9
1108690 2129.0
1108700 2133.2
1108710 2135.4
1108720 2140.4
1108730 2140.4
1108740 2142.7
1108750 2143.2
1108760 2143.2
1108770 2141.4
1108780 2136.9
1108790 2136.9
1108800 2131.6
1108810 2129.8
1108820 2129.8
1108830 2129.6
1108840 2129.9
1108850 2130.5
1108860 2130.5
1108870 2132.7
1108880 2136.4
1108890 2136.4
1108900 2138.2
1108910 2141.7
1108920 2141.7
1108930 2146.5
1108940 2150.6
1108950 2150.6
1108960 2153.3
1108970 2153.5
1108980 2153.5
1108990 2153.3
1109000 2153.6
1109010 2153.6
1109020 2151.4
1109030 2145.3
1109040 2149.8
1109050 2143.7
1109060 2142.9
1109070 2142.9
1109080 2140.4
1109090 2135.3
1109100 2136.9
1109110 2136.9
1109120 2138.1
1109130 2140.4
1109140 2140.4
1109150 2142.5
1109160 2142.9
1109170 2142.9
1109180 2144.7
1109190 2141.6
1109200 2141.6
1109210 2136.8
1109220 2135.9
1109230 2135.9
1109240 2136.5
1109250 2137.8
1109260 2137.8
1109270 2139.2
1109280 2141.6
1109290 2141.6
1109300 2143.5
1109310 2143.8
1109320 2143.8
1109330 2143.6
1109340 2143.7
1109350 2143.4
1109360 2143.4
1109370 2144.5
1109380 2142.4
1109390 2142.4
1109400 2141.2
1109410 2139.8
1109420 2139.8
1109430 2140.1
1109440 2141.1
1109450 2141.1
1109460 2140.0
1109470 2136.4
1109480 2136.4
1109490 2132.9
1109500 2126.8
1109510 2126.8
1109520 2117.7
1109530 2110.3
1109540 2110.3
1109550 2106.1
1109560 2104.9
1109570 2103.0
1109580 2103.0
1109590 2102.4
1109600 2103.3
1109610 2103.3
1109620 2102.0
1109630 2099.7
1109640 2099.7
1109650 2097.0
1109660 2095.0
1109670 2095.0
1109680 2090.4
1109690 2086.2
1109700 2086.2
1109710 2084.6
1109720 2081.6
1109730 2081.6
1109740 2081.0
1109750 2081.2
1109760 2081.2
1109770 2080.8
1109780 2080.1
1109790 2080.1
1109800 2079.3
1109810 2077.8
1109820 2077.3
1109830 2077.3
1109840 2077.3
1109850 2075.3
1109860 2075.3
1109870 2072.3
1109880 2068.6
1109890 2068.6
1109900 2064.2
1109910 2059.9
1109920 2059.9
1109930 2055.1
1109940 2050.6
1109950 2050.6
1109960 2044.8
1109970 2038.5
1109980 2038.5
1109990 2033.9
1110000 2030.6
1110010 2030.6
1110020 2027.7
1110030 2024.8
1110040 2024.8
1110050 2024.2
1110060 2021.4
1110070 2017.8
1110080 2017.8
1110090 2013.1
1110100 2008.3
1110110 2008.3
1110120 2005.7
1110130 2004.3
1110140 2004.3
1110150 2001.0
1110160 1999.2
1110170 1999.2
1110180 1997.5
1110190 1994.1
1110200 1994.1
1110210 1991.4
1110220 1990.3
1110230 1990.3
1110240 1988.1
1110250 1985.3
1110260 1985.3
1110270 1983.7
1110280 1983.5
1110290 1983.5
1110300 1985.7
1110310 1986.3
1110320 1984.2
1110330 1984.2
1110340 1981.1
1110350 1979.3
1110360 1979.3
1110370 1976.4
1110380 1974.5
1110390 1974.6
1110400 1974.0
1110410 1973.3
1110420 1973.3
1110430 1971.4
1110440 1969.6
1110450 1969.6
1110460 1969.9
1110470 1970.6
1110480 1970.6
1110490 1969.9
1110500 1969.4
1110510 1969.4
1110520 1969.4
1110530 1967.5
1110540 1967.5
1110550 1964.6
1110560 1962.0
1110570 1960.5
1110580 1960.5
1110590 1957.1
1110600 1950.9
1110610 1950.9
1110620 1949.2
1110630 1952.2
1110640 1952.2
1110650 1955.3
1110660 1957.2
1110670 1957.2
1110680 1959.6
1110690 1961.9
1110700 1961.9
1110710 1961.8
1110720 1962.0
1110730 1961.6
1110740 1962.1
1110750 1964.1
1110760 1964.1
1110770 1966.7
1110780 1969.2
1110790 1969.2
1110800 1971.9
1110810 1975.7
1110820 1979.3
1110830 1979.3
1110840 1981.7
1110850 1983.3
1110860 1983.3
1110870 1984.7
1110880 1986.9
1110890 1986.9
1110900 1989.2
1110910 1991.3
1110920 1991.3
1110930 1993.4
1110940 1994.7
1110950 1994.7
1110960 1993.9
1110970 1991.7
1110980 1991.7
1110990 1991.6
1111000 1992.2
1111010 1992.2
1111020 1990.7
1111030 1989.9
1111040 1989.9
1111050 1989.7
1111060 1988.6
1111070 1988.7
1111080 1988.7
1111090 1990.3
1111100 1993.7
1111110 1993.7
1111120 1994.9
1111130 1995.0
1111140 1995.0
1111150 1994.3
1111160 1994.7
1111170 1994.7
1111180 1994.2
1111190 1993.8
1111200 1993.8
1111210 1994.2
1111220 1993.7
1111230 1993.7
1111240 1994.5
1111250 1994.4
1111260 1994.4
1111270 1992.4
1111280 1990.1
1111290 1990.1
1111300 1989.0
1111310 1987.0
1111320 1983.7
1111330 1983.7
1111340 1980.1
1111350 1976.6
1111360 1976.6
1111370 1973.8
1111380 1971.4
1111390 1971.4
1111400 1969.7
1111410 1960.8
1111420 1960.8
1111430 1958.9
1111440 1956.8
1111450 1956.8
1111460 1955.3
1111470 1952.7
1111480 1952.7
1111490 1950.3
1111500 1947.2
1111510 1947.2
1111520 1944.7
1111530 1944.5
1111540 1944.5
1111550 1943.1
1111560 1942.7
1111570 1941.2
1111580 1941.2
1111590 1941.1
1111600 1941.6
1111610 1941.6
1111620 1940.0
1111630 1938.5
1111640 1938.5
1111650 1937.2
1111660 1936.8
1111670 1936.8
1111680 1935.2
1111690 1933.3
1111700 1933.3
1111710 1931.9
1111720 1931.0
1111730 1931.0
1111740 1930.1
1111750 1922.0
1111760 1922.0
1111770 1921.5
1111780 1921.2
1111790 1921.2
1111800 1920.8
1111810 1921.0
1111820 1924.2
1111830 1924.2
1111840 1926.0
1111850 1926.8
1111860 1926.8
1111870 1926.9
1111880 1927.2
1111890 1927.2
1111900 1926.5
1111910 1925.6
1111920 1925.6
1111930 1924.8
1111940 1923.7
1111950 1923.7
1111960 1924.2
1111970 1923.6
1111980 1923.6
1111990 1921.1
1112000 1919.8
1112010 1919.8
1112020 1919.8
1112030 1920.3
1112040 1921.4
1112050 1921.4
1112060 1922.5
1112070 1923.9
1112080 1923.9
1112090 1924.9
1112100 1920.9
1112110 1920.9
1112120 1920.9
1112130 1919.8
1112140 1919.8
1112150 1918.2
1112160 1917.6
1112170 1917.6
1112180 1915.6
1112190 1913.2
1112200 1913.2
1112210 1912.2
1112220 1912.3
1112230 1912.3
1112240 1912.3
1112250 1912.2
1112260 1912.2
1112270 1910.9
1112280 1909.2
1112290 1907.7
1112300 1907.7
1112310 1905.8
1112320 1903.8
1112330 1903.8
1112340 1902.2
1112350 1902.2
1112360 1902.2
1112370 1903.1
1112380 1904.0
1112390 1904.0
1112400 1904.7
1112410 1907.6
1112420 1907.6
1112430 1909.2
1112440 1911.2
1112450 1911.2
1112460 1911.7
1112470 1913.2
1112480 1913.2
1112490 1914.7
1112500 1909.2
1112510 1909.2
1112520 1905.4
1112530 1903.4
1112540 1900.3
1112550 1900.3
1112560 1896.3
1112570 1893.2
1112580 1893.2
1112590 1890.9
1112600 1889.4
1112610 1889.4
1112620 1887.3
1112630 1884.9
1112640 1884.9
1112650 1883.8
1112660 1882.7
1112670 1882.7
1112680 1881.5
1112690 1881.5
1112700 1881.5
1112710 1883.7
1112720 1882.9
1112730 1882.9
1112740 1880.2
1112750 1875.6
1112760 1875.6
1112770 1873.1
1112780 1868.1
1112790 1867.6
1112800 1867.6
1112810 1866.8
1112820 1866.0
1112830 1866.0
1112840 1864.5
1112850 1863.4
1112860 1863.4
1112870 1862.5
1112880 1862.4
1112890 1862.4
1112900 1863.4
1112910 1865.2
1112920 1865.2
1112930 1868.0
1112940 1870.7
1112950 1870.7
1112960 1873.4
1112970 1874.7
1112980 1874.7
1112990 1877.2
1113000 1879.0
1113010 1879.0
1113020 1877.1
1113030 1875.2
1113040 1872.3
1113050 1872.3
1113060 1871.5
1113070 1872.8
1113080 1872.8
1113090 1874.0
1113100 1875.7
1113110 1875.7
1113120 1874.3
1113130 1871.4
1113140 1871.4
1113150 1867.4
1113160 1865.8
1113170 1865.8
1113180 1865.5
1113190 1865.5
1113200 1865.5
1113210 1865.9
1113220 1868.1
1113230 1868.1
1113240 1870.4
1113250 1873.2
1113260 1873.2
1113270 1873.4
1113280 1874.4
1113290 1876.2
1113300 1876.2
1113310 1877.9
1113320 1880.0
1113330 1880.0
1113340 1879.5
1113350 1878.9
1113360 1878.9
1113370 1878.6
1113380 1880.0
1113390 1880.0
1113400 1879.7
1113410 1879.7
1113420 1879.7
1113430 1880.1
1113440 1880.0
1113450 1880.0
1113460 1884.6
1113470 1887.4
1113480 1887.4
1113490 1889.0
1113500 1891.2
1113510 1891.2
1113520 1893.9
1113530 1895.9
1113540 1896.5
1113550 1896.5
1113560 1898.3
1113570 1897.5
1113580 1897.5
1113590 1896.6
1113600 1900.4
1113610 1900.4
1113620 1904.4
1113630 1908.9
1113640 1908.9
1113650 1913.1
1113660 1915.6
1113670 1915.6
1113680 1915.4
1113690 1913.8
1113700 1913.8
1113710 1914.7
1113720 1914.4
1113730 1914.4
1113740 1913.5
1113750 1910.6
1113760 1910.6
1113770 1906.0
1113780 1902.2
1113790 1898.0
1113800 1902.8
1113810 1898.1
1113820 1894.0
1113830 1894.0
1113840 1891.3
1113850 1889.1
1113860 1889.1
1113870 1887.3
1113880 1886.1
1113890 1886.1
1113900 1885.3
1113910 1885.4
1113920 1885.4
1113930 1885.2
1113940 1884.6
1113950 1884.6
1113960 1884.9
1113970 1884.8
1113980 1884.8
1113990 1884.5
1114000 1884.9
1114010 1884.9
1114020 1885.0
1114030 1885.8
1114040 1886.4
1114050 1886.4
1114060 1886.7
1114070 1887.5
1114080 1887.5
1114090 1889.0
1114100 1890.1
1114110 1890.1
1114120 1890.7
1114130 1891.9
1114140 1891.9
1114150 1894.3
1114160 1895.2
1114170 1895.2
1114180 1896.0
1114190 1896.2
1114200 1896.2
1114210 1897.5
1114220 1898.8
1114230 1898.8
1114240 1899.8
1114250 1901.3
1114260 1902.4
1114270 1902.4
1114280 1903.0
1114290 1903.1
1114300 1903.1
1114310 1904.3
1114320 1906.5
1114330 1906.5
1114340 1908.9
1114350 1910.5
1114360 1910.5
1114370 1912.8
1114380 1915.8
1114390 1915.8
1114400 1918.5
1114410 1921.5
1114420 1921.5
1114430 1923.8
1114440 1926.5
1114450 1926.5
1114460 1930.6
1114470 1934.4
1114480 1934.4
1114490 1940.6
1114500 1942.4
1114510 1945.0
1114520 1945.0
1114530 1947.7
1114540 1950.0
1114550 1950.0
1114560 1952.2
1114570 1953.9
1114580 1953.9
1114590 1956.4
1114600 1959.1
1114610 1959.1
1114620 1961.1
1114630 1963.0
1114640 1963.0
1114650 1965.5
1114660 1968.1
1114670 1968.1
1114680 1970.1
1114690 1971.8
1114700 1971.8
1114710 1973.7
1114720 1975.7
1114730 1975.7
1114740 1977.4
1114750 1979.2
1114760 1980.7
1114770 1980.7
1114780 1982.5
1114790 1983.9
1114800 1983.9
1114810 1984.9
1114820 1985.4
1114830 1989.9
1114840 1990.0
1114850 1989.8
1114860 1989.8
1114870 1989.0
1114880 1987.9
1114890 1987.9
1114900 1987.1
1114910 1986.6
1114920 1986.6
1114930 1986.3
1114940 1985.3
1114950 1985.3
1114960 1984.2
1114970 1982.9
1114980 1982.9
1114990 1981.8
1115000 1980.6
1115010 1979.2
1115020 1979.2
1115030 1977.6
1115040 1975.3
1115050 1975.3
1115060 1973.9
1115070 1973.2
1115080 1973.2
1115090 1971.9
1115100 1969.8
1115110 1969.8
1115120 1967.8
1115130 1966.7
1115140 1966.7
1115150 1966.6
1115160 1966.6
1115170 1966.6
1115180 1967.3
1115190 1968.4
1115200 1968.4
1115210 1969.5
1115220 1970.7
1115230 1970.7
1115240 1972.1
1115250 1973.8
1115260 1975.4
1115270 1975.4
1115280 1977.3
1115290 1979.8
1115300 1979.8
1115310 1982.2
1115320 1985.5
1115330 1985.5
1115340 1989.8
1115350 1994.6
1115360 1994.6
1115370 2000.0
1115380 2006.5
1115390 2006.5
1115400 2014.5
1115410 2020.3
1115420 2020.3
1115430 2025.4
1115440 2030.4
1115450 2030.4
1115460 2036.0
1115470 2042.1
1115480 2042.1
1115490 2051.0
1115500 2063.4
1115510 2074.8
1115520 2076.9
1115530 2086.1
1115540 2094.7
1115550 2094.7
1115560 2107.0
1115570 2115.5
1115580 2115.5
1115590 2122.5
1115600 2131.9
1115610 2131.9
1115620 2141.8
1115630 2151.6
1115640 2151.6
1115650 2162.0
1115660 2177.0
1115670 2177.0
1115680 2184.7
1115690 2188.4
1115700 2188.4
1115710 2192.1
1115720 2195.1
1115730 2195.1
1115740 2200.3
1115750 2204.7
1115760 2208.6
1115770 2208.6
1115780 2212.4
1115790 2217.5
1115800 2217.5
1115810 2222.1
1115820 2229.2
1115830 2229.2
1115840 2239.2
1115850 2250.5
1115860 2250.5
1115870 2253.3
1115880 2263.7
1115890 2263.7
1115900 2274.0
1115910 2286.6
1115920 2286.6
1115930 2300.6
1115940 2315.2
1115950 2315.2
1115960 2329.2
1115970 2336.2
1115980 2336.2
1115990 2337.9
1116000 2344.8
1116010 2350.2
1116020 2350.2
1116030 2356.3
1116040 2366.5
1116050 2366.5
1116060 2374.3
1116070 2380.1
1116080 2380.1
1116090 2385.4
1116100 2388.8
1116110 2388.8
1116120 2391.8
1116130 2394.8
1116140 2394.8
1116150 2396.8
1116160 2398.6
1116170 2398.6
1116180 2399.1
1116190 2398.8
1116200 2398.8
1116210 2394.8
1116220 2394.0
1116230 2396.2
1116240 2396.2
1116250 2397.5
1116260 2397.2
1116270 2397.2
1116280 2395.5
1116290 2391.9
1116300 2391.9
1116310 2386.0
1116320 2378.5
1116330 2378.5
1116340 2373.8
1116350 2370.0
1116360 2370.0
1116370 2365.9
1116380 2362.4
1116390 2362.4
1116400 2360.1
1116410 2359.8
1116420 2359.8
1116430 2361.6
1116440 2363.2
1116450 2363.2
1116460 2364.4
1116470 2364.5
1116480 2364.8
1116490 2364.8
1116500 2363.8
1116510 2364.8
1116520 2364.8
1116530 2368.3
1116540 2370.7
1116550 2370.7
1116560 2367.1
1116570 2367.2
1116580 2367.2
1116590 2367.8
1116600 2370.3
1116610 2370.3
1116620 2371.7
1116630 2372.4
1116640 2372.4
1116650 2371.4
1116660 2367.5
1116670 2367.5
1116680 2365.1
1116690 2364.1
1116700 2364.1
1116710 2362.1
1116720 2358.9
1116730 2356.1
1116740 2356.1
1116750 2354.3
1116760 2352.9
1116770 2352.9
1116780 2351.5
1116790 2349.5
1116800 2349.5
1116810 2347.2
1116820 2346.9
1116830 2346.9
1116840 2348.9
1116850 2350.7
1116860 2350.7
1116870 2352.6
1116880 2355.0
1116890 2355.0
1116900 2354.3
1116910 2355.7
1116920 2355.7
1116930 2356.0
1116940 2357.4
1116950 2357.4
1116960 2357.5
1116970 2357.7
1116980 2357.2
1116990 2357.2
1117000 2355.9
1117010 2353.3
1117020 2353.3
1117030 2351.3
1117040 2349.8
1117050 2349.8
1117060 2350.2
1117070 2352.5
1117080 2352.5
1117090 2354.4
1117100 2355.7
1117110 2355.7
1117120 2356.8
1117130 2358.1
1117140 2358.1
1117150 2359.6
1117160 2360.8
1117170 2360.8
1117180 2361.4
1117190 2360.0
1117200 2360.0
1117210 2355.1
1117220 2353.4
1117230 2353.3
1117240 2353.3
1117250 2351.2
1117260 2352.8
1117270 2352.8
1117280 2353.5
1117290 2354.0
1117300 2354.0
1117310 2355.2
1117320 2358.1
1117330 2358.1
1117340 2363.1
1117350 2368.2
1117360 2368.2
1117370 2373.3
1117380 2378.5
1117390 2378.5
1117400 2384.5
1117410 2390.0
1117420 2390.0
1117430 2395.2
1117440 2400.6
1117450 2400.6
1117460 2406.5
1117470 2412.7
1117480 2417.9
1117490 2417.9
1117500 2422.3
1117510 2427.4
1117520 2427.4
1117530 2433.8
1117540 2438.9
1117550 2438.9
1117560 2444.5
1117570 2452.6
1117580 2452.6
1117590 2466.2
1117600 2476.2
1117610 2476.2
1117620 2485.8
1117630 2491.8
1117640 2491.8
1117650 2497.8
1117660 2497.5
1117670 2497.5
1117680 2501.5
1117690 2511.6
1117700 2511.6
1117710 2519.6
1117720 2524.4
1117730 2527.2
1117740 2527.2
1117750 2525.0
1117760 2525.4
1117770 2525.4
1117780 2525.0
1117790 2520.3
1117800 2520.3
1117810 2509.4
1117820 2500.2
1117830 2500.2
1117840 2495.7
1117850 2492.3
1117860 2492.3
1117870 2488.5
1117880 2473.5
1117890 2473.5
1117900 2449.0
1117910 2438.1
1117920 2438.1
1117930 2432.7
1117940 2454.6
1117950 2454.6
1117960 2437.8
1117970 2409.8
1117980 2392.1
1117990 2392.1
1118000 2374.1
1118010 2362.5
1118020 2362.5
1118030 2346.8
1118040 2326.7
1118050 2326.7
1118060 2309.1
1118070 2296.6
1118080 2296.6
1118090 2285.4
1118100 2271.6
1118110 2271.6
1118120 2262.9
1118130 2256.2
1118140 2256.2
1118150 2250.1
1118160 2244.4
1118170 2244.4
1118180 2239.3
1118190 2234.3
1118200 2229.4
1118210 2229.4
1118220 2224.6
1118230 2219.5
1118240 2219.5
1118250 2214.2
1118260 2208.8
1118270 2208.8
1118280 2203.3
1118290 2200.0
1118300 2200.0
1118310 2194.2
1118320 2188.5
1118330 2188.5
1118340 2182.6
1118350 2176.7
1118360 2176.7
1118370 2170.9
1118380 2165.0
1118390 2165.0
1118400 2159.3
1118410 2154.1
1118420 2154.1
1118430 2149.1
1118440 2144.7
1118450 2140.6
1118460 2140.6
1118470 2136.8
1118480 2133.8
1118490 2133.8
1118500 2131.1
1118510 2126.7
1118520 2126.7
1118530 2124.0
1118540 2120.6
1118550 2120.6
1118560 2117.2
1118570 2114.4
1118580 2114.4
1118590 2114.2
1118600 2113.6
1118610 2113.6
1118620 2112.4
1118630 2110.8
1118640 2106.8
1118650 2106.0
1118660 2104.7
1118670 2104.7
1118680 2103.3
1118690 2100.5
1118700 2094.1
1118710 2094.1
1118720 2088.5
1118730 2087.3
1118740 2087.3
1118750 2086.2
1118760 2081.9
1118770 2081.9
1118780 2078.9
1118790 2075.2
1118800 2075.2
1118810 2071.1
1118820 2066.2
1118830 2066.2
1118840 2059.8
1118850 2048.3
1118860 2048.3
1118870 2036.6
1118880 2028.0
1118890 2028.0
1118900 2020.6
1118910 2015.1
1118920 2015.1
1118930 2011.5
1118940 2007.7
1118950 2005.0
1118960 2005.0
1118970 2002.8
1118980 2003.1
1118990 2003.1
1119000 2002.1
1119010 2002.3
1119020 2002.3
1119030 2003.2
1119040 2003.4
1119050 2003.4
1119060 2001.0
1119070 1997.9
1119080 1997.9
1119090 1992.5
1119100 1982.9
1119110 1982.9
1119120 1973.2
1119130 1963.4
1119140 1963.4
1119150 1951.6
1119160 1939.3
1119170 1939.3
1119180 1927.4
1119190 1914.7
1119200 1904.2
1119210 1904.2
1119220 1895.0
1119230 1886.6
1119240 1886.6
1119250 1878.1
1119260 1870.6
1119270 1870.6
1119280 1864.0
1119290 1854.6
1119300 1854.6
1119310 1845.2
1119320 1836.5
1119330 1839.1
1119340 1830.3
1119350 1822.7
1119360 1822.7
1119370 1816.5
1119380 1810.6
1119390 1810.6
1119400 1802.8
1119410 1795.2
1119420 1795.2
1119430 1784.5
1119440 1775.6
1119450 1768.5
1119460 1768.5
1119470 1761.6
1119480 1752.0
1119490 1752.0
1119500 1744.2
1119510 1738.2
1119520 1738.2
1119530 1733.0
1119540 1728.1
1119550 1728.1
1119560 1725.1
1119570 1723.6
1119580 1723.6
1119590 1720.7
1119600 1720.1
1119610 1720.1
1119620 1719.8
1119630 1718.4
1119640 1718.4
1119650 1717.2
1119660 1717.5
1119670 1717.5
1119680 1719.1
1119690 1719.2
1119700 1720.8
1119710 1720.8
1119720 1723.2
1119730 1725.8
1119740 1725.8
1119750 1729.2
1119760 1734.4
1119770 1734.4
1119780 1738.2
1119790 1740.0
1119800 1740.0
1119810 1744.2
1119820 1748.1
1119830 1748.1
1119840 1750.6
1119850 1754.4
1119860 1754.4
1119870 1759.3
1119880 1762.5
1119890 1762.5
1119900 1765.6
1119910 1772.1
1119920 1772.1
1119930 1778.7
1119940 1784.5
1119950 1789.6
1119960 1789.6
1119970 1793.0
1119980 1796.2
1119990 1796.2
