1100000 1740.5
1100010 1747.0
1100020 1747.0
1100030 1753.4
1100040 1759.5
1100050 1759.5
1100060 1765.2
1100070 1771.8
1100080 1771.8
1100090 1779.4
1100100 1787.7
1100110 1787.7
1100120 1796.1
1100130 1804.4
1100140 1804.4
1100150 1812.4
1100160 1820.5
1100170 1820.5
1100180 1828.5
1100190 1835.7
1100200 1835.7
1100210 1843.3
1100220 1851.6
1100230 1859.2
1100240 1859.2
1100250 1866.1
1100260 1872.8
1100270 1872.8
1100280 1878.8
1100290 1881.0
1100300 1881.0
1100310 1886.4
1100320 1891.1
1100330 1891.1
1100340 1895.2
1100350 1900.4
1100360 1900.4
1100370 1908.0
1100380 1914.3
1100390 1914.3
1100400 1918.7
1100410 1924.1
1100420 1924.1
1100430 1930.1
1100440 1935.8
1100450 1935.8
1100460 1942.2
1100470 1948.6
1100480 1955.9
1100490 1955.9
1100500 1963.1
1100510 1969.3
1100520 1969.3
1100530 1976.7
1100540 1983.6
1100550 1983.6
1100560 1990.5
1100570 1997.1
1100580 1997.1
1100590 2004.5
1100600 2012.2
1100610 2012.2
1100620 2018.4
1100630 2025.4
1100640 2025.4
1100650 2032.4
1100660 2039.4
1100670 2039.4
1100680 2046.4
1100690 2053.4
1100700 2053.4
1100710 2060.6
1100720 2067.8
1100730 2074.9
1100740 2074.9
1100750 2081.9
1100760 2089.0
1100770 2089.0
1100780 2096.5
1100790 2102.1
1100800 2102.1
1100810 2099.6
1100820 2085.7
1100830 2085.7
1100840 2072.6
1100850 2059.3
1100860 2059.3
1100870 2048.5
1100880 2048.3
1100890 2048.3
1100900 2041.0
1100910 2034.0
1100920 2034.0
1100930 2007.4
1100940 1999.1
1100950 2005.1
1100960 2002.8
1100970 1999.1
1100980 1992.8
1100990 1992.8
1101000 1991.5
1101010 1991.8
1101020 1991.8
1101030 1988.6
1101040 1984.2
1101050 1984.2
1101060 1978.5
1101070 1971.4
1101080 1971.4
1101090 1966.8
1101100 1963.3
1101110 1963.3
1101120 1958.4
1101130 1962.7
1101140 1962.7
1101150 1962.1
1101160 1954.2
1101170 1954.2
1101180 1946.8
1101190 1936.4
1101200 1936.4
1101210 1927.5
1101220 1918.8
1101230 1914.0
1101240 1914.0
1101250 1913.5
1101260 1912.9
1101270 1912.9
1101280 1920.0
1101290 1919.0
1101300 1919.0
1101310 1919.9
1101320 1920.1
1101330 1920.1
1101340 1920.0
1101350 1920.6
1101360 1920.6
1101370 1922.4
1101380 1923.9
1101390 1923.9
1101400 1925.3
1101410 1927.9
1101420 1927.9
1101430 1930.4
1101440 1933.4
1101450 1933.4
1101460 1935.6
1101470 1936.7
1101480 1937.9
1101490 1937.9
1101500 1938.6
1101510 1939.3
1101520 1939.3
1101530 1940.1
1101540 1943.7
1101550 1943.7
1101560 1947.9
1101570 1950.6
1101580 1950.6
1101590 1953.1
1101600 1956.8
1101610 1962.4
1101620 1965.5
1101630 1967.5
1101640 1967.5
1101650 1968.6
1101660 1968.8
1101670 1968.8
1101680 1968.8
1101690 1969.6
1101700 1969.6
1101710 1971.8
1101720 1973.3
1101730 1974.2
1101740 1974.2
1101750 1974.6
1101760 1976.1
1101770 1976.1
1101780 1977.7
1101790 1980.1
1101800 1980.1
1101810 1982.5
1101820 1984.2
1101830 1984.2
1101840 1986.6
1101850 1990.3
1101860 1990.3
1101870 1992.4
1101880 1995.4
1101890 1995.4
1101900 1998.9
1101910 2002.4
1101920 2002.4
1101930 2006.9
1101940 2016.9
1101950 2022.6
1101960 2036.4
1101970 2039.5
1101980 2058.5
1101990 2058.5
1102000 2066.6
1102010 2070.0
1102020 2070.0
1102030 2063.3
1102040 2047.2
1102050 2047.2
1102060 2032.6
1102070 2024.3
1102080 2024.3
1102090 2017.4
1102100 2010.9
1102110 2010.9
1102120 2004.6
1102130 1998.4
1102140 1998.4
1102150 1992.6
1102160 1986.9
1102170 1986.9
1102180 1982.0
1102190 1977.3
1102200 1977.3
1102210 1973.5
1102220 1970.5
1102230 1968.0
1102240 1968.0
1102250 1966.0
1102260 1963.1
1102270 1963.1
1102280 1961.3
1102290 1959.9
1102300 1959.9
1102310 1958.5
1102320 1956.6
1102330 1956.6
1102340 1955.9
1102350 1954.2
1102360 1954.2
1102370 1952.1
1102380 1950.7
1102390 1950.7
1102400 1949.8
1102410 1949.3
1102420 1949.3
1102430 1949.2
1102440 1949.9
1102450 1949.9
1102460 1951.1
1102470 1951.8
1102480 1951.2
1102490 1951.2
1102500 1950.6
1102510 1948.8
1102520 1948.8
1102530 1947.0
1102540 1946.0
1102550 1946.0
1102560 1946.0
1102570 1944.5
1102580 1944.5
1102590 1943.2
1102600 1943.2
1102610 1942.2
1102620 1943.0
1102630 1944.2
1102640 1944.2
1102650 1945.7
1102660 1945.8
1102670 1945.8
1102680 1944.0
1102690 1942.4
1102700 1942.4
1102710 1941.1
1102720 1939.7
1102730 1938.5
1102740 1938.5
1102750 1939.4
1102760 1940.7
1102770 1940.7
1102780 1943.2
1102790 1944.1
1102800 1944.1
1102810 1943.0
1102820 1938.1
1102830 1938.1
1102840 1934.9
1102850 1933.7
1102860 1933.7
1102870 1933.3
1102880 1934.0
1102890 1934.0
1102900 1933.8
1102910 1931.1
1102920 1931.1
1102930 1928.8
1102940 1929.6
1102950 1929.6
1102960 1929.9
1102970 1928.6
1102980 1926.7
1102990 1926.7
1103000 1924.2
1103010 1920.8
1103020 1920.8
1103030 1917.7
1103040 1913.8
1103050 1913.8
1103060 1910.8
1103070 1908.4
1103080 1908.4
1103090 1906.0
1103100 1901.5
1103110 1901.5
1103120 1896.9
1103130 1893.2
1103140 1893.2
1103150 1888.6
1103160 1883.6
1103170 1883.6
1103180 1878.7
1103190 1874.6
1103200 1874.6
1103210 1870.1
1103220 1866.9
1103230 1864.1
1103240 1864.1
1103250 1861.3
1103260 1857.6
1103270 1857.6
1103280 1857.5
1103290 1853.7
1103300 1853.7
1103310 1849.1
1103320 1844.7
1103330 1844.7
1103340 1841.2
1103350 1837.3
1103360 1837.3
1103370 1834.1
1103380 1829.8
1103390 1829.8
1103400 1825.9
1103410 1820.8
1103420 1820.8
1103430 1815.2
1103440 1810.6
1103450 1810.6
1103460 1805.7
1103470 1801.8
1103480 1798.1
1103490 1798.1
1103500 1795.5
1103510 1794.7
1103520 1794.7
1103530 1793.2
1103540 1791.4
1103550 1791.4
1103560 1789.1
1103570 1786.6
1103580 1786.6
1103590 1785.8
1103600 1784.2
1103610 1788.1
1103620 1786.7
1103630 1785.3
1103640 1785.3
1103650 1783.8
1103660 1781.7
1103670 1781.7
1103680 1780.3
1103690 1781.2
1103700 1781.2
1103710 1781.9
1103720 1782.3
1103730 1782.2
1103740 1782.2
1103750 1781.3
1103760 1780.1
1103770 1780.1
1103780 1779.1
1103790 1779.0
1103800 1779.0
1103810 1780.0
1103820 1780.8
1103830 1780.8
1103840 1782.0
1103850 1780.7
1103860 1780.7
1103870 1780.8
1103880 1781.2
1103890 1781.2
1103900 1781.0
1103910 1778.6
1103920 1778.6
1103930 1774.9
1103940 1769.8
1103950 1769.8
1103960 1766.8
1103970 1766.2
1103980 1765.7
1103990 1765.7
1104000 1763.5
1104010 1763.9
1104020 1763.9
1104030 1765.5
1104040 1763.2
1104050 1763.2
1104060 1757.5
1104070 1750.7
1104080 1750.7
1104090 1744.5
1104100 1740.6
1104110 1740.6
1104120 1739.2
1104130 1738.6
1104140 1738.6
1104150 1738.5
1104160 1735.6
1104170 1735.6
1104180 1736.2
1104190 1736.8
1104200 1737.2
1104210 1737.2
1104220 1736.8
1104230 1737.1
1104240 1737.1
1104250 1736.6
1104260 1733.7
1104270 1733.7
1104280 1737.5
1104290 1737.1
1104300 1737.1
1104310 1737.4
1104320 1735.2
1104330 1735.2
1104340 1732.4
1104350 1731.4
1104360 1731.4
1104370 1730.9
1104380 1730.0
1104390 1730.0
1104400 1728.9
1104410 1726.9
1104420 1726.9
1104430 1723.4
1104440 1719.7
1104450 1715.7
1104460 1715.7
1104470 1709.8
1104480 1703.7
1104490 1703.7
1104500 1702.9
1104510 1703.3
1104520 1703.3
1104530 1701.4
1104540 1695.6
1104550 1695.6
1104560 1697.6
1104570 1701.1
1104580 1701.1
1104590 1700.7
1104600 1698.4
1104610 1704.8
1104620 1701.6
1104630 1698.6
1104640 1698.6
1104650 1697.4
1104660 1697.1
1104670 1697.1
1104680 1696.8
1104690 1696.4
1104700 1697.1
1104710 1697.1
1104720 1697.8
1104730 1698.3
1104740 1698.3
1104750 1699.4
1104760 1700.1
1104770 1700.1
1104780 1699.7
1104790 1701.4
1104800 1701.4
1104810 1700.5
1104820 1698.3
1104830 1698.3
1104840 1697.9
1104850 1699.8
1104860 1699.8
1104870 1703.4
1104880 1705.6
1104890 1705.6
1104900 1708.0
1104910 1711.0
1104920 1711.0
1104930 1711.7
1104940 1711.3
1104950 1715.5
1104960 1715.5
1104970 1714.0
1104980 1713.3
1104990 1713.3
1105000 1713.3
1105010 1714.4
1105020 1714.4
1105030 1715.2
1105040 1714.5
1105050 1714.5
1105060 1715.4
1105070 1717.1
1105080 1717.1
1105090 1717.8
1105100 1717.9
1105110 1717.9
1105120 1717.2
1105130 1720.6
1105140 1720.6
1105150 1725.1
1105160 1727.8
1105170 1727.8
1105180 1728.6
1105190 1727.5
1105200 1728.1
1105210 1728.1
1105220 1728.8
1105230 1729.6
1105240 1729.6
1105250 1731.6
1105260 1733.9
1105270 1733.9
1105280 1735.1
1105290 1737.8
1105300 1737.8
1105310 1739.8
1105320 1742.0
1105330 1742.0
1105340 1742.6
1105350 1741.4
1105360 1741.4
1105370 1740.0
1105380 1737.6
1105390 1737.6
1105400 1737.4
1105410 1739.0
1105420 1739.0
1105430 1739.1
1105440 1739.9
1105450 1741.4
1105460 1741.4
1105470 1742.8
1105480 1744.5
1105490 1744.5
1105500 1745.2
1105510 1747.3
1105520 1747.3
1105530 1749.3
1105540 1749.8
1105550 1749.8
1105560 1752.0
1105570 1756.2
1105580 1756.2
1105590 1760.1
1105600 1762.9
1105610 1762.9
1105620 1763.0
1105630 1763.2
1105640 1763.2
1105650 1763.7
1105660 1764.8
1105670 1764.8
1105680 1767.7
1105690 1771.2
1105700 1774.1
1105710 1774.1
1105720 1777.2
1105730 1780.5
1105740 1780.5
1105750 1784.5
1105760 1789.4
1105770 1789.4
1105780 1794.3
1105790 1800.0
1105800 1800.0
1105810 1805.1
1105820 1808.2
1105830 1808.2
1105840 1810.7
1105850 1812.2
1105860 1812.2
1105870 1813.9
1105880 1817.1
1105890 1817.1
1105900 1819.6
1105910 1821.9
1105920 1821.9
1105930 1824.9
1105940 1827.8
1105950 1827.2
1105960 1827.2
1105970 1829.8
1105980 1832.5
1105990 1832.5
1106000 1833.6
1106010 1833.8
1106020 1833.8
1106030 1834.0
1106040 1834.6
1106050 1834.6
1106060 1835.6
1106070 1836.0
1106080 1836.0
1106090 1835.0
1106100 1831.7
1106110 1831.7
1106120 1827.0
1106130 1821.9
1106140 1821.9
1106150 1818.5
1106160 1819.9
1106170 1819.9
1106180 1822.3
1106190 1825.2
1106200 1829.1
1106210 1829.1
1106220 1832.2
1106230 1834.8
1106240 1834.8
1106250 1837.9
1106260 1841.3
1106270 1841.3
1106280 1844.6
1106290 1849.1
1106300 1849.1
1106310 1852.5
1106320 1855.5
1106330 1855.5
1106340 1858.6
1106350 1863.0
1106360 1863.0
1106370 1869.2
1106380 1876.5
1106390 1876.5
1106400 1885.7
1106410 1894.8
1106420 1894.8
1106430 1900.3
1106440 1904.6
1106450 1907.4
1106460 1907.4
1106470 1910.9
1106480 1915.7
1106490 1915.7
1106500 1920.5
1106510 1924.4
1106520 1924.4
1106530 1924.1
1106540 1925.4
1106550 1925.4
1106560 1930.7
1106570 1938.3
1106580 1938.3
1106590 1948.6
1106600 1956.2
1106610 1956.2
1106620 1964.3
1106630 1972.8
1106640 1972.8
1106650 1979.9
1106660 1985.2
1106670 1985.2
1106680 1989.6
1106690 1993.2
1106700 1996.9
1106710 1996.9
1106720 1999.3
1106730 2000.2
1106740 2000.2
1106750 2001.1
1106760 2002.3
1106770 2002.3
1106780 2003.9
1106790 2006.0
1106800 2006.0
1106810 2009.4
1106820 2012.3
1106830 2012.3
1106840 2014.4
1106850 2014.6
1106860 2014.6
1106870 2015.0
1106880 2018.0
1106890 2018.0
1106900 2022.4
1106910 2027.4
1106920 2027.4
1106930 2032.0
1106940 2034.3
1106950 2038.4
1106960 2039.1
1106970 2043.4
1106980 2047.9
1106990 2047.9
1107000 2049.8
1107010 2050.5
1107020 2050.5
1107030 2051.2
1107040 2051.4
1107050 2051.4
1107060 2051.0
1107070 2051.4
1107080 2051.4
1107090 2051.6
1107100 2050.3
1107110 2050.3
1107120 2048.9
1107130 2047.7
1107140 2047.7
1107150 2045.1
1107160 2042.7
1107170 2042.7
1107180 2041.6
1107190 2041.1
1107200 2042.2
1107210 2042.2
1107220 2043.4
1107230 2045.4
1107240 2045.4
1107250 2050.3
1107260 2053.7
1107270 2053.7
1107280 2056.8
1107290 2062.2
1107300 2055.3
1107310 2060.3
1107320 2064.3
1107330 2064.3
1107340 2066.3
1107350 2068.6
1107360 2068.6
1107370 2068.9
1107380 2071.3
1107390 2071.3
1107400 2074.7
1107410 2075.9
1107420 2075.9
1107430 2078.3
1107440 2079.9
1107450 2081.3
1107460 2081.3
1107470 2083.5
1107480 2085.7
1107490 2085.7
1107500 2089.1
1107510 2094.1
1107520 2094.1
1107530 2096.8
1107540 2098.0
1107550 2098.0
1107560 2098.4
1107570 2099.8
1107580 2099.8
1107590 2098.1
1107600 2100.7
1107610 2100.7
1107620 2105.0
1107630 2110.1
1107640 2105.5
1107650 2110.7
1107660 2116.2
1107670 2116.2
1107680 2121.9
1107690 2128.0
1107700 2134.6
1107710 2134.6
1107720 2141.1
1107730 2148.1
1107740 2148.1
1107750 2156.5
1107760 2165.2
1107770 2165.2
1107780 2172.1
1107790 2178.8
1107800 2178.8
1107810 2186.0
1107820 2193.0
1107830 2193.0
1107840 2200.9
1107850 2208.8
1107860 2208.8
1107870 2221.1
1107880 2227.6
1107890 2227.6
1107900 2223.3
1107910 2216.7
1107920 2216.7
1107930 2211.2
1107940 2206.6
1107950 2203.5
1107960 2203.5
1107970 2206.7
1107980 2204.0
1107990 2204.0
1108000 2201.6
1108010 2200.2
1108020 2200.2
1108030 2199.3
1108040 2198.2
1108050 2198.2
1108060 2197.4
1108070 2198.5
1108080 2198.5
1108090 2199.8
1108100 2200.4
1108110 2200.4
1108120 2200.6
1108130 2200.9
1108140 2200.9
1108150 2200.5
1108160 2202.0
1108170 2202.0
1108180 2203.7
1108190 2206.1
1108200 2209.4
1108210 2209.4
1108220 2212.5
1108230 2215.5
1108240 2215.5
1108250 2218.3
1108260 2221.8
1108270 2221.8
1108280 2225.5
1108290 2229.2
1108300 2229.2
1108310 2239.1
1108320 2242.2
1108330 2242.2
1108340 2258.4
1108350 2277.9
1108360 2277.9
1108370 2278.0
1108380 2278.7
1108390 2278.7
1108400 2279.7
1108410 2280.9
1108420 2280.9
1108430 2277.7
1108440 2263.0
1108450 2248.9
1108460 2248.9
1108470 2236.9
1108480 2222.3
1108490 2222.3
1108500 2206.3
1108510 2192.7
1108520 2192.7
1108530 2184.8
1108540 2178.4
1108550 2178.4
1108560 2172.0
1108570 2166.1
1108580 2166.1
1108590 2160.0
1108600 2154.5
1108610 2154.5
1108620 2148.8
1108630 2143.0
1108640 2143.0
1108650 2133.8
1108660 2128.2
1108670 2128.2
1108680 2122.5
1108690 2117.0
1108700 2111.8
1108710 2111.8
1108720 2106.9
1108730 2103.9
1108740 2103.9
1108750 2104.3
1108760 2104.3
1108770 2104.3
1108780 2104.7
1108790 2105.2
1108800 2105.2
1108810 2105.5
1108820 2106.3
1108830 2106.3
1108840 2107.6
1108850 2110.1
1108860 2110.1
1108870 2110.7
1108880 2110.6
1108890 2110.6
1108900 2108.8
1108910 2108.8
1108920 2106.6
1108930 2106.6
1108940 2107.6
1108950 2108.0
1108960 2108.0
1108970 2106.8
1108980 2103.9
1108990 2105.1
1109000 2101.8
1109010 2099.8
1109020 2099.8
1109030 2096.6
1109040 2094.9
1109050 2094.9
1109060 2094.2
1109070 2092.7
1109080 2092.7
1109090 2092.1
1109100 2092.1
1109110 2092.1
1109120 2094.1
1109130 2096.9
1109140 2096.9
1109150 2098.7
1109160 2099.9
1109170 2099.7
1109180 2099.7
1109190 2099.6
1109200 2099.0
1109210 2099.0
1109220 2098.4
1109230 2097.2
1109240 2097.2
1109250 2097.8
1109260 2096.9
1109270 2096.9
1109280 2096.0
1109290 2095.9
1109300 2095.9
1109310 2093.2
1109320 2089.6
1109330 2091.0
1109340 2084.5
1109350 2078.8
1109360 2078.8
1109370 2073.1
1109380 2068.1
1109390 2068.1
1109400 2064.1
1109410 2060.1
1109420 2055.6
1109430 2055.6
1109440 2052.2
1109450 2048.7
1109460 2048.7
1109470 2044.7
1109480 2040.4
1109490 2040.4
1109500 2036.8
1109510 2034.0
1109520 2034.0
1109530 2031.1
1109540 2028.0
1109550 2028.0
1109560 2026.4
1109570 2024.8
1109580 2024.8
1109590 2023.2
1109600 2021.0
1109610 2021.0
1109620 2016.7
1109630 2011.8
1109640 2011.8
1109650 2008.5
1109660 2007.3
1109670 2005.9
1109680 2005.9
1109690 2004.9
1109700 2005.8
1109710 2005.8
1109720 2004.5
1109730 2002.7
1109740 2002.7
1109750 2002.0
1109760 2002.3
1109770 2002.3
1109780 2002.8
1109790 2003.0
1109800 2003.0
1109810 2002.0
1109820 2002.5
1109830 2002.5
1109840 2003.4
1109850 2003.4
1109860 2003.4
1109870 2002.7
1109880 2002.4
1109890 2002.4
1109900 2002.0
1109910 2001.6
1109920 2001.9
1109930 2001.9
1109940 2003.1
1109950 2004.6
1109960 2004.6
1109970 2005.9
1109980 2006.4
1109990 2006.4
1110000 2007.5
1110010 2007.8
1110020 2007.8
1110030 2008.3
1110040 2008.6
1110050 2008.6
1110060 2008.7
1110070 2008.8
1110080 2008.8
1110090 2010.0
1110100 2010.4
1110110 2010.4
1110120 2010.7
1110130 2011.9
1110140 2011.9
1110150 2012.8
1110160 2014.2
1110170 2016.0
1110180 2016.0
1110190 2019.5
1110200 2023.5
1110210 2023.5
1110220 2027.0
1110230 2030.7
1110240 2030.7
1110250 2034.0
1110260 2037.1
1110270 2037.1
1110280 2040.6
1110290 2044.4
1110300 2044.4
1110310 2049.0
1110320 2054.3
1110330 2054.3
1110340 2054.8
1110350 2057.9
1110360 2057.9
1110370 2062.6
1110380 2067.9
1110390 2067.9
1110400 2073.5
1110410 2079.5
1110420 2084.5
1110430 2084.5
1110440 2089.5
1110450 2094.6
1110460 2094.6
1110470 2100.5
1110480 2107.2
1110490 2107.2
1110500 2112.9
1110510 2117.7
1110520 2117.7
1110530 2121.1
1110540 2122.9
1110550 2122.9
1110560 2125.5
1110570 2129.9
1110580 2129.9
1110590 2135.3
1110600 2137.4
1110610 2137.4
1110620 2139.6
1110630 2145.0
1110640 2145.0
1110650 2150.4
1110660 2158.2
1110670 2160.7
1110680 2160.4
1110690 2163.8
1110700 2168.6
1110710 2168.6
1110720 2175.3
1110730 2183.8
1110740 2183.8
1110750 2191.8
1110760 2199.2
1110770 2199.2
1110780 2206.7
1110790 2214.2
1110800 2214.2
1110810 2221.6
1110820 2229.0
1110830 2229.0
1110840 2235.6
1110850 2241.4
1110860 2241.4
1110870 2247.5
1110880 2250.3
1110890 2250.3
1110900 2249.3
1110910 2250.1
1110920 2254.9
1110930 2254.9
1110940 2259.9
1110950 2260.3
1110960 2260.3
1110970 2257.4
1110980 2248.7
1110990 2248.7
1111000 2243.7
1111010 2238.1
1111020 2233.4
1111030 2229.1
1111040 2224.9
1111050 2224.9
1111060 2219.8
1111070 2214.6
1111080 2214.6
1111090 2210.3
1111100 2205.2
1111110 2205.2
1111120 2199.1
1111130 2195.3
1111140 2195.3
1111150 2194.8
1111160 2196.3
1111170 2195.9
1111180 2195.9
1111190 2193.5
1111200 2193.1
1111210 2193.1
1111220 2191.3
1111230 2188.3
1111240 2188.3
1111250 2186.3
1111260 2184.0
1111270 2184.0
1111280 2181.3
1111290 2178.0
1111300 2178.0
1111310 2175.3
1111320 2176.1
1111330 2176.1
1111340 2177.6
1111350 2177.1
1111360 2173.8
1111370 2173.6
1111380 2172.2
1111390 2172.2
1111400 2172.3
1111410 2171.6
1111420 2170.6
1111430 2170.6
1111440 2167.7
1111450 2164.8
1111460 2164.8
1111470 2165.4
1111480 2168.1
1111490 2168.1
1111500 2170.0
1111510 2169.3
1111520 2169.3
1111530 2168.2
1111540 2164.7
1111550 2164.7
1111560 2161.0
1111570 2154.8
1111580 2154.8
1111590 2148.1
1111600 2141.7
1111610 2141.7
1111620 2140.1
1111630 2140.9
1111640 2140.9
1111650 2142.5
1111660 2141.0
1111670 2137.1
1111680 2137.1
1111690 2131.5
1111700 2127.6
1111710 2127.6
1111720 2128.1
1111730 2131.2
1111740 2131.2
1111750 2133.6
1111760 2135.2
1111770 2135.2
1111780 2135.9
1111790 2137.0
1111800 2137.0
1111810 2140.8
1111820 2146.4
1111830 2146.4
1111840 2151.3
1111850 2154.2
1111860 2154.2
1111870 2154.4
1111880 2152.1
1111890 2152.1
1111900 2152.0
1111910 2150.7
1111920 2149.0
1111930 2149.0
1111940 2148.3
1111950 2147.5
1111960 2147.5
1111970 2146.6
1111980 2146.7
1111990 2146.7
1112000 2146.0
1112010 2146.4
1112020 2146.4
1112030 2148.6
1112040 2150.5
1112050 2150.5
1112060 2154.1
1112070 2157.6
1112080 2157.6
1112090 2159.1
1112100 2159.9
1112110 2159.9
1112120 2160.6
1112130 2160.0
1112140 2160.0
1112150 2159.4
1112160 2158.0
1112170 2157.5
1112180 2157.5
1112190 2158.0
1112200 2157.6
1112210 2157.6
1112220 2159.1
1112230 2160.6
1112240 2160.6
1112250 2160.8
1112260 2159.0
1112270 2159.0
1112280 2156.4
1112290 2155.9
1112300 2155.9
1112310 2156.2
1112320 2156.7
1112330 2156.7
1112340 2155.7
1112350 2154.2
1112360 2154.2
1112370 2152.6
1112380 2150.2
1112390 2152.9
1112400 2147.6
1112410 2141.8
1112420 2136.6
1112430 2136.6
1112440 2131.7
1112450 2126.0
1112460 2126.0
1112470 2121.3
1112480 2117.4
1112490 2117.4
1112500 2114.1
1112510 2113.7
1112520 2113.7
1112530 2112.2
1112540 2110.0
1112550 2110.0
1112560 2108.1
1112570 2106.7
1112580 2106.7
1112590 2103.2
1112600 2097.3
1112610 2097.3
1112620 2091.1
1112630 2086.5
1112640 2083.1
1112650 2083.1
1112660 2079.5
1112670 2078.3
1112680 2078.3
1112690 2078.6
1112700 2079.9
1112710 2079.9
1112720 2080.0
1112730 2076.7
1112740 2076.7
1112750 2075.4
1112760 2075.1
1112770 2075.1
1112780 2074.2
1112790 2072.7
1112800 2072.7
1112810 2073.4
1112820 2075.5
1112830 2075.5
1112840 2076.2
1112850 2074.2
1112860 2074.2
1112870 2069.4
1112880 2065.4
1112890 2063.4
1112900 2063.4
1112910 2061.8
1112920 2060.9
1112930 2060.9
1112940 2061.6
1112950 2059.3
1112960 2059.3
1112970 2053.3
1112980 2049.2
1112990 2049.2
1113000 2047.8
1113010 2044.6
1113020 2044.6
1113030 2042.2
1113040 2039.5
1113050 2039.5
1113060 2035.7
1113070 2029.7
1113080 2029.7
1113090 2027.2
1113100 2024.7
1113110 2024.7
1113120 2020.7
1113130 2017.9
1113140 2014.8
1113150 2014.8
1113160 2010.8
1113170 2007.3
1113180 2007.3
1113190 2004.4
1113200 2001.5
1113210 2001.5
1113220 1998.7
1113230 1996.2
1113240 1996.2
1113250 1994.1
1113260 1993.1
1113270 1993.1
1113280 1990.4
1113290 1986.1
1113300 1986.1
1113310 1981.9
1113320 1976.9
1113330 1976.9
1113340 1972.7
1113350 1971.5
1113360 1971.5
1113370 1969.0
1113380 1965.0
1113390 1958.9
1113400 1958.9
1113410 1946.0
1113420 1942.1
1113430 1942.1
1113440 1939.9
1113450 1935.9
1113460 1935.9
1113470 1932.9
1113480 1929.1
1113490 1929.1
1113500 1925.1
1113510 1920.9
1113520 1920.9
1113530 1917.3
1113540 1914.4
1113550 1914.4
1113560 1911.0
1113570 1907.5
1113580 1907.5
1113590 1904.6
1113600 1901.9
1113610 1901.9
1113620 1899.4
1113630 1897.1
1113640 1895.0
1113650 1895.0
1113660 1893.4
1113670 1891.0
1113680 1891.0
1113690 1886.5
1113700 1884.8
1113710 1884.8
1113720 1881.7
1113730 1879.9
1113740 1879.9
1113750 1873.9
1113760 1872.2
1113770 1872.2
1113780 1869.6
1113790 1866.3
1113800 1866.3
1113810 1864.2
1113820 1859.7
1113830 1859.7
1113840 1857.3
1113850 1853.5
1113860 1853.5
1113870 1850.4
1113880 1849.3
1113890 1848.1
1113900 1848.1
1113910 1847.0
1113920 1845.5
1113930 1845.5
1113940 1842.0
1113950 1839.1
1113960 1839.1
1113970 1835.6
1113980 1832.1
1113990 1832.1
1114000 1828.2
1114010 1824.3
1114020 1824.3
1114030 1820.6
1114040 1817.2
1114050 1817.2
1114060 1813.1
1114070 1808.3
1114080 1808.3
1114090 1805.0
1114100 1806.4
1114110 1806.4
1114120 1807.1
1114130 1808.3
1114140 1809.5
1114150 1809.5
1114160 1810.9
1114170 1812.9
1114180 1812.9
1114190 1815.0
1114200 1815.2
1114210 1815.2
1114220 1816.8
1114230 1818.8
1114240 1818.8
1114250 1821.5
1114260 1822.5
1114270 1822.5
1114280 1823.6
1114290 1823.6
1114300 1823.6
1114310 1824.8
1114320 1827.0
1114330 1827.0
1114340 1829.3
1114350 1831.9
1114360 1831.9
1114370 1834.8
1114380 1833.6
1114390 1832.8
1114400 1832.8
1114410 1834.2
1114420 1836.6
1114430 1836.6
1114440 1848.2
1114450 1854.4
1114460 1854.4
1114470 1854.4
1114480 1856.6
1114490 1856.6
1114500 1857.0
1114510 1856.4
1114520 1856.4
1114530 1853.6
1114540 1847.7
1114550 1847.7
1114560 1843.5
1114570 1844.5
1114580 1844.5
1114590 1845.7
1114600 1850.0
1114610 1850.0
1114620 1848.2
1114630 1845.1
1114640 1844.8
1114650 1844.8
1114660 1841.2
1114670 1838.1
1114680 1838.1
1114690 1837.2
1114700 1837.5
1114710 1837.5
1114720 1838.2
1114730 1839.2
1114740 1839.2
1114750 1844.7
1114760 1847.0
1114770 1847.0
1114780 1856.7
1114790 1854.0
1114800 1854.0
1114810 1850.4
1114820 1849.2
1114830 1849.2
1114840 1847.5
1114850 1845.2
1114860 1845.2
1114870 1844.3
1114880 1844.9
1114890 1842.7
1114900 1842.7
1114910 1842.8
1114920 1844.0
1114930 1844.0
1114940 1843.9
1114950 1843.6
1114960 1843.6
1114970 1846.0
1114980 1850.2
1114990 1850.2
1115000 1851.5
1115010 1856.9
1115020 1856.9
1115030 1864.8
1115040 1869.5
1115050 1869.5
1115060 1869.7
1115070 1871.5
1115080 1871.5
1115090 1875.1
1115100 1884.0
1115110 1884.0
1115120 1894.2
1115130 1912.7
1115140 1920.3
1115150 1920.3
1115160 1923.9
1115170 1927.2
1115180 1927.2
1115190 1929.7
1115200 1928.5
1115210 1928.5
1115220 1929.0
1115230 1931.5
1115240 1931.5
1115250 1939.5
1115260 1949.8
1115270 1949.8
1115280 1958.5
1115290 1966.0
1115300 1966.0
1115310 1972.2
1115320 1976.3
1115330 1976.3
1115340 1981.3
1115350 1986.0
1115360 1986.0
1115370 1990.8
1115380 1997.7
1115390 1998.9
1115400 1998.9
1115410 1998.1
1115420 1996.1
1115430 1996.1
1115440 1995.3
1115450 1994.4
1115460 1994.4
1115470 1996.0
1115480 1992.6
1115490 1992.6
1115500 1989.0
1115510 1984.3
1115520 1984.3
1115530 1978.6
1115540 1971.6
1115550 1971.6
1115560 1967.5
1115570 1965.5
1115580 1965.5
1115590 1965.0
1115600 1964.3
1115610 1963.1
1115620 1963.1
1115630 1963.2
1115640 1964.0
1115650 1964.0
1115660 1961.2
1115670 1960.4
1115680 1960.4
1115690 1959.6
1115700 1960.4
1115710 1960.4
1115720 1962.9
1115730 1964.4
1115740 1964.4
1115750 1968.9
1115760 1973.2
1115770 1973.2
1115780 1976.8
1115790 1979.0
1115800 1979.0
1115810 1980.9
1115820 1988.3
1115830 1988.3
1115840 1990.5
1115850 1989.7
1115860 1991.9
1115870 1991.9
1115880 1995.6
1115890 2004.1
1115900 2004.1
1115910 2010.2
1115920 2013.7
1115930 2013.7
1115940 2019.2
1115950 2025.5
1115960 2025.5
1115970 2031.3
1115980 2036.5
1115990 2036.5
1116000 2040.8
1116010 2045.7
1116020 2045.7
1116030 2050.6
1116040 2055.0
1116050 2055.0
1116060 2059.6
1116070 2063.4
1116080 2063.4
1116090 2066.6
1116100 2069.4
1116110 2072.7
1116120 2072.7
1116130 2077.0
1116140 2080.5
1116150 2080.5
1116160 2088.2
1116170 2090.2
1116180 2090.2
1116190 2092.5
1116200 2095.2
1116210 2095.2
1116220 2097.1
1116230 2098.7
1116240 2098.7
1116250 2099.8
1116260 2100.5
1116270 2100.5
1116280 2101.5
1116290 2102.8
1116300 2102.8
1116310 2105.0
1116320 2106.7
1116330 2106.7
1116340 2108.0
1116350 2109.7
1116360 2111.8
1116370 2111.8
1116380 2114.2
1116390 2116.2
1116400 2116.2
1116410 2118.7
1116420 2121.3
1116430 2121.3
1116440 2124.5
1116450 2127.8
1116460 2127.8
1116470 2130.7
1116480 2133.8
1116490 2133.8
1116500 2137.1
1116510 2144.0
1116520 2144.0
1116530 2147.2
1116540 2150.1
1116550 2150.1
1116560 2152.7
1116570 2155.6
1116580 2155.6
1116590 2160.1
1116600 2163.0
1116610 2166.7
1116620 2166.7
1116630 2171.2
1116640 2175.7
1116650 2175.7
1116660 2181.1
1116670 2186.8
1116680 2186.8
1116690 2192.8
1116700 2199.7
1116710 2199.7
1116720 2204.2
1116730 2209.1
1116740 2209.1
1116750 2213.3
1116760 2217.5
1116770 2217.5
1116780 2221.5
1116790 2225.4
1116800 2225.4
1116810 2228.9
1116820 2232.2
1116830 2232.2
1116840 2236.3
1116850 2245.2
1116860 2249.2
1116870 2249.2
1116880 2253.7
1116890 2258.2
1116900 2258.2
1116910 2262.7
1116920 2267.5
1116930 2267.5
1116940 2273.5
1116950 2279.5
1116960 2279.5
1116970 2285.8
1116980 2291.8
1116990 2291.8
1117000 2296.8
1117010 2301.5
1117020 2301.5
1117030 2308.4
1117040 2315.6
1117050 2315.6
1117060 2320.4
1117070 2326.3
1117080 2326.3
1117090 2333.2
1117100 2342.1
1117110 2352.8
1117120 2352.8
1117130 2365.8
1117140 2377.5
1117150 2377.5
1117160 2384.1
1117170 2385.9
1117180 2385.9
1117190 2391.7
1117200 2415.7
1117210 2415.7
1117220 2408.7
1117230 2386.9
1117240 2386.9
1117250 2374.6
1117260 2367.4
1117270 2367.4
1117280 2365.0
1117290 2357.4
1117300 2357.4
1117310 2345.2
1117320 2335.4
1117330 2335.4
1117340 2328.3
1117350 2322.8
1117360 2317.1
1117370 2317.1
1117380 2312.5
1117390 2309.1
1117400 2309.1
1117410 2305.6
1117420 2300.4
1117430 2300.4
1117440 2296.2
1117450 2293.4
1117460 2293.4
1117470 2290.1
1117480 2285.5
1117490 2285.5
1117500 2280.7
1117510 2275.9
1117520 2275.9
1117530 2271.0
1117540 2264.4
1117550 2264.4
1117560 2259.9
1117570 2255.5
1117580 2255.5
1117590 2252.6
1117600 2250.1
1117610 2247.1
1117620 2247.1
1117630 2245.2
1117640 2240.6
1117650 2240.6
1117660 2236.3
1117670 2233.9
1117680 2233.9
1117690 2231.6
1117700 2228.9
1117710 2228.9
1117720 2226.2
1117730 2225.2
1117740 2225.2
1117750 2221.6
1117760 2215.4
1117770 2215.4
1117780 2207.5
1117790 2199.9
1117800 2199.9
1117810 2189.8
1117820 2179.3
1117830 2179.3
1117840 2173.0
1117850 2167.9
1117860 2162.0
1117870 2162.0
1117880 2154.8
1117890 2154.7
1117900 2154.7
1117910 2149.1
1117920 2141.1
1117930 2141.1
1117940 2131.7
1117950 2125.9
1117960 2125.9
1117970 2121.8
1117980 2118.8
1117990 2118.8
1118000 2115.5
1118010 2112.4
1118020 2112.4
1118030 2108.7
1118040 2103.8
1118050 2103.8
1118060 2097.6
1118070 2091.0
1118080 2091.0
1118090 2081.7
1118100 2072.8
1118110 2067.0
1118120 2067.0
1118130 2061.2
1118140 2054.5
1118150 2054.5
1118160 2049.5
1118170 2044.8
1118180 2044.8
1118190 2041.0
1118200 2037.6
1118210 2037.6
1118220 2033.9
1118230 2030.4
1118240 2034.4
1118250 2030.6
1118260 2025.7
1118270 2025.7
1118280 2019.6
1118290 2013.0
1118300 2013.0
1118310 2005.8
1118320 1998.6
1118330 1998.6
1118340 1992.3
1118350 1985.8
1118360 1978.4
1118370 1978.4
1118380 1971.4
1118390 1965.8
1118400 1965.8
1118410 1962.9
1118420 1963.1
1118430 1963.1
1118440 1962.2
1118450 1959.6
1118460 1959.6
1118470 1954.0
1118480 1948.4
1118490 1948.4
1118500 1944.6
1118510 1941.1
1118520 1941.1
1118530 1936.5
1118540 1931.6
1118550 1931.6
1118560 1927.3
1118570 1922.2
1118580 1919.0
1118590 1919.0
1118600 1915.2
1118610 1910.0
1118620 1910.0
1118630 1904.6
1118640 1897.5
1118650 1897.5
1118660 1889.5
1118670 1884.2
1118680 1884.2
1118690 1879.6
1118700 1876.5
1118710 1876.5
1118720 1874.7
1118730 1872.7
1118740 1872.7
1118750 1869.7
1118760 1862.3
1118770 1862.3
1118780 1855.5
1118790 1848.7
1118800 1848.7
1118810 1837.2
1118820 1826.9
1118830 1818.2
1118840 1818.2
1118850 1811.1
1118860 1804.6
1118870 1804.6
1118880 1797.9
1118890 1791.9
1118900 1791.9
1118910 1786.5
1118920 1781.4
1118930 1783.9
1118940 1778.3
1118950 1772.5
1118960 1772.5
1118970 1766.7
1118980 1760.2
1118990 1760.2
1119000 1755.0
1119010 1749.4
1119020 1749.4
1119030 1744.0
1119040 1739.6
1119050 1739.6
1119060 1736.5
1119070 1734.1
1119080 1732.7
1119090 1732.7
1119100 1731.8
1119110 1728.5
1119120 1728.5
1119130 1723.1
1119140 1718.8
1119150 1718.8
1119160 1715.8
1119170 1712.6
1119180 1712.6
1119190 1709.9
1119200 1707.7
1119210 1707.7
1119220 1705.1
1119230 1702.3
1119240 1702.3
1119250 1699.7
1119260 1697.1
1119270 1697.1
1119280 1694.8
1119290 1692.1
1119300 1692.1
1119310 1689.4
1119320 1687.5
1119330 1685.6
1119340 1685.6
1119350 1683.1
1119360 1679.7
1119370 1679.7
1119380 1680.2
1119390 1683.9
1119400 1683.9
1119410 1686.4
1119420 1689.2
1119430 1689.2
1119440 1692.1
1119450 1695.5
1119460 1695.5
1119470 1698.7
1119480 1702.5
1119490 1702.5
1119500 1705.7
1119510 1708.8
1119520 1708.8
1119530 1713.0
1119540 1717.1
1119550 1717.1
1119560 1719.9
1119570 1722.9
1119580 1725.9
1119590 1725.9
1119600 1728.6
1119610 1731.6
1119620 1731.6
1119630 1734.5
1119640 1738.9
1119650 1738.9
1119660 1744.9
1119670 1750.3
1119680 1750.3
1119690 1755.0
1119700 1759.1
1119710 1759.1
1119720 1764.8
1119730 1771.5
1119740 1771.5
1119750 1778.0
1119760 1785.7
1119770 1785.7
1119780 1791.8
1119790 1796.1
1119800 1796.1
1119810 1799.6
1119820 1803.5
1119830 1808.7
1119840 1808.7
1119850 1814.2
1119860 1820.1
1119870 1820.1
1119880 1826.5
1119890 1832.8
1119900 1832.8
1119910 1839.2
1119920 1845.7
1119930 1845.7
1119940 1851.6
1119950 1857.5
1119960 1857.5
1119970 1864.3
1119980 1868.2
1119990 1868.2
