1100000 1751.4
1100010 1736.7
1100020 1732.2
1100030 1732.2
1100040 1724.0
1100050 1715.3
1100060 1715.3
1100070 1708.8
1100080 1704.2
1100090 1704.2
1100100 1700.2
1100110 1696.5
1100120 1692.3
1100130 1692.3
1100140 1687.7
1100150 1683.1
1100160 1683.1
1100170 1683.6
1100180 1679.8
1100190 1679.8
1100200 1676.7
1100210 1674.1
1100220 1674.1
1100230 1670.9
1100240 1666.4
1100250 1666.4
1100260 1661.4
1100270 1656.8
1100280 1656.8
1100290 1652.3
1100300 1649.0
1100310 1649.0
1100320 1645.7
1100330 1640.7
1100340 1640.7
1100350 1637.1
1100360 1633.2
1100370 1630.0
1100380 1630.0
1100390 1628.2
1100400 1627.7
1100410 1627.7
1100420 1627.8
1100430 1626.1
1100440 1626.1
1100450 1625.6
1100460 1623.2
1100470 1623.2
1100480 1620.0
1100490 1619.3
1100500 1623.8
1100510 1623.5
1100520 1622.4
1100530 1622.4
1100540 1623.0
1100550 1621.9
1100560 1621.9
1100570 1621.6
1100580 1621.2
1100590 1621.2
1100600 1619.9
1100610 1617.9
1100620 1616.9
1100630 1616.9
1100640 1614.7
1100650 1611.3
1100660 1611.3
1100670 1608.8
1100680 1609.3
1100690 1609.3
1100700 1612.0
1100710 1614.9
1100720 1614.9
1100730 1616.7
1100740 1617.1
1100750 1617.1
1100760 1616.3
1100770 1615.5
1100780 1615.5
1100790 1615.7
1100800 1615.2
1100810 1615.2
1100820 1613.3
1100830 1619.3
1100840 1619.3
1100850 1619.0
1100860 1616.6
1100870 1613.3
1100880 1613.3
1100890 1608.8
1100900 1604.7
1100910 1604.7
1100920 1602.0
1100930 1602.4
1100940 1602.4
1100950 1604.1
1100960 1604.5
1100970 1604.5
1100980 1604.4
1100990 1603.9
1101000 1603.9
1101010 1603.5
1101020 1603.6
1101030 1603.6
1101040 1605.5
1101050 1606.1
1101060 1606.1
1101070 1606.7
1101080 1607.6
1101090 1607.6
1101100 1607.1
1101110 1606.8
1101120 1609.0
1101130 1609.0
1101140 1611.6
1101150 1615.2
1101160 1616.9
1101170 1620.9
1101180 1625.4
1101190 1625.4
1101200 1629.4
1101210 1632.9
1101220 1632.9
1101230 1635.4
1101240 1638.3
1101250 1638.3
1101260 1642.1
1101270 1646.3
1101280 1646.3
1101290 1650.7
1101300 1655.5
1101310 1655.5
1101320 1662.1
1101330 1667.7
1101340 1667.7
1101350 1673.3
1101360 1679.0
1101370 1684.9
1101380 1684.9
1101390 1691.5
1101400 1699.9
1101410 1699.9
1101420 1708.5
1101430 1716.6
1101440 1716.6
1101450 1723.8
1101460 1730.0
1101470 1730.0
1101480 1732.6
1101490 1732.4
1101500 1734.1
1101510 1733.4
1101520 1732.7
1101530 1732.7
1101540 1727.6
1101550 1721.2
1101560 1721.2
1101570 1716.7
1101580 1712.4
1101590 1712.4
1101600 1708.7
1101610 1705.8
1101620 1707.0
1101630 1707.0
1101640 1709.1
1101650 1710.5
1101660 1710.5
1101670 1712.9
1101680 1716.4
1101690 1716.4
1101700 1720.2
1101710 1722.5
1101720 1722.5
1101730 1723.8
1101740 1725.1
1101750 1725.1
1101760 1727.2
1101770 1727.6
1101780 1727.6
1101790 1727.6
1101800 1728.9
1101810 1728.9
1101820 1728.9
1101830 1731.2
1101840 1731.2
1101850 1732.1
1101860 1735.8
1101870 1739.9
1101880 1739.9
1101890 1743.1
1101900 1745.2
1101910 1745.2
1101920 1746.5
1101930 1749.3
1101940 1749.3
1101950 1754.9
1101960 1762.2
1101970 1762.2
1101980 1767.9
1101990 1770.2
1102000 1770.2
1102010 1771.2
1102020 1772.0
1102030 1772.0
1102040 1772.3
1102050 1772.4
1102060 1772.4
1102070 1775.9
1102080 1780.3
1102090 1780.3
1102100 1783.7
1102110 1785.9
1102120 1787.7
1102130 1787.7
1102140 1789.1
1102150 1790.9
1102160 1792.5
1102170 1794.3
1102180 1794.0
1102190 1794.0
1102200 1791.4
1102210 1794.0
1102220 1794.0
1102230 1798.9
1102240 1805.3
1102250 1805.3
1102260 1811.9
1102270 1817.8
1102280 1817.8
1102290 1823.8
1102300 1830.6
1102310 1830.6
1102320 1837.5
1102330 1844.7
1102340 1844.7
1102350 1852.4
1102360 1864.9
1102370 1882.2
1102380 1882.2
1102390 1892.2
1102400 1895.4
1102410 1895.4
1102420 1900.5
1102430 1907.5
1102440 1907.5
1102450 1918.9
1102460 1929.9
1102470 1929.9
1102480 1941.1
1102490 1933.2
1102500 1933.2
1102510 1944.1
1102520 1958.1
1102530 1958.1
1102540 1969.9
1102550 1981.6
1102560 1981.6
1102570 1990.0
1102580 1995.5
1102590 1995.5
1102600 1990.0
1102610 1977.6
1102620 1967.5
1102630 1967.5
1102640 1958.5
1102650 1950.5
1102660 1950.5
1102670 1943.7
1102680 1936.9
1102690 1936.9
1102700 1930.2
1102710 1923.8
1102720 1923.8
1102730 1917.3
1102740 1911.5
1102750 1911.5
1102760 1905.8
1102770 1900.3
1102780 1900.3
1102790 1896.7
1102800 1894.1
1102810 1894.1
1102820 1885.5
1102830 1883.9
1102840 1883.9
1102850 1881.4
1102860 1878.5
1102870 1875.5
1102880 1875.5
1102890 1871.0
1102900 1866.9
1102910 1866.9
1102920 1864.5
1102930 1860.3
1102940 1860.3
1102950 1857.0
1102960 1853.0
1102970 1853.0
1102980 1848.7
1102990 1844.7
1103000 1844.7
1103010 1839.5
1103020 1834.7
1103030 1834.7
1103040 1830.6
1103050 1826.6
1103060 1826.6
1103070 1822.5
1103080 1817.7
1103090 1817.7
1103100 1813.4
1103110 1810.6
1103120 1810.0
1103130 1810.0
1103140 1809.5
1103150 1807.0
1103160 1809.9
1103170 1810.1
1103180 1810.5
1103190 1810.5
1103200 1811.7
1103210 1812.6
1103220 1812.6
1103230 1810.8
1103240 1806.2
1103250 1806.2
1103260 1798.9
1103270 1793.2
1103280 1793.2
1103290 1791.4
1103300 1789.3
1103310 1789.3
1103320 1784.1
1103330 1778.9
1103340 1778.9
1103350 1774.1
1103360 1770.7
1103370 1765.4
1103380 1765.4
1103390 1763.6
1103400 1759.4
1103410 1759.4
1103420 1754.7
1103430 1750.3
1103440 1750.3
1103450 1747.5
1103460 1746.6
1103470 1746.6
1103480 1745.6
1103490 1745.9
1103500 1745.9
1103510 1745.0
1103520 1744.1
1103530 1744.1
1103540 1743.5
1103550 1742.8
1103560 1742.8
1103570 1743.7
1103580 1745.3
1103590 1745.3
1103600 1746.7
1103610 1744.7
1103620 1741.5
1103630 1741.5
1103640 1738.0
1103650 1736.3
1103660 1736.3
1103670 1733.4
1103680 1729.0
1103690 1729.0
1103700 1725.9
1103710 1726.0
1103720 1726.0
1103730 1723.5
1103740 1714.3
1103750 1714.3
1103760 1706.6
1103770 1698.2
1103780 1698.2
1103790 1690.0
1103800 1682.1
1103810 1682.1
1103820 1669.8
1103830 1660.5
1103840 1660.5
1103850 1646.5
1103860 1634.1
1103870 1619.1
1103880 1619.1
1103890 1605.0
1103900 1593.4
1103910 1593.4
1103920 1586.5
1103930 1574.7
1103940 1574.7
1103950 1565.8
1103960 1557.6
1103970 1557.6
1103980 1548.9
1103990 1541.0
1104000 1541.0
1104010 1533.0
1104020 1525.6
1104030 1525.6
1104040 1518.6
1104050 1511.6
1104060 1511.6
1104070 1505.1
1104080 1498.3
1104090 1498.3
1104100 1491.4
1104110 1484.7
1104120 1478.5
1104130 1478.5
1104140 1472.0
1104150 1465.9
1104160 1465.6
1104170 1459.8
1104180 1453.9
1104190 1453.9
1104200 1448.4
1104210 1442.7
1104220 1442.7
1104230 1436.8
1104240 1430.7
1104250 1430.7
1104260 1424.8
1104270 1419.2
1104280 1419.2
1104290 1413.1
1104300 1407.4
1104310 1407.4
1104320 1401.2
1104330 1394.2
1104340 1394.2
1104350 1387.3
1104360 1381.8
1104370 1378.9
1104380 1378.9
1104390 1379.0
1104400 1377.8
1104410 1377.8
1104420 1380.2
1104430 1384.5
1104440 1384.5
1104450 1388.6
1104460 1390.7
1104470 1390.7
1104480 1392.5
1104490 1396.8
1104500 1396.8
1104510 1397.3
1104520 1398.9
1104530 1398.9
1104540 1403.3
1104550 1407.4
1104560 1407.4
1104570 1412.4
1104580 1416.6
1104590 1416.6
1104600 1421.2
1104610 1425.1
1104620 1429.0
1104630 1429.0
1104640 1433.5
1104650 1438.4
1104660 1438.4
1104670 1443.7
1104680 1449.5
1104690 1449.5
1104700 1455.4
1104710 1462.3
1104720 1462.3
1104730 1468.8
1104740 1475.2
1104750 1475.2
1104760 1481.4
1104770 1487.8
1104780 1487.8
1104790 1494.1
1104800 1500.5
1104810 1500.5
1104820 1507.5
1104830 1514.8
1104840 1514.8
1104850 1523.3
1104860 1537.4
1104870 1542.0
1104880 1542.0
1104890 1548.5
1104900 1556.4
1104910 1556.4
1104920 1563.2
1104930 1574.6
1104940 1574.6
1104950 1592.3
1104960 1603.1
1104970 1603.1
1104980 1611.8
1104990 1627.3
1105000 1627.3
1105010 1633.0
1105020 1635.9
1105030 1635.9
1105040 1638.4
1105050 1638.2
1105060 1638.2
1105070 1642.4
1105080 1648.7
1105090 1648.7
1105100 1654.3
1105110 1660.4
1105120 1666.3
1105130 1666.3
1105140 1672.4
1105150 1678.6
1105160 1680.8
1105170 1686.8
1105180 1692.9
1105190 1692.9
1105200 1699.6
1105210 1708.4
1105220 1708.4
1105230 1716.7
1105240 1724.4
1105250 1724.4
1105260 1732.1
1105270 1741.6
1105280 1741.6
1105290 1752.9
1105300 1763.2
1105310 1763.2
1105320 1773.0
1105330 1785.7
1105340 1785.7
1105350 1793.6
1105360 1799.8
1105370 1806.3
1105380 1806.3
1105390 1813.7
1105400 1821.4
1105410 1821.4
1105420 1828.6
1105430 1835.9
1105440 1835.9
1105450 1843.2
1105460 1850.8
1105470 1850.8
1105480 1858.3
1105490 1867.0
1105500 1866.2
1105510 1873.4
1105520 1880.0
1105530 1880.0
1105540 1889.8
1105550 1907.7
1105560 1907.7
1105570 1922.1
1105580 1934.0
1105590 1934.0
1105600 1944.4
1105610 1948.9
1105620 1950.5
1105630 1950.5
1105640 1952.4
1105650 1960.8
1105660 1960.8
1105670 1969.1
1105680 1974.6
1105690 1974.6
1105700 1980.7
1105710 1985.6
1105720 1985.6
1105730 1986.2
1105740 1984.8
1105750 1984.8
1105760 1985.5
1105770 1987.0
1105780 1987.0
1105790 1984.8
1105800 1980.5
1105810 1980.5
1105820 1973.8
1105830 1974.6
1105840 1974.6
1105850 1966.7
1105860 1963.3
1105870 1960.0
1105880 1960.0
1105890 1957.0
1105900 1954.0
1105910 1954.0
1105920 1951.0
1105930 1947.7
1105940 1947.7
1105950 1943.5
1105960 1939.0
1105970 1939.0
1105980 1936.1
1105990 1935.1
1106000 1935.1
1106010 1935.2
1106020 1936.3
1106030 1936.3
1106040 1938.5
1106050 1939.9
1106060 1939.9
1106070 1941.6
1106080 1944.9
1106090 1944.9
1106100 1949.4
1106110 1953.2
1106120 1957.6
1106130 1957.6
1106140 1962.2
1106150 1966.8
1106160 1966.8
1106170 1969.0
1106180 1974.1
1106190 1974.1
1106200 1978.5
1106210 1981.5
1106220 1981.5
1106230 1984.5
1106240 1987.5
1106250 1987.5
1106260 1989.7
1106270 1991.0
1106280 1991.0
1106290 1993.7
1106300 1995.7
1106310 1995.7
1106320 1996.9
1106330 1997.7
1106340 1997.7
1106350 1998.1
1106360 1998.2
1106370 1998.0
1106380 1998.0
1106390 1999.3
1106400 1999.9
1106410 1999.9
1106420 1998.7
1106430 1997.4
1106440 1997.4
1106450 1997.4
1106460 2000.4
1106470 2000.4
1106480 2001.6
1106490 2003.8
1106500 2003.8
1106510 2008.9
1106520 2011.9
1106530 2011.9
1106540 2014.5
1106550 2014.1
1106560 2014.1
1106570 2016.3
1106580 2018.3
1106590 2018.3
1106600 2020.8
1106610 2023.5
1106620 2025.1
1106630 2025.1
1106640 2027.6
1106650 2029.1
1106660 2029.1
1106670 2032.2
1106680 2034.2
1106690 2034.2
1106700 2036.2
1106710 2037.5
1106720 2037.5
1106730 2038.3
1106740 2039.7
1106750 2039.7
1106760 2041.2
1106770 2040.6
1106780 2040.6
1106790 2038.7
1106800 2038.0
1106810 2038.0
1106820 2037.8
1106830 2036.5
1106840 2040.5
1106850 2038.8
1106860 2035.2
1106870 2030.3
1106880 2030.3
1106890 2026.8
1106900 2024.3
1106910 2024.3
1106920 2020.4
1106930 2020.1
1106940 2020.1
1106950 2019.9
1106960 2019.8
1106970 2019.8
1106980 2019.3
1106990 2018.3
1107000 2018.3
1107010 2017.4
1107020 2016.7
1107030 2016.7
1107040 2016.3
1107050 2016.0
1107060 2016.0
1107070 2015.4
1107080 2017.7
1107090 2017.7
1107100 2018.8
1107110 2019.2
1107120 2023.1
1107130 2023.1
1107140 2028.2
1107150 2031.7
1107160 2031.7
1107170 2036.7
1107180 2043.3
1107190 2043.3
1107200 2047.6
1107210 2051.9
1107220 2051.9
1107230 2052.5
1107240 2053.1
1107250 2053.1
1107260 2053.5
1107270 2055.6
1107280 2055.6
1107290 2059.7
1107300 2063.3
1107310 2063.3
1107320 2068.8
1107330 2072.8
1107340 2072.8
1107350 2075.7
1107360 2080.3
1107370 2085.6
1107380 2085.6
1107390 2090.6
1107400 2097.2
1107410 2097.2
1107420 2104.2
1107430 2111.5
1107440 2111.5
1107450 2120.5
1107460 2132.7
1107470 2132.7
1107480 2143.6
1107490 2155.9
1107500 2155.9
1107510 2153.6
1107520 2150.6
1107530 2150.6
1107540 2139.7
1107550 2131.2
1107560 2131.2
1107570 2123.3
1107580 2116.5
1107590 2116.5
1107600 2110.9
1107610 2105.0
1107620 2097.2
1107630 2097.2
1107640 2091.1
1107650 2086.8
1107660 2086.8
1107670 2080.8
1107680 2073.8
1107690 2073.8
1107700 2069.6
1107710 2065.4
1107720 2065.4
1107730 2059.7
1107740 2055.3
1107750 2055.3
1107760 2052.0
1107770 2048.3
1107780 2048.3
1107790 2046.1
1107800 2043.1
1107810 2043.1
1107820 2039.8
1107830 2033.5
1107840 2033.5
1107850 2023.6
1107860 2017.9
1107870 2013.1
1107880 2013.1
1107890 2009.4
1107900 2008.1
1107910 2008.1
1107920 2007.2
1107930 2006.1
1107940 2006.1
1107950 2003.4
1107960 2000.8
1107970 2000.8
1107980 2001.1
1107990 2001.4
1108000 2001.4
1108010 2003.0
1108020 2006.8
1108030 2006.8
1108040 2009.7
1108050 2012.5
1108060 2012.5
1108070 2015.9
1108080 2019.5
1108090 2019.5
1108100 2024.7
1108110 2028.7
1108120 2031.9
1108130 2031.9
1108140 2036.8
1108150 2043.3
1108160 2043.3
1108170 2047.7
1108180 2050.9
1108190 2053.1
1108200 2053.1
1108210 2050.3
1108220 2050.3
1108230 2047.9
1108240 2042.3
1108250 2042.3
1108260 2035.3
1108270 2034.0
1108280 2034.0
1108290 2036.8
1108300 2038.1
1108310 2038.1
1108320 2039.1
1108330 2035.5
1108340 2035.5
1108350 2031.0
1108360 2025.7
1108370 2022.5
1108380 2022.5
1108390 2019.2
1108400 2018.6
1108410 2018.6
1108420 2017.6
1108430 2016.0
1108440 2016.0
1108450 2013.2
1108460 2010.7
1108470 2010.7
1108480 2009.8
1108490 2009.2
1108500 2009.2
1108510 2007.7
1108520 2004.7
1108530 2004.9
1108540 2000.8
1108550 1997.4
1108560 1997.4
1108570 1993.8
1108580 1990.9
1108590 1990.9
1108600 1989.5
1108610 1988.5
1108620 1987.2
1108630 1987.2
1108640 1985.5
1108650 1984.7
1108660 1984.7
1108670 1984.4
1108680 1984.4
1108690 1984.4
1108700 1984.4
1108710 1983.4
1108720 1983.4
1108730 1982.2
1108740 1980.1
1108750 1980.1
1108760 1976.2
1108770 1971.4
1108780 1971.4
1108790 1966.5
1108800 1963.0
1108810 1963.0
1108820 1961.5
1108830 1959.9
1108840 1959.9
1108850 1958.6
1108860 1955.8
1108870 1954.8
1108880 1954.8
1108890 1954.7
1108900 1955.0
1108910 1955.0
1108920 1956.0
1108930 1957.0
1108940 1957.0
1108950 1956.4
1108960 1960.4
1108970 1960.4
1108980 1962.7
1108990 1968.0
1109000 1968.0
1109010 1978.0
1109020 1983.3
1109030 1983.3
1109040 1981.7
1109050 1980.2
1109060 1980.2
1109070 1976.6
1109080 1975.8
1109090 1975.8
1109100 1980.3
1109110 1982.7
1109120 1986.2
1109130 1986.2
1109140 1989.5
1109150 1986.4
1109160 1986.4
1109170 1989.7
1109180 1991.8
1109190 1991.8
1109200 1990.6
1109210 1988.7
1109220 1988.7
1109230 1985.2
1109240 1981.8
1109250 1981.8
1109260 1980.1
1109270 1976.0
1109280 1976.0
1109290 1973.4
1109300 1972.2
1109310 1972.2
1109320 1969.9
1109330 1964.1
1109340 1964.1
1109350 1958.5
1109360 1953.9
1109370 1952.8
1109380 1952.8
1109390 1953.7
1109400 1953.5
1109410 1953.5
1109420 1949.3
1109430 1949.6
1109440 1949.6
1109450 1953.8
1109460 1957.1
1109470 1957.1
1109480 1958.3
1109490 1960.2
1109500 1960.2
1109510 1957.1
1109520 1953.2
1109530 1953.2
1109540 1954.2
1109550 1954.6
1109560 1954.6
1109570 1959.5
1109580 1966.3
1109590 1966.3
1109600 1968.1
1109610 1967.1
1109620 1972.6
1109630 1972.6
1109640 1976.6
1109650 1980.0
1109660 1980.0
1109670 1980.1
1109680 1977.8
1109690 1977.8
1109700 1973.2
1109710 1966.7
1109720 1966.7
1109730 1964.0
1109740 1964.9
1109750 1964.9
1109760 1966.4
1109770 1969.4
1109780 1969.4
1109790 1974.3
1109800 1978.6
1109810 1978.6
1109820 1984.2
1109830 1989.9
1109840 1989.9
1109850 1995.6
1109860 2000.4
1109870 2005.5
1109880 2005.2
1109890 2010.5
1109900 2015.9
1109910 2015.9
1109920 2021.3
1109930 2026.5
1109940 2026.5
1109950 2031.8
1109960 2038.3
1109970 2038.3
1109980 2044.4
1109990 2050.3
1110000 2050.3
1110010 2056.4
1110020 2062.2
1110030 2062.2
1110040 2068.1
1110050 2075.0
1110060 2075.0
1110070 2081.9
1110080 2089.6
1110090 2089.6
1110100 2101.0
1110110 2114.0
1110120 2124.9
1110130 2124.9
1110140 2134.7
1110150 2149.2
1110160 2149.2
1110170 2158.6
1110180 2162.2
1110190 2162.2
1110200 2178.0
1110210 2192.6
1110220 2175.9
1110230 2202.2
1110240 2232.9
1110250 2232.9
1110260 2241.7
1110270 2261.3
1110280 2261.3
1110290 2292.6
1110300 2315.9
1110310 2315.9
1110320 2322.2
1110330 2334.7
1110340 2334.7
1110350 2343.2
1110360 2348.9
1110370 2352.9
1110380 2352.9
1110390 2354.8
1110400 2356.8
1110410 2356.8
1110420 2357.7
1110430 2359.3
1110440 2359.3
1110450 2362.5
1110460 2363.8
1110470 2363.8
1110480 2360.3
1110490 2332.6
1110500 2332.6
1110510 2319.0
1110520 2302.7
1110530 2302.7
1110540 2287.7
1110550 2285.4
1110560 2310.4
1110570 2300.4
1110580 2297.4
1110590 2297.4
1110600 2295.4
1110610 2294.4
1110620 2296.9
1110630 2296.9
1110640 2298.8
1110650 2304.9
1110660 2304.9
1110670 2321.8
1110680 2330.7
1110690 2330.7
1110700 2328.6
1110710 2323.0
1110720 2323.0
1110730 2320.2
1110740 2321.6
1110750 2321.6
1110760 2314.7
1110770 2307.0
1110780 2307.0
1110790 2307.1
1110800 2310.3
1110810 2310.3
1110820 2313.9
1110830 2317.2
1110840 2317.2
1110850 2320.6
1110860 2323.0
1110870 2325.3
1110880 2325.3
1110890 2327.4
1110900 2337.4
1110910 2337.4
1110920 2340.5
1110930 2343.7
1110940 2343.7
1110950 2346.5
1110960 2348.8
1110970 2348.8
1110980 2351.7
1110990 2354.1
1111000 2354.1
1111010 2360.0
1111020 2366.0
1111030 2366.0
1111040 2366.6
1111050 2361.5
1111060 2361.5
1111070 2356.5
1111080 2350.9
1111090 2350.9
1111100 2345.4
1111110 2340.6
1111120 2336.7
1111130 2336.7
1111140 2332.9
1111150 2329.8
1111160 2329.8
1111170 2327.4
1111180 2326.1
1111190 2326.1
1111200 2325.2
1111210 2324.3
1111220 2324.3
1111230 2323.8
1111240 2316.9
1111250 2316.9
1111260 2316.5
1111270 2316.1
1111280 2316.1
1111290 2316.1
1111300 2315.7
1111310 2315.7
1111320 2315.8
1111330 2316.8
1111340 2316.8
1111350 2316.9
1111360 2316.5
1111370 2315.1
1111380 2315.1
1111390 2313.7
1111400 2312.2
1111410 2312.2
1111420 2310.0
1111430 2307.6
1111440 2307.6
1111450 2306.2
1111460 2305.8
1111470 2305.8
1111480 2305.1
1111490 2303.9
1111500 2303.9
1111510 2302.0
1111520 2300.1
1111530 2300.1
1111540 2298.4
1111550 2296.2
1111560 2296.2
1111570 2293.5
1111580 2285.6
1111590 2285.6
1111600 2284.6
1111610 2283.6
1111620 2283.1
1111630 2283.1
1111640 2282.4
1111650 2281.4
1111660 2281.4
1111670 2280.0
1111680 2278.3
1111690 2278.3
1111700 2276.0
1111710 2273.3
1111720 2273.3
1111730 2270.2
1111740 2266.9
1111750 2266.9
1111760 2265.1
1111770 2263.3
1111780 2263.3
1111790 2261.4
1111800 2259.2
1111810 2259.2
1111820 2256.2
1111830 2252.9
1111840 2252.9
1111850 2249.8
1111860 2246.4
1111870 2243.2
1111880 2243.2
1111890 2240.1
1111900 2236.8
1111910 2236.8
1111920 2231.2
1111930 2228.8
1111940 2228.8
1111950 2227.0
1111960 2225.7
1111970 2225.7
1111980 2225.0
1111990 2224.0
1112000 2224.0
1112010 2223.8
1112020 2226.2
1112030 2226.2
1112040 2227.0
1112050 2227.1
1112060 2227.1
1112070 2227.3
1112080 2226.9
1112090 2226.9
1112100 2226.3
1112110 2225.4
1112120 2224.0
1112130 2224.0
1112140 2223.3
1112150 2222.3
1112160 2222.3
1112170 2220.5
1112180 2218.8
1112190 2218.8
1112200 2217.8
1112210 2216.5
1112220 2216.5
1112230 2214.6
1112240 2213.2
1112250 2213.2
1112260 2210.6
1112270 2210.6
1112280 2210.6
1112290 2209.6
1112300 2208.8
1112310 2208.8
1112320 2208.1
1112330 2207.1
1112340 2207.1
1112350 2206.1
1112360 2205.1
1112370 2204.0
1112380 2204.0
1112390 2202.6
1112400 2200.8
1112410 2200.8
1112420 2199.5
1112430 2198.5
1112440 2198.5
1112450 2199.1
1112460 2201.5
1112470 2201.5
1112480 2204.4
1112490 2208.0
1112500 2208.0
1112510 2209.8
1112520 2211.9
1112530 2211.9
1112540 2213.2
1112550 2214.2
1112560 2214.2
1112570 2213.4
1112580 2213.5
1112590 2213.5
1112600 2214.8
1112610 2219.5
1112620 2220.5
1112630 2220.5
1112640 2220.6
1112650 2221.8
1112660 2221.8
1112670 2224.5
1112680 2224.5
1112690 2224.5
1112700 2225.1
1112710 2227.0
1112720 2227.0
1112730 2230.4
1112740 2232.9
1112750 2232.9
1112760 2234.3
1112770 2233.2
1112780 2233.2
1112790 2233.7
1112800 2236.2
1112810 2236.2
1112820 2240.4
1112830 2245.4
1112840 2245.4
1112850 2248.8
1112860 2250.6
1112870 2252.5
1112880 2252.5
1112890 2253.8
1112900 2255.4
1112910 2255.4
1112920 2256.3
1112930 2257.0
1112940 2257.0
1112950 2259.4
1112960 2260.1
1112970 2260.1
1112980 2258.8
1112990 2256.5
1113000 2256.5
1113010 2254.5
1113020 2253.9
1113030 2253.9
1113040 2252.8
1113050 2253.7
1113060 2253.7
1113070 2252.8
1113080 2248.4
1113090 2248.4
1113100 2247.8
1113110 2249.5
1113120 2250.1
1113130 2250.1
1113140 2251.3
1113150 2252.7
1113160 2252.7
1113170 2253.3
1113180 2255.9
1113190 2255.9
1113200 2256.5
1113210 2256.0
1113220 2256.0
1113230 2256.2
1113240 2256.6
1113250 2256.6
1113260 2256.2
1113270 2256.8
1113280 2256.8
1113290 2263.7
1113300 2261.9
1113310 2261.9
1113320 2264.0
1113330 2267.1
1113340 2267.1
1113350 2268.9
1113360 2272.2
1113370 2276.6
1113380 2276.6
1113390 2281.0
1113400 2285.1
1113410 2285.1
1113420 2289.7
1113430 2293.8
1113440 2293.8
1113450 2295.0
1113460 2296.1
1113470 2296.1
1113480 2298.7
1113490 2300.4
1113500 2300.4
1113510 2301.0
1113520 2303.2
1113530 2303.2
1113540 2304.5
1113550 2304.6
1113560 2304.6
1113570 2304.3
1113580 2305.1
1113590 2305.1
1113600 2305.4
1113610 2305.4
1113620 2304.6
1113630 2302.9
1113640 2303.1
1113650 2301.1
1113660 2301.1
1113670 2299.6
1113680 2296.1
1113690 2296.1
1113700 2293.1
1113710 2289.1
1113720 2289.1
1113730 2284.8
1113740 2279.4
1113750 2279.4
1113760 2276.1
1113770 2272.4
1113780 2272.4
1113790 2270.0
1113800 2267.4
1113810 2267.4
1113820 2263.1
1113830 2261.8
1113840 2261.8
1113850 2260.9
1113860 2257.3
1113870 2255.3
1113880 2255.3
1113890 2254.6
1113900 2253.3
1113910 2253.3
1113920 2250.9
1113930 2248.7
1113940 2248.7
1113950 2246.0
1113960 2237.7
1113970 2237.7
1113980 2236.3
1113990 2229.8
1114000 2229.8
1114010 2223.4
1114020 2217.5
1114030 2217.5
1114040 2205.9
1114050 2198.4
1114060 2198.4
1114070 2194.7
1114080 2192.8
1114090 2192.8
1114100 2190.6
1114110 2189.4
1114120 2188.7
1114130 2188.7
1114140 2187.1
1114150 2185.5
1114160 2185.5
1114170 2184.6
1114180 2184.1
1114190 2184.1
1114200 2184.0
1114210 2186.2
1114220 2186.2
1114230 2189.0
1114240 2188.9
1114250 2188.9
1114260 2187.6
1114270 2183.5
1114280 2183.5
1114290 2179.1
1114300 2175.5
1114310 2175.5
1114320 2174.4
1114330 2167.7
1114340 2167.7
1114350 2163.3
1114360 2159.7
1114370 2151.0
1114380 2151.0
1114390 2141.4
1114400 2133.2
1114410 2133.2
1114420 2125.9
1114430 2118.4
1114440 2118.4
1114450 2112.4
1114460 2107.9
1114470 2107.9
1114480 2102.1
1114490 2096.7
1114500 2096.7
1114510 2090.6
1114520 2088.4
1114530 2088.4
1114540 2089.7
1114550 2088.1
1114560 2088.1
1114570 2085.2
1114580 2081.9
1114590 2081.9
1114600 2079.7
1114610 2078.8
1114620 2080.0
1114630 2080.0
1114640 2078.8
1114650 2076.1
1114660 2073.6
1114670 2070.3
1114680 2067.4
1114690 2067.4
1114700 2064.9
1114710 2061.1
1114720 2061.1
1114730 2057.2
1114740 2055.4
1114750 2055.4
1114760 2053.3
1114770 2052.2
1114780 2052.2
1114790 2050.9
1114800 2051.2
1114810 2051.2
1114820 2049.9
1114830 2048.5
1114840 2048.5
1114850 2046.3
1114860 2044.0
1114870 2042.6
1114880 2042.6
1114890 2043.0
1114900 2042.9
1114910 2042.9
1114920 2037.7
1114930 2032.7
1114940 2032.7
1114950 2026.4
1114960 2021.3
1114970 2021.3
1114980 2008.8
1114990 2003.1
1115000 2003.1
1115010 1993.7
1115020 1996.0
1115030 1996.0
1115040 1994.7
1115050 1993.6
1115060 1993.6
1115070 1992.7
1115080 1985.4
1115090 1985.4
1115100 1974.8
1115110 1967.1
1115120 1957.5
1115130 1957.5
1115140 1946.4
1115150 1930.6
1115160 1930.6
1115170 1918.8
1115180 1911.9
1115190 1911.9
1115200 1910.7
1115210 1907.8
1115220 1907.8
1115230 1904.5
1115240 1901.8
1115250 1901.8
1115260 1893.6
1115270 1887.5
1115280 1887.5
1115290 1879.4
1115300 1868.2
1115310 1868.2
1115320 1853.7
1115330 1843.6
1115340 1843.6
1115350 1831.3
1115360 1827.0
1115370 1822.0
1115380 1822.0
1115390 1817.0
1115400 1810.8
1115410 1810.8
1115420 1805.8
1115430 1801.0
1115440 1801.0
1115450 1795.5
1115460 1790.2
1115470 1790.2
1115480 1785.3
1115490 1780.0
1115500 1780.0
1115510 1774.9
1115520 1770.2
1115530 1770.2
1115540 1765.6
1115550 1761.1
1115560 1761.1
1115570 1756.9
1115580 1753.2
1115590 1753.2
1115600 1749.3
1115610 1745.6
1115620 1742.1
1115630 1742.1
1115640 1738.5
1115650 1734.8
1115660 1734.8
1115670 1731.2
1115680 1727.9
1115690 1727.4
1115700 1724.1
1115710 1721.4
1115720 1721.4
1115730 1718.8
1115740 1716.3
1115750 1716.3
1115760 1714.0
1115770 1711.4
1115780 1711.4
1115790 1708.7
1115800 1706.7
1115810 1706.7
1115820 1704.8
1115830 1703.5
1115840 1703.5
1115850 1702.3
1115860 1699.6
1115870 1697.1
1115880 1697.1
1115890 1695.5
1115900 1694.6
1115910 1694.6
1115920 1694.1
1115930 1693.8
1115940 1693.8
1115950 1694.5
1115960 1694.5
1115970 1694.5
1115980 1694.0
1115990 1695.4
1116000 1695.4
1116010 1694.8
1116020 1694.9
1116030 1694.9
1116040 1690.6
1116050 1683.6
1116060 1683.6
1116070 1676.3
1116080 1678.9
1116090 1678.9
1116100 1682.9
1116110 1685.6
1116120 1687.3
1116130 1687.3
1116140 1689.7
1116150 1692.4
1116160 1692.4
1116170 1694.2
1116180 1698.7
1116190 1698.7
1116200 1701.5
1116210 1705.1
1116220 1705.1
1116230 1707.7
1116240 1710.9
1116250 1710.9
1116260 1712.4
1116270 1714.0
1116280 1714.0
1116290 1715.8
1116300 1717.3
1116310 1717.3
1116320 1718.3
1116330 1721.3
1116340 1721.3
1116350 1725.1
1116360 1729.5
1116370 1733.3
1116380 1737.2
1116390 1741.7
1116400 1746.1
1116410 1746.1
1116420 1749.6
1116430 1751.5
1116440 1751.5
1116450 1752.9
1116460 1754.1
1116470 1754.1
1116480 1757.3
1116490 1761.3
1116500 1761.3
1116510 1766.1
1116520 1770.7
1116530 1770.7
1116540 1774.6
1116550 1777.2
1116560 1777.2
1116570 1780.4
1116580 1786.6
1116590 1789.6
1116600 1789.6
1116610 1792.1
1116620 1792.1
1116630 1792.1
1116640 1795.5
1116650 1801.6
1116660 1801.6
1116670 1806.9
1116680 1809.9
1116690 1809.9
1116700 1814.3
1116710 1818.4
1116720 1818.4
1116730 1832.7
1116740 1836.2
1116750 1836.2
1116760 1837.8
1116770 1841.6
1116780 1841.6
1116790 1846.1
1116800 1851.2
1116810 1851.2
1116820 1855.3
1116830 1858.6
1116840 1862.6
1116850 1862.6
1116860 1873.3
1116870 1881.1
1116880 1881.1
1116890 1888.6
1116900 1893.6
1116910 1893.6
1116920 1903.8
1116930 1911.4
1116940 1911.4
1116950 1913.1
1116960 1905.9
1116970 1905.9
1116980 1906.1
1116990 1913.5
1117000 1913.5
1117010 1921.9
1117020 1927.1
1117030 1927.1
1117040 1932.7
1117050 1938.9
1117060 1938.9
1117070 1945.1
1117080 1962.5
1117090 1964.9
1117100 1964.9
1117110 1965.7
1117120 1965.2
1117130 1965.2
1117140 1965.6
1117150 1965.4
1117160 1965.4
1117170 1964.1
1117180 1964.5
1117190 1964.5
1117200 1966.5
1117210 1970.4
1117220 1970.4
1117230 1974.7
1117240 1977.8
1117250 1977.8
1117260 1978.8
1117270 1978.5
1117280 1978.5
1117290 1979.5
1117300 1982.8
1117310 1982.8
1117320 1984.7
1117330 1982.0
1117340 1981.1
1117350 1981.1
1117360 1984.1
1117370 1986.8
1117380 1986.8
1117390 1990.3
1117400 1994.2
1117410 1994.2
1117420 2003.4
1117430 2006.0
1117440 2006.0
1117450 2009.8
1117460 2013.7
1117470 2013.7
1117480 2017.3
1117490 2019.2
1117500 2019.2
1117510 2020.2
1117520 2024.1
1117530 2024.1
1117540 2028.0
1117550 2030.0
1117560 2030.0
1117570 2031.4
1117580 2032.8
1117590 2033.9
1117600 2033.9
1117610 2034.7
1117620 2034.6
1117630 2034.6
1117640 2032.9
1117650 2032.2
1117660 2032.2
1117670 2032.0
1117680 2032.2
1117690 2032.2
1117700 2031.7
1117710 2029.7
1117720 2029.7
1117730 2027.9
1117740 2027.2
1117750 2027.2
1117760 2026.5
1117770 2026.3
1117780 2026.3
1117790 2023.2
1117800 2020.4
1117810 2020.4
1117820 2018.3
1117830 2015.8
1117840 2014.6
1117850 2014.6
1117860 2014.1
1117870 2009.7
1117880 2009.7
1117890 2002.4
1117900 1995.8
1117910 1995.8
1117920 1989.7
1117930 1985.3
1117940 1985.3
1117950 1981.7
1117960 1979.7
1117970 1979.7
1117980 1978.3
1117990 1977.6
1118000 1977.6
1118010 1976.7
1118020 1976.1
1118030 1976.1
1118040 1974.8
1118050 1973.6
1118060 1973.6
1118070 1971.2
1118080 1967.1
1118090 1962.4
1118100 1962.4
1118110 1962.5
1118120 1961.2
1118130 1961.2
1118140 1957.6
1118150 1952.9
1118160 1952.9
1118170 1948.7
1118180 1944.8
1118190 1944.8
1118200 1944.2
1118210 1939.0
1118220 1939.0
1118230 1929.4
1118240 1919.2
1118250 1919.2
1118260 1904.5
1118270 1889.3
1118280 1889.3
1118290 1884.7
1118300 1873.7
1118310 1873.7
1118320 1856.2
1118330 1839.7
1118340 1830.2
1118350 1830.2
1118360 1823.4
1118370 1817.6
1118380 1817.6
1118390 1811.4
1118400 1805.3
1118410 1805.3
1118420 1799.4
1118430 1791.7
1118440 1791.7
1118450 1785.4
1118460 1782.6
1118470 1782.6
1118480 1778.1
1118490 1773.3
1118500 1773.3
1118510 1766.6
1118520 1759.5
1118530 1759.5
1118540 1754.4
1118550 1749.1
1118560 1749.1
1118570 1741.7
1118580 1734.4
1118590 1726.4
1118600 1726.4
1118610 1719.6
1118620 1714.4
1118630 1714.4
1118640 1709.7
1118650 1705.1
1118660 1705.1
1118670 1698.6
1118680 1690.9
1118690 1690.9
1118700 1685.9
1118710 1683.0
1118720 1683.0
1118730 1681.5
1118740 1679.3
1118750 1679.3
1118760 1675.9
1118770 1672.0
1118780 1672.0
1118790 1669.5
1118800 1667.5
1118810 1670.8
1118820 1668.2
1118830 1665.2
1118840 1664.2
1118850 1664.2
1118860 1664.2
1118870 1663.5
1118880 1663.5
1118890 1665.3
1118900 1665.6
1118910 1665.6
1118920 1666.7
1118930 1666.7
1118940 1666.7
1118950 1666.1
1118960 1668.4
1118970 1668.4
1118980 1670.1
1118990 1669.6
1119000 1669.6
1119010 1668.9
1119020 1672.0
1119030 1672.0
1119040 1672.1
1119050 1676.0
1119060 1676.0
1119070 1681.1
1119080 1686.0
1119090 1690.8
1119100 1690.8
1119110 1697.7
1119120 1703.0
1119130 1703.0
1119140 1706.2
1119150 1710.2
1119160 1710.0
1119170 1714.5
1119180 1718.4
1119190 1718.4
1119200 1722.4
1119210 1724.5
1119220 1724.5
1119230 1725.4
1119240 1730.0
1119250 1730.0
1119260 1735.1
1119270 1739.3
1119280 1739.3
1119290 1747.8
1119300 1758.3
1119310 1758.3
1119320 1765.4
1119330 1773.8
1119340 1782.9
1119350 1782.9
1119360 1791.7
1119370 1799.1
1119380 1799.1
1119390 1806.8
1119400 1812.3
1119410 1812.3
1119420 1819.2
1119430 1827.2
1119440 1827.2
1119450 1835.0
1119460 1842.0
1119470 1842.0
1119480 1850.1
1119490 1858.5
1119500 1855.7
1119510 1864.3
1119520 1872.4
1119530 1872.4
1119540 1879.3
1119550 1881.9
1119560 1881.9
1119570 1886.3
1119580 1892.7
1119590 1900.3
1119600 1900.3
1119610 1909.6
1119620 1917.1
1119630 1917.1
1119640 1923.4
1119650 1930.5
1119660 1930.5
1119670 1937.0
1119680 1944.3
1119690 1944.3
1119700 1952.5
1119710 1960.3
1119720 1960.3
1119730 1968.7
1119740 1977.0
1119750 1977.0
1119760 1984.7
1119770 1994.5
1119780 1994.5
1119790 2002.8
1119800 2010.4
1119810 2010.4
1119820 2015.4
1119830 2018.3
1119840 2021.7
1119850 2023.3
1119860 2028.6
1119870 2036.0
1119880 2036.0
1119890 2042.7
1119900 2051.4
1119910 2051.4
1119920 2058.2
1119930 2066.3
1119940 2066.3
1119950 2073.1
1119960 2077.5
1119970 2077.5
1119980 2083.7
1119990 2092.8
