1100000 1436.1
1100010 1444.1
1100020 1444.1
1100030 1452.8
1100040 1455.9
1100050 1461.1
1100060 1461.2
1100070 1462.5
1100080 1464.6
1100090 1464.6
1100100 1467.4
1100110 1470.7
1100120 1470.7
1100130 1474.9
1100140 1479.7
1100150 1479.7
1100160 1482.4
1100170 1480.2
1100180 1480.2
1100190 1476.5
1100200 1474.3
1100210 1474.3
1100220 1474.0
1100230 1474.9
1100240 1474.9
1100250 1475.0
1100260 1477.8
1100270 1477.8
1100280 1479.3
1100290 1479.5
1100300 1479.5
1100310 1477.0
1100320 1473.9
1100330 1468.7
1100340 1468.7
1100350 1466.2
1100360 1467.0
1100370 1467.0
1100380 1475.4
1100390 1476.2
1100400 1476.2
1100410 1477.0
1100420 1475.7
1100430 1475.7
1100440 1473.6
1100450 1471.3
1100460 1471.3
1100470 1468.8
1100480 1464.7
1100490 1464.7
1100500 1460.8
1100510 1454.9
1100520 1454.9
1100530 1448.0
1100540 1442.4
1100550 1442.4
1100560 1436.2
1100570 1430.2
1100580 1428.0
1100590 1428.0
1100600 1425.9
1100610 1423.4
1100620 1423.4
1100630 1421.2
1100640 1419.8
1100650 1419.8
1100660 1417.3
1100670 1414.1
1100680 1414.1
1100690 1410.3
1100700 1407.7
1100710 1414.9
1100720 1412.2
1100730 1409.0
1100740 1409.0
1100750 1406.1
1100760 1405.0
1100770 1405.0
1100780 1402.5
1100790 1399.8
1100800 1399.8
1100810 1399.5
1100820 1400.4
1100830 1401.5
1100840 1401.5
1100850 1401.4
1100860 1403.2
1100870 1403.2
1100880 1405.8
1100890 1406.6
1100900 1406.6
1100910 1407.5
1100920 1408.5
1100930 1408.5
1100940 1411.5
1100950 1414.9
1100960 1414.9
1100970 1420.3
1100980 1425.8
1100990 1425.8
1101000 1428.9
1101010 1432.3
1101020 1432.3
1101030 1437.7
1101040 1447.3
1101050 1447.3
1101060 1452.1
1101070 1456.4
1101080 1463.8
1101090 1463.8
1101100 1472.2
1101110 1480.7
1101120 1480.7
1101130 1486.3
1101140 1492.5
1101150 1492.5
1101160 1499.5
1101170 1506.5
1101180 1506.5
1101190 1512.6
1101200 1517.5
1101210 1517.5
1101220 1523.4
1101230 1530.0
1101240 1530.0
1101250 1536.7
1101260 1537.0
1101270 1537.0
1101280 1536.8
1101290 1537.7
1101300 1537.7
1101310 1535.4
1101320 1533.2
1101330 1530.8
1101340 1530.8
1101350 1529.6
1101360 1533.2
1101370 1533.2
1101380 1542.2
1101390 1542.9
1101400 1542.9
1101410 1543.7
1101420 1544.4
1101430 1544.4
1101440 1543.0
1101450 1541.8
1101460 1541.8
1101470 1541.8
1101480 1541.8
1101490 1541.8
1101500 1543.3
1101510 1543.2
1101520 1543.2
1101530 1543.6
1101540 1545.7
1101550 1545.7
1101560 1550.1
1101570 1556.0
1101580 1562.2
1101590 1562.2
1101600 1566.3
1101610 1570.0
1101620 1570.0
1101630 1571.5
1101640 1574.1
1101650 1574.1
1101660 1576.7
1101670 1579.0
1101680 1579.0
1101690 1580.7
1101700 1583.4
1101710 1587.4
1101720 1590.6
1101730 1594.4
1101740 1594.4
1101750 1599.8
1101760 1606.6
1101770 1606.6
1101780 1613.5
1101790 1620.2
1101800 1620.2
1101810 1626.5
1101820 1632.5
1101830 1637.7
1101840 1637.7
1101850 1641.4
1101860 1645.8
1101870 1645.8
1101880 1651.3
1101890 1658.2
1101900 1658.2
1101910 1664.8
1101920 1672.0
1101930 1672.0
1101940 1681.7
1101950 1691.1
1101960 1691.1
1101970 1699.8
1101980 1710.1
1101990 1710.1
1102000 1716.7
1102010 1718.5
1102020 1718.5
1102030 1724.1
1102040 1731.0
1102050 1731.0
1102060 1738.9
1102070 1745.6
1102080 1754.6
1102090 1754.6
1102100 1764.4
1102110 1774.6
1102120 1774.6
1102130 1782.6
1102140 1790.4
1102150 1790.4
1102160 1798.6
1102170 1803.5
1102180 1803.5
1102190 1808.4
1102200 1814.8
1102210 1814.8
1102220 1823.4
1102230 1829.8
1102240 1829.8
1102250 1824.8
1102260 1822.1
1102270 1822.1
1102280 1823.9
1102290 1822.4
1102300 1822.4
1102310 1812.1
1102320 1798.7
1102330 1797.2
1102340 1797.2
1102350 1797.1
1102360 1783.7
1102370 1785.4
1102380 1770.3
1102390 1763.9
1102400 1763.9
1102410 1761.0
1102420 1756.1
1102430 1756.1
1102440 1751.3
1102450 1747.4
1102460 1747.4
1102470 1743.8
1102480 1740.7
1102490 1740.7
1102500 1739.0
1102510 1738.5
1102520 1738.5
1102530 1738.1
1102540 1737.9
1102550 1737.9
1102560 1736.7
1102570 1736.7
1102580 1736.2
1102590 1736.2
1102600 1736.7
1102610 1737.5
1102620 1737.5
1102630 1737.3
1102640 1737.4
1102650 1737.4
1102660 1736.9
1102670 1737.4
1102680 1737.4
1102690 1738.0
1102700 1741.6
1102710 1741.6
1102720 1741.4
1102730 1739.1
1102740 1739.1
1102750 1734.0
1102760 1732.3
1102770 1732.3
1102780 1732.6
1102790 1729.8
1102800 1729.8
1102810 1729.6
1102820 1732.3
1102830 1736.5
1102840 1736.5
1102850 1739.9
1102860 1742.2
1102870 1742.2
1102880 1744.4
1102890 1747.4
1102900 1747.4
1102910 1749.7
1102920 1750.6
1102930 1750.6
1102940 1753.6
1102950 1756.3
1102960 1756.3
1102970 1757.5
1102980 1760.8
1102990 1760.8
1103000 1765.1
1103010 1768.6
1103020 1768.6
1103030 1773.2
1103040 1782.6
1103050 1782.6
1103060 1786.1
1103070 1789.5
1103080 1792.7
1103090 1792.7
1103100 1795.7
1103110 1797.5
1103120 1797.5
1103130 1799.9
1103140 1803.5
1103150 1803.5
1103160 1807.5
1103170 1810.5
1103180 1810.5
1103190 1812.9
1103200 1815.4
1103210 1815.4
1103220 1817.6
1103230 1821.0
1103240 1821.0
1103250 1823.9
1103260 1828.5
1103270 1828.5
1103280 1836.2
1103290 1845.5
1103300 1845.5
1103310 1850.5
1103320 1855.4
1103330 1861.7
1103340 1861.7
1103350 1867.6
1103360 1871.0
1103370 1881.3
1103380 1881.4
1103390 1885.7
1103400 1885.7
1103410 1881.8
1103420 1870.5
1103430 1870.5
1103440 1856.8
1103450 1845.1
1103460 1845.1
1103470 1831.7
1103480 1820.7
1103490 1820.7
1103500 1813.6
1103510 1807.0
1103520 1807.0
1103530 1799.5
1103540 1793.5
1103550 1793.5
1103560 1788.2
1103570 1782.9
1103580 1778.0
1103590 1778.0
1103600 1773.8
1103610 1769.8
1103620 1769.8
1103630 1768.2
1103640 1765.5
1103650 1765.5
1103660 1761.4
1103670 1757.7
1103680 1757.7
1103690 1753.4
1103700 1743.2
1103710 1743.2
1103720 1738.1
1103730 1732.7
1103740 1732.7
1103750 1727.6
1103760 1722.9
1103770 1722.9
1103780 1717.2
1103790 1710.0
1103800 1710.0
1103810 1701.3
1103820 1692.6
1103830 1682.8
1103840 1682.8
1103850 1674.0
1103860 1666.2
1103870 1666.2
1103880 1658.2
1103890 1652.0
1103900 1652.0
1103910 1642.0
1103920 1631.8
1103930 1631.8
1103940 1623.8
1103950 1616.2
1103960 1616.2
1103970 1607.9
1103980 1601.3
1103990 1601.3
1104000 1593.7
1104010 1585.4
1104020 1585.4
1104030 1574.8
1104040 1566.1
1104050 1566.1
1104060 1551.9
1104070 1542.7
1104080 1543.9
1104090 1543.9
1104100 1540.5
1104110 1530.0
1104120 1530.0
1104130 1521.1
1104140 1515.1
1104150 1515.1
1104160 1511.7
1104170 1509.6
1104180 1509.6
1104190 1499.1
1104200 1484.5
1104210 1484.5
1104220 1473.0
1104230 1465.3
1104240 1465.3
1104250 1460.2
1104260 1454.4
1104270 1454.4
1104280 1447.9
1104290 1441.2
1104300 1441.2
1104310 1434.6
1104320 1428.3
1104330 1422.2
1104340 1422.2
1104350 1416.0
1104360 1409.9
1104370 1408.1
1104380 1402.0
1104390 1396.1
1104400 1396.1
1104410 1390.3
1104420 1384.7
1104430 1384.7
1104440 1378.8
1104450 1373.5
1104460 1373.5
1104470 1368.4
1104480 1363.3
1104490 1363.3
1104500 1358.4
1104510 1352.9
1104520 1352.9
1104530 1346.0
1104540 1344.4
1104550 1344.4
1104560 1351.0
1104570 1358.5
1104580 1358.5
1104590 1365.7
1104600 1371.0
1104610 1376.0
1104620 1376.0
1104630 1381.4
1104640 1386.8
1104650 1386.8
1104660 1391.9
1104670 1397.6
1104680 1397.6
1104690 1403.7
1104700 1409.2
1104710 1412.3
1104720 1417.9
1104730 1424.4
1104740 1424.4
1104750 1430.6
1104760 1436.5
1104770 1436.5
1104780 1442.5
1104790 1448.9
1104800 1448.9
1104810 1455.1
1104820 1460.8
1104830 1460.8
1104840 1466.1
1104850 1471.9
1104860 1478.0
1104870 1478.0
1104880 1483.9
1104890 1489.4
1104900 1489.4
1104910 1494.9
1104920 1500.2
1104930 1500.2
1104940 1504.6
1104950 1509.2
1104960 1509.2
1104970 1513.7
1104980 1520.0
1104990 1520.0
1105000 1527.2
1105010 1535.2
1105020 1535.2
1105030 1547.3
1105040 1568.7
1105050 1568.7
1105060 1587.3
1105070 1594.9
1105080 1594.9
1105090 1594.5
1105100 1593.1
1105110 1600.3
1105120 1600.3
1105130 1600.9
1105140 1610.3
1105150 1610.3
1105160 1619.7
1105170 1626.2
1105180 1626.2
1105190 1637.2
1105200 1652.7
1105210 1652.7
1105220 1658.8
1105230 1664.8
1105240 1664.8
1105250 1677.2
1105260 1690.4
1105270 1690.4
1105280 1708.6
1105290 1719.3
1105300 1719.3
1105310 1724.8
1105320 1730.6
1105330 1730.6
1105340 1735.1
1105350 1737.4
1105360 1740.0
1105370 1740.0
1105380 1745.4
1105390 1748.0
1105400 1748.0
1105410 1749.1
1105420 1747.9
1105430 1747.9
1105440 1749.7
1105450 1753.6
1105460 1753.6
1105470 1758.3
1105480 1763.8
1105490 1763.8
1105500 1770.0
1105510 1777.0
1105520 1777.0
1105530 1784.4
1105540 1795.5
1105550 1795.5
1105560 1807.3
1105570 1815.4
1105580 1815.4
1105590 1819.6
1105600 1822.2
1105610 1822.7
1105620 1822.7
1105630 1823.3
1105640 1823.9
1105650 1823.9
1105660 1825.2
1105670 1826.6
1105680 1826.6
1105690 1827.8
1105700 1826.3
1105710 1828.9
1105720 1828.7
1105730 1829.3
1105740 1829.3
1105750 1830.7
1105760 1832.4
1105770 1832.4
1105780 1833.3
1105790 1833.4
1105800 1833.4
1105810 1835.4
1105820 1837.9
1105830 1837.9
1105840 1838.0
1105850 1838.6
1105860 1839.1
1105870 1839.1
1105880 1839.1
1105890 1839.6
1105900 1839.6
1105910 1839.3
1105920 1839.9
1105930 1839.9
1105940 1843.8
1105950 1846.2
1105960 1846.2
1105970 1847.7
1105980 1852.3
1105990 1852.3
1106000 1858.8
1106010 1866.2
1106020 1866.2
1106030 1872.9
1106040 1876.2
1106050 1878.2
1106060 1881.3
1106070 1884.5
1106080 1884.5
1106090 1889.1
1106100 1892.9
1106110 1894.1
1106120 1894.1
1106130 1893.6
1106140 1894.2
1106150 1894.2
1106160 1895.2
1106170 1897.0
1106180 1897.0
1106190 1899.1
1106200 1902.1
1106210 1902.1
1106220 1906.5
1106230 1909.8
1106240 1909.8
1106250 1911.6
1106260 1913.7
1106270 1913.7
1106280 1914.2
1106290 1915.7
1106300 1915.7
1106310 1917.3
1106320 1918.9
1106330 1918.9
1106340 1921.2
1106350 1924.1
1106360 1926.0
1106370 1926.0
1106380 1928.7
1106390 1931.2
1106400 1931.2
1106410 1933.7
1106420 1938.5
1106430 1938.5
1106440 1943.4
1106450 1947.6
1106460 1947.6
1106470 1948.3
1106480 1948.8
1106490 1948.8
1106500 1948.7
1106510 1949.7
1106520 1949.7
1106530 1951.3
1106540 1953.3
1106550 1953.3
1106560 1954.7
1106570 1953.3
1106580 1953.3
1106590 1952.6
1106600 1952.6
1106610 1952.5
1106620 1952.5
1106630 1951.8
1106640 1952.2
1106650 1952.2
1106660 1952.0
1106670 1953.3
1106680 1953.3
1106690 1956.5
1106700 1961.3
1106710 1961.3
1106720 1967.9
1106730 1971.4
1106740 1971.4
1106750 1972.0
1106760 1972.3
1106770 1972.3
1106780 1974.8
1106790 1980.9
1106800 1980.9
1106810 1989.4
1106820 1996.1
1106830 1996.1
1106840 2001.1
1106850 2002.5
1106860 1998.2
1106870 1998.2
1106880 1993.5
1106890 1986.6
1106900 1986.6
1106910 1977.3
1106920 1971.0
1106930 1971.0
1106940 1969.2
1106950 1970.4
1106960 1970.4
1106970 1971.2
1106980 1971.1
1106990 1971.1
1107000 1973.6
1107010 1980.6
1107020 1980.6
1107030 1988.3
1107040 1993.0
1107050 1993.0
1107060 1999.5
1107070 2003.1
1107080 2003.1
1107090 2004.2
1107100 2003.9
1107110 2005.5
1107120 2005.5
1107130 2011.3
1107140 2013.2
1107150 2013.2
1107160 2015.6
1107170 2020.6
1107180 2020.6
1107190 2025.4
1107200 2024.5
1107210 2024.5
1107220 2024.1
1107230 2025.5
1107240 2025.5
1107250 2025.7
1107260 2029.8
1107270 2029.8
1107280 2031.2
1107290 2030.1
1107300 2030.1
1107310 2029.8
1107320 2032.4
1107330 2032.4
1107340 2033.2
1107350 2033.6
1107360 2032.9
1107370 2032.9
1107380 2038.3
1107390 2043.4
1107400 2043.4
1107410 2046.9
1107420 2052.3
1107430 2052.3
1107440 2055.3
1107450 2060.2
1107460 2060.2
1107470 2062.7
1107480 2060.1
1107490 2060.1
1107500 2057.1
1107510 2052.6
1107520 2052.6
1107530 2045.6
1107540 2039.8
1107550 2039.8
1107560 2033.9
1107570 2027.9
1107580 2027.9
1107590 2024.8
1107600 2022.5
1107610 2023.6
1107620 2023.6
1107630 2024.4
1107640 2027.5
1107650 2027.5
1107660 2029.2
1107670 2030.0
1107680 2030.0
1107690 2029.9
1107700 2029.5
1107710 2029.5
1107720 2026.3
1107730 2019.8
1107740 2019.8
1107750 2016.6
1107760 2012.6
1107770 2012.6
1107780 2009.2
1107790 2008.5
1107800 2008.5
1107810 2003.1
1107820 1999.6
1107830 1999.6
1107840 2001.9
1107850 2002.4
1107860 1990.6
1107870 1990.6
1107880 1973.4
1107890 1966.4
1107900 1966.4
1107910 1960.5
1107920 1957.3
1107930 1957.3
1107940 1952.8
1107950 1948.1
1107960 1948.1
1107970 1944.2
1107980 1939.5
1107990 1939.5
1108000 1933.8
1108010 1930.8
1108020 1930.8
1108030 1931.1
1108040 1932.1
1108050 1932.1
1108060 1931.4
1108070 1929.4
1108080 1929.4
1108090 1927.5
1108100 1926.6
1108110 1930.4
1108120 1930.4
1108130 1933.6
1108140 1936.2
1108150 1936.2
1108160 1939.3
1108170 1942.5
1108180 1942.5
1108190 1943.5
1108200 1943.8
1108210 1943.8
1108220 1942.0
1108230 1944.0
1108240 1944.0
1108250 1949.2
1108260 1948.7
1108270 1948.7
1108280 1945.4
1108290 1940.7
1108300 1940.7
1108310 1937.3
1108320 1935.8
1108330 1935.8
1108340 1933.8
1108350 1932.9
1108360 1931.5
1108370 1931.5
1108380 1926.2
1108390 1925.7
1108400 1925.7
1108410 1932.2
1108420 1937.7
1108430 1937.7
1108440 1947.3
1108450 1950.7
1108460 1950.7
1108470 1954.7
1108480 1959.3
1108490 1959.3
1108500 1962.6
1108510 1966.1
1108520 1966.1
1108530 1967.7
1108540 1968.3
1108550 1968.3
1108560 1968.2
1108570 1968.6
1108580 1968.6
1108590 1969.5
1108600 1968.5
1108610 1965.2
1108620 1965.2
1108630 1963.2
1108640 1960.9
1108650 1960.9
1108660 1960.5
1108670 1960.1
1108680 1960.1
1108690 1962.4
1108700 1965.8
1108710 1965.8
1108720 1967.5
1108730 1966.8
1108740 1968.8
1108750 1967.5
1108760 1964.8
1108770 1964.8
1108780 1952.6
1108790 1944.7
1108800 1944.7
1108810 1937.6
1108820 1921.2
1108830 1921.2
1108840 1905.8
1108850 1898.9
1108860 1891.1
1108870 1891.1
1108880 1885.1
1108890 1878.8
1108900 1878.8
1108910 1873.9
1108920 1871.7
1108930 1871.7
1108940 1871.5
1108950 1870.8
1108960 1870.8
1108970 1869.6
1108980 1869.4
1108990 1869.4
1109000 1867.8
1109010 1864.8
1109020 1864.8
1109030 1862.8
1109040 1862.3
1109050 1862.3
1109060 1861.5
1109070 1864.2
1109080 1864.3
1109090 1865.4
1109100 1866.9
1109110 1871.2
1109120 1871.2
1109130 1873.6
1109140 1875.1
1109150 1875.1
1109160 1877.6
1109170 1875.8
1109180 1875.8
1109190 1873.0
1109200 1870.5
1109210 1870.5
1109220 1867.7
1109230 1866.9
1109240 1866.9
1109250 1867.1
1109260 1867.9
1109270 1867.9
1109280 1868.7
1109290 1869.5
1109300 1869.5
1109310 1870.6
1109320 1873.0
1109330 1873.0
1109340 1875.0
1109350 1876.4
1109360 1878.2
1109370 1878.2
1109380 1877.5
1109390 1877.9
1109400 1877.9
1109410 1880.0
1109420 1880.2
1109430 1880.2
1109440 1881.6
1109450 1882.3
1109460 1882.3
1109470 1881.8
1109480 1882.3
1109490 1882.3
1109500 1883.2
1109510 1885.6
1109520 1885.6
1109530 1890.3
1109540 1895.4
1109550 1895.4
1109560 1899.5
1109570 1902.9
1109580 1902.9
1109590 1906.5
1109600 1910.1
1109610 1914.9
1109620 1914.9
1109630 1920.6
1109640 1926.2
1109650 1926.2
1109660 1931.4
1109670 1936.3
1109680 1936.3
1109690 1938.3
1109700 1939.6
1109710 1939.6
1109720 1941.0
1109730 1940.3
1109740 1940.3
1109750 1941.0
1109760 1940.8
1109770 1940.8
1109780 1942.6
1109790 1945.3
1109800 1945.3
1109810 1948.4
1109820 1951.4
1109830 1951.4
1109840 1954.3
1109850 1957.7
1109860 1961.4
1109870 1961.4
1109880 1965.4
1109890 1970.5
1109900 1970.5
1109910 1976.8
1109920 1983.5
1109930 1983.5
1109940 1990.3
1109950 1997.2
1109960 1997.2
1109970 2002.9
1109980 2004.7
1109990 2004.7
1110000 2006.0
1110010 2008.0
1110020 2008.0
1110030 2009.6
1110040 2014.7
1110050 2014.7
1110060 2020.8
1110070 2025.4
1110080 2025.4
1110090 2029.2
1110100 2031.1
1110110 2033.3
1110120 2033.3
1110130 2035.9
1110140 2040.2
1110150 2040.2
1110160 2043.7
1110170 2048.6
1110180 2048.6
1110190 2052.8
1110200 2055.0
1110210 2055.0
1110220 2056.6
1110230 2059.2
1110240 2059.2
1110250 2061.4
1110260 2064.9
1110270 2064.9
1110280 2067.8
1110290 2071.7
1110300 2071.7
1110310 2075.6
1110320 2079.1
1110330 2079.1
1110340 2082.2
1110350 2085.6
1110360 2088.9
1110370 2088.9
1110380 2092.7
1110390 2097.0
1110400 2097.0
1110410 2102.0
1110420 2105.7
1110430 2105.7
1110440 2108.5
1110450 2113.1
1110460 2113.1
1110470 2117.8
1110480 2122.2
1110490 2122.2
1110500 2126.5
1110510 2131.4
1110520 2131.4
1110530 2135.5
1110540 2140.5
1110550 2140.5
1110560 2145.0
1110570 2149.8
1110580 2149.8
1110590 2154.0
1110600 2159.4
1110610 2165.0
1110620 2165.0
1110630 2170.2
1110640 2175.9
1110650 2175.9
1110660 2180.9
1110670 2186.3
1110680 2186.3
1110690 2192.1
1110700 2198.2
1110710 2198.2
1110720 2203.9
1110730 2210.0
1110740 2210.0
1110750 2215.9
1110760 2221.7
1110770 2221.7
1110780 2227.2
1110790 2233.5
1110800 2233.5
1110810 2239.6
1110820 2246.2
1110830 2246.2
1110840 2252.5
1110850 2258.8
1110860 2265.3
1110870 2265.3
1110880 2272.4
1110890 2280.4
1110900 2280.4
1110910 2290.5
1110920 2299.0
1110930 2299.0
1110940 2316.7
1110950 2330.9
1110960 2330.9
1110970 2342.1
1110980 2371.0
1110990 2371.0
1111000 2400.3
1111010 2412.4
1111020 2412.4
1111030 2423.8
1111040 2437.3
1111050 2437.3
1111060 2451.1
1111070 2460.4
1111080 2460.4
1111090 2461.8
1111100 2460.6
1111110 2470.6
1111120 2476.5
1111130 2482.8
1111140 2486.1
1111150 2486.1
1111160 2494.9
1111170 2500.1
1111180 2500.1
1111190 2498.0
1111200 2496.4
1111210 2496.4
1111220 2496.5
1111230 2496.2
1111240 2496.2
1111250 2497.2
1111260 2501.6
1111270 2501.6
1111280 2507.4
1111290 2521.2
1111300 2521.2
1111310 2539.3
1111320 2557.1
1111330 2557.1
1111340 2571.9
1111350 2578.6
1111360 2586.6
1111370 2586.6
1111380 2599.9
1111390 2608.4
1111400 2608.4
1111410 2612.1
1111420 2619.5
1111430 2619.5
1111440 2628.0
1111450 2639.2
1111460 2642.9
1111470 2653.5
1111480 2661.2
1111490 2661.2
1111500 2667.1
1111510 2676.6
1111520 2676.6
1111530 2683.9
1111540 2675.4
1111550 2675.4
1111560 2661.5
1111570 2652.1
1111580 2652.1
1111590 2645.1
1111600 2638.7
1111610 2632.8
1111620 2632.8
1111630 2628.9
1111640 2625.6
1111650 2625.6
1111660 2622.3
1111670 2619.2
1111680 2619.2
1111690 2616.4
1111700 2613.9
1111710 2613.9
1111720 2611.5
1111730 2608.9
1111740 2608.9
1111750 2606.5
1111760 2604.6
1111770 2604.6
1111780 2603.5
1111790 2603.0
1111800 2608.0
1111810 2609.6
1111820 2611.4
1111830 2611.4
1111840 2611.5
1111850 2611.1
1111860 2611.9
1111870 2611.9
1111880 2613.2
1111890 2614.9
1111900 2614.9
1111910 2619.0
1111920 2628.4
1111930 2628.4
1111940 2635.3
1111950 2639.0
1111960 2639.0
1111970 2641.0
1111980 2645.6
1111990 2645.6
1112000 2653.1
1112010 2658.1
1112020 2658.1
1112030 2663.2
1112040 2668.3
1112050 2668.3
1112060 2671.0
1112070 2673.0
1112080 2673.0
1112090 2671.0
1112100 2649.1
1112110 2635.0
1112120 2635.0
1112130 2633.4
1112140 2621.2
1112150 2621.2
1112160 2622.6
1112170 2621.9
1112180 2621.9
1112190 2620.8
1112200 2618.4
1112210 2618.4
1112220 2614.9
1112230 2606.2
1112240 2606.2
1112250 2607.5
1112260 2614.4
1112270 2614.4
1112280 2618.4
1112290 2616.9
1112300 2616.9
1112310 2617.1
1112320 2618.3
1112330 2618.3
1112340 2619.1
1112350 2618.4
1112360 2613.4
1112370 2613.4
1112380 2608.4
1112390 2604.1
1112400 2604.1
1112410 2600.6
1112420 2597.5
1112430 2597.5
1112440 2593.4
1112450 2590.9
1112460 2590.9
1112470 2589.0
1112480 2600.3
1112490 2600.3
1112500 2599.0
1112510 2597.2
1112520 2597.2
1112530 2593.3
1112540 2589.2
1112550 2589.2
1112560 2584.0
1112570 2581.2
1112580 2581.2
1112590 2579.7
1112600 2580.3
1112610 2580.8
1112620 2580.8
1112630 2579.4
1112640 2580.5
1112650 2580.5
1112660 2580.2
1112670 2577.9
1112680 2577.9
1112690 2576.7
1112700 2575.1
1112710 2575.1
1112720 2573.0
1112730 2569.8
1112740 2569.8
1112750 2571.1
1112760 2572.0
1112770 2572.0
1112780 2572.7
1112790 2573.0
1112800 2573.0
1112810 2570.9
1112820 2566.6
1112830 2576.5
1112840 2568.2
1112850 2563.5
1112860 2563.7
1112870 2563.7
1112880 2559.5
1112890 2552.4
1112900 2552.4
1112910 2543.8
1112920 2532.7
1112930 2532.7
1112940 2523.0
1112950 2512.8
1112960 2512.8
1112970 2503.2
1112980 2487.2
1112990 2487.2
1113000 2464.9
1113010 2450.1
1113020 2450.1
1113030 2443.2
1113040 2431.3
1113050 2431.3
1113060 2412.6
1113070 2393.9
1113080 2393.9
1113090 2374.8
1113100 2368.3
1113110 2362.7
1113120 2362.7
1113130 2357.0
1113140 2353.0
1113150 2353.0
1113160 2350.1
1113170 2348.9
1113180 2348.9
1113190 2345.4
1113200 2341.3
1113210 2341.3
1113220 2337.0
1113230 2331.3
1113240 2331.3
1113250 2326.3
1113260 2321.6
1113270 2321.6
1113280 2319.1
1113290 2316.1
1113300 2316.1
1113310 2311.9
1113320 2308.8
1113330 2308.8
1113340 2306.5
1113350 2302.0
1113360 2301.4
1113370 2301.4
1113380 2302.5
1113390 2295.7
1113400 2295.7
1113410 2288.5
1113420 2283.0
1113430 2283.0
1113440 2275.9
1113450 2270.2
1113460 2270.2
1113470 2264.0
1113480 2254.0
1113490 2254.0
1113500 2242.1
1113510 2233.0
1113520 2233.0
1113530 2225.8
1113540 2217.8
1113550 2217.8
1113560 2208.7
1113570 2199.4
1113580 2199.4
1113590 2191.1
1113600 2185.5
1113610 2180.5
1113620 2180.5
1113630 2174.2
1113640 2166.9
1113650 2166.9
1113660 2160.7
1113670 2155.3
1113680 2155.3
1113690 2149.4
1113700 2144.3
1113710 2144.3
1113720 2139.0
1113730 2132.2
1113740 2132.2
1113750 2126.1
1113760 2122.1
1113770 2122.1
1113780 2118.5
1113790 2115.8
1113800 2115.8
1113810 2113.0
1113820 2111.0
1113830 2111.0
1113840 2107.8
1113850 2105.5
1113860 2101.5
1113870 2101.5
1113880 2099.0
1113890 2092.1
1113900 2092.1
1113910 2088.6
1113920 2087.2
1113930 2087.2
1113940 2086.6
1113950 2086.2
1113960 2086.2
1113970 2085.6
1113980 2083.0
1113990 2083.0
1114000 2077.0
1114010 2073.9
1114020 2073.9
1114030 2072.1
1114040 2070.9
1114050 2070.9
1114060 2069.8
1114070 2068.2
1114080 2068.2
1114090 2066.9
1114100 2065.4
1114110 2064.9
1114120 2064.9
1114130 2063.4
1114140 2064.2
1114150 2064.2
1114160 2063.0
1114170 2062.1
1114180 2062.1
1114190 2061.8
1114200 2065.7
1114210 2065.7
1114220 2067.8
1114230 2070.5
1114240 2070.5
1114250 2069.4
1114260 2067.7
1114270 2067.7
1114280 2068.8
1114290 2070.4
1114300 2070.4
1114310 2071.1
1114320 2073.2
1114330 2073.2
1114340 2073.0
1114350 2071.8
1114360 2072.4
1114370 2072.4
1114380 2072.9
1114390 2072.4
1114400 2072.4
1114410 2071.5
1114420 2070.6
1114430 2070.6
1114440 2070.6
1114450 2070.6
1114460 2070.6
1114470 2070.3
1114480 2069.5
1114490 2069.5
1114500 2070.8
1114510 2072.8
1114520 2072.8
1114530 2074.8
1114540 2073.9
1114550 2073.9
1114560 2070.1
1114570 2065.2
1114580 2065.2
1114590 2060.2
1114600 2058.2
1114610 2057.1
1114620 2057.1
1114630 2056.6
1114640 2055.6
1114650 2055.6
1114660 2056.0
1114670 2056.7
1114680 2056.7
1114690 2058.7
1114700 2062.6
1114710 2062.6
1114720 2066.2
1114730 2066.0
1114740 2066.0
1114750 2067.9
1114760 2068.9
1114770 2068.9
1114780 2070.3
1114790 2070.2
1114800 2070.2
1114810 2069.8
1114820 2066.7
1114830 2066.7
1114840 2063.3
1114850 2064.0
1114860 2063.8
1114870 2063.8
1114880 2063.6
1114890 2063.8
1114900 2063.8
1114910 2063.8
1114920 2064.2
1114930 2064.2
1114940 2063.7
1114950 2060.3
1114960 2060.3
1114970 2057.1
1114980 2054.1
1114990 2054.1
1115000 2050.6
1115010 2048.7
1115020 2048.7
1115030 2044.8
1115040 2039.1
1115050 2039.1
1115060 2037.2
1115070 2035.5
1115080 2035.5
1115090 2034.7
1115100 2033.1
1115110 2031.6
1115120 2031.6
1115130 2029.2
1115140 2025.1
1115150 2025.1
1115160 2022.8
1115170 2016.8
1115180 2016.8
1115190 2010.0
1115200 2006.0
1115210 2006.0
1115220 2002.2
1115230 1998.5
1115240 1998.5
1115250 1995.9
1115260 1993.0
1115270 1993.0
1115280 1992.0
1115290 1989.5
1115300 1989.5
1115310 1985.6
1115320 1981.0
1115330 1981.0
1115340 1977.2
1115350 1975.5
1115360 1977.0
1115370 1977.0
1115380 1976.2
1115390 1971.9
1115400 1971.9
1115410 1969.6
1115420 1965.2
1115430 1965.2
1115440 1960.5
1115450 1953.6
1115460 1953.6
1115470 1944.4
1115480 1926.2
1115490 1926.2
1115500 1912.0
1115510 1903.4
1115520 1903.4
1115530 1891.8
1115540 1880.1
1115550 1880.1
1115560 1870.2
1115570 1857.4
1115580 1857.4
1115590 1848.9
1115600 1841.3
1115610 1834.4
1115620 1834.4
1115630 1827.3
1115640 1820.4
1115650 1820.4
1115660 1813.7
1115670 1806.5
1115680 1806.5
1115690 1799.4
1115700 1791.6
1115710 1791.6
1115720 1784.4
1115730 1777.8
1115740 1777.8
1115750 1771.6
1115760 1765.3
1115770 1765.3
1115780 1759.6
1115790 1754.4
1115800 1754.4
1115810 1749.3
1115820 1744.5
1115830 1744.5
1115840 1740.1
1115850 1735.0
1115860 1729.8
1115870 1729.8
1115880 1725.5
1115890 1722.1
1115900 1722.1
1115910 1718.1
1115920 1713.6
1115930 1713.6
1115940 1711.0
1115950 1705.9
1115960 1705.9
1115970 1701.1
1115980 1698.1
1115990 1698.1
1116000 1694.7
1116010 1690.5
1116020 1690.5
1116030 1690.6
1116040 1690.2
1116050 1690.2
1116060 1689.5
1116070 1688.2
1116080 1688.2
1116090 1685.8
1116100 1684.3
1116110 1683.2
1116120 1683.2
1116130 1681.6
1116140 1681.1
1116150 1681.1
1116160 1680.0
1116170 1678.4
1116180 1678.4
1116190 1677.1
1116200 1675.7
1116210 1675.7
1116220 1674.3
1116230 1672.7
1116240 1672.7
1116250 1671.1
1116260 1670.0
1116270 1670.0
1116280 1668.3
1116290 1666.7
1116300 1666.7
1116310 1665.2
1116320 1664.4
1116330 1664.4
1116340 1663.6
1116350 1662.7
1116360 1661.8
1116370 1661.8
1116380 1660.8
1116390 1660.0
1116400 1660.0
1116410 1659.3
1116420 1658.6
1116430 1658.6
1116440 1657.9
1116450 1657.7
1116460 1657.7
1116470 1656.1
1116480 1652.3
1116490 1652.3
1116500 1648.9
1116510 1649.1
1116520 1649.1
1116530 1649.1
1116540 1648.5
1116550 1648.5
1116560 1647.9
1116570 1648.7
1116580 1648.7
1116590 1651.6
1116600 1651.6
1116610 1652.9
1116620 1652.9
1116630 1654.2
1116640 1654.7
1116650 1654.7
1116660 1654.4
1116670 1654.0
1116680 1654.0
1116690 1653.7
1116700 1653.3
1116710 1653.3
1116720 1653.1
1116730 1652.9
1116740 1652.9
1116750 1653.1
1116760 1654.6
1116770 1654.6
1116780 1657.5
1116790 1659.4
1116800 1659.4
1116810 1661.0
1116820 1664.5
1116830 1664.5
1116840 1667.2
1116850 1669.6
1116860 1672.3
1116870 1672.3
1116880 1675.5
1116890 1678.6
1116900 1678.6
1116910 1679.5
1116920 1680.7
1116930 1680.7
1116940 1682.5
1116950 1687.0
1116960 1687.0
1116970 1687.8
1116980 1687.6
1116990 1687.6
1117000 1688.1
1117010 1687.7
1117020 1687.7
1117030 1687.6
1117040 1690.4
1117050 1690.4
1117060 1694.9
1117070 1701.3
1117080 1701.3
1117090 1708.3
1117100 1714.5
1117110 1720.2
1117120 1720.2
1117130 1725.0
1117140 1730.0
1117150 1730.0
1117160 1735.4
1117170 1740.5
1117180 1740.5
1117190 1746.2
1117200 1751.8
1117210 1751.8
1117220 1757.2
1117230 1761.4
1117240 1761.4
1117250 1766.8
1117260 1773.3
1117270 1773.3
1117280 1778.6
1117290 1783.6
1117300 1787.3
1117310 1792.6
1117320 1798.0
1117330 1798.0
1117340 1802.4
1117350 1806.4
1117360 1810.9
1117370 1810.9
1117380 1815.6
1117390 1818.4
1117400 1818.4
1117410 1821.6
1117420 1824.8
1117430 1824.8
1117440 1826.1
1117450 1826.4
1117460 1826.4
1117470 1826.8
1117480 1827.4
1117490 1827.4
1117500 1828.7
1117510 1830.4
1117520 1830.4
1117530 1832.2
1117540 1832.9
1117550 1832.9
1117560 1834.4
1117570 1838.8
1117580 1838.8
1117590 1838.7
1117600 1838.4
1117610 1841.1
1117620 1841.1
1117630 1842.1
1117640 1854.1
1117650 1854.1
1117660 1854.5
1117670 1854.4
1117680 1854.4
1117690 1851.2
1117700 1847.3
1117710 1847.3
1117720 1843.6
1117730 1842.3
1117740 1842.3
1117750 1840.2
1117760 1837.4
1117770 1837.4
1117780 1836.0
1117790 1834.2
1117800 1834.2
1117810 1831.6
1117820 1829.6
1117830 1829.6
1117840 1827.3
1117850 1824.8
1117860 1821.3
1117870 1821.3
1117880 1818.0
1117890 1814.9
1117900 1814.9
1117910 1812.0
1117920 1814.2
1117930 1814.2
1117940 1819.0
1117950 1821.0
1117960 1821.0
1117970 1822.3
1117980 1823.1
1117990 1825.7
1118000 1825.8
1118010 1827.1
1118020 1827.1
1118030 1828.4
1118040 1828.1
1118050 1828.1
1118060 1827.8
1118070 1827.6
1118080 1827.6
1118090 1825.7
1118100 1823.8
1118110 1820.8
1118120 1820.8
1118130 1816.6
1118140 1811.5
1118150 1811.5
1118160 1804.8
1118170 1797.2
1118180 1797.2
1118190 1792.9
1118200 1786.4
1118210 1786.4
1118220 1780.6
1118230 1774.1
1118240 1774.1
1118250 1767.7
1118260 1762.4
1118270 1762.4
1118280 1756.3
1118290 1750.7
1118300 1750.7
1118310 1745.2
1118320 1739.0
1118330 1739.0
1118340 1734.7
1118350 1728.8
1118360 1724.1
1118370 1724.1
1118380 1719.3
1118390 1714.1
1118400 1714.1
1118410 1710.8
1118420 1710.0
1118430 1710.0
1118440 1708.4
1118450 1706.0
1118460 1706.0
1118470 1702.9
1118480 1699.1
1118490 1699.1
1118500 1694.7
1118510 1690.1
1118520 1690.1
1118530 1685.0
1118540 1680.8
1118550 1680.8
1118560 1677.7
1118570 1674.8
1118580 1674.8
1118590 1670.9
1118600 1666.1
1118610 1662.0
1118620 1662.0
1118630 1658.1
1118640 1655.5
1118650 1655.5
1118660 1654.0
1118670 1653.5
1118680 1652.8
1118690 1651.0
1118700 1647.6
1118710 1647.6
1118720 1645.4
1118730 1645.1
1118740 1645.1
1118750 1644.0
1118760 1643.1
1118770 1643.1
1118780 1642.5
1118790 1642.6
1118800 1642.6
1118810 1645.1
1118820 1645.3
1118830 1645.3
1118840 1644.4
1118850 1643.0
1118860 1640.4
1118870 1640.4
1118880 1639.6
1118890 1639.4
1118900 1639.4
1118910 1638.9
1118920 1638.5
1118930 1638.5
1118940 1640.1
1118950 1642.6
1118960 1642.6
1118970 1643.0
1118980 1643.0
1118990 1643.0
1119000 1643.5
1119010 1644.3
1119020 1644.3
1119030 1648.9
1119040 1648.3
1119050 1648.3
1119060 1647.7
1119070 1647.2
1119080 1647.2
1119090 1648.5
1119100 1650.4
1119110 1654.4
1119120 1654.4
1119130 1660.4
1119140 1664.6
1119150 1664.6
1119160 1667.6
1119170 1670.8
1119180 1670.8
1119190 1675.3
1119200 1680.5
1119210 1680.5
1119220 1685.0
1119230 1687.4
1119240 1687.4
1119250 1690.8
1119260 1696.4
1119270 1696.4
1119280 1700.8
1119290 1706.0
1119300 1706.0
1119310 1709.0
1119320 1714.4
1119330 1714.4
1119340 1720.2
1119350 1725.0
1119360 1731.7
1119370 1731.7
1119380 1755.4
1119390 1763.3
1119400 1763.3
1119410 1766.1
1119420 1769.0
1119430 1769.0
1119440 1772.4
1119450 1776.6
1119460 1776.6
1119470 1779.4
1119480 1785.7
1119490 1785.7
1119500 1791.7
1119510 1792.9
1119520 1792.9
1119530 1793.3
1119540 1795.5
1119550 1795.5
1119560 1796.1
1119570 1799.2
1119580 1799.2
1119590 1804.5
1119600 1810.3
1119610 1811.0
1119620 1811.0
1119630 1811.1
1119640 1816.9
1119650 1816.9
1119660 1824.9
1119670 1830.8
1119680 1830.8
1119690 1835.0
1119700 1835.8
1119710 1835.8
1119720 1841.3
1119730 1858.3
1119740 1858.3
1119750 1857.9
1119760 1855.4
1119770 1855.4
1119780 1853.3
1119790 1854.5
1119800 1854.5
1119810 1854.5
1119820 1857.2
1119830 1857.2
1119840 1859.2
1119850 1860.9
1119860 1863.3
1119870 1863.3
1119880 1871.6
1119890 1880.1
1119900 1880.1
1119910 1888.0
1119920 1895.2
1119930 1895.2
1119940 1902.1
1119950 1906.5
1119960 1906.5
1119970 1909.8
1119980 1915.4
1119990 1915.4
