1100000 1472.9
1100010 1472.9
1100020 1485.7
1100030 1490.6
1100040 1494.4
1100050 1494.4
1100060 1499.3
1100070 1504.1
1100080 1504.1
1100090 1506.4
1100100 1507.4
1100110 1507.4
1100120 1509.8
1100130 1516.6
1100140 1516.6
1100150 1521.7
1100160 1523.9
1100170 1523.9
1100180 1525.3
1100190 1524.2
1100200 1524.2
1100210 1523.6
1100220 1523.5
1100230 1523.5
1100240 1523.4
1100250 1521.0
1100260 1521.0
1100270 1517.9
1100280 1515.3
1100290 1511.9
1100300 1511.9
1100310 1508.1
1100320 1505.9
1100330 1505.9
1100340 1505.7
1100350 1512.5
1100360 1512.5
1100370 1512.1
1100380 1511.2
1100390 1511.2
1100400 1510.5
1100410 1508.7
1100420 1508.7
1100430 1506.0
1100440 1502.8
1100450 1502.8
1100460 1499.8
1100470 1497.3
1100480 1497.3
1100490 1492.1
1100500 1486.0
1100510 1486.0
1100520 1481.1
1100530 1478.4
1100540 1476.4
1100550 1476.4
1100560 1474.0
1100570 1472.4
1100580 1472.4
1100590 1469.5
1100600 1465.9
1100610 1465.9
1100620 1462.0
1100630 1458.2
1100640 1458.2
1100650 1454.2
1100660 1449.6
1100670 1449.6
1100680 1450.2
1100690 1446.7
1100700 1446.7
1100710 1445.9
1100720 1445.7
1100730 1445.7
1100740 1446.7
1100750 1444.3
1100760 1444.3
1100770 1439.6
1100780 1434.5
1100790 1431.4
1100800 1431.4
1100810 1429.6
1100820 1427.6
1100830 1427.6
1100840 1427.0
1100850 1426.9
1100860 1426.9
1100870 1427.8
1100880 1428.7
1100890 1428.7
1100900 1430.7
1100910 1433.0
1100920 1433.0
1100930 1436.5
1100940 1439.4
1100950 1439.4
1100960 1442.6
1100970 1445.4
1100980 1445.4
1100990 1447.1
1101000 1449.5
1101010 1453.9
1101020 1457.4
1101030 1462.9
1101040 1468.3
1101050 1468.3
1101060 1473.7
1101070 1480.3
1101080 1480.3
1101090 1488.4
1101100 1496.3
1101110 1496.3
1101120 1504.1
1101130 1512.5
1101140 1512.5
1101150 1518.9
1101160 1525.0
1101170 1525.0
1101180 1531.5
1101190 1537.1
1101200 1537.1
1101210 1543.4
1101220 1550.8
1101230 1550.8
1101240 1559.0
1101250 1565.0
1101260 1565.0
1101270 1568.2
1101280 1570.5
1101290 1573.1
1101300 1573.1
1101310 1574.1
1101320 1571.4
1101330 1571.4
1101340 1577.2
1101350 1576.7
1101360 1576.7
1101370 1579.2
1101380 1581.8
1101390 1581.8
1101400 1584.4
1101410 1584.9
1101420 1584.9
1101430 1585.1
1101440 1586.4
1101450 1586.4
1101460 1585.5
1101470 1585.3
1101480 1585.3
1101490 1586.7
1101500 1587.1
1101510 1587.1
1101520 1584.4
1101530 1583.7
1101540 1587.0
1101550 1587.0
1101560 1590.5
1101570 1593.9
1101580 1593.9
1101590 1597.0
1101600 1602.0
1101610 1602.0
1101620 1605.1
1101630 1605.7
1101640 1605.7
1101650 1606.7
1101660 1608.1
1101670 1613.1
1101680 1614.4
1101690 1615.3
1101700 1615.3
1101710 1616.0
1101720 1618.2
1101730 1618.2
1101740 1619.8
1101750 1620.3
1101760 1620.3
1101770 1621.3
1101780 1624.7
1101790 1629.3
1101800 1629.3
1101810 1635.2
1101820 1641.7
1101830 1641.7
1101840 1647.5
1101850 1654.5
1101860 1654.5
1101870 1661.1
1101880 1666.8
1101890 1666.8
1101900 1671.8
1101910 1677.9
1101920 1677.9
1101930 1684.0
1101940 1691.0
1101950 1691.0
1101960 1697.9
1101970 1704.1
1101980 1704.1
1101990 1708.5
1102000 1713.8
1102010 1712.9
1102020 1718.7
1102030 1725.0
1102040 1731.8
1102050 1731.8
1102060 1738.8
1102070 1745.9
1102080 1745.9
1102090 1752.9
1102100 1759.9
1102110 1759.9
1102120 1767.2
1102130 1775.0
1102140 1775.0
1102150 1782.8
1102160 1791.0
1102170 1791.0
1102180 1799.8
1102190 1807.5
1102200 1807.5
1102210 1815.7
1102220 1824.4
1102230 1824.4
1102240 1836.2
1102250 1845.4
1102260 1845.4
1102270 1852.6
1102280 1856.8
1102290 1855.5
1102300 1855.5
1102310 1856.2
1102320 1849.5
1102330 1849.5
1102340 1842.1
1102350 1832.1
1102360 1832.1
1102370 1821.3
1102380 1812.0
1102390 1812.0
1102400 1800.6
1102410 1794.0
1102420 1794.0
1102430 1789.1
1102440 1783.8
1102450 1783.8
1102460 1779.5
1102470 1778.4
1102480 1778.4
1102490 1777.7
1102500 1776.6
1102510 1776.6
1102520 1775.1
1102530 1774.7
1102540 1775.8
1102550 1775.8
1102560 1775.8
1102570 1775.5
1102580 1775.5
1102590 1774.3
1102600 1773.8
1102610 1773.8
1102620 1772.6
1102630 1770.8
1102640 1770.8
1102650 1769.6
1102660 1769.2
1102670 1775.5
1102680 1774.5
1102690 1772.6
1102700 1772.6
1102710 1771.0
1102720 1770.2
1102730 1770.2
1102740 1769.7
1102750 1767.5
1102760 1767.5
1102770 1769.9
1102780 1786.6
1102790 1795.6
1102800 1795.6
1102810 1794.0
1102820 1792.8
1102830 1792.8
1102840 1791.2
1102850 1788.0
1102860 1788.0
1102870 1785.6
1102880 1783.8
1102890 1783.8
1102900 1783.4
1102910 1784.7
1102920 1784.7
1102930 1786.5
1102940 1787.5
1102950 1787.5
1102960 1788.5
1102970 1790.8
1102980 1790.8
1102990 1793.7
1103000 1802.5
1103010 1802.5
1103020 1807.2
1103030 1812.0
1103040 1816.5
1103050 1816.5
1103060 1821.5
1103070 1826.0
1103080 1826.0
1103090 1830.7
1103100 1834.9
1103110 1834.9
1103120 1838.7
1103130 1842.0
1103140 1842.0
1103150 1843.9
1103160 1845.1
1103170 1845.1
1103180 1848.7
1103190 1853.7
1103200 1853.7
1103210 1858.3
1103220 1861.8
1103230 1861.8
1103240 1865.2
1103250 1870.8
1103260 1870.8
1103270 1876.6
1103280 1883.4
1103290 1885.7
1103300 1885.7
1103310 1881.4
1103320 1875.5
1103330 1875.5
1103340 1859.9
1103350 1856.0
1103360 1856.0
1103370 1847.3
1103380 1837.4
1103390 1837.4
1103400 1830.7
1103410 1820.5
1103420 1820.5
1103430 1815.3
1103440 1810.1
1103450 1810.1
1103460 1803.9
1103470 1796.1
1103480 1796.1
1103490 1790.1
1103500 1783.6
1103510 1783.6
1103520 1777.9
1103530 1772.3
1103540 1765.5
1103550 1765.5
1103560 1761.0
1103570 1757.5
1103580 1757.5
1103590 1753.9
1103600 1750.1
1103610 1750.1
1103620 1748.4
1103630 1744.3
1103640 1744.3
1103650 1738.6
1103660 1734.4
1103670 1731.3
1103680 1725.8
1103690 1719.4
1103700 1719.4
1103710 1713.7
1103720 1708.3
1103730 1708.3
1103740 1702.3
1103750 1694.2
1103760 1694.2
1103770 1684.0
1103780 1675.7
1103790 1668.5
1103800 1668.5
1103810 1661.2
1103820 1655.4
1103830 1655.4
1103840 1649.0
1103850 1642.1
1103860 1642.1
1103870 1636.9
1103880 1631.0
1103890 1631.0
1103900 1624.3
1103910 1617.2
1103920 1617.2
1103930 1610.3
1103940 1603.4
1103950 1603.4
1103960 1595.8
1103970 1589.1
1103980 1589.1
1103990 1582.7
1104000 1574.3
1104010 1574.3
1104020 1567.8
1104030 1561.4
1104040 1554.7
1104050 1554.7
1104060 1548.3
1104070 1538.5
1104080 1538.5
1104090 1532.9
1104100 1523.6
1104110 1523.6
1104120 1513.0
1104130 1502.9
1104140 1502.9
1104150 1488.3
1104160 1479.8
1104170 1479.8
1104180 1472.8
1104190 1466.2
1104200 1466.2
1104210 1459.9
1104220 1454.0
1104230 1454.0
1104240 1448.2
1104250 1442.0
1104260 1442.0
1104270 1435.7
1104280 1429.0
1104290 1422.6
1104300 1422.6
1104310 1416.1
1104320 1410.6
1104330 1410.6
1104340 1402.5
1104350 1397.3
1104360 1397.3
1104370 1391.8
1104380 1386.9
1104390 1386.9
1104400 1382.5
1104410 1377.1
1104420 1377.1
1104430 1372.0
1104440 1367.4
1104450 1367.4
1104460 1363.0
1104470 1358.8
1104480 1358.8
1104490 1355.4
1104500 1353.0
1104510 1353.0
1104520 1351.8
1104530 1350.1
1104540 1349.5
1104550 1349.5
1104560 1355.3
1104570 1362.5
1104580 1362.5
1104590 1369.5
1104600 1376.4
1104610 1376.4
1104620 1383.0
1104630 1389.4
1104640 1389.4
1104650 1396.0
1104660 1402.4
1104670 1403.6
1104680 1409.9
1104690 1415.8
1104700 1415.8
1104710 1421.7
1104720 1428.0
1104730 1428.0
1104740 1434.7
1104750 1441.5
1104760 1441.5
1104770 1447.8
1104780 1454.5
1104790 1461.5
1104800 1461.5
1104810 1468.5
1104820 1475.4
1104830 1475.4
1104840 1482.5
1104850 1489.0
1104860 1489.0
1104870 1495.4
1104880 1501.6
1104890 1501.6
1104900 1508.1
1104910 1514.9
1104920 1514.9
1104930 1521.8
1104940 1528.5
1104950 1528.5
1104960 1535.3
1104970 1542.1
1104980 1542.1
1104990 1548.9
1105000 1554.7
1105010 1557.5
1105020 1564.0
1105030 1568.7
1105040 1577.2
1105050 1577.2
1105060 1589.2
1105070 1596.1
1105080 1596.1
1105090 1601.8
1105100 1607.8
1105110 1607.8
1105120 1620.5
1105130 1630.1
1105140 1630.1
1105150 1651.8
1105160 1669.2
1105170 1669.2
1105180 1675.3
1105190 1684.3
1105200 1684.3
1105210 1691.0
1105220 1688.8
1105230 1688.8
1105240 1690.0
1105250 1691.8
1105260 1691.8
1105270 1691.0
1105280 1691.8
1105290 1690.4
1105300 1690.4
1105310 1697.0
1105320 1714.2
1105330 1714.2
1105340 1733.4
1105350 1745.7
1105360 1745.7
1105370 1754.1
1105380 1758.9
1105390 1758.9
1105400 1763.5
1105410 1767.6
1105420 1767.6
1105430 1770.9
1105440 1774.6
1105450 1774.6
1105460 1778.3
1105470 1782.4
1105480 1782.4
1105490 1786.1
1105500 1791.7
1105510 1791.7
1105520 1800.7
1105530 1814.8
1105540 1822.1
1105550 1822.1
1105560 1823.2
1105570 1822.1
1105580 1822.1
1105590 1823.8
1105600 1828.3
1105610 1828.3
1105620 1832.2
1105630 1834.2
1105640 1834.2
1105650 1835.7
1105660 1836.8
1105670 1836.8
1105680 1840.4
1105690 1842.5
1105700 1842.5
1105710 1845.0
1105720 1847.4
1105730 1847.4
1105740 1849.3
1105750 1850.8
1105760 1850.8
1105770 1850.5
1105780 1849.5
1105790 1852.7
1105800 1852.7
1105810 1860.7
1105820 1870.1
1105830 1870.1
1105840 1873.4
1105850 1876.0
1105860 1876.0
1105870 1877.3
1105880 1877.2
1105890 1877.2
1105900 1876.4
1105910 1876.0
1105920 1876.0
1105930 1875.6
1105940 1873.7
1105950 1873.7
1105960 1870.8
1105970 1868.0
1105980 1868.0
1105990 1868.4
1106000 1871.1
1106010 1872.3
1106020 1875.1
1106030 1877.5
1106040 1879.7
1106050 1879.7
1106060 1882.5
1106070 1885.0
1106080 1885.0
1106090 1888.4
1106100 1892.5
1106110 1892.5
1106120 1896.2
1106130 1900.2
1106140 1900.2
1106150 1903.3
1106160 1905.3
1106170 1905.3
1106180 1908.9
1106190 1911.6
1106200 1911.6
1106210 1912.7
1106220 1914.8
1106230 1914.8
1106240 1916.7
1106250 1918.8
1106260 1918.8
1106270 1920.4
1106280 1922.0
1106290 1923.6
1106300 1923.6
1106310 1925.2
1106320 1926.3
1106330 1926.3
1106340 1927.5
1106350 1936.1
1106360 1936.1
1106370 1942.1
1106380 1948.6
1106390 1948.6
1106400 1956.0
1106410 1962.0
1106420 1962.0
1106430 1964.5
1106440 1967.4
1106450 1967.4
1106460 1970.0
1106470 1969.9
1106480 1969.9
1106490 1969.0
1106500 1969.2
1106510 1969.2
1106520 1968.2
1106530 1966.7
1106540 1965.8
1106550 1965.8
1106560 1966.0
1106570 1964.9
1106580 1964.9
1106590 1963.1
1106600 1965.1
1106610 1965.1
1106620 1968.0
1106630 1968.8
1106640 1968.8
1106650 1970.3
1106660 1972.3
1106670 1972.3
1106680 1973.8
1106690 1975.7
1106700 1975.7
1106710 1977.7
1106720 1978.5
1106730 1978.5
1106740 1980.2
1106750 1980.2
1106760 1980.2
1106770 1979.4
1106780 1980.8
1106790 1987.8
1106800 1987.8
1106810 1997.7
1106820 2008.6
1106830 2008.6
1106840 2008.2
1106850 2004.1
1106860 2004.1
1106870 2002.2
1106880 1998.5
1106890 1998.5
1106900 1992.8
1106910 1987.0
1106920 1987.0
1106930 1982.7
1106940 1982.3
1106950 1982.3
1106960 1982.6
1106970 1980.8
1106980 1980.8
1106990 1981.1
1107000 1981.8
1107010 1981.8
1107020 1986.0
1107030 1991.2
1107040 1996.7
1107050 1996.7
1107060 2001.2
1107070 2006.0
1107080 2006.0
1107090 2010.6
1107100 2015.2
1107110 2015.2
1107120 2019.7
1107130 2026.7
1107140 2026.7
1107150 2037.4
1107160 2044.5
1107170 2044.5
1107180 2045.8
1107190 2048.6
1107200 2048.6
1107210 2051.0
1107220 2054.7
1107230 2054.7
1107240 2057.1
1107250 2058.3
1107260 2058.3
1107270 2058.3
1107280 2056.4
1107290 2056.4
1107300 2056.3
1107310 2059.1
1107320 2064.0
1107330 2064.0
1107340 2065.9
1107350 2072.6
1107360 2076.5
1107370 2080.6
1107380 2082.6
1107390 2082.6
1107400 2083.8
1107410 2080.4
1107420 2080.4
1107430 2078.1
1107440 2075.9
1107450 2075.9
1107460 2073.0
1107470 2069.8
1107480 2069.8
1107490 2065.0
1107500 2060.8
1107510 2060.8
1107520 2055.4
1107530 2049.6
1107540 2049.6
1107550 2044.0
1107560 2040.1
1107570 2037.8
1107580 2037.8
1107590 2037.3
1107600 2034.9
1107610 2034.9
1107620 2032.2
1107630 2028.9
1107640 2028.9
1107650 2028.4
1107660 2027.5
1107670 2027.5
1107680 2026.6
1107690 2024.6
1107700 2024.5
1107710 2023.0
1107720 2019.9
1107730 2019.9
1107740 2017.5
1107750 2014.2
1107760 2014.2
1107770 2014.2
1107780 2015.9
1107790 2015.9
1107800 2014.5
1107810 2010.0
1107820 2001.8
1107830 2001.8
1107840 1995.2
1107850 1989.3
1107860 1989.3
1107870 1985.7
1107880 1980.7
1107890 1980.7
1107900 1970.3
1107910 1962.1
1107920 1962.1
1107930 1955.8
1107940 1948.5
1107950 1948.5
1107960 1942.3
1107970 1938.0
1107980 1938.0
1107990 1935.5
1108000 1933.5
1108010 1933.5
1108020 1930.6
1108030 1931.2
1108040 1931.2
1108050 1929.8
1108060 1930.2
1108070 1930.4
1108080 1930.4
1108090 1931.5
1108100 1932.0
1108110 1932.0
1108120 1934.1
1108130 1940.4
1108140 1940.4
1108150 1948.8
1108160 1955.0
1108170 1955.0
1108180 1953.5
1108190 1952.5
1108200 1952.5
1108210 1952.1
1108220 1951.3
1108230 1951.3
1108240 1948.9
1108250 1947.3
1108260 1947.3
1108270 1951.4
1108280 1954.0
1108290 1954.0
1108300 1955.6
1108310 1954.5
1108320 1952.8
1108330 1952.8
1108340 1949.9
1108350 1946.9
1108360 1946.9
1108370 1948.6
1108380 1952.1
1108390 1952.1
1108400 1955.4
1108410 1955.8
1108420 1955.8
1108430 1956.8
1108440 1958.9
1108450 1958.9
1108460 1963.8
1108470 1973.0
1108480 1973.0
1108490 1977.1
1108500 1975.7
1108510 1975.7
1108520 1973.9
1108530 1972.5
1108540 1972.5
1108550 1972.0
1108560 1972.3
1108570 1972.3
1108580 1972.3
1108590 1973.3
1108600 1973.9
1108610 1973.9
1108620 1972.4
1108630 1968.9
1108640 1968.9
1108650 1968.0
1108660 1970.0
1108670 1970.0
1108680 1968.3
1108690 1967.5
1108700 1967.5
1108710 1968.3
1108720 1967.9
1108730 1967.9
1108740 1969.2
1108750 1971.5
1108760 1971.5
1108770 1972.1
1108780 1970.8
1108790 1970.8
1108800 1966.7
1108810 1960.6
1108820 1954.8
1108830 1954.8
1108840 1949.2
1108850 1937.8
1108860 1937.8
1108870 1925.7
1108880 1917.4
1108890 1917.4
1108900 1906.4
1108910 1896.4
1108920 1896.4
1108930 1890.3
1108940 1888.3
1108950 1888.3
1108960 1885.5
1108970 1882.2
1108980 1882.2
1108990 1879.9
1109000 1879.7
1109010 1879.7
1109020 1880.2
1109030 1879.5
1109040 1879.5
1109050 1880.7
1109060 1879.0
1109070 1877.9
1109080 1877.9
1109090 1875.8
1109100 1876.3
1109110 1876.3
1109120 1877.0
1109130 1878.2
1109140 1878.2
1109150 1878.8
1109160 1879.5
1109170 1879.5
1109180 1882.1
1109190 1886.7
1109200 1886.7
1109210 1885.9
1109220 1882.4
1109230 1882.4
1109240 1879.4
1109250 1877.6
1109260 1877.6
1109270 1877.2
1109280 1878.7
1109290 1878.7
1109300 1878.0
1109310 1876.6
1109320 1879.8
1109330 1879.8
1109340 1881.0
1109350 1878.3
1109360 1878.3
1109370 1874.8
1109380 1873.0
1109390 1878.4
1109400 1874.9
1109410 1874.0
1109420 1874.0
1109430 1873.5
1109440 1874.2
1109450 1874.2
1109460 1876.4
1109470 1878.9
1109480 1878.9
1109490 1881.9
1109500 1883.3
1109510 1883.3
1109520 1883.1
1109530 1884.5
1109540 1884.5
1109550 1885.8
1109560 1886.4
1109570 1887.9
1109580 1887.9
1109590 1891.5
1109600 1893.7
1109610 1893.7
1109620 1896.3
1109630 1900.2
1109640 1900.2
1109650 1904.4
1109660 1908.4
1109670 1908.4
1109680 1912.5
1109690 1917.2
1109700 1917.2
1109710 1922.8
1109720 1928.7
1109730 1928.9
1109740 1934.5
1109750 1940.8
1109760 1940.8
1109770 1947.6
1109780 1954.8
1109790 1954.8
1109800 1962.5
1109810 1969.7
1109820 1973.4
1109830 1973.4
1109840 1976.1
1109850 1979.5
1109860 1979.5
1109870 1984.2
1109880 1989.1
1109890 1989.1
1109900 1993.8
1109910 1999.9
1109920 1999.9
1109930 2008.0
1109940 2015.4
1109950 2015.4
1109960 2021.2
1109970 2026.3
1109980 2026.3
1109990 2030.3
1110000 2032.8
1110010 2032.8
1110020 2035.1
1110030 2037.7
1110040 2037.7
1110050 2040.1
1110060 2041.8
1110070 2050.1
1110080 2050.1
1110090 2052.3
1110100 2055.0
1110110 2055.0
1110120 2056.0
1110130 2057.4
1110140 2057.4
1110150 2058.9
1110160 2059.1
1110170 2059.1
1110180 2058.8
1110190 2059.2
1110200 2059.2
1110210 2061.6
1110220 2064.0
1110230 2064.0
1110240 2067.2
1110250 2069.8
1110260 2069.8
1110270 2071.7
1110280 2074.1
1110290 2074.1
1110300 2077.3
1110310 2081.1
1110320 2083.6
1110330 2083.6
1110340 2086.2
1110350 2088.8
1110360 2088.8
1110370 2091.6
1110380 2094.8
1110390 2094.8
1110400 2100.1
1110410 2103.7
1110420 2103.7
1110430 2106.7
1110440 2110.5
1110450 2110.5
1110460 2114.8
1110470 2118.7
1110480 2118.7
1110490 2123.7
1110500 2128.0
1110510 2128.0
1110520 2132.2
1110530 2136.9
1110540 2136.9
1110550 2141.3
1110560 2146.1
1110570 2150.9
1110580 2150.9
1110590 2156.5
1110600 2161.7
1110610 2161.7
1110620 2166.8
1110630 2172.2
1110640 2172.2
1110650 2177.9
1110660 2183.2
1110670 2183.2
1110680 2188.6
1110690 2194.2
1110700 2194.2
1110710 2199.8
1110720 2205.3
1110730 2205.3
1110740 2211.8
1110750 2217.4
1110760 2217.4
1110770 2222.9
1110780 2228.9
1110790 2228.9
1110800 2234.6
1110810 2239.7
1110820 2245.2
1110830 2245.2
1110840 2250.6
1110850 2256.8
1110860 2256.8
1110870 2263.2
1110880 2269.7
1110890 2269.7
1110900 2276.8
1110910 2283.7
1110920 2283.7
1110930 2290.6
1110940 2297.5
1110950 2297.5
1110960 2304.4
1110970 2315.6
1110980 2315.6
1110990 2333.8
1111000 2348.0
1111010 2348.0
1111020 2356.5
1111030 2376.4
1111040 2376.4
1111050 2400.8
1111060 2421.4
1111070 2448.7
1111080 2448.7
1111090 2461.2
1111100 2479.9
1111110 2479.9
1111120 2490.0
1111130 2496.2
1111140 2496.2
1111150 2512.0
1111160 2525.4
1111170 2525.4
1111180 2532.7
1111190 2544.1
1111200 2544.1
1111210 2562.3
1111220 2581.2
1111230 2581.2
1111240 2610.1
1111250 2608.5
1111260 2608.5
1111270 2604.5
1111280 2604.1
1111290 2604.1
1111300 2605.4
1111310 2605.2
1111320 2606.9
1111330 2606.9
1111340 2610.1
1111350 2619.8
1111360 2619.8
1111370 2628.0
1111380 2632.3
1111390 2632.3
1111400 2637.4
1111410 2642.9
1111420 2642.9
1111430 2654.1
1111440 2660.6
1111450 2660.6
1111460 2667.3
1111470 2675.6
1111480 2675.6
1111490 2683.8
1111500 2689.1
1111510 2689.1
1111520 2689.4
1111530 2692.9
1111540 2692.9
1111550 2695.7
1111560 2693.8
1111570 2688.1
1111580 2688.1
1111590 2678.8
1111600 2668.5
1111610 2668.5
1111620 2653.9
1111630 2645.7
1111640 2645.7
1111650 2643.0
1111660 2640.6
1111670 2640.6
1111680 2638.5
1111690 2637.1
1111700 2637.1
1111710 2636.0
1111720 2634.8
1111730 2634.8
1111740 2633.7
1111750 2633.4
1111760 2633.4
1111770 2638.5
1111780 2639.6
1111790 2639.6
1111800 2642.4
1111810 2644.5
1111820 2647.6
1111830 2647.6
1111840 2649.7
1111850 2651.8
1111860 2651.8
1111870 2653.3
1111880 2653.9
1111890 2653.9
1111900 2651.0
1111910 2660.7
1111920 2660.7
1111930 2664.7
1111940 2659.7
1111950 2659.7
1111960 2628.5
1111970 2624.1
1111980 2624.1
1111990 2634.1
1112000 2629.0
1112010 2629.0
1112020 2620.7
1112030 2616.3
1112040 2616.3
1112050 2612.2
1112060 2598.6
1112070 2591.0
1112080 2591.0
1112090 2586.2
1112100 2588.2
1112110 2574.2
1112120 2567.0
1112130 2556.7
1112140 2556.7
1112150 2552.7
1112160 2556.6
1112170 2556.6
1112180 2554.2
1112190 2555.3
1112200 2555.3
1112210 2553.8
1112220 2508.0
1112230 2508.0
1112240 2501.7
1112250 2514.3
1112260 2514.3
1112270 2518.4
1112280 2511.0
1112290 2511.0
1112300 2493.3
1112310 2475.8
1112320 2473.4
1112330 2473.4
1112340 2480.0
1112350 2488.8
1112360 2488.8
1112370 2492.6
1112380 2498.9
1112390 2498.9
1112400 2495.6
1112410 2431.6
1112420 2431.6
1112430 2387.4
1112440 2382.0
1112450 2371.2
1112460 2369.2
1112470 2366.4
1112480 2366.4
1112490 2362.3
1112500 2361.0
1112510 2361.0
1112520 2360.7
1112530 2365.7
1112540 2365.7
1112550 2389.2
1112560 2393.9
1112570 2389.0
1112580 2389.0
1112590 2382.6
1112600 2378.4
1112610 2378.4
1112620 2366.9
1112630 2362.2
1112640 2362.2
1112650 2361.2
1112660 2361.4
1112670 2361.4
1112680 2363.1
1112690 2364.2
1112700 2364.2
1112710 2364.1
1112720 2364.5
1112730 2364.5
1112740 2364.9
1112750 2366.5
1112760 2366.5
1112770 2368.0
1112780 2369.9
1112790 2362.3
1112800 2363.8
1112810 2365.6
1112820 2377.5
1112830 2377.5
1112840 2388.6
1112850 2395.1
1112860 2395.1
1112870 2401.5
1112880 2413.3
1112890 2413.3
1112900 2437.2
1112910 2441.1
1112920 2441.1
1112930 2443.8
1112940 2456.5
1112950 2456.5
1112960 2481.3
1112970 2481.8
1112980 2481.8
1112990 2471.9
1113000 2462.6
1113010 2462.6
1113020 2453.2
1113030 2444.7
1113040 2444.7
1113050 2436.6
1113060 2426.4
1113070 2413.2
1113080 2413.2
1113090 2400.1
1113100 2384.0
1113110 2384.0
1113120 2367.2
1113130 2360.3
1113140 2360.3
1113150 2356.9
1113160 2353.0
1113170 2353.0
1113180 2348.5
1113190 2344.5
1113200 2344.5
1113210 2340.7
1113220 2335.7
1113230 2335.7
1113240 2329.8
1113250 2323.9
1113260 2323.9
1113270 2319.0
1113280 2313.0
1113290 2313.0
1113300 2310.8
1113310 2305.8
1113320 2305.0
1113330 2305.0
1113340 2309.8
1113350 2311.0
1113360 2311.0
1113370 2304.6
1113380 2294.8
1113390 2294.8
1113400 2286.5
1113410 2279.1
1113420 2279.1
1113430 2273.4
1113440 2266.8
1113450 2266.8
1113460 2260.4
1113470 2253.2
1113480 2252.2
1113490 2243.9
1113500 2235.8
1113510 2235.8
1113520 2228.3
1113530 2219.9
1113540 2219.9
1113550 2211.1
1113560 2203.7
1113570 2197.6
1113580 2197.6
1113590 2192.4
1113600 2187.3
1113610 2187.3
1113620 2182.5
1113630 2176.8
1113640 2176.8
1113650 2171.2
1113660 2168.4
1113670 2168.4
1113680 2167.4
1113690 2165.4
1113700 2165.4
1113710 2162.1
1113720 2159.8
1113730 2159.8
1113740 2159.3
1113750 2158.9
1113760 2158.9
1113770 2160.0
1113780 2159.0
1113790 2159.0
1113800 2156.6
1113810 2154.4
1113820 2153.2
1113830 2153.2
1113840 2151.2
1113850 2148.8
1113860 2148.8
1113870 2145.9
1113880 2141.2
1113890 2141.2
1113900 2134.6
1113910 2125.8
1113920 2125.8
1113930 2119.8
1113940 2116.8
1113950 2116.8
1113960 2114.1
1113970 2112.1
1113980 2112.1
1113990 2108.8
1114000 2106.5
1114010 2106.5
1114020 2104.8
1114030 2104.6
1114040 2104.6
1114050 2104.8
1114060 2099.1
1114070 2091.4
1114080 2091.4
1114090 2090.2
1114100 2088.8
1114110 2088.8
1114120 2085.1
1114130 2084.8
1114140 2084.8
1114150 2084.7
1114160 2087.2
1114170 2087.2
1114180 2087.4
1114190 2086.7
1114200 2086.7
1114210 2085.6
1114220 2083.7
1114230 2083.7
1114240 2082.9
1114250 2083.4
1114260 2083.4
1114270 2082.9
1114280 2082.8
1114290 2082.8
1114300 2082.8
1114310 2083.3
1114320 2083.3
1114330 2083.3
1114340 2084.7
1114350 2086.7
1114360 2086.7
1114370 2085.6
1114380 2083.8
1114390 2083.8
1114400 2082.5
1114410 2080.7
1114420 2080.7
1114430 2078.7
1114440 2076.6
1114450 2076.6
1114460 2076.2
1114470 2078.7
1114480 2078.7
1114490 2078.8
1114500 2076.2
1114510 2076.2
1114520 2075.8
1114530 2074.7
1114540 2074.7
1114550 2071.1
1114560 2067.5
1114570 2066.0
1114580 2066.0
1114590 2065.0
1114600 2062.0
1114610 2062.0
1114620 2059.7
1114630 2059.9
1114640 2059.9
1114650 2059.2
1114660 2059.2
1114670 2059.2
1114680 2059.7
1114690 2059.6
1114700 2059.6
1114710 2059.4
1114720 2059.8
1114730 2059.8
1114740 2061.1
1114750 2061.8
1114760 2061.8
1114770 2063.7
1114780 2064.2
1114790 2064.2
1114800 2062.8
1114810 2062.6
1114820 2061.6
1114830 2061.6
1114840 2059.8
1114850 2059.7
1114860 2059.7
1114870 2060.5
1114880 2061.6
1114890 2061.6
1114900 2063.4
1114910 2064.5
1114920 2064.5
1114930 2065.5
1114940 2065.7
1114950 2065.7
1114960 2064.1
1114970 2061.4
1114980 2061.4
1114990 2058.2
1115000 2057.1
1115010 2057.1
1115020 2055.4
1115030 2053.1
1115040 2053.1
1115050 2048.2
1115060 2044.3
1115070 2040.2
1115080 2040.2
1115090 2037.2
1115100 2034.6
1115110 2034.6
1115120 2033.4
1115130 2029.9
1115140 2029.9
1115150 2027.9
1115160 2025.3
1115170 2025.3
1115180 2019.1
1115190 2010.7
1115200 2010.7
1115210 2002.9
1115220 1997.1
1115230 1997.1
1115240 1993.3
1115250 1988.1
1115260 1988.1
1115270 1982.5
1115280 1977.2
1115290 1977.2
1115300 1973.9
1115310 1972.6
1115320 1969.9
1115330 1969.9
1115340 1963.7
1115350 1958.5
1115360 1958.5
1115370 1956.7
1115380 1951.1
1115390 1951.1
1115400 1944.7
1115410 1940.1
1115420 1940.1
1115430 1937.4
1115440 1935.1
1115450 1935.1
1115460 1932.1
1115470 1924.6
1115480 1924.6
1115490 1908.8
1115500 1898.3
1115510 1898.3
1115520 1892.4
1115530 1879.2
1115540 1871.4
1115550 1860.8
1115560 1852.8
1115570 1844.9
1115580 1844.9
1115590 1837.6
1115600 1830.8
1115610 1830.8
1115620 1825.2
1115630 1818.6
1115640 1818.6
1115650 1812.4
1115660 1807.7
1115670 1807.7
1115680 1801.6
1115690 1795.3
1115700 1795.3
1115710 1788.5
1115720 1782.5
1115730 1782.5
1115740 1777.0
1115750 1769.0
1115760 1769.0
1115770 1761.4
1115780 1756.4
1115790 1756.4
1115800 1749.5
1115810 1741.5
1115820 1736.1
1115830 1736.1
1115840 1731.2
1115850 1726.9
1115860 1726.9
1115870 1722.6
1115880 1720.8
1115890 1720.8
1115900 1717.4
1115910 1713.9
1115920 1713.9
1115930 1709.7
1115940 1704.6
1115950 1704.6
1115960 1699.4
1115970 1694.7
1115980 1694.7
1115990 1691.9
1116000 1689.6
1116010 1689.6
1116020 1687.3
1116030 1684.2
1116040 1684.2
1116050 1682.2
1116060 1680.9
1116070 1679.8
1116080 1679.8
1116090 1677.7
1116100 1676.1
1116110 1676.1
1116120 1675.5
1116130 1676.0
1116140 1676.0
1116150 1675.3
1116160 1674.9
1116170 1674.9
1116180 1673.4
1116190 1671.2
1116200 1671.2
1116210 1670.2
1116220 1669.2
1116230 1668.5
1116240 1667.3
1116250 1666.3
1116260 1666.3
1116270 1665.7
1116280 1664.7
1116290 1664.7
1116300 1663.9
1116310 1663.5
1116320 1662.4
1116330 1662.4
1116340 1661.5
1116350 1660.2
1116360 1660.2
1116370 1658.7
1116380 1657.8
1116390 1657.8
1116400 1653.9
1116410 1653.0
1116420 1653.0
1116430 1652.8
1116440 1652.7
1116450 1652.7
1116460 1652.2
1116470 1652.1
1116480 1652.1
1116490 1652.2
1116500 1652.6
1116510 1652.6
1116520 1655.1
1116530 1656.9
1116540 1656.9
1116550 1657.5
1116560 1657.3
1116570 1657.6
1116580 1657.6
1116590 1658.8
1116600 1661.1
1116610 1661.1
1116620 1660.9
1116630 1658.2
1116640 1658.2
1116650 1657.0
1116660 1656.3
1116670 1656.3
1116680 1656.2
1116690 1656.7
1116700 1656.7
1116710 1658.3
1116720 1658.9
1116730 1658.9
1116740 1659.9
1116750 1662.7
1116760 1662.7
1116770 1665.0
1116780 1667.5
1116790 1667.5
1116800 1669.7
1116810 1672.2
1116820 1675.1
1116830 1675.1
1116840 1678.1
1116850 1681.6
1116860 1681.6
1116870 1684.6
1116880 1687.8
1116890 1687.8
1116900 1691.4
1116910 1695.0
1116920 1696.7
1116930 1700.2
1116940 1703.2
1116950 1703.2
1116960 1705.4
1116970 1707.0
1116980 1707.0
1116990 1709.3
1117000 1710.8
1117010 1710.8
1117020 1713.1
1117030 1716.8
1117040 1716.8
1117050 1721.2
1117060 1728.8
1117070 1735.3
1117080 1735.3
1117090 1740.3
1117100 1745.8
1117110 1745.8
1117120 1750.7
1117130 1754.5
1117140 1754.5
1117150 1759.2
1117160 1762.1
1117170 1762.1
1117180 1766.3
1117190 1771.0
1117200 1771.0
1117210 1777.2
1117220 1783.1
1117230 1783.1
1117240 1787.9
1117250 1794.1
1117260 1798.2
1117270 1805.2
1117280 1814.0
1117290 1814.0
1117300 1820.4
1117310 1825.0
1117320 1830.5
1117330 1830.5
1117340 1837.2
1117350 1842.6
1117360 1842.6
1117370 1845.6
1117380 1850.2
1117390 1850.2
1117400 1856.0
1117410 1860.5
1117420 1860.5
1117430 1862.8
1117440 1866.2
1117450 1866.2
1117460 1872.7
1117470 1877.1
1117480 1877.1
1117490 1880.8
1117500 1883.3
1117510 1883.3
1117520 1885.7
1117530 1888.9
1117540 1888.9
1117550 1891.3
1117560 1892.6
1117570 1894.2
1117580 1894.2
1117590 1897.8
1117600 1901.3
1117610 1911.2
1117620 1912.0
1117630 1912.3
1117640 1912.3
1117650 1912.5
1117660 1909.9
1117670 1909.9
1117680 1904.3
1117690 1899.6
1117700 1899.6
1117710 1892.4
1117720 1888.2
1117730 1888.2
1117740 1884.0
1117750 1879.4
1117760 1879.4
1117770 1875.3
1117780 1872.2
1117790 1872.2
1117800 1868.5
1117810 1864.5
1117820 1859.9
1117830 1859.9
1117840 1856.9
1117850 1854.7
1117860 1854.7
1117870 1853.8
1117880 1850.0
1117890 1850.0
1117900 1844.3
1117910 1837.3
1117920 1837.3
1117930 1837.6
1117940 1842.8
1117950 1842.8
1117960 1846.1
1117970 1844.8
1117980 1844.8
1117990 1843.4
1118000 1842.0
1118010 1842.0
1118020 1841.7
1118030 1840.6
1118040 1840.6
1118050 1837.2
1118060 1835.2
1118070 1833.8
1118080 1833.8
1118090 1832.1
1118100 1829.2
1118110 1829.2
1118120 1827.1
1118130 1824.9
1118140 1824.9
1118150 1821.7
1118160 1818.3
1118170 1818.3
1118180 1813.6
1118190 1809.4
1118200 1809.4
1118210 1803.4
1118220 1794.5
1118230 1794.5
1118240 1784.4
1118250 1774.7
1118260 1774.7
1118270 1768.8
1118280 1762.3
1118290 1762.3
1118300 1756.7
1118310 1751.9
1118320 1747.0
1118330 1747.0
1118340 1742.2
1118350 1738.0
1118360 1738.0
1118370 1730.9
1118380 1725.1
1118390 1725.1
1118400 1720.5
1118410 1716.8
1118420 1716.8
1118430 1713.4
1118440 1708.9
1118450 1708.9
1118460 1703.4
1118470 1698.3
1118480 1698.3
1118490 1694.1
1118500 1690.5
1118510 1690.5
1118520 1686.2
1118530 1682.0
1118540 1682.0
1118550 1678.2
1118560 1674.3
1118570 1670.8
1118580 1670.8
1118590 1667.9
1118600 1665.4
1118610 1665.4
1118620 1663.5
1118630 1659.7
1118640 1659.7
1118650 1657.5
1118660 1655.7
1118670 1655.7
1118680 1653.7
1118690 1650.4
1118700 1650.4
1118710 1647.1
1118720 1644.6
1118730 1644.6
1118740 1643.9
1118750 1643.3
1118760 1643.3
1118770 1642.4
1118780 1642.0
1118790 1642.0
1118800 1641.8
1118810 1641.9
1118820 1641.7
1118830 1641.7
1118840 1641.7
1118850 1642.0
1118860 1642.0
1118870 1642.7
1118880 1643.4
1118890 1643.4
1118900 1647.2
1118910 1650.9
1118920 1650.9
1118930 1651.3
1118940 1650.8
1118950 1650.8
1118960 1648.6
1118970 1646.4
1118980 1646.4
1118990 1646.9
1119000 1648.4
1119010 1648.4
1119020 1650.8
1119030 1652.3
1119040 1652.3
1119050 1653.9
1119060 1653.8
1119070 1656.1
1119080 1656.1
1119090 1660.8
1119100 1665.9
1119110 1665.9
1119120 1670.5
1119130 1676.5
1119140 1676.5
1119150 1678.8
1119160 1682.1
1119170 1682.1
1119180 1686.3
1119190 1692.4
1119200 1692.4
1119210 1698.9
1119220 1704.6
1119230 1704.6
1119240 1711.6
1119250 1717.4
1119260 1717.4
1119270 1721.1
1119280 1724.0
1119290 1724.0
1119300 1730.4
1119310 1737.5
1119320 1743.4
1119330 1743.4
1119340 1758.1
1119350 1764.7
1119360 1764.7
1119370 1770.3
1119380 1777.3
1119390 1777.3
1119400 1783.5
1119410 1790.8
1119420 1790.8
1119430 1800.4
1119440 1810.5
1119450 1810.5
1119460 1818.0
1119470 1824.1
1119480 1824.1
1119490 1828.8
1119500 1834.9
1119510 1834.9
1119520 1840.2
1119530 1846.2
1119540 1846.2
1119550 1851.7
1119560 1856.6
1119570 1859.5
1119580 1859.5
1119590 1866.2
1119600 1873.7
1119610 1873.7
1119620 1879.9
1119630 1885.2
1119640 1885.2
1119650 1889.0
1119660 1894.1
1119670 1894.1
1119680 1897.8
1119690 1914.3
1119700 1914.3
1119710 1918.1
1119720 1922.6
1119730 1922.6
1119740 1924.4
1119750 1926.8
1119760 1926.8
1119770 1931.4
1119780 1934.8
1119790 1934.8
1119800 1937.3
1119810 1940.0
1119820 1942.8
1119830 1942.8
1119840 1944.5
1119850 1948.6
1119860 1948.6
1119870 1950.9
1119880 1950.4
1119890 1950.4
1119900 1951.2
1119910 1951.1
1119920 1951.1
1119930 1951.9
1119940 1956.7
1119950 1956.7
1119960 1964.6
1119970 1971.7
1119980 1971.7
1119990 1980.3
