1100000 977.3
1100010 976.6
1100020 976.2
1100030 976.2
1100040 976.0
1100050 976.3
1100060 976.8
1100070 976.8
1100080 973.2
1100090 966.7
1100100 966.7
1100110 963.2
1100120 962.9
1100130 964.0
1100140 963.5
1100150 963.6
1100160 963.6
1100170 965.8
1100180 967.2
1100190 967.2
1100200 967.8
1100210 968.9
1100220 968.9
1100230 969.3
1100240 969.8
1100250 969.8
1100260 970.9
1100270 972.4
1100280 972.4
1100290 973.3
1100300 970.4
1100310 969.5
1100320 969.5
1100330 970.5
1100340 972.1
1100350 972.1
1100360 975.3
1100370 981.0
1100380 981.0
1100390 984.2
1100400 987.2
1100410 987.2
1100420 990.8
1100430 993.7
1100440 993.7
1100450 997.5
1100460 1004.5
1100470 1004.5
1100480 1011.9
1100490 1019.7
1100500 1019.7
1100510 1027.5
1100520 1029.3
1100530 1029.3
1100540 1028.5
1100550 1029.0
1100560 1030.2
1100570 1030.2
1100580 1031.8
1100590 1030.0
1100600 1030.0
1100610 1029.4
1100620 1027.5
1100630 1027.5
1100640 1027.2
1100650 1028.7
1100660 1028.7
1100670 1030.4
1100680 1032.6
1100690 1032.6
1100700 1034.8
1100710 1035.9
1100720 1035.9
1100730 1036.2
1100740 1035.2
1100750 1035.2
1100760 1035.0
1100770 1035.7
1100780 1035.7
1100790 1048.0
1100800 1049.0
1100810 1048.1
1100820 1048.1
1100830 1045.7
1100840 1044.4
1100850 1044.4
1100860 1044.4
1100870 1039.7
1100880 1039.7
1100890 1035.1
1100900 1032.4
1100910 1032.4
1100920 1030.7
1100930 1030.1
1100940 1030.1
1100950 1029.8
1100960 1030.2
1100970 1030.2
1100980 1031.9
1100990 1034.0
1101000 1034.0
1101010 1037.5
1101020 1037.6
1101030 1037.6
1101040 1041.7
1101050 1048.2
1101060 1048.2
1101070 1047.4
1101080 1044.6
1101090 1042.9
1101100 1042.9
1101110 1040.4
1101120 1045.2
1101130 1045.2
1101140 1047.6
1101150 1049.2
1101160 1049.2
1101170 1048.8
1101180 1048.0
1101190 1048.0
1101200 1048.3
1101210 1049.8
1101220 1049.8
1101230 1050.5
1101240 1050.9
1101250 1050.9
1101260 1056.3
1101270 1059.5
1101280 1059.5
1101290 1060.8
1101300 1063.8
1101310 1063.8
1101320 1066.0
1101330 1068.1
1101340 1069.3
1101350 1069.3
1101360 1069.1
1101370 1069.3
1101380 1069.3
1101390 1070.8
1101400 1073.0
1101410 1073.0
1101420 1068.5
1101430 1068.7
1101440 1068.7
1101450 1078.3
1101460 1084.1
1101470 1084.1
1101480 1080.3
1101490 1080.8
1101500 1080.8
1101510 1085.7
1101520 1087.3
1101530 1087.3
1101540 1090.4
1101550 1096.9
1101560 1096.9
1101570 1103.4
1101580 1108.3
1101590 1110.8
1101600 1110.8
1101610 1113.0
1101620 1115.8
1101630 1115.8
1101640 1119.4
1101650 1122.2
1101660 1122.2
1101670 1125.3
1101680 1127.5
1101690 1127.5
1101700 1128.2
1101710 1129.5
1101720 1129.5
1101730 1133.1
1101740 1137.1
1101750 1137.1
1101760 1141.0
1101770 1144.4
1101780 1149.6
1101790 1153.2
1101800 1156.5
1101810 1156.5
1101820 1159.6
1101830 1162.5
1101840 1164.5
1101850 1164.5
1101860 1166.0
1101870 1168.9
1101880 1168.9
1101890 1173.1
1101900 1176.6
1101910 1176.6
1101920 1179.5
1101930 1181.3
1101940 1181.3
1101950 1183.1
1101960 1186.5
1101970 1186.5
1101980 1191.3
1101990 1195.8
1102000 1195.8
1102010 1198.9
1102020 1201.7
1102030 1201.7
1102040 1204.9
1102050 1208.0
1102060 1208.0
1102070 1212.4
1102080 1217.3
1102090 1222.3
1102100 1222.3
1102110 1225.9
1102120 1235.3
1102130 1235.3
1102140 1237.9
1102150 1243.6
1102160 1243.6
1102170 1253.7
1102180 1261.1
1102190 1261.1
1102200 1268.2
1102210 1271.1
1102220 1271.1
1102230 1272.6
1102240 1274.0
1102250 1274.0
1102260 1275.3
1102270 1276.5
1102280 1276.5
1102290 1280.9
1102300 1283.6
1102310 1283.6
1102320 1287.2
1102330 1292.0
1102340 1295.3
1102350 1295.3
1102360 1298.3
1102370 1302.9
1102380 1302.9
1102390 1308.7
1102400 1317.1
1102410 1317.1
1102420 1323.5
1102430 1322.1
1102440 1322.1
1102450 1330.0
1102460 1328.5
1102470 1328.5
1102480 1332.7
1102490 1329.6
1102500 1329.6
1102510 1323.7
1102520 1325.9
1102530 1325.9
1102540 1333.3
1102550 1338.9
1102560 1338.9
1102570 1347.9
1102580 1355.2
1102590 1362.3
1102600 1362.3
1102610 1366.8
1102620 1370.1
1102630 1370.1
1102640 1372.2
1102650 1371.2
1102660 1371.2
1102670 1370.7
1102680 1375.0
1102690 1375.0
1102700 1379.3
1102710 1385.3
1102720 1385.3
1102730 1389.1
1102740 1388.1
1102750 1388.1
1102760 1387.2
1102770 1390.5
1102780 1399.1
1102790 1400.9
1102800 1403.3
1102810 1403.3
1102820 1405.1
1102830 1406.5
1102840 1409.3
1102850 1409.3
1102860 1412.3
1102870 1413.0
1102880 1413.0
1102890 1412.4
1102900 1412.2
1102910 1412.2
1102920 1411.5
1102930 1411.0
1102940 1411.0
1102950 1409.5
1102960 1408.7
1102970 1408.7
1102980 1410.9
1102990 1413.6
1103000 1413.6
1103010 1413.0
1103020 1411.4
1103030 1411.4
1103040 1408.6
1103050 1409.4
1103060 1409.4
1103070 1413.0
1103080 1416.5
1103090 1415.5
1103100 1415.5
1103110 1412.4
1103120 1422.7
1103130 1422.7
1103140 1421.1
1103150 1420.6
1103160 1420.6
1103170 1424.1
1103180 1425.2
1103190 1425.2
1103200 1427.9
1103210 1424.5
1103220 1424.5
1103230 1422.4
1103240 1424.2
1103250 1424.2
1103260 1426.3
1103270 1429.2
1103280 1429.2
1103290 1434.8
1103300 1438.9
1103310 1438.9
1103320 1441.9
1103330 1441.8
1103340 1442.3
1103350 1442.3
1103360 1444.1
1103370 1447.8
1103380 1447.8
1103390 1450.1
1103400 1450.3
1103410 1450.3
1103420 1447.8
1103430 1446.3
1103440 1446.3
1103450 1452.8
1103460 1451.9
1103470 1451.9
1103480 1452.2
1103490 1451.6
1103500 1451.6
1103510 1449.2
1103520 1445.4
1103530 1445.4
1103540 1441.1
1103550 1439.8
1103560 1439.8
1103570 1439.6
1103580 1437.3
1103590 1434.4
1103600 1434.4
1103610 1430.2
1103620 1426.3
1103630 1426.3
1103640 1424.8
1103650 1424.1
1103660 1424.1
1103670 1419.2
1103680 1413.3
1103690 1413.3
1103700 1412.3
1103710 1412.3
1103720 1412.3
1103730 1412.6
1103740 1413.9
1103750 1413.9
1103760 1415.4
1103770 1418.1
1103780 1427.4
1103790 1431.8
1103800 1433.5
1103810 1433.5
1103820 1439.1
1103830 1444.3
1103840 1444.3
1103850 1439.9
1103860 1428.7
1103870 1420.4
1103880 1420.4
1103890 1414.3
1103900 1410.2
1103910 1410.2
1103920 1404.8
1103930 1404.3
1103940 1404.3
1103950 1404.3
1103960 1398.8
1103970 1398.8
1103980 1395.1
1103990 1399.0
1104000 1399.0
1104010 1400.3
1104020 1393.7
1104030 1393.7
1104040 1388.2
1104050 1388.7
1104060 1388.7
1104070 1388.6
1104080 1389.0
1104090 1389.0
1104100 1385.9
1104110 1380.1
1104120 1384.3
1104130 1384.3
1104140 1375.4
1104150 1367.7
1104160 1367.7
1104170 1361.2
1104180 1354.4
1104190 1354.4
1104200 1347.7
1104210 1343.9
1104220 1343.9
1104230 1339.4
1104240 1333.6
1104250 1333.6
1104260 1329.7
1104270 1325.4
1104280 1325.4
1104290 1316.8
1104300 1308.0
1104310 1308.0
1104320 1298.6
1104330 1291.9
1104340 1291.9
1104350 1283.2
1104360 1276.9
1104370 1272.6
1104380 1272.6
1104390 1268.3
1104400 1263.4
1104410 1263.4
1104420 1258.6
1104430 1254.9
1104440 1254.9
1104450 1255.6
1104460 1254.1
1104470 1254.1
1104480 1250.9
1104490 1248.3
1104500 1248.3
1104510 1254.0
1104520 1262.0
1104530 1262.0
1104540 1269.7
1104550 1276.3
1104560 1276.3
1104570 1281.2
1104580 1286.0
1104590 1286.0
1104600 1290.8
1104610 1296.0
1104620 1301.5
1104630 1301.5
1104640 1306.9
1104650 1312.2
1104660 1312.2
1104670 1317.6
1104680 1322.8
1104690 1322.8
1104700 1327.6
1104710 1332.2
1104720 1332.2
1104730 1337.3
1104740 1342.4
1104750 1342.4
1104760 1347.8
1104770 1353.6
1104780 1353.6
1104790 1362.2
1104800 1368.4
1104810 1368.4
1104820 1375.0
1104830 1381.8
1104840 1381.8
1104850 1388.1
1104860 1395.1
1104870 1402.0
1104880 1402.0
1104890 1408.9
1104900 1415.7
1104910 1415.7
1104920 1422.9
1104930 1430.1
1104940 1430.1
1104950 1437.3
1104960 1444.2
1104970 1444.2
1104980 1451.1
1104990 1458.3
1105000 1458.3
1105010 1464.3
1105020 1471.3
1105030 1471.3
1105040 1478.1
1105050 1485.3
1105060 1485.3
1105070 1491.8
1105080 1498.7
1105090 1498.7
1105100 1506.6
1105110 1515.2
1105120 1525.7
1105130 1525.7
1105140 1535.1
1105150 1544.2
1105160 1544.2
1105170 1558.8
1105180 1570.3
1105190 1570.3
1105200 1582.9
1105210 1597.7
1105220 1597.7
1105230 1610.8
1105240 1619.0
1105250 1619.0
1105260 1628.4
1105270 1636.9
1105280 1636.9
1105290 1642.7
1105300 1651.4
1105310 1651.4
1105320 1662.1
1105330 1672.4
1105340 1672.4
1105350 1700.4
1105360 1716.3
1105370 1714.2
1105380 1714.2
1105390 1719.9
1105400 1737.6
1105410 1737.6
1105420 1736.9
1105430 1740.0
1105440 1740.0
1105450 1750.3
1105460 1747.6
1105470 1747.6
1105480 1761.0
1105490 1769.3
1105500 1769.3
1105510 1772.7
1105520 1772.4
1105530 1772.4
1105540 1773.6
1105550 1778.4
1105560 1778.4
1105570 1783.5
1105580 1782.5
1105590 1782.5
1105600 1785.6
1105610 1789.5
1105620 1793.5
1105630 1793.5
1105640 1796.1
1105650 1797.4
1105660 1797.4
1105670 1802.0
1105680 1808.4
1105690 1808.4
1105700 1811.9
1105710 1807.5
1105720 1807.5
1105730 1804.6
1105740 1801.3
1105750 1801.3
1105760 1797.1
1105770 1793.9
1105780 1793.9
1105790 1801.3
1105800 1804.1
1105810 1804.1
1105820 1799.4
1105830 1795.5
1105840 1795.5
1105850 1792.4
1105860 1791.8
1105870 1789.0
1105880 1789.0
1105890 1782.0
1105900 1779.7
1105910 1779.7
1105920 1774.7
1105930 1769.9
1105940 1769.9
1105950 1770.6
1105960 1766.9
1105970 1766.9
1105980 1764.7
1105990 1768.1
1106000 1768.1
1106010 1771.1
1106020 1771.7
1106030 1771.7
1106040 1769.2
1106050 1764.0
1106060 1764.0
1106070 1761.7
1106080 1760.0
1106090 1760.0
1106100 1755.2
1106110 1750.2
1106120 1753.7
1106130 1760.0
1106140 1767.8
1106150 1771.2
1106160 1771.2
1106170 1770.2
1106180 1769.4
1106190 1769.4
1106200 1769.6
1106210 1769.8
1106220 1769.8
1106230 1769.1
1106240 1768.7
1106250 1768.7
1106260 1768.2
1106270 1772.6
1106280 1772.6
1106290 1778.1
1106300 1784.0
1106310 1784.0
1106320 1786.0
1106330 1788.7
1106340 1788.7
1106350 1790.1
1106360 1788.0
1106370 1785.5
1106380 1785.5
1106390 1787.2
1106400 1790.2
1106410 1790.2
1106420 1786.8
1106430 1782.4
1106440 1782.4
1106450 1782.4
1106460 1783.5
1106470 1783.5
1106480 1783.6
1106490 1782.8
1106500 1782.8
1106510 1780.0
1106520 1779.8
1106530 1779.8
1106540 1782.2
1106550 1786.3
1106560 1786.3
1106570 1791.6
1106580 1795.3
1106590 1795.3
1106600 1800.7
1106610 1806.1
1106620 1806.1
1106630 1810.1
1106640 1812.4
1106650 1814.4
1106660 1814.4
1106670 1812.8
1106680 1812.1
1106690 1812.1
1106700 1815.6
1106710 1818.0
1106720 1818.0
1106730 1818.8
1106740 1812.2
1106750 1812.2
1106760 1804.3
1106770 1804.2
1106780 1804.2
1106790 1804.6
1106800 1811.6
1106810 1811.6
1106820 1817.0
1106830 1817.9
1106840 1817.9
1106850 1814.0
1106860 1810.2
1106870 1810.2
1106880 1805.1
1106890 1806.3
1106900 1807.1
1106910 1807.1
1106920 1801.0
1106930 1794.6
1106940 1794.6
1106950 1791.7
1106960 1792.4
1106970 1792.4
1106980 1795.3
1106990 1793.5
1107000 1793.5
1107010 1792.4
1107020 1786.9
1107030 1786.9
1107040 1784.3
1107050 1783.3
1107060 1783.3
1107070 1775.5
1107080 1765.6
1107090 1765.6
1107100 1758.8
1107110 1751.2
1107120 1751.2
1107130 1744.3
1107140 1747.6
1107150 1740.7
1107160 1740.7
1107170 1736.4
1107180 1735.2
1107190 1735.2
1107200 1734.3
1107210 1733.3
1107220 1733.3
1107230 1734.9
1107240 1737.1
1107250 1737.1
1107260 1738.3
1107270 1738.8
1107280 1738.8
1107290 1739.1
1107300 1740.1
1107310 1740.1
1107320 1743.3
1107330 1748.0
1107340 1748.0
1107350 1750.1
1107360 1750.6
1107370 1750.6
1107380 1750.0
1107390 1749.0
1107400 1747.6
1107410 1747.6
1107420 1745.9
1107430 1743.4
1107440 1743.4
1107450 1740.1
1107460 1736.1
1107470 1740.0
1107480 1735.4
1107490 1730.5
1107500 1730.5
1107510 1726.8
1107520 1723.6
1107530 1723.6
1107540 1720.6
1107550 1719.5
1107560 1719.5
1107570 1721.6
1107580 1723.5
1107590 1723.5
1107600 1723.3
1107610 1721.8
1107620 1721.8
1107630 1719.4
1107640 1716.2
1107650 1713.3
1107660 1713.3
1107670 1709.1
1107680 1704.7
1107690 1704.7
1107700 1701.1
1107710 1697.6
1107720 1697.6
1107730 1693.0
1107740 1689.5
1107750 1689.5
1107760 1685.8
1107770 1684.2
1107780 1684.2
1107790 1681.1
1107800 1678.4
1107810 1690.3
1107820 1690.8
1107830 1688.0
1107840 1688.0
1107850 1681.7
1107860 1676.7
1107870 1676.7
1107880 1673.6
1107890 1671.6
1107900 1669.2
1107910 1669.2
1107920 1667.9
1107930 1667.3
1107940 1667.3
1107950 1665.5
1107960 1662.1
1107970 1662.1
1107980 1658.4
1107990 1656.1
1108000 1656.1
1108010 1655.6
1108020 1657.8
1108030 1657.8
1108040 1660.4
1108050 1660.5
1108060 1660.5
1108070 1656.3
1108080 1655.8
1108090 1655.8
1108100 1658.4
1108110 1659.8
1108120 1659.8
1108130 1663.1
1108140 1666.3
1108150 1665.1
1108160 1665.1
1108170 1668.8
1108180 1671.6
1108190 1671.6
1108200 1674.5
1108210 1677.6
1108220 1677.6
1108230 1679.6
1108240 1679.6
1108250 1679.6
1108260 1680.4
1108270 1681.9
1108280 1681.9
1108290 1684.4
1108300 1687.4
1108310 1687.4
1108320 1690.1
1108330 1692.7
1108340 1692.7
1108350 1696.1
1108360 1700.5
1108370 1700.5
1108380 1705.8
1108390 1710.4
1108400 1714.4
1108410 1714.4
1108420 1718.1
1108430 1721.1
1108440 1721.1
1108450 1723.9
1108460 1727.3
1108470 1727.3
1108480 1729.1
1108490 1731.8
1108500 1731.8
1108510 1735.3
1108520 1739.3
1108530 1739.3
1108540 1743.6
1108550 1747.4
1108560 1747.4
1108570 1751.4
1108580 1756.7
1108590 1756.7
1108600 1761.9
1108610 1767.7
1108620 1767.7
1108630 1773.2
1108640 1778.7
1108650 1784.4
1108660 1784.4
1108670 1790.5
1108680 1796.1
1108690 1796.1
1108700 1801.8
1108710 1806.4
1108720 1806.4
1108730 1814.0
1108740 1820.5
1108750 1820.5
1108760 1826.6
1108770 1832.8
1108780 1832.8
1108790 1839.4
1108800 1846.0
1108810 1846.0
1108820 1850.4
1108830 1856.8
1108840 1856.8
1108850 1862.0
1108860 1867.3
1108870 1867.3
1108880 1875.4
1108890 1886.7
1108900 1905.6
1108910 1905.6
1108920 1917.2
1108930 1925.1
1108940 1925.1
1108950 1934.8
1108960 1942.4
1108970 1942.4
1108980 1948.6
1108990 1954.7
1109000 1954.7
1109010 1961.7
1109020 1969.4
1109030 1969.4
1109040 1977.3
1109050 1989.3
1109060 1989.3
1109070 1999.1
1109080 2007.4
1109090 2007.4
1109100 2016.8
1109110 2028.4
1109120 2028.4
1109130 2038.4
1109140 2048.7
1109150 2059.1
1109160 2061.3
1109170 2070.3
1109180 2079.5
1109190 2079.5
1109200 2091.7
1109210 2098.3
1109220 2098.3
1109230 2102.1
1109240 2105.9
1109250 2105.9
1109260 2109.5
1109270 2112.0
1109280 2112.0
1109290 2113.6
1109300 2112.9
1109310 2112.9
1109320 2111.9
1109330 2111.6
1109340 2111.6
1109350 2109.4
1109360 2105.5
1109370 2105.5
1109380 2101.9
1109390 2098.4
1109400 2096.0
1109410 2096.0
1109420 2094.0
1109430 2088.7
1109440 2088.7
1109450 2086.1
1109460 2085.3
1109470 2085.3
1109480 2083.7
1109490 2081.8
1109500 2088.6
1109510 2086.6
1109520 2084.5
1109530 2084.5
1109540 2082.7
1109550 2080.9
1109560 2080.9
1109570 2081.0
1109580 2081.7
1109590 2081.7
1109600 2083.2
1109610 2083.8
1109620 2083.8
1109630 2084.5
1109640 2086.7
1109650 2086.7
1109660 2088.9
1109670 2086.7
1109680 2078.0
1109690 2078.0
1109700 2063.8
1109710 2059.1
1109720 2059.1
1109730 2043.1
1109740 2028.7
1109750 2028.7
1109760 2011.6
1109770 1995.2
1109780 1995.2
1109790 1988.8
1109800 1984.4
1109810 1984.4
1109820 1979.4
1109830 1977.7
1109840 1990.0
1109850 1994.5
1109860 1995.9
1109870 1995.9
1109880 1994.9
1109890 1985.7
1109900 1985.7
1109910 1974.3
1109920 1966.4
1109930 1953.4
1109940 1953.4
1109950 1944.4
1109960 1944.3
1109970 1944.3
1109980 1948.4
1109990 1948.8
1110000 1948.8
1110010 1947.8
1110020 1945.4
1110030 1945.4
1110040 1943.1
1110050 1942.0
1110060 1942.0
1110070 1940.8
1110080 1938.9
1110090 1938.9
1110100 1936.2
1110110 1932.8
1110120 1932.8
1110130 1928.9
1110140 1925.3
1110150 1925.3
1110160 1922.9
1110170 1920.4
1110180 1921.4
1110190 1921.4
1110200 1918.6
1110210 1916.6
1110220 1916.6
1110230 1920.1
1110240 1925.5
1110250 1925.5
1110260 1928.5
1110270 1930.9
1110280 1930.9
1110290 1932.8
1110300 1932.0
1110310 1932.0
1110320 1931.9
1110330 1931.1
1110340 1931.1
1110350 1931.6
1110360 1933.0
1110370 1933.0
1110380 1935.6
1110390 1939.0
1110400 1939.0
1110410 1943.0
1110420 1946.5
1110430 1950.9
1110440 1950.9
1110450 1957.1
1110460 1966.5
1110470 1966.5
1110480 1971.8
1110490 1976.0
1110500 1976.0
1110510 1980.2
1110520 1994.3
1110530 1994.3
1110540 2006.6
1110550 2019.5
1110560 2019.5
1110570 2033.4
1110580 2046.2
1110590 2046.2
1110600 2056.2
1110610 2064.3
1110620 2064.3
1110630 2072.3
1110640 2080.8
1110650 2080.8
1110660 2090.2
1110670 2091.2
1110680 2080.8
1110690 2080.8
1110700 2069.9
1110710 2061.4
1110720 2061.4
1110730 2053.2
1110740 2044.3
1110750 2044.3
1110760 2032.5
1110770 2029.9
1110780 2029.9
1110790 2029.4
1110800 2028.5
1110810 2028.5
1110820 2028.5
1110830 2030.6
1110840 2030.6
1110850 2033.4
1110860 2043.1
1110870 2043.1
1110880 2044.8
1110890 2049.2
1110900 2049.2
1110910 2052.3
1110920 2055.1
1110930 2058.6
1110940 2058.6
1110950 2059.8
1110960 2063.9
1110970 2063.9
1110980 2074.4
1110990 2078.3
1111000 2078.3
1111010 2080.2
1111020 2085.6
1111030 2085.6
1111040 2096.6
1111050 2111.2
1111060 2111.2
1111070 2126.3
1111080 2142.7
1111090 2142.7
1111100 2165.2
1111110 2183.1
1111120 2183.1
1111130 2188.1
1111140 2194.4
1111150 2194.4
1111160 2204.0
1111170 2203.8
1111180 2195.4
1111190 2195.4
1111200 2191.4
1111210 2176.8
1111220 2176.8
1111230 2169.8
1111240 2164.4
1111250 2164.4
1111260 2159.3
1111270 2154.4
1111280 2154.4
1111290 2150.0
1111300 2145.9
1111310 2145.9
1111320 2142.5
1111330 2136.2
1111340 2136.2
1111350 2130.4
1111360 2132.1
1111370 2132.1
1111380 2127.1
1111390 2124.2
1111400 2124.2
1111410 2121.4
1111420 2120.5
1111430 2124.0
1111440 2124.0
1111450 2128.0
1111460 2132.4
1111470 2132.4
1111480 2139.4
1111490 2145.1
1111500 2145.1
1111510 2148.6
1111520 2153.6
1111530 2153.6
1111540 2162.8
1111550 2163.5
1111560 2163.5
1111570 2163.5
1111580 2163.3
1111590 2163.3
1111600 2163.6
1111610 2163.9
1111620 2163.9
1111630 2162.2
1111640 2157.2
1111650 2157.2
1111660 2142.2
1111670 2126.3
1111680 2114.7
1111690 2114.7
1111700 2110.1
1111710 2110.8
1111720 2110.8
1111730 2110.8
1111740 2110.9
1111750 2110.9
1111760 2111.7
1111770 2109.2
1111780 2109.2
1111790 2107.8
1111800 2106.3
1111810 2106.3
1111820 2105.5
1111830 2101.9
1111840 2101.9
1111850 2096.6
1111860 2097.9
1111870 2097.9
1111880 2104.7
1111890 2105.0
1111900 2105.0
1111910 2103.2
1111920 2101.7
1111930 2100.1
1111940 2100.1
1111950 2099.4
1111960 2098.2
1111970 2098.2
1111980 2097.5
1111990 2096.7
1112000 2096.7
1112010 2096.1
1112020 2097.6
1112030 2097.6
1112040 2098.4
1112050 2095.6
1112060 2095.6
1112070 2095.4
1112080 2092.2
1112090 2092.2
1112100 2089.6
1112110 2085.3
1112120 2085.3
1112130 2084.6
1112140 2082.4
1112150 2082.4
1112160 2083.8
1112170 2083.9
1112180 2081.9
1112190 2081.9
1112200 2080.7
1112210 2085.0
1112220 2096.8
1112230 2099.4
1112240 2103.8
1112250 2103.8
1112260 2107.7
1112270 2109.9
1112280 2109.9
1112290 2111.2
1112300 2113.8
1112310 2113.8
1112320 2115.1
1112330 2116.0
1112340 2116.0
1112350 2115.3
1112360 2118.5
1112370 2118.5
1112380 2116.3
1112390 2114.3
1112400 2114.3
1112410 2111.7
1112420 2113.8
1112430 2112.1
1112440 2112.1
1112450 2110.6
1112460 2107.6
1112470 2107.6
1112480 2105.5
1112490 2102.1
1112500 2102.1
1112510 2098.4
1112520 2095.1
1112530 2095.1
1112540 2092.8
1112550 2089.0
1112560 2089.0
1112570 2093.3
1112580 2089.4
1112590 2089.4
1112600 2074.4
1112610 2047.0
1112620 2047.0
1112630 2034.1
1112640 2027.1
1112650 2027.1
1112660 2023.6
1112670 2027.0
1112680 2029.1
1112690 2029.1
1112700 2020.9
1112710 2010.0
1112720 2010.0
1112730 1999.3
1112740 1989.9
1112750 1989.9
1112760 1988.3
1112770 1993.2
1112780 1993.2
1112790 1986.7
1112800 1982.8
1112810 1982.8
1112820 1977.4
1112830 1974.3
1112840 1974.3
1112850 1977.7
1112860 1979.3
1112870 1979.3
1112880 1979.6
1112890 1980.6
1112900 1980.6
1112910 1990.6
1112920 1990.5
1112930 1989.3
1112940 1989.3
1112950 1983.5
1112960 1978.3
1112970 1978.3
1112980 1975.3
1112990 1973.2
1113000 1973.2
1113010 1973.0
1113020 1971.2
1113030 1971.2
1113040 1969.1
1113050 1968.3
1113060 1968.3
1113070 1967.7
1113080 1964.5
1113090 1964.5
1113100 1962.2
1113110 1961.4
1113120 1961.4
1113130 1960.6
1113140 1958.3
1113150 1958.3
1113160 1956.5
1113170 1955.5
1113180 1955.5
1113190 1954.3
1113200 1952.1
1113210 1949.5
1113220 1949.5
1113230 1948.0
1113240 1945.9
1113250 1952.4
1113260 1949.4
1113270 1947.3
1113280 1947.3
1113290 1947.1
1113300 1945.4
1113310 1945.4
1113320 1943.4
1113330 1941.0
1113340 1941.0
1113350 1939.3
1113360 1937.3
1113370 1937.3
1113380 1935.5
1113390 1932.7
1113400 1932.7
1113410 1931.4
1113420 1931.4
1113430 1931.4
1113440 1930.8
1113450 1931.3
1113460 1931.4
1113470 1931.4
1113480 1930.4
1113490 1929.1
1113500 1929.1
1113510 1928.9
1113520 1930.2
1113530 1930.2
1113540 1930.2
1113550 1929.2
1113560 1929.2
1113570 1929.1
1113580 1927.6
1113590 1936.0
1113600 1932.9
1113610 1931.4
1113620 1931.4
1113630 1929.2
1113640 1927.5
1113650 1927.5
1113660 1926.3
1113670 1925.9
1113680 1925.9
1113690 1925.1
1113700 1923.8
1113710 1922.6
1113720 1922.6
1113730 1921.6
1113740 1920.3
1113750 1920.3
1113760 1917.8
1113770 1915.1
1113780 1915.1
1113790 1912.5
1113800 1910.4
1113810 1910.4
1113820 1910.6
1113830 1911.9
1113840 1911.9
1113850 1913.4
1113860 1916.1
1113870 1916.1
1113880 1918.4
1113890 1919.9
1113900 1919.9
1113910 1923.7
1113920 1928.1
1113930 1925.6
1113940 1931.0
1113950 1936.7
1113960 1942.3
1113970 1942.3
1113980 1948.1
1113990 1953.4
1114000 1953.4
1114010 1958.7
1114020 1964.5
1114030 1964.5
1114040 1970.9
1114050 1977.2
1114060 1977.2
1114070 1983.0
1114080 1992.2
1114090 1992.2
1114100 2005.4
1114110 2014.0
1114120 2014.0
1114130 2020.1
1114140 2026.9
1114150 2026.9
1114160 2033.6
1114170 2043.6
1114180 2043.6
1114190 2056.1
1114200 2071.4
1114210 2077.7
1114220 2077.7
1114230 2079.8
1114240 2081.1
1114250 2081.1
1114260 2081.8
1114270 2086.1
1114280 2083.6
1114290 2087.3
1114300 2092.2
1114310 2092.2
1114320 2099.3
1114330 2105.6
1114340 2105.6
1114350 2109.3
1114360 2111.9
1114370 2111.9
1114380 2112.2
1114390 2111.0
1114400 2111.0
1114410 2111.7
1114420 2112.8
1114430 2112.8
1114440 2115.3
1114450 2114.2
1114460 2112.7
1114470 2112.7
1114480 2113.4
1114490 2112.2
1114500 2112.2
1114510 2104.0
1114520 2097.2
1114530 2097.2
1114540 2094.6
1114550 2094.0
1114560 2094.0
1114570 2093.6
1114580 2093.2
1114590 2093.2
1114600 2092.0
1114610 2090.0
1114620 2098.4
1114630 2098.4
1114640 2098.2
1114650 2098.2
1114660 2097.3
1114670 2095.7
1114680 2095.7
1114690 2093.4
1114700 2091.1
1114710 2089.8
1114720 2089.8
1114730 2088.0
1114740 2083.7
1114750 2083.7
1114760 2082.2
1114770 2081.5
1114780 2081.5
1114790 2077.9
1114800 2074.3
1114810 2074.3
1114820 2071.0
1114830 2068.9
1114840 2068.9
1114850 2065.2
1114860 2062.5
1114870 2062.5
1114880 2060.7
1114890 2059.7
1114900 2059.7
1114910 2056.0
1114920 2051.0
1114930 2051.0
1114940 2047.6
1114950 2045.3
1114960 2046.8
1114970 2046.8
1114980 2047.2
1114990 2048.1
1115000 2048.1
1115010 2047.7
1115020 2046.6
1115030 2046.6
1115040 2044.8
1115050 2042.5
1115060 2042.5
1115070 2040.4
1115080 2038.8
1115090 2038.8
1115100 2035.8
1115110 2035.5
1115120 2035.5
1115130 2038.7
1115140 2042.4
1115150 2042.4
1115160 2044.7
1115170 2049.5
1115180 2049.5
1115190 2052.5
1115200 2054.2
1115210 2053.9
1115220 2053.9
1115230 2053.2
1115240 2053.9
1115250 2053.9
1115260 2051.4
1115270 2050.4
1115280 2050.4
1115290 2050.0
1115300 2049.8
1115310 2053.5
1115320 2052.5
1115330 2051.1
1115340 2051.1
1115350 2051.3
1115360 2052.4
1115370 2052.4
1115380 2051.1
1115390 2049.8
1115400 2049.8
1115410 2048.8
1115420 2048.6
1115430 2048.6
1115440 2049.0
1115450 2048.5
1115460 2047.5
1115470 2047.5
1115480 2048.0
1115490 2051.1
1115500 2051.1
1115510 2053.2
1115520 2054.9
1115530 2054.9
1115540 2057.0
1115550 2059.6
1115560 2059.6
1115570 2062.0
1115580 2062.4
1115590 2062.4
1115600 2059.5
1115610 2058.3
1115620 2058.3
1115630 2063.5
1115640 2067.3
1115650 2061.3
1115660 2065.8
1115670 2068.2
1115680 2068.2
1115690 2067.6
1115700 2070.3
1115710 2074.4
1115720 2074.4
1115730 2078.0
1115740 2080.7
1115750 2080.7
1115760 2082.4
1115770 2085.7
1115780 2085.7
1115790 2090.4
1115800 2089.8
1115810 2089.8
1115820 2083.7
1115830 2084.5
1115840 2084.5
1115850 2087.3
1115860 2086.4
1115870 2086.4
1115880 2078.7
1115890 2076.9
1115900 2076.9
1115910 2078.1
1115920 2080.6
1115930 2080.6
1115940 2081.6
1115950 2082.9
1115960 2089.6
1115970 2089.6
1115980 2093.6
1115990 2095.1
1116000 2087.0
1116010 2086.8
1116020 2085.4
1116030 2085.4
1116040 2085.3
1116050 2085.4
1116060 2085.4
1116070 2084.8
1116080 2082.4
1116090 2082.4
1116100 2078.9
1116110 2077.1
1116120 2077.1
1116130 2074.6
1116140 2070.1
1116150 2070.1
1116160 2063.6
1116170 2055.9
1116180 2055.9
1116190 2051.1
1116200 2045.8
1116210 2039.9
1116220 2039.9
1116230 2035.1
1116240 2031.7
1116250 2031.7
1116260 2028.1
1116270 2022.0
1116280 2022.0
1116290 2017.1
1116300 2011.3
1116310 2011.3
1116320 2003.9
1116330 1994.9
1116340 1994.7
1116350 1987.2
1116360 1980.4
1116370 1980.4
1116380 1974.0
1116390 1967.2
1116400 1967.2
1116410 1960.9
1116420 1954.4
1116430 1954.4
1116440 1947.4
1116450 1940.5
1116460 1932.9
1116470 1932.9
1116480 1926.1
1116490 1919.9
1116500 1919.9
1116510 1913.3
1116520 1908.0
1116530 1908.0
1116540 1902.6
1116550 1896.4
1116560 1896.4
1116570 1889.4
1116580 1883.2
1116590 1883.2
1116600 1877.7
1116610 1873.0
1116620 1873.0
1116630 1868.4
1116640 1863.8
1116650 1863.8
1116660 1860.1
1116670 1854.0
1116680 1854.0
1116690 1839.8
1116700 1834.1
1116710 1827.6
1116720 1827.6
1116730 1822.4
1116740 1819.0
1116750 1819.0
1116760 1815.3
1116770 1811.7
1116780 1811.7
1116790 1810.0
1116800 1809.9
1116810 1809.9
1116820 1810.3
1116830 1809.5
1116840 1809.5
1116850 1805.6
1116860 1803.7
1116870 1803.7
1116880 1798.3
1116890 1794.7
1116900 1794.7
1116910 1796.0
1116920 1796.0
1116930 1796.0
1116940 1792.1
1116950 1790.2
1116960 1786.8
1116970 1786.8
1116980 1784.1
1116990 1779.4
1117000 1779.4
1117010 1772.4
1117020 1766.2
1117030 1762.8
1117040 1758.8
1117050 1761.3
1117060 1761.3
1117070 1761.1
1117080 1758.1
1117090 1758.1
1117100 1755.3
1117110 1751.3
1117120 1751.3
1117130 1747.8
1117140 1744.2
1117150 1744.2
1117160 1740.5
1117170 1738.2
1117180 1738.2
1117190 1734.9
1117200 1732.1
1117210 1729.5
1117220 1729.5
1117230 1726.3
1117240 1719.4
1117250 1719.4
1117260 1714.9
1117270 1709.5
1117280 1709.5
1117290 1705.6
1117300 1708.7
1117310 1708.7
1117320 1712.9
1117330 1711.8
1117340 1711.8
1117350 1708.4
1117360 1705.0
1117370 1705.0
1117380 1698.9
1117390 1694.9
1117400 1694.9
1117410 1692.8
1117420 1690.0
1117430 1690.0
1117440 1686.7
1117450 1683.1
1117460 1679.2
1117470 1679.2
1117480 1675.9
1117490 1673.1
1117500 1673.1
1117510 1670.0
1117520 1665.9
1117530 1665.9
1117540 1662.8
1117550 1659.6
1117560 1659.6
1117570 1656.5
1117580 1653.2
1117590 1653.2
1117600 1648.6
1117610 1646.1
1117620 1646.1
1117630 1643.0
1117640 1637.2
1117650 1637.2
1117660 1629.9
1117670 1622.9
1117680 1622.9
1117690 1617.4
1117700 1614.3
1117710 1614.3
1117720 1612.9
1117730 1612.2
1117740 1612.1
1117750 1612.1
1117760 1610.7
1117770 1611.5
1117780 1611.5
1117790 1611.6
1117800 1610.9
1117810 1610.9
1117820 1609.8
1117830 1608.2
1117840 1608.2
1117850 1608.4
1117860 1609.1
1117870 1609.1
1117880 1609.8
1117890 1610.2
1117900 1610.2
1117910 1610.3
1117920 1610.6
1117930 1610.6
1117940 1612.0
1117950 1615.9
1117960 1615.9
1117970 1621.4
1117980 1624.0
1117990 1622.5
1118000 1622.5
1118010 1621.6
1118020 1621.0
1118030 1621.0
1118040 1618.5
1118050 1614.8
1118060 1614.8
1118070 1608.0
1118080 1605.9
1118090 1605.9
1118100 1604.5
1118110 1601.0
1118120 1601.0
1118130 1601.1
1118140 1605.8
1118150 1605.8
1118160 1606.9
1118170 1606.9
1118180 1606.9
1118190 1606.1
1118200 1605.2
1118210 1605.2
1118220 1604.3
1118230 1603.7
1118240 1603.5
1118250 1603.5
1118260 1603.2
1118270 1601.2
1118280 1601.2
1118290 1597.3
1118300 1597.2
1118310 1597.2
1118320 1602.6
1118330 1608.0
1118340 1608.0
1118350 1611.1
1118360 1612.2
1118370 1612.2
1118380 1612.4
1118390 1615.1
1118400 1615.1
1118410 1617.8
1118420 1615.5
1118430 1615.5
1118440 1616.2
1118450 1617.0
1118460 1617.0
1118470 1616.1
1118480 1614.8
1118490 1614.2
1118500 1614.2
1118510 1614.1
1118520 1613.6
1118530 1613.6
1118540 1613.2
1118550 1613.8
1118560 1613.8
1118570 1613.4
1118580 1612.2
1118590 1612.2
1118600 1610.6
1118610 1609.1
1118620 1609.1
1118630 1607.8
1118640 1606.6
1118650 1606.6
1118660 1605.4
1118670 1603.8
1118680 1603.8
1118690 1599.5
1118700 1594.1
1118710 1594.1
1118720 1592.3
1118730 1589.5
1118740 1586.1
1118750 1586.1
1118760 1585.0
1118770 1585.3
1118780 1585.3
1118790 1588.3
1118800 1594.1
1118810 1594.1
1118820 1598.2
1118830 1600.2
1118840 1600.2
1118850 1601.1
1118860 1602.5
1118870 1602.5
1118880 1603.4
1118890 1603.6
1118900 1603.6
1118910 1604.7
1118920 1605.1
1118930 1605.1
1118940 1604.7
1118950 1604.9
1118960 1604.9
1118970 1604.7
1118980 1604.2
1118990 1604.2
1119000 1604.2
1119010 1603.7
1119020 1602.8
1119030 1602.8
1119040 1602.3
1119050 1602.0
1119060 1602.0
1119070 1600.9
1119080 1600.0
1119090 1600.0
1119100 1600.8
1119110 1599.8
1119120 1600.2
1119130 1593.1
1119140 1587.7
1119150 1587.7
1119160 1585.9
1119170 1587.9
1119180 1587.9
1119190 1590.3
1119200 1595.7
1119210 1595.7
1119220 1596.7
1119230 1596.6
1119240 1596.1
1119250 1596.1
1119260 1596.6
1119270 1598.4
1119280 1598.4
1119290 1598.2
1119300 1598.3
1119310 1598.3
1119320 1598.2
1119330 1597.4
1119340 1597.4
1119350 1597.5
1119360 1596.7
1119370 1596.7
1119380 1597.1
1119390 1597.3
1119400 1597.3
1119410 1597.4
1119420 1597.9
1119430 1597.9
1119440 1597.8
1119450 1597.1
1119460 1598.7
1119470 1596.8
1119480 1596.7
1119490 1597.7
1119500 1597.7
1119510 1597.9
1119520 1598.0
1119530 1598.0
1119540 1598.0
1119550 1597.8
1119560 1597.8
1119570 1597.4
1119580 1597.2
1119590 1597.2
1119600 1596.9
1119610 1596.9
1119620 1596.9
1119630 1597.2
1119640 1597.5
1119650 1597.5
1119660 1598.5
1119670 1599.0
1119680 1599.0
1119690 1599.4
1119700 1600.2
1119710 1600.2
1119720 1599.6
1119730 1599.2
1119740 1599.2
1119750 1599.2
1119760 1599.4
1119770 1599.8
1119780 1599.8
1119790 1601.5
1119800 1602.2
1119810 1604.2
1119820 1603.8
1119830 1602.4
1119840 1602.4
1119850 1600.9
1119860 1604.2
1119870 1604.2
1119880 1606.5
1119890 1607.5
1119900 1607.5
1119910 1608.1
1119920 1605.9
1119930 1605.9
1119940 1602.9
1119950 1602.8
1119960 1602.8
1119970 1603.4
1119980 1603.6
1119990 1603.8
