1100000 968.0
1100010 968.0
1100020 968.2
1100030 968.6
1100040 968.6
1100050 969.1
1100060 966.8
1100070 966.8
1100080 964.3
1100090 961.6
1100100 961.6
1100110 962.4
1100120 964.3
1100130 964.3
1100140 964.6
1100150 966.5
1100160 966.5
1100170 967.0
1100180 967.6
1100190 967.6
1100200 968.0
1100210 969.3
1100220 969.3
1100230 970.3
1100240 971.6
1100250 973.0
1100260 973.0
1100270 973.6
1100280 974.2
1100290 974.2
1100300 974.4
1100310 974.1
1100320 974.1
1100330 972.9
1100340 971.7
1100350 971.7
1100360 971.7
1100370 972.4
1100380 972.4
1100390 975.8
1100400 980.2
1100410 980.2
1100420 985.0
1100430 988.7
1100440 988.7
1100450 994.4
1100460 1000.8
1100470 1002.5
1100480 1009.3
1100490 1016.9
1100500 1022.4
1100510 1022.4
1100520 1023.5
1100530 1023.8
1100540 1023.8
1100550 1026.1
1100560 1030.3
1100570 1030.3
1100580 1032.5
1100590 1028.9
1100600 1028.9
1100610 1024.7
1100620 1021.6
1100630 1021.6
1100640 1020.1
1100650 1019.5
1100660 1019.5
1100670 1019.1
1100680 1018.7
1100690 1018.7
1100700 1018.4
1100710 1018.3
1100720 1018.3
1100730 1018.6
1100740 1018.7
1100750 1018.2
1100760 1018.2
1100770 1019.1
1100780 1020.6
1100790 1020.6
1100800 1030.4
1100810 1031.5
1100820 1031.5
1100830 1032.0
1100840 1033.7
1100850 1033.7
1100860 1033.7
1100870 1031.4
1100880 1031.4
1100890 1025.8
1100900 1022.0
1100910 1022.0
1100920 1021.0
1100930 1021.4
1100940 1021.4
1100950 1020.9
1100960 1020.3
1100970 1020.3
1100980 1020.7
1100990 1021.5
1101000 1023.6
1101010 1023.6
1101020 1027.5
1101030 1032.5
1101040 1032.5
1101050 1036.2
1101060 1035.2
1101070 1035.2
1101080 1033.9
1101090 1032.7
1101100 1032.7
1101110 1034.2
1101120 1035.5
1101130 1038.7
1101140 1040.2
1101150 1040.8
1101160 1040.8
1101170 1040.7
1101180 1040.8
1101190 1040.8
1101200 1041.3
1101210 1040.9
1101220 1040.9
1101230 1039.5
1101240 1040.9
1101250 1044.1
1101260 1044.1
1101270 1047.6
1101280 1051.4
1101290 1051.4
1101300 1054.5
1101310 1052.7
1101320 1052.7
1101330 1055.4
1101340 1058.3
1101350 1058.3
1101360 1058.5
1101370 1058.4
1101380 1058.4
1101390 1058.2
1101400 1061.1
1101410 1061.1
1101420 1060.0
1101430 1059.9
1101440 1059.9
1101450 1059.8
1101460 1069.0
1101470 1069.0
1101480 1066.4
1101490 1068.8
1101500 1072.4
1101510 1072.4
1101520 1072.8
1101530 1079.1
1101540 1079.1
1101550 1085.2
1101560 1090.2
1101570 1090.2
1101580 1093.8
1101590 1099.3
1101600 1099.3
1101610 1104.4
1101620 1107.8
1101630 1107.8
1101640 1109.9
1101650 1111.5
1101660 1111.5
1101670 1113.5
1101680 1115.4
1101690 1115.4
1101700 1117.2
1101710 1120.1
1101720 1120.1
1101730 1123.9
1101740 1128.0
1101750 1128.0
1101760 1130.9
1101770 1133.9
1101780 1137.0
1101790 1137.0
1101800 1145.4
1101810 1149.1
1101820 1149.1
1101830 1151.1
1101840 1153.0
1101850 1153.0
1101860 1155.9
1101870 1159.7
1101880 1159.7
1101890 1162.6
1101900 1165.4
1101910 1165.4
1101920 1168.4
1101930 1170.0
1101940 1170.0
1101950 1173.4
1101960 1177.3
1101970 1177.3
1101980 1181.1
1101990 1184.3
1102000 1184.3
1102010 1188.0
1102020 1191.2
1102030 1194.3
1102040 1194.3
1102050 1198.6
1102060 1203.2
1102070 1203.2
1102080 1207.6
1102090 1210.7
1102100 1210.7
1102110 1214.1
1102120 1220.1
1102130 1223.9
1102140 1230.4
1102150 1237.6
1102160 1237.6
1102170 1242.8
1102180 1243.3
1102190 1243.3
1102200 1247.0
1102210 1253.0
1102220 1253.0
1102230 1258.2
1102240 1256.9
1102250 1256.9
1102260 1258.4
1102270 1261.0
1102280 1265.0
1102290 1265.0
1102300 1268.2
1102310 1273.0
1102320 1273.0
1102330 1276.8
1102340 1279.5
1102350 1279.5
1102360 1284.2
1102370 1291.4
1102380 1291.4
1102390 1293.8
1102400 1293.3
1102410 1293.3
1102420 1299.1
1102430 1301.9
1102440 1301.9
1102450 1302.7
1102460 1306.0
1102470 1306.0
1102480 1307.3
1102490 1305.7
1102500 1305.7
1102510 1305.6
1102520 1313.8
1102530 1324.5
1102540 1324.5
1102550 1333.3
1102560 1340.3
1102570 1340.3
1102580 1344.7
1102590 1347.3
1102600 1347.3
1102610 1352.2
1102620 1354.9
1102630 1354.9
1102640 1357.0
1102650 1357.6
1102660 1357.6
1102670 1358.8
1102680 1362.6
1102690 1362.6
1102700 1367.8
1102710 1371.2
1102720 1371.2
1102730 1371.9
1102740 1371.1
1102750 1371.1
1102760 1371.1
1102770 1375.2
1102780 1378.3
1102790 1386.0
1102800 1389.3
1102810 1390.3
1102820 1390.3
1102830 1391.1
1102840 1394.4
1102850 1394.4
1102860 1399.3
1102870 1400.0
1102880 1400.0
1102890 1396.4
1102900 1395.7
1102910 1395.7
1102920 1398.3
1102930 1399.0
1102940 1399.0
1102950 1397.7
1102960 1396.7
1102970 1396.7
1102980 1394.6
1102990 1396.3
1103000 1396.3
1103010 1399.0
1103020 1396.2
1103030 1392.1
1103040 1392.1
1103050 1396.2
1103060 1397.9
1103070 1397.9
1103080 1396.9
1103090 1396.3
1103100 1396.3
1103110 1395.3
1103120 1393.6
1103130 1402.7
1103140 1402.8
1103150 1402.6
1103160 1402.6
1103170 1405.5
1103180 1405.6
1103190 1405.6
1103200 1404.6
1103210 1404.3
1103220 1404.3
1103230 1404.6
1103240 1407.7
1103250 1407.7
1103260 1409.7
1103270 1414.2
1103280 1419.4
1103290 1419.4
1103300 1423.6
1103310 1424.9
1103320 1424.9
1103330 1425.1
1103340 1426.0
1103350 1426.0
1103360 1428.0
1103370 1429.4
1103380 1429.4
1103390 1431.4
1103400 1432.9
1103410 1432.9
1103420 1430.5
1103430 1428.9
1103440 1428.9
1103450 1428.0
1103460 1434.5
1103470 1434.5
1103480 1434.5
1103490 1434.9
1103500 1434.9
1103510 1433.6
1103520 1430.6
1103530 1426.8
1103540 1426.8
1103550 1423.4
1103560 1422.7
1103570 1422.7
1103580 1421.2
1103590 1417.9
1103600 1417.9
1103610 1415.8
1103620 1412.9
1103630 1412.9
1103640 1410.9
1103650 1409.5
1103660 1409.5
1103670 1408.5
1103680 1403.4
1103690 1403.4
1103700 1397.9
1103710 1397.6
1103720 1397.6
1103730 1398.1
1103740 1398.9
1103750 1398.9
1103760 1398.9
1103770 1401.8
1103780 1404.6
1103790 1413.6
1103800 1416.5
1103810 1422.3
1103820 1422.3
1103830 1427.5
1103840 1429.7
1103850 1429.7
1103860 1426.5
1103870 1416.6
1103880 1416.6
1103890 1405.4
1103900 1397.1
1103910 1397.1
1103920 1390.6
1103930 1385.7
1103940 1385.7
1103950 1383.0
1103960 1380.0
1103970 1380.0
1103980 1378.6
1103990 1380.7
1104000 1380.7
1104010 1381.7
1104020 1381.9
1104030 1374.5
1104040 1374.5
1104050 1370.5
1104060 1371.4
1104070 1371.4
1104080 1372.9
1104090 1371.6
1104100 1371.6
1104110 1364.1
1104120 1356.8
1104130 1365.7
1104140 1363.3
1104150 1359.8
1104160 1359.8
1104170 1353.0
1104180 1345.7
1104190 1345.7
1104200 1338.5
1104210 1331.5
1104220 1331.5
1104230 1326.5
1104240 1323.0
1104250 1323.0
1104260 1317.7
1104270 1313.6
1104280 1306.8
1104290 1306.8
1104300 1299.5
1104310 1292.4
1104320 1292.4
1104330 1285.4
1104340 1278.4
1104350 1278.4
1104360 1271.2
1104370 1264.6
1104380 1264.6
1104390 1258.4
1104400 1253.8
1104410 1253.8
1104420 1249.4
1104430 1246.2
1104440 1246.2
1104450 1244.5
1104460 1247.7
1104470 1247.7
1104480 1242.7
1104490 1245.4
1104500 1245.4
1104510 1252.5
1104520 1259.6
1104530 1259.6
1104540 1265.6
1104550 1270.0
1104560 1274.6
1104570 1274.6
1104580 1278.9
1104590 1283.7
1104600 1283.7
1104610 1289.1
1104620 1295.0
1104630 1295.0
1104640 1300.1
1104650 1304.7
1104660 1304.7
1104670 1309.6
1104680 1314.9
1104690 1314.9
1104700 1320.4
1104710 1326.2
1104720 1326.2
1104730 1331.6
1104740 1337.4
1104750 1337.4
1104760 1343.4
1104770 1349.7
1104780 1349.7
1104790 1356.3
1104800 1365.0
1104810 1371.8
1104820 1371.8
1104830 1378.3
1104840 1384.9
1104850 1384.9
1104860 1391.9
1104870 1398.9
1104880 1398.9
1104890 1405.8
1104900 1412.3
1104910 1412.3
1104920 1418.6
1104930 1424.7
1104940 1424.7
1104950 1431.1
1104960 1438.3
1104970 1438.3
1104980 1445.7
1104990 1453.3
1105000 1453.3
1105010 1460.3
1105020 1467.3
1105030 1467.3
1105040 1474.3
1105050 1481.8
1105060 1489.0
1105070 1489.0
1105080 1496.8
1105090 1505.0
1105100 1505.0
1105110 1513.1
1105120 1521.3
1105130 1521.4
1105140 1534.8
1105150 1544.4
1105160 1544.4
1105170 1554.1
1105180 1563.9
1105190 1563.9
1105200 1578.1
1105210 1595.8
1105220 1595.8
1105230 1608.2
1105240 1622.1
1105250 1622.1
1105260 1635.1
1105270 1647.3
1105280 1647.3
1105290 1655.6
1105300 1662.2
1105310 1669.0
1105320 1669.0
1105330 1678.8
1105340 1691.9
1105350 1691.9
1105360 1705.4
1105370 1731.0
1105380 1731.0
1105390 1745.9
1105400 1746.0
1105410 1746.0
1105420 1745.5
1105430 1746.7
1105440 1746.7
1105450 1749.5
1105460 1751.4
1105470 1753.9
1105480 1755.9
1105490 1757.1
1105500 1757.1
1105510 1759.4
1105520 1761.5
1105530 1761.5
1105540 1765.4
1105550 1770.9
1105560 1771.7
1105570 1771.7
1105580 1771.1
1105590 1774.2
1105600 1774.2
1105610 1776.3
1105620 1781.2
1105630 1781.2
1105640 1783.0
1105650 1786.3
1105660 1786.3
1105670 1791.1
1105680 1793.5
1105690 1793.5
1105700 1792.4
1105710 1790.4
1105720 1790.4
1105730 1789.9
1105740 1790.3
1105750 1790.3
1105760 1789.8
1105770 1787.3
1105780 1787.3
1105790 1786.4
1105800 1792.5
1105810 1787.2
1105820 1787.2
1105830 1785.7
1105840 1784.1
1105850 1784.1
1105860 1781.7
1105870 1777.5
1105880 1777.5
1105890 1774.8
1105900 1767.3
1105910 1767.3
1105920 1761.8
1105930 1759.0
1105940 1759.0
1105950 1759.8
1105960 1756.2
1105970 1756.2
1105980 1757.3
1105990 1761.3
1106000 1761.3
1106010 1764.4
1106020 1765.0
1106030 1765.0
1106040 1761.7
1106050 1758.1
1106060 1753.2
1106070 1753.2
1106080 1751.9
1106090 1747.2
1106100 1747.2
1106110 1742.3
1106120 1745.0
1106130 1745.0
1106140 1756.1
1106150 1759.0
1106160 1759.0
1106170 1759.6
1106180 1759.3
1106190 1759.3
1106200 1760.0
1106210 1760.9
1106220 1760.9
1106230 1761.1
1106240 1760.5
1106250 1760.5
1106260 1760.9
1106270 1764.1
1106280 1764.1
1106290 1772.4
1106300 1780.7
1106310 1783.4
1106320 1783.4
1106330 1785.0
1106340 1783.2
1106350 1783.2
1106360 1778.8
1106370 1775.9
1106380 1775.9
1106390 1776.7
1106400 1779.0
1106410 1779.0
1106420 1776.4
1106430 1774.6
1106440 1774.6
1106450 1776.0
1106460 1775.1
1106470 1779.0
1106480 1777.1
1106490 1776.6
1106500 1776.6
1106510 1778.1
1106520 1777.3
1106530 1777.3
1106540 1777.1
1106550 1779.4
1106560 1782.8
1106570 1782.8
1106580 1785.5
1106590 1789.8
1106600 1789.8
1106610 1794.1
1106620 1799.2
1106630 1799.2
1106640 1801.8
1106650 1801.9
1106660 1801.9
1106670 1805.7
1106680 1811.1
1106690 1811.1
1106700 1810.6
1106710 1812.7
1106720 1812.7
1106730 1811.6
1106740 1803.8
1106750 1803.8
1106760 1797.0
1106770 1795.4
1106780 1795.4
1106790 1797.9
1106800 1804.2
1106810 1812.5
1106820 1812.5
1106830 1814.2
1106840 1809.4
1106850 1809.4
1106860 1799.5
1106870 1792.1
1106880 1792.1
1106890 1791.5
1106900 1787.2
1106910 1787.2
1106920 1784.4
1106930 1782.5
1106940 1782.5
1106950 1781.4
1106960 1781.9
1106970 1781.9
1106980 1782.1
1106990 1777.1
1107000 1777.1
1107010 1774.2
1107020 1773.0
1107030 1773.0
1107040 1774.4
1107050 1772.4
1107060 1761.5
1107070 1761.5
1107080 1753.5
1107090 1747.3
1107100 1747.3
1107110 1739.6
1107120 1732.9
1107130 1732.9
1107140 1724.9
1107150 1726.2
1107160 1726.2
1107170 1722.8
1107180 1721.6
1107190 1721.6
1107200 1720.9
1107210 1720.7
1107220 1720.7
1107230 1721.9
1107240 1725.9
1107250 1725.9
1107260 1727.9
1107270 1728.8
1107280 1728.8
1107290 1728.4
1107300 1730.2
1107310 1730.2
1107320 1735.7
1107330 1741.6
1107340 1744.7
1107350 1744.7
1107360 1746.9
1107370 1746.6
1107380 1746.6
1107390 1747.3
1107400 1745.3
1107410 1745.3
1107420 1742.4
1107430 1742.6
1107440 1742.6
1107450 1740.0
1107460 1732.4
1107470 1732.4
1107480 1727.7
1107490 1722.8
1107500 1722.8
1107510 1718.5
1107520 1715.8
1107530 1715.8
1107540 1716.7
1107550 1720.0
1107560 1720.0
1107570 1722.0
1107580 1720.9
1107590 1717.5
1107600 1717.5
1107610 1713.2
1107620 1708.8
1107630 1708.8
1107640 1704.6
1107650 1700.4
1107660 1700.4
1107670 1696.3
1107680 1692.2
1107690 1692.2
1107700 1687.9
1107710 1684.3
1107720 1684.3
1107730 1680.0
1107740 1676.3
1107750 1676.3
1107760 1672.8
1107770 1669.3
1107780 1669.3
1107790 1665.5
1107800 1662.8
1107810 1662.8
1107820 1667.3
1107830 1664.9
1107840 1663.1
1107850 1663.1
1107860 1661.9
1107870 1660.3
1107880 1660.3
1107890 1659.1
1107900 1660.4
1107910 1660.4
1107920 1660.9
1107930 1661.1
1107940 1661.1
1107950 1658.8
1107960 1655.0
1107970 1655.0
1107980 1652.9
1107990 1651.8
1108000 1651.8
1108010 1656.7
1108020 1657.1
1108030 1657.1
1108040 1653.8
1108050 1651.5
1108060 1651.5
1108070 1655.5
1108080 1661.3
1108090 1667.8
1108100 1667.8
1108110 1673.7
1108120 1677.8
1108130 1677.8
1108140 1680.0
1108150 1681.4
1108160 1677.9
1108170 1679.1
1108180 1679.6
1108190 1679.6
1108200 1680.6
1108210 1682.6
1108220 1682.6
1108230 1683.3
1108240 1685.7
1108250 1685.7
1108260 1688.5
1108270 1690.3
1108280 1690.3
1108290 1691.8
1108300 1692.7
1108310 1692.7
1108320 1694.6
1108330 1697.8
1108340 1700.8
1108350 1700.8
1108360 1705.0
1108370 1709.6
1108380 1709.6
1108390 1713.6
1108400 1716.4
1108410 1716.4
1108420 1719.3
1108430 1722.7
1108440 1722.7
1108450 1724.2
1108460 1727.6
1108470 1727.6
1108480 1731.5
1108490 1735.4
1108500 1734.7
1108510 1739.3
1108520 1743.5
1108530 1743.5
1108540 1748.7
1108550 1753.3
1108560 1753.3
1108570 1757.0
1108580 1761.5
1108590 1767.1
1108600 1767.1
1108610 1773.2
1108620 1778.8
1108630 1778.8
1108640 1784.7
1108650 1790.5
1108660 1790.5
1108670 1796.1
1108680 1801.8
1108690 1801.8
1108700 1807.8
1108710 1813.9
1108720 1813.9
1108730 1820.4
1108740 1826.9
1108750 1826.9
1108760 1833.6
1108770 1840.0
1108780 1840.0
1108790 1845.4
1108800 1863.7
1108810 1863.7
1108820 1882.7
1108830 1904.5
1108840 1887.7
1108850 1887.7
1108860 1886.7
1108870 1886.7
1108880 1886.7
1108890 1892.8
1108900 1900.5
1108910 1900.5
1108920 1906.9
1108930 1914.8
1108940 1914.8
1108950 1923.7
1108960 1931.0
1108970 1931.0
1108980 1939.3
1108990 1947.8
1109000 1947.8
1109010 1957.6
1109020 1969.4
1109030 1969.4
1109040 1979.6
1109050 1987.9
1109060 1987.9
1109070 1998.9
1109080 2013.9
1109090 2024.6
1109100 2024.6
1109110 2036.9
1109120 2051.0
1109130 2051.0
1109140 2061.9
1109150 2074.8
1109160 2074.8
1109170 2076.0
1109180 2085.9
1109190 2085.9
1109200 2093.5
1109210 2095.9
1109220 2095.9
1109230 2094.0
1109240 2093.0
1109250 2093.0
1109260 2096.2
1109270 2100.2
1109280 2100.2
1109290 2100.2
1109300 2095.3
1109310 2095.3
1109320 2094.2
1109330 2095.6
1109340 2087.3
1109350 2087.3
1109360 2078.2
1109370 2073.9
1109380 2073.9
1109390 2068.6
1109400 2069.3
1109410 2069.3
1109420 2069.6
1109430 2070.4
1109440 2070.4
1109450 2070.7
1109460 2070.5
1109470 2070.5
1109480 2069.6
1109490 2069.1
1109500 2069.1
1109510 2074.0
1109520 2071.3
1109530 2071.3
1109540 2068.3
1109550 2064.1
1109560 2064.1
1109570 2059.7
1109580 2063.4
1109590 2062.5
1109600 2062.5
1109610 2057.3
1109620 2054.8
1109630 2054.8
1109640 2065.2
1109650 2057.9
1109660 2057.9
1109670 2051.5
1109680 2049.7
1109690 2049.7
1109700 2046.4
1109710 2022.5
1109720 2022.5
1109730 1993.4
1109740 1981.1
1109750 1981.1
1109760 1976.3
1109770 1970.5
1109780 1970.5
1109790 1964.9
1109800 1962.1
1109810 1962.1
1109820 1960.2
1109830 1957.5
1109840 1955.6
1109850 1969.5
1109860 1971.3
1109870 1969.8
1109880 1969.8
1109890 1958.0
1109900 1948.6
1109910 1948.6
1109920 1943.3
1109930 1936.9
1109940 1936.9
1109950 1930.9
1109960 1929.6
1109970 1929.6
1109980 1933.5
1109990 1934.2
1110000 1934.2
1110010 1933.3
1110020 1931.3
1110030 1931.3
1110040 1929.7
1110050 1928.6
1110060 1928.6
1110070 1927.1
1110080 1925.9
1110090 1924.4
1110100 1924.4
1110110 1922.9
1110120 1918.3
1110130 1918.3
1110140 1915.6
1110150 1913.8
1110160 1913.8
1110170 1912.3
1110180 1909.5
1110190 1915.4
1110200 1911.9
1110210 1910.0
1110220 1910.0
1110230 1915.7
1110240 1918.7
1110250 1918.7
1110260 1922.1
1110270 1923.9
1110280 1923.9
1110290 1925.8
1110300 1925.7
1110310 1925.7
1110320 1925.9
1110330 1926.2
1110340 1926.2
1110350 1926.8
1110360 1924.4
1110370 1926.0
1110380 1926.0
1110390 1929.0
1110400 1933.1
1110410 1933.1
1110420 1939.4
1110430 1945.8
1110440 1945.8
1110450 1951.2
1110460 1954.9
1110470 1954.9
1110480 1958.4
1110490 1965.1
1110500 1965.1
1110510 1974.0
1110520 1985.0
1110530 1985.4
1110540 2000.8
1110550 2018.6
1110560 2018.6
1110570 2034.8
1110580 2044.8
1110590 2044.8
1110600 2054.2
1110610 2063.1
1110620 2071.5
1110630 2071.5
1110640 2075.9
1110650 2070.9
1110660 2070.9
1110670 2060.8
1110680 2052.8
1110690 2052.8
1110700 2047.4
1110710 2041.8
1110720 2041.8
1110730 2030.9
1110740 2021.0
1110750 2021.0
1110760 2014.0
1110770 2013.4
1110780 2013.4
1110790 2015.3
1110800 2013.8
1110810 2013.8
1110820 2014.1
1110830 2016.7
1110840 2016.7
1110850 2019.5
1110860 2021.6
1110870 2031.0
1110880 2031.0
1110890 2034.4
1110900 2033.8
1110910 2033.8
1110920 2034.6
1110930 2039.5
1110940 2039.5
1110950 2045.4
1110960 2050.4
1110970 2050.4
1110980 2056.7
1110990 2061.0
1111000 2061.0
1111010 2069.8
1111020 2083.4
1111030 2083.4
1111040 2094.1
1111050 2113.7
1111060 2113.7
1111070 2128.3
1111080 2145.5
1111090 2145.5
1111100 2158.9
1111110 2166.6
1111120 2174.6
1111130 2174.6
1111140 2185.0
1111150 2193.1
1111160 2193.1
1111170 2192.2
1111180 2183.0
1111190 2183.0
1111200 2173.4
1111210 2167.9
1111220 2167.9
1111230 2160.0
1111240 2155.0
1111250 2155.0
1111260 2150.4
1111270 2146.2
1111280 2146.2
1111290 2141.6
1111300 2136.8
1111310 2136.8
1111320 2132.6
1111330 2125.6
1111340 2125.6
1111350 2117.2
1111360 2115.5
1111370 2115.8
1111380 2115.8
1111390 2111.4
1111400 2107.8
1111410 2107.8
1111420 2108.1
1111430 2111.8
1111440 2111.8
1111450 2116.3
1111460 2120.6
1111470 2120.6
1111480 2125.2
1111490 2130.8
1111500 2130.8
1111510 2137.0
1111520 2142.0
1111530 2142.0
1111540 2144.4
1111550 2150.5
1111560 2150.5
1111570 2151.1
1111580 2150.4
1111590 2150.4
1111600 2148.0
1111610 2141.6
1111620 2131.4
1111630 2131.4
1111640 2114.8
1111650 2104.8
1111660 2104.8
1111670 2100.8
1111680 2096.3
1111690 2096.3
1111700 2094.8
1111710 2097.7
1111720 2097.7
1111730 2097.7
1111740 2096.6
1111750 2096.6
1111760 2094.5
1111770 2092.4
1111780 2092.4
1111790 2091.1
1111800 2091.8
1111810 2091.8
1111820 2092.4
1111830 2091.2
1111840 2091.2
1111850 2087.3
1111860 2087.5
1111870 2088.4
1111880 2088.4
1111890 2093.4
1111900 2092.5
1111910 2092.5
1111920 2091.8
1111930 2090.6
1111940 2090.6
1111950 2091.1
1111960 2091.5
1111970 2091.5
1111980 2090.2
1111990 2088.6
1112000 2088.6
1112010 2085.9
1112020 2085.8
1112030 2085.8
1112040 2083.8
1112050 2075.8
1112060 2075.8
1112070 2070.0
1112080 2062.9
1112090 2062.9
1112100 2055.9
1112110 2056.0
1112120 2057.9
1112130 2057.9
1112140 2058.5
1112150 2056.9
1112160 2056.9
1112170 2055.9
1112180 2058.1
1112190 2058.1
1112200 2060.6
1112210 2065.1
1112220 2065.1
1112230 2082.7
1112240 2088.7
1112250 2088.7
1112260 2093.7
1112270 2096.0
1112280 2096.0
1112290 2095.0
1112300 2090.3
1112310 2090.3
1112320 2086.8
1112330 2085.4
1112340 2085.4
1112350 2085.7
1112360 2086.6
1112370 2087.0
1112380 2087.0
1112390 2089.5
1112400 2090.8
1112410 2090.8
1112420 2093.1
1112430 2098.3
1112440 2098.3
1112450 2099.3
1112460 2095.6
1112470 2095.6
1112480 2092.8
1112490 2089.9
1112500 2089.9
1112510 2087.6
1112520 2085.2
1112530 2085.2
1112540 2077.9
1112550 2071.4
1112560 2071.4
1112570 2063.8
1112580 2063.6
1112590 2063.6
1112600 2043.5
1112610 2025.9
1112620 2008.5
1112630 2008.5
1112640 1999.2
1112650 1991.0
1112660 1991.0
1112670 1982.9
1112680 1983.0
1112690 1983.0
1112700 1981.6
1112710 1977.3
1112720 1977.3
1112730 1971.0
1112740 1968.4
1112750 1968.4
1112760 1970.9
1112770 1971.9
1112780 1971.9
1112790 1969.7
1112800 1967.7
1112810 1967.7
1112820 1963.8
1112830 1961.1
1112840 1961.1
1112850 1962.3
1112860 1963.2
1112870 1964.3
1112880 1964.3
1112890 1964.8
1112900 1966.9
1112910 1966.9
1112920 1975.0
1112930 1971.2
1112940 1971.2
1112950 1964.9
1112960 1961.5
1112970 1961.5
1112980 1960.2
1112990 1959.0
1113000 1959.0
1113010 1957.6
1113020 1955.9
1113030 1955.9
1113040 1956.2
1113050 1956.5
1113060 1956.5
1113070 1954.3
1113080 1951.4
1113090 1951.4
1113100 1949.2
1113110 1948.4
1113120 1947.8
1113130 1947.8
1113140 1945.3
1113150 1942.6
1113160 1942.6
1113170 1940.1
1113180 1938.6
1113190 1938.6
1113200 1936.3
1113210 1934.9
1113220 1934.9
1113230 1935.2
1113240 1934.1
1113250 1934.1
1113260 1936.8
1113270 1935.3
1113280 1935.3
1113290 1935.0
1113300 1934.2
1113310 1934.2
1113320 1932.5
1113330 1930.7
1113340 1930.7
1113350 1928.6
1113360 1926.9
1113370 1925.1
1113380 1925.1
1113390 1923.3
1113400 1921.7
1113410 1921.7
1113420 1921.1
1113430 1920.8
1113440 1920.8
1113450 1920.5
1113460 1919.4
1113470 1919.4
1113480 1917.2
1113490 1916.7
1113500 1916.7
1113510 1916.3
1113520 1915.0
1113530 1915.0
1113540 1914.4
1113550 1913.9
1113560 1913.9
1113570 1913.4
1113580 1912.7
1113590 1912.7
1113600 1918.4
1113610 1917.4
1113620 1916.1
1113630 1916.1
1113640 1915.0
1113650 1914.2
1113660 1914.2
1113670 1914.4
1113680 1915.4
1113690 1915.4
1113700 1916.2
1113710 1916.3
1113720 1916.3
1113730 1915.7
1113740 1913.6
1113750 1913.6
1113760 1912.3
1113770 1910.6
1113780 1910.6
1113790 1910.8
1113800 1913.1
1113810 1913.1
1113820 1912.7
1113830 1915.4
1113840 1915.4
1113850 1919.3
1113860 1922.5
1113870 1925.6
1113880 1925.6
1113890 1929.4
1113900 1933.6
1113910 1933.6
1113920 1936.9
1113930 1940.1
1113940 1940.1
1113950 1942.4
1113960 1947.9
1113970 1947.9
1113980 1952.5
1113990 1957.9
1114000 1957.9
1114010 1964.1
1114020 1970.2
1114030 1970.2
1114040 1976.5
1114050 1984.9
1114060 1984.9
1114070 1996.4
1114080 2005.7
1114090 2005.7
1114100 2012.3
1114110 2017.8
1114120 2017.8
1114130 2023.4
1114140 2029.3
1114150 2036.1
1114160 2036.1
1114170 2045.8
1114180 2062.5
1114190 2062.5
1114200 2082.0
1114210 2085.4
1114220 2085.4
1114230 2085.3
1114240 2086.9
1114250 2086.9
1114260 2089.0
1114270 2093.4
1114280 2093.4
1114290 2094.2
1114300 2099.1
1114310 2099.1
1114320 2105.0
1114330 2108.5
1114340 2108.5
1114350 2108.3
1114360 2106.5
1114370 2106.5
1114380 2103.2
1114390 2101.6
1114400 2100.6
1114410 2100.6
1114420 2100.1
1114430 2096.4
1114440 2096.4
1114450 2095.9
1114460 2094.8
1114470 2094.8
1114480 2087.6
1114490 2081.6
1114500 2081.6
1114510 2079.7
1114520 2079.3
1114530 2079.3
1114540 2077.4
1114550 2073.9
1114560 2073.9
1114570 2071.0
1114580 2071.0
1114590 2071.0
1114600 2073.0
1114610 2073.9
1114620 2073.9
1114630 2083.1
1114640 2083.8
1114650 2083.2
1114660 2083.2
1114670 2083.2
1114680 2081.9
1114690 2081.9
1114700 2080.4
1114710 2077.2
1114720 2077.2
1114730 2074.7
1114740 2072.9
1114750 2072.9
1114760 2072.8
1114770 2069.8
1114780 2069.8
1114790 2069.1
1114800 2065.8
1114810 2065.8
1114820 2063.7
1114830 2062.8
1114840 2062.8
1114850 2059.4
1114860 2057.9
1114870 2057.9
1114880 2056.7
1114890 2052.1
1114900 2046.7
1114910 2046.7
1114920 2041.5
1114930 2038.7
1114940 2038.7
1114950 2038.2
1114960 2040.0
1114970 2040.0
1114980 2042.6
1114990 2042.1
1115000 2042.1
1115010 2039.5
1115020 2037.8
1115030 2037.8
1115040 2038.5
1115050 2038.4
1115060 2038.4
1115070 2037.4
1115080 2035.7
1115090 2035.7
1115100 2036.3
1115110 2038.0
1115120 2038.0
1115130 2040.9
1115140 2044.4
1115150 2045.9
1115160 2045.9
1115170 2045.8
1115180 2045.4
1115190 2045.4
1115200 2045.5
1115210 2046.3
1115220 2046.3
1115230 2048.3
1115240 2050.4
1115250 2050.4
1115260 2050.2
1115270 2050.0
1115280 2050.0
1115290 2049.9
1115300 2049.9
1115310 2049.9
1115320 2049.8
1115330 2051.5
1115340 2051.5
1115350 2052.9
1115360 2052.4
1115370 2052.4
1115380 2053.9
1115390 2053.2
1115400 2050.6
1115410 2050.6
1115420 2051.8
1115430 2053.5
1115440 2053.5
1115450 2054.9
1115460 2056.2
1115470 2056.2
1115480 2057.5
1115490 2060.9
1115500 2060.9
1115510 2064.6
1115520 2067.6
1115530 2067.6
1115540 2070.3
1115550 2072.6
1115560 2072.6
1115570 2074.5
1115580 2074.8
1115590 2074.8
1115600 2072.8
1115610 2072.5
1115620 2072.5
1115630 2074.2
1115640 2080.6
1115650 2088.1
1115660 2088.1
1115670 2083.7
1115680 2083.6
1115690 2083.6
1115700 2084.5
1115710 2087.6
1115720 2087.6
1115730 2091.2
1115740 2094.6
1115750 2094.6
1115760 2098.0
1115770 2102.6
1115780 2102.6
1115790 2105.9
1115800 2107.2
1115810 2107.2
1115820 2106.8
1115830 2106.1
1115840 2106.1
1115850 2103.1
1115860 2096.8
1115870 2096.8
1115880 2101.7
1115890 2107.5
1115900 2107.1
1115910 2107.1
1115920 2101.5
1115930 2103.7
1115940 2103.7
1115950 2104.5
1115960 2110.3
1115970 2110.3
1115980 2112.2
1115990 2111.0
1116000 2111.0
1116010 2102.2
1116020 2100.8
1116030 2100.8
1116040 2104.2
1116050 2105.5
1116060 2105.5
1116070 2104.4
1116080 2100.7
1116090 2100.7
1116100 2098.2
1116110 2090.8
1116120 2090.8
1116130 2085.1
1116140 2078.6
1116150 2072.4
1116160 2072.4
1116170 2066.5
1116180 2061.2
1116190 2061.2
1116200 2056.4
1116210 2053.0
1116220 2053.0
1116230 2049.6
1116240 2042.2
1116250 2042.2
1116260 2035.9
1116270 2028.1
1116280 2028.1
1116290 2018.1
1116300 2006.6
1116310 2006.6
1116320 1996.8
1116330 1989.3
1116340 1989.3
1116350 1984.3
1116360 1974.3
1116370 1974.3
1116380 1969.0
1116390 1965.1
1116400 1960.5
1116410 1960.5
1116420 1954.4
1116430 1949.9
1116440 1949.9
1116450 1945.7
1116460 1938.7
1116470 1938.7
1116480 1934.4
1116490 1929.1
1116500 1929.1
1116510 1923.0
1116520 1917.1
1116530 1917.1
1116540 1911.4
1116550 1905.5
1116560 1905.5
1116570 1899.6
1116580 1894.6
1116590 1894.6
1116600 1891.3
1116610 1885.9
1116620 1885.9
1116630 1879.6
1116640 1872.7
1116650 1865.4
1116660 1865.4
1116670 1858.2
1116680 1850.3
1116690 1850.3
1116700 1841.4
1116710 1838.4
1116720 1838.4
1116730 1836.6
1116740 1832.9
1116750 1832.9
1116760 1827.3
1116770 1824.3
1116780 1824.3
1116790 1824.8
1116800 1825.7
1116810 1825.7
1116820 1824.7
1116830 1821.3
1116840 1821.3
1116850 1818.7
1116860 1812.5
1116870 1812.5
1116880 1808.6
1116890 1808.8
1116900 1810.2
1116910 1810.2
1116920 1808.4
1116930 1803.7
1116940 1803.7
1116950 1801.3
1116960 1797.5
1116970 1797.5
1116980 1792.1
1116990 1785.0
1117000 1785.0
1117010 1778.2
1117020 1773.9
1117030 1773.9
1117040 1776.4
1117050 1772.2
1117060 1772.2
1117070 1769.5
1117080 1765.6
1117090 1765.6
1117100 1762.1
1117110 1758.7
1117120 1758.7
1117130 1755.2
1117140 1752.0
1117150 1748.7
1117160 1748.7
1117170 1744.2
1117180 1739.9
1117190 1739.9
1117200 1737.1
1117210 1732.3
1117220 1732.3
1117230 1725.8
1117240 1719.2
1117250 1719.2
1117260 1717.0
1117270 1716.1
1117280 1716.1
1117290 1717.6
1117300 1719.8
1117310 1719.8
1117320 1718.1
1117330 1714.7
1117340 1714.7
1117350 1711.7
1117360 1709.2
1117370 1709.2
1117380 1706.2
1117390 1701.5
1117400 1698.9
1117410 1698.9
1117420 1695.4
1117430 1691.4
1117440 1691.4
1117450 1687.8
1117460 1684.4
1117470 1684.4
1117480 1680.5
1117490 1676.4
1117500 1676.4
1117510 1672.9
1117520 1669.7
1117530 1669.7
1117540 1665.8
1117550 1662.1
1117560 1662.1
1117570 1659.8
1117580 1657.3
1117590 1657.3
1117600 1654.8
1117610 1652.2
1117620 1652.2
1117630 1649.5
1117640 1643.7
1117650 1635.9
1117660 1635.9
1117670 1628.6
1117680 1623.0
1117690 1623.0
1117700 1619.9
1117710 1616.1
1117720 1616.1
1117730 1613.9
1117740 1611.6
1117750 1611.6
1117760 1611.0
1117770 1610.5
1117780 1610.5
1117790 1609.9
1117800 1609.4
1117810 1609.4
1117820 1609.6
1117830 1613.3
1117840 1613.3
1117850 1619.8
1117860 1622.6
1117870 1622.6
1117880 1621.7
1117890 1622.4
1117900 1623.2
1117910 1623.2
1117920 1623.4
1117930 1624.4
1117940 1624.4
1117950 1626.8
1117960 1626.5
1117970 1626.5
1117980 1625.2
1117990 1624.0
1118000 1624.0
1118010 1623.3
1118020 1622.7
1118030 1622.7
1118040 1622.6
1118050 1622.9
1118060 1622.9
1118070 1623.7
1118080 1622.3
1118090 1617.9
1118100 1611.8
1118110 1606.9
1118120 1606.9
1118130 1602.7
1118140 1602.4
1118150 1602.1
1118160 1602.1
1118170 1599.5
1118180 1599.5
1118190 1599.5
1118200 1599.7
1118210 1599.9
1118220 1599.9
1118230 1600.2
1118240 1600.7
1118250 1600.7
1118260 1601.1
1118270 1599.0
1118280 1599.0
1118290 1597.4
1118300 1599.4
1118310 1599.4
1118320 1607.6
1118330 1614.7
1118340 1614.7
1118350 1617.7
1118360 1618.9
1118370 1618.9
1118380 1619.0
1118390 1619.0
1118400 1619.0
1118410 1619.4
1118420 1619.6
1118430 1619.7
1118440 1619.7
1118450 1618.1
1118460 1615.5
1118470 1615.5
1118480 1614.9
1118490 1614.3
1118500 1614.3
1118510 1613.6
1118520 1613.2
1118530 1613.2
1118540 1613.4
1118550 1613.0
1118560 1613.0
1118570 1611.8
1118580 1611.4
1118590 1611.4
1118600 1610.1
1118610 1608.8
1118620 1608.8
1118630 1607.2
1118640 1606.4
1118650 1606.4
1118660 1605.9
1118670 1603.8
1118680 1602.9
1118690 1602.9
1118700 1602.0
1118710 1598.5
1118720 1598.5
1118730 1596.4
1118740 1587.6
1118750 1587.6
1118760 1585.1
1118770 1586.0
1118780 1585.9
1118790 1592.0
1118800 1598.3
1118810 1598.3
1118820 1600.0
1118830 1602.1
1118840 1602.1
1118850 1603.7
1118860 1605.4
1118870 1605.4
1118880 1606.5
1118890 1607.0
1118900 1607.0
1118910 1607.3
1118920 1606.6
1118930 1605.6
1118940 1605.6
1118950 1604.7
1118960 1603.9
1118970 1603.9
1118980 1604.0
1118990 1603.7
1119000 1603.7
1119010 1603.2
1119020 1603.5
1119030 1603.5
1119040 1602.9
1119050 1600.5
1119060 1600.5
1119070 1597.9
1119080 1597.9
1119090 1597.9
1119100 1598.0
1119110 1598.0
1119120 1598.0
1119130 1598.5
1119140 1596.1
1119150 1596.1
1119160 1595.0
1119170 1592.0
1119180 1584.9
1119190 1584.9
1119200 1588.4
1119210 1595.0
1119220 1595.0
1119230 1595.7
1119240 1594.6
1119250 1594.6
1119260 1594.9
1119270 1597.0
1119280 1597.0
1119290 1596.5
1119300 1596.5
1119310 1596.5
1119320 1597.1
1119330 1596.6
1119340 1596.6
1119350 1595.7
1119360 1595.5
1119370 1595.5
1119380 1594.2
1119390 1594.4
1119400 1594.4
1119410 1594.8
1119420 1594.8
1119430 1594.5
1119440 1594.5
1119450 1594.0
1119460 1594.2
1119470 1594.2
1119480 1596.4
1119490 1597.8
1119500 1597.8
1119510 1597.9
1119520 1597.9
1119530 1597.9
1119540 1598.5
1119550 1597.4
1119560 1597.4
1119570 1596.8
1119580 1596.4
1119590 1596.4
1119600 1597.4
1119610 1595.7
1119620 1595.7
1119630 1595.8
1119640 1596.4
1119650 1596.4
1119660 1596.9
1119670 1597.6
1119680 1599.6
1119690 1599.6
1119700 1600.2
1119710 1597.6
1119720 1597.6
1119730 1596.9
1119740 1597.0
1119750 1597.0
1119760 1597.1
1119770 1597.3
1119780 1597.3
1119790 1597.2
1119800 1596.4
1119810 1596.4
1119820 1598.4
1119830 1602.2
1119840 1602.2
1119850 1602.8
1119860 1600.1
1119870 1600.1
1119880 1600.2
1119890 1602.1
1119900 1602.1
1119910 1602.5
1119920 1599.6
1119930 1598.9
1119940 1598.9
1119950 1599.4
1119960 1600.0
1119970 1600.0
1119980 1600.3
1119990 1600.9
