1100000 994.5
1100010 998.0
1100020 998.0
1100030 999.3
1100040 1000.2
1100050 1000.2
1100060 1001.0
1100070 1002.1
1100080 1002.1
1100090 1002.5
1100100 1002.8
1100110 1002.8
1100120 1003.0
1100130 1003.0
1100140 1003.0
1100150 1003.2
1100160 1003.4
1100170 1003.4
1100180 999.8
1100190 998.8
1100200 998.8
1100210 997.5
1100220 997.1
1100230 995.9
1100240 995.9
1100250 995.4
1100260 995.9
1100270 995.9
1100280 995.9
1100290 995.3
1100300 995.3
1100310 993.9
1100320 992.9
1100330 992.9
1100340 992.3
1100350 991.8
1100360 991.8
1100370 991.2
1100380 990.8
1100390 990.8
1100400 991.3
1100410 991.6
1100420 991.6
1100430 991.6
1100440 991.0
1100450 991.0
1100460 987.9
1100470 986.5
1100480 986.3
1100490 986.3
1100500 988.1
1100510 992.2
1100520 992.2
1100530 996.0
1100540 999.0
1100550 999.0
1100560 998.3
1100570 999.7
1100580 999.7
1100590 1005.6
1100600 1009.1
1100610 1009.1
1100620 1017.5
1100630 1024.5
1100640 1024.5
1100650 1032.5
1100660 1036.3
1100670 1036.3
1100680 1039.6
1100690 1043.7
1100700 1043.7
1100710 1046.3
1100720 1048.0
1100730 1048.5
1100740 1048.5
1100750 1048.2
1100760 1047.2
1100770 1047.2
1100780 1045.8
1100790 1044.0
1100800 1044.0
1100810 1043.4
1100820 1044.4
1100830 1044.4
1100840 1047.6
1100850 1046.0
1100860 1046.0
1100870 1050.7
1100880 1053.5
1100890 1053.5
1100900 1055.7
1100910 1057.7
1100920 1057.7
1100930 1059.9
1100940 1062.7
1100950 1062.7
1100960 1065.7
1100970 1067.9
1100980 1069.5
1100990 1069.5
1101000 1070.6
1101010 1070.8
1101020 1070.8
1101030 1070.4
1101040 1070.6
1101050 1070.6
1101060 1070.4
1101070 1069.4
1101080 1069.4
1101090 1068.1
1101100 1066.7
1101110 1066.7
1101120 1066.8
1101130 1067.7
1101140 1067.7
1101150 1068.8
1101160 1069.2
1101170 1069.2
1101180 1062.0
1101190 1061.1
1101200 1061.1
1101210 1060.5
1101220 1059.7
1101230 1058.2
1101240 1058.2
1101250 1053.6
1101260 1048.8
1101270 1048.8
1101280 1044.3
1101290 1040.9
1101300 1040.9
1101310 1038.4
1101320 1036.5
1101330 1036.5
1101340 1035.5
1101350 1035.9
1101360 1035.9
1101370 1037.1
1101380 1038.4
1101390 1038.4
1101400 1038.6
1101410 1038.2
1101420 1038.2
1101430 1038.3
1101440 1038.9
1101450 1038.9
1101460 1039.5
1101470 1039.9
1101480 1040.6
1101490 1040.6
1101500 1041.3
1101510 1042.4
1101520 1042.4
1101530 1045.3
1101540 1047.8
1101550 1047.8
1101560 1052.0
1101570 1055.5
1101580 1055.5
1101590 1058.6
1101600 1060.5
1101610 1060.5
1101620 1062.6
1101630 1064.1
1101640 1064.1
1101650 1067.4
1101660 1072.9
1101670 1072.9
1101680 1075.0
1101690 1078.7
1101700 1078.7
1101710 1080.9
1101720 1083.8
1101730 1089.9
1101740 1089.9
1101750 1094.7
1101760 1097.4
1101770 1097.4
1101780 1098.4
1101790 1100.4
1101800 1100.4
1101810 1102.9
1101820 1106.1
1101830 1106.1
1101840 1114.3
1101850 1119.1
1101860 1119.1
1101870 1121.8
1101880 1124.2
1101890 1124.2
1101900 1127.0
1101910 1129.5
1101920 1129.5
1101930 1132.1
1101940 1134.5
1101950 1134.5
1101960 1137.2
1101970 1139.7
1101980 1139.7
1101990 1142.8
1102000 1145.4
1102010 1148.4
1102020 1148.4
1102030 1150.6
1102040 1153.9
1102050 1153.9
1102060 1159.7
1102070 1166.4
1102080 1166.4
1102090 1171.7
1102100 1172.8
1102110 1172.8
1102120 1173.4
1102130 1173.6
1102140 1173.6
1102150 1173.3
1102160 1175.2
1102170 1181.5
1102180 1185.1
1102190 1188.4
1102200 1188.4
1102210 1191.3
1102220 1194.4
1102230 1194.4
1102240 1197.5
1102250 1201.0
1102260 1204.9
1102270 1204.9
1102280 1209.0
1102290 1212.8
1102300 1212.8
1102310 1215.6
1102320 1216.3
1102330 1216.3
1102340 1217.6
1102350 1219.8
1102360 1219.8
1102370 1222.0
1102380 1223.4
1102390 1223.4
1102400 1224.3
1102410 1226.7
1102420 1226.7
1102430 1229.8
1102440 1233.4
1102450 1233.4
1102460 1236.5
1102470 1241.5
1102480 1241.5
1102490 1247.2
1102500 1255.8
1102510 1266.1
1102520 1266.1
1102530 1273.7
1102540 1279.2
1102550 1279.2
1102560 1281.7
1102570 1281.5
1102580 1281.5
1102590 1282.4
1102600 1284.0
1102610 1284.0
1102620 1290.8
1102630 1299.9
1102640 1299.9
1102650 1306.7
1102660 1308.4
1102670 1308.4
1102680 1305.9
1102690 1306.3
1102700 1306.3
1102710 1306.8
1102720 1306.6
1102730 1306.6
1102740 1308.3
1102750 1310.9
1102760 1312.9
1102770 1312.9
1102780 1315.0
1102790 1318.3
1102800 1318.3
1102810 1318.4
1102820 1320.0
1102830 1320.0
1102840 1331.8
1102850 1332.9
1102860 1332.9
1102870 1333.7
1102880 1332.7
1102890 1332.7
1102900 1331.5
1102910 1330.2
1102920 1330.2
1102930 1329.9
1102940 1331.6
1102950 1331.6
1102960 1332.0
1102970 1330.5
1102980 1330.5
1102990 1330.9
1103000 1334.3
1103010 1336.3
1103020 1336.3
1103030 1336.0
1103040 1335.7
1103050 1335.7
1103060 1337.7
1103070 1339.6
1103080 1339.6
1103090 1341.9
1103100 1343.9
1103110 1343.9
1103120 1345.5
1103130 1348.6
1103140 1348.6
1103150 1348.7
1103160 1349.5
1103170 1357.2
1103180 1356.8
1103190 1354.3
1103200 1354.3
1103210 1352.1
1103220 1351.0
1103230 1351.0
1103240 1351.6
1103250 1352.4
1103260 1353.1
1103270 1353.1
1103280 1354.6
1103290 1356.0
1103300 1356.0
1103310 1355.1
1103320 1354.4
1103330 1354.4
1103340 1355.0
1103350 1354.8
1103360 1354.8
1103370 1355.8
1103380 1357.8
1103390 1357.8
1103400 1358.3
1103410 1359.1
1103420 1359.1
1103430 1359.9
1103440 1361.0
1103450 1361.0
1103460 1361.1
1103470 1360.8
1103480 1360.8
1103490 1359.3
1103500 1366.5
1103510 1365.7
1103520 1365.7
1103530 1363.5
1103540 1362.1
1103550 1362.1
1103560 1360.5
1103570 1358.4
1103580 1358.4
1103590 1356.2
1103600 1353.9
1103610 1353.9
1103620 1353.0
1103630 1352.7
1103640 1352.7
1103650 1351.5
1103660 1350.0
1103670 1350.0
1103680 1348.6
1103690 1347.0
1103700 1347.0
1103710 1344.3
1103720 1342.7
1103730 1342.7
1103740 1341.9
1103750 1340.4
1103760 1339.3
1103770 1339.3
1103780 1338.0
1103790 1336.2
1103800 1336.2
1103810 1334.3
1103820 1333.0
1103830 1333.0
1103840 1338.6
1103850 1336.8
1103860 1336.8
1103870 1334.1
1103880 1331.4
1103890 1331.4
1103900 1328.2
1103910 1326.0
1103920 1326.0
1103930 1324.1
1103940 1322.2
1103950 1322.2
1103960 1320.0
1103970 1318.7
1103980 1318.7
1103990 1316.0
1104000 1312.0
1104010 1310.2
1104020 1310.2
1104030 1308.8
1104040 1307.9
1104050 1307.9
1104060 1307.8
1104070 1306.4
1104080 1306.4
1104090 1304.5
1104100 1299.8
1104110 1299.8
1104120 1294.5
1104130 1289.3
1104140 1289.3
1104150 1285.4
1104160 1282.9
1104170 1292.3
1104180 1286.7
1104190 1281.0
1104200 1281.0
1104210 1271.9
1104220 1268.3
1104230 1268.3
1104240 1267.3
1104250 1265.8
1104260 1265.8
1104270 1264.1
1104280 1262.2
1104290 1260.4
1104300 1260.4
1104310 1258.4
1104320 1255.6
1104330 1255.6
1104340 1251.6
1104350 1247.3
1104360 1247.3
1104370 1242.4
1104380 1237.6
1104390 1237.6
1104400 1232.8
1104410 1227.9
1104420 1227.9
1104430 1223.7
1104440 1221.2
1104450 1221.2
1104460 1219.7
1104470 1222.5
1104480 1222.5
1104490 1228.4
1104500 1233.8
1104510 1234.7
1104520 1239.7
1104530 1245.3
1104540 1250.8
1104550 1250.8
1104560 1256.8
1104570 1262.9
1104580 1262.9
1104590 1269.3
1104600 1275.5
1104610 1275.5
1104620 1281.5
1104630 1287.9
1104640 1287.9
1104650 1294.0
1104660 1300.3
1104670 1300.3
1104680 1306.5
1104690 1312.8
1104700 1312.8
1104710 1319.4
1104720 1326.3
1104730 1326.3
1104740 1333.1
1104750 1340.2
1104760 1340.2
1104770 1347.0
1104780 1354.2
1104790 1361.0
1104800 1361.0
1104810 1367.9
1104820 1375.0
1104830 1375.0
1104840 1379.9
1104850 1386.9
1104860 1386.9
1104870 1394.0
1104880 1401.4
1104890 1401.4
1104900 1408.6
1104910 1415.6
1104920 1415.6
1104930 1422.6
1104940 1429.3
1104950 1429.3
1104960 1436.0
1104970 1442.0
1104980 1442.0
1104990 1447.6
1105000 1453.1
1105010 1453.1
1105020 1459.9
1105030 1468.9
1105040 1488.1
1105050 1488.1
1105060 1506.7
1105070 1513.5
1105080 1513.5
1105090 1518.2
1105100 1528.2
1105110 1528.2
1105120 1538.8
1105130 1544.6
1105140 1544.6
1105150 1551.5
1105160 1558.5
1105170 1558.5
1105180 1570.3
1105190 1579.4
1105200 1579.4
1105210 1598.1
1105220 1620.6
1105230 1620.6
1105240 1635.2
1105250 1652.4
1105260 1652.4
1105270 1668.6
1105280 1673.0
1105290 1677.5
1105300 1677.5
1105310 1681.4
1105320 1685.7
1105330 1685.7
1105340 1688.8
1105350 1691.6
1105360 1691.6
1105370 1694.1
1105380 1699.3
1105390 1699.3
1105400 1703.1
1105410 1704.1
1105420 1704.1
1105430 1699.8
1105440 1699.6
1105450 1699.6
1105460 1703.6
1105470 1708.3
1105480 1708.3
1105490 1708.9
1105500 1706.4
1105510 1710.1
1105520 1708.5
1105530 1710.0
1105540 1714.7
1105550 1714.7
1105560 1717.2
1105570 1718.0
1105580 1718.0
1105590 1720.7
1105600 1721.7
1105610 1721.7
1105620 1720.3
1105630 1723.5
1105640 1723.5
1105650 1727.4
1105660 1729.6
1105670 1729.6
1105680 1735.3
1105690 1737.8
1105700 1737.8
1105710 1739.1
1105720 1740.2
1105730 1740.2
1105740 1742.9
1105750 1745.2
1105760 1745.2
1105770 1744.6
1105780 1743.0
1105790 1734.1
1105800 1734.1
1105810 1729.9
1105820 1727.1
1105830 1727.1
1105840 1725.5
1105850 1728.8
1105860 1728.8
1105870 1728.0
1105880 1727.4
1105890 1727.4
1105900 1723.7
1105910 1722.9
1105920 1722.9
1105930 1722.4
1105940 1721.9
1105950 1721.9
1105960 1720.2
1105970 1720.1
1105980 1720.1
1105990 1722.0
1106000 1722.4
1106010 1722.4
1106020 1722.8
1106030 1723.1
1106040 1721.5
1106050 1721.5
1106060 1719.1
1106070 1716.7
1106080 1716.7
1106090 1714.5
1106100 1710.1
1106110 1710.1
1106120 1711.0
1106130 1708.1
1106140 1708.1
1106150 1704.1
1106160 1702.1
1106170 1702.1
1106180 1711.0
1106190 1716.1
1106200 1716.1
1106210 1720.6
1106220 1721.8
1106230 1721.8
1106240 1725.6
1106250 1723.9
1106260 1723.9
1106270 1722.9
1106280 1723.5
1106290 1727.8
1106300 1727.8
1106310 1730.3
1106320 1734.3
1106330 1734.3
1106340 1732.7
1106350 1733.7
1106360 1733.7
1106370 1733.0
1106380 1731.0
1106390 1731.0
1106400 1728.6
1106410 1731.8
1106420 1731.8
1106430 1735.7
1106440 1740.2
1106450 1740.2
1106460 1742.7
1106470 1744.8
1106480 1744.8
1106490 1748.1
1106500 1752.4
1106510 1752.4
1106520 1761.0
1106530 1760.6
1106540 1759.3
1106550 1759.3
1106560 1760.4
1106570 1761.4
1106580 1761.4
1106590 1759.8
1106600 1764.3
1106610 1764.3
1106620 1764.3
1106630 1761.2
1106640 1761.2
1106650 1762.1
1106660 1764.6
1106670 1764.6
1106680 1769.1
1106690 1774.9
1106700 1774.9
1106710 1776.5
1106720 1776.2
1106730 1776.2
1106740 1768.9
1106750 1761.4
1106760 1761.4
1106770 1760.5
1106780 1761.7
1106790 1761.7
1106800 1762.1
1106810 1764.6
1106820 1763.7
1106830 1763.7
1106840 1754.4
1106850 1748.9
1106860 1751.4
1106870 1751.5
1106880 1752.3
1106890 1752.3
1106900 1751.9
1106910 1751.3
1106920 1751.3
1106930 1749.9
1106940 1746.1
1106950 1746.1
1106960 1739.6
1106970 1734.7
1106980 1734.7
1106990 1733.5
1107000 1731.3
1107010 1731.3
1107020 1727.3
1107030 1720.6
1107040 1720.6
1107050 1712.8
1107060 1704.9
1107070 1696.6
1107080 1696.6
1107090 1689.2
1107100 1684.6
1107110 1684.6
1107120 1679.2
1107130 1669.9
1107140 1669.9
1107150 1661.7
1107160 1657.1
1107170 1657.1
1107180 1654.7
1107190 1663.3
1107200 1663.3
1107210 1664.8
1107220 1666.9
1107230 1666.9
1107240 1666.5
1107250 1668.2
1107260 1668.2
1107270 1670.4
1107280 1673.6
1107290 1673.6
1107300 1679.7
1107310 1692.2
1107320 1707.8
1107330 1707.8
1107340 1720.7
1107350 1720.3
1107360 1720.3
1107370 1719.1
1107380 1715.4
1107390 1715.4
1107400 1710.9
1107410 1705.9
1107420 1705.9
1107430 1704.9
1107440 1703.7
1107450 1703.7
1107460 1701.5
1107470 1701.3
1107480 1701.3
1107490 1696.5
1107500 1692.1
1107510 1692.1
1107520 1690.8
1107530 1695.9
1107540 1695.9
1107550 1692.7
1107560 1686.2
1107570 1679.4
1107580 1679.4
1107590 1669.6
1107600 1663.7
1107610 1663.7
1107620 1658.7
1107630 1654.2
1107640 1654.2
1107650 1650.3
1107660 1647.2
1107670 1647.2
1107680 1645.1
1107690 1642.9
1107700 1642.9
1107710 1641.5
1107720 1639.6
1107730 1639.6
1107740 1636.7
1107750 1634.4
1107760 1634.4
1107770 1633.1
1107780 1631.6
1107790 1631.6
1107800 1631.4
1107810 1631.9
1107820 1632.5
1107830 1632.5
1107840 1632.9
1107850 1632.3
1107860 1632.3
1107870 1633.1
1107880 1630.7
1107890 1630.7
1107900 1629.8
1107910 1629.8
1107920 1629.8
1107930 1629.9
1107940 1629.7
1107950 1629.7
1107960 1629.6
1107970 1630.1
1107980 1630.1
1107990 1631.9
1108000 1632.9
1108010 1632.9
1108020 1634.2
1108030 1636.4
1108040 1636.4
1108050 1638.4
1108060 1640.5
1108070 1642.7
1108080 1642.7
1108090 1645.0
1108100 1646.4
1108110 1646.4
1108120 1647.3
1108130 1648.4
1108140 1648.4
1108150 1651.0
1108160 1654.0
1108170 1654.0
1108180 1656.7
1108190 1659.3
1108200 1660.9
1108210 1663.4
1108220 1665.9
1108230 1665.9
1108240 1668.2
1108250 1670.7
1108260 1670.7
1108270 1674.1
1108280 1677.6
1108290 1677.6
1108300 1681.3
1108310 1685.3
1108320 1689.7
1108330 1689.7
1108340 1694.3
1108350 1699.4
1108360 1699.4
1108370 1704.3
1108380 1709.5
1108390 1709.5
1108400 1715.4
1108410 1720.2
1108420 1720.2
1108430 1725.0
1108440 1730.1
1108450 1730.1
1108460 1735.5
1108470 1740.9
1108480 1740.9
1108490 1746.4
1108500 1751.9
1108510 1751.9
1108520 1757.8
1108530 1764.0
1108540 1762.0
1108550 1768.5
1108560 1774.3
1108570 1779.8
1108580 1779.8
1108590 1785.7
1108600 1792.4
1108610 1792.4
1108620 1800.3
1108630 1806.9
1108640 1806.9
1108650 1813.3
1108660 1819.5
1108670 1819.5
1108680 1825.8
1108690 1833.3
1108700 1833.3
1108710 1841.7
1108720 1851.6
1108730 1851.6
1108740 1864.7
1108750 1872.9
1108760 1872.9
1108770 1880.2
1108780 1889.3
1108790 1889.3
1108800 1899.1
1108810 1908.7
1108820 1919.1
1108830 1919.1
1108840 1935.0
1108850 1949.2
1108860 1949.2
1108870 1958.3
1108880 1968.5
1108890 1968.5
1108900 1977.0
1108910 1985.4
1108920 1985.4
1108930 1993.7
1108940 2003.1
1108950 2003.1
1108960 2012.1
1108970 2018.6
1108980 2018.6
1108990 2016.5
1109000 2013.7
1109010 2013.7
1109020 2012.8
1109030 2014.1
1109040 2014.1
1109050 2014.8
1109060 2015.0
1109070 2017.0
1109080 2017.0
1109090 2021.0
1109100 2028.4
1109110 2028.4
1109120 2031.3
1109130 2030.6
1109140 2030.6
1109150 2031.3
1109160 2031.5
1109170 2031.5
1109180 2030.9
1109190 2032.2
1109200 2032.2
1109210 2034.6
1109220 2043.7
1109230 2043.7
1109240 2042.5
1109250 2041.8
1109260 2041.8
1109270 2036.1
1109280 2027.8
1109290 2027.8
1109300 2018.7
1109310 2012.6
1109320 2009.2
1109330 2009.2
1109340 2005.5
1109350 2003.0
1109360 2003.0
1109370 2002.3
1109380 1999.0
1109390 1999.0
1109400 1990.0
1109410 1987.4
1109420 1987.4
1109430 1986.9
1109440 1984.5
1109450 1984.5
1109460 1980.7
1109470 1973.5
1109480 1973.5
1109490 1964.0
1109500 1954.5
1109510 1954.5
1109520 1944.3
1109530 1934.9
1109540 1934.9
1109550 1929.3
1109560 1930.6
1109570 1930.6
1109580 1923.2
1109590 1919.2
1109600 1915.9
1109610 1915.9
1109620 1913.7
1109630 1914.0
1109640 1914.0
1109650 1912.7
1109660 1909.6
1109670 1909.6
1109680 1906.7
1109690 1903.0
1109700 1903.0
1109710 1900.1
1109720 1897.9
1109730 1897.9
1109740 1893.5
1109750 1886.7
1109760 1886.7
1109770 1874.9
1109780 1865.3
1109790 1865.3
1109800 1864.5
1109810 1864.5
1109820 1864.5
1109830 1865.2
1109840 1863.3
1109850 1861.6
1109860 1861.6
1109870 1859.4
1109880 1857.3
1109890 1857.3
1109900 1864.3
1109910 1866.0
1109920 1866.0
1109930 1869.1
1109940 1873.7
1109950 1873.7
1109960 1875.2
1109970 1874.3
1109980 1874.3
1109990 1873.8
1110000 1873.7
1110010 1873.7
1110020 1874.0
1110030 1873.2
1110040 1873.2
1110050 1873.0
1110060 1871.8
1110070 1871.8
1110080 1869.9
1110090 1868.6
1110100 1868.3
1110110 1868.3
1110120 1869.6
1110130 1870.2
1110140 1870.2
1110150 1870.5
1110160 1869.4
1110170 1869.4
1110180 1869.1
1110190 1869.9
1110200 1869.9
1110210 1866.7
1110220 1868.3
1110230 1868.3
1110240 1874.7
1110250 1875.9
1110260 1875.9
1110270 1878.8
1110280 1878.0
1110290 1878.0
1110300 1874.5
1110310 1873.7
1110320 1873.7
1110330 1872.4
1110340 1873.6
1110350 1877.6
1110360 1877.6
1110370 1884.8
1110380 1888.3
1110390 1888.3
1110400 1888.4
1110410 1890.2
1110420 1890.2
1110430 1893.8
1110440 1901.9
1110450 1901.9
1110460 1913.2
1110470 1918.0
1110480 1918.0
1110490 1921.2
1110500 1925.9
1110510 1925.9
1110520 1931.6
1110530 1938.6
1110540 1938.6
1110550 1947.9
1110560 1959.2
1110570 1959.2
1110580 1974.2
1110590 1981.2
1110600 1987.3
1110610 1987.3
1110620 1984.2
1110630 1979.2
1110640 1979.2
1110650 1975.6
1110660 1973.1
1110670 1973.1
1110680 1973.7
1110690 1972.1
1110700 1972.1
1110710 1966.8
1110720 1959.1
1110730 1959.1
1110740 1955.5
1110750 1958.2
1110760 1958.2
1110770 1960.8
1110780 1961.1
1110790 1961.1
1110800 1963.5
1110810 1965.8
1110820 1965.8
1110830 1967.7
1110840 1968.2
1110850 1971.1
1110860 1971.1
1110870 1976.5
1110880 1980.8
1110890 1980.8
1110900 1984.6
1110910 1988.0
1110920 1993.6
1110930 1995.7
1110940 1998.6
1110950 1998.6
1110960 2007.9
1110970 2019.0
1110980 2019.0
1110990 2031.5
1111000 2045.2
1111010 2045.2
1111020 2066.4
1111030 2083.2
1111040 2083.2
1111050 2096.4
1111060 2103.7
1111070 2103.7
1111080 2111.0
1111090 2117.3
1111100 2121.6
1111110 2121.6
1111120 2124.3
1111130 2127.9
1111140 2127.9
1111150 2120.1
1111160 2106.4
1111170 2106.4
1111180 2092.9
1111190 2092.0
1111200 2092.0
1111210 2092.9
1111220 2090.5
1111230 2090.5
1111240 2088.0
1111250 2085.4
1111260 2089.8
1111270 2086.2
1111280 2083.2
1111290 2083.2
1111300 2080.0
1111310 2075.8
1111320 2075.8
1111330 2072.8
1111340 2070.0
1111350 2066.6
1111360 2066.6
1111370 2063.2
1111380 2059.7
1111390 2059.7
1111400 2054.1
1111410 2045.9
1111420 2045.9
1111430 2046.2
1111440 2049.2
1111450 2049.2
1111460 2050.0
1111470 2046.1
1111480 2046.1
1111490 2051.2
1111500 2048.9
1111510 2048.9
1111520 2047.3
1111530 2049.8
1111540 2049.8
1111550 2045.9
1111560 2045.5
1111570 2045.5
1111580 2045.2
1111590 2045.4
1111600 2053.2
1111610 2053.2
1111620 2052.5
1111630 2052.1
1111640 2052.1
1111650 2050.3
1111660 2047.1
1111670 2047.1
1111680 2048.7
1111690 2049.5
1111700 2049.5
1111710 2051.3
1111720 2052.5
1111730 2052.5
1111740 2052.5
1111750 2051.8
1111760 2051.8
1111770 2050.1
1111780 2048.4
1111790 2048.4
1111800 2047.1
1111810 2042.9
1111820 2042.9
1111830 2043.0
1111840 2044.6
1111850 2045.5
1111860 2045.5
1111870 2048.9
1111880 2051.5
1111890 2051.5
1111900 2052.8
1111910 2051.9
1111920 2051.9
1111930 2047.1
1111940 2048.6
1111950 2048.6
1111960 2047.6
1111970 2049.1
1111980 2049.1
1111990 2051.1
1112000 2049.3
1112010 2049.3
1112020 2043.0
1112030 2036.4
1112040 2036.4
1112050 2028.4
1112060 2025.1
1112070 2025.1
1112080 2023.2
1112090 2018.5
1112100 2016.9
1112110 2016.9
1112120 2015.3
1112130 2012.4
1112140 2012.4
1112150 2009.8
1112160 2009.1
1112170 2009.1
1112180 2009.2
1112190 2010.4
1112200 2010.4
1112210 2009.4
1112220 1998.5
1112230 1998.5
1112240 1985.4
1112250 1987.7
1112260 1987.7
1112270 1999.2
1112280 2025.3
1112290 2025.3
1112300 2035.3
1112310 2035.9
1112320 2035.9
1112330 2036.2
1112340 2035.1
1112350 2028.1
1112360 2028.1
1112370 2019.0
1112380 2007.7
1112390 2007.7
1112400 2001.9
1112410 1999.2
1112420 1999.2
1112430 1990.7
1112440 1978.0
1112450 1978.0
1112460 1965.3
1112470 1953.8
1112480 1953.8
1112490 1934.4
1112500 1922.9
1112510 1922.9
1112520 1915.0
1112530 1912.2
1112540 1912.2
1112550 1912.0
1112560 1907.0
1112570 1907.0
1112580 1908.0
1112590 1912.2
1112600 1913.3
1112610 1913.3
1112620 1919.4
1112630 1914.0
1112640 1914.0
1112650 1910.5
1112660 1911.7
1112670 1911.7
1112680 1910.6
1112690 1909.3
1112700 1909.3
1112710 1909.4
1112720 1911.3
1112730 1911.3
1112740 1914.1
1112750 1914.7
1112760 1914.7
1112770 1913.9
1112780 1910.9
1112790 1910.9
1112800 1909.6
1112810 1906.8
1112820 1906.8
1112830 1908.3
1112840 1909.5
1112850 1909.1
1112860 1909.1
1112870 1908.2
1112880 1907.2
1112890 1907.2
1112900 1906.3
1112910 1905.5
1112920 1905.5
1112930 1904.2
1112940 1903.7
1112950 1903.7
1112960 1909.4
1112970 1909.7
1112980 1909.7
1112990 1910.3
1113000 1911.0
1113010 1911.0
1113020 1911.1
1113030 1910.3
1113040 1910.3
1113050 1909.8
1113060 1909.3
1113070 1909.3
1113080 1908.6
1113090 1907.9
1113100 1907.9
1113110 1907.0
1113120 1906.2
1113130 1904.8
1113140 1904.8
1113150 1903.7
1113160 1902.5
1113170 1902.5
1113180 1900.6
1113190 1899.3
1113200 1899.3
1113210 1897.7
1113220 1895.7
1113230 1895.7
1113240 1894.6
1113250 1894.2
1113260 1894.2
1113270 1893.7
1113280 1893.3
1113290 1893.3
1113300 1892.9
1113310 1897.3
1113320 1897.3
1113330 1896.1
1113340 1894.8
1113350 1894.8
1113360 1894.0
1113370 1893.9
1113380 1894.1
1113390 1894.1
1113400 1893.5
1113410 1892.5
1113420 1892.5
1113430 1893.1
1113440 1893.3
1113450 1893.3
1113460 1893.1
1113470 1893.4
1113480 1893.4
1113490 1893.6
1113500 1893.8
1113510 1893.8
1113520 1894.6
1113530 1894.6
1113540 1894.6
1113550 1894.4
1113560 1895.0
1113570 1895.0
1113580 1897.3
1113590 1899.3
1113600 1899.3
1113610 1902.1
1113620 1907.6
1113630 1911.2
1113640 1911.2
1113650 1908.6
1113660 1909.3
1113670 1909.3
1113680 1908.9
1113690 1910.3
1113700 1910.3
1113710 1913.9
1113720 1917.7
1113730 1917.7
1113740 1923.3
1113750 1927.0
1113760 1927.0
1113770 1931.3
1113780 1937.0
1113790 1937.0
1113800 1942.4
1113810 1948.4
1113820 1948.4
1113830 1953.2
1113840 1958.3
1113850 1958.3
1113860 1964.2
1113870 1968.6
1113880 1972.5
1113890 1972.5
1113900 1977.3
1113910 1981.3
1113920 1981.3
1113930 1986.4
1113940 1994.2
1113950 1994.2
1113960 2000.1
1113970 2006.0
1113980 2006.0
1113990 2008.8
1114000 2013.5
1114010 2013.5
1114020 2016.9
1114030 2021.8
1114040 2021.8
1114050 2028.6
1114060 2037.7
1114070 2037.7
1114080 2043.4
1114090 2044.5
1114100 2044.5
1114110 2044.0
1114120 2045.3
1114130 2044.3
1114140 2044.3
1114150 2046.8
1114160 2049.2
1114170 2049.2
1114180 2048.3
1114190 2044.8
1114200 2044.8
1114210 2047.4
1114220 2047.9
1114230 2047.9
1114240 2046.6
1114250 2045.8
1114260 2045.8
1114270 2045.6
1114280 2045.4
1114290 2045.4
1114300 2044.7
1114310 2042.5
1114320 2042.5
1114330 2050.5
1114340 2049.1
1114350 2049.1
1114360 2046.5
1114370 2042.1
1114380 2040.9
1114390 2040.9
1114400 2040.7
1114410 2040.2
1114420 2040.2
1114430 2038.9
1114440 2037.5
1114450 2037.5
1114460 2035.5
1114470 2035.4
1114480 2035.4
1114490 2037.4
1114500 2039.5
1114510 2039.5
1114520 2040.3
1114530 2039.9
1114540 2039.9
1114550 2039.0
1114560 2037.6
1114570 2037.6
1114580 2034.6
1114590 2037.1
1114600 2037.1
1114610 2044.9
1114620 2049.2
1114630 2049.3
1114640 2049.3
1114650 2048.5
1114660 2050.5
1114670 2050.5
1114680 2053.9
1114690 2053.7
1114700 2053.7
1114710 2051.9
1114720 2050.7
1114730 2050.7
1114740 2051.0
1114750 2051.6
1114760 2051.6
1114770 2053.1
1114780 2054.8
1114790 2054.8
1114800 2055.6
1114810 2055.0
1114820 2055.0
1114830 2052.5
1114840 2050.4
1114850 2050.4
1114860 2048.8
1114870 2047.2
1114880 2046.7
1114890 2046.7
1114900 2046.8
1114910 2046.7
1114920 2046.7
1114930 2045.5
1114940 2043.9
1114950 2043.9
1114960 2042.9
1114970 2043.5
1114980 2043.5
1114990 2044.8
1115000 2046.3
1115010 2046.3
1115020 2045.8
1115030 2048.1
1115040 2048.1
1115050 2050.1
1115060 2051.2
1115070 2051.2
1115080 2052.4
1115090 2054.1
1115100 2054.1
1115110 2056.6
1115120 2059.2
1115130 2061.0
1115140 2061.0
1115150 2062.1
1115160 2063.4
1115170 2063.4
1115180 2064.7
1115190 2065.8
1115200 2065.8
1115210 2068.8
1115220 2071.6
1115230 2071.6
1115240 2073.7
1115250 2075.1
1115260 2075.1
1115270 2076.3
1115280 2079.7
1115290 2079.7
1115300 2085.6
1115310 2089.1
1115320 2089.1
1115330 2098.4
1115340 2104.7
1115350 2104.7
1115360 2110.1
1115370 2101.4
1115380 2106.1
1115390 2106.1
1115400 2109.4
1115410 2111.9
1115420 2111.9
1115430 2113.7
1115440 2112.9
1115450 2112.9
1115460 2113.0
1115470 2118.0
1115480 2118.0
1115490 2116.8
1115500 2114.0
1115510 2114.0
1115520 2117.6
1115530 2122.6
1115540 2122.6
1115550 2132.5
1115560 2136.2
1115570 2136.2
1115580 2137.9
1115590 2137.7
1115600 2137.7
1115610 2136.8
1115620 2141.4
1115630 2145.6
1115640 2145.6
1115650 2144.2
1115660 2143.3
1115670 2143.3
1115680 2148.3
1115690 2153.6
1115700 2153.6
1115710 2153.0
1115720 2157.1
1115730 2157.1
1115740 2161.2
1115750 2162.0
1115760 2162.0
1115770 2166.5
1115780 2167.8
1115790 2167.8
1115800 2166.7
1115810 2164.9
1115820 2164.9
1115830 2166.1
1115840 2170.4
1115850 2170.4
1115860 2174.1
1115870 2174.8
1115880 2171.6
1115890 2171.6
1115900 2172.6
1115910 2171.9
1115920 2171.9
1115930 2171.4
1115940 2171.2
1115950 2171.2
1115960 2173.9
1115970 2180.1
1115980 2180.1
1115990 2181.8
1116000 2179.3
1116010 2179.3
1116020 2175.0
1116030 2174.5
1116040 2174.5
1116050 2170.7
1116060 2161.0
1116070 2161.0
1116080 2159.1
1116090 2158.0
1116100 2158.0
1116110 2156.5
1116120 2154.1
1116130 2150.6
1116140 2150.6
1116150 2147.3
1116160 2142.3
1116170 2142.3
1116180 2136.3
1116190 2124.7
1116200 2124.7
1116210 2106.6
1116220 2089.1
1116230 2089.1
1116240 2078.8
1116250 2075.0
1116260 2075.0
1116270 2083.2
1116280 2083.3
1116290 2083.3
1116300 2078.8
1116310 2072.2
1116320 2072.2
1116330 2067.8
1116340 2056.3
1116350 2056.3
1116360 2044.0
1116370 2034.3
1116380 2023.3
1116390 2023.3
1116400 2013.8
1116410 2013.4
1116420 2013.4
1116430 2011.5
1116440 2000.7
1116450 2000.7
1116460 1991.7
1116470 1976.7
1116480 1976.7
1116490 1970.8
1116500 1967.3
1116510 1967.3
1116520 1961.3
1116530 1955.8
1116540 1955.8
1116550 1950.2
1116560 1947.1
1116570 1947.1
1116580 1942.6
1116590 1932.5
1116600 1932.5
1116610 1918.9
1116620 1910.4
1116630 1906.1
1116640 1906.1
1116650 1901.0
1116660 1900.1
1116670 1900.1
1116680 1902.2
1116690 1904.7
1116700 1904.7
1116710 1906.5
1116720 1907.8
1116730 1907.8
1116740 1907.7
1116750 1897.8
1116760 1897.8
1116770 1893.1
1116780 1885.7
1116790 1885.7
1116800 1880.5
1116810 1876.1
1116820 1876.1
1116830 1873.4
1116840 1869.4
1116850 1869.4
1116860 1863.9
1116870 1858.1
1116880 1858.1
1116890 1852.4
1116900 1847.1
1116910 1841.1
1116920 1841.1
1116930 1835.0
1116940 1831.0
1116950 1831.0
1116960 1827.0
1116970 1824.3
1116980 1824.3
1116990 1823.3
1117000 1818.4
1117010 1818.4
1117020 1811.4
1117030 1804.6
1117040 1804.6
1117050 1797.7
1117060 1790.7
1117070 1790.7
1117080 1783.5
1117090 1775.2
1117100 1775.2
1117110 1771.6
1117120 1767.5
1117130 1767.5
1117140 1765.1
1117150 1763.1
1117160 1761.5
1117170 1761.5
1117180 1759.6
1117190 1756.8
1117200 1756.8
1117210 1756.0
1117220 1755.7
1117230 1755.7
1117240 1754.9
1117250 1753.4
1117260 1753.4
1117270 1749.5
1117280 1745.1
1117290 1745.1
1117300 1740.4
1117310 1735.4
1117320 1735.4
1117330 1731.4
1117340 1728.8
1117350 1728.8
1117360 1726.3
1117370 1724.8
1117380 1724.8
1117390 1721.4
1117400 1717.9
1117410 1714.0
1117420 1714.0
1117430 1711.6
1117440 1705.1
1117450 1705.1
1117460 1702.5
1117470 1698.2
1117480 1698.2
1117490 1696.4
1117500 1693.7
1117510 1693.7
1117520 1690.0
1117530 1687.2
1117540 1687.2
1117550 1685.4
1117560 1682.4
1117570 1682.4
1117580 1678.6
1117590 1675.4
1117600 1675.4
1117610 1673.4
1117620 1671.1
1117630 1671.1
1117640 1667.9
1117650 1665.5
1117660 1663.3
1117670 1663.3
1117680 1661.2
1117690 1659.4
1117700 1659.4
1117710 1658.3
1117720 1657.1
1117730 1657.1
1117740 1655.7
1117750 1654.8
1117760 1654.8
1117770 1653.6
1117780 1652.0
1117790 1649.8
1117800 1648.9
1117810 1647.7
1117820 1647.7
1117830 1646.0
1117840 1643.2
1117850 1643.2
1117860 1641.5
1117870 1640.5
1117880 1640.5
1117890 1639.1
1117900 1637.6
1117910 1636.4
1117920 1636.4
1117930 1634.4
1117940 1633.1
1117950 1633.1
1117960 1632.7
1117970 1631.4
1117980 1631.4
1117990 1631.3
1118000 1633.3
1118010 1633.3
1118020 1633.8
1118030 1632.0
1118040 1632.0
1118050 1629.8
1118060 1629.3
1118070 1629.3
1118080 1629.1
1118090 1629.0
1118100 1629.0
1118110 1628.9
1118120 1628.5
1118130 1627.4
1118140 1627.0
1118150 1626.3
1118160 1625.5
1118170 1625.5
1118180 1624.6
1118190 1622.8
1118200 1622.8
1118210 1621.6
1118220 1621.1
1118230 1621.1
1118240 1620.2
1118250 1619.6
1118260 1619.6
1118270 1619.0
1118280 1618.3
1118290 1618.3
1118300 1617.9
1118310 1617.0
1118320 1617.0
1118330 1616.0
1118340 1614.9
1118350 1614.9
1118360 1612.4
1118370 1609.4
1118380 1609.4
1118390 1607.0
1118400 1605.4
1118410 1604.6
1118420 1604.6
1118430 1603.6
1118440 1602.9
1118450 1602.9
1118460 1602.3
1118470 1601.6
1118480 1603.2
1118490 1602.1
1118500 1601.0
1118510 1601.0
1118520 1599.7
1118530 1598.7
1118540 1598.7
1118550 1598.3
1118560 1597.5
1118570 1597.5
1118580 1597.1
1118590 1596.7
1118600 1596.7
1118610 1596.8
1118620 1597.5
1118630 1597.5
1118640 1598.1
1118650 1598.7
1118660 1598.2
1118670 1598.2
1118680 1600.2
1118690 1603.4
1118700 1603.4
1118710 1605.3
1118720 1605.6
1118730 1605.6
1118740 1604.8
1118750 1602.4
1118760 1602.4
1118770 1596.6
1118780 1587.1
1118790 1587.1
1118800 1583.3
1118810 1585.6
1118820 1585.6
1118830 1598.8
1118840 1602.7
1118850 1602.7
1118860 1603.8
1118870 1601.7
1118880 1601.7
1118890 1597.7
1118900 1594.6
1118910 1591.7
1118920 1591.7
1118930 1588.3
1118940 1586.1
1118950 1586.1
1118960 1582.7
1118970 1581.0
1118980 1581.0
1118990 1580.3
1119000 1580.7
1119010 1580.7
1119020 1581.2
1119030 1583.4
1119040 1583.4
1119050 1588.9
1119060 1593.6
1119070 1593.6
1119080 1593.5
1119090 1593.0
1119100 1593.0
1119110 1593.6
1119120 1593.2
1119130 1593.2
1119140 1592.8
1119150 1591.9
1119160 1591.9
1119170 1592.7
1119180 1591.8
1119190 1588.5
1119200 1588.5
1119210 1585.9
1119220 1582.2
1119230 1582.2
1119240 1580.5
1119250 1578.6
1119260 1578.6
1119270 1582.8
1119280 1590.9
1119290 1590.9
1119300 1593.4
1119310 1593.7
1119320 1593.7
1119330 1593.7
1119340 1593.5
1119350 1593.5
1119360 1592.4
1119370 1591.7
1119380 1591.7
1119390 1591.4
1119400 1591.1
1119410 1590.7
1119420 1590.7
1119430 1591.0
1119440 1591.2
1119450 1591.2
1119460 1591.4
1119470 1592.3
1119480 1592.3
1119490 1591.5
1119500 1589.5
1119510 1589.5
1119520 1587.8
1119530 1588.8
1119540 1588.8
1119550 1589.3
1119560 1589.5
1119570 1589.5
1119580 1589.6
1119590 1589.7
1119600 1589.7
1119610 1589.7
1119620 1589.8
1119630 1589.8
1119640 1590.0
1119650 1591.2
1119660 1593.0
1119670 1593.0
1119680 1593.0
1119690 1592.1
1119700 1592.1
1119710 1590.8
1119720 1591.5
1119730 1591.5
1119740 1592.6
1119750 1592.8
1119760 1592.8
1119770 1593.9
1119780 1593.5
1119790 1593.5
1119800 1590.9
1119810 1590.1
1119820 1590.1
1119830 1591.5
1119840 1592.5
1119850 1592.5
1119860 1592.0
1119870 1592.8
1119880 1592.8
1119890 1587.3
1119900 1587.1
1119910 1590.2
1119920 1590.2
1119930 1594.5
1119940 1597.4
1119950 1597.4
1119960 1598.5
1119970 1599.5
1119980 1599.5
1119990 1600.2
