1100000 1580.9
1100010 1582.3
1100020 1584.5
1100030 1584.5
1100040 1586.0
1100050 1586.4
1100060 1586.4
1100070 1585.6
1100080 1584.3
1100090 1584.3
1100100 1583.6
1100110 1583.5
1100120 1583.5
1100130 1583.0
1100140 1582.6
1100150 1582.3
1100160 1582.3
1100170 1581.4
1100180 1580.0
1100190 1580.0
1100200 1579.8
1100210 1579.7
1100220 1579.7
1100230 1578.6
1100240 1576.5
1100250 1576.5
1100260 1576.5
1100270 1577.5
1100280 1577.5
1100290 1578.8
1100300 1576.5
1100310 1576.5
1100320 1577.6
1100330 1579.7
1100340 1579.7
1100350 1582.3
1100360 1584.1
1100370 1584.1
1100380 1584.5
1100390 1585.2
1100400 1585.2
1100410 1585.6
1100420 1585.5
1100430 1585.6
1100440 1585.6
1100450 1587.1
1100460 1588.8
1100470 1588.8
1100480 1589.9
1100490 1591.6
1100500 1591.6
1100510 1594.6
1100520 1597.6
1100530 1597.6
1100540 1599.6
1100550 1601.4
1100560 1601.4
1100570 1603.4
1100580 1604.2
1100590 1604.2
1100600 1604.7
1100610 1605.5
1100620 1605.5
1100630 1603.5
1100640 1603.0
1100650 1603.0
1100660 1601.6
1100670 1599.8
1100680 1598.2
1100690 1598.2
1100700 1597.3
1100710 1596.8
1100720 1596.8
1100730 1595.7
1100740 1594.9
1100750 1594.9
1100760 1594.0
1100770 1597.9
1100780 1597.9
1100790 1604.0
1100800 1610.3
1100810 1610.3
1100820 1617.8
1100830 1625.3
1100840 1625.3
1100850 1631.2
1100860 1635.1
1100870 1635.1
1100880 1638.2
1100890 1641.2
1100900 1641.2
1100910 1643.4
1100920 1646.0
1100930 1648.3
1100940 1648.3
1100950 1650.6
1100960 1647.4
1100970 1647.4
1100980 1648.2
1100990 1648.9
1101000 1648.9
1101010 1649.5
1101020 1649.7
1101030 1649.7
1101040 1649.0
1101050 1647.5
1101060 1647.5
1101070 1646.8
1101080 1648.2
1101090 1648.2
1101100 1649.1
1101110 1650.7
1101120 1650.7
1101130 1653.6
1101140 1655.0
1101150 1655.0
1101160 1655.4
1101170 1655.5
1101180 1656.7
1101190 1656.7
1101200 1660.4
1101210 1663.8
1101220 1663.8
1101230 1664.7
1101240 1668.4
1101250 1668.4
1101260 1669.6
1101270 1673.4
1101280 1673.4
1101290 1670.0
1101300 1668.4
1101310 1668.4
1101320 1668.9
1101330 1679.3
1101340 1679.3
1101350 1687.2
1101360 1691.6
1101370 1691.6
1101380 1694.9
1101390 1697.7
1101400 1697.7
1101410 1703.8
1101420 1717.6
1101430 1723.3
1101440 1723.3
1101450 1723.3
1101460 1725.2
1101470 1725.2
1101480 1720.6
1101490 1718.1
1101500 1718.1
1101510 1720.6
1101520 1726.2
1101530 1726.2
1101540 1730.4
1101550 1729.2
1101560 1729.2
1101570 1728.9
1101580 1740.0
1101590 1740.0
1101600 1751.6
1101610 1757.6
1101620 1749.7
1101630 1753.7
1101640 1755.4
1101650 1755.4
1101660 1754.2
1101670 1752.2
1101680 1752.2
1101690 1749.3
1101700 1747.7
1101710 1745.0
1101720 1745.0
1101730 1741.5
1101740 1741.8
1101750 1741.8
1101760 1742.1
1101770 1740.5
1101780 1740.5
1101790 1741.8
1101800 1744.3
1101810 1744.3
1101820 1744.5
1101830 1743.6
1101840 1743.6
1101850 1741.9
1101860 1740.9
1101870 1740.9
1101880 1740.3
1101890 1739.9
1101900 1739.9
1101910 1739.4
1101920 1739.7
1101930 1739.7
1101940 1741.6
1101950 1734.2
1101960 1732.6
1101970 1732.6
1101980 1733.0
1101990 1734.7
1102000 1734.7
1102010 1735.6
1102020 1736.2
1102030 1736.2
1102040 1737.8
1102050 1740.1
1102060 1740.1
1102070 1740.7
1102080 1742.4
1102090 1742.4
1102100 1744.0
1102110 1744.0
1102120 1744.0
1102130 1745.6
1102140 1747.6
1102150 1747.6
1102160 1749.3
1102170 1750.4
1102180 1750.4
1102190 1751.8
1102200 1753.5
1102210 1754.4
1102220 1754.4
1102230 1756.8
1102240 1758.8
1102250 1758.8
1102260 1759.6
1102270 1761.0
1102280 1761.0
1102290 1754.5
1102300 1756.3
1102310 1756.3
1102320 1758.5
1102330 1758.8
1102340 1758.8
1102350 1758.8
1102360 1760.1
1102370 1760.1
1102380 1760.9
1102390 1761.5
1102400 1761.5
1102410 1762.1
1102420 1763.7
1102430 1763.7
1102440 1766.1
1102450 1767.6
1102460 1768.1
1102470 1768.1
1102480 1769.4
1102490 1771.0
1102500 1771.0
1102510 1773.2
1102520 1775.2
1102530 1775.2
1102540 1775.5
1102550 1775.2
1102560 1775.2
1102570 1773.5
1102580 1774.5
1102590 1774.5
1102600 1776.2
1102610 1775.7
1102620 1767.8
1102630 1767.0
1102640 1765.7
1102650 1765.7
1102660 1765.4
1102670 1766.8
1102680 1766.8
1102690 1769.3
1102700 1770.3
1102710 1770.7
1102720 1770.7
1102730 1772.4
1102740 1775.8
1102750 1775.8
1102760 1777.4
1102770 1777.4
1102780 1777.4
1102790 1776.7
1102800 1778.9
1102810 1778.9
1102820 1781.9
1102830 1783.8
1102840 1783.8
1102850 1784.2
1102860 1783.8
1102870 1783.8
1102880 1785.0
1102890 1786.7
1102900 1786.7
1102910 1786.9
1102920 1788.3
1102930 1788.3
1102940 1787.9
1102950 1775.1
1102960 1775.1
1102970 1768.3
1102980 1762.3
1102990 1765.4
1103000 1765.4
1103010 1768.0
1103020 1766.6
1103030 1766.6
1103040 1762.1
1103050 1758.3
1103060 1758.3
1103070 1754.0
1103080 1749.6
1103090 1749.6
1103100 1746.4
1103110 1743.5
1103120 1743.5
1103130 1741.0
1103140 1739.5
1103150 1739.5
1103160 1737.8
1103170 1736.2
1103180 1736.2
1103190 1733.5
1103200 1728.6
1103210 1728.6
1103220 1726.1
1103230 1723.3
1103240 1719.7
1103250 1719.7
1103260 1716.8
1103270 1713.9
1103280 1713.9
1103290 1708.1
1103300 1707.4
1103310 1707.4
1103320 1705.8
1103330 1703.8
1103340 1703.8
1103350 1701.4
1103360 1698.9
1103370 1698.9
1103380 1697.7
1103390 1698.7
1103400 1698.7
1103410 1698.1
1103420 1698.1
1103430 1698.1
1103440 1696.4
1103450 1693.7
1103460 1693.7
1103470 1691.5
1103480 1690.3
1103490 1690.2
1103500 1690.2
1103510 1691.3
1103520 1692.6
1103530 1692.6
1103540 1693.7
1103550 1695.3
1103560 1695.3
1103570 1695.9
1103580 1696.6
1103590 1696.6
1103600 1696.6
1103610 1696.0
1103620 1689.3
1103630 1688.7
1103640 1690.5
1103650 1690.5
1103660 1692.6
1103670 1695.4
1103680 1695.4
1103690 1697.0
1103700 1698.4
1103710 1698.4
1103720 1700.0
1103730 1703.8
1103740 1706.5
1103750 1706.5
1103760 1706.0
1103770 1701.2
1103780 1701.2
1103790 1695.3
1103800 1691.9
1103810 1691.9
1103820 1688.7
1103830 1686.2
1103840 1686.2
1103850 1686.6
1103860 1692.1
1103870 1692.1
1103880 1698.0
1103890 1705.7
1103900 1705.7
1103910 1704.8
1103920 1701.8
1103930 1701.8
1103940 1700.4
1103950 1691.8
1103960 1691.8
1103970 1691.1
1103980 1690.2
1103990 1690.2
1104000 1689.6
1104010 1688.7
1104020 1687.1
1104030 1687.1
1104040 1687.3
1104050 1685.0
1104060 1685.0
1104070 1681.0
1104080 1683.8
1104090 1683.8
1104100 1685.0
1104110 1682.5
1104120 1682.5
1104130 1681.2
1104140 1682.2
1104150 1682.2
1104160 1683.6
1104170 1681.5
1104180 1681.5
1104190 1679.0
1104200 1678.5
1104210 1678.5
1104220 1677.3
1104230 1675.2
1104240 1675.2
1104250 1673.2
1104260 1673.4
1104270 1673.9
1104280 1673.9
1104290 1665.6
1104300 1666.7
1104310 1666.7
1104320 1664.4
1104330 1661.6
1104340 1661.6
1104350 1659.4
1104360 1657.6
1104370 1657.6
1104380 1657.6
1104390 1659.4
1104400 1659.4
1104410 1660.2
1104420 1658.9
1104430 1658.9
1104440 1657.3
1104450 1656.0
1104460 1656.0
1104470 1652.6
1104480 1650.1
1104490 1650.1
1104500 1651.6
1104510 1648.9
1104520 1653.4
1104530 1653.4
1104540 1657.3
1104550 1656.4
1104560 1656.4
1104570 1652.4
1104580 1650.5
1104590 1650.5
1104600 1651.0
1104610 1654.5
1104620 1649.2
1104630 1651.3
1104640 1652.1
1104650 1652.1
1104660 1652.7
1104670 1654.0
1104680 1654.0
1104690 1654.6
1104700 1653.0
1104710 1653.0
1104720 1650.0
1104730 1647.1
1104740 1647.1
1104750 1643.5
1104760 1642.3
1104770 1645.2
1104780 1645.2
1104790 1648.2
1104800 1650.8
1104810 1650.8
1104820 1653.5
1104830 1655.4
1104840 1655.4
1104850 1655.7
1104860 1654.8
1104870 1654.8
1104880 1654.6
1104890 1653.7
1104900 1653.7
1104910 1653.9
1104920 1653.3
1104930 1653.3
1104940 1652.7
1104950 1651.5
1104960 1647.1
1104970 1645.6
1104980 1643.5
1104990 1643.5
1105000 1642.0
1105010 1642.7
1105020 1644.9
1105030 1644.9
1105040 1647.2
1105050 1649.5
1105060 1649.5
1105070 1651.9
1105080 1653.8
1105090 1653.8
1105100 1656.0
1105110 1658.0
1105120 1658.0
1105130 1660.2
1105140 1662.1
1105150 1662.1
1105160 1663.9
1105170 1665.6
1105180 1665.6
1105190 1666.6
1105200 1666.3
1105210 1666.3
1105220 1668.1
1105230 1672.1
1105240 1672.1
1105250 1675.6
1105260 1677.5
1105270 1677.5
1105280 1678.3
1105290 1677.7
1105300 1681.3
1105310 1681.3
1105320 1684.5
1105330 1687.9
1105340 1687.9
1105350 1691.5
1105360 1694.6
1105370 1694.6
1105380 1698.8
1105390 1699.7
1105400 1699.7
1105410 1700.9
1105420 1702.1
1105430 1702.1
1105440 1703.3
1105450 1705.6
1105460 1705.6
1105470 1707.7
1105480 1709.4
1105490 1709.4
1105500 1710.3
1105510 1711.2
1105520 1711.2
1105530 1712.8
1105540 1714.4
1105550 1715.7
1105560 1715.7
1105570 1718.1
1105580 1720.5
1105590 1720.5
1105600 1722.5
1105610 1723.0
1105620 1723.0
1105630 1725.6
1105640 1726.2
1105650 1726.2
1105660 1725.0
1105670 1725.4
1105680 1725.4
1105690 1727.6
1105700 1728.1
1105710 1728.1
1105720 1729.1
1105730 1727.7
1105740 1727.7
1105750 1727.1
1105760 1727.5
1105770 1727.5
1105780 1728.9
1105790 1730.3
1105800 1729.0
1105810 1729.0
1105820 1730.8
1105830 1732.3
1105840 1732.3
1105850 1732.1
1105860 1733.5
1105870 1733.5
1105880 1735.4
1105890 1739.1
1105900 1739.1
1105910 1744.7
1105920 1751.5
1105930 1751.5
1105940 1757.6
1105950 1763.6
1105960 1757.8
1105970 1763.8
1105980 1769.9
1105990 1769.9
1106000 1778.5
1106010 1786.9
1106020 1786.9
1106030 1794.0
1106040 1794.9
1106050 1792.2
1106060 1792.2
1106070 1791.4
1106080 1797.5
1106090 1797.5
1106100 1801.6
1106110 1805.2
1106120 1805.2
1106130 1804.8
1106140 1803.8
1106150 1803.8
1106160 1804.7
1106170 1804.9
1106180 1804.9
1106190 1802.1
1106200 1799.3
1106210 1799.3
1106220 1794.8
1106230 1790.1
1106240 1790.1
1106250 1789.1
1106260 1786.5
1106270 1786.5
1106280 1780.2
1106290 1775.3
1106300 1772.5
1106310 1772.5
1106320 1769.5
1106330 1765.9
1106340 1765.9
1106350 1763.1
1106360 1761.6
1106370 1761.6
1106380 1761.3
1106390 1761.3
1106400 1761.3
1106410 1761.4
1106420 1761.4
1106430 1761.4
1106440 1761.3
1106450 1761.7
1106460 1761.7
1106470 1761.4
1106480 1760.8
1106490 1760.8
1106500 1762.7
1106510 1763.3
1106520 1763.3
1106530 1762.7
1106540 1761.3
1106550 1761.3
1106560 1759.3
1106570 1758.1
1106580 1757.5
1106590 1757.5
1106600 1756.7
1106610 1755.3
1106620 1755.3
1106630 1755.1
1106640 1754.3
1106650 1754.3
1106660 1752.8
1106670 1748.8
1106680 1748.8
1106690 1743.0
1106700 1737.7
1106710 1737.7
1106720 1733.1
1106730 1729.5
1106740 1729.5
1106750 1725.7
1106760 1721.2
1106770 1721.2
1106780 1716.6
1106790 1715.6
1106800 1715.6
1106810 1713.6
1106820 1712.5
1106830 1711.9
1106840 1711.9
1106850 1710.2
1106860 1706.4
1106870 1706.4
1106880 1698.4
1106890 1691.8
1106900 1691.8
1106910 1688.6
1106920 1685.2
1106930 1685.2
1106940 1681.1
1106950 1678.5
1106960 1678.5
1106970 1680.8
1106980 1675.2
1106990 1675.2
1107000 1671.4
1107010 1668.1
1107020 1668.1
1107030 1658.4
1107040 1646.4
1107050 1646.4
1107060 1634.3
1107070 1622.4
1107080 1614.1
1107090 1614.1
1107100 1610.4
1107110 1605.9
1107120 1605.9
1107130 1600.3
1107140 1595.7
1107150 1595.7
1107160 1590.7
1107170 1584.3
1107180 1584.3
1107190 1578.4
1107200 1573.3
1107210 1573.3
1107220 1567.9
1107230 1562.3
1107240 1562.3
1107250 1556.8
1107260 1551.6
1107270 1551.6
1107280 1545.7
1107290 1540.7
1107300 1540.7
1107310 1539.2
1107320 1535.1
1107330 1530.8
1107340 1530.8
1107350 1521.2
1107360 1515.3
1107370 1515.3
1107380 1509.4
1107390 1504.2
1107400 1504.2
1107410 1500.8
1107420 1496.0
1107430 1496.0
1107440 1491.1
1107450 1486.4
1107460 1486.4
1107470 1482.1
1107480 1477.6
1107490 1477.6
1107500 1473.8
1107510 1470.2
1107520 1470.2
1107530 1466.2
1107540 1462.1
1107550 1462.1
1107560 1458.1
1107570 1452.1
1107580 1441.9
1107590 1441.9
1107600 1432.0
1107610 1435.3
1107620 1435.3
1107630 1441.2
1107640 1441.6
1107650 1448.3
1107660 1446.2
1107670 1444.1
1107680 1444.1
1107690 1442.1
1107700 1441.1
1107710 1441.1
1107720 1440.3
1107730 1437.2
1107740 1437.2
1107750 1433.5
1107760 1430.4
1107770 1430.4
1107780 1429.1
1107790 1427.3
1107800 1427.3
1107810 1424.1
1107820 1419.0
1107830 1419.0
1107840 1413.6
1107850 1407.9
1107860 1402.4
1107870 1402.4
1107880 1396.9
1107890 1391.9
1107900 1391.9
1107910 1386.9
1107920 1381.9
1107930 1381.9
1107940 1377.6
1107950 1373.5
1107960 1373.5
1107970 1368.5
1107980 1365.1
1107990 1365.1
1108000 1357.0
1108010 1348.8
1108020 1348.8
1108030 1340.7
1108040 1334.5
1108050 1334.5
1108060 1332.3
1108070 1331.1
1108080 1331.1
1108090 1328.4
1108100 1325.2
1108110 1321.7
1108120 1321.7
1108130 1318.6
1108140 1315.1
1108150 1315.1
1108160 1311.6
1108170 1308.3
1108180 1308.3
1108190 1304.2
1108200 1299.8
1108210 1299.8
1108220 1294.3
1108230 1290.6
1108240 1290.6
1108250 1290.7
1108260 1292.2
1108270 1292.2
1108280 1292.6
1108290 1291.7
1108300 1291.7
1108310 1290.6
1108320 1292.4
1108330 1292.4
1108340 1293.9
1108350 1295.7
1108360 1302.7
1108370 1302.7
1108380 1310.8
1108390 1323.0
1108400 1323.0
1108410 1362.1
1108420 1388.0
1108430 1388.0
1108440 1401.0
1108450 1407.2
1108460 1407.2
1108470 1408.8
1108480 1409.6
1108490 1409.6
1108500 1409.7
1108510 1409.5
1108520 1409.5
1108530 1408.3
1108540 1407.5
1108550 1407.5
1108560 1408.0
1108570 1407.7
1108580 1407.7
1108590 1405.7
1108600 1409.2
1108610 1416.0
1108620 1416.0
1108630 1421.8
1108640 1424.7
1108650 1424.7
1108660 1429.7
1108670 1433.1
1108680 1433.1
1108690 1434.4
1108700 1436.5
1108710 1436.5
1108720 1439.2
1108730 1441.2
1108740 1441.2
1108750 1442.4
1108760 1444.9
1108770 1444.9
1108780 1448.3
1108790 1452.3
1108800 1452.3
1108810 1457.5
1108820 1462.1
1108830 1462.1
1108840 1467.0
1108850 1472.6
1108860 1478.2
1108870 1478.2
1108880 1483.4
1108890 1488.3
1108900 1488.3
1108910 1493.7
1108920 1499.3
1108930 1499.3
1108940 1505.2
1108950 1511.2
1108960 1511.2
1108970 1517.0
1108980 1522.3
1108990 1522.3
1109000 1523.1
1109010 1530.5
1109020 1530.5
1109030 1537.0
1109040 1543.2
1109050 1543.2
1109060 1549.1
1109070 1554.9
1109080 1554.9
1109090 1560.8
1109100 1571.0
1109110 1571.0
1109120 1588.4
1109130 1617.8
1109140 1658.7
1109150 1658.7
1109160 1684.3
1109170 1701.8
1109180 1701.8
1109190 1710.5
1109200 1712.7
1109210 1712.7
1109220 1714.3
1109230 1716.0
1109240 1716.0
1109250 1717.9
1109260 1719.9
1109270 1719.9
1109280 1722.7
1109290 1726.7
1109300 1726.7
1109310 1730.8
1109320 1735.3
1109330 1735.3
1109340 1736.8
1109350 1741.7
1109360 1741.7
1109370 1747.1
1109380 1752.6
1109390 1759.3
1109400 1759.3
1109410 1775.6
1109420 1793.8
1109430 1793.8
1109440 1802.6
1109450 1807.3
1109460 1807.3
1109470 1809.5
1109480 1810.1
1109490 1810.1
1109500 1810.4
1109510 1810.1
1109520 1810.1
1109530 1809.6
1109540 1810.1
1109550 1810.1
1109560 1810.3
1109570 1810.6
1109580 1810.6
1109590 1810.7
1109600 1813.0
1109610 1813.0
1109620 1816.4
1109630 1820.4
1109640 1824.3
1109650 1824.3
1109660 1826.8
1109670 1828.8
1109680 1824.1
1109690 1826.1
1109700 1827.5
1109710 1827.5
1109720 1829.3
1109730 1831.7
1109740 1831.7
1109750 1834.4
1109760 1836.8
1109770 1836.8
1109780 1839.1
1109790 1841.0
1109800 1841.0
1109810 1842.6
1109820 1844.4
1109830 1844.4
1109840 1845.5
1109850 1846.7
1109860 1846.7
1109870 1848.0
1109880 1849.0
1109890 1850.6
1109900 1850.6
1109910 1852.9
1109920 1856.2
1109930 1856.2
1109940 1858.4
1109950 1859.7
1109960 1859.7
1109970 1859.9
1109980 1861.7
1109990 1861.7
1110000 1863.6
1110010 1860.5
1110020 1854.3
1110030 1850.1
1110040 1847.5
1110050 1847.5
1110060 1844.3
1110070 1844.8
1110080 1844.8
1110090 1848.7
1110100 1847.2
1110110 1847.2
1110120 1847.7
1110130 1854.2
1110140 1859.4
1110150 1859.4
1110160 1863.1
1110170 1866.3
1110180 1866.3
1110190 1872.1
1110200 1876.5
1110210 1876.5
1110220 1878.0
1110230 1877.9
1110240 1877.9
1110250 1877.5
1110260 1877.5
1110270 1877.5
1110280 1869.1
1110290 1871.8
1110300 1871.8
1110310 1885.1
1110320 1892.2
1110330 1892.2
1110340 1896.9
1110350 1900.8
1110360 1896.6
1110370 1900.6
1110380 1903.0
1110390 1903.0
1110400 1904.2
1110410 1903.7
1110420 1902.9
1110430 1902.9
1110440 1906.9
1110450 1909.7
1110460 1909.7
1110470 1911.4
1110480 1914.3
1110490 1914.3
1110500 1918.2
1110510 1926.6
1110520 1926.6
1110530 1934.6
1110540 1938.3
1110550 1938.3
1110560 1939.8
1110570 1942.6
1110580 1942.6
1110590 1947.7
1110600 1949.7
1110610 1949.7
1110620 1952.7
1110630 1959.4
1110640 1959.4
1110650 1966.9
1110660 1973.1
1110670 1977.7
1110680 1977.7
1110690 1983.7
1110700 1983.2
1110710 1983.2
1110720 1991.2
1110730 2002.0
1110740 2002.0
1110750 2020.7
1110760 2037.8
1110770 2037.8
1110780 2023.9
1110790 2013.8
1110800 2013.8
1110810 2013.6
1110820 2015.8
1110830 2015.8
1110840 2015.0
1110850 2018.4
1110860 2018.4
1110870 2027.7
1110880 2038.2
1110890 2038.2
1110900 2045.1
1110910 2053.4
1110920 2060.9
1110930 2060.9
1110940 2067.3
1110950 2061.3
1110960 2061.3
1110970 2061.3
1110980 2068.8
1110990 2068.8
1111000 2077.7
1111010 2091.3
1111020 2091.3
1111030 2112.1
1111040 2113.8
1111050 2113.8
1111060 2135.0
1111070 2148.4
1111080 2148.4
1111090 2152.1
1111100 2153.4
1111110 2153.4
1111120 2167.4
1111130 2182.3
1111140 2182.3
1111150 2191.1
1111160 2188.4
1111170 2183.5
1111180 2183.5
1111190 2174.4
1111200 2167.1
1111210 2167.1
1111220 2158.0
1111230 2153.9
1111240 2153.9
1111250 2150.0
1111260 2145.7
1111270 2145.7
1111280 2142.4
1111290 2139.0
1111300 2139.0
1111310 2134.8
1111320 2132.8
1111330 2132.8
1111340 2132.0
1111350 2129.8
1111360 2129.8
1111370 2128.4
1111380 2135.4
1111390 2135.4
1111400 2134.6
1111410 2135.1
1111420 2136.1
1111430 2136.1
1111440 2139.5
1111450 2141.1
1111460 2141.1
1111470 2144.3
1111480 2145.9
1111490 2145.9
1111500 2146.5
1111510 2145.5
1111520 2145.5
1111530 2146.6
1111540 2149.8
1111550 2149.8
1111560 2151.5
1111570 2152.9
1111580 2152.9
1111590 2154.9
1111600 2156.3
1111610 2156.3
1111620 2157.9
1111630 2157.9
1111640 2157.9
1111650 2159.9
1111660 2164.2
1111670 2164.4
1111680 2164.4
1111690 2162.3
1111700 2161.6
1111710 2161.6
1111720 2164.8
1111730 2164.4
1111740 2164.4
1111750 2164.9
1111760 2163.5
1111770 2163.5
1111780 2164.7
1111790 2167.1
1111800 2167.1
1111810 2169.9
1111820 2171.1
1111830 2171.1
1111840 2171.3
1111850 2169.8
1111860 2169.8
1111870 2167.9
1111880 2166.2
1111890 2166.2
1111900 2163.5
1111910 2161.7
1111920 2161.7
1111930 2159.9
1111940 2159.0
1111950 2162.6
1111960 2162.6
1111970 2164.8
1111980 2164.2
1111990 2164.2
1112000 2164.3
1112010 2164.4
1112020 2164.4
1112030 2161.3
1112040 2158.8
1112050 2158.8
1112060 2168.2
1112070 2169.4
1112080 2169.4
1112090 2173.3
1112100 2179.1
1112110 2179.1
1112120 2183.4
1112130 2195.8
1112140 2195.8
1112150 2204.9
1112160 2206.0
1112170 2206.0
1112180 2206.4
1112190 2205.3
1112200 2202.6
1112210 2202.6
1112220 2197.4
1112230 2196.7
1112240 2196.7
1112250 2195.4
1112260 2192.8
1112270 2192.8
1112280 2188.4
1112290 2188.1
1112300 2188.1
1112310 2188.6
1112320 2187.8
1112330 2187.8
1112340 2185.7
1112350 2182.5
1112360 2182.5
1112370 2182.0
1112380 2180.2
1112390 2180.2
1112400 2178.2
1112410 2176.2
1112420 2176.2
1112430 2174.2
1112440 2174.2
1112450 2175.9
1112460 2175.9
1112470 2177.3
1112480 2180.0
1112490 2180.0
1112500 2183.3
1112510 2184.6
1112520 2184.6
1112530 2184.3
1112540 2186.2
1112550 2186.2
1112560 2188.9
1112570 2191.0
1112580 2191.0
1112590 2191.9
1112600 2194.3
1112610 2194.3
1112620 2197.7
1112630 2203.2
1112640 2203.2
1112650 2207.7
1112660 2207.2
1112670 2207.2
1112680 2205.1
1112690 2202.4
1112700 2200.5
1112710 2200.5
1112720 2197.6
1112730 2193.4
1112740 2199.4
1112750 2198.7
1112760 2194.8
1112770 2194.8
1112780 2192.8
1112790 2191.0
1112800 2191.0
1112810 2189.3
1112820 2184.8
1112830 2184.8
1112840 2181.2
1112850 2177.5
1112860 2177.5
1112870 2172.3
1112880 2167.9
1112890 2167.9
1112900 2165.1
1112910 2163.9
1112920 2163.9
1112930 2162.4
1112940 2161.4
1112950 2160.1
1112960 2160.1
1112970 2158.8
1112980 2158.3
1112990 2158.3
1113000 2160.1
1113010 2161.8
1113020 2161.8
1113030 2160.1
1113040 2157.4
1113050 2157.4
1113060 2155.6
1113070 2159.6
1113080 2162.7
1113090 2163.0
1113100 2160.2
1113110 2160.2
1113120 2158.9
1113130 2163.1
1113140 2163.1
1113150 2166.6
1113160 2169.6
1113170 2169.6
1113180 2170.9
1113190 2174.3
1113200 2174.3
1113210 2177.6
1113220 2182.0
1113230 2187.6
1113240 2187.6
1113250 2192.4
1113260 2195.4
1113270 2195.4
1113280 2197.9
1113290 2204.2
1113300 2204.2
1113310 2209.4
1113320 2208.8
1113330 2208.8
1113340 2208.4
1113350 2211.2
1113360 2211.2
1113370 2212.4
1113380 2213.0
1113390 2213.0
1113400 2217.2
1113410 2218.4
1113420 2218.4
1113430 2218.2
1113440 2224.5
1113450 2224.5
1113460 2227.9
1113470 2228.9
1113480 2228.7
1113490 2228.7
1113500 2229.1
1113510 2228.1
1113520 2228.1
1113530 2230.0
1113540 2233.8
1113550 2233.8
1113560 2233.6
1113570 2234.2
1113580 2234.2
1113590 2234.4
1113600 2234.4
1113610 2234.4
1113620 2234.2
1113630 2234.6
1113640 2234.6
1113650 2235.2
1113660 2237.2
1113670 2237.2
1113680 2236.7
1113690 2239.3
1113700 2239.3
1113710 2243.4
1113720 2247.0
1113730 2252.5
1113740 2252.5
1113750 2256.0
1113760 2258.1
1113770 2260.7
1113780 2264.9
1113790 2266.5
1113800 2266.5
1113810 2270.1
1113820 2275.0
1113830 2275.0
1113840 2283.5
1113850 2291.2
1113860 2291.2
1113870 2295.1
1113880 2297.8
1113890 2297.8
1113900 2299.1
1113910 2301.8
1113920 2301.8
1113930 2300.9
1113940 2301.7
1113950 2301.7
1113960 2302.9
1113970 2306.5
1113980 2310.2
1113990 2310.2
1114000 2314.9
1114010 2314.8
1114020 2314.8
1114030 2311.8
1114040 2310.4
1114050 2310.4
1114060 2309.0
1114070 2306.4
1114080 2306.4
1114090 2303.1
1114100 2300.8
1114110 2301.5
1114120 2297.6
1114130 2296.1
1114140 2296.1
1114150 2296.4
1114160 2297.0
1114170 2297.0
1114180 2299.3
1114190 2301.4
1114200 2301.4
1114210 2301.7
1114220 2304.0
1114230 2311.6
1114240 2311.6
1114250 2315.0
1114260 2314.8
1114270 2314.8
1114280 2312.9
1114290 2311.6
1114300 2311.6
1114310 2314.5
1114320 2317.5
1114330 2317.5
1114340 2316.5
1114350 2317.8
1114360 2317.8
1114370 2322.0
1114380 2328.5
1114390 2328.5
1114400 2335.1
1114410 2341.0
1114420 2341.0
1114430 2343.3
1114440 2343.9
1114450 2343.9
1114460 2345.7
1114470 2346.5
1114480 2349.5
1114490 2349.5
1114500 2350.4
1114510 2351.6
1114520 2351.6
1114530 2354.7
1114540 2358.5
1114550 2358.5
1114560 2362.7
1114570 2367.2
1114580 2367.2
1114590 2371.2
1114600 2372.8
1114610 2372.8
1114620 2371.2
1114630 2367.8
1114640 2367.8
1114650 2365.5
1114660 2364.7
1114670 2364.7
1114680 2364.8
1114690 2368.6
1114700 2368.6
1114710 2375.6
1114720 2382.5
1114730 2382.5
1114740 2386.7
1114750 2389.0
1114760 2391.1
1114770 2391.1
1114780 2394.0
1114790 2395.0
1114800 2396.6
1114810 2395.3
1114820 2395.8
1114830 2395.8
1114840 2403.7
1114850 2410.0
1114860 2410.0
1114870 2414.6
1114880 2420.1
1114890 2420.1
1114900 2427.3
1114910 2432.7
1114920 2432.7
1114930 2432.5
1114940 2432.9
1114950 2432.9
1114960 2435.1
1114970 2439.5
1114980 2439.5
1114990 2441.5
1115000 2439.8
1115010 2440.4
1115020 2440.4
1115030 2442.1
1115040 2442.7
1115050 2442.7
1115060 2443.6
1115070 2445.1
1115080 2445.1
1115090 2448.2
1115100 2452.9
1115110 2452.9
1115120 2456.8
1115130 2462.7
1115140 2462.6
1115150 2464.6
1115160 2462.1
1115170 2462.1
1115180 2458.5
1115190 2451.9
1115200 2451.9
1115210 2440.8
1115220 2431.6
1115230 2431.6
1115240 2422.5
1115250 2410.9
1115260 2392.1
1115270 2392.1
1115280 2376.2
1115290 2369.4
1115300 2369.4
1115310 2364.4
1115320 2361.0
1115330 2361.0
1115340 2357.5
1115350 2353.7
1115360 2353.7
1115370 2350.7
1115380 2348.5
1115390 2348.5
1115400 2346.9
1115410 2344.7
1115420 2344.7
1115430 2341.7
1115440 2337.8
1115450 2337.8
1115460 2333.2
1115470 2328.3
1115480 2328.3
1115490 2319.0
1115500 2315.5
1115510 2312.1
1115520 2312.1
1115530 2309.5
1115540 2307.4
1115550 2307.4
1115560 2308.1
1115570 2307.7
1115580 2307.7
1115590 2307.4
1115600 2307.1
1115610 2307.1
1115620 2308.7
1115630 2310.1
1115640 2310.1
1115650 2309.3
1115660 2309.2
1115670 2309.2
1115680 2308.5
1115690 2309.2
1115700 2309.2
1115710 2310.3
1115720 2311.2
1115730 2311.2
1115740 2312.0
1115750 2312.2
1115760 2312.1
1115770 2312.1
1115780 2311.8
1115790 2310.2
1115800 2310.2
1115810 2308.1
1115820 2307.6
1115830 2301.7
1115840 2301.7
1115850 2302.8
1115860 2302.8
1115870 2306.0
1115880 2307.9
1115890 2307.9
1115900 2310.0
1115910 2307.3
1115920 2307.3
1115930 2306.8
1115940 2307.9
1115950 2307.9
1115960 2305.3
1115970 2300.9
1115980 2300.9
1115990 2298.6
1116000 2297.8
1116010 2299.2
1116020 2299.2
1116030 2300.8
1116040 2298.7
1116050 2298.7
1116060 2297.5
1116070 2293.5
1116080 2293.5
1116090 2291.0
1116100 2289.6
1116110 2289.6
1116120 2288.7
1116130 2289.4
1116140 2289.4
1116150 2289.9
1116160 2287.4
1116170 2287.4
1116180 2273.8
1116190 2279.8
1116200 2279.8
1116210 2283.7
1116220 2290.2
1116230 2290.2
1116240 2295.0
1116250 2300.1
1116260 2300.1
1116270 2305.6
1116280 2311.2
1116290 2315.6
1116300 2315.6
1116310 2319.2
1116320 2324.2
1116330 2324.2
1116340 2329.1
1116350 2333.4
1116360 2333.4
1116370 2336.9
1116380 2344.3
1116390 2344.3
1116400 2348.8
1116410 2354.0
1116420 2354.0
1116430 2360.2
1116440 2364.2
1116450 2364.2
1116460 2366.9
1116470 2369.9
1116480 2369.9
1116490 2372.5
1116500 2373.8
1116510 2373.8
1116520 2368.3
1116530 2368.0
1116540 2368.3
1116550 2368.3
1116560 2370.3
1116570 2372.2
1116580 2372.2
1116590 2373.4
1116600 2372.9
1116610 2372.9
1116620 2376.0
1116630 2378.2
1116640 2378.2
1116650 2380.2
1116660 2381.8
1116670 2381.8
1116680 2383.5
1116690 2385.7
1116700 2385.7
1116710 2385.3
1116720 2384.3
1116730 2384.3
1116740 2383.7
1116750 2381.3
1116760 2381.3
1116770 2377.3
1116780 2371.6
1116790 2367.5
1116800 2367.5
1116810 2363.1
1116820 2359.2
1116830 2359.2
1116840 2355.8
1116850 2352.1
1116860 2352.1
1116870 2343.9
1116880 2336.7
1116890 2336.7
1116900 2330.8
1116910 2322.7
1116920 2322.7
1116930 2315.8
1116940 2312.1
1116950 2312.1
1116960 2308.4
1116970 2306.2
1116980 2306.2
1116990 2303.8
1117000 2298.9
1117010 2298.9
1117020 2291.3
1117030 2279.4
1117040 2291.7
1117050 2291.7
1117060 2310.2
1117070 2323.8
1117080 2323.8
1117090 2335.7
1117100 2344.6
1117110 2344.6
1117120 2349.1
1117130 2356.7
1117140 2356.7
1117150 2359.5
1117160 2358.1
1117170 2358.1
1117180 2355.2
1117190 2353.4
1117200 2353.4
1117210 2348.1
1117220 2352.9
1117230 2352.9
1117240 2356.2
1117250 2363.4
1117260 2363.4
1117270 2372.0
1117280 2370.4
1117290 2371.0
1117300 2371.0
1117310 2372.3
1117320 2372.6
1117330 2372.6
1117340 2372.7
1117350 2372.0
1117360 2372.0
1117370 2369.1
1117380 2365.1
1117390 2365.1
1117400 2361.4
1117410 2357.8
1117420 2357.8
1117430 2354.2
1117440 2352.2
1117450 2352.2
1117460 2351.1
1117470 2351.3
1117480 2351.3
1117490 2351.0
1117500 2347.1
1117510 2347.1
1117520 2342.8
1117530 2337.8
1117540 2334.7
1117550 2334.7
1117560 2324.1
1117570 2320.6
1117580 2320.6
1117590 2316.3
1117600 2311.3
1117610 2311.3
1117620 2307.1
1117630 2308.3
1117640 2308.3
1117650 2311.9
1117660 2314.4
1117670 2314.4
1117680 2318.0
1117690 2319.3
1117700 2319.3
1117710 2319.0
1117720 2316.4
1117730 2316.4
1117740 2315.1
1117750 2316.4
1117760 2316.4
1117770 2318.7
1117780 2319.9
1117790 2319.9
1117800 2319.6
1117810 2318.9
1117820 2318.5
1117830 2318.5
1117840 2316.6
1117850 2312.5
1117860 2312.5
1117870 2309.8
1117880 2307.8
1117890 2307.8
1117900 2304.4
1117910 2301.4
1117920 2301.4
1117930 2298.8
1117940 2292.8
1117950 2292.8
1117960 2290.6
1117970 2290.7
1117980 2290.7
1117990 2290.3
1118000 2287.2
1118010 2287.2
1118020 2281.3
1118030 2271.7
1118040 2271.7
1118050 2262.7
1118060 2254.1
1118070 2249.1
1118080 2249.1
1118090 2226.2
1118100 2217.2
1118110 2217.2
1118120 2211.9
1118130 2205.6
1118140 2205.6
1118150 2196.4
1118160 2192.0
1118170 2192.0
1118180 2187.2
1118190 2182.8
1118200 2182.8
1118210 2178.3
1118220 2173.9
1118230 2173.9
1118240 2170.7
1118250 2164.8
1118260 2164.8
1118270 2159.1
1118280 2150.6
1118290 2150.6
1118300 2144.7
1118310 2142.6
1118320 2138.9
1118330 2138.9
1118340 2133.1
1118350 2126.5
1118360 2126.5
1118370 2120.5
1118380 2117.0
1118390 2117.0
1118400 2114.5
1118410 2109.5
1118420 2109.5
1118430 2103.4
1118440 2093.8
1118450 2093.8
1118460 2087.2
1118470 2080.8
1118480 2080.8
1118490 2074.9
1118500 2071.2
1118510 2071.2
1118520 2066.7
1118530 2064.2
1118540 2064.2
1118550 2061.0
1118560 2057.1
1118570 2052.5
1118580 2052.5
1118590 2049.2
1118600 2052.4
1118610 2052.4
1118620 2049.7
1118630 2045.8
1118640 2045.8
1118650 2040.1
1118660 2032.6
1118670 2032.6
1118680 2027.4
1118690 2021.2
1118700 2021.2
1118710 2013.7
1118720 2006.5
1118730 2006.5
1118740 2000.1
1118750 1995.3
1118760 1995.3
1118770 1991.2
1118780 1985.3
1118790 1985.3
1118800 1977.1
1118810 1969.4
1118820 1962.7
1118830 1962.7
1118840 1957.2
1118850 1949.3
1118860 1949.3
1118870 1940.8
1118880 1933.4
1118890 1933.4
1118900 1926.0
1118910 1919.2
1118920 1919.2
1118930 1913.3
1118940 1906.9
1118950 1911.1
1118960 1904.9
1118970 1898.0
1118980 1898.0
1118990 1891.2
1119000 1885.5
1119010 1885.5
1119020 1881.7
1119030 1877.3
1119040 1877.3
1119050 1872.2
1119060 1868.0
1119070 1864.1
1119080 1864.1
1119090 1858.3
1119100 1856.0
1119110 1856.0
1119120 1854.3
1119130 1851.5
1119140 1851.5
1119150 1844.8
1119160 1837.4
1119170 1837.4
1119180 1830.1
1119190 1822.6
1119200 1822.6
1119210 1815.3
1119220 1805.8
1119230 1805.8
1119240 1798.0
1119250 1803.9
1119260 1803.9
1119270 1807.5
1119280 1804.9
1119290 1804.9
1119300 1793.5
1119310 1793.2
1119320 1793.2
1119330 1794.9
1119340 1795.5
1119350 1795.1
1119360 1795.1
1119370 1796.7
1119380 1797.7
1119390 1797.7
1119400 1794.8
1119410 1795.9
1119420 1795.9
1119430 1801.4
1119440 1805.1
1119450 1805.1
1119460 1807.5
1119470 1806.2
1119480 1806.2
1119490 1801.4
1119500 1801.5
1119510 1801.5
1119520 1804.8
1119530 1810.2
1119540 1810.2
1119550 1810.2
1119560 1814.0
1119570 1814.0
1119580 1818.1
1119590 1818.5
1119600 1820.2
1119610 1820.2
1119620 1825.8
1119630 1832.3
1119640 1829.8
1119650 1833.6
1119660 1831.7
1119670 1831.7
1119680 1833.2
1119690 1837.7
1119700 1837.7
1119710 1843.0
1119720 1848.6
1119730 1848.6
1119740 1855.1
1119750 1859.8
1119760 1859.8
1119770 1864.7
1119780 1866.7
1119790 1866.7
1119800 1866.6
1119810 1868.1
1119820 1868.1
1119830 1873.2
1119840 1877.0
1119850 1878.5
1119860 1878.5
1119870 1876.8
1119880 1877.2
1119890 1877.2
1119900 1877.7
1119910 1876.0
1119920 1876.0
1119930 1875.6
1119940 1876.6
1119950 1876.6
1119960 1873.9
1119970 1871.6
1119980 1871.6
1119990 1864.5
