1100000 1598.0
1100010 1594.2
1100020 1594.2
1100030 1591.2
1100040 1589.1
1100050 1589.1
1100060 1587.5
1100070 1586.6
1100080 1586.6
1100090 1585.2
1100100 1582.9
1100110 1582.9
1100120 1579.7
1100130 1576.6
1100140 1576.6
1100150 1574.1
1100160 1575.8
1100170 1575.8
1100180 1574.1
1100190 1572.3
1100200 1572.3
1100210 1570.9
1100220 1569.9
1100230 1568.2
1100240 1568.2
1100250 1565.8
1100260 1563.1
1100270 1563.1
1100280 1560.1
1100290 1556.1
1100300 1556.1
1100310 1552.8
1100320 1549.2
1100330 1549.2
1100340 1545.1
1100350 1542.0
1100360 1542.0
1100370 1539.0
1100380 1535.5
1100390 1535.5
1100400 1528.5
1100410 1522.1
1100420 1522.1
1100430 1516.9
1100440 1514.8
1100450 1514.8
1100460 1512.6
1100470 1507.5
1100480 1507.5
1100490 1514.2
1100500 1516.8
1100510 1513.8
1100520 1513.8
1100530 1515.7
1100540 1513.6
1100550 1513.6
1100560 1511.8
1100570 1515.0
1100580 1515.0
1100590 1514.0
1100600 1514.6
1100610 1514.6
1100620 1518.5
1100630 1517.9
1100640 1517.9
1100650 1519.4
1100660 1523.4
1100670 1523.4
1100680 1529.5
1100690 1533.4
1100700 1533.4
1100710 1537.2
1100720 1541.4
1100730 1541.4
1100740 1544.8
1100750 1545.2
1100760 1546.2
1100770 1546.2
1100780 1547.2
1100790 1552.8
1100800 1552.8
1100810 1559.7
1100820 1568.4
1100830 1568.4
1100840 1573.6
1100850 1576.2
1100860 1576.2
1100870 1579.3
1100880 1583.8
1100890 1583.8
1100900 1588.5
1100910 1593.3
1100920 1593.3
1100930 1599.0
1100940 1602.8
1100950 1602.8
1100960 1605.7
1100970 1610.6
1100980 1610.6
1100990 1615.3
1101000 1620.5
1101010 1625.3
1101020 1625.3
1101030 1630.0
1101040 1633.2
1101050 1633.2
1101060 1636.2
1101070 1641.3
1101080 1641.3
1101090 1646.9
1101100 1651.2
1101110 1651.2
1101120 1656.2
1101130 1660.6
1101140 1660.6
1101150 1669.6
1101160 1673.8
1101170 1673.8
1101180 1677.1
1101190 1681.4
1101200 1681.4
1101210 1686.7
1101220 1692.3
1101230 1692.3
1101240 1698.6
1101250 1702.9
1101260 1706.4
1101270 1706.4
1101280 1711.4
1101290 1716.9
1101300 1716.9
1101310 1723.5
1101320 1729.4
1101330 1729.4
1101340 1737.3
1101350 1743.6
1101360 1743.6
1101370 1751.0
1101380 1759.0
1101390 1759.0
1101400 1762.0
1101410 1763.9
1101420 1763.9
1101430 1763.8
1101440 1762.3
1101450 1762.3
1101460 1758.8
1101470 1753.5
1101480 1753.5
1101490 1754.2
1101500 1751.9
1101510 1751.9
1101520 1752.1
1101530 1749.3
1101540 1743.7
1101550 1743.7
1101560 1739.5
1101570 1736.0
1101580 1736.0
1101590 1732.3
1101600 1728.2
1101610 1728.2
1101620 1724.0
1101630 1719.9
1101640 1719.9
1101650 1715.5
1101660 1711.1
1101670 1711.1
1101680 1706.7
1101690 1702.4
1101700 1702.4
1101710 1698.1
1101720 1694.2
1101730 1694.2
1101740 1691.8
1101750 1689.9
1101760 1689.9
1101770 1687.9
1101780 1685.7
1101790 1683.2
1101800 1683.2
1101810 1680.1
1101820 1682.2
1101830 1682.2
1101840 1679.8
1101850 1677.4
1101860 1677.4
1101870 1678.6
1101880 1679.8
1101890 1679.8
1101900 1678.7
1101910 1677.4
1101920 1677.4
1101930 1676.1
1101940 1673.3
1101950 1673.3
1101960 1669.7
1101970 1665.9
1101980 1665.9
1101990 1661.5
1102000 1656.9
1102010 1656.9
1102020 1652.1
1102030 1648.8
1102040 1647.2
1102050 1647.2
1102060 1645.2
1102070 1642.3
1102080 1642.3
1102090 1640.6
1102100 1639.1
1102110 1639.1
1102120 1637.0
1102130 1635.7
1102140 1635.7
1102150 1640.3
1102160 1638.0
1102170 1638.0
1102180 1635.6
1102190 1634.7
1102200 1634.7
1102210 1634.7
1102220 1634.2
1102230 1634.2
1102240 1633.4
1102250 1633.5
1102260 1633.5
1102270 1633.1
1102280 1632.1
1102290 1631.2
1102300 1631.2
1102310 1631.4
1102320 1630.9
1102330 1630.9
1102340 1630.0
1102350 1630.6
1102360 1630.6
1102370 1631.1
1102380 1632.0
1102390 1632.0
1102400 1632.4
1102410 1634.0
1102420 1634.0
1102430 1634.5
1102440 1635.1
1102450 1635.1
1102460 1635.4
1102470 1634.2
1102480 1639.9
1102490 1639.2
1102500 1639.4
1102510 1639.4
1102520 1639.0
1102530 1638.8
1102540 1638.8
1102550 1637.2
1102560 1635.9
1102570 1636.6
1102580 1636.6
1102590 1638.0
1102600 1639.8
1102610 1639.8
1102620 1643.1
1102630 1646.1
1102640 1646.1
1102650 1648.7
1102660 1651.0
1102670 1651.0
1102680 1652.7
1102690 1654.4
1102700 1654.4
1102710 1656.0
1102720 1658.1
1102730 1658.1
1102740 1660.9
1102750 1665.4
1102760 1665.4
1102770 1670.7
1102780 1676.7
1102790 1676.7
1102800 1683.2
1102810 1690.5
1102820 1702.6
1102830 1702.6
1102840 1710.3
1102850 1715.4
1102860 1715.4
1102870 1715.5
1102880 1717.0
1102890 1717.0
1102900 1717.8
1102910 1715.0
1102920 1715.0
1102930 1713.4
1102940 1711.6
1102950 1711.6
1102960 1711.1
1102970 1710.7
1102980 1710.7
1102990 1709.2
1103000 1709.8
1103010 1709.8
1103020 1710.3
1103030 1711.2
1103040 1711.2
1103050 1712.2
1103060 1713.0
1103070 1713.6
1103080 1713.6
1103090 1713.9
1103100 1713.5
1103110 1713.5
1103120 1713.8
1103130 1714.7
1103140 1714.7
1103150 1720.7
1103160 1722.6
1103170 1722.6
1103180 1724.6
1103190 1727.1
1103200 1727.1
1103210 1729.7
1103220 1732.5
1103230 1732.5
1103240 1736.7
1103250 1741.0
1103260 1741.0
1103270 1746.0
1103280 1750.8
1103290 1750.8
1103300 1755.5
1103310 1761.0
1103320 1766.2
1103330 1766.2
1103340 1770.7
1103350 1775.8
1103360 1775.8
1103370 1780.6
1103380 1785.4
1103390 1785.4
1103400 1789.5
1103410 1801.6
1103420 1801.6
1103430 1822.4
1103440 1841.2
1103450 1841.2
1103460 1866.0
1103470 1881.8
1103480 1884.7
1103490 1894.3
1103500 1907.6
1103510 1907.6
1103520 1916.3
1103530 1925.5
1103540 1925.5
1103550 1955.2
1103560 1986.7
1103570 1986.7
1103580 1992.2
1103590 1996.8
1103600 1989.6
1103610 1989.6
1103620 1978.1
1103630 1961.9
1103640 1961.9
1103650 1948.4
1103660 1940.3
1103670 1940.3
1103680 1932.4
1103690 1924.1
1103700 1924.1
1103710 1913.1
1103720 1906.1
1103730 1906.1
1103740 1902.7
1103750 1896.4
1103760 1896.4
1103770 1891.4
1103780 1886.7
1103790 1886.7
1103800 1882.5
1103810 1876.5
1103820 1884.9
1103830 1876.1
1103840 1872.2
1103850 1870.8
1103860 1870.8
1103870 1868.1
1103880 1866.3
1103890 1866.3
1103900 1865.4
1103910 1867.2
1103920 1867.2
1103930 1867.5
1103940 1865.7
1103950 1865.7
1103960 1863.2
1103970 1861.2
1103980 1861.2
1103990 1860.1
1104000 1860.7
1104010 1860.7
1104020 1863.8
1104030 1864.9
1104040 1864.9
1104050 1866.9
1104060 1867.2
1104070 1867.2
1104080 1866.8
1104090 1868.6
1104100 1869.5
1104110 1869.5
1104120 1869.1
1104130 1868.3
1104140 1868.3
1104150 1874.6
1104160 1876.6
1104170 1876.6
1104180 1878.9
1104190 1881.5
1104200 1881.5
1104210 1884.7
1104220 1885.8
1104230 1885.8
1104240 1894.8
1104250 1906.1
1104260 1906.1
1104270 1910.1
1104280 1914.1
1104290 1914.1
1104300 1922.6
1104310 1926.8
1104320 1926.8
1104330 1928.9
1104340 1927.0
1104350 1922.6
1104360 1922.6
1104370 1914.1
1104380 1914.2
1104390 1914.2
1104400 1911.1
1104410 1904.7
1104420 1904.7
1104430 1898.2
1104440 1898.1
1104450 1898.1
1104460 1901.8
1104470 1901.8
1104480 1919.3
1104490 1918.2
1104500 1908.7
1104510 1908.7
1104520 1888.1
1104530 1873.8
1104540 1873.8
1104550 1872.4
1104560 1877.0
1104570 1877.0
1104580 1885.2
1104590 1891.7
1104600 1891.7
1104610 1888.7
1104620 1877.5
1104630 1882.8
1104640 1882.8
1104650 1888.4
1104660 1884.4
1104670 1884.4
1104680 1877.8
1104690 1869.1
1104700 1869.1
1104710 1854.3
1104720 1839.4
1104730 1839.4
1104740 1826.3
1104750 1811.7
1104760 1811.7
1104770 1797.3
1104780 1794.0
1104790 1794.0
1104800 1788.4
1104810 1781.7
1104820 1789.5
1104830 1782.3
1104840 1777.5
1104850 1777.5
1104860 1777.0
1104870 1773.3
1104880 1768.1
1104890 1768.1
1104900 1762.2
1104910 1757.2
1104920 1757.2
1104930 1753.8
1104940 1749.8
1104950 1749.8
1104960 1745.7
1104970 1743.5
1104980 1743.5
1104990 1741.5
1105000 1741.4
1105010 1741.4
1105020 1742.1
1105030 1741.4
1105040 1741.4
1105050 1740.1
1105060 1738.9
1105070 1738.9
1105080 1736.3
1105090 1734.1
1105100 1734.1
1105110 1731.4
1105120 1729.2
1105130 1725.2
1105140 1725.2
1105150 1725.3
1105160 1721.4
1105170 1721.4
1105180 1718.6
1105190 1715.6
1105200 1715.6
1105210 1713.7
1105220 1712.7
1105230 1712.7
1105240 1713.2
1105250 1715.6
1105260 1715.6
1105270 1718.0
1105280 1720.8
1105290 1720.8
1105300 1725.8
1105310 1729.3
1105320 1729.3
1105330 1734.4
1105340 1739.9
1105350 1739.9
1105360 1745.1
1105370 1748.4
1105380 1748.4
1105390 1748.4
1105400 1747.6
1105410 1750.0
1105420 1750.0
1105430 1754.4
1105440 1757.9
1105450 1757.9
1105460 1760.4
1105470 1762.0
1105480 1762.0
1105490 1766.0
1105500 1767.4
1105510 1767.4
1105520 1769.1
1105530 1770.9
1105540 1770.9
1105550 1771.9
1105560 1771.5
1105570 1771.5
1105580 1770.1
1105590 1769.5
1105600 1769.5
1105610 1770.2
1105620 1772.2
1105630 1772.2
1105640 1773.6
1105650 1778.3
1105660 1782.9
1105670 1782.9
1105680 1786.8
1105690 1790.5
1105700 1790.5
1105710 1795.7
1105720 1800.8
1105730 1800.8
1105740 1803.4
1105750 1806.9
1105760 1806.9
1105770 1810.4
1105780 1814.7
1105790 1814.7
1105800 1821.4
1105810 1828.1
1105820 1828.1
1105830 1836.6
1105840 1839.9
1105850 1839.9
1105860 1844.4
1105870 1848.1
1105880 1848.1
1105890 1851.1
1105900 1854.3
1105910 1858.2
1105920 1858.2
1105930 1861.7
1105940 1864.8
1105950 1864.8
1105960 1867.5
1105970 1869.3
1105980 1869.3
1105990 1869.7
1106000 1868.5
1106010 1868.5
1106020 1866.0
1106030 1862.6
1106040 1862.6
1106050 1858.7
1106060 1854.1
1106070 1854.1
1106080 1848.6
1106090 1843.4
1106100 1843.4
1106110 1838.4
1106120 1833.1
1106130 1833.1
1106140 1828.6
1106150 1824.8
1106160 1816.6
1106170 1816.6
1106180 1811.1
1106190 1806.9
1106200 1806.9
1106210 1804.4
1106220 1802.4
1106230 1802.4
1106240 1802.2
1106250 1803.0
1106260 1803.0
1106270 1804.6
1106280 1806.5
1106290 1806.5
1106300 1807.9
1106310 1808.9
1106320 1808.9
1106330 1809.1
1106340 1807.9
1106350 1807.9
1106360 1806.5
1106370 1807.1
1106380 1807.1
1106390 1807.6
1106400 1807.6
1106410 1807.6
1106420 1806.6
1106430 1803.2
1106440 1799.2
1106450 1799.2
1106460 1796.2
1106470 1788.8
1106480 1788.8
1106490 1777.9
1106500 1769.8
1106510 1769.8
1106520 1756.3
1106530 1747.7
1106540 1747.7
1106550 1741.0
1106560 1733.8
1106570 1733.8
1106580 1724.8
1106590 1694.0
1106600 1694.0
1106610 1647.9
1106620 1630.9
1106630 1630.9
1106640 1620.6
1106650 1612.3
1106660 1612.3
1106670 1605.5
1106680 1599.3
1106690 1592.9
1106700 1592.9
1106710 1586.1
1106720 1579.6
1106730 1579.6
1106740 1572.5
1106750 1565.8
1106760 1565.8
1106770 1558.8
1106780 1552.6
1106790 1552.6
1106800 1546.1
1106810 1540.0
1106820 1540.0
1106830 1534.6
1106840 1527.6
1106850 1527.6
1106860 1522.2
1106870 1516.7
1106880 1516.7
1106890 1511.1
1106900 1505.3
1106910 1505.3
1106920 1499.9
1106930 1494.0
1106940 1488.4
1106950 1488.4
1106960 1482.7
1106970 1476.8
1106980 1476.8
1106990 1471.2
1107000 1465.8
1107010 1465.8
1107020 1460.5
1107030 1455.4
1107040 1455.4
1107050 1450.3
1107060 1445.5
1107070 1445.5
1107080 1440.9
1107090 1436.4
1107100 1436.4
1107110 1431.6
1107120 1426.4
1107130 1426.4
1107140 1420.5
1107150 1415.1
1107160 1415.1
1107170 1409.5
1107180 1406.9
1107190 1406.9
1107200 1406.9
1107210 1403.4
1107220 1399.7
1107230 1399.7
1107240 1396.2
1107250 1392.5
1107260 1392.5
1107270 1388.5
1107280 1383.8
1107290 1383.8
1107300 1378.0
1107310 1372.1
1107320 1372.1
1107330 1366.3
1107340 1359.9
1107350 1359.9
1107360 1354.1
1107370 1348.9
1107380 1348.9
1107390 1342.8
1107400 1336.3
1107410 1336.3
1107420 1331.8
1107430 1328.1
1107440 1324.2
1107450 1324.2
1107460 1320.2
1107470 1317.0
1107480 1317.0
1107490 1314.5
1107500 1310.9
1107510 1311.1
1107520 1307.0
1107530 1303.6
1107540 1303.6
1107550 1300.1
1107560 1297.0
1107570 1297.0
1107580 1293.9
1107590 1290.6
1107600 1290.6
1107610 1287.4
1107620 1284.5
1107630 1284.5
1107640 1281.4
1107650 1279.2
1107660 1279.2
1107670 1277.2
1107680 1275.2
1107690 1275.2
1107700 1273.3
1107710 1271.4
1107720 1269.9
1107730 1269.9
1107740 1268.6
1107750 1267.6
1107760 1267.6
1107770 1267.0
1107780 1266.3
1107790 1266.3
1107800 1264.6
1107810 1261.1
1107820 1261.1
1107830 1259.5
1107840 1262.2
1107850 1261.0
1107860 1263.2
1107870 1264.6
1107880 1264.6
1107890 1265.9
1107900 1267.1
1107910 1267.1
1107920 1268.4
1107930 1269.6
1107940 1269.6
1107950 1270.7
1107960 1271.7
1107970 1273.1
1107980 1273.1
1107990 1274.7
1108000 1276.1
1108010 1276.1
1108020 1277.9
1108030 1279.9
1108040 1279.9
1108050 1282.0
1108060 1284.3
1108070 1284.3
1108080 1286.1
1108090 1287.8
1108100 1287.8
1108110 1289.7
1108120 1291.6
1108130 1291.6
1108140 1293.3
1108150 1295.5
1108160 1295.5
1108170 1298.0
1108180 1298.7
1108190 1298.7
1108200 1301.2
1108210 1303.0
1108220 1304.4
1108230 1304.4
1108240 1307.6
1108250 1310.0
1108260 1310.0
1108270 1312.8
1108280 1315.5
1108290 1315.5
1108300 1318.6
1108310 1323.8
1108320 1323.8
1108330 1326.0
1108340 1327.5
1108350 1327.5
1108360 1330.3
1108370 1333.8
1108380 1333.8
1108390 1337.2
1108400 1340.6
1108410 1340.6
1108420 1344.0
1108430 1348.0
1108440 1348.0
1108450 1350.5
1108460 1353.3
1108470 1356.9
1108480 1356.9
1108490 1360.7
1108500 1363.0
1108510 1363.0
1108520 1364.8
1108530 1367.4
1108540 1367.4
1108550 1371.3
1108560 1376.7
1108570 1376.7
1108580 1383.8
1108590 1391.2
1108600 1391.2
1108610 1397.8
1108620 1404.2
1108630 1404.2
1108640 1410.5
1108650 1416.3
1108660 1416.3
1108670 1423.7
1108680 1433.4
1108690 1433.4
1108700 1457.0
1108710 1485.6
1108720 1485.6
1108730 1497.3
1108740 1503.6
1108750 1510.0
1108760 1510.0
1108770 1515.1
1108780 1516.5
1108790 1516.5
1108800 1516.8
1108810 1519.2
1108820 1519.2
1108830 1518.9
1108840 1517.0
1108850 1517.0
1108860 1526.9
1108870 1528.3
1108880 1528.3
1108890 1527.9
1108900 1528.6
1108910 1528.6
1108920 1527.5
1108930 1524.0
1108940 1524.0
1108950 1522.5
1108960 1531.2
1108970 1531.2
1108980 1539.2
1108990 1544.9
1109000 1550.1
1109010 1550.1
1109020 1561.4
1109030 1570.9
1109040 1570.9
1109050 1573.1
1109060 1578.3
1109070 1578.3
1109080 1583.9
1109090 1595.3
1109100 1595.3
1109110 1601.8
1109120 1601.6
1109130 1601.6
1109140 1600.4
1109150 1595.5
1109160 1595.5
1109170 1596.2
1109180 1594.3
1109190 1594.3
1109200 1605.0
1109210 1606.4
1109220 1606.4
1109230 1598.8
1109240 1600.2
1109250 1604.1
1109260 1604.1
1109270 1610.5
1109280 1618.3
1109290 1618.3
1109300 1627.9
1109310 1643.3
1109320 1643.3
1109330 1660.1
1109340 1670.0
1109350 1670.0
1109360 1671.2
1109370 1675.3
1109380 1675.3
1109390 1679.0
1109400 1686.9
1109410 1686.9
1109420 1694.0
1109430 1701.1
1109440 1701.1
1109450 1709.9
1109460 1731.8
1109470 1731.8
1109480 1749.5
1109490 1763.1
1109500 1776.7
1109510 1776.7
1109520 1786.4
1109530 1795.9
1109540 1789.7
1109550 1800.0
1109560 1824.8
1109570 1824.8
1109580 1848.5
1109590 1860.1
1109600 1860.1
1109610 1871.2
1109620 1881.2
1109630 1881.2
1109640 1889.9
1109650 1901.9
1109660 1901.9
1109670 1917.9
1109680 1931.5
1109690 1931.5
1109700 1946.3
1109710 1959.7
1109720 1959.7
1109730 1968.1
1109740 1979.2
1109750 1979.2
1109760 1992.2
1109770 2010.8
1109780 2028.2
1109790 2028.2
1109800 2037.9
1109810 2062.0
1109820 2062.0
1109830 2098.0
1109840 2171.0
1109850 2171.0
1109860 2188.5
1109870 2196.6
1109880 2195.2
1109890 2203.4
1109900 2212.4
1109910 2212.4
1109920 2220.7
1109930 2229.1
1109940 2229.1
1109950 2238.4
1109960 2245.2
1109970 2245.2
1109980 2244.3
1109990 2237.3
1110000 2237.3
1110010 2228.0
1110020 2221.6
1110030 2215.1
1110040 2215.1
1110050 2207.6
1110060 2198.5
1110070 2198.5
1110080 2187.1
1110090 2175.4
1110100 2175.4
1110110 2167.8
1110120 2160.8
1110130 2160.8
1110140 2152.8
1110150 2144.4
1110160 2144.4
1110170 2136.5
1110180 2128.9
1110190 2128.9
1110200 2120.6
1110210 2107.8
1110220 2110.1
1110230 2097.5
1110240 2089.9
1110250 2089.9
1110260 2082.7
1110270 2075.6
1110280 2068.4
1110290 2068.4
1110300 2061.5
1110310 2054.7
1110320 2054.7
1110330 2047.8
1110340 2041.3
1110350 2041.3
1110360 2035.3
1110370 2029.8
1110380 2029.8
1110390 2024.2
1110400 2018.5
1110410 2018.5
1110420 2012.8
1110430 2007.6
1110440 2007.6
1110450 2002.8
1110460 1997.8
1110470 1997.8
1110480 1992.9
1110490 1987.5
1110500 1987.5
1110510 1983.3
1110520 1979.6
1110530 1977.1
1110540 1977.1
1110550 1973.3
1110560 1975.0
1110570 1975.0
1110580 1973.0
1110590 1971.5
1110600 1971.5
1110610 1969.4
1110620 1967.1
1110630 1967.1
1110640 1961.9
1110650 1958.5
1110660 1958.5
1110670 1953.1
1110680 1948.6
1110690 1948.6
1110700 1946.9
1110710 1945.8
1110720 1945.8
1110730 1944.2
1110740 1943.5
1110750 1943.5
1110760 1942.6
1110770 1940.6
1110780 1940.6
1110790 1937.5
1110800 1935.4
1110810 1935.7
1110820 1935.7
1110830 1938.3
1110840 1939.1
1110850 1939.1
1110860 1939.8
1110870 1937.6
1110880 1937.6
1110890 1935.3
1110900 1935.2
1110910 1935.2
1110920 1936.9
1110930 1937.0
1110940 1937.0
1110950 1937.9
1110960 1938.2
1110970 1938.2
1110980 1938.3
1110990 1938.0
1111000 1938.0
1111010 1936.8
1111020 1935.5
1111030 1935.5
1111040 1933.5
1111050 1932.2
1111060 1931.8
1111070 1931.8
1111080 1933.9
1111090 1933.3
1111100 1933.3
1111110 1931.1
1111120 1928.5
1111130 1928.5
1111140 1927.8
1111150 1927.2
1111160 1927.2
1111170 1923.8
1111180 1919.6
1111190 1919.6
1111200 1919.0
1111210 1920.8
1111220 1920.8
1111230 1923.6
1111240 1929.7
1111250 1929.7
1111260 1929.8
1111270 1928.9
1111280 1928.9
1111290 1926.4
1111300 1926.4
1111310 1930.4
1111320 1930.4
1111330 1934.1
1111340 1934.9
1111350 1934.9
1111360 1936.5
1111370 1936.9
1111380 1936.9
1111390 1936.3
1111400 1935.3
1111410 1935.3
1111420 1933.0
1111430 1933.7
1111440 1933.7
1111450 1935.4
1111460 1934.3
1111470 1934.3
1111480 1933.1
1111490 1930.5
1111500 1930.5
1111510 1931.2
1111520 1936.6
1111530 1936.6
1111540 1938.5
1111550 1938.8
1111560 1937.4
1111570 1937.4
1111580 1940.3
1111590 1938.6
1111600 1938.6
1111610 1937.6
1111620 1936.3
1111630 1936.3
1111640 1936.6
1111650 1938.6
1111660 1938.6
1111670 1938.5
1111680 1935.9
1111690 1935.9
1111700 1935.1
1111710 1938.3
1111720 1938.3
1111730 1940.0
1111740 1940.5
1111750 1940.5
1111760 1939.4
1111770 1940.5
1111780 1940.5
1111790 1944.2
1111800 1947.7
1111810 1950.9
1111820 1950.9
1111830 1951.5
1111840 1949.6
1111850 1949.6
1111860 1948.9
1111870 1951.7
1111880 1951.7
1111890 1953.0
1111900 1955.9
1111910 1955.9
1111920 1963.9
1111930 1966.1
1111940 1966.1
1111950 1965.8
1111960 1961.7
1111970 1961.7
1111980 1957.1
1111990 1957.2
1112000 1957.2
1112010 1956.1
1112020 1954.7
1112030 1954.7
1112040 1953.0
1112050 1952.1
1112060 1952.1
1112070 1953.0
1112080 1954.5
1112090 1952.0
1112100 1952.0
1112110 1950.0
1112120 1952.9
1112130 1952.9
1112140 1955.0
1112150 1957.7
1112160 1957.7
1112170 1961.7
1112180 1964.3
1112190 1964.3
1112200 1965.2
1112210 1965.5
1112220 1965.5
1112230 1964.1
1112240 1964.1
1112250 1964.1
1112260 1969.2
1112270 1971.2
1112280 1971.2
1112290 1973.2
1112300 1974.5
1112310 1974.5
1112320 1975.6
1112330 1977.4
1112340 1979.8
1112350 1979.8
1112360 1980.9
1112370 1981.2
1112380 1981.2
1112390 1979.2
1112400 1982.4
1112410 1982.4
1112420 1985.3
1112430 1986.5
1112440 1986.5
1112450 1986.5
1112460 1987.9
1112470 1987.9
1112480 1989.6
1112490 1989.7
1112500 1989.7
1112510 1990.8
1112520 1990.9
1112530 1990.9
1112540 1990.1
1112550 1993.0
1112560 1993.0
1112570 1997.8
1112580 2000.2
1112590 2003.6
1112600 2008.7
1112610 2011.1
1112620 2012.0
1112630 2012.0
1112640 2011.6
1112650 2008.4
1112660 2008.4
1112670 2006.3
1112680 2003.1
1112690 2003.1
1112700 2004.1
1112710 2008.3
1112720 2008.3
1112730 2010.3
1112740 2010.2
1112750 2010.2
1112760 2010.0
1112770 2009.8
1112780 2009.8
1112790 2008.9
1112800 2006.8
1112810 2006.8
1112820 2006.0
1112830 2007.4
1112840 2007.3
1112850 2007.3
1112860 2007.7
1112870 2007.1
1112880 2007.1
1112890 2008.8
1112900 2009.3
1112910 2009.3
1112920 2008.4
1112930 2013.0
1112940 2015.3
1112950 2019.3
1112960 2022.5
1112970 2022.5
1112980 2025.8
1112990 2026.1
1113000 2026.1
1113010 2028.9
1113020 2028.8
1113030 2028.8
1113040 2028.8
1113050 2030.1
1113060 2030.1
1113070 2030.2
1113080 2030.5
1113090 2030.5
1113100 2030.9
1113110 2030.6
1113120 2031.1
1113130 2031.1
1113140 2032.6
1113150 2034.5
1113160 2034.5
1113170 2037.7
1113180 2039.3
1113190 2039.3
1113200 2038.6
1113210 2039.6
1113220 2039.6
1113230 2041.1
1113240 2043.5
1113250 2043.5
1113260 2045.6
1113270 2050.2
1113280 2050.2
1113290 2056.6
1113300 2058.7
1113310 2058.7
1113320 2060.3
1113330 2062.7
1113340 2062.7
1113350 2064.0
1113360 2065.6
1113370 2067.2
1113380 2067.2
1113390 2068.0
1113400 2069.4
1113410 2069.4
1113420 2070.3
1113430 2072.1
1113440 2072.1
1113450 2075.7
1113460 2075.5
1113470 2075.5
1113480 2074.3
1113490 2074.9
1113500 2074.9
1113510 2078.6
1113520 2084.2
1113530 2084.2
1113540 2087.5
1113550 2090.8
1113560 2090.8
1113570 2096.5
1113580 2099.7
1113590 2099.7
1113600 2102.4
1113610 2108.1
1113620 2114.5
1113630 2117.0
1113640 2122.2
1113650 2123.5
1113660 2123.5
1113670 2124.8
1113680 2127.1
1113690 2127.1
1113700 2126.8
1113710 2127.1
1113720 2127.1
1113730 2125.3
1113740 2123.0
1113750 2123.0
1113760 2120.7
1113770 2117.1
1113780 2117.1
1113790 2115.5
1113800 2117.5
1113810 2117.5
1113820 2113.1
1113830 2107.8
1113840 2107.8
1113850 2109.6
1113860 2112.5
1113870 2112.8
1113880 2112.8
1113890 2117.0
1113900 2118.3
1113910 2118.3
1113920 2117.5
1113930 2115.6
1113940 2115.6
1113950 2112.9
1113960 2110.6
1113970 2113.3
1113980 2112.3
1113990 2114.6
1114000 2114.6
1114010 2118.1
1114020 2122.2
1114030 2122.2
1114040 2126.3
1114050 2130.9
1114060 2130.9
1114070 2135.2
1114080 2142.0
1114090 2142.0
1114100 2149.3
1114110 2156.3
1114120 2161.8
1114130 2161.8
1114140 2167.4
1114150 2172.5
1114160 2172.5
1114170 2178.1
1114180 2185.8
1114190 2185.8
1114200 2193.0
1114210 2198.0
1114220 2198.0
1114230 2201.9
1114240 2210.5
1114250 2210.5
1114260 2218.6
1114270 2224.9
1114280 2224.9
1114290 2230.1
1114300 2238.2
1114310 2238.2
1114320 2247.1
1114330 2255.3
1114340 2255.3
1114350 2259.1
1114360 2261.9
1114370 2261.9
1114380 2265.6
1114390 2267.0
1114400 2268.3
1114410 2268.3
1114420 2270.8
1114430 2273.0
1114440 2273.0
1114450 2276.1
1114460 2280.6
1114470 2280.6
1114480 2285.0
1114490 2290.3
1114500 2290.3
1114510 2297.1
1114520 2302.2
1114530 2302.2
1114540 2306.1
1114550 2307.9
1114560 2307.9
1114570 2310.6
1114580 2311.1
1114590 2311.1
1114600 2310.2
1114610 2308.0
1114620 2308.0
1114630 2303.2
1114640 2298.5
1114650 2296.1
1114660 2308.2
1114670 2310.9
1114680 2312.8
1114690 2312.8
1114700 2313.1
1114710 2312.9
1114720 2312.9
1114730 2311.8
1114740 2309.0
1114750 2309.0
1114760 2305.9
1114770 2304.2
1114780 2304.2
1114790 2300.0
1114800 2296.7
1114810 2296.7
1114820 2292.3
1114830 2290.0
1114840 2290.0
1114850 2288.5
1114860 2286.8
1114870 2286.8
1114880 2286.0
1114890 2284.7
1114900 2279.3
1114910 2279.3
1114920 2276.2
1114930 2275.3
1114940 2275.3
1114950 2274.9
1114960 2274.6
1114970 2274.6
1114980 2274.2
1114990 2274.8
1115000 2276.2
1115010 2277.0
1115020 2277.8
1115030 2277.8
1115040 2278.3
1115050 2278.5
1115060 2278.5
1115070 2279.5
1115080 2282.0
1115090 2282.0
1115100 2284.7
1115110 2289.4
1115120 2289.4
1115130 2292.5
1115140 2293.8
1115150 2296.7
1115160 2296.7
1115170 2300.5
1115180 2304.6
1115190 2304.6
1115200 2307.7
1115210 2309.0
1115220 2309.0
1115230 2309.8
1115240 2309.7
1115250 2309.7
1115260 2310.1
1115270 2310.8
1115280 2310.8
1115290 2313.6
1115300 2315.7
1115310 2315.7
1115320 2316.5
1115330 2317.4
1115340 2317.4
1115350 2322.9
1115360 2325.4
1115370 2325.4
1115380 2328.6
1115390 2331.9
1115400 2335.6
1115410 2335.6
1115420 2339.1
1115430 2342.6
1115440 2342.6
1115450 2346.3
1115460 2350.0
1115470 2350.0
1115480 2353.5
1115490 2356.4
1115500 2356.4
1115510 2358.3
1115520 2360.8
1115530 2360.8
1115540 2363.7
1115550 2366.0
1115560 2366.0
1115570 2368.4
1115580 2371.4
1115590 2371.4
1115600 2373.4
1115610 2377.0
1115620 2377.0
1115630 2383.2
1115640 2386.5
1115650 2386.5
1115660 2392.4
1115670 2398.7
1115680 2405.3
1115690 2407.3
1115700 2414.0
1115710 2421.0
1115720 2421.0
1115730 2428.0
1115740 2436.1
1115750 2436.1
1115760 2457.5
1115770 2481.8
1115780 2481.8
1115790 2473.4
1115800 2461.1
1115810 2461.1
1115820 2450.1
1115830 2434.5
1115840 2434.5
1115850 2418.2
1115860 2395.0
1115870 2395.0
1115880 2381.2
1115890 2374.0
1115900 2374.0
1115910 2367.3
1115920 2360.5
1115930 2354.2
1115940 2354.2
1115950 2348.3
1115960 2342.4
1115970 2342.4
1115980 2336.4
1115990 2330.4
1116000 2330.4
1116010 2324.6
1116020 2318.8
1116030 2318.8
1116040 2311.0
1116050 2305.9
1116060 2305.9
1116070 2300.9
1116080 2295.5
1116090 2295.5
1116100 2290.5
1116110 2287.0
1116120 2287.0
1116130 2284.1
1116140 2282.0
1116150 2282.0
1116160 2280.4
1116170 2279.4
1116180 2277.7
1116190 2277.7
1116200 2276.0
1116210 2273.2
1116220 2273.2
1116230 2271.8
1116240 2272.0
1116250 2272.0
1116260 2271.5
1116270 2271.2
1116280 2271.2
1116290 2270.6
1116300 2269.1
1116310 2269.1
1116320 2268.0
1116330 2266.6
1116340 2266.6
1116350 2265.7
1116360 2263.5
1116370 2263.5
1116380 2262.0
1116390 2261.3
1116400 2261.3
1116410 2261.1
1116420 2261.4
1116430 2260.6
1116440 2260.6
1116450 2259.7
1116460 2259.3
1116470 2259.3
1116480 2259.3
1116490 2259.2
1116500 2259.2
1116510 2259.9
1116520 2261.6
1116530 2261.6
1116540 2262.8
1116550 2266.0
1116560 2266.0
1116570 2269.9
1116580 2272.7
1116590 2272.7
1116600 2271.7
1116610 2271.6
1116620 2271.6
1116630 2270.0
1116640 2267.6
1116650 2267.6
1116660 2263.9
1116670 2259.9
1116680 2259.9
1116690 2260.7
1116700 2260.5
1116710 2258.3
1116720 2258.3
1116730 2257.7
1116740 2254.2
1116750 2254.2
1116760 2249.6
1116770 2245.2
1116780 2245.2
1116790 2242.1
1116800 2240.3
1116810 2240.3
1116820 2240.4
1116830 2238.9
1116840 2238.9
1116850 2236.4
1116860 2241.2
1116870 2241.2
1116880 2245.8
1116890 2248.7
1116900 2248.7
1116910 2251.7
1116920 2254.3
1116930 2254.3
1116940 2255.8
1116950 2257.6
1116960 2258.1
1116970 2258.1
1116980 2257.3
1116990 2258.3
1117000 2258.3
1117010 2256.9
1117020 2254.7
1117030 2254.7
1117040 2255.7
1117050 2255.7
1117060 2255.7
1117070 2260.9
1117080 2261.1
1117090 2261.1
1117100 2264.4
1117110 2263.6
1117120 2263.6
1117130 2262.0
1117140 2261.6
1117150 2261.6
1117160 2260.0
1117170 2257.8
1117180 2257.8
1117190 2256.4
1117200 2254.2
1117210 2249.9
1117220 2249.9
1117230 2245.9
1117240 2243.6
1117250 2243.6
1117260 2241.4
1117270 2238.4
1117280 2238.4
1117290 2231.4
1117300 2225.5
1117310 2225.5
1117320 2224.4
1117330 2225.5
1117340 2225.5
1117350 2227.0
1117360 2227.2
1117370 2227.2
1117380 2223.2
1117390 2219.2
1117400 2219.2
1117410 2217.6
1117420 2222.1
1117430 2222.1
1117440 2224.3
1117450 2225.1
1117460 2227.7
1117470 2227.7
1117480 2230.7
1117490 2232.7
1117500 2232.7
1117510 2232.8
1117520 2232.1
1117530 2232.1
1117540 2231.8
1117550 2231.5
1117560 2231.5
1117570 2232.9
1117580 2232.7
1117590 2232.7
1117600 2231.0
1117610 2231.1
1117620 2231.1
1117630 2231.4
1117640 2233.6
1117650 2233.6
1117660 2235.6
1117670 2236.9
1117680 2236.9
1117690 2234.7
1117700 2232.1
1117710 2233.4
1117720 2233.4
1117730 2233.9
1117740 2232.6
1117750 2232.6
1117760 2230.4
1117770 2232.3
1117780 2232.3
1117790 2232.5
1117800 2233.4
1117810 2233.4
1117820 2233.4
1117830 2232.5
1117840 2232.5
1117850 2231.3
1117860 2231.3
1117870 2231.3
1117880 2232.3
1117890 2233.2
1117900 2233.2
1117910 2234.2
1117920 2235.1
1117930 2235.1
1117940 2235.4
1117950 2235.6
1117960 2235.6
1117970 2237.5
1117980 2238.7
1117990 2238.0
1118000 2238.0
1118010 2236.6
1118020 2237.6
1118030 2237.6
1118040 2240.7
1118050 2241.5
1118060 2241.5
1118070 2239.9
1118080 2239.5
1118090 2239.5
1118100 2240.5
1118110 2245.1
1118120 2245.1
1118130 2247.9
1118140 2248.5
1118150 2248.5
1118160 2249.7
1118170 2252.3
1118180 2252.3
1118190 2251.3
1118200 2247.5
1118210 2247.5
1118220 2245.0
1118230 2242.9
1118240 2241.0
1118250 2241.0
1118260 2238.8
1118270 2237.1
1118280 2237.1
1118290 2233.8
1118300 2230.5
1118310 2230.5
1118320 2225.4
1118330 2219.5
1118340 2219.5
1118350 2215.0
1118360 2210.0
1118370 2210.0
1118380 2203.6
1118390 2195.8
1118400 2195.8
1118410 2183.0
1118420 2171.5
1118430 2171.5
1118440 2167.2
1118450 2161.7
1118460 2156.1
1118470 2149.5
1118480 2143.8
1118490 2139.7
1118500 2139.7
1118510 2137.2
1118520 2136.5
1118530 2136.5
1118540 2134.5
1118550 2130.9
1118560 2130.9
1118570 2124.2
1118580 2115.8
1118590 2115.8
1118600 2107.7
1118610 2104.3
1118620 2104.3
1118630 2102.2
1118640 2100.1
1118650 2100.1
1118660 2097.7
1118670 2096.3
1118680 2096.3
1118690 2092.8
1118700 2090.7
1118710 2090.7
1118720 2092.2
1118730 2092.1
1118740 2087.6
1118750 2087.6
1118760 2082.5
1118770 2077.8
1118780 2077.8
1118790 2075.1
1118800 2073.5
1118810 2069.2
1118820 2068.8
1118830 2068.1
1118840 2068.1
1118850 2067.9
1118860 2067.9
1118870 2067.9
1118880 2067.4
1118890 2069.2
1118900 2069.2
1118910 2074.2
1118920 2080.8
1118930 2080.8
1118940 2085.4
1118950 2088.2
1118960 2088.2
1118970 2091.3
1118980 2095.3
1118990 2098.0
1119000 2098.0
1119010 2099.9
1119020 2102.3
1119030 2102.3
1119040 2103.4
1119050 2102.4
1119060 2102.4
1119070 2103.2
1119080 2103.0
1119090 2103.0
1119100 2103.3
1119110 2105.4
1119120 2105.4
1119130 2105.4
1119140 2105.9
1119150 2105.9
1119160 2102.8
1119170 2102.5
1119180 2102.5
1119190 2105.8
1119200 2110.7
1119210 2110.7
1119220 2114.3
1119230 2116.0
1119240 2116.0
1119250 2115.8
1119260 2114.2
1119270 2118.9
1119280 2118.9
1119290 2122.7
1119300 2123.7
1119310 2123.7
1119320 2127.5
1119330 2131.7
1119340 2131.7
1119350 2136.3
1119360 2140.5
1119370 2140.5
1119380 2143.3
1119390 2145.1
1119400 2145.1
1119410 2147.2
1119420 2149.9
1119430 2149.9
1119440 2151.5
1119450 2152.8
1119460 2152.8
1119470 2153.0
1119480 2150.3
1119490 2150.3
1119500 2144.9
1119510 2141.5
1119520 2139.0
1119530 2139.0
1119540 2138.9
1119550 2138.9
1119560 2138.9
1119570 2140.9
1119580 2142.0
1119590 2142.0
1119600 2141.3
1119610 2140.2
1119620 2140.2
1119630 2139.5
1119640 2136.0
1119650 2136.0
1119660 2132.7
1119670 2131.4
1119680 2131.4
1119690 2127.7
1119700 2122.9
1119710 2122.9
1119720 2120.8
1119730 2118.6
1119740 2118.6
1119750 2115.7
1119760 2113.8
1119770 2113.9
1119780 2113.9
1119790 2113.7
1119800 2112.8
1119810 2112.8
1119820 2110.1
1119830 2107.0
1119840 2107.0
1119850 2100.9
1119860 2095.1
1119870 2095.1
1119880 2090.4
1119890 2087.1
1119900 2087.1
1119910 2084.7
1119920 2080.3
1119930 2080.3
1119940 2078.3
1119950 2076.9
1119960 2076.9
1119970 2075.2
1119980 2072.5
1119990 2072.5
