1100000 1305.7
1100010 1306.9
1100020 1306.9
1100030 1308.2
1100040 1309.2
1100050 1309.2
1100060 1310.7
1100070 1311.6
1100080 1311.6
1100090 1311.2
1100100 1311.4
1100110 1311.4
1100120 1310.2
1100130 1309.6
1100140 1309.6
1100150 1310.4
1100160 1311.2
1100170 1310.0
1100180 1310.0
1100190 1311.6
1100200 1313.3
1100210 1313.3
1100220 1314.9
1100230 1314.4
1100240 1314.4
1100250 1312.8
1100260 1311.3
1100270 1311.3
1100280 1309.8
1100290 1307.2
1100300 1309.4
1100310 1300.1
1100320 1289.4
1100330 1289.4
1100340 1284.4
1100350 1279.3
1100360 1279.3
1100370 1270.9
1100380 1269.7
1100390 1269.7
1100400 1268.3
1100410 1261.4
1100420 1251.5
1100430 1251.5
1100440 1244.7
1100450 1237.4
1100460 1237.4
1100470 1228.0
1100480 1217.9
1100490 1217.9
1100500 1214.0
1100510 1220.1
1100520 1220.1
1100530 1227.4
1100540 1235.8
1100550 1235.8
1100560 1245.8
1100570 1256.2
1100580 1256.2
1100590 1268.3
1100600 1279.1
1100610 1279.1
1100620 1287.4
1100630 1300.1
1100640 1300.1
1100650 1310.5
1100660 1320.3
1100670 1324.7
1100680 1324.7
1100690 1327.1
1100700 1331.4
1100710 1331.4
1100720 1332.8
1100730 1338.3
1100740 1338.3
1100750 1351.0
1100760 1361.2
1100770 1361.2
1100780 1369.6
1100790 1377.6
1100800 1377.6
1100810 1384.8
1100820 1390.9
1100830 1390.9
1100840 1396.4
1100850 1402.0
1100860 1402.0
1100870 1407.1
1100880 1411.1
1100890 1411.1
1100900 1414.1
1100910 1418.2
1100920 1421.5
1100930 1421.5
1100940 1425.8
1100950 1431.1
1100960 1437.2
1100970 1442.8
1100980 1447.5
1100990 1447.5
1101000 1452.4
1101010 1456.8
1101020 1456.8
1101030 1460.9
1101040 1464.3
1101050 1464.3
1101060 1467.2
1101070 1469.9
1101080 1469.9
1101090 1473.4
1101100 1476.5
1101110 1476.5
1101120 1478.9
1101130 1481.1
1101140 1481.1
1101150 1484.0
1101160 1486.6
1101170 1486.6
1101180 1489.2
1101190 1491.2
1101200 1492.5
1101210 1492.5
1101220 1494.3
1101230 1495.7
1101240 1495.7
1101250 1497.5
1101260 1499.9
1101270 1499.9
1101280 1502.5
1101290 1509.7
1101300 1509.7
1101310 1512.5
1101320 1515.7
1101330 1515.7
1101340 1519.4
1101350 1522.2
1101360 1522.2
1101370 1523.8
1101380 1523.8
1101390 1523.8
1101400 1522.8
1101410 1522.2
1101420 1522.2
1101430 1521.9
1101440 1521.0
1101450 1520.5
1101460 1520.5
1101470 1519.8
1101480 1519.3
1101490 1519.3
1101500 1519.3
1101510 1520.3
1101520 1520.3
1101530 1521.3
1101540 1521.5
1101550 1521.5
1101560 1522.4
1101570 1523.1
1101580 1523.1
1101590 1523.5
1101600 1524.2
1101610 1524.2
1101620 1524.3
1101630 1528.9
1101640 1528.9
1101650 1528.7
1101660 1528.4
1101670 1528.4
1101680 1527.3
1101690 1525.3
1101700 1522.5
1101710 1522.5
1101720 1519.4
1101730 1516.0
1101740 1516.0
1101750 1513.0
1101760 1511.0
1101770 1511.0
1101780 1510.5
1101790 1508.1
1101800 1508.1
1101810 1506.3
1101820 1503.9
1101830 1503.9
1101840 1500.0
1101850 1497.0
1101860 1497.0
1101870 1493.6
1101880 1489.4
1101890 1489.4
1101900 1485.3
1101910 1480.9
1101920 1480.9
1101930 1476.9
1101940 1472.7
1101950 1472.7
1101960 1471.3
1101970 1468.2
1101980 1465.2
1101990 1465.2
1102000 1463.0
1102010 1461.3
1102020 1461.3
1102030 1459.1
1102040 1456.8
1102050 1456.8
1102060 1455.1
1102070 1454.1
1102080 1454.1
1102090 1453.1
1102100 1453.6
1102110 1453.6
1102120 1453.4
1102130 1456.4
1102140 1456.4
1102150 1460.6
1102160 1461.1
1102170 1461.1
1102180 1459.5
1102190 1459.2
1102200 1459.2
1102210 1459.7
1102220 1458.4
1102230 1461.2
1102240 1461.2
1102250 1462.5
1102260 1465.1
1102270 1465.1
1102280 1468.6
1102290 1472.6
1102300 1472.6
1102310 1476.8
1102320 1480.1
1102330 1480.1
1102340 1484.0
1102350 1488.6
1102360 1488.6
1102370 1492.4
1102380 1495.2
1102390 1495.2
1102400 1498.8
1102410 1502.6
1102420 1502.6
1102430 1506.1
1102440 1508.8
1102450 1508.8
1102460 1512.2
1102470 1514.9
1102480 1517.9
1102490 1517.9
1102500 1521.9
1102510 1526.2
1102520 1526.2
1102530 1530.4
1102540 1535.5
1102550 1535.5
1102560 1540.6
1102570 1545.8
1102580 1545.8
1102590 1550.9
1102600 1556.6
1102610 1556.6
1102620 1560.8
1102630 1567.4
1102640 1567.4
1102650 1573.7
1102660 1580.4
1102670 1580.4
1102680 1586.3
1102690 1591.6
1102700 1591.6
1102710 1597.6
1102720 1603.6
1102730 1603.6
1102740 1609.9
1102750 1616.9
1102760 1625.7
1102770 1625.7
1102780 1632.9
1102790 1640.5
1102800 1640.5
1102810 1649.9
1102820 1659.9
1102830 1659.9
1102840 1669.8
1102850 1676.0
1102860 1676.0
1102870 1678.4
1102880 1680.6
1102890 1680.6
1102900 1683.3
1102910 1686.2
1102920 1686.2
1102930 1690.2
1102940 1695.0
1102950 1695.0
1102960 1696.5
1102970 1700.8
1102980 1700.8
1102990 1704.7
1103000 1708.6
1103010 1712.7
1103020 1712.7
1103030 1717.6
1103040 1722.5
1103050 1722.5
1103060 1726.7
1103070 1730.8
1103080 1730.8
1103090 1734.6
1103100 1738.4
1103110 1738.4
1103120 1741.7
1103130 1744.8
1103140 1744.8
1103150 1746.7
1103160 1743.2
1103170 1743.2
1103180 1735.7
1103190 1726.6
1103200 1726.6
1103210 1717.2
1103220 1708.0
1103230 1708.0
1103240 1701.0
1103250 1693.4
1103260 1682.1
1103270 1682.1
1103280 1673.5
1103290 1669.9
1103300 1669.9
1103310 1664.2
1103320 1658.8
1103330 1658.8
1103340 1652.9
1103350 1647.5
1103360 1647.5
1103370 1642.0
1103380 1636.7
1103390 1636.7
1103400 1630.5
1103410 1626.2
1103420 1626.2
1103430 1622.3
1103440 1618.6
1103450 1618.6
1103460 1615.0
1103470 1611.2
1103480 1611.2
1103490 1607.8
1103500 1603.6
1103510 1599.9
1103520 1599.9
1103530 1596.8
1103540 1595.0
1103550 1595.0
1103560 1596.2
1103570 1599.5
1103580 1599.5
1103590 1602.3
1103600 1605.1
1103610 1605.1
1103620 1613.1
1103630 1615.0
1103640 1615.0
1103650 1616.6
1103660 1618.7
1103670 1618.7
1103680 1621.4
1103690 1624.3
1103700 1624.3
1103710 1626.7
1103720 1628.5
1103730 1628.5
1103740 1629.9
1103750 1632.1
1103760 1632.1
1103770 1634.2
1103780 1635.8
1103790 1637.7
1103800 1637.7
1103810 1639.7
1103820 1640.5
1103830 1640.5
1103840 1641.0
1103850 1641.5
1103860 1641.5
1103870 1642.5
1103880 1644.7
1103890 1644.7
1103900 1646.5
1103910 1646.5
1103920 1646.5
1103930 1644.8
1103940 1642.5
1103950 1642.5
1103960 1647.0
1103970 1645.7
1103980 1645.7
1103990 1649.6
1104000 1654.3
1104010 1654.3
1104020 1659.0
1104030 1663.2
1104040 1665.4
1104050 1665.4
1104060 1665.3
1104070 1663.2
1104080 1663.2
1104090 1658.9
1104100 1654.7
1104110 1654.7
1104120 1650.3
1104130 1645.5
1104140 1645.5
1104150 1641.7
1104160 1641.4
1104170 1641.4
1104180 1641.5
1104190 1639.8
1104200 1639.8
1104210 1638.2
1104220 1636.7
1104230 1636.7
1104240 1635.2
1104250 1633.4
1104260 1633.4
1104270 1630.3
1104280 1626.2
1104290 1629.7
1104300 1629.7
1104310 1628.2
1104320 1626.9
1104330 1626.9
1104340 1624.6
1104350 1621.4
1104360 1621.4
1104370 1618.3
1104380 1613.9
1104390 1613.9
1104400 1608.5
1104410 1604.5
1104420 1604.5
1104430 1601.5
1104440 1598.4
1104450 1598.4
1104460 1594.3
1104470 1591.3
1104480 1591.3
1104490 1588.4
1104500 1584.9
1104510 1584.9
1104520 1582.3
1104530 1579.3
1104540 1579.3
1104550 1576.1
1104560 1573.8
1104570 1572.7
1104580 1572.7
1104590 1572.0
1104600 1571.6
1104610 1571.6
1104620 1571.2
1104630 1575.3
1104640 1575.3
1104650 1577.1
1104660 1579.8
1104670 1579.8
1104680 1582.4
1104690 1581.3
1104700 1581.3
1104710 1581.5
1104720 1582.6
1104730 1582.6
1104740 1581.3
1104750 1580.4
1104760 1580.4
1104770 1580.3
1104780 1581.5
1104790 1581.5
1104800 1583.3
1104810 1587.3
1104820 1591.8
1104830 1591.8
1104840 1595.9
1104850 1598.3
1104860 1598.3
1104870 1598.2
1104880 1594.7
1104890 1594.7
1104900 1590.5
1104910 1586.7
1104920 1586.7
1104930 1585.9
1104940 1589.3
1104950 1589.3
1104960 1596.1
1104970 1601.7
1104980 1601.7
1104990 1606.4
1105000 1607.3
1105010 1607.3
1105020 1604.4
1105030 1601.0
1105040 1601.0
1105050 1599.6
1105060 1600.9
1105070 1599.6
1105080 1599.6
1105090 1597.7
1105100 1597.8
1105110 1597.8
1105120 1597.6
1105130 1596.6
1105140 1596.6
1105150 1595.6
1105160 1596.6
1105170 1596.6
1105180 1594.0
1105190 1597.2
1105200 1597.2
1105210 1604.3
1105220 1610.4
1105230 1610.4
1105240 1616.3
1105250 1621.9
1105260 1621.9
1105270 1627.1
1105280 1632.7
1105290 1632.7
1105300 1641.2
1105310 1646.2
1105320 1649.0
1105330 1649.0
1105340 1651.0
1105350 1653.4
1105360 1653.4
1105370 1655.3
1105380 1656.2
1105390 1656.2
1105400 1658.3
1105410 1661.6
1105420 1661.6
1105430 1665.0
1105440 1668.4
1105450 1668.4
1105460 1669.5
1105470 1670.9
1105480 1670.9
1105490 1674.0
1105500 1675.5
1105510 1675.5
1105520 1676.9
1105530 1678.0
1105540 1678.0
1105550 1679.2
1105560 1680.4
1105570 1680.4
1105580 1681.7
1105590 1682.8
1105600 1683.9
1105610 1683.9
1105620 1685.2
1105630 1686.4
1105640 1686.4
1105650 1688.2
1105660 1690.3
1105670 1690.3
1105680 1692.6
1105690 1695.8
1105700 1695.8
1105710 1699.1
1105720 1698.8
1105730 1698.8
1105740 1698.5
1105750 1698.5
1105760 1698.5
1105770 1698.5
1105780 1698.5
1105790 1698.5
1105800 1698.5
1105810 1700.2
1105820 1700.2
1105830 1704.3
1105840 1707.8
1105850 1712.7
1105860 1712.7
1105870 1718.6
1105880 1724.3
1105890 1724.3
1105900 1728.4
1105910 1733.0
1105920 1733.0
1105930 1737.7
1105940 1743.0
1105950 1743.0
1105960 1748.2
1105970 1752.4
1105980 1752.4
1105990 1757.3
1106000 1762.2
1106010 1762.2
1106020 1767.2
1106030 1773.9
1106040 1773.9
1106050 1780.6
1106060 1787.3
1106070 1787.3
1106080 1795.8
1106090 1803.8
1106100 1812.2
1106110 1812.2
1106120 1821.6
1106130 1828.7
1106140 1828.7
1106150 1828.6
1106160 1824.3
1106170 1824.3
1106180 1817.1
1106190 1811.3
1106200 1811.3
1106210 1804.6
1106220 1797.8
1106230 1797.8
1106240 1792.4
1106250 1787.9
1106260 1787.9
1106270 1783.3
1106280 1779.1
1106290 1779.1
1106300 1769.9
1106310 1766.1
1106320 1766.1
1106330 1761.5
1106340 1756.5
1106350 1756.5
1106360 1750.9
1106370 1744.7
1106380 1738.7
1106390 1738.7
1106400 1732.8
1106410 1727.1
1106420 1727.1
1106430 1720.9
1106440 1714.6
1106450 1714.6
1106460 1709.2
1106470 1703.2
1106480 1703.2
1106490 1697.0
1106500 1691.1
1106510 1691.1
1106520 1684.9
1106530 1680.6
1106540 1680.6
1106550 1676.5
1106560 1671.3
1106570 1671.3
1106580 1665.8
1106590 1660.4
1106600 1660.4
1106610 1655.1
1106620 1650.2
1106630 1646.3
1106640 1642.1
1106650 1638.1
1106660 1633.2
1106670 1633.2
1106680 1627.9
1106690 1622.8
1106700 1622.8
1106710 1617.7
1106720 1612.9
1106730 1612.9
1106740 1608.1
1106750 1603.2
1106760 1603.2
1106770 1598.5
1106780 1594.0
1106790 1594.0
1106800 1589.3
1106810 1584.8
1106820 1584.8
1106830 1580.1
1106840 1575.4
1106850 1575.4
1106860 1571.0
1106870 1566.9
1106880 1562.5
1106890 1562.5
1106900 1558.6
1106910 1554.7
1106920 1554.7
1106930 1550.4
1106940 1546.1
1106950 1546.1
1106960 1541.9
1106970 1537.8
1106980 1537.4
1106990 1533.5
1107000 1529.4
1107010 1529.4
1107020 1527.0
1107030 1522.4
1107040 1522.4
1107050 1517.8
1107060 1511.4
1107070 1511.4
1107080 1505.4
1107090 1498.1
1107100 1498.1
1107110 1491.4
1107120 1485.0
1107130 1478.1
1107140 1478.1
1107150 1472.3
1107160 1467.3
1107170 1467.3
1107180 1462.7
1107190 1457.9
1107200 1457.9
1107210 1453.7
1107220 1448.8
1107230 1448.8
1107240 1441.7
1107250 1434.6
1107260 1434.6
1107270 1427.7
1107280 1419.3
1107290 1419.3
1107300 1408.5
1107310 1404.0
1107320 1404.0
1107330 1397.7
1107340 1391.5
1107350 1391.5
1107360 1386.4
1107370 1378.2
1107380 1378.2
1107390 1367.6
1107400 1351.7
1107410 1342.0
1107420 1342.0
1107430 1329.5
1107440 1314.2
1107450 1314.2
1107460 1297.5
1107470 1283.1
1107480 1283.1
1107490 1275.5
1107500 1268.3
1107510 1268.3
1107520 1261.1
1107530 1254.1
1107540 1254.1
1107550 1247.7
1107560 1241.9
1107570 1241.9
1107580 1236.6
1107590 1231.8
1107600 1231.8
1107610 1226.7
1107620 1221.6
1107630 1221.6
1107640 1215.9
1107650 1212.0
1107660 1208.3
1107670 1208.3
1107680 1204.2
1107690 1206.3
1107700 1206.3
1107710 1207.6
1107720 1209.0
1107730 1209.0
1107740 1210.6
1107750 1212.0
1107760 1212.0
1107770 1213.5
1107780 1215.2
1107790 1215.2
1107800 1216.4
1107810 1216.9
1107820 1216.9
1107830 1218.0
1107840 1220.5
1107850 1220.5
1107860 1222.5
1107870 1224.2
1107880 1224.2
1107890 1225.5
1107900 1226.8
1107910 1228.7
1107920 1228.7
1107930 1230.6
1107940 1233.0
1107950 1233.0
1107960 1234.2
1107970 1235.4
1107980 1235.4
1107990 1238.0
1108000 1239.6
1108010 1239.6
1108020 1240.4
1108030 1241.0
1108040 1241.0
1108050 1242.1
1108060 1244.6
1108070 1244.6
1108080 1246.5
1108090 1247.0
1108100 1247.0
1108110 1250.8
1108120 1252.5
1108130 1252.5
1108140 1254.4
1108150 1257.0
1108160 1257.0
1108170 1259.2
1108180 1260.9
1108190 1262.8
1108200 1262.8
1108210 1264.7
1108220 1267.0
1108230 1267.0
1108240 1268.4
1108250 1270.9
1108260 1270.9
1108270 1273.1
1108280 1276.3
1108290 1276.3
1108300 1280.2
1108310 1284.5
1108320 1284.5
1108330 1291.4
1108340 1298.3
1108350 1298.3
1108360 1306.3
1108370 1314.7
1108380 1314.7
1108390 1323.0
1108400 1332.1
1108410 1332.1
1108420 1341.0
1108430 1348.2
1108440 1354.4
1108450 1354.4
1108460 1361.2
1108470 1369.0
1108480 1369.0
1108490 1382.7
1108500 1398.4
1108510 1398.4
1108520 1412.8
1108530 1420.1
1108540 1420.1
1108550 1425.8
1108560 1432.7
1108570 1432.7
1108580 1440.6
1108590 1448.9
1108600 1448.9
1108610 1453.8
1108620 1457.6
1108630 1457.6
1108640 1463.0
1108650 1469.3
1108660 1469.3
1108670 1482.1
1108680 1491.8
1108690 1499.1
1108700 1499.1
1108710 1506.1
1108720 1513.6
1108730 1513.6
1108740 1520.5
1108750 1529.0
1108760 1529.0
1108770 1538.4
1108780 1543.9
1108790 1543.9
1108800 1548.9
1108810 1550.9
1108820 1550.9
1108830 1551.9
1108840 1554.0
1108850 1554.0
1108860 1555.2
1108870 1555.2
1108880 1555.2
1108890 1556.0
1108900 1560.1
1108910 1560.1
1108920 1563.3
1108930 1567.9
1108940 1573.4
1108950 1573.4
1108960 1580.1
1108970 1587.1
1108980 1587.1
1108990 1593.8
1109000 1595.4
1109010 1595.4
1109020 1602.8
1109030 1609.5
1109040 1609.5
1109050 1615.5
1109060 1623.0
1109070 1623.0
1109080 1646.1
1109090 1659.5
1109100 1659.5
1109110 1670.9
1109120 1681.8
1109130 1681.8
1109140 1712.7
1109150 1733.2
1109160 1733.2
1109170 1749.4
1109180 1758.6
1109190 1758.6
1109200 1776.7
1109210 1793.9
1109220 1821.5
1109230 1821.5
1109240 1832.9
1109250 1833.8
1109260 1833.8
1109270 1833.4
1109280 1852.6
1109290 1852.6
1109300 1877.0
1109310 1905.7
1109320 1905.7
1109330 1911.5
1109340 1937.3
1109350 1937.3
1109360 1940.7
1109370 1933.3
1109380 1933.3
1109390 1936.0
1109400 1941.4
1109410 1941.4
1109420 1966.7
1109430 1983.3
1109440 1983.3
1109450 1991.4
1109460 1999.0
1109470 2008.3
1109480 2008.3
1109490 2022.7
1109500 2025.0
1109510 2025.0
1109520 2009.6
1109530 2000.5
1109540 2000.5
1109550 1990.6
1109560 1980.1
1109570 1980.1
1109580 1971.0
1109590 1963.3
1109600 1963.3
1109610 1956.1
1109620 1950.5
1109630 1950.5
1109640 1945.9
1109650 1942.7
1109660 1942.7
1109670 1939.9
1109680 1939.1
1109690 1939.1
1109700 1935.9
1109710 1934.1
1109720 1933.9
1109730 1933.9
1109740 1931.8
1109750 1927.0
1109760 1927.0
1109770 1922.4
1109780 1920.3
1109790 1920.3
1109800 1919.4
1109810 1916.7
1109820 1916.7
1109830 1913.1
1109840 1909.8
1109850 1909.8
1109860 1906.2
1109870 1901.2
1109880 1901.2
1109890 1897.6
1109900 1893.5
1109910 1893.5
1109920 1890.5
1109930 1888.1
1109940 1888.1
1109950 1883.6
1109960 1879.0
1109970 1879.2
1109980 1879.2
1109990 1878.6
1110000 1876.7
1110010 1876.7
1110020 1877.9
1110030 1875.2
1110040 1875.2
1110050 1872.6
1110060 1869.8
1110070 1869.8
1110080 1866.6
1110090 1863.1
1110100 1863.1
1110110 1860.0
1110120 1857.3
1110130 1857.3
1110140 1855.0
1110150 1854.9
1110160 1854.9
1110170 1855.8
1110180 1854.8
1110190 1854.8
1110200 1854.5
1110210 1855.3
1110220 1855.3
1110230 1856.0
1110240 1854.8
1110250 1853.2
1110260 1853.2
1110270 1851.7
1110280 1849.9
1110290 1849.9
1110300 1848.3
1110310 1846.6
1110320 1846.6
1110330 1844.5
1110340 1842.3
1110350 1842.3
1110360 1843.1
1110370 1840.6
1110380 1840.6
1110390 1838.4
1110400 1837.0
1110410 1837.0
1110420 1836.0
1110430 1840.0
1110440 1840.0
1110450 1845.8
1110460 1851.9
1110470 1851.9
1110480 1857.8
1110490 1858.4
1110500 1853.1
1110510 1853.1
1110520 1848.0
1110530 1843.5
1110540 1843.5
1110550 1839.0
1110560 1834.6
1110570 1834.6
1110580 1832.1
1110590 1831.2
1110600 1831.2
1110610 1831.2
1110620 1828.7
1110630 1828.7
1110640 1824.8
1110650 1823.4
1110660 1823.4
1110670 1822.4
1110680 1819.3
1110690 1819.3
1110700 1820.1
1110710 1820.4
1110720 1820.4
1110730 1819.6
1110740 1819.5
1110750 1819.5
1110760 1819.5
1110770 1819.8
1110780 1821.6
1110790 1821.6
1110800 1824.3
1110810 1827.6
1110820 1827.6
1110830 1828.2
1110840 1822.8
1110850 1822.8
1110860 1816.1
1110870 1809.3
1110880 1809.3
1110890 1803.4
1110900 1798.6
1110910 1798.6
1110920 1792.8
1110930 1786.6
1110940 1786.6
1110950 1780.3
1110960 1774.7
1110970 1774.7
1110980 1771.8
1110990 1767.2
1111000 1767.2
1111010 1761.1
1111020 1755.8
1111030 1752.3
1111040 1759.1
1111050 1757.2
1111060 1754.7
1111070 1754.7
1111080 1752.4
1111090 1748.3
1111100 1748.3
1111110 1743.4
1111120 1737.1
1111130 1737.1
1111140 1732.0
1111150 1731.6
1111160 1731.6
1111170 1730.7
1111180 1726.6
1111190 1726.6
1111200 1722.6
1111210 1721.7
1111220 1721.7
1111230 1720.4
1111240 1718.0
1111250 1718.0
1111260 1713.9
1111270 1710.3
1111280 1708.5
1111290 1708.5
1111300 1705.7
1111310 1701.3
1111320 1701.3
1111330 1697.1
1111340 1694.6
1111350 1694.6
1111360 1692.4
1111370 1689.3
1111380 1696.0
1111390 1695.8
1111400 1695.5
1111410 1695.5
1111420 1688.4
1111430 1678.5
1111440 1678.5
1111450 1673.4
1111460 1671.7
1111470 1671.7
1111480 1673.1
1111490 1675.0
1111500 1675.0
1111510 1677.3
1111520 1680.6
1111530 1683.3
1111540 1683.3
1111550 1687.2
1111560 1689.1
1111570 1689.1
1111580 1691.7
1111590 1695.4
1111600 1695.4
1111610 1696.2
1111620 1691.9
1111630 1691.9
1111640 1691.9
1111650 1690.8
1111660 1690.8
1111670 1689.9
1111680 1688.4
1111690 1688.4
1111700 1685.5
1111710 1686.1
1111720 1691.5
1111730 1691.4
1111740 1692.6
1111750 1692.6
1111760 1692.8
1111770 1692.3
1111780 1691.2
1111790 1691.2
1111800 1691.3
1111810 1693.6
1111820 1693.6
1111830 1694.4
1111840 1692.5
1111850 1692.5
1111860 1691.8
1111870 1691.8
1111880 1691.8
1111890 1695.2
1111900 1704.1
1111910 1704.1
1111920 1712.4
1111930 1715.8
1111940 1715.8
1111950 1717.5
1111960 1723.9
1111970 1723.9
1111980 1727.2
1111990 1729.5
1112000 1729.5
1112010 1727.5
1112020 1724.0
1112030 1724.0
1112040 1721.3
1112050 1719.1
1112060 1726.0
1112070 1726.0
1112080 1727.5
1112090 1728.9
1112100 1728.9
1112110 1728.0
1112120 1721.4
1112130 1721.4
1112140 1721.8
1112150 1723.8
1112160 1723.8
1112170 1727.5
1112180 1733.6
1112190 1733.6
1112200 1737.9
1112210 1740.9
1112220 1740.9
1112230 1744.7
1112240 1748.0
1112250 1748.0
1112260 1749.0
1112270 1746.7
1112280 1746.7
1112290 1749.4
1112300 1752.5
1112310 1756.8
1112320 1756.8
1112330 1759.5
1112340 1759.3
1112350 1759.3
1112360 1759.7
1112370 1758.9
1112380 1758.9
1112390 1757.2
1112400 1758.3
1112410 1762.6
1112420 1764.4
1112430 1764.7
1112440 1764.7
1112450 1767.5
1112460 1770.2
1112470 1770.2
1112480 1773.7
1112490 1777.9
1112500 1777.9
1112510 1781.0
1112520 1782.5
1112530 1782.5
1112540 1785.0
1112550 1786.4
1112560 1790.2
1112570 1790.2
1112580 1792.3
1112590 1793.8
1112600 1793.8
1112610 1794.1
1112620 1796.2
1112630 1796.2
1112640 1798.0
1112650 1798.2
1112660 1798.2
1112670 1795.3
1112680 1791.7
1112690 1791.7
1112700 1789.8
1112710 1787.9
1112720 1787.9
1112730 1788.7
1112740 1791.7
1112750 1794.7
1112760 1798.3
1112770 1803.0
1112780 1803.0
1112790 1813.6
1112800 1819.7
1112810 1821.3
1112820 1821.3
1112830 1825.7
1112840 1830.8
1112850 1830.8
1112860 1834.1
1112870 1834.4
1112880 1834.4
1112890 1834.1
1112900 1836.6
1112910 1836.6
1112920 1836.5
1112930 1836.0
1112940 1836.0
1112950 1839.2
1112960 1841.6
1112970 1841.6
1112980 1843.8
1112990 1846.5
1113000 1846.5
1113010 1850.2
1113020 1854.3
1113030 1854.3
1113040 1860.1
1113050 1863.6
1113060 1863.6
1113070 1867.6
1113080 1870.6
1113090 1876.2
1113100 1876.2
1113110 1881.6
1113120 1886.9
1113130 1886.9
1113140 1890.2
1113150 1891.3
1113160 1891.3
1113170 1894.2
1113180 1896.3
1113190 1896.3
1113200 1899.6
1113210 1903.2
1113220 1903.2
1113230 1906.1
1113240 1907.9
1113250 1907.9
1113260 1910.6
1113270 1913.7
1113280 1913.7
1113290 1917.0
1113300 1921.3
1113310 1921.3
1113320 1926.6
1113330 1934.3
1113340 1941.0
1113350 1941.0
1113360 1942.9
1113370 1947.6
1113380 1947.6
1113390 1957.7
1113400 1963.9
1113410 1963.9
1113420 1967.8
1113430 1970.2
1113440 1970.2
1113450 1976.1
1113460 1981.3
1113470 1981.3
1113480 1985.6
1113490 1988.2
1113500 1988.2
1113510 1991.3
1113520 1994.6
1113530 1994.6
1113540 1999.2
1113550 2004.1
1113560 2004.1
1113570 2006.5
1113580 2009.7
1113590 2011.0
1113600 2011.0
1113610 2009.5
1113620 2008.0
1113630 2008.0
1113640 2010.0
1113650 2013.2
1113660 2013.2
1113670 2016.3
1113680 2020.9
1113690 2020.9
1113700 2025.1
1113710 2030.5
1113720 2030.5
1113730 2036.5
1113740 2046.7
1113750 2046.7
1113760 2052.2
1113770 2054.8
1113780 2058.7
1113790 2060.8
1113800 2064.2
1113810 2064.2
1113820 2067.1
1113830 2068.9
1113840 2073.6
1113850 2073.6
1113860 2075.7
1113870 2077.8
1113880 2077.8
1113890 2079.3
1113900 2082.0
1113910 2082.0
1113920 2085.1
1113930 2088.2
1113940 2088.2
1113950 2090.8
1113960 2093.8
1113970 2093.8
1113980 2095.6
1113990 2094.7
1114000 2094.7
1114010 2093.1
1114020 2091.7
1114030 2091.7
1114040 2091.2
1114050 2093.0
1114060 2093.0
1114070 2093.3
1114080 2095.0
1114090 2095.0
1114100 2098.1
1114110 2100.9
1114120 2109.3
1114130 2109.3
1114140 2116.6
1114150 2120.0
1114160 2120.0
1114170 2118.8
1114180 2121.8
1114190 2121.8
1114200 2129.0
1114210 2133.3
1114220 2133.3
1114230 2139.7
1114240 2143.4
1114250 2143.4
1114260 2145.5
1114270 2146.3
1114280 2146.3
1114290 2145.8
1114300 2145.2
1114310 2145.2
1114320 2142.7
1114330 2140.2
1114340 2140.2
1114350 2144.7
1114360 2147.5
1114370 2148.9
1114380 2148.9
1114390 2150.2
1114400 2150.3
1114410 2150.3
1114420 2150.3
1114430 2149.7
1114440 2149.7
1114450 2147.9
1114460 2147.8
1114470 2147.8
1114480 2147.7
1114490 2149.2
1114500 2149.2
1114510 2150.6
1114520 2151.0
1114530 2151.0
1114540 2149.3
1114550 2149.5
1114560 2149.5
1114570 2155.2
1114580 2158.1
1114590 2158.1
1114600 2160.2
1114610 2162.6
1114620 2161.0
1114630 2161.0
1114640 2160.3
1114650 2158.2
1114660 2158.2
1114670 2157.8
1114680 2157.7
1114690 2157.7
1114700 2159.0
1114710 2158.8
1114720 2158.8
1114730 2159.9
1114740 2163.4
1114750 2163.4
1114760 2167.8
1114770 2171.5
1114780 2171.5
1114790 2171.6
1114800 2173.3
1114810 2174.6
1114820 2173.1
1114830 2172.3
1114840 2172.3
1114850 2174.6
1114860 2177.9
1114870 2178.1
1114880 2178.1
1114890 2179.9
1114900 2181.8
1114910 2181.8
1114920 2183.2
1114930 2185.9
1114940 2185.9
1114950 2189.5
1114960 2192.8
1114970 2192.8
1114980 2196.2
1114990 2200.4
1115000 2200.4
1115010 2205.5
1115020 2210.5
1115030 2210.5
1115040 2216.0
1115050 2221.8
1115060 2221.8
1115070 2227.6
1115080 2236.6
1115090 2236.6
1115100 2244.2
1115110 2250.7
1115120 2250.7
1115130 2255.3
1115140 2255.9
1115150 2257.9
1115160 2257.9
1115170 2258.7
1115180 2259.1
1115190 2259.1
1115200 2259.7
1115210 2260.3
1115220 2260.3
1115230 2260.7
1115240 2259.9
1115250 2259.9
1115260 2262.1
1115270 2267.9
1115280 2267.9
1115290 2275.2
1115300 2281.8
1115310 2281.8
1115320 2290.3
1115330 2296.3
1115340 2296.3
1115350 2300.7
1115360 2307.1
1115370 2307.1
1115380 2314.0
1115390 2318.7
1115400 2321.3
1115410 2321.3
1115420 2322.7
1115430 2326.0
1115440 2326.0
1115450 2331.2
1115460 2336.2
1115470 2336.2
1115480 2341.2
1115490 2347.2
1115500 2347.2
1115510 2353.2
1115520 2359.6
1115530 2359.6
1115540 2366.2
1115550 2373.2
1115560 2373.2
1115570 2381.3
1115580 2396.5
1115590 2396.5
1115600 2408.1
1115610 2418.4
1115620 2418.4
1115630 2429.5
1115640 2436.5
1115650 2444.2
1115660 2444.2
1115670 2453.8
1115680 2461.5
1115690 2461.5
1115700 2470.2
1115710 2477.7
1115720 2477.7
1115730 2485.0
1115740 2490.4
1115750 2490.4
1115760 2488.8
1115770 2481.1
1115780 2481.1
1115790 2469.0
1115800 2457.7
1115810 2457.7
1115820 2443.8
1115830 2426.8
1115840 2430.7
1115850 2413.1
1115860 2401.3
1115870 2401.3
1115880 2386.7
1115890 2384.0
1115900 2364.2
1115910 2364.2
1115920 2342.8
1115930 2330.6
1115940 2330.6
1115950 2322.2
1115960 2315.1
1115970 2315.1
1115980 2308.3
1115990 2301.4
1116000 2301.4
1116010 2294.9
1116020 2288.6
1116030 2288.6
1116040 2282.6
1116050 2276.9
1116060 2276.9
1116070 2271.2
1116080 2264.0
1116090 2264.0
1116100 2258.2
1116110 2251.2
1116120 2251.2
1116130 2244.4
1116140 2237.0
1116150 2237.0
1116160 2229.6
1116170 2221.1
1116180 2216.4
1116190 2216.4
1116200 2209.5
1116210 2203.2
1116220 2203.2
1116230 2196.7
1116240 2190.2
1116250 2190.2
1116260 2185.4
1116270 2182.9
1116280 2182.9
1116290 2180.3
1116300 2177.5
1116310 2177.5
1116320 2174.7
1116330 2171.9
1116340 2171.9
1116350 2169.9
1116360 2169.8
1116370 2169.8
1116380 2170.0
1116390 2170.2
1116400 2170.2
1116410 2171.0
1116420 2168.9
1116430 2165.0
1116440 2165.0
1116450 2160.7
1116460 2158.7
1116470 2158.7
1116480 2156.1
1116490 2153.4
1116500 2153.4
1116510 2149.1
1116520 2144.4
1116530 2146.6
1116540 2142.0
1116550 2136.9
1116560 2136.9
1116570 2131.5
1116580 2128.2
1116590 2128.2
1116600 2126.1
1116610 2125.0
1116620 2125.0
1116630 2122.1
1116640 2119.3
1116650 2119.3
1116660 2116.9
1116670 2114.6
1116680 2112.2
1116690 2112.2
1116700 2111.9
1116710 2111.8
1116720 2111.8
1116730 2111.7
1116740 2111.8
1116750 2111.8
1116760 2111.7
1116770 2111.9
1116780 2111.9
1116790 2112.2
1116800 2112.5
1116810 2112.5
1116820 2112.8
1116830 2113.0
1116840 2113.0
1116850 2113.4
1116860 2114.1
1116870 2114.1
1116880 2115.0
1116890 2115.5
1116900 2115.5
1116910 2116.1
1116920 2117.3
1116930 2119.9
1116940 2119.9
1116950 2122.6
1116960 2123.5
1116970 2123.5
1116980 2123.5
1116990 2124.4
1117000 2124.4
1117010 2126.4
1117020 2129.4
1117030 2129.4
1117040 2132.3
1117050 2136.8
1117060 2136.8
1117070 2139.2
1117080 2139.5
1117090 2139.5
1117100 2141.5
1117110 2144.9
1117120 2144.9
1117130 2150.1
1117140 2153.3
1117150 2153.3
1117160 2155.3
1117170 2157.8
1117180 2157.8
1117190 2161.7
1117200 2166.1
1117210 2171.1
1117220 2173.6
1117230 2179.8
1117240 2183.9
1117250 2183.9
1117260 2187.7
1117270 2191.2
1117280 2191.2
1117290 2194.4
1117300 2200.0
1117310 2200.0
1117320 2202.9
1117330 2205.6
1117340 2205.6
1117350 2208.9
1117360 2211.6
1117370 2211.6
1117380 2215.0
1117390 2218.7
1117400 2218.7
1117410 2222.2
1117420 2225.4
1117430 2225.4
1117440 2225.4
1117450 2226.4
1117460 2226.7
1117470 2226.7
1117480 2228.2
1117490 2228.4
1117500 2228.4
1117510 2224.9
1117520 2221.9
1117530 2221.9
1117540 2219.3
1117550 2218.9
1117560 2218.9
1117570 2221.4
1117580 2222.8
1117590 2222.8
1117600 2222.6
1117610 2222.1
1117620 2222.1
1117630 2222.1
1117640 2223.4
1117650 2223.4
1117660 2225.2
1117670 2227.2
1117680 2227.2
1117690 2229.1
1117700 2232.0
1117710 2237.0
1117720 2237.0
1117730 2241.8
1117740 2245.7
1117750 2245.7
1117760 2249.2
1117770 2251.2
1117780 2251.2
1117790 2253.0
1117800 2255.8
1117810 2255.8
1117820 2259.9
1117830 2262.6
1117840 2262.6
1117850 2265.4
1117860 2268.8
1117870 2268.8
1117880 2272.5
1117890 2276.1
1117900 2276.1
1117910 2279.5
1117920 2284.4
1117930 2284.4
1117940 2288.4
1117950 2292.0
1117960 2295.9
1117970 2295.9
1117980 2299.9
1117990 2304.1
1118000 2304.1
1118010 2308.2
1118020 2312.2
1118030 2312.2
1118040 2316.3
1118050 2319.8
1118060 2319.8
1118070 2323.0
1118080 2325.5
1118090 2325.5
1118100 2327.0
1118110 2332.0
1118120 2332.0
1118130 2336.2
1118140 2339.3
1118150 2339.3
1118160 2340.5
1118170 2341.3
1118180 2341.3
1118190 2344.4
1118200 2346.2
1118210 2348.2
1118220 2348.2
1118230 2350.5
1118240 2352.1
1118250 2352.1
1118260 2346.1
1118270 2347.5
1118280 2347.5
1118290 2348.3
1118300 2347.5
1118310 2347.5
1118320 2345.8
1118330 2344.8
1118340 2344.8
1118350 2344.5
1118360 2343.9
1118370 2343.9
1118380 2346.2
1118390 2349.3
1118400 2349.3
1118410 2349.5
1118420 2349.5
1118430 2349.5
1118440 2348.8
1118450 2348.9
1118460 2348.9
1118470 2348.2
1118480 2347.4
1118490 2346.7
1118500 2346.7
1118510 2345.3
1118520 2345.7
1118530 2345.7
1118540 2345.6
1118550 2343.2
1118560 2343.2
1118570 2341.7
1118580 2340.9
1118590 2340.9
1118600 2338.8
1118610 2335.3
1118620 2335.3
1118630 2336.1
1118640 2334.8
1118650 2334.8
1118660 2334.1
1118670 2333.4
1118680 2333.4
1118690 2333.8
1118700 2333.6
1118710 2333.6
1118720 2330.6
1118730 2327.4
1118740 2325.9
1118750 2325.9
1118760 2324.0
1118770 2320.2
1118780 2320.2
1118790 2316.5
1118800 2311.5
1118810 2311.5
1118820 2307.8
1118830 2305.7
1118840 2305.7
1118850 2302.8
1118860 2298.9
1118870 2298.9
1118880 2296.2
1118890 2290.0
1118900 2290.0
1118910 2282.2
1118920 2275.9
1118930 2275.9
1118940 2257.7
1118950 2247.7
1118960 2236.9
1118970 2229.2
1118980 2223.1
1118990 2217.6
1119000 2217.6
1119010 2212.0
1119020 2206.5
1119030 2206.5
1119040 2201.6
1119050 2197.2
1119060 2197.2
1119070 2192.1
1119080 2188.0
1119090 2188.0
1119100 2184.6
1119110 2181.4
1119120 2181.4
1119130 2179.2
1119140 2177.3
1119150 2177.3
1119160 2174.5
1119170 2173.1
1119180 2173.1
1119190 2172.2
1119200 2170.4
1119210 2170.4
1119220 2168.2
1119230 2167.0
1119240 2164.7
1119250 2164.7
1119260 2163.3
1119270 2166.0
1119280 2166.0
1119290 2168.2
1119300 2168.1
1119310 2168.1
1119320 2168.9
1119330 2170.1
1119340 2170.1
1119350 2172.2
1119360 2173.8
1119370 2173.8
1119380 2174.0
1119390 2173.2
1119400 2173.2
1119410 2168.3
1119420 2161.8
1119430 2161.8
1119440 2156.0
1119450 2149.5
1119460 2149.5
1119470 2142.2
1119480 2134.8
1119490 2134.8
1119500 2127.5
1119510 2120.7
1119520 2114.0
1119530 2114.0
1119540 2108.9
1119550 2103.1
1119560 2103.1
1119570 2097.5
1119580 2102.3
1119590 2102.3
1119600 2102.6
1119610 2096.4
1119620 2096.4
1119630 2095.4
1119640 2094.0
1119650 2102.4
1119660 2101.6
1119670 2101.4
1119680 2101.4
1119690 2099.2
1119700 2095.3
1119710 2095.3
1119720 2088.6
1119730 2084.5
1119740 2084.5
1119750 2082.3
1119760 2077.6
1119770 2074.3
1119780 2074.3
1119790 2070.4
1119800 2064.5
1119810 2064.5
1119820 2059.0
1119830 2054.1
1119840 2054.1
1119850 2049.1
1119860 2043.9
1119870 2043.9
1119880 2038.2
1119890 2033.2
1119900 2033.2
1119910 2029.3
1119920 2026.2
1119930 2026.2
1119940 2022.7
1119950 2019.6
1119960 2019.6
1119970 2016.4
1119980 2013.5
1119990 2013.5
