1100000 1236.2
1100010 1236.2
1100020 1242.5
1100030 1244.3
1100040 1248.2
1100050 1249.9
1100060 1248.3
1100070 1248.3
1100080 1243.6
1100090 1237.7
1100100 1237.7
1100110 1233.5
1100120 1232.8
1100130 1232.8
1100140 1234.0
1100150 1234.8
1100160 1234.8
1100170 1234.1
1100180 1231.0
1100190 1233.1
1100200 1233.1
1100210 1233.4
1100220 1232.9
1100230 1232.9
1100240 1232.4
1100250 1232.6
1100260 1232.6
1100270 1231.9
1100280 1228.7
1100290 1228.7
1100300 1220.5
1100310 1209.9
1100320 1209.9
1100330 1200.4
1100340 1187.9
1100350 1187.9
1100360 1175.3
1100370 1165.7
1100380 1172.2
1100390 1166.1
1100400 1160.9
1100410 1160.9
1100420 1153.0
1100430 1144.1
1100440 1143.5
1100450 1143.5
1100460 1152.4
1100470 1164.2
1100480 1164.2
1100490 1176.9
1100500 1190.2
1100510 1190.2
1100520 1202.5
1100530 1210.3
1100540 1210.3
1100550 1215.1
1100560 1222.6
1100570 1222.6
1100580 1229.7
1100590 1237.5
1100600 1237.5
1100610 1244.3
1100620 1251.5
1100630 1251.5
1100640 1259.8
1100650 1267.7
1100660 1267.7
1100670 1275.3
1100680 1282.3
1100690 1287.9
1100700 1287.9
1100710 1295.5
1100720 1297.4
1100730 1297.4
1100740 1298.7
1100750 1300.6
1100760 1300.6
1100770 1300.0
1100780 1303.5
1100790 1303.5
1100800 1313.7
1100810 1322.7
1100820 1322.7
1100830 1325.8
1100840 1330.3
1100850 1330.3
1100860 1336.9
1100870 1340.0
1100880 1340.0
1100890 1345.3
1100900 1351.9
1100910 1351.9
1100920 1357.0
1100930 1363.1
1100940 1363.1
1100950 1369.8
1100960 1376.2
1100970 1383.0
1100980 1383.0
1100990 1389.8
1101000 1395.7
1101010 1395.7
1101020 1403.0
1101030 1410.3
1101040 1414.4
1101050 1421.3
1101060 1428.1
1101070 1428.1
1101080 1435.4
1101090 1442.9
1101100 1442.9
1101110 1450.3
1101120 1457.5
1101130 1457.5
1101140 1463.6
1101150 1468.7
1101160 1468.7
1101170 1473.0
1101180 1476.7
1101190 1476.7
1101200 1479.4
1101210 1481.3
1101220 1482.7
1101230 1482.7
1101240 1483.6
1101250 1484.6
1101260 1484.6
1101270 1485.3
1101280 1485.8
1101290 1485.8
1101300 1486.0
1101310 1486.2
1101320 1486.2
1101330 1486.1
1101340 1485.5
1101350 1485.5
1101360 1484.7
1101370 1484.2
1101380 1484.2
1101390 1482.4
1101400 1480.4
1101410 1480.4
1101420 1478.5
1101430 1476.8
1101440 1476.8
1101450 1475.6
1101460 1473.9
1101470 1473.2
1101480 1473.2
1101490 1470.8
1101500 1469.2
1101510 1469.2
1101520 1467.6
1101530 1466.4
1101540 1466.4
1101550 1465.7
1101560 1464.8
1101570 1464.8
1101580 1462.7
1101590 1460.7
1101600 1460.7
1101610 1459.4
1101620 1460.3
1101630 1460.3
1101640 1460.3
1101650 1459.2
1101660 1459.2
1101670 1456.9
1101680 1455.8
1101690 1455.8
1101700 1458.2
1101710 1457.9
1101720 1457.9
1101730 1456.8
1101740 1454.4
1101750 1452.0
1101760 1452.0
1101770 1451.6
1101780 1450.1
1101790 1450.1
1101800 1449.1
1101810 1448.7
1101820 1448.7
1101830 1448.2
1101840 1447.9
1101850 1447.9
1101860 1446.4
1101870 1444.0
1101880 1444.0
1101890 1443.3
1101900 1443.4
1101910 1443.4
1101920 1443.6
1101930 1443.4
1101940 1443.4
1101950 1443.8
1101960 1444.5
1101970 1444.5
1101980 1444.0
1101990 1444.1
1102000 1442.5
1102010 1442.5
1102020 1441.0
1102030 1439.5
1102040 1439.5
1102050 1439.4
1102060 1438.9
1102070 1438.9
1102080 1437.8
1102090 1436.3
1102100 1436.3
1102110 1436.7
1102120 1440.2
1102130 1440.2
1102140 1441.5
1102150 1441.5
1102160 1441.5
1102170 1442.0
1102180 1442.5
1102190 1442.5
1102200 1443.7
1102210 1445.0
1102220 1445.0
1102230 1447.8
1102240 1450.7
1102250 1455.4
1102260 1455.4
1102270 1460.5
1102280 1467.0
1102290 1467.0
1102300 1474.9
1102310 1481.5
1102320 1481.5
1102330 1487.5
1102340 1493.3
1102350 1493.3
1102360 1498.6
1102370 1505.3
1102380 1505.3
1102390 1511.8
1102400 1518.0
1102410 1518.0
1102420 1522.4
1102430 1526.8
1102440 1526.8
1102450 1531.9
1102460 1537.7
1102470 1537.7
1102480 1543.9
1102490 1548.0
1102500 1548.0
1102510 1552.0
1102520 1555.6
1102530 1558.5
1102540 1558.5
1102550 1562.4
1102560 1566.4
1102570 1566.4
1102580 1570.5
1102590 1573.1
1102600 1573.1
1102610 1576.4
1102620 1581.5
1102630 1581.5
1102640 1587.3
1102650 1592.7
1102660 1592.7
1102670 1598.0
1102680 1604.3
1102690 1604.3
1102700 1609.8
1102710 1616.6
1102720 1616.6
1102730 1623.6
1102740 1630.6
1102750 1630.6
1102760 1638.0
1102770 1646.7
1102780 1654.8
1102790 1654.8
1102800 1662.0
1102810 1668.2
1102820 1668.2
1102830 1675.7
1102840 1682.0
1102850 1682.0
1102860 1689.4
1102870 1697.2
1102880 1697.2
1102890 1705.6
1102900 1713.6
1102910 1713.6
1102920 1721.3
1102930 1730.0
1102940 1730.0
1102950 1740.8
1102960 1749.5
1102970 1749.5
1102980 1758.0
1102990 1762.7
1103000 1762.7
1103010 1756.8
1103020 1748.5
1103030 1740.7
1103040 1740.7
1103050 1733.0
1103060 1724.4
1103070 1724.4
1103080 1714.2
1103090 1707.0
1103100 1707.0
1103110 1701.0
1103120 1696.4
1103130 1696.4
1103140 1691.9
1103150 1687.0
1103160 1687.0
1103170 1681.0
1103180 1674.7
1103190 1674.7
1103200 1667.2
1103210 1660.7
1103220 1660.7
1103230 1653.3
1103240 1646.4
1103250 1646.4
1103260 1641.8
1103270 1635.5
1103280 1630.4
1103290 1630.4
1103300 1624.7
1103310 1619.0
1103320 1619.0
1103330 1615.3
1103340 1610.5
1103350 1610.5
1103360 1605.9
1103370 1602.7
1103380 1602.7
1103390 1597.3
1103400 1591.2
1103410 1591.2
1103420 1584.5
1103430 1579.5
1103440 1579.5
1103450 1573.7
1103460 1569.7
1103470 1569.7
1103480 1567.1
1103490 1564.4
1103500 1564.4
1103510 1563.7
1103520 1563.1
1103530 1563.1
1103540 1566.2
1103550 1570.2
1103560 1572.5
1103570 1572.5
1103580 1574.9
1103590 1577.2
1103600 1577.2
1103610 1577.9
1103620 1576.3
1103630 1576.3
1103640 1575.0
1103650 1572.5
1103660 1572.5
1103670 1568.2
1103680 1565.7
1103690 1565.7
1103700 1567.6
1103710 1567.7
1103720 1567.7
1103730 1566.7
1103740 1567.6
1103750 1567.6
1103760 1566.6
1103770 1564.0
1103780 1564.0
1103790 1563.3
1103800 1562.8
1103810 1564.3
1103820 1564.3
1103830 1567.8
1103840 1571.3
1103850 1571.3
1103860 1575.5
1103870 1575.5
1103880 1575.5
1103890 1569.5
1103900 1563.9
1103910 1563.9
1103920 1561.5
1103930 1561.9
1103940 1561.9
1103950 1565.0
1103960 1570.5
1103970 1570.5
1103980 1577.0
1103990 1583.2
1104000 1583.2
1104010 1587.8
1104020 1590.0
1104030 1594.9
1104040 1596.7
1104050 1597.9
1104060 1598.1
1104070 1598.1
1104080 1597.6
1104090 1596.9
1104100 1596.9
1104110 1596.0
1104120 1594.2
1104130 1594.2
1104140 1591.6
1104150 1588.8
1104160 1588.8
1104170 1585.6
1104180 1582.5
1104190 1582.5
1104200 1578.9
1104210 1575.3
1104220 1575.3
1104230 1572.3
1104240 1568.9
1104250 1568.9
1104260 1565.8
1104270 1562.9
1104280 1562.9
1104290 1558.8
1104300 1555.3
1104310 1555.3
1104320 1550.9
1104330 1546.4
1104340 1542.2
1104350 1542.2
1104360 1538.2
1104370 1539.0
1104380 1539.0
1104390 1535.6
1104400 1532.5
1104410 1532.5
1104420 1529.6
1104430 1526.0
1104440 1526.0
1104450 1522.1
1104460 1520.0
1104470 1520.0
1104480 1519.2
1104490 1519.2
1104500 1519.2
1104510 1522.8
1104520 1525.4
1104530 1525.4
1104540 1525.1
1104550 1523.3
1104560 1523.3
1104570 1523.7
1104580 1523.3
1104590 1523.6
1104600 1523.6
1104610 1523.7
1104620 1528.0
1104630 1528.0
1104640 1530.8
1104650 1530.4
1104660 1530.4
1104670 1528.5
1104680 1528.3
1104690 1528.3
1104700 1534.4
1104710 1536.7
1104720 1536.7
1104730 1539.9
1104740 1542.9
1104750 1542.9
1104760 1545.2
1104770 1545.7
1104780 1545.7
1104790 1545.3
1104800 1547.6
1104810 1547.6
1104820 1549.8
1104830 1552.8
1104840 1555.2
1104850 1555.2
1104860 1556.6
1104870 1556.4
1104880 1556.4
1104890 1555.0
1104900 1552.8
1104910 1552.8
1104920 1552.0
1104930 1552.0
1104940 1552.0
1104950 1553.6
1104960 1557.4
1104970 1557.4
1104980 1559.4
1104990 1560.2
1105000 1560.2
1105010 1561.9
1105020 1563.2
1105030 1563.2
1105040 1566.4
1105050 1563.7
1105060 1563.7
1105070 1560.3
1105080 1565.7
1105090 1565.7
1105100 1570.4
1105110 1573.9
1105120 1576.6
1105130 1576.6
1105140 1579.3
1105150 1582.3
1105160 1582.3
1105170 1586.2
1105180 1590.1
1105190 1590.1
1105200 1595.3
1105210 1600.9
1105220 1600.9
1105230 1606.0
1105240 1610.5
1105250 1610.5
1105260 1615.6
1105270 1620.4
1105280 1620.4
1105290 1624.6
1105300 1628.5
1105310 1628.5
1105320 1632.0
1105330 1635.4
1105340 1635.4
1105350 1638.5
1105360 1641.1
1105370 1645.4
1105380 1645.4
1105390 1647.8
1105400 1651.7
1105410 1651.7
1105420 1655.0
1105430 1658.2
1105440 1658.2
1105450 1661.3
1105460 1663.8
1105470 1663.8
1105480 1666.5
1105490 1668.5
1105500 1668.5
1105510 1672.3
1105520 1676.6
1105530 1676.6
1105540 1681.3
1105550 1686.6
1105560 1686.6
1105570 1690.9
1105580 1694.2
1105590 1694.2
1105600 1697.0
1105610 1700.4
1105620 1703.7
1105630 1703.7
1105640 1705.1
1105650 1705.5
1105660 1705.5
1105670 1706.4
1105680 1708.4
1105690 1708.4
1105700 1710.3
1105710 1711.0
1105720 1711.0
1105730 1713.9
1105740 1716.7
1105750 1716.7
1105760 1719.8
1105770 1723.1
1105780 1723.1
1105790 1727.7
1105800 1731.0
1105810 1731.0
1105820 1732.1
1105830 1733.1
1105840 1733.1
1105850 1735.1
1105860 1738.1
1105870 1742.6
1105880 1742.6
1105890 1747.9
1105900 1753.1
1105910 1753.1
1105920 1758.4
1105930 1763.6
1105940 1763.6
1105950 1768.8
1105960 1773.5
1105970 1773.5
1105980 1778.9
1105990 1784.3
1106000 1784.3
1106010 1790.4
1106020 1796.7
1106030 1796.7
1106040 1800.6
1106050 1809.3
1106060 1809.3
1106070 1817.0
1106080 1824.7
1106090 1824.7
1106100 1832.3
1106110 1841.1
1106120 1841.1
1106130 1850.9
1106140 1862.1
1106150 1875.3
1106160 1875.3
1106170 1892.0
1106180 1904.4
1106190 1904.4
1106200 1910.5
1106210 1910.7
1106220 1910.7
1106230 1901.6
1106240 1895.1
1106250 1895.1
1106260 1887.0
1106270 1878.4
1106280 1878.4
1106290 1870.0
1106300 1859.3
1106310 1859.3
1106320 1847.4
1106330 1836.6
1106340 1836.6
1106350 1827.0
1106360 1819.0
1106370 1819.0
1106380 1806.8
1106390 1800.5
1106400 1790.2
1106410 1790.2
1106420 1781.0
1106430 1778.5
1106440 1778.5
1106450 1780.5
1106460 1773.9
1106470 1773.9
1106480 1766.6
1106490 1759.5
1106500 1759.5
1106510 1753.9
1106520 1747.0
1106530 1747.0
1106540 1741.0
1106550 1736.3
1106560 1736.3
1106570 1730.6
1106580 1721.6
1106590 1721.6
1106600 1713.0
1106610 1706.9
1106620 1706.9
1106630 1701.0
1106640 1694.9
1106650 1689.8
1106660 1689.8
1106670 1684.8
1106680 1679.9
1106690 1679.9
1106700 1675.5
1106710 1671.1
1106720 1665.3
1106730 1661.5
1106740 1657.9
1106750 1657.9
1106760 1655.2
1106770 1656.8
1106780 1656.8
1106790 1652.8
1106800 1644.3
1106810 1644.3
1106820 1639.9
1106830 1634.5
1106840 1634.5
1106850 1629.5
1106860 1624.0
1106870 1624.0
1106880 1619.5
1106890 1615.2
1106900 1615.2
1106910 1610.1
1106920 1605.7
1106930 1601.1
1106940 1601.1
1106950 1596.6
1106960 1591.8
1106970 1591.8
1106980 1587.1
1106990 1583.4
1107000 1583.4
1107010 1579.3
1107020 1573.9
1107030 1573.9
1107040 1569.0
1107050 1561.1
1107060 1561.1
1107070 1556.2
1107080 1551.4
1107090 1551.4
1107100 1547.9
1107110 1544.9
1107120 1544.9
1107130 1540.8
1107140 1534.7
1107150 1534.7
1107160 1527.7
1107170 1517.3
1107180 1504.6
1107190 1504.6
1107200 1493.6
1107210 1483.1
1107220 1483.1
1107230 1468.7
1107240 1448.5
1107250 1448.5
1107260 1434.5
1107270 1425.6
1107280 1425.6
1107290 1416.0
1107300 1405.2
1107310 1405.2
1107320 1395.8
1107330 1389.5
1107340 1389.5
1107350 1374.1
1107360 1321.0
1107370 1321.0
1107380 1309.1
1107390 1302.5
1107400 1302.5
1107410 1294.0
1107420 1286.3
1107430 1278.7
1107440 1278.7
1107450 1270.9
1107460 1263.0
1107470 1263.0
1107480 1255.4
1107490 1247.6
1107500 1247.6
1107510 1240.1
1107520 1233.2
1107530 1233.2
1107540 1226.3
1107550 1219.3
1107560 1219.3
1107570 1212.6
1107580 1206.3
1107590 1206.3
1107600 1200.6
1107610 1195.5
1107620 1195.5
1107630 1191.0
1107640 1187.7
1107650 1187.7
1107660 1187.8
1107670 1187.1
1107680 1185.8
1107690 1185.8
1107700 1186.8
1107710 1186.9
1107720 1186.9
1107730 1186.9
1107740 1189.5
1107750 1189.5
1107760 1193.1
1107770 1193.2
1107780 1193.2
1107790 1195.3
1107800 1197.2
1107810 1197.2
1107820 1198.1
1107830 1199.5
1107840 1199.5
1107850 1199.9
1107860 1201.7
1107870 1201.7
1107880 1203.4
1107890 1203.7
1107900 1203.7
1107910 1204.6
1107920 1206.1
1107930 1206.1
1107940 1207.3
1107950 1207.3
1107960 1207.9
1107970 1207.9
1107980 1210.5
1107990 1212.5
1108000 1212.5
1108010 1214.2
1108020 1215.8
1108030 1215.8
1108040 1217.9
1108050 1220.5
1108060 1220.5
1108070 1223.2
1108080 1226.3
1108090 1226.3
1108100 1229.8
1108110 1232.8
1108120 1232.8
1108130 1235.6
1108140 1238.7
1108150 1238.7
1108160 1242.3
1108170 1245.6
1108180 1245.6
1108190 1249.1
1108200 1252.6
1108210 1256.1
1108220 1256.1
1108230 1259.8
1108240 1263.4
1108250 1263.4
1108260 1267.2
1108270 1271.6
1108280 1271.6
1108290 1275.2
1108300 1279.0
1108310 1279.0
1108320 1283.3
1108330 1288.0
1108340 1288.0
1108350 1292.2
1108360 1296.3
1108370 1296.3
1108380 1301.8
1108390 1308.2
1108400 1311.1
1108410 1318.2
1108420 1325.1
1108430 1325.1
1108440 1332.8
1108450 1341.2
1108460 1349.9
1108470 1349.9
1108480 1357.8
1108490 1363.4
1108500 1363.4
1108510 1360.8
1108520 1359.9
1108530 1359.9
1108540 1363.4
1108550 1372.3
1108560 1372.3
1108570 1384.4
1108580 1398.0
1108590 1398.0
1108600 1404.6
1108610 1413.1
1108620 1413.1
1108630 1424.0
1108640 1432.6
1108650 1432.6
1108660 1442.0
1108670 1446.6
1108680 1446.6
1108690 1450.4
1108700 1457.2
1108710 1457.2
1108720 1465.0
1108730 1472.0
1108740 1472.8
1108750 1472.8
1108760 1479.5
1108770 1485.0
1108780 1485.0
1108790 1491.7
1108800 1499.6
1108810 1499.6
1108820 1507.7
1108830 1515.7
1108840 1515.7
1108850 1522.6
1108860 1532.3
1108870 1532.3
1108880 1548.1
1108890 1559.4
1108900 1559.4
1108910 1567.8
1108920 1576.3
1108930 1576.3
1108940 1577.0
1108950 1573.9
1108960 1573.9
1108970 1583.0
1108980 1586.3
1108990 1592.1
1109000 1592.1
1109010 1598.8
1109020 1599.2
1109030 1599.2
1109040 1591.6
1109050 1588.1
1109060 1588.1
1109070 1591.8
1109080 1603.7
1109090 1603.7
1109100 1609.6
1109110 1618.1
1109120 1618.1
1109130 1626.5
1109140 1634.6
1109150 1634.6
1109160 1647.8
1109170 1670.4
1109180 1670.4
1109190 1717.7
1109200 1780.8
1109210 1780.8
1109220 1821.5
1109230 1827.0
1109240 1836.0
1109250 1836.0
1109260 1843.7
1109270 1846.3
1109280 1846.3
1109290 1843.2
1109300 1849.5
1109310 1849.5
1109320 1860.5
1109330 1871.5
1109340 1871.5
1109350 1885.8
1109360 1904.0
1109370 1904.0
1109380 1908.7
1109390 1918.9
1109400 1918.9
1109410 1936.7
1109420 1949.2
1109430 1949.2
1109440 1966.8
1109450 1982.3
1109460 1982.3
1109470 1996.6
1109480 1995.2
1109490 1995.2
1109500 1988.5
1109510 1975.8
1109520 1967.9
1109530 1967.9
1109540 1959.5
1109550 1951.7
1109560 1951.7
1109570 1944.3
1109580 1937.6
1109590 1937.6
1109600 1931.4
1109610 1925.9
1109620 1925.9
1109630 1920.3
1109640 1915.7
1109650 1915.7
1109660 1911.0
1109670 1906.3
1109680 1906.3
1109690 1903.5
1109700 1901.8
1109710 1901.8
1109720 1900.7
1109730 1898.2
1109740 1898.2
1109750 1896.0
1109760 1893.8
1109770 1890.1
1109780 1890.1
1109790 1888.4
1109800 1886.8
1109810 1886.8
1109820 1883.6
1109830 1880.9
1109840 1880.9
1109850 1880.5
1109860 1879.0
1109870 1879.0
1109880 1875.9
1109890 1871.7
1109900 1871.7
1109910 1867.5
1109920 1860.9
1109930 1860.9
1109940 1851.8
1109950 1844.7
1109960 1844.7
1109970 1839.7
1109980 1834.6
1109990 1834.6
1110000 1830.3
1110010 1824.5
1110020 1819.4
1110030 1819.4
1110040 1814.5
1110050 1809.2
1110060 1809.2
1110070 1803.0
1110080 1798.0
1110090 1798.0
1110100 1805.4
1110110 1805.4
1110120 1805.4
1110130 1807.5
1110140 1808.4
1110150 1808.4
1110160 1807.0
1110170 1804.0
1110180 1804.0
1110190 1800.7
1110200 1795.2
1110210 1795.2
1110220 1787.6
1110230 1782.7
1110240 1782.7
1110250 1780.4
1110260 1777.8
1110270 1775.5
1110280 1775.5
1110290 1773.0
1110300 1771.3
1110310 1771.3
1110320 1768.9
1110330 1766.7
1110340 1766.7
1110350 1764.9
1110360 1764.0
1110370 1764.0
1110380 1762.9
1110390 1762.6
1110400 1762.6
1110410 1764.3
1110420 1765.0
1110430 1765.0
1110440 1772.1
1110450 1775.2
1110460 1775.2
1110470 1778.4
1110480 1781.5
1110490 1781.5
1110500 1785.0
1110510 1788.6
1110520 1788.6
1110530 1786.8
1110540 1783.7
1110550 1780.3
1110560 1780.3
1110570 1778.2
1110580 1778.0
1110590 1778.0
1110600 1778.7
1110610 1779.8
1110620 1779.8
1110630 1781.5
1110640 1784.0
1110650 1784.0
1110660 1785.1
1110670 1785.6
1110680 1785.6
1110690 1785.6
1110700 1786.1
1110710 1786.1
1110720 1790.2
1110730 1796.3
1110740 1796.3
1110750 1802.1
1110760 1800.2
1110770 1800.2
1110780 1792.8
1110790 1786.1
1110800 1780.3
1110810 1780.3
1110820 1775.3
1110830 1770.2
1110840 1770.2
1110850 1765.7
1110860 1760.5
1110870 1760.5
1110880 1753.4
1110890 1746.4
1110900 1746.4
1110910 1739.1
1110920 1732.2
1110930 1732.2
1110940 1725.7
1110950 1719.4
1110960 1719.4
1110970 1712.7
1110980 1705.4
1110990 1705.4
1111000 1700.3
1111010 1695.7
1111020 1695.7
1111030 1690.9
1111040 1686.5
1111050 1682.0
1111060 1682.0
1111070 1673.6
1111080 1660.5
1111090 1660.5
1111100 1649.6
1111110 1639.3
1111120 1648.3
1111130 1643.9
1111140 1642.0
1111150 1642.0
1111160 1635.9
1111170 1630.7
1111180 1630.7
1111190 1628.6
1111200 1628.5
1111210 1628.5
1111220 1629.2
1111230 1630.4
1111240 1630.4
1111250 1628.9
1111260 1623.1
1111270 1623.1
1111280 1613.5
1111290 1603.2
1111300 1592.5
1111310 1592.5
1111320 1577.9
1111330 1562.3
1111340 1562.3
1111350 1551.0
1111360 1543.3
1111370 1543.3
1111380 1533.7
1111390 1521.0
1111400 1521.0
1111410 1505.7
1111420 1492.3
1111430 1492.3
1111440 1481.6
1111450 1476.1
1111460 1495.7
1111470 1481.9
1111480 1480.2
1111490 1480.2
1111500 1479.1
1111510 1478.7
1111520 1478.7
1111530 1478.5
1111540 1477.3
1111550 1477.3
1111560 1476.2
1111570 1476.1
1111580 1478.0
1111590 1478.0
1111600 1481.4
1111610 1483.6
1111620 1483.6
1111630 1487.9
1111640 1492.5
1111650 1492.5
1111660 1500.8
1111670 1518.4
1111680 1518.4
1111690 1533.4
1111700 1540.5
1111710 1540.5
1111720 1553.2
1111730 1568.1
1111740 1568.1
1111750 1572.1
1111760 1570.0
1111770 1570.0
1111780 1573.9
1111790 1582.2
1111800 1592.4
1111810 1595.0
1111820 1596.3
1111830 1598.8
1111840 1598.8
1111850 1601.1
1111860 1600.3
1111870 1600.3
1111880 1600.4
1111890 1602.8
1111900 1602.8
1111910 1604.4
1111920 1609.7
1111930 1609.7
1111940 1613.9
1111950 1616.7
1111960 1616.7
1111970 1620.3
1111980 1621.7
1111990 1621.7
1112000 1623.1
1112010 1621.7
1112020 1621.7
1112030 1622.3
1112040 1626.1
1112050 1626.1
1112060 1632.6
1112070 1639.6
1112080 1644.8
1112090 1644.8
1112100 1643.9
1112110 1643.0
1112120 1643.0
1112130 1644.7
1112140 1652.7
1112150 1652.7
1112160 1652.5
1112170 1659.6
1112180 1659.6
1112190 1665.4
1112200 1670.5
1112210 1670.5
1112220 1672.6
1112230 1672.8
1112240 1672.8
1112250 1673.6
1112260 1675.4
1112270 1675.4
1112280 1677.8
1112290 1677.8
1112300 1677.8
1112310 1677.5
1112320 1679.9
1112330 1679.9
1112340 1681.0
1112350 1683.1
1112360 1684.4
1112370 1684.4
1112380 1687.3
1112390 1691.3
1112400 1691.3
1112410 1695.7
1112420 1696.8
1112430 1696.8
1112440 1699.7
1112450 1702.1
1112460 1702.1
1112470 1705.9
1112480 1712.2
1112490 1712.2
1112500 1714.3
1112510 1714.7
1112520 1714.7
1112530 1715.2
1112540 1718.0
1112550 1718.0
1112560 1720.7
1112570 1718.9
1112580 1718.9
1112590 1717.7
1112600 1720.0
1112610 1721.2
1112620 1721.2
1112630 1721.8
1112640 1724.2
1112650 1724.2
1112660 1725.8
1112670 1729.2
1112680 1729.2
1112690 1730.2
1112700 1731.7
1112710 1731.7
1112720 1733.5
1112730 1737.2
1112740 1737.2
1112750 1739.0
1112760 1742.2
1112770 1742.2
1112780 1745.9
1112790 1749.7
1112800 1749.7
1112810 1751.6
1112820 1753.5
1112830 1757.0
1112840 1759.2
1112850 1760.3
1112860 1764.2
1112870 1764.2
1112880 1767.5
1112890 1770.9
1112900 1770.9
1112910 1774.0
1112920 1778.5
1112930 1778.5
1112940 1785.1
1112950 1792.7
1112960 1792.7
1112970 1801.2
1112980 1811.2
1112990 1811.2
1113000 1816.6
1113010 1821.6
1113020 1821.6
1113030 1826.1
1113040 1828.2
1113050 1828.2
1113060 1830.2
1113070 1833.0
1113080 1833.0
1113090 1836.2
1113100 1838.4
1113110 1841.2
1113120 1841.2
1113130 1843.9
1113140 1847.7
1113150 1847.7
1113160 1852.1
1113170 1861.3
1113180 1861.3
1113190 1868.4
1113200 1871.3
1113210 1871.3
1113220 1875.1
1113230 1880.2
1113240 1880.2
1113250 1884.9
1113260 1891.1
1113270 1891.1
1113280 1899.3
1113290 1905.7
1113300 1905.7
1113310 1910.1
1113320 1914.2
1113330 1914.2
1113340 1917.6
1113350 1918.3
1113360 1918.3
1113370 1919.6
1113380 1922.3
1113390 1925.1
1113400 1925.1
1113410 1928.1
1113420 1931.6
1113430 1931.6
1113440 1934.7
1113450 1938.4
1113460 1938.4
1113470 1942.4
1113480 1945.6
1113490 1945.6
1113500 1948.6
1113510 1953.6
1113520 1953.6
1113530 1956.4
1113540 1958.9
1113550 1958.9
1113560 1961.8
1113570 1964.0
1113580 1964.0
1113590 1966.1
1113600 1969.5
1113610 1969.5
1113620 1975.1
1113630 1979.2
1113640 1982.2
1113650 1982.2
1113660 1985.6
1113670 1991.1
1113680 1991.1
1113690 1996.3
1113700 1999.9
1113710 1999.9
1113720 2003.6
1113730 2007.5
1113740 2007.5
1113750 2011.0
1113760 2014.5
1113770 2014.5
1113780 2018.1
1113790 2023.9
1113800 2023.9
1113810 2029.1
1113820 2032.2
1113830 2032.2
1113840 2035.4
1113850 2036.7
1113860 2036.7
1113870 2037.8
1113880 2038.6
1113890 2038.0
1113900 2038.0
1113910 2038.7
1113920 2039.9
1113930 2039.9
1113940 2042.1
1113950 2046.5
1113960 2046.5
1113970 2049.2
1113980 2049.2
1113990 2049.2
1114000 2049.6
1114010 2049.8
1114020 2049.8
1114030 2051.1
1114040 2052.9
1114050 2052.9
1114060 2059.0
1114070 2063.0
1114080 2063.0
1114090 2067.2
1114100 2071.3
1114110 2071.3
1114120 2072.5
1114130 2067.7
1114140 2069.0
1114150 2069.0
1114160 2072.2
1114170 2073.2
1114180 2073.2
1114190 2076.4
1114200 2085.7
1114210 2085.7
1114220 2094.1
1114230 2105.6
1114240 2105.6
1114250 2116.9
1114260 2125.4
1114270 2125.4
1114280 2130.7
1114290 2133.9
1114300 2133.9
1114310 2137.7
1114320 2137.6
1114330 2137.6
1114340 2135.7
1114350 2134.3
1114360 2134.3
1114370 2134.2
1114380 2133.9
1114390 2133.9
1114400 2132.9
1114410 2133.5
1114420 2134.6
1114430 2134.6
1114440 2136.1
1114450 2136.3
1114460 2136.3
1114470 2137.0
1114480 2138.7
1114490 2138.7
1114500 2139.7
1114510 2139.6
1114520 2139.6
1114530 2138.0
1114540 2136.2
1114550 2136.2
1114560 2133.9
1114570 2131.8
1114580 2131.8
1114590 2133.3
1114600 2133.2
1114610 2133.2
1114620 2131.8
1114630 2131.6
1114640 2131.6
1114650 2131.6
1114660 2132.7
1114670 2136.7
1114680 2136.7
1114690 2140.0
1114700 2142.6
1114710 2142.6
1114720 2144.8
1114730 2145.3
1114740 2145.3
1114750 2145.4
1114760 2145.2
1114770 2145.2
1114780 2147.1
1114790 2150.2
1114800 2150.2
1114810 2153.9
1114820 2155.9
1114830 2155.9
1114840 2158.6
1114850 2161.7
1114860 2161.7
1114870 2166.2
1114880 2169.0
1114890 2169.0
1114900 2173.0
1114910 2177.9
1114920 2182.4
1114930 2182.4
1114940 2187.6
1114950 2192.1
1114960 2192.1
1114970 2197.0
1114980 2202.3
1114990 2202.3
1115000 2207.3
1115010 2211.9
1115020 2211.9
1115030 2216.2
1115040 2220.0
1115050 2220.0
1115060 2223.2
1115070 2227.0
1115080 2227.0
1115090 2231.3
1115100 2236.0
1115110 2236.0
1115120 2240.2
1115130 2244.0
1115140 2244.0
1115150 2248.4
1115160 2253.3
1115170 2258.0
1115180 2258.0
1115190 2262.1
1115200 2265.9
1115210 2265.9
1115220 2269.7
1115230 2268.7
1115240 2268.7
1115250 2273.6
1115260 2280.0
1115270 2280.0
1115280 2286.7
1115290 2294.8
1115300 2294.8
1115310 2304.5
1115320 2317.8
1115330 2317.8
1115340 2335.8
1115350 2347.1
1115360 2347.1
1115370 2353.7
1115380 2351.7
1115390 2351.7
1115400 2335.6
1115410 2323.1
1115420 2323.1
1115430 2323.0
1115440 2325.5
1115450 2327.7
1115460 2327.7
1115470 2330.9
1115480 2334.1
1115490 2334.1
1115500 2338.6
1115510 2346.3
1115520 2346.3
1115530 2354.2
1115540 2360.2
1115550 2360.2
1115560 2361.7
1115570 2370.3
1115580 2370.3
1115590 2372.9
1115600 2377.2
1115610 2377.2
1115620 2382.4
1115630 2391.1
1115640 2391.1
1115650 2401.9
1115660 2401.9
1115670 2401.9
1115680 2391.4
1115690 2386.0
1115700 2381.2
1115710 2381.2
1115720 2379.1
1115730 2378.4
1115740 2378.4
1115750 2377.8
1115760 2376.3
1115770 2376.3
1115780 2373.1
1115790 2370.6
1115800 2370.6
1115810 2371.2
1115820 2373.4
1115830 2373.4
1115840 2375.6
1115850 2377.0
1115860 2377.0
1115870 2376.9
1115880 2372.2
1115890 2372.2
1115900 2366.4
1115910 2362.0
1115920 2369.2
1115930 2359.5
1115940 2336.9
1115950 2314.4
1115960 2314.4
1115970 2291.7
1115980 2273.9
1115990 2273.9
1116000 2248.8
1116010 2230.2
1116020 2230.2
1116030 2221.4
1116040 2214.7
1116050 2214.7
1116060 2208.5
1116070 2200.0
1116080 2200.0
1116090 2192.0
1116100 2185.3
1116110 2185.3
1116120 2179.7
1116130 2174.6
1116140 2174.6
1116150 2170.7
1116160 2167.9
1116170 2167.9
1116180 2165.8
1116190 2163.7
1116200 2161.7
1116210 2161.7
1116220 2158.5
1116230 2155.9
1116240 2155.9
1116250 2154.1
1116260 2154.4
1116270 2154.4
1116280 2154.9
1116290 2156.6
1116300 2156.6
1116310 2156.7
1116320 2156.8
1116330 2156.8
1116340 2156.6
1116350 2158.9
1116360 2158.9
1116370 2161.3
1116380 2160.8
1116390 2160.8
1116400 2161.8
1116410 2166.4
1116420 2166.4
1116430 2166.6
1116440 2162.3
1116450 2162.3
1116460 2157.5
1116470 2155.0
1116480 2152.3
1116490 2152.3
1116500 2148.1
1116510 2144.4
1116520 2144.4
1116530 2143.1
1116540 2143.4
1116550 2143.4
1116560 2142.2
1116570 2139.8
1116580 2139.8
1116590 2138.5
1116600 2136.0
1116610 2135.5
1116620 2132.2
1116630 2128.7
1116640 2128.7
1116650 2126.1
1116660 2123.3
1116670 2123.3
1116680 2121.7
1116690 2122.7
1116700 2122.7
1116710 2124.0
1116720 2122.4
1116730 2119.0
1116740 2119.0
1116750 2115.9
1116760 2114.3
1116770 2114.3
1116780 2112.6
1116790 2111.5
1116800 2111.5
1116810 2108.4
1116820 2107.7
1116830 2107.7
1116840 2108.2
1116850 2108.6
1116860 2108.6
1116870 2108.1
1116880 2106.5
1116890 2106.5
1116900 2106.3
1116910 2108.4
1116920 2108.4
1116930 2112.0
1116940 2115.8
1116950 2117.4
1116960 2115.0
1116970 2112.1
1116980 2113.2
1116990 2113.2
1117000 2115.5
1117010 2119.6
1117020 2119.6
1117030 2123.6
1117040 2132.0
1117050 2132.0
1117060 2138.5
1117070 2141.8
1117080 2141.8
1117090 2146.4
1117100 2150.8
1117110 2150.8
1117120 2154.3
1117130 2156.5
1117140 2156.5
1117150 2159.0
1117160 2163.0
1117170 2163.0
1117180 2166.3
1117190 2170.0
1117200 2170.0
1117210 2172.8
1117220 2177.2
1117230 2182.1
1117240 2182.1
1117250 2186.4
1117260 2187.8
1117270 2187.8
1117280 2187.6
1117290 2190.7
1117300 2187.7
1117310 2189.1
1117320 2189.8
1117330 2189.8
1117340 2189.9
1117350 2192.9
1117360 2192.9
1117370 2192.5
1117380 2192.4
1117390 2192.4
1117400 2191.7
1117410 2191.9
1117420 2191.9
1117430 2192.6
1117440 2193.5
1117450 2193.5
1117460 2195.3
1117470 2198.0
1117480 2198.0
1117490 2200.5
1117500 2203.5
1117510 2206.8
1117520 2206.8
1117530 2210.7
1117540 2213.5
1117550 2213.5
1117560 2216.0
1117570 2219.6
1117580 2219.6
1117590 2222.7
1117600 2225.9
1117610 2225.9
1117620 2229.6
1117630 2233.6
1117640 2233.6
1117650 2236.7
1117660 2240.8
1117670 2240.8
1117680 2244.7
1117690 2248.4
1117700 2248.4
1117710 2252.5
1117720 2257.2
1117730 2257.2
1117740 2261.9
1117750 2265.5
1117760 2269.1
1117770 2269.1
1117780 2273.8
1117790 2278.4
1117800 2278.4
1117810 2283.2
1117820 2288.4
1117830 2288.4
1117840 2293.5
1117850 2298.6
1117860 2298.6
1117870 2303.4
1117880 2306.3
1117890 2306.3
1117900 2308.0
1117910 2312.7
1117920 2312.7
1117930 2319.6
1117940 2327.2
1117950 2327.2
1117960 2341.3
1117970 2353.4
1117980 2353.4
1117990 2348.0
1118000 2360.8
1118010 2370.7
1118020 2370.7
1118030 2379.0
1118040 2389.6
1118050 2389.6
1118060 2405.9
1118070 2412.1
1118080 2412.1
1118090 2417.1
1118100 2421.3
1118110 2421.3
1118120 2424.6
1118130 2428.6
1118140 2428.6
1118150 2435.2
1118160 2437.7
1118170 2437.7
1118180 2439.5
1118190 2443.2
1118200 2443.2
1118210 2448.0
1118220 2451.8
1118230 2451.8
1118240 2458.0
1118250 2464.5
1118260 2470.7
1118270 2470.7
1118280 2474.7
1118290 2475.4
1118300 2475.4
1118310 2474.3
1118320 2479.6
1118330 2479.6
1118340 2485.1
1118350 2488.9
1118360 2488.9
1118370 2491.0
1118380 2483.0
1118390 2483.0
1118400 2478.8
1118410 2477.9
1118420 2477.9
1118430 2470.0
1118440 2464.4
1118450 2464.4
1118460 2457.8
1118470 2450.2
1118480 2450.2
1118490 2442.1
1118500 2429.2
1118510 2429.2
1118520 2415.7
1118530 2403.8
1118540 2396.6
1118550 2396.6
1118560 2390.1
1118570 2383.4
1118580 2383.4
1118590 2376.2
1118600 2369.6
1118610 2369.6
1118620 2363.5
1118630 2358.1
1118640 2358.1
1118650 2353.5
1118660 2348.4
1118670 2348.4
1118680 2343.7
1118690 2337.0
1118700 2337.0
1118710 2331.4
1118720 2328.6
1118730 2328.6
1118740 2327.0
1118750 2325.9
1118760 2325.9
1118770 2324.5
1118780 2325.5
1118790 2326.2
1118800 2326.2
1118810 2326.2
1118820 2325.5
1118830 2325.5
1118840 2324.9
1118850 2325.5
1118860 2325.5
1118870 2322.1
1118880 2316.8
1118890 2316.8
1118900 2310.9
1118910 2305.5
1118920 2305.5
1118930 2299.9
1118940 2294.3
1118950 2294.3
1118960 2287.5
1118970 2281.2
1118980 2281.2
1118990 2275.2
1119000 2261.1
1119010 2261.1
1119020 2247.3
1119030 2242.9
1119040 2233.7
1119050 2233.7
1119060 2228.9
1119070 2225.2
1119080 2225.2
1119090 2222.7
1119100 2219.0
1119110 2219.0
1119120 2216.8
1119130 2214.4
1119140 2214.4
1119150 2213.5
1119160 2213.0
1119170 2213.0
1119180 2211.3
1119190 2209.3
1119200 2209.3
1119210 2205.5
1119220 2205.0
1119230 2205.0
1119240 2203.1
1119250 2201.8
1119260 2201.8
1119270 2201.1
1119280 2199.4
1119290 2196.5
1119300 2196.5
1119310 2193.2
1119320 2191.1
1119330 2191.1
1119340 2188.7
1119350 2183.8
1119360 2183.8
1119370 2176.4
1119380 2167.8
1119390 2167.8
1119400 2160.9
1119410 2155.0
1119420 2155.0
1119430 2149.9
1119440 2146.4
1119450 2146.4
1119460 2142.0
1119470 2136.4
1119480 2136.4
1119490 2129.8
1119500 2123.3
1119510 2123.3
1119520 2117.0
1119530 2110.2
1119540 2110.2
1119550 2102.8
1119560 2096.8
1119570 2090.0
1119580 2090.0
1119590 2085.2
1119600 2080.3
1119610 2080.3
1119620 2075.8
1119630 2071.2
1119640 2071.2
1119650 2066.1
1119660 2059.2
1119670 2059.2
1119680 2051.9
1119690 2045.6
1119700 2045.6
1119710 2039.5
1119720 2035.1
1119730 2035.5
1119740 2029.3
1119750 2024.8
1119760 2024.8
1119770 2020.8
1119780 2017.8
1119790 2017.8
1119800 2015.3
1119810 2012.0
1119820 2009.0
1119830 2009.0
1119840 2005.9
1119850 2002.5
1119860 2002.5
1119870 1999.2
1119880 1995.4
1119890 1995.4
1119900 1990.7
1119910 1986.6
1119920 1986.6
1119930 1983.7
1119940 1982.3
1119950 1982.3
1119960 1981.8
1119970 1980.7
1119980 1980.7
1119990 1978.4
