1100000 1193.5
1100010 1196.4
1100020 1196.4
1100030 1198.6
1100040 1197.9
1100050 1197.9
1100060 1194.7
1100070 1192.1
1100080 1190.3
1100090 1190.3
1100100 1192.6
1100110 1190.5
1100120 1190.5
1100130 1188.6
1100140 1185.8
1100150 1185.8
1100160 1177.7
1100170 1178.4
1100180 1178.4
1100190 1178.2
1100200 1175.6
1100210 1175.6
1100220 1177.9
1100230 1174.7
1100240 1174.7
1100250 1168.6
1100260 1162.6
1100270 1162.6
1100280 1157.1
1100290 1151.7
1100300 1151.7
1100310 1145.0
1100320 1133.9
1100330 1133.9
1100340 1123.7
1100350 1116.5
1100360 1108.6
1100370 1108.6
1100380 1099.9
1100390 1097.4
1100400 1097.4
1100410 1102.5
1100420 1111.4
1100430 1116.2
1100440 1127.8
1100450 1139.1
1100460 1139.1
1100470 1146.3
1100480 1151.9
1100490 1151.9
1100500 1152.7
1100510 1157.9
1100520 1157.9
1100530 1162.7
1100540 1170.2
1100550 1170.2
1100560 1175.2
1100570 1177.0
1100580 1177.0
1100590 1181.2
1100600 1186.6
1100610 1194.4
1100620 1194.4
1100630 1201.1
1100640 1203.2
1100650 1203.2
1100660 1207.9
1100670 1217.2
1100680 1217.2
1100690 1226.9
1100700 1235.9
1100710 1235.9
1100720 1244.1
1100730 1252.7
1100740 1252.7
1100750 1260.5
1100760 1269.3
1100770 1269.3
1100780 1277.6
1100790 1284.5
1100800 1284.5
1100810 1290.0
1100820 1297.4
1100830 1297.4
1100840 1305.1
1100850 1312.5
1100860 1316.9
1100870 1316.9
1100880 1321.5
1100890 1325.4
1100900 1325.4
1100910 1330.3
1100920 1338.0
1100930 1338.0
1100940 1344.9
1100950 1351.1
1100960 1351.1
1100970 1356.4
1100980 1360.3
1100990 1360.3
1101000 1364.2
1101010 1368.4
1101020 1368.4
1101030 1371.8
1101040 1375.0
1101050 1375.0
1101060 1378.9
1101070 1382.5
1101080 1382.5
1101090 1391.1
1101100 1395.2
1101110 1395.2
1101120 1399.3
1101130 1403.6
1101140 1407.5
1101150 1407.5
1101160 1411.0
1101170 1414.1
1101180 1414.1
1101190 1416.5
1101200 1418.8
1101210 1418.8
1101220 1421.2
1101230 1424.2
1101240 1424.2
1101250 1426.2
1101260 1427.9
1101270 1427.9
1101280 1430.1
1101290 1431.5
1101300 1431.5
1101310 1432.8
1101320 1433.8
1101330 1433.8
1101340 1434.3
1101350 1435.0
1101360 1435.0
1101370 1435.4
1101380 1436.0
1101390 1436.1
1101400 1436.1
1101410 1436.1
1101420 1442.5
1101430 1442.5
1101440 1442.1
1101450 1441.6
1101460 1441.6
1101470 1440.9
1101480 1439.8
1101490 1439.8
1101500 1438.4
1101510 1437.5
1101520 1437.5
1101530 1438.3
1101540 1439.6
1101550 1439.6
1101560 1439.2
1101570 1438.5
1101580 1438.5
1101590 1437.4
1101600 1435.4
1101610 1435.4
1101620 1434.9
1101630 1438.8
1101640 1439.9
1101650 1439.9
1101660 1438.7
1101670 1438.2
1101680 1438.2
1101690 1437.1
1101700 1435.5
1101710 1435.5
1101720 1433.3
1101730 1431.5
1101740 1431.5
1101750 1427.6
1101760 1428.5
1101770 1428.5
1101780 1429.3
1101790 1429.2
1101800 1429.2
1101810 1427.5
1101820 1426.5
1101830 1426.5
1101840 1426.9
1101850 1426.5
1101860 1426.5
1101870 1425.1
1101880 1424.3
1101890 1424.3
1101900 1427.1
1101910 1429.2
1101920 1429.4
1101930 1429.4
1101940 1429.3
1101950 1429.5
1101960 1429.5
1101970 1429.4
1101980 1428.4
1101990 1428.4
1102000 1427.1
1102010 1426.0
1102020 1426.0
1102030 1425.7
1102040 1425.4
1102050 1425.4
1102060 1423.7
1102070 1422.7
1102080 1422.7
1102090 1428.4
1102100 1431.9
1102110 1431.9
1102120 1431.3
1102130 1429.6
1102140 1429.6
1102150 1430.6
1102160 1431.5
1102170 1433.6
1102180 1433.6
1102190 1437.0
1102200 1441.5
1102210 1441.5
1102220 1447.0
1102230 1453.0
1102240 1453.0
1102250 1459.9
1102260 1466.0
1102270 1466.0
1102280 1472.7
1102290 1478.3
1102300 1478.3
1102310 1484.5
1102320 1490.2
1102330 1490.2
1102340 1494.6
1102350 1497.8
1102360 1497.8
1102370 1503.7
1102380 1511.9
1102390 1511.9
1102400 1519.0
1102410 1527.2
1102420 1534.9
1102430 1534.9
1102440 1540.6
1102450 1545.4
1102460 1545.4
1102470 1550.1
1102480 1555.1
1102490 1555.1
1102500 1559.5
1102510 1563.7
1102520 1563.7
1102530 1566.9
1102540 1570.0
1102550 1570.0
1102560 1573.0
1102570 1576.2
1102580 1576.2
1102590 1579.9
1102600 1584.8
1102610 1584.8
1102620 1589.7
1102630 1596.0
1102640 1596.0
1102650 1602.9
1102660 1610.4
1102670 1616.6
1102680 1616.6
1102690 1622.0
1102700 1628.6
1102710 1628.6
1102720 1635.4
1102730 1641.6
1102740 1641.6
1102750 1648.3
1102760 1654.4
1102770 1654.4
1102780 1660.6
1102790 1666.7
1102800 1666.7
1102810 1672.2
1102820 1677.8
1102830 1677.8
1102840 1683.6
1102850 1689.2
1102860 1689.2
1102870 1695.6
1102880 1701.3
1102890 1701.3
1102900 1705.4
1102910 1708.7
1102920 1708.7
1102930 1712.4
1102940 1716.2
1102950 1717.2
1102960 1717.2
1102970 1712.8
1102980 1702.7
1102990 1702.7
1103000 1694.5
1103010 1688.7
1103020 1688.7
1103030 1684.1
1103040 1679.9
1103050 1679.9
1103060 1675.5
1103070 1670.9
1103080 1670.9
1103090 1668.8
1103100 1662.3
1103110 1662.3
1103120 1655.0
1103130 1647.5
1103140 1647.5
1103150 1642.0
1103160 1636.3
1103170 1636.3
1103180 1632.6
1103190 1628.6
1103200 1624.8
1103210 1624.8
1103220 1621.7
1103230 1618.5
1103240 1618.5
1103250 1615.1
1103260 1611.3
1103270 1611.3
1103280 1607.4
1103290 1604.2
1103300 1604.2
1103310 1600.8
1103320 1596.6
1103330 1596.6
1103340 1592.2
1103350 1587.8
1103360 1587.8
1103370 1583.1
1103380 1577.9
1103390 1577.9
1103400 1572.6
1103410 1567.4
1103420 1568.3
1103430 1564.3
1103440 1560.6
1103450 1555.1
1103460 1555.1
1103470 1548.0
1103480 1540.7
1103490 1540.7
1103500 1537.2
1103510 1535.1
1103520 1535.1
1103530 1533.9
1103540 1534.7
1103550 1534.7
1103560 1536.0
1103570 1536.7
1103580 1536.7
1103590 1536.3
1103600 1535.3
1103610 1535.3
1103620 1538.3
1103630 1544.3
1103640 1544.3
1103650 1550.4
1103660 1554.3
1103670 1554.3
1103680 1554.7
1103690 1555.4
1103700 1555.4
1103710 1552.4
1103720 1547.5
1103730 1542.4
1103740 1542.4
1103750 1537.1
1103760 1535.2
1103770 1535.2
1103780 1538.9
1103790 1543.7
1103800 1543.7
1103810 1548.0
1103820 1552.4
1103830 1552.4
1103840 1555.0
1103850 1554.5
1103860 1554.5
1103870 1549.3
1103880 1542.7
1103890 1542.7
1103900 1536.6
1103910 1533.5
1103920 1533.5
1103930 1534.6
1103940 1540.2
1103950 1540.2
1103960 1546.4
1103970 1550.6
1103980 1551.0
1103990 1551.0
1104000 1549.8
1104010 1551.0
1104020 1551.0
1104030 1552.8
1104040 1554.0
1104050 1554.0
1104060 1554.3
1104070 1553.5
1104080 1553.5
1104090 1556.0
1104100 1551.4
1104110 1551.4
1104120 1547.9
1104130 1544.8
1104140 1544.8
1104150 1541.8
1104160 1538.6
1104170 1538.6
1104180 1536.1
1104190 1533.6
1104200 1533.6
1104210 1530.3
1104220 1526.3
1104230 1521.9
1104240 1521.9
1104250 1517.0
1104260 1514.4
1104270 1514.4
1104280 1511.3
1104290 1508.4
1104300 1508.4
1104310 1508.5
1104320 1507.4
1104330 1507.4
1104340 1502.5
1104350 1497.5
1104360 1497.5
1104370 1494.1
1104380 1490.3
1104390 1490.3
1104400 1486.4
1104410 1489.3
1104420 1491.6
1104430 1495.3
1104440 1495.2
1104450 1495.2
1104460 1496.1
1104470 1499.0
1104480 1499.0
1104490 1497.0
1104500 1492.2
1104510 1488.3
1104520 1488.3
1104530 1490.2
1104540 1494.0
1104550 1494.0
1104560 1497.2
1104570 1498.4
1104580 1498.4
1104590 1498.4
1104600 1498.1
1104610 1498.1
1104620 1499.0
1104630 1500.4
1104640 1500.4
1104650 1502.8
1104660 1504.2
1104670 1504.2
1104680 1505.3
1104690 1507.3
1104700 1507.3
1104710 1510.8
1104720 1515.2
1104730 1515.2
1104740 1517.7
1104750 1518.2
1104760 1523.2
1104770 1523.2
1104780 1523.8
1104790 1523.7
1104800 1523.7
1104810 1523.5
1104820 1526.9
1104830 1526.9
1104840 1530.7
1104850 1532.8
1104860 1532.8
1104870 1536.7
1104880 1538.3
1104890 1538.3
1104900 1538.8
1104910 1540.6
1104920 1540.6
1104930 1540.0
1104940 1537.8
1104950 1537.8
1104960 1541.2
1104970 1545.6
1104980 1545.6
1104990 1549.5
1105000 1552.9
1105010 1557.2
1105020 1557.2
1105030 1561.1
1105040 1564.7
1105050 1564.7
1105060 1569.1
1105070 1573.7
1105080 1573.7
1105090 1577.1
1105100 1581.6
1105110 1581.6
1105120 1586.3
1105130 1591.3
1105140 1591.3
1105150 1595.8
1105160 1600.7
1105170 1600.7
1105180 1606.2
1105190 1611.5
1105200 1611.5
1105210 1615.4
1105220 1619.2
1105230 1619.2
1105240 1623.3
1105250 1627.4
1105260 1627.4
1105270 1631.9
1105280 1636.9
1105290 1641.8
1105300 1641.8
1105310 1645.4
1105320 1648.1
1105330 1648.1
1105340 1649.8
1105350 1650.1
1105360 1650.1
1105370 1649.8
1105380 1649.4
1105390 1649.4
1105400 1650.4
1105410 1652.9
1105420 1652.9
1105430 1656.3
1105440 1657.9
1105450 1657.9
1105460 1660.1
1105470 1662.4
1105480 1662.4
1105490 1664.0
1105500 1665.6
1105510 1665.6
1105520 1666.8
1105530 1669.6
1105540 1673.8
1105550 1673.8
1105560 1677.3
1105570 1680.9
1105580 1680.9
1105590 1684.6
1105600 1688.3
1105610 1688.3
1105620 1692.8
1105630 1697.9
1105640 1697.9
1105650 1703.3
1105660 1708.4
1105670 1708.4
1105680 1714.1
1105690 1720.4
1105700 1720.4
1105710 1728.5
1105720 1736.1
1105730 1736.1
1105740 1742.9
1105750 1749.0
1105760 1750.9
1105770 1752.5
1105780 1748.0
1105790 1746.9
1105800 1746.9
1105810 1750.0
1105820 1752.8
1105830 1752.8
1105840 1755.4
1105850 1759.1
1105860 1759.1
1105870 1763.3
1105880 1767.9
1105890 1767.9
1105900 1772.9
1105910 1778.1
1105920 1778.1
1105930 1784.0
1105940 1790.3
1105950 1790.3
1105960 1796.9
1105970 1803.7
1105980 1803.7
1105990 1810.7
1106000 1817.3
1106010 1817.3
1106020 1824.9
1106030 1832.6
1106040 1832.6
1106050 1840.3
1106060 1848.2
1106070 1856.2
1106080 1856.2
1106090 1864.7
1106100 1872.8
1106110 1872.8
1106120 1883.0
1106130 1894.4
1106140 1894.4
1106150 1905.7
1106160 1899.8
1106170 1899.8
1106180 1889.7
1106190 1882.7
1106200 1882.7
1106210 1876.0
1106220 1870.3
1106230 1870.3
1106240 1864.2
1106250 1858.1
1106260 1858.1
1106270 1852.9
1106280 1848.3
1106290 1848.3
1106300 1843.1
1106310 1837.6
1106320 1831.9
1106330 1831.9
1106340 1827.1
1106350 1822.4
1106360 1822.4
1106370 1818.2
1106380 1813.4
1106390 1813.4
1106400 1808.6
1106410 1803.4
1106420 1803.4
1106430 1799.6
1106440 1795.3
1106450 1795.3
1106460 1791.0
1106470 1785.7
1106480 1785.7
1106490 1780.9
1106500 1776.9
1106510 1776.9
1106520 1773.0
1106530 1769.0
1106540 1769.0
1106550 1765.2
1106560 1762.3
1106570 1759.0
1106580 1759.0
1106590 1755.4
1106600 1753.0
1106610 1753.0
1106620 1751.0
1106630 1750.3
1106640 1750.3
1106650 1748.4
1106660 1746.2
1106670 1746.2
1106680 1743.0
1106690 1736.9
1106700 1736.9
1106710 1731.1
1106720 1727.3
1106730 1727.3
1106740 1723.9
1106750 1719.0
1106760 1719.0
1106770 1707.3
1106780 1707.6
1106790 1707.6
1106800 1713.2
1106810 1713.5
1106820 1710.9
1106830 1710.9
1106840 1704.7
1106850 1699.5
1106860 1699.5
1106870 1693.1
1106880 1685.8
1106890 1685.8
1106900 1676.5
1106910 1656.7
1106920 1656.7
1106930 1618.5
1106940 1613.1
1106950 1613.1
1106960 1612.0
1106970 1604.8
1106980 1604.8
1106990 1593.3
1107000 1584.3
1107010 1584.3
1107020 1576.5
1107030 1571.7
1107040 1571.7
1107050 1567.9
1107060 1562.2
1107070 1562.2
1107080 1549.4
1107090 1528.6
1107100 1513.7
1107110 1517.6
1107120 1508.9
1107130 1502.0
1107140 1502.0
1107150 1484.7
1107160 1444.4
1107170 1444.4
1107180 1427.8
1107190 1418.3
1107200 1418.3
1107210 1407.7
1107220 1391.6
1107230 1391.6
1107240 1379.2
1107250 1371.0
1107260 1371.0
1107270 1363.2
1107280 1355.0
1107290 1355.0
1107300 1346.7
1107310 1338.3
1107320 1338.3
1107330 1329.5
1107340 1320.6
1107350 1313.0
1107360 1313.0
1107370 1306.1
1107380 1299.2
1107390 1299.2
1107400 1292.4
1107410 1285.7
1107420 1285.7
1107430 1279.2
1107440 1272.1
1107450 1269.7
1107460 1262.5
1107470 1254.2
1107480 1254.2
1107490 1246.5
1107500 1239.5
1107510 1239.5
1107520 1232.3
1107530 1224.9
1107540 1224.9
1107550 1219.1
1107560 1214.0
1107570 1214.0
1107580 1209.5
1107590 1205.0
1107600 1199.7
1107610 1199.7
1107620 1195.2
1107630 1190.3
1107640 1190.3
1107650 1185.8
1107660 1181.9
1107670 1181.9
1107680 1176.5
1107690 1175.3
1107700 1175.3
1107710 1173.9
1107720 1173.6
1107730 1173.6
1107740 1175.0
1107750 1177.2
1107760 1177.2
1107770 1178.5
1107780 1180.4
1107790 1180.4
1107800 1180.6
1107810 1181.4
1107820 1181.4
1107830 1182.3
1107840 1182.6
1107850 1182.6
1107860 1182.2
1107870 1183.0
1107880 1185.2
1107890 1185.2
1107900 1189.2
1107910 1192.2
1107920 1192.2
1107930 1194.8
1107940 1197.4
1107950 1197.4
1107960 1200.0
1107970 1202.6
1107980 1202.6
1107990 1205.6
1108000 1208.5
1108010 1208.5
1108020 1211.4
1108030 1214.6
1108040 1214.6
1108050 1217.7
1108060 1219.9
1108070 1219.9
1108080 1222.5
1108090 1225.8
1108100 1225.8
1108110 1229.2
1108120 1232.6
1108130 1235.8
1108140 1235.8
1108150 1240.0
1108160 1244.6
1108170 1244.6
1108180 1245.0
1108190 1247.2
1108200 1247.2
1108210 1250.0
1108220 1253.1
1108230 1253.1
1108240 1255.5
1108250 1258.1
1108260 1258.1
1108270 1261.1
1108280 1264.8
1108290 1264.8
1108300 1268.2
1108310 1271.5
1108320 1271.5
1108330 1275.3
1108340 1280.0
1108350 1280.0
1108360 1287.4
1108370 1296.9
1108380 1306.1
1108390 1306.1
1108400 1314.7
1108410 1319.1
1108420 1319.1
1108430 1323.4
1108440 1329.1
1108450 1329.1
1108460 1342.5
1108470 1349.0
1108480 1349.0
1108490 1353.9
1108500 1359.8
1108510 1359.8
1108520 1366.2
1108530 1372.5
1108540 1372.5
1108550 1379.0
1108560 1387.5
1108570 1387.5
1108580 1402.0
1108590 1412.8
1108600 1412.8
1108610 1421.5
1108620 1428.6
1108630 1428.6
1108640 1436.7
1108650 1442.0
1108660 1443.5
1108670 1443.5
1108680 1444.5
1108690 1441.6
1108700 1441.6
1108710 1434.2
1108720 1432.1
1108730 1432.1
1108740 1429.9
1108750 1427.5
1108760 1427.5
1108770 1436.3
1108780 1442.9
1108790 1442.9
1108800 1450.2
1108810 1458.9
1108820 1458.9
1108830 1467.9
1108840 1474.7
1108850 1474.7
1108860 1478.4
1108870 1482.4
1108880 1482.4
1108890 1493.7
1108900 1504.0
1108910 1514.3
1108920 1514.3
1108930 1522.4
1108940 1530.0
1108950 1530.0
1108960 1535.8
1108970 1542.7
1108980 1542.7
1108990 1550.3
1109000 1558.5
1109010 1558.5
1109020 1568.0
1109030 1579.7
1109040 1579.7
1109050 1591.0
1109060 1605.1
1109070 1605.1
1109080 1618.1
1109090 1626.4
1109100 1626.4
1109110 1632.2
1109120 1636.4
1109130 1636.4
1109140 1646.2
1109150 1656.0
1109160 1661.5
1109170 1661.5
1109180 1662.1
1109190 1664.6
1109200 1664.6
1109210 1687.9
1109220 1709.1
1109230 1709.1
1109240 1718.5
1109250 1722.5
1109260 1722.5
1109270 1728.0
1109280 1738.2
1109290 1738.2
1109300 1753.0
1109310 1760.9
1109320 1760.9
1109330 1770.0
1109340 1774.3
1109350 1774.3
1109360 1797.5
1109370 1813.1
1109380 1813.1
1109390 1840.5
1109400 1851.4
1109410 1857.7
1109420 1857.7
1109430 1872.9
1109440 1882.4
1109450 1882.4
1109460 1896.2
1109470 1916.4
1109480 1916.4
1109490 1924.0
1109500 1932.3
1109510 1932.3
1109520 1930.3
1109530 1925.6
1109540 1925.6
1109550 1920.1
1109560 1919.9
1109570 1919.9
1109580 1922.4
1109590 1924.7
1109600 1924.7
1109610 1927.1
1109620 1924.4
1109630 1924.4
1109640 1918.6
1109650 1913.7
1109660 1913.7
1109670 1910.1
1109680 1906.6
1109690 1901.8
1109700 1901.8
1109710 1897.8
1109720 1891.6
1109730 1891.6
1109740 1888.0
1109750 1887.4
1109760 1887.4
1109770 1884.0
1109780 1880.5
1109790 1880.5
1109800 1877.0
1109810 1868.9
1109820 1868.9
1109830 1864.9
1109840 1861.3
1109850 1861.3
1109860 1857.0
1109870 1853.0
1109880 1853.0
1109890 1848.4
1109900 1842.9
1109910 1842.9
1109920 1838.5
1109930 1835.8
1109940 1833.2
1109950 1833.2
1109960 1830.2
1109970 1827.6
1109980 1827.6
1109990 1825.6
1110000 1823.1
1110010 1823.1
1110020 1819.0
1110030 1813.8
1110040 1813.8
1110050 1806.0
1110060 1797.8
1110070 1797.8
1110080 1786.1
1110090 1777.9
1110100 1777.9
1110110 1771.4
1110120 1765.6
1110130 1765.6
1110140 1759.9
1110150 1752.7
1110160 1752.7
1110170 1749.4
1110180 1747.4
1110190 1745.1
1110200 1745.1
1110210 1742.1
1110220 1739.2
1110230 1739.2
1110240 1736.6
1110250 1734.0
1110260 1734.0
1110270 1732.2
1110280 1731.3
1110290 1731.3
1110300 1731.3
1110310 1730.5
1110320 1730.5
1110330 1729.6
1110340 1728.7
1110350 1728.7
1110360 1727.3
1110370 1725.9
1110380 1725.9
1110390 1724.4
1110400 1727.9
1110410 1727.9
1110420 1735.0
1110430 1738.0
1110440 1738.0
1110450 1741.0
1110460 1747.4
1110470 1754.0
1110480 1754.0
1110490 1761.0
1110500 1761.8
1110510 1761.8
1110520 1758.6
1110530 1754.3
1110540 1754.3
1110550 1752.9
1110560 1748.8
1110570 1748.8
1110580 1745.1
1110590 1741.3
1110600 1741.3
1110610 1743.7
1110620 1745.4
1110630 1745.4
1110640 1746.8
1110650 1750.1
1110660 1750.1
1110670 1753.3
1110680 1755.0
1110690 1755.0
1110700 1759.2
1110710 1763.4
1110720 1762.1
1110730 1762.1
1110740 1762.1
1110750 1761.6
1110760 1761.6
1110770 1763.7
1110780 1764.0
1110790 1764.0
1110800 1759.7
1110810 1758.2
1110820 1758.2
1110830 1749.4
1110840 1739.0
1110850 1739.0
1110860 1729.6
1110870 1722.1
1110880 1722.1
1110890 1714.9
1110900 1708.2
1110910 1708.2
1110920 1699.9
1110930 1690.9
1110940 1690.9
1110950 1682.2
1110960 1673.8
1110970 1665.8
1110980 1665.8
1110990 1658.1
1111000 1651.5
1111010 1651.5
1111020 1644.8
1111030 1637.2
1111040 1637.2
1111050 1630.5
1111060 1624.1
1111070 1624.1
1111080 1618.1
1111090 1612.6
1111100 1612.6
1111110 1606.3
1111120 1599.3
1111130 1599.3
1111140 1592.7
1111150 1586.3
1111160 1586.3
1111170 1582.9
1111180 1577.9
1111190 1577.9
1111200 1573.4
1111210 1566.3
1111220 1553.6
1111230 1553.6
1111240 1544.5
1111250 1539.1
1111260 1539.1
1111270 1532.9
1111280 1526.8
1111290 1526.8
1111300 1519.2
1111310 1508.1
1111320 1508.1
1111330 1497.8
1111340 1488.9
1111350 1488.9
1111360 1482.1
1111370 1474.2
1111380 1474.2
1111390 1467.0
1111400 1460.7
1111410 1460.7
1111420 1457.1
1111430 1451.6
1111440 1451.6
1111450 1445.3
1111460 1439.4
1111470 1439.4
1111480 1434.6
1111490 1431.3
1111500 1427.6
1111510 1429.7
1111520 1422.4
1111530 1413.7
1111540 1413.7
1111550 1411.5
1111560 1412.1
1111570 1412.1
1111580 1415.3
1111590 1421.2
1111600 1421.2
1111610 1420.2
1111620 1424.2
1111630 1424.2
1111640 1424.7
1111650 1423.8
1111660 1423.8
1111670 1423.1
1111680 1421.3
1111690 1421.3
1111700 1418.7
1111710 1423.1
1111720 1423.1
1111730 1425.0
1111740 1423.0
1111750 1422.8
1111760 1422.8
1111770 1425.8
1111780 1443.3
1111790 1443.3
1111800 1464.3
1111810 1477.3
1111820 1477.3
1111830 1481.6
1111840 1485.9
1111850 1485.9
1111860 1505.8
1111870 1502.1
1111880 1502.1
1111890 1504.1
1111900 1506.7
1111910 1506.7
1111920 1508.9
1111930 1515.6
1111940 1515.6
1111950 1510.5
1111960 1508.1
1111970 1508.1
1111980 1505.5
1111990 1505.9
1112000 1511.3
1112010 1511.3
1112020 1512.2
1112030 1511.7
1112040 1511.7
1112050 1507.5
1112060 1510.4
1112070 1510.4
1112080 1527.4
1112090 1541.3
1112100 1541.3
1112110 1538.3
1112120 1543.1
1112130 1543.1
1112140 1549.5
1112150 1558.1
1112160 1558.1
1112170 1563.7
1112180 1567.3
1112190 1567.3
1112200 1578.6
1112210 1582.5
1112220 1582.5
1112230 1586.9
1112240 1591.0
1112250 1591.0
1112260 1594.4
1112270 1596.2
1112280 1599.9
1112290 1599.9
1112300 1604.3
1112310 1609.0
1112320 1609.0
1112330 1615.3
1112340 1621.8
1112350 1621.8
1112360 1627.1
1112370 1632.4
1112380 1632.4
1112390 1635.6
1112400 1637.6
1112410 1637.6
1112420 1640.5
1112430 1642.6
1112440 1642.6
1112450 1646.2
1112460 1649.2
1112470 1649.2
1112480 1650.2
1112490 1651.8
1112500 1651.8
1112510 1652.7
1112520 1653.7
1112530 1655.0
1112540 1662.2
1112550 1662.3
1112560 1661.2
1112570 1661.2
1112580 1660.2
1112590 1660.9
1112600 1660.9
1112610 1663.3
1112620 1666.4
1112630 1666.4
1112640 1670.1
1112650 1673.0
1112660 1673.0
1112670 1676.3
1112680 1680.9
1112690 1680.9
1112700 1682.6
1112710 1684.5
1112720 1684.5
1112730 1687.0
1112740 1688.4
1112750 1688.4
1112760 1689.3
1112770 1694.0
1112780 1701.9
1112790 1701.9
1112800 1709.1
1112810 1715.7
1112820 1715.7
1112830 1721.3
1112840 1727.9
1112850 1727.9
1112860 1731.1
1112870 1735.0
1112880 1742.2
1112890 1746.9
1112900 1753.5
1112910 1753.5
1112920 1759.7
1112930 1762.2
1112940 1762.2
1112950 1763.5
1112960 1763.6
1112970 1763.6
1112980 1766.2
1112990 1769.6
1113000 1769.6
1113010 1774.7
1113020 1780.1
1113030 1786.6
1113040 1786.6
1113050 1793.1
1113060 1799.5
1113070 1799.5
1113080 1804.3
1113090 1807.8
1113100 1807.8
1113110 1812.0
1113120 1817.2
1113130 1817.2
1113140 1821.8
1113150 1825.7
1113160 1825.7
1113170 1830.9
1113180 1837.4
1113190 1837.4
1113200 1843.5
1113210 1850.0
1113220 1852.9
1113230 1857.9
1113240 1861.3
1113250 1861.3
1113260 1864.8
1113270 1867.6
1113280 1867.6
1113290 1871.0
1113300 1872.0
1113310 1875.3
1113320 1875.3
1113330 1879.9
1113340 1884.7
1113350 1884.7
1113360 1888.1
1113370 1890.5
1113380 1890.5
1113390 1892.6
1113400 1895.0
1113410 1895.0
1113420 1899.8
1113430 1904.9
1113440 1904.9
1113450 1908.7
1113460 1912.8
1113470 1912.8
1113480 1918.1
1113490 1924.9
1113500 1924.9
1113510 1930.8
1113520 1937.5
1113530 1937.5
1113540 1943.4
1113550 1947.9
1113560 1952.7
1113570 1953.8
1113580 1958.4
1113590 1965.8
1113600 1965.8
1113610 1971.0
1113620 1973.6
1113630 1973.6
1113640 1975.9
1113650 1980.1
1113660 1980.1
1113670 1981.3
1113680 1979.3
1113690 1979.3
1113700 1979.8
1113710 1982.4
1113720 1982.4
1113730 1984.7
1113740 1986.2
1113750 1986.2
1113760 1988.2
1113770 1989.5
1113780 1989.5
1113790 1991.8
1113800 1996.1
1113810 2001.4
1113820 2001.4
1113830 2006.8
1113840 2011.0
1113850 2011.0
1113860 2014.5
1113870 2015.9
1113880 2015.9
1113890 2016.7
1113900 2016.7
1113910 2019.1
1113920 2018.4
1113930 2018.7
1113940 2018.7
1113950 2018.7
1113960 2018.9
1113970 2018.9
1113980 2020.9
1113990 2022.3
1114000 2022.3
1114010 2024.1
1114020 2025.7
1114030 2025.7
1114040 2027.7
1114050 2030.0
1114060 2032.5
1114070 2032.5
1114080 2036.2
1114090 2039.4
1114100 2039.4
1114110 2041.4
1114120 2042.9
1114130 2042.9
1114140 2047.9
1114150 2053.9
1114160 2053.9
1114170 2057.2
1114180 2060.7
1114190 2060.7
1114200 2063.8
1114210 2067.4
1114220 2067.4
1114230 2072.9
1114240 2079.6
1114250 2081.4
1114260 2088.3
1114270 2094.8
1114280 2094.8
1114290 2099.1
1114300 2101.8
1114310 2101.8
1114320 2105.2
1114330 2108.5
1114340 2109.7
1114350 2109.7
1114360 2110.5
1114370 2109.2
1114380 2109.2
1114390 2107.5
1114400 2106.8
1114410 2106.8
1114420 2106.3
1114430 2106.2
1114440 2106.2
1114450 2105.3
1114460 2105.2
1114470 2105.2
1114480 2104.3
1114490 2105.4
1114500 2105.4
1114510 2105.0
1114520 2103.9
1114530 2103.9
1114540 2102.1
1114550 2100.9
1114560 2100.9
1114570 2101.6
1114580 2104.0
1114590 2106.6
1114600 2109.5
1114610 2115.2
1114620 2120.0
1114630 2120.0
1114640 2122.6
1114650 2125.9
1114660 2125.9
1114670 2131.2
1114680 2137.3
1114690 2137.3
1114700 2143.5
1114710 2149.7
1114720 2149.7
1114730 2155.4
1114740 2160.7
1114750 2160.7
1114760 2165.4
1114770 2169.5
1114780 2169.5
1114790 2172.7
1114800 2176.3
1114810 2176.3
1114820 2181.9
1114830 2197.4
1114840 2217.1
1114850 2217.1
1114860 2225.4
1114870 2238.4
1114880 2238.4
1114890 2252.0
1114900 2258.4
1114910 2258.4
1114920 2266.4
1114930 2271.5
1114940 2259.6
1114950 2267.0
1114960 2275.2
1114970 2275.2
1114980 2276.0
1114990 2281.8
1115000 2281.8
1115010 2287.3
1115020 2295.3
1115030 2295.3
1115040 2304.3
1115050 2315.4
1115060 2315.4
1115070 2321.5
1115080 2326.8
1115090 2327.1
1115100 2327.1
1115110 2327.4
1115120 2335.0
1115130 2335.0
1115140 2338.1
1115150 2334.6
1115160 2334.6
1115170 2320.3
1115180 2303.5
1115190 2303.5
1115200 2301.3
1115210 2291.4
1115220 2291.4
1115230 2279.6
1115240 2272.2
1115250 2272.2
1115260 2268.6
1115270 2265.4
1115280 2272.0
1115290 2269.6
1115300 2267.7
1115310 2267.7
1115320 2265.3
1115330 2262.6
1115340 2262.6
1115350 2260.0
1115360 2260.0
1115370 2261.4
1115380 2261.4
1115390 2263.5
1115400 2265.2
1115410 2265.2
1115420 2268.9
1115430 2273.9
1115440 2273.9
1115450 2277.8
1115460 2280.8
1115470 2280.8
1115480 2283.9
1115490 2288.3
1115500 2288.3
1115510 2293.7
1115520 2299.6
1115530 2299.6
1115540 2305.6
1115550 2315.7
1115560 2315.7
1115570 2331.3
1115580 2338.2
1115590 2338.2
1115600 2343.9
1115610 2349.2
1115620 2354.4
1115630 2364.6
1115640 2360.4
1115650 2355.8
1115660 2355.8
1115670 2352.2
1115680 2346.3
1115690 2346.3
1115700 2339.1
1115710 2336.1
1115720 2336.1
1115730 2335.1
1115740 2335.5
1115750 2335.5
1115760 2336.1
1115770 2336.1
1115780 2336.1
1115790 2336.3
1115800 2336.1
1115810 2336.1
1115820 2336.4
1115830 2337.1
1115840 2337.1
1115850 2338.5
1115860 2340.2
1115870 2343.0
1115880 2343.0
1115890 2341.8
1115900 2331.1
1115910 2331.1
1115920 2316.5
1115930 2299.8
1115940 2299.8
1115950 2269.8
1115960 2264.7
1115970 2272.9
1115980 2260.6
1115990 2233.0
1116000 2233.0
1116010 2206.8
1116020 2187.1
1116030 2187.1
1116040 2179.5
1116050 2173.6
1116060 2173.6
1116070 2167.5
1116080 2162.2
1116090 2162.2
1116100 2157.9
1116110 2153.8
1116120 2153.8
1116130 2150.2
1116140 2146.9
1116150 2143.5
1116160 2143.5
1116170 2141.1
1116180 2140.4
1116190 2140.4
1116200 2139.7
1116210 2139.0
1116220 2139.0
1116230 2136.5
1116240 2134.0
1116250 2134.0
1116260 2133.2
1116270 2138.2
1116280 2138.2
1116290 2141.4
1116300 2147.1
1116310 2147.1
1116320 2155.8
1116330 2156.5
1116340 2156.5
1116350 2156.5
1116360 2155.7
1116370 2155.7
1116380 2157.2
1116390 2155.9
1116400 2153.5
1116410 2153.5
1116420 2151.9
1116430 2149.2
1116440 2149.2
1116450 2147.8
1116460 2146.7
1116470 2146.7
1116480 2146.8
1116490 2147.0
1116500 2147.0
1116510 2146.9
1116520 2146.8
1116530 2146.8
1116540 2145.8
1116550 2142.9
1116560 2142.9
1116570 2138.1
1116580 2136.4
1116590 2136.4
1116600 2135.5
1116610 2131.5
1116620 2131.5
1116630 2128.1
1116640 2125.0
1116650 2122.4
1116660 2122.5
1116670 2120.6
1116680 2118.1
1116690 2118.1
1116700 2114.2
1116710 2110.7
1116720 2110.7
1116730 2107.8
1116740 2106.6
1116750 2106.6
1116760 2104.7
1116770 2103.5
1116780 2103.5
1116790 2102.9
1116800 2099.2
1116810 2099.2
1116820 2096.1
1116830 2094.0
1116840 2094.0
1116850 2093.8
1116860 2092.8
1116870 2092.8
1116880 2087.4
1116890 2085.0
1116900 2085.1
1116910 2085.1
1116920 2086.5
1116930 2088.0
1116940 2088.0
1116950 2088.8
1116960 2091.0
1116970 2091.0
1116980 2092.6
1116990 2093.4
1117000 2093.4
1117010 2097.1
1117020 2097.7
1117030 2097.7
1117040 2099.6
1117050 2103.1
1117060 2103.1
1117070 2106.9
1117080 2110.5
1117090 2110.5
1117100 2114.1
1117110 2118.8
1117120 2118.8
1117130 2124.2
1117140 2130.0
1117150 2130.0
1117160 2135.8
1117170 2141.3
1117180 2148.1
1117190 2148.1
1117200 2157.1
1117210 2160.4
1117220 2160.4
1117230 2167.2
1117240 2176.0
1117250 2176.0
1117260 2182.3
1117270 2185.8
1117280 2185.8
1117290 2189.8
1117300 2192.6
1117310 2192.6
1117320 2191.9
1117330 2190.5
1117340 2190.5
1117350 2190.6
1117360 2195.1
1117370 2195.1
1117380 2195.3
1117390 2195.2
1117400 2195.2
1117410 2195.7
1117420 2197.0
1117430 2199.8
1117440 2199.8
1117450 2202.1
1117460 2202.6
1117470 2202.6
1117480 2205.8
1117490 2211.3
1117500 2211.3
1117510 2214.8
1117520 2217.8
1117530 2217.8
1117540 2219.3
1117550 2220.2
1117560 2220.2
1117570 2222.5
1117580 2226.3
1117590 2226.3
1117600 2230.1
1117610 2234.1
1117620 2234.1
1117630 2238.9
1117640 2243.6
1117650 2243.6
1117660 2248.8
1117670 2254.4
1117680 2259.6
1117690 2259.6
1117700 2265.7
1117710 2271.8
1117720 2271.8
1117730 2277.7
1117740 2283.6
1117750 2283.6
1117760 2289.4
1117770 2294.9
1117780 2294.9
1117790 2299.3
1117800 2303.3
1117810 2303.3
1117820 2309.4
1117830 2316.8
1117840 2316.8
1117850 2323.6
1117860 2334.4
1117870 2334.4
1117880 2344.4
1117890 2353.8
1117900 2353.8
1117910 2367.9
1117920 2383.7
1117930 2401.4
1117940 2401.4
1117950 2418.6
1117960 2428.5
1117970 2428.5
1117980 2433.0
1117990 2440.5
1118000 2440.5
1118010 2447.5
1118020 2455.7
1118030 2455.7
1118040 2464.0
1118050 2455.6
1118060 2455.6
1118070 2450.0
1118080 2456.0
1118090 2456.0
1118100 2468.5
1118110 2476.3
1118120 2476.3
1118130 2481.0
1118140 2486.8
1118150 2486.8
1118160 2489.4
1118170 2497.2
1118180 2497.2
1118190 2505.8
1118200 2514.0
1118210 2520.8
1118220 2520.8
1118230 2527.9
1118240 2534.5
1118250 2534.5
1118260 2541.6
1118270 2549.7
1118280 2549.7
1118290 2555.3
1118300 2562.5
1118310 2562.5
1118320 2560.6
1118330 2560.7
1118340 2560.7
1118350 2556.6
1118360 2535.6
1118370 2535.6
1118380 2521.3
1118390 2505.6
1118400 2500.7
1118410 2492.8
1118420 2485.9
1118430 2485.9
1118440 2477.2
1118450 2470.1
1118460 2462.7
1118470 2462.7
1118480 2453.6
1118490 2446.2
1118500 2446.2
1118510 2438.2
1118520 2431.1
1118530 2431.1
1118540 2424.3
1118550 2419.6
1118560 2419.6
1118570 2414.5
1118580 2408.8
1118590 2408.8
1118600 2403.1
1118610 2396.3
1118620 2396.3
1118630 2389.3
1118640 2384.5
1118650 2384.5
1118660 2380.7
1118670 2375.1
1118680 2375.1
1118690 2369.4
1118700 2365.6
1118710 2361.3
1118720 2361.3
1118730 2356.6
1118740 2347.3
1118750 2347.3
1118760 2346.2
1118770 2344.6
1118780 2344.6
1118790 2340.4
1118800 2336.4
1118810 2336.4
1118820 2331.9
1118830 2328.9
1118840 2328.9
1118850 2326.5
1118860 2328.4
1118870 2328.4
1118880 2331.3
1118890 2332.1
1118900 2332.1
1118910 2330.9
1118920 2329.5
1118930 2329.5
1118940 2327.4
1118950 2323.2
1118960 2318.3
1118970 2318.3
1118980 2309.7
1118990 2301.1
1119000 2301.1
1119010 2293.7
1119020 2289.7
1119030 2289.7
1119040 2286.4
1119050 2283.2
1119060 2283.2
1119070 2281.1
1119080 2277.9
1119090 2274.4
1119100 2268.4
1119110 2260.7
1119120 2260.7
1119130 2252.2
1119140 2246.3
1119150 2246.3
1119160 2243.8
1119170 2242.3
1119180 2242.3
1119190 2238.3
1119200 2232.8
1119210 2232.8
1119220 2226.5
1119230 2221.4
1119240 2217.9
1119250 2217.9
1119260 2214.3
1119270 2211.2
1119280 2211.2
1119290 2207.9
1119300 2203.5
1119310 2203.5
1119320 2199.2
1119330 2196.6
1119340 2196.6
1119350 2190.0
1119360 2181.1
1119370 2181.1
1119380 2172.6
1119390 2165.7
1119400 2165.7
1119410 2160.3
1119420 2155.8
1119430 2155.8
1119440 2150.5
1119450 2145.4
1119460 2145.4
1119470 2139.5
1119480 2133.7
1119490 2129.6
1119500 2129.6
1119510 2125.8
1119520 2122.2
1119530 2122.2
1119540 2118.9
1119550 2113.6
1119560 2113.6
1119570 2109.4
1119580 2102.2
1119590 2102.2
1119600 2095.0
1119610 2090.2
1119620 2090.2
1119630 2088.3
1119640 2087.4
1119650 2087.4
1119660 2089.7
1119670 2089.3
1119680 2089.3
1119690 2091.6
1119700 2090.6
1119710 2090.6
1119720 2090.1
1119730 2088.1
1119740 2084.3
1119750 2084.3
1119760 2080.7
1119770 2078.3
1119780 2078.3
1119790 2069.8
1119800 2064.1
1119810 2064.1
1119820 2058.3
1119830 2051.6
1119840 2051.6
1119850 2045.7
1119860 2041.8
1119870 2041.8
1119880 2039.5
1119890 2037.1
1119900 2037.1
1119910 2033.5
1119920 2030.4
1119930 2030.4
1119940 2029.5
1119950 2024.7
1119960 2024.7
1119970 2021.1
1119980 2018.6
1119990 2019.1
