1100000 1497.6
1100010 1497.6
1100020 1497.0
1100030 1496.7
1100040 1496.7
1100050 1496.1
1100060 1495.0
1100070 1495.0
1100080 1493.9
1100090 1493.2
1100100 1493.2
1100110 1493.2
1100120 1493.2
1100130 1492.5
1100140 1492.5
1100150 1499.1
1100160 1498.6
1100170 1498.6
1100180 1496.7
1100190 1494.0
1100200 1494.0
1100210 1492.6
1100220 1491.6
1100230 1491.6
1100240 1490.2
1100250 1488.1
1100260 1488.1
1100270 1484.9
1100280 1481.7
1100290 1481.7
1100300 1480.8
1100310 1478.4
1100320 1478.4
1100330 1475.7
1100340 1471.4
1100350 1467.6
1100360 1467.6
1100370 1463.6
1100380 1457.5
1100390 1457.5
1100400 1452.2
1100410 1451.5
1100420 1451.5
1100430 1449.6
1100440 1445.8
1100450 1445.8
1100460 1437.4
1100470 1427.4
1100480 1433.7
1100490 1430.0
1100500 1423.0
1100510 1423.0
1100520 1413.6
1100530 1400.4
1100540 1400.4
1100550 1389.6
1100560 1396.3
1100570 1396.3
1100580 1408.4
1100590 1413.3
1100600 1413.3
1100610 1420.3
1100620 1425.8
1100630 1423.2
1100640 1423.2
1100650 1416.5
1100660 1417.4
1100670 1417.4
1100680 1426.3
1100690 1435.0
1100700 1435.0
1100710 1442.3
1100720 1448.5
1100730 1448.5
1100740 1453.3
1100750 1454.3
1100760 1454.3
1100770 1455.1
1100780 1456.4
1100790 1456.4
1100800 1458.9
1100810 1469.9
1100820 1469.9
1100830 1474.1
1100840 1476.1
1100850 1476.1
1100860 1478.2
1100870 1484.1
1100880 1489.0
1100890 1489.0
1100900 1492.8
1100910 1499.0
1100920 1499.0
1100930 1506.6
1100940 1512.3
1100950 1512.3
1100960 1519.6
1100970 1527.7
1100980 1527.7
1100990 1536.1
1101000 1544.6
1101010 1544.6
1101020 1551.3
1101030 1557.7
1101040 1557.7
1101050 1564.4
1101060 1571.5
1101070 1571.5
1101080 1578.8
1101090 1586.2
1101100 1586.2
1101110 1591.2
1101120 1595.6
1101130 1599.6
1101140 1603.0
1101150 1607.5
1101160 1612.6
1101170 1612.6
1101180 1618.6
1101190 1624.5
1101200 1624.5
1101210 1630.5
1101220 1637.3
1101230 1637.3
1101240 1642.8
1101250 1646.9
1101260 1646.9
1101270 1652.8
1101280 1658.4
1101290 1658.4
1101300 1662.5
1101310 1666.2
1101320 1666.2
1101330 1669.1
1101340 1671.1
1101350 1671.1
1101360 1673.2
1101370 1673.2
1101380 1673.2
1101390 1671.9
1101400 1669.1
1101410 1667.2
1101420 1667.2
1101430 1666.5
1101440 1666.4
1101450 1666.4
1101460 1665.8
1101470 1664.7
1101480 1672.4
1101490 1669.1
1101500 1663.6
1101510 1663.6
1101520 1659.3
1101530 1654.7
1101540 1654.7
1101550 1651.1
1101560 1647.6
1101570 1647.6
1101580 1644.3
1101590 1640.0
1101600 1640.0
1101610 1634.9
1101620 1629.6
1101630 1629.6
1101640 1625.4
1101650 1621.7
1101660 1617.6
1101670 1617.6
1101680 1613.4
1101690 1609.1
1101700 1609.1
1101710 1604.8
1101720 1600.0
1101730 1600.0
1101740 1596.7
1101750 1592.9
1101760 1592.9
1101770 1588.5
1101780 1585.9
1101790 1585.9
1101800 1585.2
1101810 1592.1
1101820 1592.1
1101830 1590.3
1101840 1587.3
1101850 1587.3
1101860 1584.8
1101870 1583.7
1101880 1583.7
1101890 1582.7
1101900 1581.7
1101910 1580.0
1101920 1580.0
1101930 1579.7
1101940 1578.7
1101950 1578.7
1101960 1576.5
1101970 1573.5
1101980 1573.5
1101990 1569.9
1102000 1565.9
1102010 1565.9
1102020 1561.8
1102030 1557.5
1102040 1557.5
1102050 1552.9
1102060 1547.8
1102070 1547.8
1102080 1543.1
1102090 1540.5
1102100 1540.5
1102110 1539.4
1102120 1537.6
1102130 1537.6
1102140 1540.9
1102150 1539.9
1102160 1539.0
1102170 1539.0
1102180 1538.7
1102190 1538.7
1102200 1538.7
1102210 1537.7
1102220 1537.4
1102230 1537.4
1102240 1536.8
1102250 1536.0
1102260 1536.0
1102270 1536.6
1102280 1536.0
1102290 1536.0
1102300 1533.2
1102310 1529.7
1102320 1529.7
1102330 1528.3
1102340 1528.4
1102350 1528.4
1102360 1529.4
1102370 1531.8
1102380 1531.8
1102390 1535.6
1102400 1541.6
1102410 1541.6
1102420 1547.6
1102430 1553.3
1102440 1559.0
1102450 1559.0
1102460 1564.3
1102470 1575.2
1102480 1575.2
1102490 1582.1
1102500 1589.6
1102510 1589.6
1102520 1596.6
1102530 1604.9
1102540 1604.9
1102550 1611.8
1102560 1620.6
1102570 1620.6
1102580 1625.9
1102590 1629.4
1102600 1629.4
1102610 1634.2
1102620 1638.0
1102630 1638.0
1102640 1640.0
1102650 1642.0
1102660 1642.0
1102670 1643.5
1102680 1644.2
1102690 1643.4
1102700 1643.4
1102710 1642.4
1102720 1642.0
1102730 1642.0
1102740 1644.2
1102750 1648.1
1102760 1648.1
1102770 1652.2
1102780 1656.9
1102790 1656.9
1102800 1661.9
1102810 1663.7
1102820 1663.7
1102830 1670.0
1102840 1677.4
1102850 1677.4
1102860 1685.5
1102870 1693.0
1102880 1693.0
1102890 1700.2
1102900 1706.1
1102910 1706.1
1102920 1711.6
1102930 1715.6
1102940 1718.2
1102950 1718.2
1102960 1719.5
1102970 1721.2
1102980 1721.2
1102990 1722.9
1103000 1726.4
1103010 1726.4
1103020 1728.9
1103030 1730.9
1103040 1730.9
1103050 1732.9
1103060 1735.5
1103070 1735.5
1103080 1737.4
1103090 1739.5
1103100 1739.5
1103110 1742.1
1103120 1744.9
1103130 1744.9
1103140 1742.6
1103150 1741.8
1103160 1741.8
1103170 1741.1
1103180 1739.9
1103190 1738.4
1103200 1738.4
1103210 1737.3
1103220 1736.4
1103230 1736.4
1103240 1734.8
1103250 1734.2
1103260 1734.2
1103270 1734.6
1103280 1736.0
1103290 1736.0
1103300 1737.1
1103310 1739.0
1103320 1739.0
1103330 1743.3
1103340 1750.5
1103350 1750.5
1103360 1758.8
1103370 1769.0
1103380 1769.0
1103390 1778.0
1103400 1785.3
1103410 1785.3
1103420 1792.0
1103430 1799.3
1103440 1799.3
1103450 1806.9
1103460 1814.8
1103470 1830.1
1103480 1830.1
1103490 1847.4
1103500 1853.4
1103510 1853.4
1103520 1855.4
1103530 1851.6
1103540 1851.6
1103550 1846.4
1103560 1839.5
1103570 1839.5
1103580 1832.7
1103590 1823.8
1103600 1823.8
1103610 1816.7
1103620 1804.9
1103630 1804.9
1103640 1782.9
1103650 1767.6
1103660 1767.6
1103670 1757.5
1103680 1751.0
1103690 1751.0
1103700 1747.8
1103710 1745.2
1103720 1742.7
1103730 1742.7
1103740 1740.2
1103750 1737.6
1103760 1737.6
1103770 1735.5
1103780 1734.6
1103790 1734.6
1103800 1734.3
1103810 1740.7
1103820 1740.7
1103830 1742.4
1103840 1741.0
1103850 1741.0
1103860 1740.8
1103870 1741.2
1103880 1741.2
1103890 1740.9
1103900 1740.0
1103910 1740.0
1103920 1739.6
1103930 1739.2
1103940 1739.2
1103950 1739.8
1103960 1741.0
1103970 1741.7
1103980 1741.7
1103990 1742.4
1104000 1743.1
1104010 1743.1
1104020 1745.0
1104030 1748.1
1104040 1748.1
1104050 1751.0
1104060 1754.2
1104070 1754.2
1104080 1758.3
1104090 1763.9
1104100 1763.9
1104110 1771.8
1104120 1771.1
1104130 1771.1
1104140 1771.7
1104150 1769.9
1104160 1769.9
1104170 1763.7
1104180 1760.3
1104190 1760.3
1104200 1759.2
1104210 1760.0
1104220 1761.2
1104230 1761.2
1104240 1761.3
1104250 1760.9
1104260 1760.9
1104270 1760.6
1104280 1761.6
1104290 1761.6
1104300 1763.4
1104310 1763.6
1104320 1763.6
1104330 1762.6
1104340 1760.9
1104350 1760.9
1104360 1759.9
1104370 1758.8
1104380 1758.8
1104390 1756.4
1104400 1755.6
1104410 1755.6
1104420 1756.4
1104430 1765.2
1104440 1765.2
1104450 1769.4
1104460 1763.7
1104470 1776.6
1104480 1760.8
1104490 1748.6
1104500 1743.4
1104510 1743.4
1104520 1738.9
1104530 1736.7
1104540 1736.7
1104550 1734.5
1104560 1732.1
1104570 1732.1
1104580 1728.0
1104590 1726.2
1104600 1726.2
1104610 1722.8
1104620 1719.9
1104630 1719.9
1104640 1716.4
1104650 1713.3
1104660 1713.3
1104670 1710.4
1104680 1706.4
1104690 1706.4
1104700 1701.5
1104710 1697.6
1104720 1697.6
1104730 1693.3
1104740 1689.3
1104750 1685.8
1104760 1685.8
1104770 1683.2
1104780 1680.6
1104790 1680.6
1104800 1676.9
1104810 1677.5
1104820 1677.5
1104830 1674.7
1104840 1671.9
1104850 1671.9
1104860 1669.1
1104870 1666.6
1104880 1666.6
1104890 1664.0
1104900 1661.4
1104910 1661.4
1104920 1660.3
1104930 1658.5
1104940 1658.5
1104950 1658.1
1104960 1658.4
1104970 1658.4
1104980 1660.4
1104990 1659.2
1105000 1657.6
1105010 1657.6
1105020 1655.6
1105030 1657.1
1105040 1657.1
1105050 1661.9
1105060 1664.3
1105070 1664.3
1105080 1665.8
1105090 1666.7
1105100 1666.7
1105110 1668.1
1105120 1669.7
1105130 1669.7
1105140 1673.1
1105150 1673.6
1105160 1673.6
1105170 1675.3
1105180 1677.3
1105190 1677.3
1105200 1679.3
1105210 1680.0
1105220 1680.0
1105230 1677.9
1105240 1674.9
1105250 1674.9
1105260 1674.4
1105270 1676.9
1105280 1676.6
1105290 1676.6
1105300 1675.9
1105310 1677.1
1105320 1677.1
1105330 1677.3
1105340 1675.8
1105350 1675.8
1105360 1674.1
1105370 1672.7
1105380 1672.7
1105390 1671.6
1105400 1670.5
1105410 1670.5
1105420 1669.3
1105430 1671.0
1105440 1671.0
1105450 1673.5
1105460 1676.7
1105470 1676.7
1105480 1683.3
1105490 1688.0
1105500 1688.0
1105510 1692.3
1105520 1695.9
1105530 1700.5
1105540 1700.5
1105550 1706.2
1105560 1712.0
1105570 1712.0
1105580 1716.9
1105590 1719.6
1105600 1719.6
1105610 1720.8
1105620 1720.8
1105630 1720.8
1105640 1720.3
1105650 1721.2
1105660 1721.2
1105670 1722.1
1105680 1723.2
1105690 1723.2
1105700 1723.5
1105710 1724.3
1105720 1724.3
1105730 1727.2
1105740 1730.4
1105750 1730.4
1105760 1736.1
1105770 1740.8
1105780 1744.8
1105790 1744.8
1105800 1748.3
1105810 1752.5
1105820 1752.0
1105830 1755.5
1105840 1758.3
1105850 1758.3
1105860 1761.5
1105870 1764.8
1105880 1764.8
1105890 1768.6
1105900 1772.1
1105910 1772.1
1105920 1775.0
1105930 1777.9
1105940 1777.9
1105950 1780.1
1105960 1782.6
1105970 1782.6
1105980 1785.8
1105990 1787.8
1106000 1787.8
1106010 1790.9
1106020 1793.2
1106030 1794.5
1106040 1794.5
1106050 1796.4
1106060 1798.4
1106070 1798.4
1106080 1800.8
1106090 1804.0
1106100 1804.0
1106110 1808.1
1106120 1813.9
1106130 1813.9
1106140 1820.1
1106150 1825.1
1106160 1825.1
1106170 1830.2
1106180 1826.3
1106190 1826.3
1106200 1816.7
1106210 1807.7
1106220 1807.7
1106230 1798.4
1106240 1791.4
1106250 1791.4
1106260 1787.9
1106270 1783.3
1106280 1783.3
1106290 1771.9
1106300 1761.7
1106310 1753.5
1106320 1753.5
1106330 1745.8
1106340 1737.8
1106350 1737.8
1106360 1731.0
1106370 1723.6
1106380 1723.6
1106390 1717.1
1106400 1708.5
1106410 1708.5
1106420 1702.4
1106430 1697.1
1106440 1697.1
1106450 1690.4
1106460 1684.6
1106470 1684.6
1106480 1678.3
1106490 1671.5
1106500 1671.5
1106510 1665.4
1106520 1659.6
1106530 1659.6
1106540 1653.6
1106550 1647.7
1106560 1642.1
1106570 1642.1
1106580 1636.5
1106590 1630.8
1106600 1630.8
1106610 1624.9
1106620 1619.1
1106630 1619.1
1106640 1612.9
1106650 1606.9
1106660 1606.9
1106670 1600.8
1106680 1594.7
1106690 1594.7
1106700 1588.9
1106710 1583.1
1106720 1583.1
1106730 1577.3
1106740 1571.6
1106750 1571.6
1106760 1566.0
1106770 1560.5
1106780 1560.5
1106790 1555.2
1106800 1549.8
1106810 1544.7
1106820 1544.2
1106830 1539.0
1106840 1534.5
1106850 1534.5
1106860 1530.3
1106870 1526.9
1106880 1526.9
1106890 1523.9
1106900 1521.3
1106910 1521.3
1106920 1518.8
1106930 1516.9
1106940 1516.9
1106950 1515.0
1106960 1512.3
1106970 1512.3
1106980 1509.6
1106990 1505.7
1107000 1505.7
1107010 1501.1
1107020 1497.0
1107030 1497.0
1107040 1493.8
1107050 1490.6
1107060 1488.3
1107070 1488.3
1107080 1485.1
1107090 1479.8
1107100 1479.8
1107110 1473.5
1107120 1468.0
1107130 1468.0
1107140 1464.8
1107150 1462.3
1107160 1461.0
1107170 1458.0
1107180 1454.7
1107190 1454.7
1107200 1450.9
1107210 1445.8
1107220 1445.8
1107230 1440.8
1107240 1435.6
1107250 1435.6
1107260 1429.7
1107270 1422.6
1107280 1422.6
1107290 1415.9
1107300 1410.0
1107310 1410.0
1107320 1405.0
1107330 1400.1
1107340 1395.0
1107350 1395.0
1107360 1389.6
1107370 1383.5
1107380 1383.5
1107390 1377.1
1107400 1370.8
1107410 1370.8
1107420 1364.3
1107430 1356.9
1107440 1356.9
1107450 1349.0
1107460 1340.7
1107470 1340.7
1107480 1333.7
1107490 1327.6
1107500 1330.4
1107510 1323.5
1107520 1316.3
1107530 1316.3
1107540 1309.2
1107550 1302.8
1107560 1302.8
1107570 1297.0
1107580 1288.9
1107590 1280.7
1107600 1280.7
1107610 1273.4
1107620 1265.9
1107630 1265.9
1107640 1257.9
1107650 1250.1
1107660 1250.1
1107670 1246.1
1107680 1245.8
1107690 1245.8
1107700 1245.4
1107710 1245.4
1107720 1245.4
1107730 1245.0
1107740 1242.5
1107750 1242.5
1107760 1239.7
1107770 1238.7
1107780 1238.7
1107790 1237.9
1107800 1240.7
1107810 1240.7
1107820 1247.5
1107830 1249.1
1107840 1251.7
1107850 1251.7
1107860 1254.0
1107870 1256.2
1107880 1256.2
1107890 1258.2
1107900 1260.0
1107910 1260.0
1107920 1262.3
1107930 1264.4
1107940 1264.4
1107950 1266.5
1107960 1268.9
1107970 1268.9
1107980 1271.4
1107990 1272.5
1108000 1272.5
1108010 1274.6
1108020 1277.5
1108030 1277.5
1108040 1279.9
1108050 1281.8
1108060 1281.8
1108070 1283.7
1108080 1285.6
1108090 1287.3
1108100 1287.3
1108110 1289.5
1108120 1291.8
1108130 1291.8
1108140 1295.1
1108150 1298.3
1108160 1298.3
1108170 1301.8
1108180 1303.9
1108190 1303.9
1108200 1305.4
1108210 1308.4
1108220 1308.4
1108230 1310.8
1108240 1312.8
1108250 1312.8
1108260 1315.2
1108270 1317.7
1108280 1317.7
1108290 1319.9
1108300 1322.3
1108310 1322.3
1108320 1324.8
1108330 1327.1
1108340 1327.1
1108350 1329.8
1108360 1332.8
1108370 1336.0
1108380 1336.0
1108390 1337.9
1108400 1339.0
1108410 1339.0
1108420 1340.8
1108430 1341.8
1108440 1341.8
1108450 1344.5
1108460 1346.2
1108470 1346.2
1108480 1347.0
1108490 1348.1
1108500 1348.1
1108510 1352.9
1108520 1355.1
1108530 1355.1
1108540 1357.7
1108550 1364.3
1108560 1364.3
1108570 1370.5
1108580 1376.9
1108590 1376.9
1108600 1382.6
1108610 1387.9
1108620 1391.5
1108630 1391.5
1108640 1394.9
1108650 1397.9
1108660 1397.9
1108670 1400.5
1108680 1403.5
1108690 1403.5
1108700 1407.3
1108710 1412.2
1108720 1412.2
1108730 1417.5
1108740 1424.6
1108750 1424.6
1108760 1433.3
1108770 1442.5
1108780 1442.5
1108790 1450.3
1108800 1457.9
1108810 1457.9
1108820 1466.5
1108830 1474.8
1108840 1474.8
1108850 1471.3
1108860 1474.4
1108870 1477.1
1108880 1477.1
1108890 1481.7
1108900 1487.1
1108910 1487.1
1108920 1493.3
1108930 1499.7
1108940 1499.7
1108950 1506.2
1108960 1512.2
1108970 1512.2
1108980 1518.5
1108990 1523.1
1109000 1523.1
1109010 1526.6
1109020 1530.8
1109030 1530.8
1109040 1535.8
1109050 1540.7
1109060 1540.7
1109070 1546.4
1109080 1552.4
1109090 1552.4
1109100 1559.2
1109110 1572.4
1109120 1586.7
1109130 1586.7
1109140 1599.0
1109150 1605.1
1109160 1605.1
1109170 1611.9
1109180 1620.0
1109190 1621.6
1109200 1629.8
1109210 1637.7
1109220 1637.7
1109230 1646.2
1109240 1655.4
1109250 1655.4
1109260 1665.5
1109270 1676.3
1109280 1676.3
1109290 1694.3
1109300 1709.7
1109310 1709.7
1109320 1716.1
1109330 1731.4
1109340 1731.4
1109350 1749.7
1109360 1758.7
1109370 1758.7
1109380 1759.1
1109390 1756.4
1109400 1755.9
1109410 1755.9
1109420 1760.9
1109430 1776.4
1109440 1776.4
1109450 1793.8
1109460 1806.4
1109470 1806.4
1109480 1812.4
1109490 1812.5
1109500 1812.5
1109510 1816.7
1109520 1832.1
1109530 1835.3
1109540 1846.7
1109550 1864.7
1109560 1864.7
1109570 1883.8
1109580 1892.5
1109590 1892.5
1109600 1896.9
1109610 1911.5
1109620 1911.5
1109630 1931.5
1109640 1947.3
1109650 1957.3
1109660 1957.3
1109670 1965.0
1109680 1972.4
1109690 1972.4
1109700 1983.6
1109710 2002.7
1109720 2002.7
1109730 2015.5
1109740 2029.6
1109750 2029.6
1109760 2043.0
1109770 2051.8
1109780 2051.8
1109790 2051.9
1109800 2050.4
1109810 2050.4
1109820 2049.0
1109830 2048.8
1109840 2048.8
1109850 2049.5
1109860 2050.7
1109870 2059.0
1109880 2059.6
1109890 2059.6
1109900 2060.2
1109910 2060.2
1109920 2064.5
1109930 2078.6
1109940 2078.6
1109950 2083.5
1109960 2087.1
1109970 2087.1
1109980 2089.6
1109990 2093.7
1110000 2093.7
1110010 2098.2
1110020 2110.3
1110030 2110.3
1110040 2121.6
1110050 2125.5
1110060 2125.5
1110070 2118.7
1110080 2106.4
1110090 2106.4
1110100 2093.5
1110110 2082.8
1110120 2082.8
1110130 2075.0
1110140 2067.4
1110150 2060.1
1110160 2060.1
1110170 2055.5
1110180 2051.9
1110190 2051.9
1110200 2049.1
1110210 2055.7
1110220 2055.7
1110230 2052.7
1110240 2052.6
1110250 2052.6
1110260 2036.7
1110270 2026.9
1110280 2026.9
1110290 2017.5
1110300 1999.5
1110310 1999.5
1110320 1991.4
1110330 1985.6
1110340 1985.6
1110350 1979.7
1110360 1973.5
1110370 1973.5
1110380 1966.9
1110390 1961.7
1110400 1961.7
1110410 1957.7
1110420 1953.3
1110430 1948.8
1110440 1948.8
1110450 1944.4
1110460 1939.9
1110470 1939.9
1110480 1935.5
1110490 1931.3
1110500 1931.3
1110510 1927.4
1110520 1923.7
1110530 1923.7
1110540 1920.9
1110550 1920.8
1110560 1920.8
1110570 1918.8
1110580 1916.6
1110590 1916.6
1110600 1913.9
1110610 1911.3
1110620 1911.3
1110630 1906.5
1110640 1901.0
1110650 1901.0
1110660 1899.4
1110670 1901.9
1110680 1902.9
1110690 1902.9
1110700 1903.2
1110710 1901.4
1110720 1901.4
1110730 1898.4
1110740 1897.1
1110750 1897.1
1110760 1895.0
1110770 1894.6
1110780 1894.6
1110790 1893.4
1110800 1893.9
1110810 1893.9
1110820 1895.0
1110830 1894.2
1110840 1894.2
1110850 1888.9
1110860 1883.8
1110870 1883.8
1110880 1879.7
1110890 1880.3
1110900 1880.3
1110910 1875.7
1110920 1871.7
1110930 1869.5
1110940 1869.5
1110950 1868.9
1110960 1870.8
1110970 1870.8
1110980 1869.7
1110990 1870.8
1111000 1870.8
1111010 1871.2
1111020 1872.2
1111030 1872.2
1111040 1870.9
1111050 1867.8
1111060 1867.8
1111070 1864.7
1111080 1863.4
1111090 1863.4
1111100 1860.5
1111110 1860.0
1111120 1860.0
1111130 1858.2
1111140 1854.0
1111150 1854.0
1111160 1849.3
1111170 1847.7
1111180 1846.5
1111190 1846.5
1111200 1843.6
1111210 1841.7
1111220 1841.7
1111230 1845.9
1111240 1844.7
1111250 1844.7
1111260 1848.3
1111270 1852.4
1111280 1852.4
1111290 1855.2
1111300 1856.9
1111310 1856.9
1111320 1856.0
1111330 1857.2
1111340 1857.2
1111350 1856.4
1111360 1856.2
1111370 1856.2
1111380 1854.4
1111390 1854.2
1111400 1854.2
1111410 1852.1
1111420 1850.8
1111430 1850.8
1111440 1848.4
1111450 1845.7
1111460 1842.6
1111470 1842.6
1111480 1840.2
1111490 1838.8
1111500 1838.8
1111510 1836.7
1111520 1834.1
1111530 1834.1
1111540 1833.9
1111550 1837.9
1111560 1837.9
1111570 1844.1
1111580 1843.1
1111590 1843.1
1111600 1841.6
1111610 1842.0
1111620 1842.0
1111630 1841.6
1111640 1842.0
1111650 1842.0
1111660 1844.6
1111670 1847.1
1111680 1847.1
1111690 1850.9
1111700 1853.4
1111710 1853.3
1111720 1853.3
1111730 1850.2
1111740 1851.3
1111750 1851.3
1111760 1853.3
1111770 1854.8
1111780 1854.8
1111790 1855.0
1111800 1857.7
1111810 1857.7
1111820 1862.3
1111830 1864.3
1111840 1864.3
1111850 1864.2
1111860 1862.9
1111870 1862.9
1111880 1862.9
1111890 1862.3
1111900 1862.3
1111910 1866.7
1111920 1868.3
1111930 1868.3
1111940 1872.4
1111950 1874.5
1111960 1874.8
1111970 1874.8
1111980 1876.8
1111990 1879.6
1112000 1879.6
1112010 1881.9
1112020 1883.3
1112030 1883.3
1112040 1882.1
1112050 1879.8
1112060 1879.8
1112070 1879.3
1112080 1877.4
1112090 1877.4
1112100 1875.9
1112110 1873.0
1112120 1873.0
1112130 1872.8
1112140 1877.1
1112150 1877.1
1112160 1879.9
1112170 1884.5
1112180 1884.5
1112190 1886.4
1112200 1888.7
1112210 1893.2
1112220 1893.2
1112230 1895.4
1112240 1895.7
1112250 1903.6
1112260 1904.7
1112270 1906.0
1112280 1906.0
1112290 1907.6
1112300 1908.3
1112310 1908.3
1112320 1901.8
1112330 1901.8
1112340 1901.8
1112350 1905.6
1112360 1907.4
1112370 1907.4
1112380 1910.4
1112390 1909.5
1112400 1909.5
1112410 1906.4
1112420 1907.1
1112430 1907.1
1112440 1911.0
1112450 1916.5
1112460 1916.5
1112470 1919.7
1112480 1920.2
1112490 1920.8
1112500 1920.8
1112510 1921.7
1112520 1922.7
1112530 1922.7
1112540 1923.1
1112550 1921.8
1112560 1921.8
1112570 1918.8
1112580 1917.1
1112590 1922.7
1112600 1920.1
1112610 1918.0
1112620 1918.0
1112630 1920.0
1112640 1922.1
1112650 1922.1
1112660 1921.2
1112670 1920.4
1112680 1920.4
1112690 1918.9
1112700 1919.7
1112710 1919.7
1112720 1922.4
1112730 1926.2
1112740 1927.2
1112750 1927.2
1112760 1925.8
1112770 1924.9
1112780 1924.9
1112790 1927.4
1112800 1928.7
1112810 1928.7
1112820 1927.4
1112830 1926.6
1112840 1926.6
1112850 1928.3
1112860 1929.1
1112870 1929.1
1112880 1931.3
1112890 1930.9
1112900 1930.9
1112910 1935.0
1112920 1938.2
1112930 1944.1
1112940 1947.0
1112950 1949.1
1112960 1949.1
1112970 1957.3
1112980 1962.4
1112990 1965.2
1113000 1965.2
1113010 1965.5
1113020 1967.2
1113030 1967.2
1113040 1968.7
1113050 1969.3
1113060 1969.3
1113070 1970.2
1113080 1971.6
1113090 1971.6
1113100 1971.7
1113110 1971.2
1113120 1971.2
1113130 1971.7
1113140 1970.9
1113150 1970.9
1113160 1972.7
1113170 1974.6
1113180 1974.6
1113190 1979.2
1113200 1981.3
1113210 1981.3
1113220 1983.7
1113230 1986.3
1113240 1987.2
1113250 1987.2
1113260 1993.2
1113270 1997.9
1113280 1999.9
1113290 2004.0
1113300 2006.5
1113310 2006.5
1113320 2007.8
1113330 2012.2
1113340 2012.2
1113350 2018.0
1113360 2022.8
1113370 2022.8
1113380 2026.9
1113390 2030.4
1113400 2030.4
1113410 2034.6
1113420 2038.1
1113430 2038.1
1113440 2041.3
1113450 2043.2
1113460 2043.2
1113470 2045.9
1113480 2048.2
1113490 2048.2
1113500 2051.1
1113510 2052.7
1113520 2054.3
1113530 2054.3
1113540 2056.8
1113550 2061.6
1113560 2061.6
1113570 2066.2
1113580 2071.4
1113590 2071.4
1113600 2076.2
1113610 2078.6
1113620 2075.4
1113630 2077.6
1113640 2079.5
1113650 2079.5
1113660 2079.7
1113670 2081.2
1113680 2081.2
1113690 2081.7
1113700 2082.4
1113710 2082.4
1113720 2085.8
1113730 2091.8
1113740 2091.8
1113750 2096.8
1113760 2099.8
1113770 2100.0
1113780 2100.0
1113790 2097.8
1113800 2098.6
1113810 2098.6
1113820 2104.1
1113830 2108.9
1113840 2108.9
1113850 2114.4
1113860 2118.6
1113870 2118.6
1113880 2121.9
1113890 2124.2
1113900 2124.2
1113910 2125.5
1113920 2129.7
1113930 2129.7
1113940 2133.2
1113950 2138.3
1113960 2138.5
1113970 2146.0
1113980 2153.3
1113990 2153.3
1114000 2159.8
1114010 2165.3
1114020 2169.3
1114030 2169.3
1114040 2172.4
1114050 2173.3
1114060 2173.3
1114070 2174.8
1114080 2177.3
1114090 2177.3
1114100 2177.3
1114110 2178.7
1114120 2178.7
1114130 2183.5
1114140 2189.6
1114150 2189.6
1114160 2198.5
1114170 2209.1
1114180 2209.1
1114190 2215.9
1114200 2219.3
1114210 2219.3
1114220 2219.7
1114230 2219.1
1114240 2219.1
1114250 2220.6
1114260 2225.0
1114270 2227.3
1114280 2227.3
1114290 2228.4
1114300 2230.3
1114310 2233.2
1114320 2235.8
1114330 2238.1
1114340 2238.1
1114350 2239.4
1114360 2242.4
1114370 2242.4
1114380 2245.4
1114390 2247.0
1114400 2247.0
1114410 2248.7
1114420 2250.1
1114430 2250.1
1114440 2250.5
1114450 2251.1
1114460 2251.1
1114470 2251.5
1114480 2250.8
1114490 2250.8
1114500 2250.0
1114510 2250.5
1114520 2247.8
1114530 2247.8
1114540 2246.1
1114550 2244.8
1114560 2244.8
1114570 2244.3
1114580 2242.3
1114590 2242.3
1114600 2240.4
1114610 2242.5
1114620 2242.5
1114630 2245.6
1114640 2248.5
1114650 2248.3
1114660 2249.5
1114670 2252.4
1114680 2252.4
1114690 2256.3
1114700 2257.3
1114710 2257.3
1114720 2258.1
1114730 2258.4
1114740 2258.4
1114750 2259.5
1114760 2258.0
1114770 2258.0
1114780 2255.4
1114790 2254.0
1114800 2252.2
1114810 2252.2
1114820 2251.4
1114830 2251.2
1114840 2251.2
1114850 2251.0
1114860 2251.7
1114870 2251.7
1114880 2255.2
1114890 2257.3
1114900 2257.3
1114910 2261.0
1114920 2268.0
1114930 2268.0
1114940 2274.1
1114950 2278.2
1114960 2278.2
1114970 2282.9
1114980 2287.4
1114990 2287.5
1115000 2290.4
1115010 2292.7
1115020 2292.7
1115030 2294.6
1115040 2296.2
1115050 2297.3
1115060 2297.3
1115070 2298.6
1115080 2300.7
1115090 2300.7
1115100 2302.0
1115110 2304.1
1115120 2304.1
1115130 2307.7
1115140 2310.5
1115150 2310.5
1115160 2313.1
1115170 2314.9
1115180 2314.9
1115190 2315.4
1115200 2315.8
1115210 2315.8
1115220 2317.5
1115230 2317.4
1115240 2317.4
1115250 2320.6
1115260 2326.2
1115270 2326.2
1115280 2331.8
1115290 2335.9
1115300 2336.1
1115310 2336.1
1115320 2336.8
1115330 2339.2
1115340 2333.0
1115350 2336.7
1115360 2341.0
1115370 2341.0
1115380 2344.7
1115390 2349.0
1115400 2349.0
1115410 2355.5
1115420 2361.4
1115430 2361.4
1115440 2367.3
1115450 2373.0
1115460 2373.0
1115470 2381.8
1115480 2389.7
1115490 2389.7
1115500 2395.8
1115510 2401.5
1115520 2401.5
1115530 2408.2
1115540 2415.2
1115550 2423.7
1115560 2423.7
1115570 2436.3
1115580 2451.2
1115590 2451.2
1115600 2464.5
1115610 2478.6
1115620 2478.6
1115630 2486.8
1115640 2494.4
1115650 2494.4
1115660 2502.5
1115670 2510.3
1115680 2505.8
1115690 2513.5
1115700 2519.7
1115710 2519.7
1115720 2519.1
1115730 2511.2
1115740 2511.2
1115750 2500.9
1115760 2484.1
1115770 2484.1
1115780 2451.6
1115790 2413.4
1115800 2413.4
1115810 2394.4
1115820 2386.4
1115830 2379.0
1115840 2379.0
1115850 2371.7
1115860 2364.8
1115870 2364.8
1115880 2357.9
1115890 2350.8
1115900 2350.8
1115910 2343.9
1115920 2337.1
1115930 2337.1
1115940 2330.2
1115950 2323.2
1115960 2323.2
1115970 2316.9
1115980 2310.9
1115990 2310.9
1116000 2305.6
1116010 2301.7
1116020 2301.7
1116030 2304.7
1116040 2302.6
1116050 2302.6
1116060 2302.8
1116070 2303.4
1116080 2302.9
1116090 2302.9
1116100 2304.1
1116110 2305.1
1116120 2305.1
1116130 2304.3
1116140 2300.6
1116150 2300.6
1116160 2296.7
1116170 2291.1
1116180 2291.1
1116190 2286.5
1116200 2282.5
1116210 2282.5
1116220 2278.5
1116230 2274.7
1116240 2274.7
1116250 2271.9
1116260 2269.0
1116270 2269.0
1116280 2265.7
1116290 2260.7
1116300 2260.7
1116310 2254.9
1116320 2249.1
1116330 2243.6
1116340 2243.6
1116350 2238.7
1116360 2234.2
1116370 2239.7
1116380 2235.6
1116390 2231.5
1116400 2231.5
1116410 2227.4
1116420 2222.5
1116430 2222.5
1116440 2217.9
1116450 2213.2
1116460 2213.2
1116470 2209.1
1116480 2204.0
1116490 2204.0
1116500 2198.4
1116510 2195.3
1116520 2195.3
1116530 2196.9
1116540 2196.7
1116550 2196.7
1116560 2194.2
1116570 2193.4
1116580 2191.4
1116590 2191.4
1116600 2188.8
1116610 2186.1
1116620 2186.1
1116630 2182.9
1116640 2180.7
1116650 2180.7
1116660 2178.4
1116670 2178.4
1116680 2178.4
1116690 2177.2
1116700 2174.3
1116710 2174.3
1116720 2172.6
1116730 2168.7
1116740 2168.7
1116750 2164.7
1116760 2163.0
1116770 2163.0
1116780 2162.2
1116790 2162.9
1116800 2162.9
1116810 2165.3
1116820 2164.2
1116830 2162.8
1116840 2162.8
1116850 2163.5
1116860 2169.7
1116870 2169.7
1116880 2173.5
1116890 2174.3
1116900 2174.3
1116910 2175.3
1116920 2175.7
1116930 2175.7
1116940 2175.6
1116950 2174.8
1116960 2174.8
1116970 2174.2
1116980 2173.2
1116990 2173.2
1117000 2171.4
1117010 2171.2
1117020 2171.2
1117030 2172.0
1117040 2173.0
1117050 2173.0
1117060 2177.7
1117070 2178.9
1117080 2178.9
1117090 2179.8
1117100 2178.9
1117110 2179.1
1117120 2179.1
1117130 2179.5
1117140 2179.1
1117150 2179.1
1117160 2179.3
1117170 2180.8
1117180 2180.8
1117190 2182.5
1117200 2185.2
1117210 2185.2
1117220 2184.7
1117230 2182.6
1117240 2182.6
1117250 2182.0
1117260 2180.4
1117270 2180.4
1117280 2180.1
1117290 2178.4
1117300 2178.4
1117310 2177.1
1117320 2175.2
1117330 2175.2
1117340 2175.3
1117350 2178.0
1117360 2181.0
1117370 2181.0
1117380 2186.5
1117390 2193.0
1117400 2193.0
1117410 2195.4
1117420 2201.7
1117430 2201.7
1117440 2204.7
1117450 2205.7
1117460 2205.7
1117470 2204.7
1117480 2204.4
1117490 2204.4
1117500 2206.3
1117510 2205.7
1117520 2205.7
1117530 2207.3
1117540 2209.0
1117550 2209.0
1117560 2212.3
1117570 2215.2
1117580 2215.2
1117590 2218.0
1117600 2220.8
1117610 2222.4
1117620 2222.4
1117630 2223.2
1117640 2225.2
1117650 2225.2
1117660 2228.2
1117670 2230.2
1117680 2230.2
1117690 2231.5
1117700 2232.0
1117710 2232.0
1117720 2233.2
1117730 2236.2
1117740 2236.2
1117750 2239.8
1117760 2234.0
1117770 2234.0
1117780 2231.6
1117790 2231.4
1117800 2231.4
1117810 2230.2
1117820 2229.2
1117830 2229.2
1117840 2230.4
1117850 2229.7
1117860 2229.8
1117870 2229.8
1117880 2231.3
1117890 2231.0
1117900 2231.0
1117910 2234.4
1117920 2238.7
1117930 2238.7
1117940 2241.7
1117950 2243.7
1117960 2243.7
1117970 2245.4
1117980 2247.2
1117990 2247.2
1118000 2249.1
1118010 2251.0
1118020 2251.0
1118030 2251.5
1118040 2249.9
1118050 2249.9
1118060 2248.7
1118070 2250.2
1118080 2250.2
1118090 2252.4
1118100 2252.6
1118110 2252.6
1118120 2251.8
1118130 2251.2
1118140 2249.8
1118150 2249.8
1118160 2249.6
1118170 2248.8
1118180 2248.8
1118190 2246.9
1118200 2246.7
1118210 2246.7
1118220 2248.1
1118230 2248.3
1118240 2248.3
1118250 2246.9
1118260 2245.5
1118270 2245.5
1118280 2243.7
1118290 2242.5
1118300 2242.5
1118310 2241.9
1118320 2241.8
1118330 2241.8
1118340 2241.2
1118350 2240.9
1118360 2240.9
1118370 2240.7
1118380 2240.6
1118390 2240.4
1118400 2240.4
1118410 2239.9
1118420 2239.9
1118430 2239.9
1118440 2240.5
1118450 2238.8
1118460 2238.8
1118470 2237.2
1118480 2236.1
1118490 2236.1
1118500 2234.2
1118510 2230.3
1118520 2230.3
1118530 2226.0
1118540 2222.7
1118550 2222.7
1118560 2219.6
1118570 2216.0
1118580 2216.0
1118590 2209.9
1118600 2204.5
1118610 2204.5
1118620 2207.7
1118630 2207.6
1118640 2206.0
1118650 2206.0
1118660 2202.8
1118670 2199.4
1118680 2199.4
1118690 2196.0
1118700 2193.8
1118710 2193.8
1118720 2189.7
1118730 2186.0
1118740 2186.0
1118750 2177.4
1118760 2169.4
1118770 2169.4
1118780 2164.6
1118790 2159.2
1118800 2157.5
1118810 2160.8
1118820 2162.9
1118830 2162.9
1118840 2163.6
1118850 2165.1
1118860 2165.1
1118870 2167.6
1118880 2171.7
1118890 2175.4
1118900 2175.4
1118910 2177.7
1118920 2180.0
1118930 2180.0
1118940 2183.4
1118950 2188.1
1118960 2188.1
1118970 2190.9
1118980 2193.0
1118990 2193.0
1119000 2193.4
1119010 2192.7
1119020 2192.7
1119030 2191.0
1119040 2188.8
1119050 2188.8
1119060 2189.3
1119070 2189.2
1119080 2189.2
1119090 2188.0
1119100 2186.8
1119110 2186.8
1119120 2186.9
1119130 2186.4
1119140 2185.1
1119150 2181.8
1119160 2180.6
1119170 2178.6
1119180 2178.6
1119190 2178.5
1119200 2179.6
1119210 2179.6
1119220 2180.3
1119230 2181.6
1119240 2181.6
1119250 2182.2
1119260 2182.6
1119270 2182.6
1119280 2183.1
1119290 2184.1
1119300 2184.1
1119310 2185.3
1119320 2186.7
1119330 2186.7
1119340 2187.5
1119350 2187.7
1119360 2187.7
1119370 2188.1
1119380 2188.5
1119390 2188.5
1119400 2188.8
1119410 2188.8
1119420 2188.1
1119430 2188.1
1119440 2186.7
1119450 2183.3
1119460 2183.3
1119470 2181.8
1119480 2180.7
1119490 2179.1
1119500 2178.3
1119510 2179.0
1119520 2179.0
1119530 2179.4
1119540 2176.3
1119550 2176.3
1119560 2169.6
1119570 2162.1
1119580 2162.1
1119590 2155.9
1119600 2152.1
1119610 2152.1
1119620 2146.9
1119630 2141.9
1119640 2141.9
1119650 2135.9
1119660 2130.5
1119670 2127.5
1119680 2127.5
1119690 2124.1
1119700 2120.5
1119710 2120.5
1119720 2117.1
1119730 2114.0
1119740 2114.0
1119750 2111.2
1119760 2108.4
1119770 2108.4
1119780 2104.9
1119790 2102.0
1119800 2102.0
1119810 2098.8
1119820 2094.7
1119830 2094.7
1119840 2093.3
1119850 2090.2
1119860 2090.2
1119870 2085.2
1119880 2081.1
1119890 2081.1
1119900 2078.8
1119910 2076.5
1119920 2072.4
1119930 2072.4
1119940 2066.3
1119950 2059.2
1119960 2059.2
1119970 2053.8
1119980 2049.9
1119990 2049.9
