1100000 1107.5
1100010 1107.5
1100020 1110.8
1100030 1117.7
1100040 1117.7
1100050 1118.0
1100060 1119.6
1100070 1119.0
1100080 1119.0
1100090 1117.0
1100100 1114.8
1100110 1114.8
1100120 1107.3
1100130 1100.0
1100140 1100.0
1100150 1101.5
1100160 1103.3
1100170 1103.3
1100180 1098.5
1100190 1093.2
1100200 1093.2
1100210 1087.8
1100220 1082.8
1100230 1082.8
1100240 1074.3
1100250 1063.2
1100260 1063.2
1100270 1050.9
1100280 1040.5
1100290 1046.1
1100300 1043.0
1100310 1052.6
1100320 1063.4
1100330 1063.4
1100340 1072.4
1100350 1081.9
1100360 1081.9
1100370 1091.0
1100380 1101.0
1100390 1101.0
1100400 1111.4
1100410 1119.7
1100420 1119.7
1100430 1126.3
1100440 1128.8
1100450 1128.8
1100460 1127.0
1100470 1126.1
1100480 1126.1
1100490 1124.7
1100500 1120.9
1100510 1120.9
1100520 1119.8
1100530 1121.0
1100540 1121.0
1100550 1124.8
1100560 1134.8
1100570 1134.8
1100580 1146.0
1100590 1153.9
1100600 1161.6
1100610 1161.6
1100620 1160.4
1100630 1168.4
1100640 1168.4
1100650 1178.1
1100660 1188.3
1100670 1188.3
1100680 1197.9
1100690 1207.7
1100700 1207.7
1100710 1216.1
1100720 1223.7
1100730 1223.7
1100740 1231.4
1100750 1239.3
1100760 1239.3
1100770 1244.9
1100780 1250.4
1100790 1250.4
1100800 1256.2
1100810 1263.2
1100820 1263.2
1100830 1270.7
1100840 1276.6
1100850 1283.0
1100860 1283.0
1100870 1288.6
1100880 1293.6
1100890 1293.6
1100900 1298.3
1100910 1304.6
1100920 1304.6
1100930 1310.2
1100940 1315.4
1100950 1319.3
1100960 1324.9
1100970 1330.2
1100980 1330.2
1100990 1334.1
1101000 1338.7
1101010 1338.7
1101020 1343.5
1101030 1349.0
1101040 1349.0
1101050 1354.0
1101060 1357.5
1101070 1357.5
1101080 1360.6
1101090 1363.2
1101100 1365.5
1101110 1365.5
1101120 1367.3
1101130 1368.8
1101140 1368.8
1101150 1370.7
1101160 1371.6
1101170 1371.6
1101180 1372.8
1101190 1374.3
1101200 1374.3
1101210 1375.5
1101220 1376.4
1101230 1376.4
1101240 1377.0
1101250 1377.9
1101260 1377.9
1101270 1378.9
1101280 1381.1
1101290 1381.1
1101300 1381.0
1101310 1382.1
1101320 1382.1
1101330 1383.1
1101340 1384.5
1101350 1384.5
1101360 1385.2
1101370 1386.6
1101380 1387.6
1101390 1387.6
1101400 1388.9
1101410 1390.8
1101420 1390.8
1101430 1392.5
1101440 1393.5
1101450 1393.5
1101460 1394.3
1101470 1396.3
1101480 1396.3
1101490 1398.6
1101500 1401.0
1101510 1401.0
1101520 1402.5
1101530 1402.5
1101540 1402.5
1101550 1402.0
1101560 1404.3
1101570 1404.3
1101580 1404.0
1101590 1403.2
1101600 1403.2
1101610 1402.8
1101620 1403.2
1101630 1402.5
1101640 1402.5
1101650 1400.3
1101660 1399.6
1101670 1399.6
1101680 1401.2
1101690 1402.8
1101700 1402.8
1101710 1404.8
1101720 1405.5
1101730 1405.5
1101740 1404.3
1101750 1401.2
1101760 1401.2
1101770 1402.9
1101780 1404.7
1101790 1404.7
1101800 1404.2
1101810 1403.2
1101820 1403.2
1101830 1400.4
1101840 1399.7
1101850 1399.7
1101860 1400.2
1101870 1400.6
1101880 1401.1
1101890 1401.1
1101900 1401.2
1101910 1401.3
1101920 1401.3
1101930 1401.6
1101940 1402.1
1101950 1402.7
1101960 1403.3
1101970 1403.6
1101980 1403.6
1101990 1405.0
1102000 1409.3
1102010 1409.3
1102020 1410.3
1102030 1409.5
1102040 1409.5
1102050 1410.6
1102060 1412.8
1102070 1412.8
1102080 1415.6
1102090 1420.4
1102100 1420.4
1102110 1426.3
1102120 1430.2
1102130 1430.2
1102140 1433.3
1102150 1437.8
1102160 1443.7
1102170 1443.7
1102180 1449.7
1102190 1455.2
1102200 1455.2
1102210 1459.2
1102220 1461.2
1102230 1461.2
1102240 1463.1
1102250 1465.7
1102260 1465.7
1102270 1469.2
1102280 1471.1
1102290 1471.1
1102300 1474.4
1102310 1477.7
1102320 1477.7
1102330 1482.1
1102340 1486.7
1102350 1486.7
1102360 1490.6
1102370 1494.5
1102380 1494.5
1102390 1498.6
1102400 1503.2
1102410 1507.7
1102420 1507.7
1102430 1512.8
1102440 1517.4
1102450 1517.4
1102460 1522.5
1102470 1527.1
1102480 1527.1
1102490 1530.7
1102500 1534.7
1102510 1534.7
1102520 1537.9
1102530 1542.5
1102540 1542.5
1102550 1546.2
1102560 1548.6
1102570 1548.6
1102580 1549.8
1102590 1550.6
1102600 1550.6
1102610 1554.4
1102620 1556.9
1102630 1556.9
1102640 1559.5
1102650 1561.7
1102660 1565.0
1102670 1565.0
1102680 1567.9
1102690 1570.4
1102700 1570.4
1102710 1572.3
1102720 1574.0
1102730 1574.0
1102740 1574.8
1102750 1575.8
1102760 1575.8
1102770 1576.8
1102780 1578.0
1102790 1578.0
1102800 1579.8
1102810 1580.2
1102820 1580.2
1102830 1579.3
1102840 1578.4
1102850 1578.4
1102860 1580.6
1102870 1582.1
1102880 1582.1
1102890 1584.2
1102900 1585.5
1102910 1585.5
1102920 1586.6
1102930 1587.1
1102940 1588.3
1102950 1595.4
1102960 1596.1
1102970 1596.2
1102980 1596.2
1102990 1596.6
1103000 1596.9
1103010 1596.9
1103020 1596.4
1103030 1596.3
1103040 1596.3
1103050 1596.6
1103060 1597.1
1103070 1597.1
1103080 1596.8
1103090 1596.4
1103100 1596.4
1103110 1595.8
1103120 1595.0
1103130 1595.0
1103140 1594.3
1103150 1593.4
1103160 1593.4
1103170 1592.1
1103180 1590.4
1103190 1588.6
1103200 1588.6
1103210 1587.6
1103220 1586.0
1103230 1586.0
1103240 1583.4
1103250 1580.6
1103260 1580.6
1103270 1577.6
1103280 1576.8
1103290 1576.8
1103300 1571.9
1103310 1568.2
1103320 1568.2
1103330 1564.7
1103340 1562.2
1103350 1562.2
1103360 1557.9
1103370 1553.2
1103380 1553.2
1103390 1549.4
1103400 1545.6
1103410 1545.6
1103420 1541.2
1103430 1537.4
1103440 1534.6
1103450 1534.6
1103460 1529.3
1103470 1521.6
1103480 1521.6
1103490 1513.4
1103500 1506.3
1103510 1506.3
1103520 1501.6
1103530 1495.7
1103540 1495.7
1103550 1489.5
1103560 1482.6
1103570 1482.6
1103580 1483.2
1103590 1487.0
1103600 1487.0
1103610 1497.3
1103620 1499.8
1103630 1499.8
1103640 1501.5
1103650 1502.3
1103660 1502.3
1103670 1502.6
1103680 1502.5
1103690 1502.5
1103700 1503.1
1103710 1502.4
1103720 1504.1
1103730 1504.1
1103740 1505.0
1103750 1505.1
1103760 1505.1
1103770 1504.3
1103780 1502.6
1103790 1502.6
1103800 1500.5
1103810 1498.1
1103820 1498.1
1103830 1495.2
1103840 1492.1
1103850 1492.1
1103860 1489.1
1103870 1489.6
1103880 1489.6
1103890 1491.9
1103900 1494.3
1103910 1494.3
1103920 1498.5
1103930 1502.7
1103940 1502.7
1103950 1510.9
1103960 1511.4
1103970 1510.3
1103980 1510.3
1103990 1508.3
1104000 1504.6
1104010 1504.6
1104020 1502.4
1104030 1499.0
1104040 1499.0
1104050 1494.1
1104060 1489.0
1104070 1489.0
1104080 1485.2
1104090 1484.4
1104100 1484.4
1104110 1482.0
1104120 1477.0
1104130 1477.0
1104140 1470.4
1104150 1463.3
1104160 1463.3
1104170 1459.8
1104180 1455.5
1104190 1455.5
1104200 1450.2
1104210 1445.7
1104220 1441.3
1104230 1441.3
1104240 1438.6
1104250 1436.4
1104260 1436.4
1104270 1432.9
1104280 1437.3
1104290 1437.3
1104300 1435.6
1104310 1434.1
1104320 1434.1
1104330 1430.5
1104340 1432.3
1104350 1432.3
1104360 1435.4
1104370 1434.3
1104380 1434.3
1104390 1433.1
1104400 1436.0
1104410 1436.0
1104420 1435.4
1104430 1433.1
1104440 1433.1
1104450 1430.0
1104460 1426.8
1104470 1426.8
1104480 1427.2
1104490 1428.3
1104500 1431.1
1104510 1431.1
1104520 1435.3
1104530 1439.7
1104540 1439.7
1104550 1443.6
1104560 1447.6
1104570 1447.6
1104580 1452.0
1104590 1456.0
1104600 1456.0
1104610 1459.2
1104620 1462.8
1104630 1462.8
1104640 1465.7
1104650 1469.4
1104660 1469.4
1104670 1472.4
1104680 1474.8
1104690 1474.8
1104700 1475.0
1104710 1472.5
1104720 1472.5
1104730 1475.1
1104740 1480.6
1104750 1486.9
1104760 1486.9
1104770 1492.4
1104780 1499.8
1104790 1499.8
1104800 1507.0
1104810 1512.4
1104820 1512.4
1104830 1516.5
1104840 1521.8
1104850 1521.8
1104860 1527.1
1104870 1532.4
1104880 1532.4
1104890 1538.1
1104900 1543.6
1104910 1543.6
1104920 1548.8
1104930 1553.1
1104940 1553.1
1104950 1556.5
1104960 1559.1
1104970 1559.1
1104980 1561.6
1104990 1564.0
1105000 1564.9
1105010 1564.9
1105020 1565.5
1105030 1567.8
1105040 1567.8
1105050 1569.9
1105060 1570.9
1105070 1570.9
1105080 1571.2
1105090 1571.5
1105100 1571.5
1105110 1573.7
1105120 1576.4
1105130 1576.4
1105140 1579.6
1105150 1582.4
1105160 1582.4
1105170 1584.9
1105180 1587.5
1105190 1587.5
1105200 1590.3
1105210 1593.2
1105220 1593.2
1105230 1597.3
1105240 1600.6
1105250 1600.6
1105260 1603.6
1105270 1606.6
1105280 1609.6
1105290 1608.5
1105300 1612.4
1105310 1615.9
1105320 1615.9
1105330 1619.6
1105340 1622.8
1105350 1622.8
1105360 1626.7
1105370 1631.1
1105380 1631.1
1105390 1635.5
1105400 1640.8
1105410 1640.8
1105420 1646.1
1105430 1650.5
1105440 1650.5
1105450 1654.1
1105460 1657.1
1105470 1657.1
1105480 1660.0
1105490 1663.0
1105500 1663.0
1105510 1665.5
1105520 1667.8
1105530 1669.9
1105540 1669.9
1105550 1672.6
1105560 1676.1
1105570 1676.1
1105580 1679.6
1105590 1685.0
1105600 1685.0
1105610 1691.8
1105620 1696.2
1105630 1696.2
1105640 1701.7
1105650 1706.9
1105660 1706.9
1105670 1713.1
1105680 1719.2
1105690 1719.2
1105700 1725.5
1105710 1731.2
1105720 1731.2
1105730 1736.7
1105740 1743.4
1105750 1743.4
1105760 1750.1
1105770 1757.1
1105780 1765.0
1105790 1765.0
1105800 1772.6
1105810 1779.2
1105820 1779.2
1105830 1783.9
1105840 1785.0
1105850 1785.0
1105860 1785.6
1105870 1788.0
1105880 1788.0
1105890 1792.1
1105900 1797.5
1105910 1797.5
1105920 1802.7
1105930 1808.4
1105940 1808.4
1105950 1814.4
1105960 1820.8
1105970 1820.8
1105980 1827.5
1105990 1836.1
1106000 1836.1
1106010 1845.5
1106020 1854.3
1106030 1863.2
1106040 1863.2
1106050 1871.7
1106060 1879.0
1106070 1879.0
1106080 1885.7
1106090 1892.6
1106100 1892.6
1106110 1899.3
1106120 1906.2
1106130 1906.2
1106140 1912.8
1106150 1919.9
1106160 1919.9
1106170 1924.6
1106180 1920.1
1106190 1920.1
1106200 1910.0
1106210 1897.6
1106220 1897.6
1106230 1888.2
1106240 1879.9
1106250 1879.9
1106260 1871.9
1106270 1865.9
1106280 1865.9
1106290 1857.6
1106300 1851.9
1106310 1846.0
1106320 1846.0
1106330 1840.4
1106340 1835.2
1106350 1835.2
1106360 1830.1
1106370 1825.0
1106380 1825.0
1106390 1819.2
1106400 1813.2
1106410 1813.2
1106420 1807.4
1106430 1802.6
1106440 1802.6
1106450 1796.9
1106460 1791.4
1106470 1791.4
1106480 1785.9
1106490 1780.7
1106500 1780.7
1106510 1775.9
1106520 1772.3
1106530 1772.3
1106540 1767.6
1106550 1762.4
1106560 1758.8
1106570 1758.8
1106580 1756.4
1106590 1754.1
1106600 1754.1
1106610 1752.2
1106620 1747.8
1106630 1747.5
1106640 1744.9
1106650 1744.4
1106660 1744.4
1106670 1742.9
1106680 1740.5
1106690 1740.5
1106700 1737.1
1106710 1737.5
1106720 1737.5
1106730 1737.6
1106740 1712.3
1106750 1712.3
1106760 1650.5
1106770 1637.6
1106780 1637.6
1106790 1628.0
1106800 1618.2
1106810 1609.8
1106820 1609.8
1106830 1602.7
1106840 1595.4
1106850 1595.4
1106860 1588.5
1106870 1582.4
1106880 1582.4
1106890 1577.3
1106900 1569.7
1106910 1569.7
1106920 1559.9
1106930 1550.3
1106940 1550.3
1106950 1541.9
1106960 1533.6
1106970 1530.8
1106980 1522.1
1106990 1513.1
1107000 1513.1
1107010 1500.8
1107020 1492.5
1107030 1492.5
1107040 1482.2
1107050 1472.6
1107060 1472.6
1107070 1464.6
1107080 1454.9
1107090 1445.4
1107100 1445.4
1107110 1437.8
1107120 1429.9
1107130 1429.9
1107140 1421.5
1107150 1409.5
1107160 1409.5
1107170 1401.3
1107180 1392.6
1107190 1392.6
1107200 1376.6
1107210 1367.3
1107220 1367.3
1107230 1361.1
1107240 1354.9
1107250 1354.9
1107260 1348.5
1107270 1341.8
1107280 1341.8
1107290 1335.2
1107300 1330.7
1107310 1330.7
1107320 1325.0
1107330 1319.3
1107340 1313.1
1107350 1313.1
1107360 1306.5
1107370 1300.2
1107380 1300.2
1107390 1293.5
1107400 1286.8
1107410 1286.8
1107420 1279.6
1107430 1273.6
1107440 1273.6
1107450 1267.9
1107460 1261.9
1107470 1261.9
1107480 1256.0
1107490 1250.5
1107500 1250.5
1107510 1244.8
1107520 1239.4
1107530 1239.4
1107540 1234.2
1107550 1228.7
1107560 1228.7
1107570 1223.4
1107580 1218.4
1107590 1213.4
1107600 1213.4
1107610 1208.5
1107620 1204.0
1107630 1204.0
1107640 1199.9
1107650 1196.0
1107660 1196.0
1107670 1192.1
1107680 1188.6
1107690 1188.6
1107700 1185.1
1107710 1182.5
1107720 1182.5
1107730 1179.3
1107740 1176.2
1107750 1176.2
1107760 1173.2
1107770 1170.1
1107780 1170.1
1107790 1165.4
1107800 1158.7
1107810 1158.7
1107820 1154.8
1107830 1158.6
1107840 1158.6
1107850 1162.4
1107860 1165.1
1107870 1169.1
1107880 1169.1
1107890 1172.0
1107900 1174.8
1107910 1174.8
1107920 1177.0
1107930 1179.9
1107940 1179.9
1107950 1181.7
1107960 1183.6
1107970 1183.6
1107980 1189.2
1107990 1196.9
1108000 1196.9
1108010 1203.5
1108020 1209.6
1108030 1209.6
1108040 1215.2
1108050 1221.0
1108060 1221.0
1108070 1227.1
1108080 1232.0
1108090 1232.0
1108100 1237.1
1108110 1241.7
1108120 1245.9
1108130 1245.9
1108140 1248.7
1108150 1253.3
1108160 1253.3
1108170 1257.9
1108180 1262.5
1108190 1262.5
1108200 1267.0
1108210 1270.4
1108220 1270.4
1108230 1274.0
1108240 1277.5
1108250 1277.5
1108260 1281.2
1108270 1287.9
1108280 1287.9
1108290 1293.5
1108300 1298.9
1108310 1298.9
1108320 1301.5
1108330 1307.6
1108340 1307.6
1108350 1312.6
1108360 1314.6
1108370 1316.6
1108380 1316.6
1108390 1319.8
1108400 1321.9
1108410 1321.9
1108420 1323.2
1108430 1326.3
1108440 1326.3
1108450 1329.3
1108460 1333.5
1108470 1333.5
1108480 1338.1
1108490 1344.5
1108500 1344.5
1108510 1350.3
1108520 1355.5
1108530 1355.5
1108540 1363.1
1108550 1368.7
1108560 1368.7
1108570 1373.6
1108580 1377.3
1108590 1377.3
1108600 1379.4
1108610 1382.6
1108620 1382.6
1108630 1386.3
1108640 1391.1
1108650 1398.0
1108660 1396.8
1108670 1405.9
1108680 1413.8
1108690 1413.8
1108700 1419.2
1108710 1425.7
1108720 1425.7
1108730 1432.7
1108740 1437.4
1108750 1437.4
1108760 1440.8
1108770 1444.4
1108780 1444.4
1108790 1448.2
1108800 1452.2
1108810 1452.2
1108820 1456.1
1108830 1460.6
1108840 1460.6
1108850 1465.9
1108860 1471.3
1108870 1471.3
1108880 1476.6
1108890 1481.6
1108900 1487.3
1108910 1487.3
1108920 1493.2
1108930 1499.1
1108940 1499.1
1108950 1504.9
1108960 1510.8
1108970 1510.8
1108980 1516.9
1108990 1520.9
1109000 1520.9
1109010 1526.7
1109020 1532.5
1109030 1532.5
1109040 1538.1
1109050 1544.0
1109060 1544.0
1109070 1550.1
1109080 1556.9
1109090 1556.9
1109100 1563.3
1109110 1569.5
1109120 1569.5
1109130 1575.5
1109140 1581.0
1109150 1586.9
1109160 1586.9
1109170 1593.4
1109180 1602.9
1109190 1602.9
1109200 1614.0
1109210 1624.9
1109220 1624.9
1109230 1634.6
1109240 1641.8
1109250 1641.8
1109260 1647.9
1109270 1654.2
1109280 1654.2
1109290 1666.3
1109300 1679.6
1109310 1679.6
1109320 1688.4
1109330 1693.8
1109340 1693.8
1109350 1697.9
1109360 1700.4
1109370 1700.4
1109380 1708.1
1109390 1718.3
1109400 1725.3
1109410 1725.3
1109420 1735.5
1109430 1747.4
1109440 1747.4
1109450 1761.4
1109460 1768.8
1109470 1768.8
1109480 1777.6
1109490 1790.1
1109500 1790.1
1109510 1798.8
1109520 1807.8
1109530 1807.8
1109540 1818.5
1109550 1831.3
1109560 1831.3
1109570 1863.3
1109580 1878.0
1109590 1878.0
1109600 1891.1
1109610 1914.5
1109620 1914.5
1109630 1926.7
1109640 1944.3
1109650 1944.3
1109660 1966.7
1109670 1965.0
1109680 1958.2
1109690 1958.2
1109700 1948.4
1109710 1939.7
1109720 1939.7
1109730 1931.6
1109740 1924.0
1109750 1924.0
1109760 1917.8
1109770 1911.6
1109780 1911.6
1109790 1906.7
1109800 1901.3
1109810 1901.3
1109820 1895.0
1109830 1889.5
1109840 1889.5
1109850 1884.4
1109860 1879.7
1109870 1879.7
1109880 1875.0
1109890 1867.9
1109900 1867.9
1109910 1860.9
1109920 1846.6
1109930 1833.3
1109940 1833.3
1109950 1826.0
1109960 1818.7
1109970 1818.7
1109980 1813.0
1109990 1809.1
1110000 1809.1
1110010 1803.4
1110020 1793.9
1110030 1793.9
1110040 1786.3
1110050 1779.5
1110060 1779.5
1110070 1773.9
1110080 1769.6
1110090 1769.6
1110100 1766.9
1110110 1764.4
1110120 1764.4
1110130 1762.6
1110140 1760.2
1110150 1760.2
1110160 1757.1
1110170 1754.2
1110180 1752.4
1110190 1752.4
1110200 1752.5
1110210 1753.7
1110220 1753.7
1110230 1753.8
1110240 1753.0
1110250 1753.0
1110260 1752.7
1110270 1748.4
1110280 1748.4
1110290 1741.3
1110300 1737.8
1110310 1737.8
1110320 1736.3
1110330 1732.6
1110340 1732.6
1110350 1731.9
1110360 1729.7
1110370 1729.7
1110380 1727.2
1110390 1723.0
1110400 1723.0
1110410 1717.8
1110420 1714.2
1110430 1714.2
1110440 1713.6
1110450 1713.6
1110460 1710.7
1110470 1710.7
1110480 1707.8
1110490 1708.0
1110500 1708.0
1110510 1708.1
1110520 1707.6
1110530 1707.6
1110540 1706.2
1110550 1702.9
1110560 1702.9
1110570 1699.4
1110580 1697.6
1110590 1697.6
1110600 1696.0
1110610 1693.9
1110620 1693.9
1110630 1690.9
1110640 1689.0
1110650 1689.0
1110660 1686.4
1110670 1684.2
1110680 1684.2
1110690 1688.0
1110700 1683.9
1110710 1682.7
1110720 1682.7
1110730 1679.2
1110740 1674.9
1110750 1674.9
1110760 1671.0
1110770 1667.4
1110780 1667.4
1110790 1662.9
1110800 1658.2
1110810 1658.2
1110820 1653.6
1110830 1649.1
1110840 1649.1
1110850 1644.7
1110860 1640.9
1110870 1640.9
1110880 1637.9
1110890 1635.1
1110900 1635.1
1110910 1633.3
1110920 1631.8
1110930 1631.8
1110940 1631.5
1110950 1630.5
1110960 1633.1
1110970 1633.1
1110980 1629.9
1110990 1618.3
1111000 1618.3
1111010 1607.5
1111020 1596.8
1111030 1602.4
1111040 1590.8
1111050 1582.3
1111060 1582.3
1111070 1575.1
1111080 1567.1
1111090 1567.1
1111100 1560.5
1111110 1554.6
1111120 1554.6
1111130 1549.6
1111140 1543.4
1111150 1543.4
1111160 1537.6
1111170 1529.8
1111180 1529.8
1111190 1516.9
1111200 1509.4
1111210 1509.4
1111220 1501.8
1111230 1494.2
1111240 1487.0
1111250 1487.0
1111260 1478.9
1111270 1471.6
1111280 1471.6
1111290 1463.4
1111300 1454.8
1111310 1454.8
1111320 1445.9
1111330 1436.7
1111340 1436.7
1111350 1425.2
1111360 1412.4
1111370 1428.9
1111380 1422.6
1111390 1415.3
1111400 1415.3
1111410 1409.5
1111420 1403.7
1111430 1403.7
1111440 1395.6
1111450 1384.7
1111460 1384.7
1111470 1374.7
1111480 1365.7
1111490 1358.7
1111500 1358.7
1111510 1352.0
1111520 1346.9
1111530 1346.9
1111540 1344.0
1111550 1342.2
1111560 1342.2
1111570 1339.2
1111580 1332.1
1111590 1332.1
1111600 1320.4
1111610 1310.0
1111620 1310.0
1111630 1310.6
1111640 1315.8
1111650 1315.8
1111660 1322.2
1111670 1335.7
1111680 1335.7
1111690 1341.4
1111700 1341.6
1111710 1345.2
1111720 1346.1
1111730 1347.2
1111740 1348.8
1111750 1348.8
1111760 1349.2
1111770 1351.4
1111780 1351.4
1111790 1352.9
1111800 1353.7
1111810 1353.7
1111820 1353.8
1111830 1353.5
1111840 1353.5
1111850 1353.9
1111860 1354.5
1111870 1354.5
1111880 1355.6
1111890 1356.3
1111900 1356.3
1111910 1356.0
1111920 1354.3
1111930 1354.3
1111940 1356.7
1111950 1358.9
1111960 1358.9
1111970 1360.7
1111980 1364.1
1111990 1368.3
1112000 1368.3
1112010 1372.0
1112020 1376.1
1112030 1376.1
1112040 1379.0
1112050 1388.7
1112060 1388.7
1112070 1391.7
1112080 1398.6
1112090 1398.6
1112100 1408.9
1112110 1418.1
1112120 1418.1
1112130 1425.5
1112140 1433.4
1112150 1433.4
1112160 1444.0
1112170 1453.0
1112180 1453.0
1112190 1460.4
1112200 1466.6
1112210 1466.6
1112220 1473.1
1112230 1479.1
1112240 1479.1
1112250 1486.7
1112260 1494.1
1112270 1500.1
1112280 1500.1
1112290 1505.4
1112300 1509.5
1112310 1509.5
1112320 1513.4
1112330 1520.1
1112340 1520.1
1112350 1527.0
1112360 1534.6
1112370 1534.6
1112380 1539.6
1112390 1542.4
1112400 1556.0
1112410 1557.8
1112420 1559.3
1112430 1559.3
1112440 1560.0
1112450 1557.6
1112460 1557.6
1112470 1555.3
1112480 1550.5
1112490 1550.5
1112500 1543.1
1112510 1536.6
1112520 1534.2
1112530 1534.2
1112540 1540.1
1112550 1547.0
1112560 1547.0
1112570 1553.4
1112580 1560.9
1112590 1560.9
1112600 1571.0
1112610 1583.4
1112620 1583.4
1112630 1590.0
1112640 1593.3
1112650 1593.3
1112660 1596.7
1112670 1599.8
1112680 1599.8
1112690 1602.9
1112700 1606.0
1112710 1606.0
1112720 1609.5
1112730 1611.1
1112740 1616.3
1112750 1617.2
1112760 1619.7
1112770 1621.9
1112780 1621.9
1112790 1626.6
1112800 1634.8
1112810 1634.8
1112820 1640.6
1112830 1646.3
1112840 1646.3
1112850 1652.9
1112860 1662.8
1112870 1662.8
1112880 1671.5
1112890 1679.3
1112900 1679.3
1112910 1689.1
1112920 1698.1
1112930 1698.1
1112940 1707.7
1112950 1714.5
1112960 1714.5
1112970 1719.9
1112980 1723.6
1112990 1723.6
1113000 1727.7
1113010 1730.6
1113020 1730.6
1113030 1733.5
1113040 1738.2
1113050 1743.4
1113060 1743.4
1113070 1749.8
1113080 1766.6
1113090 1766.6
1113100 1772.7
1113110 1774.7
1113120 1774.7
1113130 1777.8
1113140 1782.1
1113150 1782.1
1113160 1783.3
1113170 1785.5
1113180 1785.5
1113190 1787.4
1113200 1790.3
1113210 1790.3
1113220 1793.6
1113230 1797.2
1113240 1797.2
1113250 1801.9
1113260 1805.3
1113270 1805.3
1113280 1807.1
1113290 1809.8
1113300 1814.0
1113310 1814.0
1113320 1818.1
1113330 1820.6
1113340 1820.6
1113350 1824.8
1113360 1828.5
1113370 1828.5
1113380 1831.7
1113390 1834.7
1113400 1834.7
1113410 1837.8
1113420 1844.1
1113430 1844.1
1113440 1848.3
1113450 1853.1
1113460 1853.1
1113470 1858.3
1113480 1863.0
1113490 1863.0
1113500 1869.1
1113510 1874.8
1113520 1874.8
1113530 1879.0
1113540 1882.7
1113550 1886.6
1113560 1886.6
1113570 1892.4
1113580 1899.0
1113590 1899.0
1113600 1905.7
1113610 1911.0
1113620 1911.0
1113630 1914.6
1113640 1918.5
1113650 1918.5
1113660 1922.4
1113670 1927.0
1113680 1927.0
1113690 1932.3
1113700 1932.8
1113710 1932.8
1113720 1933.2
1113730 1934.6
1113740 1934.6
1113750 1937.0
1113760 1939.6
1113770 1940.1
1113780 1942.3
1113790 1946.4
1113800 1948.9
1113810 1948.9
1113820 1950.0
1113830 1952.4
1113840 1952.4
1113850 1953.8
1113860 1957.3
1113870 1957.3
1113880 1959.5
1113890 1959.1
1113900 1959.1
1113910 1958.6
1113920 1960.7
1113930 1960.7
1113940 1964.1
1113950 1967.2
1113960 1967.2
1113970 1971.1
1113980 1974.4
1113990 1974.4
1114000 1979.5
1114010 1982.8
1114020 1982.8
1114030 1985.4
1114040 1989.0
1114050 1989.0
1114060 1992.0
1114070 1994.0
1114080 1995.9
1114090 1995.9
1114100 1997.6
1114110 2002.5
1114120 2002.5
1114130 2005.9
1114140 2010.6
1114150 2010.6
1114160 2015.7
1114170 2019.9
1114180 2019.9
1114190 2023.1
1114200 2025.5
1114210 2025.5
1114220 2026.8
1114230 2027.3
1114240 2027.3
1114250 2026.1
1114260 2023.8
1114270 2023.8
1114280 2020.8
1114290 2019.5
1114300 2019.5
1114310 2020.8
1114320 2019.3
1114330 2018.2
1114340 2018.2
1114350 2019.0
1114360 2019.1
1114370 2019.1
1114380 2019.6
1114390 2020.6
1114400 2020.6
1114410 2023.3
1114420 2028.9
1114430 2028.9
1114440 2035.2
1114450 2037.3
1114460 2037.3
1114470 2043.7
1114480 2050.4
1114490 2050.4
1114500 2057.4
1114510 2064.6
1114520 2064.6
1114530 2071.8
1114540 2079.3
1114550 2079.3
1114560 2103.9
1114570 2121.1
1114580 2130.3
1114590 2130.3
1114600 2143.7
1114610 2164.7
1114620 2164.7
1114630 2176.9
1114640 2188.7
1114650 2188.7
1114660 2198.8
1114670 2208.2
1114680 2208.2
1114690 2221.7
1114700 2228.9
1114710 2228.9
1114720 2236.1
1114730 2245.9
1114740 2245.9
1114750 2254.4
1114760 2264.4
1114770 2264.4
1114780 2275.3
1114790 2285.0
1114800 2277.1
1114810 2284.8
1114820 2292.4
1114830 2292.4
1114840 2302.3
1114850 2310.2
1114860 2311.6
1114870 2311.6
1114880 2312.1
1114890 2312.2
1114900 2312.2
1114910 2302.8
1114920 2286.9
1114930 2286.9
1114940 2279.3
1114950 2280.4
1114960 2280.4
1114970 2271.3
1114980 2261.2
1114990 2261.2
1115000 2250.8
1115010 2245.8
1115020 2245.8
1115030 2240.9
1115040 2236.4
1115050 2236.4
1115060 2232.1
1115070 2227.6
1115080 2227.6
1115090 2222.7
1115100 2218.7
1115110 2215.0
1115120 2215.0
1115130 2211.8
1115140 2214.0
1115150 2214.0
1115160 2209.4
1115170 2205.8
1115180 2205.8
1115190 2205.5
1115200 2204.5
1115210 2204.5
1115220 2203.6
1115230 2203.1
1115240 2203.1
1115250 2204.4
1115260 2206.2
1115270 2206.2
1115280 2207.9
1115290 2209.7
1115300 2209.7
1115310 2210.2
1115320 2211.6
1115330 2211.6
1115340 2217.4
1115350 2224.4
1115360 2231.5
1115370 2231.5
1115380 2238.9
1115390 2246.5
1115400 2246.5
1115410 2253.9
1115420 2260.9
1115430 2260.9
1115440 2272.3
1115450 2289.6
1115460 2289.6
1115470 2304.8
1115480 2313.8
1115490 2313.8
1115500 2321.6
1115510 2318.0
1115520 2318.0
1115530 2313.2
1115540 2295.0
1115550 2295.0
1115560 2277.6
1115570 2268.5
1115580 2268.5
1115590 2265.0
1115600 2262.3
1115610 2259.8
1115620 2259.8
1115630 2257.7
1115640 2255.3
1115650 2255.3
1115660 2252.5
1115670 2251.0
1115680 2251.0
1115690 2251.8
1115700 2251.8
1115710 2251.8
1115720 2252.0
1115730 2251.5
1115740 2251.5
1115750 2251.6
1115760 2253.6
1115770 2253.6
1115780 2256.7
1115790 2260.6
1115800 2260.6
1115810 2265.4
1115820 2272.4
1115830 2277.9
1115840 2283.0
1115850 2284.9
1115860 2284.9
1115870 2286.3
1115880 2287.7
1115890 2287.5
1115900 2287.5
1115910 2283.0
1115920 2262.2
1115930 2262.2
1115940 2233.5
1115950 2213.1
1115960 2213.1
1115970 2201.2
1115980 2185.0
1115990 2185.0
1116000 2173.0
1116010 2163.2
1116020 2163.2
1116030 2156.2
1116040 2149.5
1116050 2149.5
1116060 2142.7
1116070 2135.8
1116080 2135.8
1116090 2129.3
1116100 2123.1
1116110 2123.1
1116120 2117.2
1116130 2111.6
1116140 2106.4
1116150 2106.4
1116160 2101.5
1116170 2098.2
1116180 2098.2
1116190 2095.0
1116200 2092.8
1116210 2092.8
1116220 2090.9
1116230 2090.6
1116240 2090.6
1116250 2090.1
1116260 2089.4
1116270 2089.4
1116280 2089.0
1116290 2088.5
1116300 2088.5
1116310 2087.2
1116320 2086.5
1116330 2086.5
1116340 2087.3
1116350 2088.6
1116360 2088.6
1116370 2087.7
1116380 2086.5
1116390 2087.3
1116400 2087.3
1116410 2088.6
1116420 2090.4
1116430 2090.4
1116440 2093.6
1116450 2097.5
1116460 2097.5
1116470 2099.6
1116480 2103.6
1116490 2103.6
1116500 2111.9
1116510 2117.8
1116520 2120.0
1116530 2120.5
1116540 2122.6
1116550 2122.6
1116560 2122.2
1116570 2122.1
1116580 2122.1
1116590 2121.2
1116600 2119.4
1116610 2119.4
1116620 2118.2
1116630 2117.1
1116640 2114.9
1116650 2114.9
1116660 2112.9
1116670 2109.3
1116680 2109.3
1116690 2105.1
1116700 2100.5
1116710 2100.5
1116720 2097.7
1116730 2094.6
1116740 2094.6
1116750 2092.9
1116760 2093.0
1116770 2093.0
1116780 2089.8
1116790 2080.7
1116800 2080.7
1116810 2069.2
1116820 2068.2
1116830 2068.2
1116840 2068.3
1116850 2068.6
1116860 2068.6
1116870 2068.9
1116880 2069.0
1116890 2069.0
1116900 2068.9
1116910 2068.8
1116920 2068.7
1116930 2068.7
1116940 2068.5
1116950 2068.2
1116960 2068.2
1116970 2068.0
1116980 2067.7
1116990 2067.7
1117000 2067.6
1117010 2067.4
1117020 2067.4
1117030 2067.4
1117040 2067.5
1117050 2067.5
1117060 2067.9
1117070 2069.3
1117080 2069.3
1117090 2071.2
1117100 2073.8
1117110 2073.8
1117120 2077.2
1117130 2080.5
1117140 2080.5
1117150 2083.5
1117160 2086.9
1117170 2090.7
1117180 2090.7
1117190 2094.7
1117200 2098.7
1117210 2103.0
1117220 2106.9
1117230 2109.5
1117240 2109.5
1117250 2113.5
1117260 2118.2
1117270 2118.2
1117280 2124.0
1117290 2133.3
1117300 2133.3
1117310 2141.3
1117320 2151.6
1117330 2151.6
1117340 2163.8
1117350 2169.9
1117360 2169.9
1117370 2170.0
1117380 2171.3
1117390 2171.3
1117400 2183.1
1117410 2191.9
1117420 2191.9
1117430 2191.9
1117440 2187.6
1117450 2188.3
1117460 2188.3
1117470 2191.0
1117480 2193.9
1117490 2193.9
1117500 2197.6
1117510 2202.8
1117520 2202.8
1117530 2208.6
1117540 2214.2
1117550 2214.2
1117560 2220.9
1117570 2227.5
1117580 2227.5
1117590 2234.2
1117600 2240.3
1117610 2240.3
1117620 2247.1
1117630 2258.6
1117640 2258.6
1117650 2271.6
1117660 2284.3
1117670 2284.3
1117680 2295.7
1117690 2307.1
1117700 2316.3
1117710 2316.3
1117720 2324.8
1117730 2335.3
1117740 2335.3
1117750 2350.4
1117760 2373.5
1117770 2373.5
1117780 2384.0
1117790 2394.2
1117800 2394.2
1117810 2393.7
1117820 2395.0
1117830 2395.0
1117840 2400.4
1117850 2404.1
1117860 2404.1
1117870 2410.0
1117880 2418.0
1117890 2418.0
1117900 2433.6
1117910 2444.2
1117920 2444.2
1117930 2453.8
1117940 2465.3
1117950 2475.5
1117960 2475.5
1117970 2484.6
1117980 2493.9
1117990 2493.9
1118000 2502.1
1118010 2510.2
1118020 2510.2
1118030 2516.4
1118040 2516.8
1118050 2516.8
1118060 2520.2
1118070 2525.7
1118080 2525.7
1118090 2527.6
1118100 2529.1
1118110 2529.1
1118120 2531.1
1118130 2539.3
1118140 2539.3
1118150 2545.7
1118160 2551.3
1118170 2551.3
1118180 2553.3
1118190 2540.0
1118200 2530.9
1118210 2530.9
1118220 2529.1
1118230 2529.1
1118240 2529.1
1118250 2542.7
1118260 2543.3
1118270 2543.3
1118280 2541.6
1118290 2539.1
1118300 2539.1
1118310 2536.9
1118320 2534.6
1118330 2534.6
1118340 2536.4
1118350 2549.5
1118360 2549.5
1118370 2562.9
1118380 2569.9
1118390 2569.9
1118400 2573.9
1118410 2553.9
1118420 2553.9
1118430 2520.1
1118440 2506.2
1118450 2491.1
1118460 2491.1
1118470 2480.1
1118480 2472.8
1118490 2472.8
1118500 2465.6
1118510 2458.5
1118520 2458.5
1118530 2451.5
1118540 2444.6
1118550 2444.6
1118560 2437.8
1118570 2431.2
1118580 2431.2
1118590 2424.7
1118600 2417.3
1118610 2417.3
1118620 2411.2
1118630 2406.0
1118640 2406.0
1118650 2401.4
1118660 2398.6
1118670 2398.6
1118680 2394.6
1118690 2391.2
1118700 2391.2
1118710 2388.1
1118720 2389.0
1118730 2388.1
1118740 2388.1
1118750 2385.5
1118760 2384.3
1118770 2384.3
1118780 2384.8
1118790 2387.0
1118800 2387.0
1118810 2388.4
1118820 2388.7
1118830 2388.7
1118840 2388.3
1118850 2388.0
1118860 2388.0
1118870 2386.5
1118880 2380.9
1118890 2380.9
1118900 2375.5
1118910 2371.7
1118920 2371.7
1118930 2369.0
1118940 2364.8
1118950 2361.7
1118960 2357.9
1118970 2351.7
1118980 2346.5
1118990 2346.5
1119000 2345.0
1119010 2344.4
1119020 2344.4
1119030 2342.1
1119040 2336.9
1119050 2336.9
1119060 2331.3
1119070 2329.7
1119080 2329.7
1119090 2328.1
1119100 2324.1
1119110 2324.1
1119120 2321.8
1119130 2319.3
1119140 2319.3
1119150 2316.6
1119160 2312.3
1119170 2312.3
1119180 2307.3
1119190 2305.7
1119200 2305.7
1119210 2302.9
1119220 2300.9
1119230 2296.6
1119240 2296.6
1119250 2292.0
1119260 2289.0
1119270 2289.0
1119280 2289.0
1119290 2278.9
1119300 2278.9
1119310 2273.4
1119320 2259.4
1119330 2259.4
1119340 2244.8
1119350 2232.4
1119360 2232.4
1119370 2223.8
1119380 2220.4
1119390 2220.4
1119400 2220.2
1119410 2215.6
1119420 2215.6
1119430 2210.3
1119440 2205.0
1119450 2205.0
1119460 2200.2
1119470 2195.3
1119480 2189.2
1119490 2189.2
1119500 2185.0
1119510 2181.8
1119520 2181.8
1119530 2179.2
1119540 2174.4
1119550 2174.4
1119560 2170.1
1119570 2165.0
1119580 2165.0
1119590 2158.9
1119600 2152.7
1119610 2152.7
1119620 2148.5
1119630 2144.6
1119640 2141.9
1119650 2138.8
1119660 2135.3
1119670 2135.3
1119680 2129.6
1119690 2124.2
1119700 2124.2
1119710 2121.0
1119720 2121.0
1119730 2121.0
1119740 2120.2
1119750 2116.4
1119760 2111.2
1119770 2111.2
1119780 2106.9
1119790 2102.4
1119800 2102.4
1119810 2098.4
1119820 2094.6
1119830 2094.6
1119840 2092.6
1119850 2090.9
1119860 2090.9
1119870 2089.4
1119880 2089.2
1119890 2089.2
1119900 2089.8
1119910 2089.5
1119920 2089.5
1119930 2089.2
1119940 2088.5
1119950 2088.5
1119960 2087.0
1119970 2084.3
1119980 2084.3
1119990 2082.6
