1100000 1276.9
1100010 1273.2
1100020 1273.2
1100030 1269.2
1100040 1265.6
1100050 1260.9
1100060 1260.9
1100070 1257.1
1100080 1253.3
1100090 1253.3
1100100 1249.6
1100110 1246.1
1100120 1246.1
1100130 1242.3
1100140 1240.0
1100150 1240.0
1100160 1237.6
1100170 1233.8
1100180 1233.8
1100190 1229.5
1100200 1225.3
1100210 1225.3
1100220 1221.3
1100230 1217.7
1100240 1217.7
1100250 1214.2
1100260 1211.0
1100270 1211.0
1100280 1205.3
1100290 1202.5
1100300 1199.7
1100310 1199.7
1100320 1197.2
1100330 1195.6
1100340 1195.6
1100350 1195.0
1100360 1194.9
1100370 1194.9
1100380 1194.6
1100390 1193.5
1100400 1193.5
1100410 1192.3
1100420 1191.8
1100430 1191.8
1100440 1191.3
1100450 1190.5
1100460 1190.5
1100470 1188.6
1100480 1184.2
1100490 1184.2
1100500 1180.6
1100510 1176.8
1100520 1176.8
1100530 1173.8
1100540 1170.1
1100550 1170.1
1100560 1163.9
1100570 1157.4
1100580 1153.2
1100590 1153.2
1100600 1150.5
1100610 1152.0
1100620 1152.0
1100630 1147.7
1100640 1142.8
1100650 1142.8
1100660 1138.3
1100670 1132.9
1100680 1132.9
1100690 1128.5
1100700 1123.4
1100710 1123.4
1100720 1115.9
1100730 1108.3
1100740 1108.3
1100750 1098.9
1100760 1090.2
1100770 1090.2
1100780 1080.1
1100790 1070.2
1100800 1070.2
1100810 1061.9
1100820 1056.0
1100830 1058.5
1100840 1058.5
1100850 1068.2
1100860 1080.9
1100870 1080.9
1100880 1092.9
1100890 1106.1
1100900 1106.1
1100910 1115.5
1100920 1119.2
1100930 1119.2
1100940 1122.1
1100950 1117.7
1100960 1117.7
1100970 1119.5
1100980 1122.6
1100990 1122.6
1101000 1127.9
1101010 1132.0
1101020 1132.0
1101030 1134.7
1101040 1135.6
1101050 1135.6
1101060 1135.9
1101070 1135.9
1101080 1135.9
1101090 1134.5
1101100 1130.9
1101110 1125.2
1101120 1125.2
1101130 1121.5
1101140 1117.2
1101150 1117.2
1101160 1112.6
1101170 1113.5
1101180 1113.5
1101190 1119.1
1101200 1122.1
1101210 1122.1
1101220 1122.4
1101230 1122.5
1101240 1122.5
1101250 1124.0
1101260 1124.6
1101270 1124.6
1101280 1119.5
1101290 1118.1
1101300 1118.1
1101310 1115.3
1101320 1110.4
1101330 1110.4
1101340 1105.9
1101350 1102.9
1101360 1102.9
1101370 1101.6
1101380 1101.4
1101390 1103.1
1101400 1103.1
1101410 1101.5
1101420 1096.7
1101430 1096.7
1101440 1093.1
1101450 1091.0
1101460 1091.0
1101470 1090.5
1101480 1087.1
1101490 1087.1
1101500 1084.4
1101510 1085.7
1101520 1085.7
1101530 1088.5
1101540 1091.1
1101550 1091.1
1101560 1093.3
1101570 1093.6
1101580 1093.6
1101590 1092.4
1101600 1089.4
1101610 1083.8
1101620 1081.4
1101630 1079.3
1101640 1077.8
1101650 1077.8
1101660 1076.5
1101670 1075.1
1101680 1075.1
1101690 1073.8
1101700 1072.6
1101710 1072.6
1101720 1070.8
1101730 1068.7
1101740 1068.7
1101750 1067.8
1101760 1067.0
1101770 1067.0
1101780 1065.5
1101790 1063.6
1101800 1063.6
1101810 1061.1
1101820 1059.2
1101830 1059.2
1101840 1057.3
1101850 1054.9
1101860 1054.9
1101870 1052.7
1101880 1050.1
1101890 1050.1
1101900 1048.2
1101910 1047.1
1101920 1045.4
1101930 1045.4
1101940 1035.6
1101950 1033.0
1101960 1033.0
1101970 1030.8
1101980 1028.3
1101990 1028.3
1102000 1026.2
1102010 1024.1
1102020 1024.1
1102030 1022.7
1102040 1022.7
1102050 1022.7
1102060 1022.4
1102070 1021.2
1102080 1021.2
1102090 1019.2
1102100 1015.6
1102110 1015.6
1102120 1011.5
1102130 1007.4
1102140 1007.4
1102150 1003.4
1102160 1000.2
1102170 997.9
1102180 997.9
1102190 995.8
1102200 994.5
1102210 994.5
1102220 993.0
1102230 991.3
1102240 991.3
1102250 990.8
1102260 990.2
1102270 990.2
1102280 986.4
1102290 985.2
1102300 985.2
1102310 983.7
1102320 981.7
1102330 981.7
1102340 979.4
1102350 976.9
1102360 976.9
1102370 974.5
1102380 971.5
1102390 971.5
1102400 968.8
1102410 965.7
1102420 965.7
1102430 962.6
1102440 959.5
1102450 956.7
1102460 956.7
1102470 953.7
1102480 951.8
1102490 951.8
1102500 950.4
1102510 949.0
1102520 949.0
1102530 947.9
1102540 945.8
1102550 945.8
1102560 941.8
1102570 943.2
1102580 943.2
1102590 942.5
1102600 941.9
1102610 938.6
1102620 938.0
1102630 937.8
1102640 937.8
1102650 937.1
1102660 935.7
1102670 935.7
1102680 933.7
1102690 932.8
1102700 932.8
1102710 932.8
1102720 933.3
1102730 933.5
1102740 933.5
1102750 933.3
1102760 933.2
1102770 933.2
1102780 933.0
1102790 932.8
1102800 932.8
1102810 929.5
1102820 923.6
1102830 923.6
1102840 920.0
1102850 915.6
1102860 915.6
1102870 907.2
1102880 895.1
1102890 895.1
1102900 887.3
1102910 894.6
1102920 894.6
1102930 903.4
1102940 898.9
1102950 898.9
1102960 901.0
1102970 902.8
1102980 905.4
1102990 905.4
1103000 908.0
1103010 910.7
1103020 910.7
1103030 910.9
1103040 910.2
1103050 910.2
1103060 908.9
1103070 908.1
1103080 908.1
1103090 908.2
1103100 907.8
1103110 907.8
1103120 907.4
1103130 907.4
1103140 907.4
1103150 907.2
1103160 906.5
1103170 906.5
1103180 904.6
1103190 903.4
1103200 903.4
1103210 903.0
1103220 903.2
1103230 903.1
1103240 903.1
1103250 902.9
1103260 903.0
1103270 901.3
1103280 901.9
1103290 902.4
1103300 902.4
1103310 902.5
1103320 902.4
1103330 902.4
1103340 902.3
1103350 902.2
1103360 902.2
1103370 902.0
1103380 901.7
1103390 901.7
1103400 901.4
1103410 901.0
1103420 901.0
1103430 900.6
1103440 896.1
1103450 896.1
1103460 886.0
1103470 879.3
1103480 879.3
1103490 881.1
1103500 887.2
1103510 892.1
1103520 892.1
1103530 894.7
1103540 896.0
1103550 896.0
1103560 895.1
1103570 890.5
1103580 890.5
1103590 882.9
1103600 875.2
1103610 872.8
1103620 867.3
1103630 860.9
1103640 860.9
1103650 854.3
1103660 849.6
1103670 849.6
1103680 846.8
1103690 844.8
1103700 844.8
1103710 843.2
1103720 842.8
1103730 842.8
1103740 843.3
1103750 843.4
1103760 844.0
1103770 844.0
1103780 844.7
1103790 844.6
1103800 844.6
1103810 844.6
1103820 845.8
1103830 845.8
1103840 846.7
1103850 846.4
1103860 846.4
1103870 846.0
1103880 844.5
1103890 844.5
1103900 844.5
1103910 847.0
1103920 847.0
1103930 848.9
1103940 855.3
1103950 855.3
1103960 863.3
1103970 872.1
1103980 872.1
1103990 876.3
1104000 879.3
1104010 879.3
1104020 879.8
1104030 879.7
1104040 879.6
1104050 879.6
1104060 879.2
1104070 878.8
1104080 878.8
1104090 878.5
1104100 877.8
1104110 877.8
1104120 877.6
1104130 877.4
1104140 877.4
1104150 876.5
1104160 875.8
1104170 875.8
1104180 875.6
1104190 875.1
1104200 875.1
1104210 874.9
1104220 874.7
1104230 874.7
1104240 874.5
1104250 874.4
1104260 874.4
1104270 874.3
1104280 873.6
1104290 873.8
1104300 873.8
1104310 874.4
1104320 875.7
1104330 875.7
1104340 878.5
1104350 883.2
1104360 883.2
1104370 887.5
1104380 888.6
1104390 888.6
1104400 889.9
1104410 894.5
1104420 894.5
1104430 898.0
1104440 900.6
1104450 900.6
1104460 902.0
1104470 902.4
1104480 902.4
1104490 901.9
1104500 902.8
1104510 902.8
1104520 904.0
1104530 905.1
1104540 905.1
1104550 906.2
1104560 909.1
1104570 914.8
1104580 914.8
1104590 921.6
1104600 925.7
1104610 920.9
1104620 921.8
1104630 923.3
1104640 923.3
1104650 925.6
1104660 928.1
1104670 928.1
1104680 931.3
1104690 934.7
1104700 934.7
1104710 937.3
1104720 938.6
1104730 938.6
1104740 939.2
1104750 938.6
1104760 938.6
1104770 935.7
1104780 930.4
1104790 930.4
1104800 925.1
1104810 921.5
1104820 917.7
1104830 917.7
1104840 913.2
1104850 909.0
1104860 909.0
1104870 905.5
1104880 901.3
1104890 901.3
1104900 897.3
1104910 897.4
1104920 897.4
1104930 894.8
1104940 893.9
1104950 887.9
1104960 888.6
1104970 888.8
1104980 888.8
1104990 888.8
1105000 888.7
1105010 888.7
1105020 888.6
1105030 887.9
1105040 887.9
1105050 887.3
1105060 886.3
1105070 886.3
1105080 885.0
1105090 884.0
1105100 882.4
1105110 882.4
1105120 880.8
1105130 879.8
1105140 879.8
1105150 879.2
1105160 879.3
1105170 879.3
1105180 879.1
1105190 878.6
1105200 878.6
1105210 878.4
1105220 878.0
1105230 878.0
1105240 878.3
1105250 878.7
1105260 878.7
1105270 876.9
1105280 871.6
1105290 871.6
1105300 871.6
1105310 870.1
1105320 870.1
1105330 866.5
1105340 862.3
1105350 857.8
1105360 857.8
1105370 853.1
1105380 848.7
1105390 848.7
1105400 845.0
1105410 841.8
1105420 841.8
1105430 840.7
1105440 840.9
1105450 840.9
1105460 839.6
1105470 837.4
1105480 837.4
1105490 836.4
1105500 835.0
1105510 835.0
1105520 834.6
1105530 834.1
1105540 834.1
1105550 833.9
1105560 833.0
1105570 833.0
1105580 831.7
1105590 830.7
1105600 830.7
1105610 829.9
1105620 827.4
1105630 826.8
1105640 826.8
1105650 826.9
1105660 827.0
1105670 827.0
1105680 826.3
1105690 825.7
1105700 825.7
1105710 823.1
1105720 819.7
1105730 819.7
1105740 816.8
1105750 815.3
1105760 815.3
1105770 814.2
1105780 814.8
1105790 814.8
1105800 815.3
1105810 815.0
1105820 815.0
1105830 814.8
1105840 814.7
1105850 814.7
1105860 815.1
1105870 816.1
1105880 817.2
1105890 817.2
1105900 817.7
1105910 820.5
1105920 820.5
1105930 825.0
1105940 825.1
1105950 819.1
1105960 818.7
1105970 818.0
1105980 818.0
1105990 816.7
1106000 816.6
1106010 816.6
1106020 817.6
1106030 818.4
1106040 818.4
1106050 818.6
1106060 819.9
1106070 819.9
1106080 822.6
1106090 826.1
1106100 826.1
1106110 829.4
1106120 832.5
1106130 832.5
1106140 834.0
1106150 834.9
1106160 836.4
1106170 836.4
1106180 837.4
1106190 836.8
1106200 836.8
1106210 836.8
1106220 837.3
1106230 837.3
1106240 836.0
1106250 834.5
1106260 834.5
1106270 833.0
1106280 831.2
1106290 848.4
1106300 847.7
1106310 840.2
1106320 840.2
1106330 837.0
1106340 836.4
1106350 836.4
1106360 836.7
1106370 835.6
1106380 835.6
1106390 836.9
1106400 838.3
1106410 842.9
1106420 842.9
1106430 846.6
1106440 850.5
1106450 850.5
1106460 852.9
1106470 853.2
1106480 853.2
1106490 852.1
1106500 849.6
1106510 849.6
1106520 847.3
1106530 845.4
1106540 845.4
1106550 844.2
1106560 843.5
1106570 843.5
1106580 843.9
1106590 844.9
1106600 844.9
1106610 844.5
1106620 842.3
1106630 850.8
1106640 848.5
1106650 847.3
1106660 847.3
1106670 844.3
1106680 843.8
1106690 846.3
1106700 846.3
1106710 849.2
1106720 850.7
1106730 850.7
1106740 851.4
1106750 850.9
1106760 850.9
1106770 849.4
1106780 850.0
1106790 850.0
1106800 850.8
1106810 849.9
1106820 849.9
1106830 846.6
1106840 843.0
1106850 843.0
1106860 842.2
1106870 842.7
1106880 842.7
1106890 843.2
1106900 844.9
1106910 844.9
1106920 846.6
1106930 848.6
1106940 851.2
1106950 851.2
1106960 862.4
1106970 861.9
1106980 861.9
1106990 864.4
1107000 867.1
1107010 867.1
1107020 872.2
1107030 873.2
1107040 873.2
1107050 874.9
1107060 875.3
1107070 875.3
1107080 874.5
1107090 875.9
1107100 875.9
1107110 878.4
1107120 884.4
1107130 884.4
1107140 891.7
1107150 896.2
1107160 896.2
1107170 895.0
1107180 891.5
1107190 891.5
1107200 890.2
1107210 891.9
1107220 896.0
1107230 896.0
1107240 901.5
1107250 907.6
1107260 907.6
1107270 914.1
1107280 919.7
1107290 919.7
1107300 930.0
1107310 931.6
1107320 931.6
1107330 930.8
1107340 927.0
1107350 927.0
1107360 922.0
1107370 917.0
1107380 917.0
1107390 915.0
1107400 916.8
1107410 916.8
1107420 916.0
1107430 910.3
1107440 910.3
1107450 906.4
1107460 908.9
1107470 913.3
1107480 913.3
1107490 919.6
1107500 924.9
1107510 924.9
1107520 926.8
1107530 927.4
1107540 927.4
1107550 925.1
1107560 922.4
1107570 922.4
1107580 919.2
1107590 917.8
1107600 917.8
1107610 916.6
1107620 915.8
1107630 915.8
1107640 919.6
1107650 919.1
1107660 919.1
1107670 919.3
1107680 920.6
1107690 920.6
1107700 922.7
1107710 925.4
1107720 925.4
1107730 927.9
1107740 928.5
1107750 929.3
1107760 929.3
1107770 930.5
1107780 931.4
1107790 931.4
1107800 931.4
1107810 931.2
1107820 931.2
1107830 931.0
1107840 930.6
1107850 930.6
1107860 930.1
1107870 928.9
1107880 928.9
1107890 928.7
1107900 927.9
1107910 927.9
1107920 926.1
1107930 924.6
1107940 924.6
1107950 923.6
1107960 923.0
1107970 924.7
1107980 923.9
1107990 923.7
1108000 923.9
1108010 923.9
1108020 923.0
1108030 921.9
1108040 921.9
1108050 921.3
1108060 920.7
1108070 920.7
1108080 917.7
1108090 913.1
1108100 913.1
1108110 910.1
1108120 905.0
1108130 905.0
1108140 900.0
1108150 896.9
1108160 896.9
1108170 892.7
1108180 888.9
1108190 888.9
1108200 884.2
1108210 877.3
1108220 877.3
1108230 872.1
1108240 869.2
1108250 869.2
1108260 867.4
1108270 871.2
1108280 880.3
1108290 880.3
1108300 892.6
1108310 899.2
1108320 899.2
1108330 906.1
1108340 911.3
1108350 911.3
1108360 913.7
1108370 915.3
1108380 915.3
1108390 917.1
1108400 921.0
1108410 921.0
1108420 927.1
1108430 933.5
1108440 933.5
1108450 940.7
1108460 947.0
1108470 947.0
1108480 950.3
1108490 951.9
1108500 951.9
1108510 953.9
1108520 956.5
1108530 959.6
1108540 959.6
1108550 962.7
1108560 966.0
1108570 966.0
1108580 971.1
1108590 976.1
1108600 976.1
1108610 980.3
1108620 985.4
1108630 985.4
1108640 991.1
1108650 999.4
1108660 999.4
1108670 1004.7
1108680 1009.2
1108690 1009.2
1108700 1013.9
1108710 1019.3
1108720 1019.3
1108730 1024.2
1108740 1029.4
1108750 1029.4
1108760 1034.3
1108770 1038.1
1108780 1038.1
1108790 1040.2
1108800 1044.0
1108810 1051.3
1108820 1051.3
1108830 1050.6
1108840 1051.6
1108850 1051.6
1108860 1056.1
1108870 1060.1
1108880 1060.1
1108890 1064.4
1108900 1068.5
1108910 1068.5
1108920 1071.7
1108930 1075.7
1108940 1075.7
1108950 1079.1
1108960 1082.3
1108970 1082.3
1108980 1085.3
1108990 1096.3
1109000 1096.3
1109010 1099.1
1109020 1101.7
1109030 1101.7
1109040 1103.9
1109050 1107.9
1109060 1114.1
1109070 1114.1
1109080 1119.2
1109090 1123.6
1109100 1123.6
1109110 1127.9
1109120 1137.2
1109130 1137.2
1109140 1138.5
1109150 1134.4
1109160 1134.4
1109170 1133.4
1109180 1138.1
1109190 1138.1
1109200 1147.3
1109210 1153.9
1109220 1153.9
1109230 1144.6
1109240 1131.3
1109250 1131.3
1109260 1134.5
1109270 1140.1
1109280 1140.1
1109290 1146.6
1109300 1151.7
1109310 1151.8
1109320 1151.8
1109330 1161.0
1109340 1159.8
1109350 1159.8
1109360 1169.4
1109370 1179.9
1109380 1179.9
1109390 1188.1
1109400 1196.6
1109410 1196.6
1109420 1204.6
1109430 1211.8
1109440 1211.8
1109450 1216.1
1109460 1218.2
1109470 1218.2
1109480 1218.4
1109490 1218.5
1109500 1218.5
1109510 1221.3
1109520 1227.4
1109530 1227.4
1109540 1229.7
1109550 1234.8
1109560 1234.8
1109570 1238.2
1109580 1239.9
1109590 1241.1
1109600 1241.1
1109610 1241.9
1109620 1240.6
1109630 1240.6
1109640 1239.8
1109650 1239.3
1109660 1239.3
1109670 1246.4
1109680 1245.6
1109690 1245.6
1109700 1242.7
1109710 1235.5
1109720 1235.5
1109730 1216.4
1109740 1199.8
1109750 1199.8
1109760 1188.3
1109770 1187.4
1109780 1187.4
1109790 1191.6
1109800 1196.2
1109810 1196.2
1109820 1199.6
1109830 1199.8
1109840 1190.1
1109850 1190.1
1109860 1180.5
1109870 1173.1
1109880 1173.1
1109890 1164.6
1109900 1159.0
1109910 1159.0
1109920 1159.6
1109930 1156.3
1109940 1156.3
1109950 1164.4
1109960 1171.5
1109970 1171.5
1109980 1175.4
1109990 1176.4
1110000 1176.4
1110010 1183.7
1110020 1184.1
1110030 1184.1
1110040 1182.0
1110050 1182.2
1110060 1182.2
1110070 1186.5
1110080 1188.3
1110090 1188.3
1110100 1185.8
1110110 1180.2
1110120 1182.0
1110130 1182.0
1110140 1184.4
1110150 1182.4
1110160 1182.4
1110170 1180.3
1110180 1179.1
1110190 1179.1
1110200 1177.8
1110210 1176.2
1110220 1176.2
1110230 1174.7
1110240 1173.0
1110250 1173.0
1110260 1170.6
1110270 1167.6
1110280 1167.6
1110290 1164.1
1110300 1162.8
1110310 1162.8
1110320 1161.7
1110330 1159.6
1110340 1159.6
1110350 1160.9
1110360 1158.6
1110370 1157.1
1110380 1157.1
1110390 1156.2
1110400 1155.3
1110410 1155.3
1110420 1152.2
1110430 1149.4
1110440 1149.4
1110450 1147.1
1110460 1143.5
1110470 1143.5
1110480 1139.7
1110490 1137.1
1110500 1137.1
1110510 1134.1
1110520 1131.8
1110530 1131.8
1110540 1132.5
1110550 1132.5
1110560 1132.5
1110570 1129.6
1110580 1126.6
1110590 1126.6
1110600 1122.6
1110610 1116.3
1110620 1116.3
1110630 1111.3
1110640 1106.0
1110650 1099.8
1110660 1099.8
1110670 1093.3
1110680 1087.3
1110690 1085.8
1110700 1080.3
1110710 1073.3
1110720 1073.3
1110730 1062.1
1110740 1049.8
1110750 1049.8
1110760 1041.6
1110770 1034.1
1110780 1034.1
1110790 1027.7
1110800 1022.6
1110810 1022.6
1110820 1018.4
1110830 1014.6
1110840 1014.6
1110850 1011.2
1110860 1010.0
1110870 1010.0
1110880 1005.3
1110890 996.6
1110900 992.3
1110910 992.3
1110920 990.7
1110930 992.2
1110940 992.2
1110950 997.9
1110960 1003.3
1110970 1003.3
1110980 1007.3
1110990 1010.6
1111000 1010.6
1111010 1013.5
1111020 1015.5
1111030 1020.3
1111040 1023.1
1111050 1025.9
1111060 1025.9
1111070 1028.9
1111080 1033.1
1111090 1033.1
1111100 1037.6
1111110 1042.2
1111120 1042.2
1111130 1046.8
1111140 1051.8
1111150 1051.8
1111160 1056.4
1111170 1060.7
1111180 1065.0
1111190 1065.0
1111200 1069.5
1111210 1074.9
1111220 1074.9
1111230 1081.8
1111240 1089.6
1111250 1089.6
1111260 1098.7
1111270 1107.3
1111280 1107.3
1111290 1115.8
1111300 1121.9
1111310 1121.9
1111320 1129.6
1111330 1135.9
1111340 1135.9
1111350 1141.2
1111360 1147.1
1111370 1139.8
1111380 1145.3
1111390 1153.8
1111400 1153.8
1111410 1162.9
1111420 1167.6
1111430 1174.6
1111440 1174.6
1111450 1187.1
1111460 1202.4
1111470 1202.4
1111480 1222.3
1111490 1233.0
1111500 1233.0
1111510 1243.0
1111520 1253.7
1111530 1253.7
1111540 1265.8
1111550 1285.3
1111560 1285.3
1111570 1292.1
1111580 1291.3
1111590 1291.3
1111600 1290.9
1111610 1300.9
1111620 1300.9
1111630 1325.0
1111640 1370.7
1111650 1370.7
1111660 1414.8
1111670 1435.3
1111680 1435.3
1111690 1455.6
1111700 1468.0
1111710 1472.7
1111720 1472.7
1111730 1471.9
1111740 1475.9
1111750 1475.9
1111760 1487.1
1111770 1496.2
1111780 1496.2
1111790 1504.1
1111800 1510.0
1111810 1510.0
1111820 1518.6
1111830 1528.1
1111840 1528.1
1111850 1529.5
1111860 1533.7
1111870 1533.7
1111880 1535.2
1111890 1531.7
1111900 1531.7
1111910 1517.9
1111920 1515.7
1111930 1515.7
1111940 1524.0
1111950 1532.8
1111960 1538.7
1111970 1538.7
1111980 1547.4
1111990 1554.4
1112000 1554.4
1112010 1558.7
1112020 1562.9
1112030 1562.9
1112040 1566.7
1112050 1559.5
1112060 1559.5
1112070 1560.3
1112080 1559.4
1112090 1559.4
1112100 1566.7
1112110 1577.8
1112120 1577.8
1112130 1589.5
1112140 1599.0
1112150 1599.0
1112160 1607.3
1112170 1615.6
1112180 1615.6
1112190 1623.7
1112200 1630.2
1112210 1630.2
1112220 1636.2
1112230 1642.5
1112240 1649.2
1112250 1649.2
1112260 1659.1
1112270 1676.5
1112280 1676.5
1112290 1689.2
1112300 1688.1
1112310 1688.1
1112320 1701.3
1112330 1712.2
1112340 1712.2
1112350 1720.6
1112360 1724.3
1112370 1724.3
1112380 1729.9
1112390 1723.6
1112400 1723.6
1112410 1725.7
1112420 1733.8
1112430 1733.8
1112440 1743.0
1112450 1752.3
1112460 1752.3
1112470 1756.3
1112480 1762.2
1112490 1765.7
1112500 1765.7
1112510 1766.1
1112520 1773.8
1112530 1773.8
1112540 1782.6
1112550 1787.5
1112560 1787.5
1112570 1787.9
1112580 1785.1
1112590 1785.1
1112600 1790.5
1112610 1789.0
1112620 1789.0
1112630 1785.2
1112640 1785.2
1112650 1785.2
1112660 1780.0
1112670 1788.1
1112680 1788.1
1112690 1801.9
1112700 1803.0
1112710 1803.0
1112720 1805.8
1112730 1818.1
1112740 1825.7
1112750 1832.7
1112760 1838.1
1112770 1840.3
1112780 1840.3
1112790 1840.3
1112800 1844.4
1112810 1844.4
1112820 1837.5
1112830 1828.6
1112840 1828.6
1112850 1820.8
1112860 1822.2
1112870 1822.2
1112880 1824.9
1112890 1828.5
1112900 1828.5
1112910 1824.8
1112920 1815.5
1112930 1815.5
1112940 1820.4
1112950 1818.0
1112960 1818.0
1112970 1815.2
1112980 1805.7
1112990 1805.7
1113000 1803.4
1113010 1795.4
1113020 1790.6
1113030 1790.6
1113040 1786.2
1113050 1779.6
1113060 1779.6
1113070 1771.9
1113080 1772.1
1113090 1772.1
1113100 1756.5
1113110 1743.8
1113120 1743.8
1113130 1729.5
1113140 1719.2
1113150 1719.2
1113160 1711.6
1113170 1705.0
1113180 1705.0
1113190 1698.6
1113200 1692.4
1113210 1692.4
1113220 1685.5
1113230 1681.1
1113240 1681.1
1113250 1679.6
1113260 1678.3
1113270 1678.3
1113280 1676.2
1113290 1673.9
1113300 1669.9
1113310 1669.9
1113320 1663.7
1113330 1657.1
1113340 1657.1
1113350 1652.5
1113360 1649.2
1113370 1649.2
1113380 1647.8
1113390 1643.2
1113400 1643.2
1113410 1640.5
1113420 1645.0
1113430 1645.0
1113440 1646.6
1113450 1645.2
1113460 1645.2
1113470 1647.5
1113480 1650.6
1113490 1650.6
1113500 1653.9
1113510 1655.1
1113520 1655.1
1113530 1656.4
1113540 1656.7
1113550 1652.1
1113560 1652.1
1113570 1649.7
1113580 1650.8
1113590 1650.8
1113600 1648.6
1113610 1644.6
1113620 1644.6
1113630 1637.7
1113640 1632.4
1113650 1632.4
1113660 1630.6
1113670 1628.1
1113680 1628.1
1113690 1622.6
1113700 1613.4
1113710 1613.4
1113720 1602.0
1113730 1594.8
1113740 1594.8
1113750 1588.6
1113760 1595.3
1113770 1595.3
1113780 1589.4
1113790 1583.7
1113800 1583.7
1113810 1580.1
1113820 1576.8
1113830 1571.7
1113840 1571.7
1113850 1569.2
1113860 1566.4
1113870 1566.4
1113880 1565.5
1113890 1562.3
1113900 1562.3
1113910 1555.2
1113920 1549.6
1113930 1549.6
1113940 1549.6
1113950 1551.2
1113960 1551.2
1113970 1552.6
1113980 1547.5
1113990 1547.5
1114000 1555.3
1114010 1562.7
1114020 1562.7
1114030 1571.1
1114040 1577.7
1114050 1577.7
1114060 1581.6
1114070 1583.6
1114080 1586.6
1114090 1586.6
1114100 1594.5
1114110 1605.0
1114120 1605.0
1114130 1609.5
1114140 1612.6
1114150 1612.6
1114160 1614.2
1114170 1612.7
1114180 1612.7
1114190 1608.9
1114200 1605.2
1114210 1605.2
1114220 1599.3
1114230 1593.3
1114240 1593.3
1114250 1590.4
1114260 1587.3
1114270 1587.3
1114280 1580.8
1114290 1569.7
1114300 1569.7
1114310 1559.7
1114320 1551.8
1114330 1546.2
1114340 1546.2
1114350 1541.6
1114360 1537.4
1114370 1537.4
1114380 1531.7
1114390 1526.3
1114400 1526.3
1114410 1520.5
1114420 1510.2
1114430 1510.2
1114440 1503.0
1114450 1501.7
1114460 1501.7
1114470 1496.4
1114480 1490.3
1114490 1490.3
1114500 1484.3
1114510 1478.7
1114520 1478.7
1114530 1471.4
1114540 1461.8
1114550 1461.8
1114560 1449.1
1114570 1416.1
1114580 1416.1
1114590 1378.9
1114600 1369.8
1114610 1364.7
1114620 1364.7
1114630 1358.4
1114640 1335.8
1114650 1335.8
1114660 1310.9
1114670 1304.2
1114680 1304.2
1114690 1297.9
1114700 1291.9
1114710 1291.9
1114720 1286.3
1114730 1281.8
1114740 1281.8
1114750 1277.4
1114760 1272.1
1114770 1272.1
1114780 1266.3
1114790 1265.6
1114800 1265.6
1114810 1261.1
1114820 1257.6
1114830 1257.6
1114840 1253.9
1114850 1250.1
1114860 1246.6
1114870 1246.6
1114880 1242.9
1114890 1238.9
1114900 1238.9
1114910 1235.1
1114920 1232.4
1114930 1232.4
1114940 1230.7
1114950 1229.5
1114960 1229.5
1114970 1229.1
1114980 1230.1
1114990 1230.1
1115000 1231.0
1115010 1232.0
1115020 1232.0
1115030 1232.4
1115040 1232.0
1115050 1232.0
1115060 1230.4
1115070 1229.4
1115080 1229.4
1115090 1228.6
1115100 1227.7
1115110 1227.7
1115120 1226.6
1115130 1225.5
1115140 1228.0
1115150 1228.0
1115160 1226.3
1115170 1224.7
1115180 1224.7
1115190 1223.3
1115200 1221.9
1115210 1221.9
1115220 1220.6
1115230 1219.0
1115240 1219.0
1115250 1217.9
1115260 1217.2
1115270 1217.2
1115280 1216.4
1115290 1214.6
1115300 1214.6
1115310 1213.5
1115320 1212.7
1115330 1212.7
1115340 1210.9
1115350 1207.7
1115360 1207.7
1115370 1205.2
1115380 1205.3
1115390 1203.9
1115400 1203.9
1115410 1202.0
1115420 1199.1
1115430 1199.1
1115440 1197.8
1115450 1197.5
1115460 1197.5
1115470 1197.0
1115480 1198.4
1115490 1198.4
1115500 1197.4
1115510 1196.4
1115520 1196.4
1115530 1196.7
1115540 1197.0
1115550 1197.0
1115560 1197.2
1115570 1197.4
1115580 1197.4
1115590 1197.8
1115600 1198.5
1115610 1198.5
1115620 1198.7
1115630 1198.8
1115640 1198.8
1115650 1199.2
1115660 1199.7
1115670 1200.1
1115680 1200.1
1115690 1200.5
1115700 1200.8
1115710 1200.8
1115720 1201.2
1115730 1201.6
1115740 1201.6
1115750 1202.0
1115760 1201.7
1115770 1201.7
1115780 1200.9
1115790 1202.1
1115800 1202.1
1115810 1203.2
1115820 1203.7
1115830 1203.4
1115840 1204.1
1115850 1204.5
1115860 1204.5
1115870 1204.5
1115880 1205.1
1115890 1205.1
1115900 1206.0
1115910 1206.4
1115920 1206.5
1115930 1206.5
1115940 1206.7
1115950 1207.1
1115960 1207.1
1115970 1207.5
1115980 1207.9
1115990 1207.9
1116000 1209.0
1116010 1210.5
1116020 1210.5
1116030 1212.6
1116040 1213.5
1116050 1213.5
1116060 1214.4
1116070 1218.1
1116080 1218.1
1116090 1223.5
1116100 1229.4
1116110 1229.4
1116120 1236.0
1116130 1240.2
1116140 1240.2
1116150 1240.5
1116160 1240.0
1116170 1239.1
1116180 1238.2
1116190 1238.2
1116200 1239.2
1116210 1239.2
1116220 1240.7
1116230 1242.3
1116240 1242.3
1116250 1244.0
1116260 1246.0
1116270 1246.0
1116280 1248.4
1116290 1250.7
1116300 1250.7
1116310 1252.8
1116320 1254.5
1116330 1254.5
1116340 1256.7
1116350 1259.6
1116360 1259.6
1116370 1262.4
1116380 1265.3
1116390 1265.3
1116400 1268.0
1116410 1270.4
1116420 1270.4
1116430 1273.7
1116440 1277.7
1116450 1283.5
1116460 1283.5
1116470 1290.6
1116480 1296.9
1116490 1296.9
1116500 1300.6
1116510 1302.5
1116520 1297.6
1116530 1298.4
1116540 1299.6
1116550 1299.6
1116560 1302.0
1116570 1305.9
1116580 1305.9
1116590 1308.6
1116600 1308.7
1116610 1308.7
1116620 1314.9
1116630 1318.3
1116640 1318.3
1116650 1320.7
1116660 1322.5
1116670 1322.5
1116680 1324.7
1116690 1327.7
1116700 1327.7
1116710 1331.7
1116720 1336.4
1116730 1340.0
1116740 1340.0
1116750 1343.6
1116760 1347.1
1116770 1347.1
1116780 1350.9
1116790 1355.1
1116800 1355.1
1116810 1356.4
1116820 1357.5
1116830 1357.5
1116840 1361.7
1116850 1365.5
1116860 1360.2
1116870 1364.5
1116880 1369.7
1116890 1369.7
1116900 1374.9
1116910 1380.4
1116920 1380.4
1116930 1385.3
1116940 1388.8
1116950 1388.8
1116960 1392.3
1116970 1396.1
1116980 1398.0
1116990 1398.0
1117000 1399.2
1117010 1401.2
1117020 1401.2
1117030 1403.8
1117040 1406.1
1117050 1406.1
1117060 1407.5
1117070 1406.9
1117080 1406.9
1117090 1412.0
1117100 1419.8
1117110 1419.8
1117120 1427.6
1117130 1435.7
1117140 1435.7
1117150 1442.9
1117160 1448.7
1117170 1448.7
1117180 1455.6
1117190 1463.6
1117200 1463.6
1117210 1465.0
1117220 1472.2
1117230 1472.2
1117240 1484.0
1117250 1499.0
1117260 1515.9
1117270 1515.9
1117280 1534.6
1117290 1547.7
1117300 1547.7
1117310 1559.8
1117320 1565.8
1117330 1565.8
1117340 1571.0
1117350 1573.5
1117360 1573.5
1117370 1576.6
1117380 1578.9
1117390 1578.9
1117400 1582.1
1117410 1586.8
1117420 1586.8
1117430 1592.2
1117440 1597.3
1117450 1597.3
1117460 1602.2
1117470 1607.4
1117480 1607.4
1117490 1611.8
1117500 1615.6
1117510 1619.4
1117520 1619.4
1117530 1623.9
1117540 1628.7
1117550 1628.7
1117560 1627.6
1117570 1630.0
1117580 1630.0
1117590 1633.3
1117600 1637.0
1117610 1637.0
1117620 1641.0
1117630 1644.3
1117640 1644.3
1117650 1646.7
1117660 1649.2
1117670 1649.2
1117680 1653.7
1117690 1657.2
1117700 1657.2
1117710 1660.4
1117720 1664.2
1117730 1664.2
1117740 1667.0
1117750 1671.0
1117760 1674.3
1117770 1674.3
1117780 1675.6
1117790 1677.8
1117800 1677.8
1117810 1681.5
1117820 1686.0
1117830 1686.0
1117840 1689.1
1117850 1693.9
1117860 1693.9
1117870 1697.8
1117880 1701.1
1117890 1701.1
1117900 1697.6
1117910 1704.5
1117920 1704.5
1117930 1713.0
1117940 1719.4
1117950 1719.4
1117960 1723.3
1117970 1728.4
1117980 1728.4
1117990 1735.7
1118000 1740.8
1118010 1740.8
1118020 1746.1
1118030 1752.0
1118040 1756.1
1118050 1756.1
1118060 1759.9
1118070 1763.6
1118080 1763.6
1118090 1766.1
1118100 1768.2
1118110 1768.2
1118120 1771.0
1118130 1775.5
1118140 1775.5
1118150 1779.0
1118160 1782.0
1118170 1782.0
1118180 1786.2
1118190 1790.2
1118200 1790.2
1118210 1793.9
1118220 1798.0
1118230 1798.0
1118240 1802.4
1118250 1806.6
1118260 1806.6
1118270 1810.1
1118280 1813.9
1118290 1817.5
1118300 1817.5
1118310 1818.8
1118320 1822.0
1118330 1822.0
1118340 1826.1
1118350 1832.3
1118360 1832.3
1118370 1838.6
1118380 1845.1
1118390 1845.1
1118400 1851.6
1118410 1860.6
1118420 1860.6
1118430 1867.0
1118440 1871.4
1118450 1871.4
1118460 1874.6
1118470 1877.2
1118480 1877.2
1118490 1884.3
1118500 1890.2
1118510 1890.2
1118520 1894.9
1118530 1899.1
1118540 1899.1
1118550 1904.2
1118560 1905.4
1118570 1904.5
1118580 1904.5
1118590 1906.2
1118600 1905.7
1118610 1905.7
1118620 1907.1
1118630 1907.9
1118640 1907.9
1118650 1908.9
1118660 1913.3
1118670 1913.3
1118680 1918.1
1118690 1921.6
1118700 1921.6
1118710 1923.9
1118720 1924.6
1118730 1924.6
1118740 1926.8
1118750 1930.2
1118760 1930.2
1118770 1932.3
1118780 1933.7
1118790 1933.7
1118800 1931.4
1118810 1933.5
1118820 1941.7
1118830 1941.7
1118840 1948.3
1118850 1954.3
1118860 1954.3
1118870 1956.8
1118880 1954.9
1118890 1954.9
1118900 1949.9
1118910 1949.4
1118920 1949.4
1118930 1955.9
1118940 1955.9
1118950 1940.5
1118960 1939.5
1118970 1938.3
1118980 1938.3
1118990 1936.4
1119000 1933.0
1119010 1933.0
1119020 1929.5
1119030 1927.5
1119040 1927.5
1119050 1926.1
1119060 1924.4
1119070 1924.4
1119080 1923.3
1119090 1922.1
1119100 1920.7
1119110 1920.7
1119120 1919.5
1119130 1919.9
1119140 1919.9
1119150 1921.1
1119160 1920.9
1119170 1920.9
1119180 1921.2
1119190 1921.2
1119200 1921.2
1119210 1919.3
1119220 1915.6
1119230 1915.6
1119240 1913.5
1119250 1911.1
1119260 1911.1
1119270 1910.5
1119280 1909.7
1119290 1905.3
1119300 1904.2
1119310 1904.0
1119320 1904.0
1119330 1906.9
1119340 1908.1
1119350 1906.4
1119360 1906.4
1119370 1904.6
1119380 1903.5
1119390 1903.5
1119400 1901.3
1119410 1898.7
1119420 1898.7
1119430 1897.3
1119440 1897.1
1119450 1897.1
1119460 1897.9
1119470 1898.4
1119480 1898.4
1119490 1899.9
1119500 1901.7
1119510 1901.7
1119520 1904.7
1119530 1907.0
1119540 1907.0
1119550 1909.3
1119560 1914.5
1119570 1914.5
1119580 1920.9
1119590 1925.8
1119600 1925.8
1119610 1929.7
1119620 1933.0
1119630 1935.8
1119640 1932.3
1119650 1936.3
1119660 1939.6
1119670 1939.6
1119680 1944.0
1119690 1951.2
1119700 1951.2
1119710 1959.0
1119720 1964.1
1119730 1964.1
1119740 1967.4
1119750 1967.9
1119760 1967.9
1119770 1969.3
1119780 1970.7
1119790 1970.7
1119800 1972.7
1119810 1974.5
1119820 1974.5
1119830 1975.4
1119840 1976.9
1119850 1976.9
1119860 1980.1
1119870 1983.7
1119880 1985.8
1119890 1985.8
1119900 1986.2
1119910 1986.3
1119920 1986.3
1119930 1985.7
1119940 1983.2
1119950 1983.2
1119960 1979.9
1119970 1979.9
1119980 1979.9
1119990 1981.8
