1100000 1220.7
1100010 1217.1
1100020 1214.9
1100030 1214.9
1100040 1213.6
1100050 1210.8
1100060 1207.5
1100070 1204.6
1100080 1202.3
1100090 1202.3
1100100 1200.1
1100110 1198.0
1100120 1198.0
1100130 1195.8
1100140 1193.6
1100150 1193.6
1100160 1191.5
1100170 1188.7
1100180 1188.7
1100190 1186.2
1100200 1184.1
1100210 1184.1
1100220 1180.7
1100230 1175.7
1100240 1175.7
1100250 1170.0
1100260 1164.9
1100270 1164.9
1100280 1161.0
1100290 1157.3
1100300 1153.5
1100310 1153.5
1100320 1151.7
1100330 1148.6
1100340 1148.6
1100350 1143.7
1100360 1138.9
1100370 1138.9
1100380 1134.2
1100390 1126.1
1100400 1126.1
1100410 1120.8
1100420 1116.2
1100430 1116.2
1100440 1112.9
1100450 1113.6
1100460 1113.6
1100470 1116.8
1100480 1119.0
1100490 1119.0
1100500 1116.9
1100510 1115.5
1100520 1115.5
1100530 1116.6
1100540 1116.4
1100550 1115.8
1100560 1115.8
1100570 1114.4
1100580 1114.3
1100590 1114.3
1100600 1114.4
1100610 1114.1
1100620 1114.1
1100630 1113.1
1100640 1112.4
1100650 1112.4
1100660 1112.3
1100670 1113.0
1100680 1113.0
1100690 1112.9
1100700 1109.5
1100710 1109.5
1100720 1102.1
1100730 1097.6
1100740 1097.6
1100750 1093.4
1100760 1088.8
1100770 1088.8
1100780 1083.3
1100790 1078.3
1100800 1078.3
1100810 1073.4
1100820 1068.4
1100830 1062.2
1100840 1062.2
1100850 1056.0
1100860 1049.9
1100870 1049.9
1100880 1039.1
1100890 1025.9
1100900 1025.9
1100910 1015.8
1100920 1005.5
1100930 1005.5
1100940 996.7
1100950 989.2
1100960 989.2
1100970 996.9
1100980 1018.2
1100990 1018.2
1101000 1033.6
1101010 1040.2
1101020 1040.2
1101030 1041.7
1101040 1041.6
1101050 1041.6
1101060 1035.2
1101070 1038.6
1101080 1041.5
1101090 1041.5
1101100 1041.1
1101110 1037.6
1101120 1037.6
1101130 1034.5
1101140 1031.4
1101150 1031.4
1101160 1025.6
1101170 1017.6
1101180 1017.6
1101190 1010.4
1101200 1003.7
1101210 1003.7
1101220 996.8
1101230 996.8
1101240 996.8
1101250 1000.8
1101260 1004.8
1101270 1004.8
1101280 1009.7
1101290 1015.2
1101300 1015.2
1101310 1019.0
1101320 1021.0
1101330 1022.0
1101340 1022.0
1101350 1021.0
1101360 1018.6
1101370 1018.6
1101380 1014.4
1101390 1003.8
1101400 1003.8
1101410 997.6
1101420 991.5
1101430 991.5
1101440 985.4
1101450 979.9
1101460 979.9
1101470 975.8
1101480 972.0
1101490 972.0
1101500 969.5
1101510 971.5
1101520 971.5
1101530 976.4
1101540 980.9
1101550 980.9
1101560 984.1
1101570 986.1
1101580 986.1
1101590 987.0
1101600 986.5
1101610 984.8
1101620 984.8
1101630 982.2
1101640 979.3
1101650 979.3
1101660 977.2
1101670 975.5
1101680 975.5
1101690 973.0
1101700 970.6
1101710 970.6
1101720 964.7
1101730 963.2
1101740 963.2
1101750 959.8
1101760 958.7
1101770 958.7
1101780 957.5
1101790 954.9
1101800 954.9
1101810 952.2
1101820 950.4
1101830 950.4
1101840 948.7
1101850 946.6
1101860 943.9
1101870 943.9
1101880 941.5
1101890 939.0
1101900 939.0
1101910 936.5
1101920 933.4
1101930 933.4
1101940 929.8
1101950 927.0
1101960 927.0
1101970 925.5
1101980 924.2
1101990 924.2
1102000 922.8
1102010 921.2
1102020 921.2
1102030 918.9
1102040 916.3
1102050 911.1
1102060 908.6
1102070 907.0
1102080 907.0
1102090 906.1
1102100 905.6
1102110 905.6
1102120 905.4
1102130 904.6
1102140 903.6
1102150 903.6
1102160 902.5
1102170 901.0
1102180 901.0
1102190 898.1
1102200 895.2
1102210 895.2
1102220 893.4
1102230 893.1
1102240 893.1
1102250 893.6
1102260 893.9
1102270 893.9
1102280 893.9
1102290 893.9
1102300 893.9
1102310 893.0
1102320 891.7
1102330 891.7
1102340 890.1
1102350 888.2
1102360 888.2
1102370 886.7
1102380 885.9
1102390 884.9
1102400 884.9
1102410 884.8
1102420 886.0
1102430 886.0
1102440 885.0
1102450 882.9
1102460 882.9
1102470 882.9
1102480 884.1
1102490 884.1
1102500 882.2
1102510 874.5
1102520 874.5
1102530 867.6
1102540 863.0
1102550 863.0
1102560 866.4
1102570 873.8
1102580 873.8
1102590 882.0
1102600 889.2
1102610 889.2
1102620 893.5
1102630 894.3
1102640 894.3
1102650 894.7
1102660 895.1
1102670 893.7
1102680 893.7
1102690 891.8
1102700 887.1
1102710 887.1
1102720 876.9
1102730 876.3
1102740 876.3
1102750 875.2
1102760 873.7
1102770 873.7
1102780 871.7
1102790 870.2
1102800 870.2
1102810 868.8
1102820 867.9
1102830 867.9
1102840 867.3
1102850 867.0
1102860 867.0
1102870 867.8
1102880 868.3
1102890 868.3
1102900 869.0
1102910 870.4
1102920 868.9
1102930 868.9
1102940 861.3
1102950 850.9
1102960 850.9
1102970 843.4
1102980 838.1
1102990 838.1
1103000 831.3
1103010 823.4
1103020 823.4
1103030 818.7
1103040 814.2
1103050 812.8
1103060 816.6
1103070 816.3
1103080 816.3
1103090 815.4
1103100 815.0
1103110 815.0
1103120 813.9
1103130 813.0
1103140 813.0
1103150 813.4
1103160 814.9
1103170 814.9
1103180 816.1
1103190 816.7
1103200 817.5
1103210 817.5
1103220 819.2
1103230 821.8
1103240 821.8
1103250 824.5
1103260 827.1
1103270 827.1
1103280 831.2
1103290 835.4
1103300 835.4
1103310 837.9
1103320 838.2
1103330 838.2
1103340 838.0
1103350 837.5
1103360 837.5
1103370 836.5
1103380 834.0
1103390 834.0
1103400 831.9
1103410 832.7
1103420 832.7
1103430 835.0
1103440 840.2
1103450 847.6
1103460 847.6
1103470 854.9
1103480 863.1
1103490 863.1
1103500 865.9
1103510 858.1
1103520 858.1
1103530 849.0
1103540 841.2
1103550 841.2
1103560 834.1
1103570 827.8
1103580 827.8
1103590 822.7
1103600 819.2
1103610 819.2
1103620 818.6
1103630 818.8
1103640 818.8
1103650 819.6
1103660 819.9
1103670 819.9
1103680 819.8
1103690 820.6
1103700 820.6
1103710 820.2
1103720 818.3
1103730 818.8
1103740 818.8
1103750 820.2
1103760 821.5
1103770 821.5
1103780 822.4
1103790 823.2
1103800 823.2
1103810 823.5
1103820 823.2
1103830 823.2
1103840 823.2
1103850 823.5
1103860 823.5
1103870 822.9
1103880 823.3
1103890 823.3
1103900 823.3
1103910 823.0
1103920 823.0
1103930 822.2
1103940 822.1
1103950 822.1
1103960 822.4
1103970 824.5
1103980 831.8
1103990 831.8
1104000 839.8
1104010 848.2
1104020 848.2
1104030 857.4
1104040 861.1
1104050 860.0
1104060 860.5
1104070 860.3
1104080 860.3
1104090 859.4
1104100 856.4
1104110 856.4
1104120 855.0
1104130 851.9
1104140 851.9
1104150 851.3
1104160 851.1
1104170 851.1
1104180 850.6
1104190 850.5
1104200 850.5
1104210 850.8
1104220 850.9
1104230 850.9
1104240 850.8
1104250 850.8
1104260 850.9
1104270 850.9
1104280 850.8
1104290 849.6
1104300 849.6
1104310 844.3
1104320 836.0
1104330 836.0
1104340 829.4
1104350 825.0
1104360 825.0
1104370 821.8
1104380 817.3
1104390 813.3
1104400 809.5
1104410 806.8
1104420 806.8
1104430 805.1
1104440 803.9
1104450 803.9
1104460 801.6
1104470 800.6
1104480 800.6
1104490 800.3
1104500 800.3
1104510 800.3
1104520 800.3
1104530 800.4
1104540 799.9
1104550 799.9
1104560 799.9
1104570 800.0
1104580 800.0
1104590 800.1
1104600 800.4
1104610 800.4
1104620 800.6
1104630 800.7
1104640 800.7
1104650 800.9
1104660 801.1
1104670 801.1
1104680 801.2
1104690 801.4
1104700 801.4
1104710 801.6
1104720 803.1
1104730 803.1
1104740 803.2
1104750 803.5
1104760 803.5
1104770 803.9
1104780 803.3
1104790 803.4
1104800 803.4
1104810 803.4
1104820 803.5
1104830 803.5
1104840 803.5
1104850 803.8
1104860 803.8
1104870 804.1
1104880 804.4
1104890 804.4
1104900 804.7
1104910 804.7
1104920 804.7
1104930 805.0
1104940 805.6
1104950 805.6
1104960 806.5
1104970 807.9
1104980 807.9
1104990 809.7
1105000 811.4
1105010 811.4
1105020 812.4
1105030 811.2
1105040 808.7
1105050 808.7
1105060 810.1
1105070 807.9
1105080 807.9
1105090 806.1
1105100 805.7
1105110 805.7
1105120 805.8
1105130 806.2
1105140 806.2
1105150 806.5
1105160 806.4
1105170 806.4
1105180 806.3
1105190 806.4
1105200 806.4
1105210 806.9
1105220 807.6
1105230 807.6
1105240 808.8
1105250 810.7
1105260 810.7
1105270 812.8
1105280 815.4
1105290 815.4
1105300 818.1
1105310 820.6
1105320 821.3
1105330 821.3
1105340 821.2
1105350 821.7
1105360 821.7
1105370 825.9
1105380 825.9
1105390 830.1
1105400 831.4
1105410 836.8
1105420 836.8
1105430 843.3
1105440 850.0
1105450 850.0
1105460 855.4
1105470 860.1
1105480 860.1
1105490 864.2
1105500 868.3
1105510 868.3
1105520 872.2
1105530 876.8
1105540 876.8
1105550 891.1
1105560 900.8
1105570 906.1
1105580 906.1
1105590 910.7
1105600 913.8
1105610 913.8
1105620 915.3
1105630 916.2
1105640 916.2
1105650 916.9
1105660 920.1
1105670 920.1
1105680 922.6
1105690 925.2
1105700 925.2
1105710 928.9
1105720 933.9
1105730 940.6
1105740 947.5
1105750 952.1
1105760 952.1
1105770 956.1
1105780 959.1
1105790 959.1
1105800 962.8
1105810 966.5
1105820 966.5
1105830 969.7
1105840 972.5
1105850 974.3
1105860 974.3
1105870 974.1
1105880 977.0
1105890 977.0
1105900 984.6
1105910 992.2
1105920 992.2
1105930 1000.3
1105940 1006.9
1105950 1006.9
1105960 1012.2
1105970 1016.7
1105980 1016.7
1105990 1019.9
1106000 1023.0
1106010 1023.0
1106020 1025.7
1106030 1028.2
1106040 1028.2
1106050 1029.8
1106060 1040.5
1106070 1040.5
1106080 1043.8
1106090 1045.6
1106100 1045.2
1106110 1045.2
1106120 1050.8
1106130 1052.2
1106140 1052.2
1106150 1052.1
1106160 1052.7
1106170 1052.7
1106180 1056.7
1106190 1060.4
1106200 1060.4
1106210 1062.2
1106220 1063.4
1106230 1063.4
1106240 1065.2
1106250 1067.1
1106260 1067.1
1106270 1069.0
1106280 1070.1
1106290 1070.1
1106300 1070.6
1106310 1071.1
1106320 1071.1
1106330 1071.7
1106340 1073.3
1106350 1073.3
1106360 1075.1
1106370 1076.9
1106380 1078.6
1106390 1078.6
1106400 1083.6
1106410 1083.5
1106420 1083.5
1106430 1082.9
1106440 1082.2
1106450 1082.2
1106460 1081.1
1106470 1080.3
1106480 1080.3
1106490 1080.1
1106500 1080.0
1106510 1080.0
1106520 1079.6
1106530 1078.8
1106540 1078.8
1106550 1077.4
1106560 1075.7
1106570 1075.7
1106580 1073.5
1106590 1070.4
1106600 1070.4
1106610 1066.2
1106620 1063.1
1106630 1060.5
1106640 1060.5
1106650 1058.1
1106660 1056.7
1106670 1056.7
1106680 1056.7
1106690 1054.5
1106700 1054.5
1106710 1053.0
1106720 1052.3
1106730 1052.3
1106740 1057.1
1106750 1058.2
1106760 1058.2
1106770 1059.9
1106780 1060.0
1106790 1060.0
1106800 1059.8
1106810 1059.1
1106820 1059.1
1106830 1058.6
1106840 1058.5
1106850 1058.5
1106860 1057.2
1106870 1056.2
1106880 1056.2
1106890 1057.1
1106900 1059.4
1106910 1060.3
1106920 1060.3
1106930 1060.3
1106940 1059.4
1106950 1059.4
1106960 1055.3
1106970 1051.9
1106980 1051.9
1106990 1053.7
1107000 1053.4
1107010 1053.4
1107020 1052.2
1107030 1051.6
1107040 1051.6
1107050 1051.0
1107060 1049.1
1107070 1056.9
1107080 1054.8
1107090 1052.2
1107100 1052.2
1107110 1049.3
1107120 1047.1
1107130 1047.1
1107140 1044.8
1107150 1040.8
1107160 1035.4
1107170 1035.4
1107180 1035.4
1107190 1038.2
1107200 1038.2
1107210 1038.0
1107220 1035.9
1107230 1035.9
1107240 1031.5
1107250 1027.9
1107260 1027.9
1107270 1025.9
1107280 1029.5
1107290 1029.5
1107300 1035.8
1107310 1038.0
1107320 1038.0
1107330 1039.7
1107340 1041.1
1107350 1041.1
1107360 1041.4
1107370 1042.1
1107380 1042.1
1107390 1042.7
1107400 1043.0
1107410 1049.5
1107420 1049.0
1107430 1047.7
1107440 1045.5
1107450 1045.5
1107460 1046.8
1107470 1050.0
1107480 1050.0
1107490 1048.2
1107500 1047.5
1107510 1047.5
1107520 1047.9
1107530 1047.5
1107540 1047.5
1107550 1045.4
1107560 1043.7
1107570 1043.7
1107580 1042.7
1107590 1043.0
1107600 1043.0
1107610 1043.2
1107620 1044.2
1107630 1044.2
1107640 1045.6
1107650 1045.6
1107660 1045.6
1107670 1045.0
1107680 1044.9
1107690 1043.4
1107700 1043.4
1107710 1041.0
1107720 1039.0
1107730 1039.0
1107740 1035.7
1107750 1036.4
1107760 1036.4
1107770 1027.4
1107780 1026.9
1107790 1026.9
1107800 1028.3
1107810 1029.2
1107820 1029.2
1107830 1029.8
1107840 1028.8
1107850 1028.8
1107860 1027.8
1107870 1027.0
1107880 1027.0
1107890 1025.8
1107900 1024.0
1107910 1024.0
1107920 1020.9
1107930 1017.1
1107940 1017.1
1107950 1012.5
1107960 1007.5
1107970 1002.2
1107980 1002.2
1107990 996.5
1108000 990.9
1108010 990.9
1108020 986.9
1108030 983.1
1108040 983.1
1108050 978.7
1108060 974.1
1108070 974.1
1108080 969.4
1108090 968.6
1108100 968.6
1108110 964.8
1108120 961.9
1108130 961.9
1108140 958.8
1108150 956.7
1108160 956.7
1108170 954.7
1108180 952.6
1108190 952.6
1108200 950.1
1108210 947.5
1108220 945.1
1108230 945.1
1108240 944.0
1108250 940.5
1108260 940.5
1108270 937.2
1108280 934.0
1108290 934.0
1108300 921.7
1108310 921.4
1108320 921.4
1108330 928.7
1108340 935.5
1108350 935.5
1108360 942.5
1108370 945.2
1108380 945.2
1108390 948.2
1108400 952.3
1108410 952.3
1108420 955.5
1108430 959.7
1108440 959.7
1108450 964.1
1108460 968.9
1108470 968.9
1108480 974.2
1108490 979.2
1108500 984.8
1108510 984.8
1108520 990.0
1108530 995.7
1108540 995.7
1108550 1001.1
1108560 1006.6
1108570 1006.6
1108580 1013.2
1108590 1020.9
1108600 1020.9
1108610 1028.7
1108620 1036.6
1108630 1036.6
1108640 1044.3
1108650 1051.8
1108660 1051.8
1108670 1059.1
1108680 1066.9
1108690 1066.9
1108700 1075.2
1108710 1084.0
1108720 1084.0
1108730 1092.6
1108740 1101.8
1108750 1113.7
1108760 1118.6
1108770 1128.9
1108780 1139.8
1108790 1139.8
1108800 1159.7
1108810 1179.1
1108820 1179.1
1108830 1191.9
1108840 1207.2
1108850 1207.2
1108860 1226.1
1108870 1245.4
1108880 1245.4
1108890 1273.4
1108900 1300.2
1108910 1300.2
1108920 1320.7
1108930 1338.6
1108940 1338.6
1108950 1346.6
1108960 1353.2
1108970 1353.2
1108980 1360.7
1108990 1364.4
1109000 1357.6
1109010 1357.6
1109020 1359.2
1109030 1369.7
1109040 1369.7
1109050 1378.0
1109060 1375.1
1109070 1375.1
1109080 1363.0
1109090 1352.1
1109100 1357.2
1109110 1343.7
1109120 1338.3
1109130 1338.3
1109140 1342.3
1109150 1348.3
1109160 1348.3
1109170 1349.6
1109180 1355.5
1109190 1355.5
1109200 1363.9
1109210 1357.3
1109220 1357.3
1109230 1362.7
1109240 1364.2
1109250 1364.2
1109260 1367.4
1109270 1384.9
1109280 1391.4
1109290 1391.4
1109300 1405.2
1109310 1418.5
1109320 1418.5
1109330 1423.6
1109340 1416.4
1109350 1416.4
1109360 1424.8
1109370 1430.1
1109380 1430.1
1109390 1427.0
1109400 1413.5
1109410 1413.5
1109420 1408.2
1109430 1400.9
1109440 1407.8
1109450 1408.9
1109460 1416.8
1109470 1416.8
1109480 1431.6
1109490 1427.1
1109500 1427.1
1109510 1401.9
1109520 1396.4
1109530 1395.8
1109540 1395.8
1109550 1394.1
1109560 1409.8
1109570 1409.8
1109580 1409.4
1109590 1392.5
1109600 1392.5
1109610 1389.2
1109620 1380.2
1109630 1380.2
1109640 1376.3
1109650 1380.8
1109660 1380.8
1109670 1400.0
1109680 1412.6
1109690 1412.6
1109700 1423.1
1109710 1432.2
1109720 1432.2
1109730 1428.3
1109740 1403.6
1109750 1403.6
1109760 1392.2
1109770 1386.7
1109780 1379.6
1109790 1363.0
1109800 1349.7
1109810 1337.0
1109820 1337.0
1109830 1329.1
1109840 1321.6
1109850 1321.6
1109860 1334.8
1109870 1344.0
1109880 1344.0
1109890 1351.5
1109900 1354.0
1109910 1354.0
1109920 1360.1
1109930 1372.3
1109940 1372.3
1109950 1385.7
1109960 1416.0
1109970 1416.0
1109980 1418.0
1109990 1411.9
1110000 1411.9
1110010 1398.8
1110020 1391.0
1110030 1391.0
1110040 1383.8
1110050 1376.0
1110060 1368.3
1110070 1368.3
1110080 1361.5
1110090 1355.3
1110100 1355.3
1110110 1350.9
1110120 1350.8
1110130 1350.8
1110140 1346.3
1110150 1341.1
1110160 1341.1
1110170 1335.8
1110180 1329.9
1110190 1329.9
1110200 1324.7
1110210 1317.3
1110220 1317.3
1110230 1307.8
1110240 1300.7
1110250 1300.7
1110260 1295.7
1110270 1292.0
1110280 1292.0
1110290 1285.5
1110300 1278.7
1110310 1278.7
1110320 1270.2
1110330 1264.4
1110340 1259.9
1110350 1259.9
1110360 1250.3
1110370 1241.6
1110380 1241.6
1110390 1232.9
1110400 1225.0
1110410 1225.0
1110420 1218.0
1110430 1210.9
1110440 1210.9
1110450 1203.6
1110460 1196.5
1110470 1196.5
1110480 1188.3
1110490 1180.6
1110500 1180.6
1110510 1167.6
1110520 1163.0
1110530 1163.0
1110540 1158.9
1110550 1149.6
1110560 1149.6
1110570 1139.3
1110580 1129.1
1110590 1122.7
1110600 1122.7
1110610 1111.0
1110620 1103.3
1110630 1103.3
1110640 1097.7
1110650 1091.1
1110660 1091.1
1110670 1083.5
1110680 1076.9
1110690 1076.9
1110700 1070.5
1110710 1063.7
1110720 1063.7
1110730 1055.9
1110740 1047.7
1110750 1047.7
1110760 1039.7
1110770 1030.2
1110780 1030.2
1110790 1021.0
1110800 1014.6
1110810 1014.6
1110820 1013.3
1110830 1016.0
1110840 1016.0
1110850 1018.9
1110860 1022.8
1110870 1025.9
1110880 1025.9
1110890 1028.1
1110900 1031.5
1110910 1031.5
1110920 1034.9
1110930 1038.2
1110940 1038.2
1110950 1042.2
1110960 1045.9
1110970 1045.9
1110980 1050.0
1110990 1054.5
1111000 1054.5
1111010 1059.0
1111020 1062.5
1111030 1062.5
1111040 1066.2
1111050 1069.9
1111060 1069.9
1111070 1074.2
1111080 1078.4
1111090 1078.4
1111100 1082.8
1111110 1087.3
1111120 1091.9
1111130 1091.9
1111140 1097.3
1111150 1102.1
1111160 1102.1
1111170 1107.0
1111180 1111.6
1111190 1111.6
1111200 1116.5
1111210 1120.9
1111220 1120.9
1111230 1125.6
1111240 1130.0
1111250 1130.0
1111260 1134.7
1111270 1140.0
1111280 1140.0
1111290 1145.3
1111300 1150.7
1111310 1150.7
1111320 1156.5
1111330 1162.5
1111340 1162.5
1111350 1168.2
1111360 1174.0
1111370 1174.0
1111380 1180.0
1111390 1186.3
1111400 1192.3
1111410 1192.3
1111420 1198.0
1111430 1203.2
1111440 1203.2
1111450 1208.5
1111460 1213.9
1111470 1213.9
1111480 1220.2
1111490 1226.3
1111500 1226.3
1111510 1233.3
1111520 1240.1
1111530 1240.1
1111540 1248.7
1111550 1259.0
1111560 1259.0
1111570 1266.7
1111580 1274.5
1111590 1274.5
1111600 1282.3
1111610 1290.9
1111620 1290.9
1111630 1299.0
1111640 1301.3
1111650 1315.9
1111660 1315.9
1111670 1323.8
1111680 1332.4
1111690 1332.4
1111700 1339.9
1111710 1344.9
1111720 1344.9
1111730 1352.7
1111740 1355.1
1111750 1355.1
1111760 1361.2
1111770 1380.5
1111780 1380.5
1111790 1395.5
1111800 1404.0
1111810 1404.0
1111820 1423.8
1111830 1429.3
1111840 1429.3
1111850 1431.4
1111860 1435.6
1111870 1435.6
1111880 1451.2
1111890 1474.1
1111900 1474.1
1111910 1489.1
1111920 1501.0
1111930 1512.5
1111940 1512.5
1111950 1525.8
1111960 1532.0
1111970 1532.0
1111980 1538.7
1111990 1540.4
1112000 1540.4
1112010 1538.8
1112020 1537.5
1112030 1537.5
1112040 1539.1
1112050 1544.6
1112060 1544.6
1112070 1552.8
1112080 1556.6
1112090 1556.6
1112100 1558.2
1112110 1567.4
1112120 1567.4
1112130 1577.0
1112140 1582.1
1112150 1582.1
1112160 1602.2
1112170 1625.1
1112180 1639.8
1112190 1639.8
1112200 1654.4
1112210 1666.2
1112220 1666.2
1112230 1672.6
1112240 1677.1
1112250 1677.1
1112260 1683.8
1112270 1696.4
1112280 1696.4
1112290 1711.8
1112300 1724.0
1112310 1724.0
1112320 1748.2
1112330 1788.4
1112340 1788.4
1112350 1801.4
1112360 1807.1
1112370 1807.1
1112380 1811.4
1112390 1816.4
1112400 1816.4
1112410 1821.7
1112420 1827.3
1112430 1829.4
1112440 1829.4
1112450 1834.2
1112460 1843.5
1112470 1843.5
1112480 1849.3
1112490 1856.2
1112500 1856.2
1112510 1879.0
1112520 1890.1
1112530 1890.1
1112540 1905.7
1112550 1910.9
1112560 1910.9
1112570 1913.6
1112580 1920.4
1112590 1920.4
1112600 1929.3
1112610 1937.4
1112620 1937.4
1112630 1947.1
1112640 1954.7
1112650 1954.7
1112660 1962.3
1112670 1969.2
1112680 1969.2
1112690 1976.3
1112700 1983.1
1112710 1983.7
1112720 1983.7
1112730 1976.5
1112740 1967.2
1112750 1967.2
1112760 1960.6
1112770 1954.9
1112780 1954.9
1112790 1947.6
1112800 1937.7
1112810 1937.7
1112820 1928.3
1112830 1921.1
1112840 1921.1
1112850 1908.6
1112860 1900.7
1112870 1900.7
1112880 1893.8
1112890 1887.5
1112900 1887.5
1112910 1877.1
1112920 1869.4
1112930 1869.4
1112940 1863.4
1112950 1857.4
1112960 1851.1
1112970 1851.1
1112980 1845.1
1112990 1839.2
1113000 1839.2
1113010 1833.4
1113020 1827.9
1113030 1827.9
1113040 1822.7
1113050 1818.4
1113060 1818.4
1113070 1814.4
1113080 1810.9
1113090 1810.9
1113100 1807.7
1113110 1804.7
1113120 1804.7
1113130 1801.7
1113140 1798.5
1113150 1798.5
1113160 1795.0
1113170 1792.3
1113180 1792.3
1113190 1793.9
1113200 1790.9
1113210 1790.9
1113220 1788.7
1113230 1787.9
1113240 1788.1
1113250 1788.1
1113260 1788.3
1113270 1788.2
1113280 1788.2
1113290 1787.9
1113300 1787.7
1113310 1787.7
1113320 1786.2
1113330 1784.2
1113340 1784.2
1113350 1782.0
1113360 1781.0
1113370 1781.0
1113380 1780.3
1113390 1781.7
1113400 1781.7
1113410 1782.4
1113420 1782.8
1113430 1782.8
1113440 1783.2
1113450 1784.2
1113460 1784.2
1113470 1785.1
1113480 1785.7
1113490 1786.1
1113500 1786.1
1113510 1786.2
1113520 1785.7
1113530 1792.7
1113540 1792.1
1113550 1796.7
1113560 1796.7
1113570 1807.3
1113580 1812.8
1113590 1812.8
1113600 1818.8
1113610 1827.3
1113620 1827.3
1113630 1831.8
1113640 1828.3
1113650 1828.3
1113660 1822.6
1113670 1819.7
1113680 1819.7
1113690 1817.7
1113700 1814.4
1113710 1814.4
1113720 1810.4
1113730 1804.5
1113740 1804.5
1113750 1797.1
1113760 1789.7
1113770 1779.8
1113780 1779.8
1113790 1770.3
1113800 1759.2
1113810 1759.2
1113820 1748.5
1113830 1738.1
1113840 1738.1
1113850 1729.8
1113860 1722.8
1113870 1722.8
1113880 1719.7
1113890 1714.3
1113900 1714.3
1113910 1708.5
1113920 1702.6
1113930 1702.6
1113940 1696.0
1113950 1688.7
1113960 1688.7
1113970 1681.1
1113980 1674.2
1113990 1674.2
1114000 1671.5
1114010 1673.0
1114020 1673.4
1114030 1673.4
1114040 1675.2
1114050 1677.9
1114060 1677.9
1114070 1679.5
1114080 1682.2
1114090 1682.2
1114100 1685.0
1114110 1689.4
1114120 1689.4
1114130 1692.8
1114140 1697.3
1114150 1697.3
1114160 1705.0
1114170 1715.2
1114180 1715.2
1114190 1729.2
1114200 1740.6
1114210 1740.6
1114220 1752.2
1114230 1752.4
1114240 1752.4
1114250 1751.4
1114260 1748.3
1114270 1748.3
1114280 1745.4
1114290 1741.0
1114300 1733.9
1114310 1733.9
1114320 1725.5
1114330 1717.4
1114340 1717.4
1114350 1707.2
1114360 1700.6
1114370 1700.6
1114380 1697.5
1114390 1694.6
1114400 1694.6
1114410 1691.4
1114420 1683.4
1114430 1683.4
1114440 1675.7
1114450 1668.3
1114460 1668.3
1114470 1657.7
1114480 1650.0
1114490 1650.0
1114500 1640.0
1114510 1630.3
1114520 1630.3
1114530 1622.8
1114540 1616.0
1114550 1609.3
1114560 1616.1
1114570 1607.5
1114580 1598.5
1114590 1598.5
1114600 1591.0
1114610 1584.5
1114620 1584.5
1114630 1578.9
1114640 1573.3
1114650 1573.3
1114660 1568.2
1114670 1560.7
1114680 1560.7
1114690 1551.1
1114700 1541.9
1114710 1541.9
1114720 1535.0
1114730 1528.9
1114740 1528.9
1114750 1520.7
1114760 1511.4
1114770 1511.4
1114780 1503.1
1114790 1494.2
1114800 1484.0
1114810 1484.0
1114820 1470.0
1114830 1448.5
1114840 1448.5
1114850 1435.7
1114860 1428.7
1114870 1428.7
1114880 1421.3
1114890 1399.5
1114900 1399.5
1114910 1392.7
1114920 1369.8
1114930 1369.8
1114940 1357.0
1114950 1349.6
1114960 1349.6
1114970 1342.1
1114980 1334.4
1114990 1334.4
1115000 1331.7
1115010 1330.2
1115020 1330.2
1115030 1340.7
1115040 1352.9
1115050 1352.9
1115060 1355.9
1115070 1356.7
1115080 1362.7
1115090 1362.7
1115100 1352.4
1115110 1336.9
1115120 1336.9
1115130 1330.5
1115140 1328.7
1115150 1328.7
1115160 1328.6
1115170 1327.6
1115180 1327.6
1115190 1324.1
1115200 1319.7
1115210 1319.7
1115220 1316.9
1115230 1313.5
1115240 1313.5
1115250 1316.0
1115260 1314.8
1115270 1314.8
1115280 1310.5
1115290 1303.8
1115300 1303.8
1115310 1297.7
1115320 1302.1
1115330 1308.8
1115340 1308.8
1115350 1307.0
1115360 1306.8
1115370 1306.8
1115380 1305.1
1115390 1300.8
1115400 1300.8
1115410 1300.3
1115420 1296.1
1115430 1296.1
1115440 1285.2
1115450 1271.3
1115460 1271.3
1115470 1270.9
1115480 1269.8
1115490 1269.8
1115500 1270.5
1115510 1270.7
1115520 1270.7
1115530 1270.2
1115540 1268.1
1115550 1268.1
1115560 1266.4
1115570 1265.4
1115580 1265.4
1115590 1264.7
1115600 1270.1
1115610 1267.3
1115620 1267.3
1115630 1267.4
1115640 1265.3
1115650 1265.3
1115660 1263.2
1115670 1261.3
1115680 1261.3
1115690 1259.9
1115700 1258.8
1115710 1258.8
1115720 1258.8
1115730 1259.2
1115740 1259.2
1115750 1258.9
1115760 1258.9
1115770 1258.9
1115780 1259.1
1115790 1258.9
1115800 1258.9
1115810 1258.6
1115820 1258.2
1115830 1258.2
1115840 1259.3
1115850 1259.7
1115860 1258.5
1115870 1258.5
1115880 1258.0
1115890 1258.8
1115900 1258.8
1115910 1257.9
1115920 1256.2
1115930 1256.2
1115940 1260.1
1115950 1258.2
1115960 1258.2
1115970 1256.4
1115980 1254.9
1115990 1254.9
1116000 1252.8
1116010 1250.6
1116020 1250.6
1116030 1248.6
1116040 1246.6
1116050 1246.6
1116060 1244.5
1116070 1242.2
1116080 1242.2
1116090 1241.2
1116100 1238.5
1116110 1238.5
1116120 1236.4
1116130 1232.8
1116140 1230.0
1116150 1230.0
1116160 1227.8
1116170 1226.0
1116180 1226.0
1116190 1223.5
1116200 1220.7
1116210 1220.7
1116220 1218.6
1116230 1218.8
1116240 1218.8
1116250 1219.2
1116260 1218.9
1116270 1218.9
1116280 1219.1
1116290 1220.5
1116300 1220.5
1116310 1221.6
1116320 1221.8
1116330 1221.8
1116340 1222.6
1116350 1224.8
1116360 1224.8
1116370 1225.1
1116380 1225.3
1116390 1225.7
1116400 1225.7
1116410 1226.7
1116420 1227.9
1116430 1227.9
1116440 1230.4
1116450 1233.4
1116460 1233.4
1116470 1236.9
1116480 1240.1
1116490 1240.1
1116500 1243.1
1116510 1247.0
1116520 1247.0
1116530 1249.2
1116540 1250.0
1116550 1250.0
1116560 1249.4
1116570 1245.7
1116580 1245.7
1116590 1239.8
1116600 1239.4
1116610 1239.4
1116620 1243.5
1116630 1246.3
1116640 1246.3
1116650 1250.2
1116660 1253.1
1116670 1254.7
1116680 1254.7
1116690 1254.9
1116700 1253.7
1116710 1253.7
1116720 1253.3
1116730 1254.2
1116740 1254.2
1116750 1254.4
1116760 1253.7
1116770 1253.7
1116780 1255.6
1116790 1259.0
1116800 1259.0
1116810 1261.1
1116820 1262.8
1116830 1262.8
1116840 1266.0
1116850 1271.4
1116860 1271.4
1116870 1273.2
1116880 1278.0
1116890 1278.0
1116900 1281.2
1116910 1282.9
1116920 1286.4
1116930 1286.4
1116940 1290.4
1116950 1296.7
1116960 1296.7
1116970 1304.1
1116980 1307.6
1116990 1307.6
1117000 1313.1
1117010 1317.4
1117020 1317.4
1117030 1321.3
1117040 1324.9
1117050 1324.9
1117060 1328.7
1117070 1331.6
1117080 1331.6
1117090 1333.1
1117100 1332.9
1117110 1332.9
1117120 1335.8
1117130 1340.4
1117140 1340.4
1117150 1345.7
1117160 1351.3
1117170 1356.7
1117180 1356.7
1117190 1362.7
1117200 1367.8
1117210 1367.8
1117220 1372.9
1117230 1378.3
1117240 1378.3
1117250 1383.2
1117260 1389.4
1117270 1389.4
1117280 1396.1
1117290 1402.1
1117300 1402.1
1117310 1408.9
1117320 1415.6
1117330 1412.2
1117340 1418.4
1117350 1423.5
1117360 1423.5
1117370 1427.1
1117380 1431.2
1117390 1431.2
1117400 1436.4
1117410 1441.5
1117420 1441.5
1117430 1446.5
1117440 1451.8
1117450 1458.2
1117460 1458.2
1117470 1465.1
1117480 1471.4
1117490 1471.4
1117500 1478.3
1117510 1486.5
1117520 1486.5
1117530 1493.4
1117540 1498.4
1117550 1498.4
1117560 1502.6
1117570 1505.3
1117580 1505.3
1117590 1508.1
1117600 1512.3
1117610 1512.3
1117620 1516.2
1117630 1519.0
1117640 1519.0
1117650 1520.0
1117660 1521.0
1117670 1513.5
1117680 1524.7
1117690 1529.4
1117700 1533.4
1117710 1533.4
1117720 1538.2
1117730 1543.0
1117740 1543.0
1117750 1545.8
1117760 1552.0
1117770 1552.0
1117780 1558.2
1117790 1563.2
1117800 1563.2
1117810 1568.7
1117820 1572.5
1117830 1572.5
1117840 1577.3
1117850 1582.9
1117860 1582.9
1117870 1586.4
1117880 1590.3
1117890 1590.3
1117900 1596.2
1117910 1601.8
1117920 1601.8
1117930 1609.6
1117940 1617.4
1117950 1617.4
1117960 1623.7
1117970 1631.2
1117980 1637.3
1117990 1637.3
1118000 1644.6
1118010 1649.9
1118020 1640.7
1118030 1644.4
1118040 1648.0
1118050 1648.0
1118060 1650.4
1118070 1653.1
1118080 1653.1
1118090 1658.1
1118100 1663.0
1118110 1663.0
1118120 1667.9
1118130 1671.4
1118140 1671.4
1118150 1674.1
1118160 1676.5
1118170 1676.5
1118180 1679.2
1118190 1683.0
1118200 1683.0
1118210 1687.6
1118220 1693.4
1118230 1697.5
1118240 1697.5
1118250 1702.3
1118260 1708.1
1118270 1708.1
1118280 1714.2
1118290 1719.8
1118300 1719.8
1118310 1725.7
1118320 1732.7
1118330 1732.7
1118340 1740.2
1118350 1747.5
1118360 1747.5
1118370 1746.5
1118380 1757.4
1118390 1757.4
1118400 1761.3
1118410 1762.8
1118420 1762.8
1118430 1762.6
1118440 1761.1
1118450 1761.1
1118460 1759.6
1118470 1759.9
1118480 1759.9
1118490 1763.8
1118500 1769.2
1118510 1771.2
1118520 1771.2
1118530 1769.2
1118540 1769.8
1118550 1769.8
1118560 1769.8
1118570 1768.9
1118580 1768.9
1118590 1766.2
1118600 1766.6
1118610 1766.6
1118620 1767.4
1118630 1766.9
1118640 1766.9
1118650 1766.2
1118660 1766.9
1118670 1766.9
1118680 1769.8
1118690 1771.6
1118700 1771.6
1118710 1767.7
1118720 1766.3
1118730 1766.3
1118740 1766.1
1118750 1764.6
1118760 1763.2
1118770 1763.2
1118780 1762.9
1118790 1763.6
1118800 1763.6
1118810 1763.1
1118820 1761.1
1118830 1761.1
1118840 1759.8
1118850 1760.6
1118860 1760.6
1118870 1762.6
1118880 1763.7
1118890 1763.7
1118900 1763.5
1118910 1764.9
1118920 1764.9
1118930 1766.0
1118940 1768.0
1118950 1768.0
1118960 1771.7
1118970 1772.9
1118980 1772.9
1118990 1772.9
1119000 1774.0
1119010 1774.0
1119020 1775.6
1119030 1776.2
1119040 1777.0
1119050 1777.0
1119060 1771.5
1119070 1773.0
1119080 1773.0
1119090 1774.8
1119100 1775.7
1119110 1775.7
1119120 1775.0
1119130 1774.1
1119140 1774.1
1119150 1773.5
1119160 1773.5
1119170 1773.5
1119180 1771.7
1119190 1770.9
1119200 1770.9
1119210 1771.8
1119220 1773.7
1119230 1773.7
1119240 1776.4
1119250 1778.6
1119260 1778.6
1119270 1779.8
1119280 1780.9
1119290 1782.4
1119300 1782.4
1119310 1783.5
1119320 1784.2
1119330 1784.2
1119340 1785.1
1119350 1785.5
1119360 1785.5
1119370 1786.6
1119380 1788.6
1119390 1788.6
1119400 1790.4
1119410 1790.9
1119420 1790.9
1119430 1793.0
1119440 1795.3
1119450 1795.3
1119460 1798.5
1119470 1802.4
1119480 1802.4
1119490 1807.3
1119500 1813.1
1119510 1813.1
1119520 1818.6
1119530 1824.2
1119540 1833.6
1119550 1833.6
1119560 1844.3
1119570 1854.8
1119580 1854.8
1119590 1863.1
1119600 1871.0
1119610 1871.0
1119620 1876.8
1119630 1883.4
1119640 1883.4
1119650 1891.0
1119660 1892.5
1119670 1892.5
1119680 1893.8
1119690 1895.4
1119700 1895.4
1119710 1897.5
1119720 1900.5
1119730 1900.5
1119740 1904.2
1119750 1910.4
1119760 1910.7
1119770 1915.2
1119780 1917.2
1119790 1917.2
1119800 1918.7
1119810 1920.6
1119820 1924.8
1119830 1924.8
1119840 1927.3
1119850 1929.1
1119860 1929.1
1119870 1930.0
1119880 1930.2
1119890 1930.2
1119900 1931.2
1119910 1934.3
1119920 1934.3
1119930 1932.2
1119940 1929.5
1119950 1929.5
1119960 1934.2
1119970 1940.6
1119980 1940.6
1119990 1946.5
