1100000 1412.0
1100010 1408.1
1100020 1408.1
1100030 1403.1
1100040 1399.1
1100050 1396.7
1100060 1396.7
1100070 1395.4
1100080 1395.0
1100090 1395.0
1100100 1394.8
1100110 1394.0
1100120 1394.0
1100130 1392.4
1100140 1391.4
1100150 1391.4
1100160 1390.4
1100170 1389.5
1100180 1384.5
1100190 1383.6
1100200 1382.1
1100210 1382.1
1100220 1380.7
1100230 1379.4
1100240 1379.4
1100250 1378.3
1100260 1376.8
1100270 1376.8
1100280 1374.5
1100290 1371.5
1100300 1371.5
1100310 1368.0
1100320 1363.7
1100330 1358.4
1100340 1358.4
1100350 1354.6
1100360 1351.0
1100370 1351.0
1100380 1348.0
1100390 1345.0
1100400 1345.0
1100410 1342.4
1100420 1340.6
1100430 1340.6
1100440 1337.3
1100450 1333.1
1100460 1333.1
1100470 1328.0
1100480 1322.1
1100490 1322.1
1100500 1316.8
1100510 1305.7
1100520 1305.7
1100530 1299.7
1100540 1293.5
1100550 1293.5
1100560 1287.0
1100570 1280.2
1100580 1274.6
1100590 1274.6
1100600 1269.8
1100610 1264.6
1100620 1264.6
1100630 1258.6
1100640 1251.4
1100650 1251.4
1100660 1238.8
1100670 1226.9
1100680 1226.9
1100690 1218.7
1100700 1211.3
1100710 1211.3
1100720 1206.7
1100730 1205.3
1100740 1205.3
1100750 1208.1
1100760 1217.3
1100770 1217.3
1100780 1223.0
1100790 1229.4
1100800 1229.4
1100810 1233.6
1100820 1232.9
1100830 1232.9
1100840 1230.4
1100850 1236.4
1100860 1239.6
1100870 1239.6
1100880 1240.2
1100890 1237.7
1100900 1237.7
1100910 1231.3
1100920 1226.7
1100930 1226.7
1100940 1224.6
1100950 1232.4
1100960 1232.4
1100970 1240.3
1100980 1244.9
1100990 1244.9
1101000 1242.7
1101010 1240.3
1101020 1240.3
1101030 1241.6
1101040 1247.3
1101050 1247.3
1101060 1251.3
1101070 1257.2
1101080 1257.2
1101090 1262.2
1101100 1269.1
1101110 1274.3
1101120 1274.3
1101130 1275.3
1101140 1275.8
1101150 1275.8
1101160 1276.0
1101170 1267.8
1101180 1267.8
1101190 1264.6
1101200 1263.1
1101210 1263.1
1101220 1265.3
1101230 1270.8
1101240 1270.8
1101250 1277.5
1101260 1283.5
1101270 1283.5
1101280 1287.4
1101290 1288.7
1101300 1288.7
1101310 1289.5
1101320 1290.4
1101330 1290.4
1101340 1291.0
1101350 1291.3
1101360 1291.3
1101370 1291.5
1101380 1291.5
1101390 1291.4
1101400 1291.4
1101410 1291.0
1101420 1290.0
1101430 1290.0
1101440 1289.2
1101450 1288.4
1101460 1288.4
1101470 1287.4
1101480 1286.8
1101490 1286.8
1101500 1286.5
1101510 1281.2
1101520 1281.2
1101530 1279.8
1101540 1278.4
1101550 1278.4
1101560 1276.9
1101570 1275.1
1101580 1275.1
1101590 1273.1
1101600 1270.9
1101610 1270.9
1101620 1268.4
1101630 1265.6
1101640 1265.6
1101650 1262.8
1101660 1260.1
1101670 1257.4
1101680 1257.4
1101690 1254.6
1101700 1251.9
1101710 1251.9
1101720 1249.3
1101730 1246.5
1101740 1246.5
1101750 1243.7
1101760 1241.3
1101770 1241.3
1101780 1239.3
1101790 1237.3
1101800 1237.3
1101810 1234.3
1101820 1230.3
1101830 1230.3
1101840 1223.6
1101850 1220.4
1101860 1220.4
1101870 1217.9
1101880 1216.7
1101890 1216.7
1101900 1215.9
1101910 1213.4
1101920 1211.6
1101930 1211.6
1101940 1210.2
1101950 1209.0
1101960 1209.0
1101970 1207.5
1101980 1205.7
1101990 1205.7
1102000 1204.0
1102010 1200.2
1102020 1200.2
1102030 1194.8
1102040 1194.7
1102050 1194.7
1102060 1196.2
1102070 1196.9
1102080 1196.9
1102090 1196.2
1102100 1195.0
1102110 1195.0
1102120 1193.5
1102130 1191.7
1102140 1191.7
1102150 1189.9
1102160 1188.2
1102170 1183.5
1102180 1181.6
1102190 1179.7
1102200 1177.6
1102210 1177.6
1102220 1175.9
1102230 1174.8
1102240 1174.8
1102250 1173.3
1102260 1171.1
1102270 1171.1
1102280 1168.3
1102290 1165.6
1102300 1165.6
1102310 1163.4
1102320 1161.1
1102330 1161.1
1102340 1157.6
1102350 1153.1
1102360 1153.1
1102370 1149.3
1102380 1145.6
1102390 1145.6
1102400 1142.0
1102410 1141.0
1102420 1141.0
1102430 1141.3
1102440 1140.6
1102450 1138.6
1102460 1138.6
1102470 1135.4
1102480 1132.6
1102490 1132.6
1102500 1127.4
1102510 1124.1
1102520 1124.1
1102530 1120.1
1102540 1116.5
1102550 1116.5
1102560 1111.7
1102570 1107.9
1102580 1107.9
1102590 1105.3
1102600 1101.1
1102610 1101.1
1102620 1096.4
1102630 1091.1
1102640 1091.1
1102650 1086.4
1102660 1082.5
1102670 1082.5
1102680 1078.5
1102690 1072.8
1102700 1072.8
1102710 1066.7
1102720 1059.7
1102730 1051.3
1102740 1051.3
1102750 1043.5
1102760 1033.2
1102770 1033.2
1102780 1024.2
1102790 1016.4
1102800 1016.4
1102810 1007.4
1102820 1012.9
1102830 1012.9
1102840 1017.7
1102850 1029.1
1102860 1029.1
1102870 1040.8
1102880 1049.8
1102890 1049.8
1102900 1057.1
1102910 1068.0
1102920 1068.0
1102930 1077.8
1102940 1084.1
1102950 1084.1
1102960 1091.1
1102970 1094.7
1102980 1094.8
1102990 1094.8
1103000 1093.7
1103010 1091.9
1103020 1091.9
1103030 1090.0
1103040 1088.0
1103050 1088.0
1103060 1086.0
1103070 1083.8
1103080 1083.8
1103090 1082.7
1103100 1081.7
1103110 1081.7
1103120 1079.3
1103130 1074.6
1103140 1074.6
1103150 1068.0
1103160 1063.7
1103170 1059.1
1103180 1059.4
1103190 1056.7
1103200 1056.7
1103210 1051.2
1103220 1046.8
1103230 1046.8
1103240 1045.4
1103250 1045.4
1103260 1043.7
1103270 1043.7
1103280 1043.0
1103290 1041.8
1103300 1041.8
1103310 1044.3
1103320 1049.7
1103330 1049.7
1103340 1051.7
1103350 1052.2
1103360 1052.2
1103370 1054.1
1103380 1057.7
1103390 1057.7
1103400 1058.8
1103410 1059.4
1103420 1059.4
1103430 1059.6
1103440 1059.5
1103450 1059.5
1103460 1059.5
1103470 1058.8
1103480 1058.8
1103490 1058.0
1103500 1053.3
1103510 1052.6
1103520 1052.6
1103530 1050.9
1103540 1049.3
1103550 1049.3
1103560 1047.7
1103570 1046.7
1103580 1046.7
1103590 1046.6
1103600 1044.6
1103610 1044.6
1103620 1041.7
1103630 1038.3
1103640 1038.3
1103650 1034.7
1103660 1029.6
1103670 1029.6
1103680 1024.6
1103690 1021.8
1103700 1021.8
1103710 1019.7
1103720 1017.8
1103730 1017.8
1103740 1015.8
1103750 1014.0
1103760 1014.0
1103770 1012.6
1103780 1011.0
1103790 1010.0
1103800 1010.0
1103810 1010.2
1103820 1010.3
1103830 1010.3
1103840 1007.6
1103850 1005.5
1103860 1005.5
1103870 999.6
1103880 990.7
1103890 990.7
1103900 980.2
1103910 970.3
1103920 970.3
1103930 960.2
1103940 954.5
1103950 954.5
1103960 947.9
1103970 941.0
1103980 941.0
1103990 930.2
1104000 919.7
1104010 919.7
1104020 913.7
1104030 909.5
1104040 910.2
1104050 910.2
1104060 915.0
1104070 916.7
1104080 916.7
1104090 918.1
1104100 919.8
1104110 919.8
1104120 928.9
1104130 938.4
1104140 938.4
1104150 944.0
1104160 956.1
1104170 956.9
1104180 967.0
1104190 968.0
1104200 968.0
1104210 964.7
1104220 959.6
1104230 959.6
1104240 954.4
1104250 949.1
1104260 949.1
1104270 944.0
1104280 937.2
1104290 937.2
1104300 931.4
1104310 928.5
1104320 932.0
1104330 932.0
1104340 933.3
1104350 934.5
1104360 934.5
1104370 939.9
1104380 947.9
1104390 947.9
1104400 960.7
1104410 973.9
1104420 973.9
1104430 990.4
1104440 1000.6
1104450 1000.6
1104460 1006.9
1104470 1012.0
1104480 1012.0
1104490 1014.0
1104500 1013.8
1104510 1006.7
1104520 1006.1
1104530 1006.0
1104540 1006.0
1104550 1006.1
1104560 1008.0
1104570 1008.0
1104580 1009.8
1104590 1013.1
1104600 1017.5
1104610 1017.5
1104620 1024.0
1104630 1029.1
1104640 1029.1
1104650 1034.4
1104660 1039.8
1104670 1039.8
1104680 1045.5
1104690 1051.4
1104700 1051.4
1104710 1056.9
1104720 1062.0
1104730 1062.0
1104740 1066.9
1104750 1072.7
1104760 1072.7
1104770 1078.7
1104780 1084.3
1104790 1084.3
1104800 1090.5
1104810 1096.4
1104820 1096.4
1104830 1102.3
1104840 1109.3
1104850 1115.2
1104860 1115.2
1104870 1121.6
1104880 1127.9
1104890 1127.9
1104900 1133.8
1104910 1137.5
1104920 1137.5
1104930 1138.9
1104940 1141.1
1104950 1141.1
1104960 1143.0
1104970 1142.8
1104980 1142.8
1104990 1139.5
1105000 1138.8
1105010 1138.8
1105020 1141.0
1105030 1141.9
1105040 1141.9
1105050 1141.9
1105060 1139.5
1105070 1139.5
1105080 1135.0
1105090 1134.0
1105100 1134.0
1105110 1138.7
1105120 1141.3
1105130 1142.9
1105140 1142.9
1105150 1145.3
1105160 1149.4
1105170 1149.4
1105180 1161.8
1105190 1166.7
1105200 1166.7
1105210 1170.0
1105220 1173.2
1105230 1173.2
1105240 1175.6
1105250 1177.1
1105260 1177.1
1105270 1179.7
1105280 1181.8
1105290 1181.8
1105300 1182.5
1105310 1185.7
1105320 1185.7
1105330 1187.8
1105340 1187.8
1105350 1187.8
1105360 1188.2
1105370 1188.7
1105380 1188.0
1105390 1188.0
1105400 1188.8
1105410 1189.7
1105420 1189.7
1105430 1189.8
1105440 1186.9
1105450 1186.9
1105460 1182.9
1105470 1161.2
1105480 1161.2
1105490 1167.0
1105500 1152.7
1105510 1152.3
1105520 1161.9
1105530 1131.9
1105540 1131.9
1105550 1127.2
1105560 1125.0
1105570 1125.0
1105580 1119.8
1105590 1114.8
1105600 1114.8
1105610 1113.0
1105620 1110.6
1105630 1110.6
1105640 1111.1
1105650 1117.1
1105660 1110.4
1105670 1110.4
1105680 1105.6
1105690 1103.2
1105700 1103.2
1105710 1099.6
1105720 1097.7
1105730 1097.7
1105740 1094.7
1105750 1093.1
1105760 1093.1
1105770 1092.6
1105780 1094.2
1105790 1094.2
1105800 1094.4
1105810 1092.4
1105820 1092.4
1105830 1089.2
1105840 1079.0
1105850 1070.5
1105860 1068.5
1105870 1069.7
1105880 1069.7
1105890 1066.3
1105900 1049.9
1105910 1032.4
1105920 1032.4
1105930 1020.3
1105940 1015.0
1105950 1015.0
1105960 1008.1
1105970 1000.9
1105980 1000.9
1105990 994.6
1106000 994.4
1106010 994.4
1106020 995.8
1106030 1000.7
1106040 1000.7
1106050 1005.7
1106060 1010.0
1106070 1010.0
1106080 1015.8
1106090 1018.6
1106100 1018.6
1106110 1019.7
1106120 1017.5
1106130 1017.5
1106140 1013.2
1106150 1012.3
1106160 1012.3
1106170 1012.0
1106180 1009.9
1106190 1000.9
1106200 1000.9
1106210 1000.9
1106220 1002.3
1106230 1002.3
1106240 1003.7
1106250 1003.1
1106260 1003.1
1106270 1003.4
1106280 1007.2
1106290 1007.2
1106300 1010.7
1106310 1014.3
1106320 1014.3
1106330 1016.8
1106340 1018.1
1106350 1018.1
1106360 1018.4
1106370 1018.0
1106380 1018.0
1106390 1016.6
1106400 1016.9
1106410 1016.9
1106420 1021.4
1106430 1024.4
1106440 1029.6
1106450 1029.6
1106460 1029.8
1106470 1027.4
1106480 1027.4
1106490 1022.6
1106500 1021.4
1106510 1021.4
1106520 1014.0
1106530 1012.3
1106540 1012.3
1106550 1010.4
1106560 1009.5
1106570 1009.5
1106580 1008.1
1106590 1005.7
1106600 1005.7
1106610 1004.5
1106620 1002.9
1106630 1002.9
1106640 1001.0
1106650 998.9
1106660 998.9
1106670 998.2
1106680 998.7
1106690 998.7
1106700 999.2
1106710 999.1
1106720 1000.0
1106730 1000.0
1106740 1001.1
1106750 1004.0
1106760 1004.0
1106770 1007.4
1106780 1009.5
1106790 1009.5
1106800 1010.2
1106810 1009.5
1106820 1009.5
1106830 1008.1
1106840 1006.0
1106850 1006.0
1106860 998.3
1106870 998.4
1106880 998.4
1106890 998.2
1106900 996.5
1106910 996.5
1106920 996.2
1106930 995.6
1106940 995.6
1106950 995.2
1106960 995.3
1106970 995.4
1106980 995.4
1106990 994.1
1107000 993.4
1107010 993.4
1107020 993.8
1107030 995.9
1107040 995.9
1107050 995.4
1107060 994.5
1107070 994.5
1107080 993.8
1107090 996.0
1107100 996.0
1107110 997.5
1107120 996.9
1107130 996.9
1107140 993.9
1107150 991.2
1107160 991.2
1107170 989.0
1107180 987.4
1107190 987.4
1107200 981.5
1107210 985.1
1107220 985.1
1107230 989.1
1107240 990.7
1107250 991.4
1107260 991.4
1107270 992.2
1107280 992.7
1107290 992.7
1107300 993.1
1107310 993.2
1107320 993.2
1107330 993.1
1107340 993.8
1107350 993.8
1107360 993.8
1107370 992.7
1107380 992.7
1107390 991.9
1107400 991.8
1107410 991.8
1107420 993.5
1107430 995.8
1107440 995.8
1107450 997.3
1107460 999.3
1107470 999.3
1107480 1000.0
1107490 998.6
1107500 994.7
1107510 994.7
1107520 991.3
1107530 980.1
1107540 980.1
1107550 978.9
1107560 977.4
1107570 977.4
1107580 976.3
1107590 975.2
1107600 975.2
1107610 973.5
1107620 971.7
1107630 971.7
1107640 970.8
1107650 968.6
1107660 968.6
1107670 963.5
1107680 959.8
1107690 959.8
1107700 957.6
1107710 956.5
1107720 956.5
1107730 954.2
1107740 951.4
1107750 951.4
1107760 949.4
1107770 947.1
1107780 944.8
1107790 944.8
1107800 942.8
1107810 941.0
1107820 941.0
1107830 939.0
1107840 936.7
1107850 936.7
1107860 933.7
1107870 925.8
1107880 925.8
1107890 923.9
1107900 923.0
1107910 923.0
1107920 922.6
1107930 923.7
1107940 923.7
1107950 925.5
1107960 927.1
1107970 927.1
1107980 928.4
1107990 929.7
1108000 929.7
1108010 930.5
1108020 931.1
1108030 931.6
1108040 931.6
1108050 931.2
1108060 932.0
1108070 932.0
1108080 934.0
1108090 936.4
1108100 936.4
1108110 934.6
1108120 933.1
1108130 933.1
1108140 933.4
1108150 933.4
1108160 933.4
1108170 932.6
1108180 930.2
1108190 930.2
1108200 926.8
1108210 921.4
1108220 921.4
1108230 923.5
1108240 924.0
1108250 924.0
1108260 924.7
1108270 924.1
1108280 924.1
1108290 923.6
1108300 922.3
1108310 922.2
1108320 922.2
1108330 924.5
1108340 924.7
1108350 924.7
1108360 925.1
1108370 924.8
1108380 924.8
1108390 925.1
1108400 926.8
1108410 926.8
1108420 927.8
1108430 918.0
1108440 918.0
1108450 903.3
1108460 899.1
1108470 899.1
1108480 903.4
1108490 907.3
1108500 907.3
1108510 908.8
1108520 908.0
1108530 908.0
1108540 907.8
1108550 902.7
1108560 904.0
1108570 904.0
1108580 907.0
1108590 909.0
1108600 909.0
1108610 909.0
1108620 906.5
1108630 906.5
1108640 903.7
1108650 901.9
1108660 901.9
1108670 900.1
1108680 898.1
1108690 898.1
1108700 897.4
1108710 896.9
1108720 896.9
1108730 896.3
1108740 896.6
1108750 896.6
1108760 897.1
1108770 896.3
1108780 896.3
1108790 894.8
1108800 892.6
1108810 892.6
1108820 890.8
1108830 888.5
1108840 886.3
1108850 886.3
1108860 888.4
1108870 889.4
1108880 889.4
1108890 884.7
1108900 885.1
1108910 885.1
1108920 886.0
1108930 886.6
1108940 886.6
1108950 887.6
1108960 885.8
1108970 885.8
1108980 883.0
1108990 881.5
1109000 881.5
1109010 881.7
1109020 883.4
1109030 883.4
1109040 885.7
1109050 886.9
1109060 886.9
1109070 889.0
1109080 892.5
1109090 892.5
1109100 895.1
1109110 898.4
1109120 901.3
1109130 901.3
1109140 904.3
1109150 907.3
1109160 907.3
1109170 909.1
1109180 908.8
1109190 908.8
1109200 906.6
1109210 901.7
1109220 898.3
1109230 892.8
1109240 895.2
1109250 895.2
1109260 894.2
1109270 894.5
1109280 894.5
1109290 892.4
1109300 889.8
1109310 889.8
1109320 886.3
1109330 884.2
1109340 884.2
1109350 883.7
1109360 883.9
1109370 883.6
1109380 883.6
1109390 882.5
1109400 881.7
1109410 881.7
1109420 882.0
1109430 884.0
1109440 884.0
1109450 886.5
1109460 888.2
1109470 888.2
1109480 889.4
1109490 891.6
1109500 891.6
1109510 894.3
1109520 896.7
1109530 896.7
1109540 899.1
1109550 900.5
1109560 903.3
1109570 904.9
1109580 906.2
1109590 906.2
1109600 907.8
1109610 909.4
1109620 909.4
1109630 910.5
1109640 910.5
1109650 911.1
1109660 911.1
1109670 910.7
1109680 910.3
1109690 910.3
1109700 910.2
1109710 910.8
1109720 910.8
1109730 912.7
1109740 915.5
1109750 915.5
1109760 916.1
1109770 915.9
1109780 915.9
1109790 915.8
1109800 915.2
1109810 915.2
1109820 914.9
1109830 914.8
1109840 914.8
1109850 913.7
1109860 913.1
1109870 913.1
1109880 912.4
1109890 910.8
1109900 916.9
1109910 916.9
1109920 916.8
1109930 914.7
1109940 914.7
1109950 909.7
1109960 905.4
1109970 905.4
1109980 905.7
1109990 909.3
1110000 909.3
1110010 909.9
1110020 906.7
1110030 906.7
1110040 904.4
1110050 902.6
1110060 902.6
1110070 900.7
1110080 899.5
1110090 899.5
1110100 898.5
1110110 898.2
1110120 898.2
1110130 898.1
1110140 898.4
1110150 898.4
1110160 897.9
1110170 897.7
1110180 898.2
1110190 898.2
1110200 899.1
1110210 900.2
1110220 900.2
1110230 901.1
1110240 898.8
1110250 898.8
1110260 899.5
1110270 900.2
1110280 900.2
1110290 900.6
1110300 901.2
1110310 901.2
1110320 903.1
1110330 905.5
1110340 905.5
1110350 909.5
1110360 914.6
1110370 914.6
1110380 916.3
1110390 916.8
1110400 916.8
1110410 917.9
1110420 918.2
1110430 918.7
1110440 918.7
1110450 920.1
1110460 921.7
1110470 921.7
1110480 921.7
1110490 922.9
1110500 922.9
1110510 924.3
1110520 924.7
1110530 924.7
1110540 923.1
1110550 922.3
1110560 922.3
1110570 923.5
1110580 917.6
1110590 917.6
1110600 918.9
1110610 919.6
1110620 919.6
1110630 916.3
1110640 910.7
1110650 910.7
1110660 909.5
1110670 909.3
1110680 909.3
1110690 910.1
1110700 911.8
1110710 912.1
1110720 912.1
1110730 912.2
1110740 912.6
1110750 912.6
1110760 912.6
1110770 912.6
1110780 912.6
1110790 911.9
1110800 911.6
1110810 911.6
1110820 912.1
1110830 913.2
1110840 913.2
1110850 914.4
1110860 916.6
1110870 916.6
1110880 920.5
1110890 918.8
1110900 918.8
1110910 921.5
1110920 929.8
1110930 929.8
1110940 936.9
1110950 938.9
1110960 940.7
1110970 940.7
1110980 942.8
1110990 946.3
1111000 946.3
1111010 949.0
1111020 952.4
1111030 952.4
1111040 956.3
1111050 960.1
1111060 960.1
1111070 965.0
1111080 969.9
1111090 969.9
1111100 972.0
1111110 973.0
1111120 973.0
1111130 977.8
1111140 983.9
1111150 983.9
1111160 988.7
1111170 991.5
1111180 991.5
1111190 995.3
1111200 998.9
1111210 998.9
1111220 1000.8
1111230 1001.2
1111240 1003.2
1111250 1003.2
1111260 1010.7
1111270 1013.5
1111280 1013.5
1111290 1016.7
1111300 1021.1
1111310 1021.1
1111320 1025.5
1111330 1031.1
1111340 1031.1
1111350 1034.7
1111360 1036.9
1111370 1036.9
1111380 1039.8
1111390 1043.2
1111400 1043.2
1111410 1045.8
1111420 1048.2
1111430 1048.2
1111440 1050.9
1111450 1053.8
1111460 1053.8
1111470 1056.8
1111480 1059.4
1111490 1061.9
1111500 1061.9
1111510 1065.3
1111520 1068.6
1111530 1068.6
1111540 1073.1
1111550 1078.0
1111560 1078.0
1111570 1081.5
1111580 1080.2
1111590 1080.2
1111600 1089.5
1111610 1097.8
1111620 1097.8
1111630 1105.0
1111640 1111.2
1111650 1111.2
1111660 1117.5
1111670 1123.5
1111680 1123.5
1111690 1126.9
1111700 1129.1
1111710 1129.1
1111720 1131.7
1111730 1130.6
1111740 1130.6
1111750 1127.1
1111760 1126.5
1111770 1126.8
1111780 1126.8
1111790 1127.9
1111800 1129.8
1111810 1129.8
1111820 1143.4
1111830 1148.9
1111840 1148.9
1111850 1152.7
1111860 1158.2
1111870 1158.2
1111880 1162.6
1111890 1165.7
1111900 1165.7
1111910 1171.5
1111920 1178.0
1111930 1178.0
1111940 1181.1
1111950 1209.1
1111960 1209.1
1111970 1219.1
1111980 1225.9
1111990 1225.9
1112000 1229.1
1112010 1230.2
1112020 1230.7
1112030 1230.7
1112040 1243.0
1112050 1258.1
1112060 1258.1
1112070 1263.1
1112080 1268.5
1112090 1268.5
1112100 1271.7
1112110 1274.5
1112120 1274.5
1112130 1274.8
1112140 1276.5
1112150 1276.5
1112160 1277.5
1112170 1278.8
1112180 1278.8
1112190 1281.6
1112200 1282.6
1112210 1282.6
1112220 1280.8
1112230 1273.0
1112240 1273.0
1112250 1268.3
1112260 1275.6
1112270 1275.6
1112280 1281.8
1112290 1290.7
1112300 1295.2
1112310 1295.2
1112320 1296.7
1112330 1288.4
1112340 1288.4
1112350 1280.4
1112360 1275.4
1112370 1275.4
1112380 1278.1
1112390 1284.4
1112400 1284.4
1112410 1284.8
1112420 1290.8
1112430 1290.8
1112440 1296.5
1112450 1303.5
1112460 1303.5
1112470 1311.2
1112480 1313.9
1112490 1313.9
1112500 1313.6
1112510 1311.0
1112520 1311.0
1112530 1310.9
1112540 1310.7
1112550 1308.3
1112560 1308.3
1112570 1303.2
1112580 1293.6
1112590 1293.6
1112600 1286.3
1112610 1284.5
1112620 1284.5
1112630 1286.7
1112640 1285.9
1112650 1285.9
1112660 1293.6
1112670 1302.4
1112680 1302.4
1112690 1309.6
1112700 1311.1
1112710 1311.1
1112720 1308.7
1112730 1306.7
1112740 1306.7
1112750 1304.0
1112760 1305.7
1112770 1305.7
1112780 1300.7
1112790 1302.9
1112800 1302.9
1112810 1307.7
1112820 1314.8
1112830 1315.0
1112840 1315.0
1112850 1312.1
1112860 1310.4
1112870 1310.4
1112880 1304.5
1112890 1295.1
1112900 1295.1
1112910 1283.4
1112920 1276.9
1112930 1276.9
1112940 1276.5
1112950 1282.6
1112960 1282.6
1112970 1294.3
1112980 1299.8
1112990 1299.8
1113000 1295.4
1113010 1298.0
1113020 1298.0
1113030 1303.3
1113040 1303.4
1113050 1303.4
1113060 1304.1
1113070 1300.4
1113080 1283.0
1113090 1283.0
1113100 1262.9
1113110 1249.4
1113120 1249.4
1113130 1242.2
1113140 1235.9
1113150 1235.9
1113160 1229.4
1113170 1223.5
1113180 1223.5
1113190 1215.6
1113200 1209.4
1113210 1209.4
1113220 1206.9
1113230 1206.5
1113240 1206.5
1113250 1207.4
1113260 1208.5
1113270 1208.5
1113280 1214.5
1113290 1221.3
1113300 1221.3
1113310 1235.0
1113320 1237.3
1113330 1237.3
1113340 1240.7
1113350 1231.8
1113360 1223.5
1113370 1223.5
1113380 1209.2
1113390 1201.1
1113400 1201.1
1113410 1206.8
1113420 1213.0
1113430 1213.0
1113440 1219.6
1113450 1225.6
1113460 1225.6
1113470 1226.6
1113480 1225.6
1113490 1225.6
1113500 1222.9
1113510 1218.4
1113520 1218.4
1113530 1211.9
1113540 1205.2
1113550 1205.2
1113560 1199.7
1113570 1204.3
1113580 1204.3
1113590 1208.2
1113600 1209.5
1113610 1210.5
1113620 1210.5
1113630 1212.2
1113640 1210.0
1113650 1210.0
1113660 1212.7
1113670 1207.3
1113680 1207.3
1113690 1200.4
1113700 1193.3
1113710 1193.3
1113720 1184.2
1113730 1176.3
1113740 1176.3
1113750 1178.7
1113760 1185.8
1113770 1185.8
1113780 1189.2
1113790 1188.0
1113800 1188.0
1113810 1185.0
1113820 1182.7
1113830 1182.7
1113840 1180.4
1113850 1177.6
1113860 1177.6
1113870 1174.2
1113880 1172.2
1113890 1169.2
1113900 1169.2
1113910 1164.8
1113920 1161.8
1113930 1161.8
1113940 1157.3
1113950 1153.2
1113960 1153.2
1113970 1155.0
1113980 1154.9
1113990 1154.9
1114000 1157.6
1114010 1154.9
1114020 1154.9
1114030 1157.2
1114040 1157.8
1114050 1157.8
1114060 1158.0
1114070 1157.7
1114080 1157.7
1114090 1157.3
1114100 1158.1
1114110 1158.1
1114120 1159.2
1114130 1160.9
1114140 1161.9
1114150 1161.9
1114160 1162.3
1114170 1161.2
1114180 1161.2
1114190 1158.9
1114200 1155.2
1114210 1155.2
1114220 1148.8
1114230 1140.9
1114240 1140.9
1114250 1131.6
1114260 1120.1
1114270 1120.1
1114280 1111.4
1114290 1104.7
1114300 1104.7
1114310 1101.4
1114320 1101.7
1114330 1101.7
1114340 1102.5
1114350 1104.9
1114360 1104.9
1114370 1111.0
1114380 1118.8
1114390 1118.8
1114400 1127.8
1114410 1138.6
1114420 1148.2
1114430 1148.2
1114440 1154.7
1114450 1157.7
1114460 1157.7
1114470 1159.8
1114480 1160.2
1114490 1160.2
1114500 1161.6
1114510 1161.2
1114520 1161.2
1114530 1162.1
1114540 1164.2
1114550 1164.2
1114560 1165.6
1114570 1168.5
1114580 1168.5
1114590 1173.8
1114600 1177.8
1114610 1177.8
1114620 1178.9
1114630 1181.2
1114640 1181.2
1114650 1183.2
1114660 1184.2
1114670 1184.3
1114680 1184.3
1114690 1180.7
1114700 1180.4
1114710 1180.4
1114720 1181.0
1114730 1181.6
1114740 1181.6
1114750 1182.1
1114760 1182.4
1114770 1182.4
1114780 1182.6
1114790 1182.8
1114800 1182.8
1114810 1185.1
1114820 1189.0
1114830 1189.0
1114840 1194.4
1114850 1201.2
1114860 1201.2
1114870 1209.0
1114880 1217.3
1114890 1217.3
1114900 1225.0
1114910 1236.6
1114920 1236.6
1114930 1252.2
1114940 1269.9
1114950 1272.6
1114960 1272.6
1114970 1268.7
1114980 1266.2
1114990 1266.2
1115000 1273.2
1115010 1284.1
1115020 1284.1
1115030 1291.2
1115040 1293.7
1115050 1293.7
1115060 1297.0
1115070 1300.2
1115080 1300.2
1115090 1301.7
1115100 1302.0
1115110 1302.0
1115120 1304.6
1115130 1310.1
1115140 1310.1
1115150 1317.4
1115160 1324.8
1115170 1324.8
1115180 1333.0
1115190 1341.8
1115200 1350.3
1115210 1350.3
1115220 1359.5
1115230 1367.0
1115240 1367.0
1115250 1374.0
1115260 1379.5
1115270 1379.5
1115280 1383.9
1115290 1388.1
1115300 1388.1
1115310 1391.9
1115320 1396.6
1115330 1396.6
1115340 1403.3
1115350 1411.2
1115360 1411.2
1115370 1421.6
1115380 1421.1
1115390 1421.1
1115400 1423.2
1115410 1425.4
1115420 1425.4
1115430 1428.4
1115440 1433.6
1115450 1433.6
1115460 1439.4
1115470 1447.8
1115480 1452.8
1115490 1452.8
1115500 1458.9
1115510 1465.7
1115520 1465.7
1115530 1468.6
1115540 1470.2
1115550 1470.2
1115560 1469.0
1115570 1465.1
1115580 1465.1
1115590 1460.9
1115600 1460.7
1115610 1460.7
1115620 1462.8
1115630 1464.4
1115640 1464.4
1115650 1465.3
1115660 1465.8
1115670 1465.8
1115680 1465.3
1115690 1464.9
1115700 1464.9
1115710 1466.3
1115720 1463.2
1115730 1467.1
1115740 1467.1
1115750 1470.4
1115760 1468.2
1115770 1468.2
1115780 1464.7
1115790 1460.8
1115800 1460.8
1115810 1460.2
1115820 1473.5
1115830 1473.5
1115840 1487.7
1115850 1495.2
1115860 1495.2
1115870 1496.5
1115880 1496.6
1115890 1496.6
1115900 1499.1
1115910 1501.3
1115920 1501.3
1115930 1503.4
1115940 1505.1
1115950 1505.1
1115960 1506.3
1115970 1507.2
1115980 1507.2
1115990 1507.3
1116000 1508.4
1116010 1512.8
1116020 1512.8
1116030 1517.8
1116040 1521.6
1116050 1521.6
1116060 1524.0
1116070 1518.3
1116080 1518.3
1116090 1519.1
1116100 1518.8
1116110 1518.8
1116120 1525.8
1116130 1531.9
1116140 1531.9
1116150 1537.0
1116160 1541.7
1116170 1541.7
1116180 1548.1
1116190 1554.7
1116200 1554.7
1116210 1561.8
1116220 1572.6
1116230 1572.6
1116240 1585.3
1116250 1593.4
1116260 1604.3
1116270 1604.3
1116280 1615.3
1116290 1622.0
1116300 1622.0
1116310 1626.2
1116320 1630.1
1116330 1630.1
1116340 1632.2
1116350 1632.0
1116360 1632.0
1116370 1631.1
1116380 1629.4
1116390 1629.4
1116400 1627.1
1116410 1614.3
1116420 1614.3
1116430 1612.3
1116440 1609.0
1116450 1609.0
1116460 1615.3
1116470 1620.0
1116480 1620.0
1116490 1624.8
1116500 1625.8
1116510 1625.8
1116520 1629.7
1116530 1633.6
1116540 1635.8
1116550 1635.8
1116560 1640.8
1116570 1651.3
1116580 1651.3
1116590 1657.0
1116600 1657.0
1116610 1657.0
1116620 1654.0
1116630 1650.8
1116640 1650.8
1116650 1649.9
1116660 1645.7
1116670 1645.7
1116680 1645.6
1116690 1649.1
1116700 1649.1
1116710 1649.2
1116720 1642.3
1116730 1642.3
1116740 1637.1
1116750 1639.0
1116760 1634.2
1116770 1642.3
1116780 1644.5
1116790 1647.1
1116800 1647.1
1116810 1650.5
1116820 1651.2
1116830 1651.2
1116840 1650.7
1116850 1652.8
1116860 1652.8
1116870 1653.6
1116880 1654.4
1116890 1654.4
1116900 1654.6
1116910 1654.9
1116920 1654.9
1116930 1654.3
1116940 1650.4
1116950 1650.4
1116960 1652.2
1116970 1653.9
1116980 1653.9
1116990 1654.6
1117000 1654.9
1117010 1654.9
1117020 1657.1
1117030 1660.4
1117040 1660.4
1117050 1660.9
1117060 1661.9
1117070 1665.7
1117080 1665.7
1117090 1671.9
1117100 1666.0
1117110 1666.0
1117120 1668.9
1117130 1670.2
1117140 1670.2
1117150 1674.7
1117160 1677.4
1117170 1677.4
1117180 1682.7
1117190 1692.1
1117200 1692.1
1117210 1698.8
1117220 1703.7
1117230 1703.7
1117240 1707.6
1117250 1714.7
1117260 1714.7
1117270 1723.9
1117280 1730.5
1117290 1730.5
1117300 1737.7
1117310 1749.4
1117320 1760.2
1117330 1760.2
1117340 1766.1
1117350 1771.2
1117360 1771.2
1117370 1773.8
1117380 1775.3
1117390 1775.3
1117400 1776.9
1117410 1778.0
1117420 1778.0
1117430 1778.7
1117440 1779.4
1117450 1774.4
1117460 1774.8
1117470 1776.1
1117480 1776.1
1117490 1776.7
1117500 1775.2
1117510 1775.2
1117520 1773.7
1117530 1776.7
1117540 1776.7
1117550 1778.3
1117560 1781.1
1117570 1781.1
1117580 1782.1
1117590 1786.9
1117600 1791.3
1117610 1791.3
1117620 1794.5
1117630 1797.3
1117640 1797.3
1117650 1802.5
1117660 1806.0
1117670 1806.0
1117680 1808.8
1117690 1811.7
1117700 1811.7
1117710 1813.8
1117720 1817.6
1117730 1817.6
1117740 1820.2
1117750 1822.9
1117760 1822.9
1117770 1825.4
1117780 1827.4
1117790 1827.4
1117800 1827.2
1117810 1829.5
1117820 1829.5
1117830 1831.8
1117840 1834.3
1117850 1836.6
1117860 1836.6
1117870 1838.3
1117880 1841.9
1117890 1841.9
1117900 1844.2
1117910 1847.0
1117920 1847.0
1117930 1850.1
1117940 1853.4
1117950 1853.4
1117960 1856.8
1117970 1860.4
1117980 1860.4
1117990 1863.7
1118000 1866.7
1118010 1866.7
1118020 1870.7
1118030 1875.9
1118040 1875.9
1118050 1879.6
1118060 1883.8
1118070 1883.8
1118080 1888.7
1118090 1892.6
1118100 1892.6
1118110 1896.4
1118120 1901.1
1118130 1906.6
1118140 1906.3
1118150 1913.1
1118160 1920.9
1118170 1920.9
1118180 1929.0
1118190 1935.2
1118200 1935.2
1118210 1938.3
1118220 1939.4
1118230 1939.4
1118240 1939.1
1118250 1938.3
1118260 1938.3
1118270 1938.3
1118280 1939.4
1118290 1939.4
1118300 1941.3
1118310 1944.2
1118320 1944.2
1118330 1947.3
1118340 1951.4
1118350 1951.4
1118360 1956.2
1118370 1961.4
1118380 1966.2
1118390 1966.2
1118400 1970.9
1118410 1974.0
1118420 1974.0
1118430 1975.2
1118440 1976.3
1118450 1976.3
1118460 1981.1
1118470 1986.2
1118480 1986.2
1118490 1987.0
1118500 1991.5
1118510 1991.5
1118520 1995.2
1118530 2000.0
1118540 2000.0
1118550 2006.6
1118560 2013.3
1118570 2013.3
1118580 2019.5
1118590 2027.2
1118600 2027.2
1118610 2034.5
1118620 2041.7
1118630 2041.7
1118640 2047.5
1118650 2053.2
1118660 2058.6
1118670 2058.6
1118680 2063.6
1118690 2068.6
1118700 2068.6
1118710 2073.4
1118720 2078.2
1118730 2078.2
1118740 2082.6
1118750 2087.8
1118760 2087.8
1118770 2092.4
1118780 2097.2
1118790 2097.2
1118800 2102.6
1118810 2107.8
1118820 2107.8
1118830 2113.3
1118840 2115.4
1118850 2115.4
1118860 2121.6
1118870 2128.0
1118880 2128.0
1118890 2134.5
1118900 2141.0
1118910 2147.3
1118920 2147.3
1118930 2153.4
1118940 2159.6
1118950 2159.6
1118960 2165.6
1118970 2171.7
1118980 2171.7
1118990 2177.6
1119000 2183.4
1119010 2183.4
1119020 2189.0
1119030 2194.3
1119040 2194.3
1119050 2198.0
1119060 2200.4
1119070 2200.4
1119080 2201.5
1119090 2201.7
1119100 2201.7
1119110 2200.4
1119120 2198.3
1119130 2198.3
1119140 2196.2
1119150 2193.5
1119160 2193.5
1119170 2190.0
1119180 2188.7
1119190 2180.4
1119200 2180.4
1119210 2179.8
1119220 2177.9
1119230 2177.9
1119240 2176.6
1119250 2176.2
1119260 2176.2
1119270 2176.0
1119280 2175.8
1119290 2175.8
1119300 2175.1
1119310 2175.8
1119320 2175.8
1119330 2177.2
1119340 2178.0
1119350 2178.0
1119360 2179.8
1119370 2181.7
1119380 2181.7
1119390 2182.0
1119400 2181.5
1119410 2181.5
1119420 2180.8
1119430 2179.7
1119440 2178.8
1119450 2178.8
1119460 2178.6
1119470 2178.8
1119480 2178.8
1119490 2179.3
1119500 2180.9
1119510 2180.9
1119520 2182.6
1119530 2184.4
1119540 2178.5
1119550 2181.3
1119560 2182.7
1119570 2182.7
1119580 2184.2
1119590 2186.6
1119600 2186.6
1119610 2188.5
1119620 2190.5
1119630 2190.5
1119640 2192.3
1119650 2194.1
1119660 2194.1
1119670 2195.5
1119680 2196.5
1119690 2196.5
1119700 2196.5
1119710 2194.1
1119720 2186.6
1119730 2186.6
1119740 2177.9
1119750 2170.9
1119760 2170.9
1119770 2166.0
1119780 2161.9
1119790 2161.9
1119800 2158.5
1119810 2153.0
1119820 2153.0
1119830 2148.5
1119840 2144.3
1119850 2144.3
1119860 2139.7
1119870 2135.4
1119880 2135.4
1119890 2128.2
1119900 2123.9
1119910 2123.9
1119920 2122.4
1119930 2120.4
1119940 2120.4
1119950 2114.2
1119960 2098.9
1119970 2085.6
1119980 2085.6
1119990 2078.1
