1100000 1759.8
1100010 1755.4
1100020 1756.9
1100030 1756.9
1100040 1756.1
1100050 1753.3
1100060 1753.3
1100070 1748.9
1100080 1744.2
1100090 1738.9
1100100 1738.9
1100110 1728.9
1100120 1722.9
1100130 1722.9
1100140 1715.7
1100150 1709.3
1100160 1709.3
1100170 1704.5
1100180 1701.0
1100190 1701.0
1100200 1694.1
1100210 1689.5
1100220 1689.5
1100230 1688.5
1100240 1683.5
1100250 1683.5
1100260 1677.6
1100270 1675.5
1100280 1675.5
1100290 1674.9
1100300 1670.8
1100310 1670.8
1100320 1663.4
1100330 1668.9
1100340 1668.9
1100350 1671.1
1100360 1668.7
1100370 1665.7
1100380 1665.7
1100390 1660.3
1100400 1654.7
1100410 1654.7
1100420 1648.8
1100430 1644.5
1100440 1636.7
1100450 1635.9
1100460 1629.9
1100470 1629.9
1100480 1630.8
1100490 1635.3
1100500 1635.3
1100510 1642.2
1100520 1647.0
1100530 1647.0
1100540 1650.7
1100550 1654.1
1100560 1654.1
1100570 1657.6
1100580 1661.6
1100590 1661.6
1100600 1665.5
1100610 1667.7
1100620 1666.7
1100630 1666.7
1100640 1663.6
1100650 1662.5
1100660 1662.5
1100670 1665.1
1100680 1667.2
1100690 1667.2
1100700 1668.9
1100710 1668.8
1100720 1668.8
1100730 1667.2
1100740 1665.6
1100750 1665.6
1100760 1663.6
1100770 1662.6
1100780 1656.1
1100790 1654.7
1100800 1653.3
1100810 1653.3
1100820 1652.4
1100830 1651.5
1100840 1651.5
1100850 1651.5
1100860 1651.3
1100870 1651.3
1100880 1650.4
1100890 1649.1
1100900 1650.9
1100910 1650.9
1100920 1654.4
1100930 1656.3
1100940 1656.3
1100950 1657.1
1100960 1657.2
1100970 1657.2
1100980 1658.1
1100990 1659.4
1101000 1659.4
1101010 1659.4
1101020 1660.5
1101030 1660.5
1101040 1661.8
1101050 1661.8
1101060 1661.8
1101070 1662.3
1101080 1662.5
1101090 1662.5
1101100 1662.9
1101110 1656.6
1101120 1656.6
1101130 1655.7
1101140 1654.6
1101150 1654.6
1101160 1653.2
1101170 1651.6
1101180 1649.1
1101190 1649.1
1101200 1645.8
1101210 1643.2
1101220 1643.2
1101230 1640.4
1101240 1638.4
1101250 1638.4
1101260 1637.6
1101270 1635.7
1101280 1635.7
1101290 1632.0
1101300 1628.6
1101310 1628.6
1101320 1626.9
1101330 1625.7
1101340 1625.7
1101350 1624.4
1101360 1622.1
1101370 1622.1
1101380 1619.8
1101390 1617.2
1101400 1617.2
1101410 1613.5
1101420 1609.7
1101430 1605.9
1101440 1600.5
1101450 1597.5
1101460 1594.9
1101470 1594.9
1101480 1593.0
1101490 1593.0
1101500 1593.0
1101510 1591.7
1101520 1590.8
1101530 1590.8
1101540 1590.1
1101550 1588.8
1101560 1588.8
1101570 1589.1
1101580 1589.4
1101590 1589.4
1101600 1589.2
1101610 1589.6
1101620 1589.6
1101630 1588.7
1101640 1586.3
1101650 1586.3
1101660 1585.1
1101670 1583.9
1101680 1583.9
1101690 1582.9
1101700 1582.0
1101710 1581.2
1101720 1581.2
1101730 1580.3
1101740 1579.5
1101750 1579.5
1101760 1578.3
1101770 1571.6
1101780 1571.6
1101790 1568.5
1101800 1564.4
1101810 1564.4
1101820 1559.3
1101830 1553.8
1101840 1553.8
1101850 1548.2
1101860 1543.6
1101870 1543.6
1101880 1539.3
1101890 1535.4
1101900 1535.4
1101910 1529.7
1101920 1522.3
1101930 1522.3
1101940 1515.1
1101950 1509.0
1101960 1509.0
1101970 1502.7
1101980 1495.9
1101990 1488.1
1102000 1488.1
1102010 1481.0
1102020 1473.3
1102030 1473.3
1102040 1465.7
1102050 1459.2
1102060 1459.2
1102070 1450.8
1102080 1442.3
1102090 1442.3
1102100 1433.9
1102110 1426.0
1102120 1426.0
1102130 1418.4
1102140 1411.1
1102150 1411.1
1102160 1404.2
1102170 1393.9
1102180 1393.9
1102190 1380.9
1102200 1368.9
1102210 1368.9
1102220 1357.3
1102230 1347.5
1102240 1339.4
1102250 1339.4
1102260 1331.4
1102270 1324.6
1102280 1324.6
1102290 1317.8
1102300 1311.7
1102310 1311.7
1102320 1305.2
1102330 1298.9
1102340 1298.9
1102350 1293.2
1102360 1286.5
1102370 1286.5
1102380 1279.1
1102390 1272.0
1102400 1272.0
1102410 1267.8
1102420 1262.8
1102430 1262.8
1102440 1258.8
1102450 1252.4
1102460 1252.4
1102470 1243.3
1102480 1234.5
1102490 1234.5
1102500 1226.8
1102510 1219.8
1102520 1213.2
1102530 1213.2
1102540 1212.8
1102550 1216.7
1102560 1216.7
1102570 1218.5
1102580 1220.6
1102590 1220.6
1102600 1224.1
1102610 1230.8
1102620 1230.8
1102630 1236.3
1102640 1242.6
1102650 1242.6
1102660 1250.2
1102670 1256.3
1102680 1256.3
1102690 1262.4
1102700 1267.7
1102710 1267.7
1102720 1276.3
1102730 1286.0
1102740 1286.0
1102750 1292.7
1102760 1297.2
1102770 1304.8
1102780 1304.8
1102790 1314.9
1102800 1323.6
1102810 1323.6
1102820 1331.9
1102830 1340.7
1102840 1340.7
1102850 1350.0
1102860 1358.7
1102870 1358.7
1102880 1366.4
1102890 1373.9
1102900 1373.9
1102910 1376.8
1102920 1372.5
1102930 1372.5
1102940 1367.0
1102950 1364.3
1102960 1364.3
1102970 1360.0
1102980 1351.5
1102990 1351.5
1103000 1342.0
1103010 1334.8
1103020 1334.8
1103030 1329.9
1103040 1324.8
1103050 1320.9
1103060 1320.9
1103070 1315.7
1103080 1310.1
1103090 1310.1
1103100 1300.2
1103110 1295.7
1103120 1295.7
1103130 1290.5
1103140 1285.5
1103150 1285.5
1103160 1279.5
1103170 1272.5
1103180 1272.5
1103190 1267.9
1103200 1263.8
1103210 1263.8
1103220 1262.7
1103230 1261.9
1103240 1261.9
1103250 1260.3
1103260 1258.9
1103270 1258.9
1103280 1258.5
1103290 1257.1
1103300 1257.1
1103310 1254.6
1103320 1251.7
1103330 1250.8
1103340 1250.8
1103350 1249.9
1103360 1249.1
1103370 1249.1
1103380 1248.7
1103390 1245.5
1103400 1245.5
1103410 1242.9
1103420 1240.5
1103430 1240.5
1103440 1238.7
1103450 1235.9
1103460 1235.9
1103470 1231.8
1103480 1226.6
1103490 1226.6
1103500 1221.2
1103510 1214.7
1103520 1214.7
1103530 1208.6
1103540 1203.2
1103550 1203.2
1103560 1197.1
1103570 1191.6
1103580 1184.7
1103590 1184.7
1103600 1179.2
1103610 1169.9
1103620 1169.9
1103630 1161.1
1103640 1157.4
1103650 1157.4
1103660 1157.1
1103670 1151.4
1103680 1151.4
1103690 1146.0
1103700 1142.2
1103710 1142.2
1103720 1139.7
1103730 1136.2
1103740 1136.2
1103750 1134.3
1103760 1130.7
1103770 1128.2
1103780 1121.3
1103790 1114.7
1103800 1114.7
1103810 1108.9
1103820 1101.8
1103830 1101.8
1103840 1095.4
1103850 1090.5
1103860 1088.6
1103870 1088.6
1103880 1088.5
1103890 1094.3
1103900 1094.3
1103910 1099.8
1103920 1105.0
1103930 1105.0
1103940 1111.5
1103950 1116.3
1103960 1116.3
1103970 1115.1
1103980 1116.8
1103990 1116.8
1104000 1117.2
1104010 1118.1
1104020 1118.1
1104030 1118.8
1104040 1119.4
1104050 1119.4
1104060 1124.0
1104070 1134.6
1104080 1134.6
1104090 1144.3
1104100 1151.9
1104110 1156.5
1104120 1156.5
1104130 1162.1
1104140 1169.5
1104150 1169.5
1104160 1178.1
1104170 1183.7
1104180 1183.7
1104190 1190.8
1104200 1199.3
1104210 1199.3
1104220 1206.6
1104230 1214.5
1104240 1214.5
1104250 1223.2
1104260 1231.7
1104270 1231.7
1104280 1239.9
1104290 1248.5
1104300 1248.5
1104310 1257.2
1104320 1265.9
1104330 1265.9
1104340 1276.1
1104350 1285.3
1104360 1285.3
1104370 1293.5
1104380 1301.1
1104390 1307.2
1104400 1307.2
1104410 1312.8
1104420 1318.0
1104430 1318.0
1104440 1317.3
1104450 1319.5
1104460 1319.5
1104470 1320.9
1104480 1322.0
1104490 1322.0
1104500 1322.5
1104510 1322.2
1104520 1322.2
1104530 1322.1
1104540 1321.2
1104550 1321.2
1104560 1319.4
1104570 1316.6
1104580 1316.6
1104590 1316.1
1104600 1316.2
1104610 1316.2
1104620 1315.0
1104630 1313.3
1104640 1313.3
1104650 1311.4
1104660 1311.0
1104670 1310.9
1104680 1310.9
1104690 1310.2
1104700 1308.3
1104710 1308.3
1104720 1305.7
1104730 1302.6
1104740 1302.6
1104750 1298.8
1104760 1296.0
1104770 1291.6
1104780 1291.3
1104790 1287.6
1104800 1287.6
1104810 1282.9
1104820 1278.6
1104830 1278.6
1104840 1275.0
1104850 1271.2
1104860 1271.2
1104870 1268.0
1104880 1265.7
1104890 1265.7
1104900 1263.7
1104910 1261.1
1104920 1258.0
1104930 1258.0
1104940 1253.7
1104950 1247.1
1104960 1247.1
1104970 1240.6
1104980 1234.3
1104990 1234.3
1105000 1226.5
1105010 1218.0
1105020 1218.0
1105030 1211.2
1105040 1205.8
1105050 1205.8
1105060 1199.2
1105070 1192.8
1105080 1192.8
1105090 1187.7
1105100 1182.5
1105110 1179.0
1105120 1173.6
1105130 1166.1
1105140 1166.1
1105150 1157.8
1105160 1150.9
1105170 1150.9
1105180 1146.0
1105190 1146.1
1105200 1157.3
1105210 1157.3
1105220 1170.2
1105230 1181.6
1105240 1181.6
1105250 1190.6
1105260 1198.5
1105270 1198.5
1105280 1208.6
1105290 1219.2
1105300 1219.2
1105310 1227.9
1105320 1234.9
1105330 1234.9
1105340 1244.9
1105350 1252.3
1105360 1252.3
1105370 1257.5
1105380 1263.3
1105390 1263.3
1105400 1269.6
1105410 1276.1
1105420 1276.1
1105430 1282.4
1105440 1287.1
1105450 1294.7
1105460 1294.7
1105470 1298.3
1105480 1302.6
1105490 1302.6
1105500 1307.9
1105510 1313.9
1105520 1313.9
1105530 1319.6
1105540 1325.0
1105550 1325.0
1105560 1329.8
1105570 1334.0
1105580 1334.0
1105590 1338.3
1105600 1342.9
1105610 1342.9
1105620 1346.4
1105630 1351.0
1105640 1351.0
1105650 1356.3
1105660 1360.9
1105670 1360.9
1105680 1365.1
1105690 1368.1
1105700 1368.1
1105710 1371.0
1105720 1374.4
1105730 1376.2
1105740 1376.2
1105750 1377.0
1105760 1374.8
1105770 1374.8
1105780 1362.6
1105790 1362.8
1105800 1362.8
1105810 1365.4
1105820 1368.7
1105830 1368.7
1105840 1371.4
1105850 1374.0
1105860 1374.0
1105870 1378.8
1105880 1388.8
1105890 1388.8
1105900 1403.0
1105910 1413.9
1105920 1413.9
1105930 1418.8
1105940 1420.0
1105950 1420.0
1105960 1419.9
1105970 1419.1
1105980 1419.1
1105990 1419.4
1106000 1419.0
1106010 1420.1
1106020 1420.1
1106030 1422.6
1106040 1425.2
1106050 1425.2
1106060 1430.2
1106070 1439.1
1106080 1439.1
1106090 1445.7
1106100 1446.4
1106110 1446.4
1106120 1437.0
1106130 1434.7
1106140 1434.7
1106150 1434.7
1106160 1440.9
1106170 1440.9
1106180 1447.4
1106190 1448.7
1106200 1448.7
1106210 1445.7
1106220 1443.2
1106230 1443.2
1106240 1444.2
1106250 1449.7
1106260 1454.8
1106270 1454.8
1106280 1458.3
1106290 1463.1
1106300 1463.1
1106310 1466.7
1106320 1471.1
1106330 1471.1
1106340 1488.0
1106350 1506.0
1106360 1506.0
1106370 1506.3
1106380 1505.7
1106390 1505.7
1106400 1508.2
1106410 1515.0
1106420 1515.0
1106430 1521.2
1106440 1527.1
1106450 1521.0
1106460 1529.2
1106470 1536.3
1106480 1536.3
1106490 1542.0
1106500 1546.8
1106510 1546.8
1106520 1550.1
1106530 1554.5
1106540 1558.9
1106550 1558.9
1106560 1564.6
1106570 1572.5
1106580 1572.5
1106590 1575.9
1106600 1577.8
1106610 1577.8
1106620 1583.9
1106630 1590.2
1106640 1590.2
1106650 1595.0
1106660 1598.4
1106670 1598.4
1106680 1600.1
1106690 1600.4
1106700 1600.4
1106710 1599.2
1106720 1599.5
1106730 1599.5
1106740 1598.2
1106750 1601.4
1106760 1601.4
1106770 1610.2
1106780 1616.7
1106790 1609.8
1106800 1609.8
1106810 1620.4
1106820 1630.5
1106830 1630.5
1106840 1635.8
1106850 1638.4
1106860 1638.4
1106870 1639.4
1106880 1636.4
1106890 1636.4
1106900 1630.3
1106910 1619.1
1106920 1619.1
1106930 1606.5
1106940 1603.7
1106950 1603.7
1106960 1598.1
1106970 1596.4
1106980 1596.4
1106990 1601.1
1107000 1596.7
1107010 1596.7
1107020 1593.3
1107030 1589.9
1107040 1589.9
1107050 1586.5
1107060 1593.6
1107070 1597.3
1107080 1597.3
1107090 1598.5
1107100 1599.4
1107110 1599.4
1107120 1599.2
1107130 1592.5
1107140 1592.5
1107150 1590.7
1107160 1587.5
1107170 1587.5
1107180 1585.4
1107190 1582.9
1107200 1582.9
1107210 1575.8
1107220 1572.1
1107230 1572.1
1107240 1574.4
1107250 1574.8
1107260 1574.8
1107270 1577.0
1107280 1580.4
1107290 1580.4
1107300 1582.1
1107310 1580.5
1107320 1580.5
1107330 1575.8
1107340 1574.2
1107350 1574.6
1107360 1574.6
1107370 1574.6
1107380 1574.1
1107390 1574.1
1107400 1572.8
1107410 1571.7
1107420 1571.7
1107430 1566.7
1107440 1557.2
1107450 1557.2
1107460 1548.9
1107470 1538.3
1107480 1538.3
1107490 1531.7
1107500 1523.0
1107510 1523.0
1107520 1517.6
1107530 1516.3
1107540 1516.3
1107550 1522.6
1107560 1524.7
1107570 1524.7
1107580 1523.9
1107590 1521.2
1107600 1518.1
1107610 1518.1
1107620 1516.5
1107630 1509.5
1107640 1509.5
1107650 1501.1
1107660 1495.0
1107670 1495.0
1107680 1490.2
1107690 1482.8
1107700 1482.8
1107710 1474.1
1107720 1468.8
1107730 1468.8
1107740 1464.3
1107750 1458.3
1107760 1458.3
1107770 1452.1
1107780 1445.9
1107790 1445.9
1107800 1434.2
1107810 1429.0
1107820 1429.0
1107830 1422.9
1107840 1420.9
1107850 1420.9
1107860 1418.5
1107870 1417.6
1107880 1417.9
1107890 1417.9
1107900 1415.4
1107910 1412.7
1107920 1412.7
1107930 1408.1
1107940 1400.7
1107950 1400.7
1107960 1394.5
1107970 1389.3
1107980 1389.3
1107990 1387.5
1108000 1386.0
1108010 1386.0
1108020 1381.6
1108030 1374.7
1108040 1374.7
1108050 1367.4
1108060 1359.8
1108070 1359.8
1108080 1352.1
1108090 1345.4
1108100 1345.4
1108110 1341.6
1108120 1337.3
1108130 1333.3
1108140 1329.3
1108150 1325.0
1108160 1320.5
1108170 1320.5
1108180 1314.8
1108190 1311.0
1108200 1311.0
1108210 1308.2
1108220 1306.9
1108230 1306.9
1108240 1306.8
1108250 1306.9
1108260 1306.9
1108270 1305.9
1108280 1301.4
1108290 1301.4
1108300 1297.8
1108310 1296.8
1108320 1296.8
1108330 1295.0
1108340 1294.9
1108350 1294.9
1108360 1293.0
1108370 1288.6
1108380 1288.6
1108390 1284.0
1108400 1280.6
1108410 1276.4
1108420 1276.4
1108430 1271.5
1108440 1265.6
1108450 1265.6
1108460 1256.7
1108470 1250.5
1108480 1235.1
1108490 1227.2
1108500 1227.8
1108510 1227.8
1108520 1233.9
1108530 1241.5
1108540 1241.5
1108550 1246.9
1108560 1248.5
1108570 1248.5
1108580 1248.8
1108590 1248.3
1108600 1248.3
1108610 1248.3
1108620 1248.8
1108630 1248.8
1108640 1249.9
1108650 1250.4
1108660 1248.4
1108670 1248.4
1108680 1249.1
1108690 1251.2
1108700 1251.2
1108710 1251.3
1108720 1250.7
1108730 1250.7
1108740 1248.6
1108750 1250.0
1108760 1250.0
1108770 1251.7
1108780 1247.9
1108790 1247.9
1108800 1243.2
1108810 1232.8
1108820 1238.1
1108830 1231.8
1108840 1221.9
1108850 1221.9
1108860 1207.4
1108870 1198.9
1108880 1198.9
1108890 1204.6
1108900 1212.6
1108910 1212.6
1108920 1220.0
1108930 1226.2
1108940 1234.6
1108950 1234.6
1108960 1243.5
1108970 1248.3
1108980 1248.3
1108990 1250.1
1109000 1250.9
1109010 1250.9
1109020 1252.0
1109030 1254.4
1109040 1254.4
1109050 1255.8
1109060 1256.4
1109070 1256.4
1109080 1258.9
1109090 1256.3
1109100 1256.3
1109110 1258.3
1109120 1260.8
1109130 1260.8
1109140 1261.9
1109150 1262.6
1109160 1258.1
1109170 1259.0
1109180 1260.0
1109190 1260.0
1109200 1261.2
1109210 1262.6
1109220 1262.8
1109230 1262.8
1109240 1259.1
1109250 1259.7
1109260 1259.7
1109270 1264.7
1109280 1267.6
1109290 1267.6
1109300 1268.6
1109310 1269.3
1109320 1269.3
1109330 1270.2
1109340 1271.2
1109350 1271.2
1109360 1271.0
1109370 1271.0
1109380 1271.0
1109390 1271.1
1109400 1272.0
1109410 1272.0
1109420 1272.6
1109430 1272.7
1109440 1272.7
1109450 1274.1
1109460 1279.0
1109470 1288.1
1109480 1288.1
1109490 1294.6
1109500 1297.4
1109510 1297.4
1109520 1301.5
1109530 1304.6
1109540 1304.6
1109550 1307.8
1109560 1310.4
1109570 1310.4
1109580 1313.6
1109590 1317.1
1109600 1317.1
1109610 1320.0
1109620 1322.7
1109630 1322.7
1109640 1324.8
1109650 1329.3
1109660 1329.3
1109670 1335.1
1109680 1339.7
1109690 1339.7
1109700 1342.8
1109710 1344.1
1109720 1344.1
1109730 1343.7
1109740 1343.9
1109750 1342.9
1109760 1342.9
1109770 1338.7
1109780 1334.5
1109790 1334.5
1109800 1332.6
1109810 1333.2
1109820 1333.2
1109830 1333.3
1109840 1329.9
1109850 1329.9
1109860 1334.8
1109870 1339.0
1109880 1339.0
1109890 1342.6
1109900 1344.6
1109910 1344.6
1109920 1345.6
1109930 1347.0
1109940 1347.0
1109950 1348.5
1109960 1350.2
1109970 1350.2
1109980 1351.4
1109990 1351.9
1110000 1352.3
1110010 1352.3
1110020 1353.2
1110030 1353.5
1110040 1353.5
1110050 1353.0
1110060 1352.9
1110070 1352.9
1110080 1353.5
1110090 1354.3
1110100 1354.3
1110110 1355.0
1110120 1355.4
1110130 1355.4
1110140 1355.3
1110150 1354.4
1110160 1354.4
1110170 1352.7
1110180 1346.2
1110190 1346.2
1110200 1344.3
1110210 1343.3
1110220 1343.3
1110230 1341.5
1110240 1341.5
1110250 1341.5
1110260 1341.5
1110270 1342.4
1110280 1344.7
1110290 1344.7
1110300 1348.9
1110310 1352.3
1110320 1352.3
1110330 1355.8
1110340 1359.1
1110350 1359.1
1110360 1361.7
1110370 1363.6
1110380 1363.6
1110390 1364.9
1110400 1365.3
1110410 1365.3
1110420 1365.2
1110430 1365.0
1110440 1365.0
1110450 1364.3
1110460 1362.8
1110470 1362.8
1110480 1357.3
1110490 1343.1
1110500 1343.1
1110510 1342.7
1110520 1346.2
1110530 1351.9
1110540 1351.9
1110550 1353.5
1110560 1353.4
1110570 1353.4
1110580 1352.9
1110590 1353.9
1110600 1353.9
1110610 1355.3
1110620 1355.0
1110630 1355.0
1110640 1357.2
1110650 1359.8
1110660 1359.8
1110670 1361.5
1110680 1362.3
1110690 1362.3
1110700 1362.7
1110710 1363.6
1110720 1363.6
1110730 1363.6
1110740 1361.7
1110750 1361.7
1110760 1362.7
1110770 1365.4
1110780 1365.4
1110790 1367.6
1110800 1370.0
1110810 1371.5
1110820 1371.5
1110830 1372.6
1110840 1373.4
1110850 1373.4
1110860 1370.2
1110870 1371.2
1110880 1371.2
1110890 1371.7
1110900 1371.7
1110910 1371.7
1110920 1371.3
1110930 1370.2
1110940 1370.2
1110950 1369.0
1110960 1368.0
1110970 1368.0
1110980 1366.9
1110990 1366.5
1111000 1366.5
1111010 1365.1
1111020 1366.2
1111030 1366.2
1111040 1366.4
1111050 1365.3
1111060 1365.3
1111070 1364.3
1111080 1363.9
1111090 1363.1
1111100 1363.1
1111110 1363.1
1111120 1364.1
1111130 1364.1
1111140 1366.1
1111150 1369.1
1111160 1369.1
1111170 1372.3
1111180 1375.2
1111190 1375.2
1111200 1371.0
1111210 1371.1
1111220 1371.1
1111230 1371.2
1111240 1373.2
1111250 1373.2
1111260 1374.5
1111270 1374.3
1111280 1374.3
1111290 1373.3
1111300 1370.5
1111310 1370.5
1111320 1367.0
1111330 1363.4
1111340 1358.7
1111350 1358.7
1111360 1354.7
1111370 1351.2
1111380 1351.2
1111390 1345.6
1111400 1335.2
1111410 1335.2
1111420 1322.4
1111430 1317.2
1111440 1317.2
1111450 1310.2
1111460 1303.1
1111470 1303.1
1111480 1296.6
1111490 1288.7
1111500 1288.7
1111510 1279.5
1111520 1266.9
1111530 1266.9
1111540 1259.9
1111550 1274.1
1111560 1274.1
1111570 1281.4
1111580 1284.5
1111590 1284.5
1111600 1285.2
1111610 1284.3
1111620 1282.2
1111630 1282.2
1111640 1278.4
1111650 1277.0
1111660 1277.0
1111670 1275.6
1111680 1273.5
1111690 1273.5
1111700 1271.9
1111710 1268.9
1111720 1268.9
1111730 1268.2
1111740 1264.3
1111750 1264.3
1111760 1256.6
1111770 1260.5
1111780 1260.5
1111790 1259.4
1111800 1252.8
1111810 1252.8
1111820 1250.1
1111830 1249.6
1111840 1249.6
1111850 1249.1
1111860 1246.8
1111870 1245.6
1111880 1237.5
1111890 1236.9
1111900 1233.1
1111910 1233.1
1111920 1230.4
1111930 1237.4
1111940 1237.4
1111950 1238.0
1111960 1238.0
1111970 1238.0
1111980 1237.1
1111990 1238.4
1112000 1238.4
1112010 1239.4
1112020 1237.2
1112030 1237.2
1112040 1234.9
1112050 1231.1
1112060 1231.1
1112070 1223.1
1112080 1215.8
1112090 1215.8
1112100 1215.1
1112110 1218.5
1112120 1218.5
1112130 1218.8
1112140 1216.9
1112150 1218.8
1112160 1218.8
1112170 1223.4
1112180 1223.8
1112190 1223.8
1112200 1221.2
1112210 1217.7
1112220 1209.9
1112230 1208.3
1112240 1207.3
1112250 1207.3
1112260 1206.3
1112270 1197.8
1112280 1197.8
1112290 1187.2
1112300 1177.5
1112310 1177.5
1112320 1170.4
1112330 1163.2
1112340 1163.2
1112350 1157.5
1112360 1161.1
1112370 1161.1
1112380 1166.1
1112390 1171.5
1112400 1175.4
1112410 1175.4
1112420 1179.5
1112430 1183.6
1112440 1183.6
1112450 1188.4
1112460 1194.2
1112470 1194.2
1112480 1195.7
1112490 1188.8
1112500 1188.8
1112510 1189.8
1112520 1193.8
1112530 1193.8
1112540 1199.1
1112550 1207.1
1112560 1199.8
1112570 1202.7
1112580 1206.6
1112590 1206.6
1112600 1209.3
1112610 1211.8
1112620 1211.8
1112630 1213.4
1112640 1215.8
1112650 1215.8
1112660 1219.3
1112670 1221.7
1112680 1224.5
1112690 1224.5
1112700 1225.7
1112710 1226.3
1112720 1226.3
1112730 1227.6
1112740 1228.2
1112750 1228.2
1112760 1232.4
1112770 1232.7
1112780 1232.7
1112790 1232.6
1112800 1233.5
1112810 1233.5
1112820 1239.7
1112830 1243.6
1112840 1243.6
1112850 1245.1
1112860 1247.4
1112870 1247.4
1112880 1250.6
1112890 1252.9
1112900 1243.7
1112910 1246.1
1112920 1248.3
1112930 1248.3
1112940 1253.1
1112950 1260.9
1112960 1263.9
1112970 1263.9
1112980 1265.2
1112990 1268.3
1113000 1268.3
1113010 1270.9
1113020 1274.9
1113030 1274.9
1113040 1278.6
1113050 1281.4
1113060 1281.4
1113070 1282.3
1113080 1280.9
1113090 1280.9
1113100 1276.5
1113110 1270.3
1113120 1270.3
1113130 1266.9
1113140 1263.7
1113150 1263.7
1113160 1258.6
1113170 1252.7
1113180 1252.7
1113190 1245.2
1113200 1236.7
1113210 1232.4
1113220 1232.4
1113230 1229.9
1113240 1225.1
1113250 1218.5
1113260 1214.1
1113270 1208.5
1113280 1208.5
1113290 1200.5
1113300 1194.1
1113310 1194.1
1113320 1189.8
1113330 1196.1
1113340 1196.1
1113350 1212.3
1113360 1228.5
1113370 1228.5
1113380 1241.8
1113390 1253.3
1113400 1253.3
1113410 1265.1
1113420 1271.4
1113430 1271.4
1113440 1272.7
1113450 1278.1
1113460 1278.1
1113470 1280.6
1113480 1283.3
1113490 1286.4
1113500 1286.4
1113510 1289.1
1113520 1291.8
1113530 1291.8
1113540 1295.7
1113550 1298.6
1113560 1298.6
1113570 1298.5
1113580 1298.7
1113590 1293.3
1113600 1296.1
1113610 1296.6
1113620 1296.6
1113630 1296.8
1113640 1298.4
1113650 1298.4
1113660 1300.9
1113670 1304.4
1113680 1304.4
1113690 1308.7
1113700 1313.4
1113710 1313.4
1113720 1321.9
1113730 1332.5
1113740 1337.6
1113750 1337.6
1113760 1344.4
1113770 1352.0
1113780 1352.0
1113790 1356.4
1113800 1359.7
1113810 1359.7
1113820 1362.5
1113830 1365.7
1113840 1365.7
1113850 1369.0
1113860 1371.5
1113870 1371.5
1113880 1371.5
1113890 1370.4
1113900 1370.4
1113910 1370.3
1113920 1371.6
1113930 1367.8
1113940 1370.1
1113950 1370.6
1113960 1370.6
1113970 1371.1
1113980 1371.4
1113990 1371.4
1114000 1371.6
1114010 1372.1
1114020 1372.2
1114030 1372.2
1114040 1372.1
1114050 1371.3
1114060 1371.3
1114070 1368.2
1114080 1365.8
1114090 1365.8
1114100 1364.9
1114110 1364.7
1114120 1364.7
1114130 1364.3
1114140 1365.9
1114150 1365.9
1114160 1368.5
1114170 1371.0
1114180 1371.0
1114190 1372.2
1114200 1372.4
1114210 1372.4
1114220 1372.0
1114230 1372.6
1114240 1372.6
1114250 1372.5
1114260 1373.0
1114270 1373.2
1114280 1370.7
1114290 1365.2
1114300 1359.7
1114310 1359.7
1114320 1356.9
1114330 1353.6
1114340 1353.6
1114350 1349.5
1114360 1348.5
1114370 1348.5
1114380 1347.1
1114390 1345.4
1114400 1345.4
1114410 1346.1
1114420 1347.6
1114430 1347.6
1114440 1347.0
1114450 1341.9
1114460 1341.9
1114470 1336.3
1114480 1330.9
1114490 1330.9
1114500 1326.9
1114510 1325.0
1114520 1325.0
1114530 1324.9
1114540 1320.8
1114550 1319.4
1114560 1319.4
1114570 1322.1
1114580 1331.4
1114590 1331.4
1114600 1339.0
1114610 1347.5
1114620 1343.9
1114630 1349.6
1114640 1353.0
1114650 1353.0
1114660 1356.8
1114670 1359.8
1114680 1359.8
1114690 1362.5
1114700 1364.0
1114710 1364.0
1114720 1366.8
1114730 1371.3
1114740 1371.3
1114750 1377.9
1114760 1386.6
1114770 1386.6
1114780 1395.8
1114790 1401.0
1114800 1401.0
1114810 1399.4
1114820 1395.4
1114830 1389.9
1114840 1389.9
1114850 1390.3
1114860 1386.5
1114870 1386.5
1114880 1387.3
1114890 1390.8
1114900 1390.8
1114910 1392.1
1114920 1393.9
1114930 1393.9
1114940 1399.8
1114950 1414.6
1114960 1421.3
1114970 1432.1
1114980 1441.8
1114990 1441.8
1115000 1450.6
1115010 1458.7
1115020 1458.7
1115030 1468.1
1115040 1477.2
1115050 1477.2
1115060 1481.5
1115070 1488.5
1115080 1499.2
1115090 1499.2
1115100 1510.4
1115110 1521.0
1115120 1521.0
1115130 1532.3
1115140 1544.2
1115150 1544.2
1115160 1552.3
1115170 1560.1
1115180 1560.1
1115190 1566.6
1115200 1573.5
1115210 1573.5
1115220 1579.4
1115230 1583.9
1115240 1583.9
1115250 1587.7
1115260 1592.2
1115270 1592.2
1115280 1596.2
1115290 1600.3
1115300 1600.3
1115310 1604.4
1115320 1608.2
1115330 1608.2
1115340 1611.6
1115350 1616.0
1115360 1621.2
1115370 1621.2
1115380 1626.4
1115390 1632.1
1115400 1632.1
1115410 1637.5
1115420 1643.0
1115430 1643.0
1115440 1648.2
1115450 1652.4
1115460 1652.4
1115470 1656.7
1115480 1661.0
1115490 1661.0
1115500 1662.5
1115510 1666.9
1115520 1666.9
1115530 1675.3
1115540 1683.1
1115550 1683.1
1115560 1690.9
1115570 1699.7
1115580 1699.7
1115590 1708.9
1115600 1716.8
1115610 1723.1
1115620 1723.1
1115630 1729.3
1115640 1736.0
1115650 1733.6
1115660 1735.9
1115670 1735.1
1115680 1735.1
1115690 1743.7
1115700 1755.0
1115710 1755.0
1115720 1767.2
1115730 1773.0
1115740 1773.0
1115750 1779.1
1115760 1785.2
1115770 1785.2
1115780 1791.6
1115790 1796.4
1115800 1796.4
1115810 1799.0
1115820 1800.2
1115830 1800.2
1115840 1800.1
1115850 1798.8
1115860 1798.8
1115870 1799.0
1115880 1800.0
1115890 1799.3
1115900 1799.3
1115910 1799.0
1115920 1798.2
1115930 1798.2
1115940 1798.5
1115950 1798.7
1115960 1798.7
1115970 1798.8
1115980 1798.5
1115990 1798.5
1116000 1794.1
1116010 1794.8
1116020 1794.8
1116030 1794.5
1116040 1792.4
1116050 1792.4
1116060 1789.5
1116070 1786.9
1116080 1786.9
1116090 1786.0
1116100 1783.8
1116110 1783.8
1116120 1782.1
1116130 1782.3
1116140 1782.8
1116150 1782.8
1116160 1783.6
1116170 1784.5
1116180 1784.5
1116190 1786.7
1116200 1790.4
1116210 1790.4
1116220 1795.4
1116230 1800.4
1116240 1800.4
1116250 1805.0
1116260 1808.5
1116270 1808.5
1116280 1810.4
1116290 1812.3
1116300 1812.3
1116310 1813.2
1116320 1813.5
1116330 1813.5
1116340 1811.7
1116350 1811.3
1116360 1811.3
1116370 1810.6
1116380 1809.4
1116390 1809.4
1116400 1808.7
1116410 1808.4
1116420 1807.7
1116430 1807.7
1116440 1806.2
1116450 1804.9
1116460 1804.9
1116470 1804.9
1116480 1805.1
1116490 1805.1
1116500 1804.2
1116510 1803.0
1116520 1803.0
1116530 1804.7
1116540 1808.5
1116550 1808.5
1116560 1812.2
1116570 1815.5
1116580 1815.5
1116590 1817.0
1116600 1816.8
1116610 1816.8
1116620 1817.4
1116630 1819.1
1116640 1819.1
1116650 1819.4
1116660 1818.6
1116670 1817.8
1116680 1817.8
1116690 1814.7
1116700 1813.0
1116710 1813.0
1116720 1810.0
1116730 1805.0
1116740 1805.0
1116750 1801.9
1116760 1801.7
1116770 1801.7
1116780 1802.8
1116790 1805.7
1116800 1805.7
1116810 1807.9
1116820 1810.3
1116830 1810.3
1116840 1813.4
1116850 1815.9
1116860 1815.9
1116870 1818.0
1116880 1820.6
1116890 1820.6
1116900 1822.6
1116910 1824.7
1116920 1824.7
1116930 1826.1
1116940 1826.2
1116950 1827.6
1116960 1827.6
1116970 1830.0
1116980 1833.4
1116990 1833.4
1117000 1836.5
1117010 1839.7
1117020 1839.7
1117030 1843.4
1117040 1845.1
1117050 1845.1
1117060 1850.2
1117070 1855.5
1117080 1855.5
1117090 1860.6
1117100 1865.6
1117110 1865.6
1117120 1870.4
1117130 1874.9
1117140 1874.9
1117150 1881.0
1117160 1887.4
1117170 1887.4
1117180 1893.1
1117190 1898.4
1117200 1898.4
1117210 1903.3
1117220 1908.1
1117230 1913.3
1117240 1913.3
1117250 1917.0
1117260 1923.8
1117270 1923.8
1117280 1931.2
1117290 1937.8
1117300 1937.8
1117310 1943.8
1117320 1948.0
1117330 1948.0
1117340 1952.4
1117350 1958.3
1117360 1958.3
1117370 1966.4
1117380 1979.3
1117390 1979.3
1117400 1986.3
1117410 1994.6
1117420 1994.6
1117430 2002.2
1117440 2009.2
1117450 2009.2
1117460 2017.5
1117470 2026.0
1117480 2034.3
1117490 2034.3
1117500 2040.9
1117510 2046.6
1117520 2046.6
1117530 2054.0
1117540 2061.7
1117550 2061.7
1117560 2070.1
1117570 2079.5
1117580 2079.5
1117590 2088.9
1117600 2097.5
1117610 2097.5
1117620 2105.6
1117630 2112.7
1117640 2112.7
1117650 2119.8
1117660 2127.2
1117670 2127.2
1117680 2134.8
1117690 2142.1
1117700 2142.1
1117710 2149.4
1117720 2156.8
1117730 2157.3
1117740 2165.1
1117750 2173.2
1117760 2182.6
1117770 2182.6
1117780 2192.7
1117790 2202.5
1117800 2202.5
1117810 2216.3
1117820 2228.7
1117830 2228.7
1117840 2237.0
1117850 2237.8
1117860 2237.8
1117870 2227.8
1117880 2205.7
1117890 2205.7
1117900 2194.8
1117910 2198.6
1117920 2198.6
1117930 2191.1
1117940 2170.3
1117950 2170.3
1117960 2158.5
1117970 2151.3
1117980 2151.3
1117990 2142.4
1118000 2128.1
1118010 2123.6
1118020 2123.6
1118030 2117.2
1118040 2098.4
1118050 2098.4
1118060 2072.5
1118070 2040.5
1118080 2092.5
1118090 2072.4
1118100 2070.5
1118110 2070.5
1118120 2078.7
1118130 2081.7
1118140 2081.7
1118150 2075.0
1118160 2068.6
1118170 2068.6
1118180 2067.6
1118190 2063.0
1118200 2063.0
1118210 2054.0
1118220 2043.9
1118230 2043.9
1118240 2035.8
1118250 2028.6
1118260 2028.6
1118270 2021.3
1118280 2014.9
1118290 2008.1
1118300 2008.1
1118310 2003.1
1118320 2003.5
1118330 2003.5
1118340 2003.5
1118350 2000.7
1118360 2000.7
1118370 1996.9
1118380 1994.4
1118390 1994.4
1118400 1989.4
1118410 1983.3
1118420 1971.7
1118430 1965.6
1118440 1951.5
1118450 1951.5
1118460 1933.5
1118470 1912.1
1118480 1912.1
1118490 1889.6
1118500 1871.7
1118510 1871.7
1118520 1848.7
1118530 1833.9
1118540 1821.4
1118550 1821.4
1118560 1811.0
1118570 1798.9
1118580 1798.9
1118590 1789.2
1118600 1780.2
1118610 1780.2
1118620 1771.0
1118630 1762.4
1118640 1762.4
1118650 1755.0
1118660 1748.4
1118670 1748.4
1118680 1741.1
1118690 1733.0
1118700 1733.0
1118710 1728.2
1118720 1722.4
1118730 1722.4
1118740 1716.0
1118750 1709.6
1118760 1709.6
1118770 1704.0
1118780 1698.3
1118790 1698.3
1118800 1693.3
1118810 1687.9
1118820 1682.4
1118830 1682.4
1118840 1677.2
1118850 1673.3
1118860 1673.3
1118870 1671.3
1118880 1667.8
1118890 1667.8
1118900 1661.0
1118910 1662.5
1118920 1662.5
1118930 1662.8
1118940 1664.1
1118950 1664.1
1118960 1664.8
1118970 1665.1
1118980 1665.1
1118990 1666.4
1119000 1667.6
1119010 1667.6
1119020 1668.1
1119030 1669.7
1119040 1669.7
1119050 1670.9
1119060 1672.3
1119070 1674.8
1119080 1674.8
1119090 1677.4
1119100 1679.3
1119110 1679.3
1119120 1697.9
1119130 1704.5
1119140 1704.5
1119150 1703.5
1119160 1695.7
1119170 1695.7
1119180 1702.9
1119190 1711.9
1119200 1711.9
1119210 1717.2
1119220 1721.7
1119230 1721.7
1119240 1729.2
1119250 1735.9
1119260 1735.9
1119270 1740.2
1119280 1744.4
1119290 1744.4
1119300 1750.8
1119310 1758.9
1119320 1758.9
1119330 1765.0
1119340 1771.0
1119350 1776.1
1119360 1776.1
1119370 1781.2
1119380 1788.0
1119390 1788.0
1119400 1791.6
1119410 1795.6
1119420 1795.6
1119430 1803.9
1119440 1809.6
1119450 1809.6
1119460 1812.4
1119470 1825.6
1119480 1825.6
1119490 1825.9
1119500 1829.9
1119510 1829.9
1119520 1837.2
1119530 1845.9
1119540 1845.9
1119550 1854.7
1119560 1864.9
1119570 1864.9
1119580 1871.1
1119590 1877.3
1119600 1877.3
1119610 1885.5
1119620 1894.2
1119630 1903.3
1119640 1903.3
1119650 1912.8
1119660 1921.8
1119670 1921.8
1119680 1930.7
1119690 1940.0
1119700 1940.0
1119710 1952.0
1119720 1964.4
1119730 1964.4
1119740 1973.0
1119750 1977.3
1119760 1977.3
1119770 1983.2
1119780 1987.9
1119790 1987.9
1119800 1991.5
1119810 1994.8
1119820 2001.9
1119830 2004.8
1119840 2008.0
1119850 2008.0
1119860 2010.3
1119870 2013.1
1119880 2015.4
1119890 2015.4
1119900 2017.3
1119910 2018.4
1119920 2018.4
1119930 2017.1
1119940 2010.6
1119950 2010.6
1119960 2005.8
1119970 2004.5
1119980 2004.5
1119990 2001.1
