1100000 1862.8
1100010 1860.2
1100020 1853.9
1100030 1853.9
1100040 1848.0
1100050 1842.7
1100060 1842.7
1100070 1838.1
1100080 1833.6
1100090 1833.6
1100100 1822.5
1100110 1818.8
1100120 1818.8
1100130 1813.5
1100140 1808.7
1100150 1808.7
1100160 1808.6
1100170 1805.3
1100180 1805.3
1100190 1799.4
1100200 1796.7
1100210 1793.4
1100220 1793.4
1100230 1787.0
1100240 1785.1
1100250 1785.1
1100260 1782.7
1100270 1780.4
1100280 1780.4
1100290 1778.2
1100300 1774.2
1100310 1774.2
1100320 1768.0
1100330 1764.2
1100340 1764.2
1100350 1763.1
1100360 1761.7
1100370 1761.7
1100380 1758.0
1100390 1759.9
1100400 1759.9
1100410 1759.8
1100420 1760.3
1100430 1752.8
1100440 1752.8
1100450 1757.1
1100460 1757.1
1100470 1757.9
1100480 1760.6
1100490 1762.2
1100500 1762.2
1100510 1765.3
1100520 1769.8
1100530 1769.8
1100540 1774.9
1100550 1778.3
1100560 1778.3
1100570 1782.1
1100580 1787.5
1100590 1787.5
1100600 1792.6
1100610 1796.6
1100620 1796.6
1100630 1796.8
1100640 1797.6
1100650 1797.6
1100660 1795.3
1100670 1792.3
1100680 1792.3
1100690 1790.5
1100700 1786.8
1100710 1786.8
1100720 1781.3
1100730 1775.5
1100740 1775.5
1100750 1768.9
1100760 1767.9
1100770 1763.0
1100780 1763.0
1100790 1760.4
1100800 1759.3
1100810 1759.3
1100820 1759.1
1100830 1749.7
1100840 1749.7
1100850 1741.2
1100860 1735.3
1100870 1735.3
1100880 1732.6
1100890 1726.3
1100900 1726.3
1100910 1719.5
1100920 1712.5
1100930 1712.5
1100940 1704.8
1100950 1697.3
1100960 1697.3
1100970 1690.0
1100980 1682.2
1100990 1682.2
1101000 1675.1
1101010 1672.7
1101020 1675.1
1101030 1675.1
1101040 1669.1
1101050 1662.4
1101060 1662.4
1101070 1666.0
1101080 1664.8
1101090 1668.5
1101100 1661.9
1101110 1655.0
1101120 1655.0
1101130 1648.5
1101140 1640.6
1101150 1640.6
1101160 1631.2
1101170 1625.0
1101180 1625.0
1101190 1630.1
1101200 1629.3
1101210 1629.3
1101220 1622.7
1101230 1614.1
1101240 1614.1
1101250 1609.6
1101260 1607.7
1101270 1607.7
1101280 1598.2
1101290 1598.2
1101300 1598.3
1101310 1598.3
1101320 1593.3
1101330 1589.2
1101340 1589.2
1101350 1586.0
1101360 1578.1
1101370 1578.1
1101380 1570.1
1101390 1563.6
1101400 1563.6
1101410 1563.3
1101420 1577.5
1101430 1577.5
1101440 1570.7
1101450 1567.9
1101460 1567.9
1101470 1564.0
1101480 1555.5
1101490 1555.5
1101500 1551.4
1101510 1545.5
1101520 1545.5
1101530 1535.7
1101540 1527.0
1101550 1527.0
1101560 1520.1
1101570 1514.9
1101580 1514.8
1101590 1514.8
1101600 1514.7
1101610 1514.7
1101620 1514.7
1101630 1512.9
1101640 1509.1
1101650 1509.1
1101660 1504.2
1101670 1497.6
1101680 1497.6
1101690 1493.1
1101700 1488.5
1101710 1488.5
1101720 1483.8
1101730 1478.7
1101740 1478.7
1101750 1474.5
1101760 1479.0
1101770 1479.0
1101780 1472.4
1101790 1469.4
1101800 1469.4
1101810 1463.4
1101820 1456.7
1101830 1448.9
1101840 1448.9
1101850 1444.6
1101860 1438.7
1101870 1438.7
1101880 1432.2
1101890 1425.3
1101900 1425.3
1101910 1418.8
1101920 1410.1
1101930 1410.1
1101940 1399.8
1101950 1392.0
1101960 1392.0
1101970 1384.7
1101980 1376.9
1101990 1376.9
1102000 1370.2
1102010 1363.3
1102020 1363.3
1102030 1356.8
1102040 1350.7
1102050 1350.7
1102060 1344.4
1102070 1339.2
1102080 1339.2
1102090 1336.7
1102100 1331.6
1102110 1325.9
1102120 1325.9
1102130 1319.5
1102140 1312.6
1102150 1312.6
1102160 1305.6
1102170 1297.5
1102180 1297.5
1102190 1290.6
1102200 1287.3
1102210 1287.3
1102220 1286.5
1102230 1288.6
1102240 1288.6
1102250 1292.1
1102260 1296.3
1102270 1296.3
1102280 1299.3
1102290 1301.8
1102300 1301.8
1102310 1304.2
1102320 1302.0
1102330 1302.0
1102340 1299.8
1102350 1298.9
1102360 1299.0
1102370 1299.0
1102380 1299.8
1102390 1302.2
1102400 1302.2
1102410 1305.0
1102420 1302.1
1102430 1302.1
1102440 1305.3
1102450 1307.3
1102460 1307.3
1102470 1308.9
1102480 1310.2
1102490 1310.2
1102500 1311.2
1102510 1315.6
1102520 1315.6
1102530 1320.1
1102540 1325.9
1102550 1325.9
1102560 1332.3
1102570 1334.0
1102580 1334.0
1102590 1337.8
1102600 1343.9
1102610 1343.9
1102620 1345.1
1102630 1353.1
1102640 1366.2
1102650 1366.2
1102660 1374.9
1102670 1376.5
1102680 1376.5
1102690 1377.5
1102700 1378.7
1102710 1378.7
1102720 1381.4
1102730 1386.5
1102740 1386.5
1102750 1391.8
1102760 1384.0
1102770 1384.0
1102780 1391.4
1102790 1402.7
1102800 1402.7
1102810 1415.2
1102820 1424.9
1102830 1424.9
1102840 1431.0
1102850 1437.9
1102860 1437.9
1102870 1443.8
1102880 1448.9
1102890 1448.9
1102900 1452.0
1102910 1452.3
1102920 1448.5
1102930 1448.5
1102940 1438.0
1102950 1428.4
1102960 1428.4
1102970 1422.3
1102980 1417.7
1102990 1417.7
1103000 1414.8
1103010 1411.4
1103020 1411.4
1103030 1408.5
1103040 1404.7
1103050 1404.7
1103060 1400.7
1103070 1395.5
1103080 1395.5
1103090 1387.5
1103100 1383.4
1103110 1383.4
1103120 1378.6
1103130 1374.0
1103140 1374.0
1103150 1369.4
1103160 1364.9
1103170 1359.6
1103180 1359.6
1103190 1355.2
1103200 1349.5
1103210 1349.5
1103220 1342.6
1103230 1335.1
1103240 1335.1
1103250 1328.8
1103260 1323.0
1103270 1323.0
1103280 1317.3
1103290 1311.4
1103300 1311.4
1103310 1305.3
1103320 1299.4
1103330 1299.4
1103340 1293.5
1103350 1286.3
1103360 1286.3
1103370 1282.5
1103380 1281.0
1103390 1281.0
1103400 1277.7
1103410 1272.6
1103420 1269.5
1103430 1264.9
1103440 1258.0
1103450 1250.6
1103460 1250.6
1103470 1244.6
1103480 1238.6
1103490 1238.6
1103500 1232.3
1103510 1226.0
1103520 1226.0
1103530 1218.9
1103540 1211.3
1103550 1211.3
1103560 1203.6
1103570 1196.6
1103580 1196.6
1103590 1188.7
1103600 1180.8
1103610 1180.8
1103620 1173.0
1103630 1167.1
1103640 1167.1
1103650 1165.9
1103660 1166.2
1103670 1166.2
1103680 1163.8
1103690 1162.6
1103700 1162.6
1103710 1160.6
1103720 1155.9
1103730 1151.0
1103740 1151.0
1103750 1143.7
1103760 1143.9
1103770 1143.9
1103780 1150.1
1103790 1152.5
1103800 1152.5
1103810 1153.7
1103820 1155.3
1103830 1155.3
1103840 1157.9
1103850 1162.5
1103860 1162.5
1103870 1167.1
1103880 1169.0
1103890 1169.0
1103900 1170.4
1103910 1172.0
1103920 1172.0
1103930 1173.6
1103940 1175.6
1103950 1175.6
1103960 1180.7
1103970 1187.5
1103980 1193.0
1103990 1193.0
1104000 1199.2
1104010 1205.4
1104020 1205.4
1104030 1210.0
1104040 1211.5
1104050 1211.5
1104060 1213.1
1104070 1216.0
1104080 1216.0
1104090 1213.1
1104100 1216.9
1104110 1216.9
1104120 1221.8
1104130 1226.4
1104140 1226.4
1104150 1233.0
1104160 1238.9
1104170 1238.9
1104180 1245.2
1104190 1251.6
1104200 1251.6
1104210 1258.5
1104220 1265.8
1104230 1265.8
1104240 1275.5
1104250 1290.2
1104260 1302.7
1104270 1302.7
1104280 1312.8
1104290 1317.0
1104300 1317.0
1104310 1318.5
1104320 1326.8
1104330 1326.8
1104340 1338.7
1104350 1350.8
1104360 1350.8
1104370 1357.7
1104380 1363.5
1104390 1363.5
1104400 1371.6
1104410 1381.1
1104420 1381.1
1104430 1389.5
1104440 1398.2
1104450 1398.2
1104460 1404.9
1104470 1414.1
1104480 1414.1
1104490 1422.0
1104500 1424.9
1104510 1421.9
1104520 1421.9
1104530 1422.7
1104540 1425.6
1104550 1425.6
1104560 1427.2
1104570 1422.1
1104580 1422.1
1104590 1415.3
1104600 1416.8
1104610 1416.8
1104620 1421.2
1104630 1423.0
1104640 1423.0
1104650 1422.5
1104660 1421.0
1104670 1421.0
1104680 1417.9
1104690 1414.2
1104700 1414.2
1104710 1410.8
1104720 1406.8
1104730 1406.8
1104740 1402.8
1104750 1399.6
1104760 1394.8
1104770 1391.2
1104780 1389.0
1104790 1385.4
1104800 1385.4
1104810 1380.8
1104820 1375.1
1104830 1375.1
1104840 1369.0
1104850 1361.7
1104860 1361.7
1104870 1352.8
1104880 1343.8
1104890 1343.8
1104900 1336.4
1104910 1330.1
1104920 1330.1
1104930 1323.2
1104940 1315.5
1104950 1315.5
1104960 1307.8
1104970 1299.7
1104980 1299.7
1104990 1293.8
1105000 1290.6
1105010 1290.6
1105020 1286.9
1105030 1284.9
1105040 1284.9
1105050 1283.6
1105060 1281.2
1105070 1279.0
1105080 1279.0
1105090 1275.5
1105100 1268.4
1105110 1268.4
1105120 1266.4
1105130 1262.7
1105140 1262.7
1105150 1259.9
1105160 1256.9
1105170 1256.9
1105180 1251.7
1105190 1245.0
1105200 1245.0
1105210 1238.4
1105220 1233.2
1105230 1233.2
1105240 1233.2
1105250 1229.6
1105260 1229.6
1105270 1221.7
1105280 1216.0
1105290 1216.0
1105300 1218.5
1105310 1217.3
1105320 1213.2
1105330 1213.2
1105340 1207.5
1105350 1199.6
1105360 1199.6
1105370 1205.9
1105380 1219.1
1105390 1219.1
1105400 1233.3
1105410 1243.8
1105420 1243.8
1105430 1256.9
1105440 1264.7
1105450 1264.7
1105460 1272.9
1105470 1279.8
1105480 1279.8
1105490 1283.6
1105500 1287.7
1105510 1287.7
1105520 1292.3
1105530 1296.9
1105540 1296.9
1105550 1302.0
1105560 1306.3
1105570 1306.3
1105580 1309.5
1105590 1314.6
1105600 1320.5
1105610 1320.5
1105620 1325.9
1105630 1331.8
1105640 1331.8
1105650 1337.4
1105660 1343.3
1105670 1343.3
1105680 1349.1
1105690 1355.1
1105700 1355.1
1105710 1360.8
1105720 1366.2
1105730 1366.2
1105740 1372.1
1105750 1378.4
1105760 1378.4
1105770 1387.6
1105780 1394.3
1105790 1394.3
1105800 1400.8
1105810 1407.2
1105820 1407.2
1105830 1413.3
1105840 1419.3
1105850 1419.3
1105860 1424.9
1105870 1431.2
1105880 1436.9
1105890 1436.9
1105900 1443.1
1105910 1449.1
1105920 1449.1
1105930 1456.5
1105940 1462.9
1105950 1462.9
1105960 1467.6
1105970 1472.1
1105980 1472.1
1105990 1476.8
1106000 1480.7
1106010 1480.7
1106020 1485.1
1106030 1489.5
1106040 1489.5
1106050 1494.2
1106060 1498.9
1106070 1498.9
1106080 1503.9
1106090 1508.7
1106100 1511.0
1106110 1513.5
1106120 1516.6
1106130 1519.7
1106140 1519.7
1106150 1525.0
1106160 1532.5
1106170 1532.5
1106180 1539.1
1106190 1544.3
1106200 1544.3
1106210 1549.8
1106220 1554.3
1106230 1554.3
1106240 1556.3
1106250 1558.2
1106260 1558.2
1106270 1563.0
1106280 1568.9
1106290 1568.9
1106300 1574.9
1106310 1581.3
1106320 1581.3
1106330 1585.3
1106340 1590.5
1106350 1590.5
1106360 1610.5
1106370 1616.0
1106380 1616.0
1106390 1624.3
1106400 1627.9
1106410 1628.0
1106420 1628.0
1106430 1628.5
1106440 1624.7
1106450 1624.7
1106460 1629.1
1106470 1637.2
1106480 1637.2
1106490 1642.8
1106500 1644.7
1106510 1644.7
1106520 1652.6
1106530 1658.9
1106540 1658.9
1106550 1665.9
1106560 1686.0
1106570 1686.0
1106580 1716.8
1106590 1732.8
1106600 1732.8
1106610 1739.9
1106620 1747.8
1106630 1747.8
1106640 1750.1
1106650 1755.5
1106660 1759.0
1106670 1759.0
1106680 1749.3
1106690 1750.1
1106700 1750.1
1106710 1755.5
1106720 1760.5
1106730 1760.5
1106740 1768.1
1106750 1776.4
1106760 1776.4
1106770 1778.2
1106780 1779.9
1106790 1779.9
1106800 1789.6
1106810 1801.9
1106820 1801.9
1106830 1800.1
1106840 1801.4
1106850 1801.4
1106860 1794.5
1106870 1785.8
1106880 1785.8
1106890 1778.5
1106900 1773.4
1106910 1773.4
1106920 1768.7
1106930 1766.5
1106940 1764.6
1106950 1764.6
1106960 1757.4
1106970 1750.5
1106980 1750.5
1106990 1751.6
1107000 1765.7
1107010 1765.7
1107020 1775.3
1107030 1776.4
1107040 1776.4
1107050 1773.1
1107060 1765.0
1107070 1765.0
1107080 1765.2
1107090 1764.7
1107100 1764.7
1107110 1744.4
1107120 1743.7
1107130 1743.7
1107140 1741.7
1107150 1736.5
1107160 1736.5
1107170 1726.7
1107180 1721.7
1107190 1721.7
1107200 1721.5
1107210 1723.0
1107220 1722.7
1107230 1722.7
1107240 1723.9
1107250 1722.5
1107260 1722.5
1107270 1723.2
1107280 1723.3
1107290 1723.3
1107300 1718.3
1107310 1714.5
1107320 1714.5
1107330 1714.2
1107340 1712.4
1107350 1712.4
1107360 1708.6
1107370 1704.8
1107380 1704.8
1107390 1702.9
1107400 1698.0
1107410 1698.0
1107420 1695.5
1107430 1695.6
1107440 1695.6
1107450 1688.0
1107460 1686.6
1107470 1686.2
1107480 1686.2
1107490 1687.9
1107500 1693.1
1107510 1693.1
1107520 1695.7
1107530 1693.8
1107540 1693.8
1107550 1687.6
1107560 1678.3
1107570 1678.3
1107580 1671.6
1107590 1665.3
1107600 1665.3
1107610 1655.0
1107620 1637.0
1107630 1637.0
1107640 1615.7
1107650 1611.3
1107660 1611.3
1107670 1620.2
1107680 1624.4
1107690 1624.4
1107700 1626.5
1107710 1625.6
1107720 1625.6
1107730 1618.8
1107740 1613.3
1107750 1608.1
1107760 1608.1
1107770 1601.6
1107780 1594.3
1107790 1587.7
1107800 1553.2
1107810 1537.8
1107820 1537.8
1107830 1530.5
1107840 1522.3
1107850 1522.3
1107860 1518.2
1107870 1516.1
1107880 1516.1
1107890 1512.3
1107900 1513.1
1107910 1513.1
1107920 1528.0
1107930 1533.8
1107940 1533.8
1107950 1534.4
1107960 1533.7
1107970 1533.7
1107980 1529.5
1107990 1526.1
1108000 1518.2
1108010 1518.2
1108020 1513.0
1108030 1514.0
1108040 1514.0
1108050 1510.1
1108060 1501.1
1108070 1501.1
1108080 1491.2
1108090 1486.8
1108100 1486.8
1108110 1490.3
1108120 1487.8
1108130 1465.9
1108140 1455.7
1108150 1452.9
1108160 1452.9
1108170 1447.3
1108180 1438.8
1108190 1438.8
1108200 1434.3
1108210 1429.5
1108220 1429.5
1108230 1425.7
1108240 1421.1
1108250 1421.1
1108260 1415.5
1108270 1410.1
1108280 1405.1
1108290 1405.1
1108300 1400.2
1108310 1395.1
1108320 1395.1
1108330 1389.9
1108340 1384.3
1108350 1384.3
1108360 1377.8
1108370 1370.1
1108380 1370.1
1108390 1363.7
1108400 1368.8
1108410 1368.8
1108420 1372.8
1108430 1371.5
1108440 1371.5
1108450 1372.1
1108460 1371.2
1108470 1371.2
1108480 1373.0
1108490 1372.6
1108500 1372.6
1108510 1371.4
1108520 1370.5
1108530 1370.5
1108540 1370.2
1108550 1370.1
1108560 1370.3
1108570 1370.3
1108580 1371.0
1108590 1371.0
1108600 1371.0
1108610 1371.3
1108620 1371.2
1108630 1371.2
1108640 1370.9
1108650 1370.4
1108660 1370.4
1108670 1370.4
1108680 1370.3
1108690 1370.3
1108700 1370.2
1108710 1369.7
1108720 1369.7
1108730 1369.0
1108740 1367.5
1108750 1367.5
1108760 1365.9
1108770 1363.9
1108780 1363.9
1108790 1360.2
1108800 1346.2
1108810 1338.1
1108820 1338.1
1108830 1330.9
1108840 1317.6
1108850 1317.6
1108860 1303.2
1108870 1293.3
1108880 1293.3
1108890 1287.9
1108900 1284.5
1108910 1284.5
1108920 1307.9
1108930 1320.4
1108940 1320.4
1108950 1320.6
1108960 1322.3
1108970 1322.3
1108980 1326.8
1108990 1331.3
1109000 1331.3
1109010 1335.0
1109020 1338.7
1109030 1338.7
1109040 1341.6
1109050 1341.0
1109060 1341.0
1109070 1342.6
1109080 1345.5
1109090 1347.9
1109100 1347.9
1109110 1348.4
1109120 1350.0
1109130 1350.0
1109140 1350.6
1109150 1351.9
1109160 1351.9
1109170 1350.2
1109180 1351.2
1109190 1351.2
1109200 1353.9
1109210 1351.9
1109220 1351.9
1109230 1347.0
1109240 1344.0
1109250 1344.0
1109260 1339.3
1109270 1334.0
1109280 1334.0
1109290 1329.4
1109300 1322.2
1109310 1322.2
1109320 1318.1
1109330 1323.2
1109340 1331.3
1109350 1331.3
1109360 1340.3
1109370 1351.4
1109380 1351.4
1109390 1360.2
1109400 1364.0
1109410 1364.0
1109420 1366.8
1109430 1371.8
1109440 1371.8
1109450 1375.3
1109460 1378.8
1109470 1378.8
1109480 1382.5
1109490 1388.6
1109500 1388.6
1109510 1391.6
1109520 1392.0
1109530 1392.0
1109540 1391.7
1109550 1390.7
1109560 1390.7
1109570 1390.1
1109580 1393.3
1109590 1393.3
1109600 1398.7
1109610 1403.4
1109620 1408.3
1109630 1408.3
1109640 1413.8
1109650 1420.2
1109660 1420.2
1109670 1429.4
1109680 1433.5
1109690 1433.5
1109700 1438.4
1109710 1444.2
1109720 1444.2
1109730 1446.7
1109740 1446.3
1109750 1446.3
1109760 1446.5
1109770 1448.2
1109780 1448.2
1109790 1448.8
1109800 1449.1
1109810 1449.1
1109820 1441.7
1109830 1442.1
1109840 1442.1
1109850 1442.2
1109860 1442.2
1109870 1442.1
1109880 1442.1
1109890 1442.3
1109900 1442.1
1109910 1442.1
1109920 1440.9
1109930 1439.7
1109940 1439.7
1109950 1438.2
1109960 1437.5
1109970 1437.5
1109980 1437.6
1109990 1438.1
1110000 1438.1
1110010 1438.1
1110020 1437.7
1110030 1437.7
1110040 1436.0
1110050 1434.2
1110060 1434.2
1110070 1432.2
1110080 1430.9
1110090 1430.9
1110100 1430.6
1110110 1430.5
1110120 1430.5
1110130 1430.6
1110140 1431.2
1110150 1431.4
1110160 1426.7
1110170 1425.5
1110180 1423.5
1110190 1423.5
1110200 1422.6
1110210 1423.5
1110220 1423.5
1110230 1418.7
1110240 1415.4
1110250 1415.4
1110260 1417.8
1110270 1419.4
1110280 1419.4
1110290 1419.7
1110300 1421.0
1110310 1421.0
1110320 1422.8
1110330 1424.6
1110340 1424.6
1110350 1426.3
1110360 1427.6
1110370 1427.6
1110380 1429.3
1110390 1431.0
1110400 1431.0
1110410 1432.3
1110420 1433.3
1110430 1434.5
1110440 1434.5
1110450 1434.9
1110460 1434.7
1110470 1434.7
1110480 1434.3
1110490 1432.8
1110500 1428.2
1110510 1426.4
1110520 1426.8
1110530 1426.8
1110540 1426.4
1110550 1427.6
1110560 1427.6
1110570 1424.6
1110580 1417.6
1110590 1417.6
1110600 1410.0
1110610 1408.1
1110620 1408.1
1110630 1414.4
1110640 1424.7
1110650 1424.7
1110660 1437.2
1110670 1442.5
1110680 1445.9
1110690 1445.9
1110700 1447.6
1110710 1448.3
1110720 1448.3
1110730 1451.0
1110740 1453.3
1110750 1453.3
1110760 1455.1
1110770 1457.4
1110780 1457.4
1110790 1460.2
1110800 1462.8
1110810 1462.8
1110820 1465.4
1110830 1468.1
1110840 1462.2
1110850 1464.0
1110860 1465.2
1110870 1465.2
1110880 1467.2
1110890 1471.1
1110900 1471.1
1110910 1474.7
1110920 1476.6
1110930 1476.6
1110940 1478.7
1110950 1481.8
1110960 1485.8
1110970 1485.8
1110980 1490.4
1110990 1493.7
1111000 1493.7
1111010 1495.1
1111020 1496.2
1111030 1496.2
1111040 1496.5
1111050 1495.8
1111060 1495.8
1111070 1494.0
1111080 1491.7
1111090 1491.7
1111100 1489.3
1111110 1486.9
1111120 1486.9
1111130 1484.9
1111140 1482.8
1111150 1482.8
1111160 1480.5
1111170 1478.0
1111180 1471.5
1111190 1470.0
1111200 1469.1
1111210 1469.0
1111220 1469.0
1111230 1468.7
1111240 1468.2
1111250 1468.2
1111260 1468.7
1111270 1469.3
1111280 1469.3
1111290 1470.9
1111300 1472.3
1111310 1472.3
1111320 1473.8
1111330 1472.7
1111340 1472.7
1111350 1456.0
1111360 1436.5
1111370 1436.5
1111380 1420.9
1111390 1407.1
1111400 1407.1
1111410 1378.3
1111420 1378.1
1111430 1378.1
1111440 1386.8
1111450 1393.2
1111460 1393.2
1111470 1415.8
1111480 1426.5
1111490 1430.7
1111500 1430.7
1111510 1434.5
1111520 1432.8
1111530 1432.8
1111540 1434.8
1111550 1436.5
1111560 1436.5
1111570 1436.7
1111580 1436.0
1111590 1436.0
1111600 1434.5
1111610 1431.8
1111620 1431.8
1111630 1430.1
1111640 1430.4
1111650 1430.4
1111660 1431.9
1111670 1432.3
1111680 1432.3
1111690 1433.8
1111700 1431.6
1111710 1431.6
1111720 1428.3
1111730 1423.0
1111740 1423.0
1111750 1420.9
1111760 1422.3
1111770 1418.5
1111780 1418.5
1111790 1414.2
1111800 1414.4
1111810 1414.4
1111820 1415.8
1111830 1417.0
1111840 1417.0
1111850 1415.8
1111860 1406.4
1111870 1406.4
1111880 1405.9
1111890 1402.1
1111900 1402.1
1111910 1400.3
1111920 1404.3
1111930 1404.3
1111940 1408.8
1111950 1411.8
1111960 1411.8
1111970 1416.9
1111980 1418.2
1111990 1418.2
1112000 1417.3
1112010 1414.4
1112020 1416.5
1112030 1416.5
1112040 1421.1
1112050 1423.6
1112060 1423.6
1112070 1424.4
1112080 1424.4
1112090 1424.4
1112100 1424.5
1112110 1424.2
1112120 1424.2
1112130 1423.6
1112140 1420.1
1112150 1420.1
1112160 1403.3
1112170 1375.8
1112180 1375.8
1112190 1371.7
1112200 1376.1
1112210 1350.4
1112220 1343.9
1112230 1340.6
1112240 1340.6
1112250 1341.0
1112260 1339.8
1112270 1339.8
1112280 1342.2
1112290 1339.2
1112300 1327.6
1112310 1327.6
1112320 1322.3
1112330 1326.8
1112340 1326.8
1112350 1338.4
1112360 1352.2
1112370 1352.2
1112380 1361.7
1112390 1365.8
1112400 1365.8
1112410 1373.4
1112420 1380.5
1112430 1380.5
1112440 1382.8
1112450 1382.8
1112460 1382.8
1112470 1382.4
1112480 1383.0
1112490 1383.0
1112500 1383.5
1112510 1376.6
1112520 1376.6
1112530 1363.8
1112540 1364.3
1112550 1348.2
1112560 1348.2
1112570 1337.4
1112580 1339.7
1112590 1339.7
1112600 1347.8
1112610 1354.6
1112620 1354.6
1112630 1359.3
1112640 1364.4
1112650 1364.4
1112660 1367.9
1112670 1373.1
1112680 1373.1
1112690 1376.7
1112700 1379.1
1112710 1379.1
1112720 1380.1
1112730 1379.7
1112740 1379.7
1112750 1380.0
1112760 1380.1
1112770 1380.1
1112780 1379.5
1112790 1380.1
1112800 1380.1
1112810 1381.5
1112820 1383.7
1112830 1384.5
1112840 1384.5
1112850 1384.8
1112860 1385.3
1112870 1385.3
1112880 1386.3
1112890 1379.7
1112900 1379.7
1112910 1380.6
1112920 1379.9
1112930 1379.9
1112940 1378.5
1112950 1377.0
1112960 1377.0
1112970 1374.8
1112980 1371.9
1112990 1371.9
1113000 1369.9
1113010 1368.9
1113020 1368.9
1113030 1368.4
1113040 1367.7
1113050 1367.7
1113060 1366.0
1113070 1363.8
1113080 1363.8
1113090 1362.7
1113100 1361.8
1113110 1362.1
1113120 1362.1
1113130 1363.5
1113140 1364.3
1113150 1364.3
1113160 1364.0
1113170 1362.9
1113180 1362.9
1113190 1358.9
1113200 1355.1
1113210 1355.1
1113220 1350.3
1113230 1338.5
1113240 1338.5
1113250 1337.2
1113260 1335.6
1113270 1335.6
1113280 1334.5
1113290 1334.7
1113300 1334.7
1113310 1333.4
1113320 1332.3
1113330 1332.3
1113340 1331.4
1113350 1326.9
1113360 1317.2
1113370 1317.2
1113380 1326.8
1113390 1339.1
1113400 1339.1
1113410 1350.7
1113420 1360.7
1113430 1360.7
1113440 1369.5
1113450 1375.2
1113460 1375.2
1113470 1378.8
1113480 1380.3
1113490 1380.3
1113500 1379.3
1113510 1378.4
1113520 1378.4
1113530 1376.3
1113540 1377.6
1113550 1377.6
1113560 1381.0
1113570 1385.3
1113580 1381.5
1113590 1385.6
1113600 1391.2
1113610 1391.2
1113620 1397.5
1113630 1403.7
1113640 1415.0
1113650 1415.0
1113660 1431.4
1113670 1441.7
1113680 1441.7
1113690 1447.1
1113700 1451.4
1113710 1451.4
1113720 1455.2
1113730 1459.2
1113740 1459.2
1113750 1462.9
1113760 1466.7
1113770 1466.7
1113780 1470.0
1113790 1472.9
1113800 1472.9
1113810 1474.8
1113820 1476.4
1113830 1476.4
1113840 1477.3
1113850 1478.3
1113860 1478.3
1113870 1479.1
1113880 1480.1
1113890 1480.9
1113900 1480.9
1113910 1481.3
1113920 1476.3
1113930 1476.3
1113940 1475.7
1113950 1475.2
1113960 1475.2
1113970 1475.4
1113980 1476.3
1113990 1476.3
1114000 1476.7
1114010 1476.2
1114020 1476.2
1114030 1476.2
1114040 1475.9
1114050 1475.9
1114060 1473.3
1114070 1468.3
1114080 1468.3
1114090 1462.6
1114100 1458.1
1114110 1458.1
1114120 1456.2
1114130 1454.6
1114140 1454.6
1114150 1452.9
1114160 1452.0
1114170 1452.1
1114180 1452.1
1114190 1451.6
1114200 1450.1
1114210 1450.1
1114220 1446.0
1114230 1440.9
1114240 1440.9
1114250 1437.8
1114260 1429.6
1114270 1429.6
1114280 1428.2
1114290 1427.1
1114300 1427.1
1114310 1425.5
1114320 1422.7
1114330 1422.7
1114340 1419.5
1114350 1418.3
1114360 1418.3
1114370 1418.4
1114380 1419.0
1114390 1419.0
1114400 1418.5
1114410 1414.2
1114420 1406.1
1114430 1406.1
1114440 1403.2
1114450 1407.0
1114460 1407.0
1114470 1411.9
1114480 1416.1
1114490 1416.1
1114500 1419.8
1114510 1423.8
1114520 1423.8
1114530 1429.0
1114540 1434.3
1114550 1434.3
1114560 1440.0
1114570 1443.1
1114580 1443.1
1114590 1442.9
1114600 1443.9
1114610 1436.1
1114620 1438.9
1114630 1444.9
1114640 1444.9
1114650 1446.3
1114660 1451.1
1114670 1451.1
1114680 1456.4
1114690 1459.0
1114700 1459.9
1114710 1459.9
1114720 1460.7
1114730 1461.6
1114740 1461.6
1114750 1461.2
1114760 1460.2
1114770 1460.2
1114780 1462.8
1114790 1467.3
1114800 1467.3
1114810 1472.4
1114820 1479.2
1114830 1479.2
1114840 1486.9
1114850 1494.0
1114860 1494.0
1114870 1504.1
1114880 1513.5
1114890 1513.5
1114900 1521.0
1114910 1524.5
1114920 1524.5
1114930 1528.5
1114940 1535.5
1114950 1531.6
1114960 1536.8
1114970 1541.6
1114980 1546.3
1114990 1546.3
1115000 1550.2
1115010 1556.2
1115020 1556.2
1115030 1563.2
1115040 1568.5
1115050 1568.5
1115060 1570.9
1115070 1569.9
1115080 1569.9
1115090 1568.1
1115100 1565.4
1115110 1565.4
1115120 1564.3
1115130 1564.6
1115140 1564.6
1115150 1566.9
1115160 1565.1
1115170 1565.1
1115180 1562.2
1115190 1559.4
1115200 1559.4
1115210 1555.5
1115220 1548.8
1115230 1546.5
1115240 1546.5
1115250 1552.0
1115260 1558.7
1115270 1558.7
1115280 1564.3
1115290 1571.1
1115300 1571.1
1115310 1575.3
1115320 1579.6
1115330 1579.6
1115340 1585.1
1115350 1590.6
1115360 1590.6
1115370 1596.3
1115380 1601.4
1115390 1601.4
1115400 1607.4
1115410 1613.5
1115420 1613.5
1115430 1619.6
1115440 1625.2
1115450 1625.2
1115460 1630.8
1115470 1636.4
1115480 1636.4
1115490 1642.1
1115500 1647.8
1115510 1653.6
1115520 1653.6
1115530 1658.2
1115540 1663.5
1115550 1663.5
1115560 1669.6
1115570 1675.4
1115580 1675.4
1115590 1681.2
1115600 1687.2
1115610 1687.2
1115620 1694.1
1115630 1700.7
1115640 1703.9
1115650 1710.6
1115660 1716.4
1115670 1716.4
1115680 1723.9
1115690 1731.6
1115700 1731.6
1115710 1739.3
1115720 1750.6
1115730 1750.6
1115740 1768.9
1115750 1782.7
1115760 1792.3
1115770 1792.3
1115780 1802.5
1115790 1811.9
1115800 1811.9
1115810 1813.3
1115820 1819.0
1115830 1819.0
1115840 1825.6
1115850 1829.0
1115860 1829.0
1115870 1838.9
1115880 1846.7
1115890 1846.7
1115900 1847.1
1115910 1848.0
1115920 1848.0
1115930 1853.8
1115940 1857.5
1115950 1857.5
1115960 1864.3
1115970 1868.8
1115980 1872.1
1115990 1866.8
1116000 1862.0
1116010 1862.0
1116020 1859.3
1116030 1856.6
1116040 1853.6
1116050 1853.6
1116060 1850.0
1116070 1846.8
1116080 1846.8
1116090 1843.4
1116100 1839.9
1116110 1839.9
1116120 1837.6
1116130 1836.9
1116140 1836.9
1116150 1837.7
1116160 1842.5
1116170 1842.5
1116180 1846.8
1116190 1846.8
1116200 1846.8
1116210 1842.9
1116220 1839.1
1116230 1839.1
1116240 1835.9
1116250 1833.3
1116260 1833.3
1116270 1831.2
1116280 1829.5
1116290 1829.5
1116300 1828.3
1116310 1827.1
1116320 1825.4
1116330 1822.5
1116340 1821.1
1116350 1818.7
1116360 1818.7
1116370 1816.7
1116380 1813.3
1116390 1813.3
1116400 1809.7
1116410 1808.0
1116420 1808.0
1116430 1806.8
1116440 1806.6
1116450 1806.6
1116460 1807.0
1116470 1807.6
1116480 1807.6
1116490 1809.8
1116500 1810.7
1116510 1810.7
1116520 1810.8
1116530 1810.0
1116540 1810.0
1116550 1807.3
1116560 1803.7
1116570 1800.5
1116580 1800.5
1116590 1798.6
1116600 1798.3
1116610 1798.3
1116620 1798.8
1116630 1800.6
1116640 1800.6
1116650 1801.3
1116660 1800.7
1116670 1800.7
1116680 1798.2
1116690 1798.0
1116700 1798.0
1116710 1798.1
1116720 1799.4
1116730 1799.4
1116740 1800.4
1116750 1801.7
1116760 1801.7
1116770 1802.5
1116780 1802.4
1116790 1802.4
1116800 1802.3
1116810 1802.6
1116820 1802.6
1116830 1803.9
1116840 1805.2
1116850 1806.9
1116860 1806.9
1116870 1809.6
1116880 1812.4
1116890 1812.4
1116900 1816.0
1116910 1820.0
1116920 1820.0
1116930 1824.2
1116940 1829.2
1116950 1829.2
1116960 1834.3
1116970 1842.6
1116980 1842.6
1116990 1849.8
1117000 1856.8
1117010 1856.8
1117020 1861.6
1117030 1867.2
1117040 1867.2
1117050 1870.8
1117060 1873.7
1117070 1873.7
1117080 1876.3
1117090 1878.9
1117100 1882.5
1117110 1882.5
1117120 1886.1
1117130 1891.2
1117140 1891.2
1117150 1895.1
1117160 1901.5
1117170 1901.5
1117180 1907.0
1117190 1915.8
1117200 1915.8
1117210 1922.2
1117220 1926.7
1117230 1926.7
1117240 1931.3
1117250 1937.0
1117260 1937.0
1117270 1941.6
1117280 1946.0
1117290 1946.0
1117300 1951.8
1117310 1959.0
1117320 1959.0
1117330 1965.5
1117340 1972.7
1117350 1972.7
1117360 1980.9
1117370 1988.2
1117380 1996.7
1117390 1996.7
1117400 2005.0
1117410 2013.1
1117420 2013.1
1117430 2021.6
1117440 2029.6
1117450 2029.6
1117460 2036.6
1117470 2043.2
1117480 2043.2
1117490 2049.9
1117500 2056.3
1117510 2056.3
1117520 2061.4
1117530 2058.5
1117540 2058.5
1117550 2049.6
1117560 2040.6
1117570 2040.6
1117580 2034.2
1117590 2029.8
1117600 2029.8
1117610 2028.1
1117620 2026.1
1117630 2022.8
1117640 2022.8
1117650 2019.6
1117660 2016.3
1117670 2016.3
1117680 2014.4
1117690 2012.5
1117700 2012.5
1117710 2009.2
1117720 2002.5
1117730 2002.5
1117740 1996.1
1117750 1989.4
1117760 1989.4
1117770 1982.6
1117780 1978.3
1117790 1978.3
1117800 1972.0
1117810 1970.3
1117820 1970.3
1117830 1967.4
1117840 1963.1
1117850 1963.1
1117860 1958.3
1117870 1953.3
1117880 1953.3
1117890 1948.7
1117900 1943.9
1117910 1938.9
1117920 1938.9
1117930 1933.7
1117940 1928.4
1117950 1928.4
1117960 1923.2
1117970 1917.8
1117980 1917.8
1117990 1912.1
1118000 1907.5
1118010 1907.5
1118020 1903.5
1118030 1899.1
1118040 1899.1
1118050 1894.7
1118060 1895.4
1118070 1895.4
1118080 1891.4
1118090 1886.8
1118100 1886.8
1118110 1882.3
1118120 1877.7
1118130 1877.7
1118140 1872.7
1118150 1868.8
1118160 1868.8
1118170 1863.2
1118180 1855.1
1118190 1852.8
1118200 1852.8
1118210 1853.7
1118220 1851.4
1118230 1851.4
1118240 1849.0
1118250 1846.3
1118260 1846.3
1118270 1844.0
1118280 1841.6
1118290 1841.6
1118300 1839.6
1118310 1837.4
1118320 1837.4
1118330 1835.1
1118340 1833.1
1118350 1833.1
1118360 1831.3
1118370 1829.8
1118380 1829.8
1118390 1828.1
1118400 1826.5
1118410 1833.5
1118420 1831.9
1118430 1827.9
1118440 1818.1
1118450 1818.1
1118460 1805.6
1118470 1800.4
1118480 1800.4
1118490 1791.8
1118500 1783.6
1118510 1783.6
1118520 1766.9
1118530 1753.9
1118540 1753.9
1118550 1743.8
1118560 1737.6
1118570 1737.6
1118580 1724.3
1118590 1714.4
1118600 1714.4
1118610 1706.7
1118620 1700.8
1118630 1700.8
1118640 1695.0
1118650 1689.1
1118660 1689.1
1118670 1682.6
1118680 1675.9
1118690 1675.9
1118700 1669.7
1118710 1663.9
1118720 1657.7
1118730 1657.7
1118740 1651.0
1118750 1646.2
1118760 1649.0
1118770 1643.2
1118780 1637.4
1118790 1637.4
1118800 1631.3
1118810 1625.7
1118820 1625.7
1118830 1620.6
1118840 1616.2
1118850 1616.2
1118860 1611.8
1118870 1607.1
1118880 1607.1
1118890 1602.6
1118900 1598.0
1118910 1598.0
1118920 1593.5
1118930 1589.5
1118940 1589.5
1118950 1585.9
1118960 1582.0
1118970 1577.8
1118980 1577.8
1118990 1570.4
1119000 1561.0
1119010 1561.0
1119020 1548.9
1119030 1538.5
1119040 1538.5
1119050 1529.2
1119060 1526.2
1119070 1526.2
1119080 1528.1
1119090 1531.2
1119100 1531.2
1119110 1538.8
1119120 1539.5
1119130 1539.5
1119140 1542.8
1119150 1548.8
1119160 1548.8
1119170 1554.7
1119180 1560.4
1119190 1560.4
1119200 1566.4
1119210 1574.3
1119220 1574.3
1119230 1592.6
1119240 1607.7
1119250 1616.6
1119260 1616.6
1119270 1625.1
1119280 1634.8
1119290 1634.8
1119300 1639.1
1119310 1642.3
1119320 1642.3
1119330 1647.6
1119340 1653.5
1119350 1653.5
1119360 1658.9
1119370 1665.7
1119380 1665.7
1119390 1671.7
1119400 1678.4
1119410 1678.4
1119420 1687.7
1119430 1694.5
1119440 1694.5
1119450 1714.4
1119460 1722.9
1119470 1722.9
1119480 1731.6
1119490 1741.1
1119500 1750.9
1119510 1750.9
1119520 1759.1
1119530 1767.5
1119540 1767.5
1119550 1775.5
1119560 1782.1
1119570 1782.1
1119580 1789.3
1119590 1797.6
1119600 1797.6
1119610 1799.3
1119620 1787.1
1119630 1787.1
1119640 1778.2
1119650 1778.8
1119660 1778.8
1119670 1779.6
1119680 1772.7
1119690 1772.7
1119700 1774.1
1119710 1782.3
1119720 1782.3
1119730 1793.1
1119740 1802.1
1119750 1802.1
1119760 1805.4
1119770 1806.8
1119780 1810.7
1119790 1810.7
1119800 1824.1
1119810 1826.7
1119820 1826.7
1119830 1828.6
1119840 1831.3
1119850 1831.3
1119860 1831.8
1119870 1831.5
1119880 1831.5
1119890 1831.0
1119900 1830.9
1119910 1830.9
1119920 1831.5
1119930 1832.4
1119940 1832.4
1119950 1832.9
1119960 1832.4
1119970 1832.4
1119980 1832.1
1119990 1831.7
