1100000 1989.7
1100010 1987.0
1100020 1984.4
1100030 1984.4
1100040 1981.4
1100050 1977.5
1100060 1977.5
1100070 1972.8
1100080 1969.1
1100090 1969.1
1100100 1966.6
1100110 1964.0
1100120 1964.0
1100130 1961.2
1100140 1957.2
1100150 1957.2
1100160 1954.6
1100170 1949.5
1100180 1949.5
1100190 1942.4
1100200 1935.5
1100210 1935.5
1100220 1932.2
1100230 1928.7
1100240 1928.7
1100250 1924.4
1100260 1918.8
1100270 1918.8
1100280 1911.4
1100290 1903.5
1100300 1893.9
1100310 1893.9
1100320 1883.8
1100330 1873.9
1100340 1873.9
1100350 1864.5
1100360 1855.1
1100370 1855.1
1100380 1847.1
1100390 1838.3
1100400 1838.3
1100410 1830.0
1100420 1822.9
1100430 1822.9
1100440 1815.9
1100450 1808.9
1100460 1808.9
1100470 1802.1
1100480 1795.3
1100490 1795.3
1100500 1788.4
1100510 1781.9
1100520 1781.9
1100530 1777.6
1100540 1771.7
1100550 1771.7
1100560 1765.0
1100570 1757.9
1100580 1751.8
1100590 1751.8
1100600 1745.6
1100610 1739.8
1100620 1739.8
1100630 1733.8
1100640 1727.0
1100650 1727.0
1100660 1720.2
1100670 1716.1
1100680 1716.1
1100690 1712.2
1100700 1706.5
1100710 1706.5
1100720 1700.5
1100730 1695.3
1100740 1695.3
1100750 1689.8
1100760 1684.5
1100770 1684.5
1100780 1678.9
1100790 1673.4
1100800 1673.4
1100810 1667.4
1100820 1662.2
1100830 1657.9
1100840 1657.9
1100850 1653.3
1100860 1650.1
1100870 1650.1
1100880 1645.2
1100890 1640.7
1100900 1640.7
1100910 1635.6
1100920 1630.9
1100930 1630.9
1100940 1625.5
1100950 1620.8
1100960 1620.8
1100970 1616.2
1100980 1611.3
1100990 1611.3
1101000 1607.0
1101010 1603.3
1101020 1603.3
1101030 1599.5
1101040 1596.5
1101050 1596.5
1101060 1594.3
1101070 1591.7
1101080 1591.7
1101090 1588.2
1101100 1581.2
1101110 1572.2
1101120 1572.2
1101130 1563.1
1101140 1553.7
1101150 1553.7
1101160 1545.6
1101170 1538.9
1101180 1538.9
1101190 1532.9
1101200 1527.1
1101210 1527.1
1101220 1521.7
1101230 1516.5
1101240 1516.5
1101250 1511.2
1101260 1506.1
1101270 1506.1
1101280 1502.8
1101290 1500.1
1101300 1500.1
1101310 1497.0
1101320 1493.6
1101330 1493.6
1101340 1490.5
1101350 1487.3
1101360 1487.3
1101370 1484.4
1101380 1482.1
1101390 1480.8
1101400 1480.8
1101410 1481.9
1101420 1483.1
1101430 1483.1
1101440 1488.2
1101450 1490.3
1101460 1490.3
1101470 1490.7
1101480 1490.3
1101490 1490.3
1101500 1490.3
1101510 1489.6
1101520 1489.6
1101530 1484.4
1101540 1482.2
1101550 1482.2
1101560 1480.8
1101570 1481.0
1101580 1481.0
1101590 1480.9
1101600 1478.3
1101610 1478.3
1101620 1475.8
1101630 1474.2
1101640 1472.5
1101650 1472.5
1101660 1468.4
1101670 1465.6
1101680 1465.6
1101690 1467.5
1101700 1469.1
1101710 1469.1
1101720 1467.5
1101730 1465.2
1101740 1465.2
1101750 1462.9
1101760 1462.8
1101770 1462.8
1101780 1466.8
1101790 1469.4
1101800 1469.4
1101810 1470.1
1101820 1466.3
1101830 1466.3
1101840 1463.1
1101850 1461.0
1101860 1454.3
1101870 1452.5
1101880 1450.7
1101890 1450.7
1101900 1447.2
1101910 1445.9
1101920 1446.8
1101930 1446.8
1101940 1447.4
1101950 1446.7
1101960 1446.7
1101970 1446.3
1101980 1446.9
1101990 1446.9
1102000 1449.5
1102010 1450.9
1102020 1450.9
1102030 1448.4
1102040 1444.8
1102050 1444.8
1102060 1440.9
1102070 1437.3
1102080 1437.3
1102090 1433.4
1102100 1429.8
1102110 1429.8
1102120 1427.2
1102130 1425.1
1102140 1425.1
1102150 1423.1
1102160 1421.4
1102170 1421.4
1102180 1420.2
1102190 1414.6
1102200 1416.6
1102210 1416.6
1102220 1417.2
1102230 1416.9
1102240 1416.9
1102250 1415.8
1102260 1417.0
1102270 1417.0
1102280 1422.5
1102290 1429.3
1102300 1429.3
1102310 1431.7
1102320 1432.2
1102330 1432.2
1102340 1432.2
1102350 1434.1
1102360 1434.1
1102370 1433.9
1102380 1434.5
1102390 1434.5
1102400 1438.4
1102410 1446.7
1102420 1446.7
1102430 1454.0
1102440 1457.5
1102450 1460.8
1102460 1460.8
1102470 1465.2
1102480 1470.2
1102490 1470.2
1102500 1475.4
1102510 1480.2
1102520 1474.2
1102530 1479.3
1102540 1482.2
1102550 1482.2
1102560 1484.2
1102570 1490.2
1102580 1490.2
1102590 1497.4
1102600 1500.8
1102610 1500.8
1102620 1502.9
1102630 1506.7
1102640 1506.7
1102650 1510.4
1102660 1513.4
1102670 1513.4
1102680 1516.4
1102690 1519.1
1102700 1519.1
1102710 1522.2
1102720 1525.6
1102730 1528.9
1102740 1528.9
1102750 1530.8
1102760 1530.7
1102770 1530.7
1102780 1527.3
1102790 1523.1
1102800 1523.1
1102810 1519.5
1102820 1515.6
1102830 1515.6
1102840 1511.1
1102850 1507.3
1102860 1505.2
1102870 1500.6
1102880 1496.0
1102890 1496.0
1102900 1491.8
1102910 1487.3
1102920 1487.3
1102930 1482.7
1102940 1478.0
1102950 1478.0
1102960 1473.5
1102970 1467.6
1102980 1461.6
1102990 1461.6
1103000 1456.1
1103010 1449.6
1103020 1449.6
1103030 1444.4
1103040 1439.7
1103050 1439.7
1103060 1433.3
1103070 1426.9
1103080 1426.9
1103090 1421.6
1103100 1416.5
1103110 1416.5
1103120 1410.9
1103130 1404.1
1103140 1404.1
1103150 1394.9
1103160 1382.9
1103170 1382.9
1103180 1373.0
1103190 1385.8
1103200 1385.8
1103210 1382.7
1103220 1374.2
1103230 1374.2
1103240 1365.8
1103250 1358.6
1103260 1354.5
1103270 1354.5
1103280 1348.9
1103290 1342.1
1103300 1342.1
1103310 1333.1
1103320 1324.2
1103330 1324.2
1103340 1316.1
1103350 1307.5
1103360 1307.5
1103370 1297.4
1103380 1291.3
1103390 1291.3
1103400 1282.2
1103410 1273.2
1103420 1273.2
1103430 1264.4
1103440 1255.4
1103450 1255.4
1103460 1246.0
1103470 1235.6
1103480 1235.6
1103490 1225.3
1103500 1215.3
1103510 1215.3
1103520 1204.9
1103530 1192.9
1103540 1181.1
1103550 1181.1
1103560 1170.6
1103570 1170.8
1103580 1170.8
1103590 1172.7
1103600 1172.9
1103610 1172.9
1103620 1173.4
1103630 1173.9
1103640 1173.9
1103650 1174.6
1103660 1176.5
1103670 1176.5
1103680 1177.7
1103690 1179.1
1103700 1179.1
1103710 1181.5
1103720 1184.5
1103730 1184.5
1103740 1184.8
1103750 1187.0
1103760 1187.0
1103770 1189.9
1103780 1192.2
1103790 1196.4
1103800 1196.4
1103810 1199.9
1103820 1202.3
1103830 1202.3
1103840 1204.6
1103850 1206.9
1103860 1205.4
1103870 1208.3
1103880 1210.5
1103890 1210.5
1103900 1211.8
1103910 1215.1
1103920 1215.1
1103930 1218.2
1103940 1222.8
1103950 1222.8
1103960 1227.8
1103970 1234.5
1103980 1234.5
1103990 1241.1
1104000 1245.2
1104010 1245.2
1104020 1252.3
1104030 1258.8
1104040 1258.8
1104050 1265.3
1104060 1272.6
1104070 1279.9
1104080 1279.9
1104090 1286.1
1104100 1291.0
1104110 1291.0
1104120 1295.7
1104130 1300.0
1104140 1300.0
1104150 1302.2
1104160 1302.5
1104170 1302.5
1104180 1303.1
1104190 1298.5
1104200 1298.5
1104210 1297.8
1104220 1297.1
1104230 1297.1
1104240 1296.1
1104250 1300.1
1104260 1300.1
1104270 1304.8
1104280 1310.2
1104290 1310.2
1104300 1316.3
1104310 1321.8
1104320 1321.8
1104330 1327.8
1104340 1335.3
1104350 1342.6
1104360 1342.6
1104370 1350.6
1104380 1358.5
1104390 1358.5
1104400 1365.9
1104410 1373.6
1104420 1373.6
1104430 1380.9
1104440 1387.4
1104450 1387.4
1104460 1394.3
1104470 1400.2
1104480 1400.2
1104490 1407.8
1104500 1416.0
1104510 1416.0
1104520 1425.5
1104530 1435.8
1104540 1435.8
1104550 1445.8
1104560 1453.8
1104570 1453.8
1104580 1448.6
1104590 1440.4
1104600 1432.6
1104610 1432.6
1104620 1426.3
1104630 1421.0
1104640 1421.0
1104650 1417.0
1104660 1412.2
1104670 1412.2
1104680 1407.9
1104690 1404.3
1104700 1404.3
1104710 1399.1
1104720 1393.5
1104730 1393.5
1104740 1387.4
1104750 1381.3
1104760 1381.3
1104770 1377.0
1104780 1372.8
1104790 1372.8
1104800 1368.6
1104810 1364.9
1104820 1364.9
1104830 1360.8
1104840 1358.3
1104850 1358.3
1104860 1351.5
1104870 1348.7
1104880 1346.0
1104890 1346.0
1104900 1343.3
1104910 1341.9
1104920 1341.9
1104930 1340.8
1104940 1338.7
1104950 1338.7
1104960 1337.3
1104970 1336.1
1104980 1336.1
1104990 1335.1
1105000 1334.3
1105010 1334.3
1105020 1333.5
1105030 1333.0
1105040 1333.0
1105050 1332.5
1105060 1331.6
1105070 1331.6
1105080 1330.2
1105090 1327.2
1105100 1327.2
1105110 1321.2
1105120 1315.5
1105130 1315.5
1105140 1311.7
1105150 1309.1
1105160 1307.6
1105170 1307.6
1105180 1300.6
1105190 1293.0
1105200 1291.4
1105210 1289.7
1105220 1295.9
1105230 1295.9
1105240 1303.8
1105250 1312.4
1105260 1312.4
1105270 1320.9
1105280 1328.7
1105290 1328.7
1105300 1337.3
1105310 1343.8
1105320 1343.8
1105330 1346.9
1105340 1345.5
1105350 1345.5
1105360 1340.2
1105370 1336.1
1105380 1336.1
1105390 1331.7
1105400 1330.4
1105410 1328.6
1105420 1328.6
1105430 1325.3
1105440 1321.2
1105450 1321.2
1105460 1317.3
1105470 1315.4
1105480 1315.4
1105490 1313.9
1105500 1313.7
1105510 1313.7
1105520 1312.1
1105530 1300.7
1105540 1300.7
1105550 1300.0
1105560 1296.9
1105570 1296.9
1105580 1297.7
1105590 1298.4
1105600 1298.4
1105610 1300.3
1105620 1301.7
1105630 1301.7
1105640 1302.0
1105650 1302.8
1105660 1302.8
1105670 1305.6
1105680 1309.3
1105690 1311.9
1105700 1311.9
1105710 1313.3
1105720 1314.0
1105730 1314.0
1105740 1317.3
1105750 1325.2
1105760 1325.2
1105770 1332.7
1105780 1337.5
1105790 1337.5
1105800 1341.9
1105810 1348.4
1105820 1348.4
1105830 1354.5
1105840 1360.2
1105850 1360.2
1105860 1368.3
1105870 1383.0
1105880 1383.0
1105890 1395.3
1105900 1403.4
1105910 1403.4
1105920 1409.6
1105930 1414.9
1105940 1423.8
1105950 1423.8
1105960 1432.3
1105970 1438.8
1105980 1438.8
1105990 1444.6
1106000 1449.8
1106010 1449.8
1106020 1455.8
1106030 1462.0
1106040 1462.0
1106050 1468.2
1106060 1474.8
1106070 1474.8
1106080 1481.6
1106090 1488.6
1106100 1488.6
1106110 1495.7
1106120 1502.4
1106130 1502.4
1106140 1508.4
1106150 1514.0
1106160 1514.0
1106170 1519.4
1106180 1526.5
1106190 1526.5
1106200 1533.5
1106210 1542.4
1106220 1546.6
1106230 1546.6
1106240 1550.7
1106250 1554.9
1106260 1554.9
1106270 1559.5
1106280 1564.9
1106290 1564.9
1106300 1570.4
1106310 1576.0
1106320 1576.0
1106330 1582.0
1106340 1588.1
1106350 1588.1
1106360 1594.5
1106370 1601.0
1106380 1601.0
1106390 1607.7
1106400 1614.5
1106410 1614.5
1106420 1621.3
1106430 1628.3
1106440 1628.3
1106450 1635.2
1106460 1642.4
1106470 1642.4
1106480 1649.7
1106490 1657.0
1106500 1665.6
1106510 1665.6
1106520 1672.3
1106530 1679.3
1106540 1679.2
1106550 1686.9
1106560 1693.9
1106570 1693.9
1106580 1701.1
1106590 1709.2
1106600 1709.2
1106610 1718.3
1106620 1725.8
1106630 1725.8
1106640 1733.2
1106650 1743.3
1106660 1743.3
1106670 1752.4
1106680 1760.9
1106690 1760.9
1106700 1766.3
1106710 1773.4
1106720 1773.4
1106730 1782.1
1106740 1790.2
1106750 1797.4
1106760 1797.4
1106770 1803.3
1106780 1807.7
1106790 1807.7
1106800 1830.4
1106810 1849.8
1106820 1849.8
1106830 1858.7
1106840 1866.5
1106850 1866.5
1106860 1874.8
1106870 1883.0
1106880 1882.3
1106890 1889.3
1106900 1896.2
1106910 1896.2
1106920 1903.4
1106930 1911.4
1106940 1911.4
1106950 1917.9
1106960 1921.5
1106970 1921.5
1106980 1925.0
1106990 1927.0
1107000 1927.0
1107010 1928.2
1107020 1925.0
1107030 1919.5
1107040 1919.5
1107050 1916.0
1107060 1912.3
1107070 1912.3
1107080 1909.9
1107090 1908.0
1107100 1908.0
1107110 1905.8
1107120 1905.6
1107130 1905.6
1107140 1907.5
1107150 1910.4
1107160 1910.4
1107170 1913.0
1107180 1915.5
1107190 1915.5
1107200 1916.9
1107210 1918.2
1107220 1910.3
1107230 1917.6
1107240 1926.9
1107250 1926.9
1107260 1923.1
1107270 1911.3
1107280 1911.3
1107290 1903.7
1107300 1898.6
1107310 1893.0
1107320 1893.0
1107330 1889.0
1107340 1885.5
1107350 1885.5
1107360 1880.2
1107370 1877.4
1107380 1877.4
1107390 1875.3
1107400 1874.0
1107410 1874.0
1107420 1870.8
1107430 1865.7
1107440 1865.7
1107450 1856.4
1107460 1847.0
1107470 1847.0
1107480 1842.2
1107490 1826.4
1107500 1826.4
1107510 1826.3
1107520 1825.7
1107530 1825.7
1107540 1826.1
1107550 1828.0
1107560 1820.9
1107570 1820.9
1107580 1814.3
1107590 1805.7
1107600 1805.7
1107610 1794.8
1107620 1779.1
1107630 1779.1
1107640 1758.5
1107650 1734.4
1107660 1734.4
1107670 1717.0
1107680 1715.1
1107690 1715.1
1107700 1715.6
1107710 1712.9
1107720 1712.9
1107730 1713.9
1107740 1719.4
1107750 1719.4
1107760 1720.1
1107770 1718.9
1107780 1718.9
1107790 1718.2
1107800 1718.4
1107810 1718.4
1107820 1720.2
1107830 1722.3
1107840 1720.6
1107850 1720.6
1107860 1707.1
1107870 1689.9
1107880 1689.9
1107890 1700.0
1107900 1710.9
1107910 1710.9
1107920 1718.2
1107930 1722.4
1107940 1722.4
1107950 1725.1
1107960 1726.9
1107970 1726.9
1107980 1724.7
1107990 1715.6
1108000 1715.6
1108010 1706.2
1108020 1695.6
1108030 1695.6
1108040 1684.4
1108050 1674.0
1108060 1674.0
1108070 1664.4
1108080 1651.4
1108090 1642.4
1108100 1642.4
1108110 1632.2
1108120 1615.6
1108130 1615.6
1108140 1583.7
1108150 1583.8
1108160 1583.8
1108170 1581.7
1108180 1576.6
1108190 1576.6
1108200 1556.0
1108210 1547.6
1108220 1547.6
1108230 1535.3
1108240 1532.3
1108250 1532.3
1108260 1521.0
1108270 1499.0
1108280 1499.0
1108290 1478.9
1108300 1467.9
1108310 1467.9
1108320 1457.4
1108330 1454.8
1108340 1454.8
1108350 1457.0
1108360 1460.6
1108370 1463.5
1108380 1463.5
1108390 1468.4
1108400 1474.2
1108410 1474.2
1108420 1481.3
1108430 1483.1
1108440 1483.1
1108450 1484.6
1108460 1488.8
1108470 1488.8
1108480 1496.2
1108490 1503.4
1108500 1503.4
1108510 1508.1
1108520 1506.8
1108530 1506.8
1108540 1503.8
1108550 1502.2
1108560 1502.2
1108570 1496.4
1108580 1501.4
1108590 1501.4
1108600 1506.0
1108610 1506.6
1108620 1506.6
1108630 1505.2
1108640 1504.3
1108650 1503.3
1108660 1503.3
1108670 1503.6
1108680 1504.2
1108690 1504.2
1108700 1505.2
1108710 1504.6
1108720 1504.6
1108730 1501.4
1108740 1499.9
1108750 1499.9
1108760 1497.6
1108770 1489.9
1108780 1489.9
1108790 1481.0
1108800 1474.8
1108810 1474.8
1108820 1464.8
1108830 1464.1
1108840 1464.1
1108850 1459.3
1108860 1455.5
1108870 1455.5
1108880 1451.0
1108890 1426.8
1108900 1409.5
1108910 1400.6
1108920 1405.8
1108930 1417.5
1108940 1417.5
1108950 1436.0
1108960 1453.0
1108970 1453.0
1108980 1466.4
1108990 1474.5
1109000 1474.5
1109010 1479.3
1109020 1483.0
1109030 1483.0
1109040 1485.6
1109050 1488.8
1109060 1488.8
1109070 1490.9
1109080 1492.4
1109090 1492.4
1109100 1494.9
1109110 1497.7
1109120 1497.7
1109130 1499.2
1109140 1500.6
1109150 1500.6
1109160 1502.5
1109170 1503.6
1109180 1503.9
1109190 1503.9
1109200 1503.3
1109210 1501.3
1109220 1501.3
1109230 1499.9
1109240 1498.7
1109250 1490.1
1109260 1489.5
1109270 1489.9
1109280 1489.9
1109290 1490.8
1109300 1489.8
1109310 1489.8
1109320 1487.8
1109330 1485.6
1109340 1485.6
1109350 1483.1
1109360 1478.7
1109370 1478.7
1109380 1473.3
1109390 1465.7
1109400 1465.7
1109410 1456.2
1109420 1447.0
1109430 1438.8
1109440 1438.8
1109450 1432.0
1109460 1429.8
1109470 1429.8
1109480 1425.3
1109490 1427.0
1109500 1427.0
1109510 1432.7
1109520 1440.2
1109530 1440.2
1109540 1451.8
1109550 1462.6
1109560 1462.6
1109570 1472.2
1109580 1478.7
1109590 1473.1
1109600 1476.9
1109610 1477.4
1109620 1477.4
1109630 1476.8
1109640 1484.6
1109650 1484.6
1109660 1494.5
1109670 1505.6
1109680 1505.6
1109690 1515.8
1109700 1523.6
1109710 1529.1
1109720 1529.1
1109730 1533.1
1109740 1536.2
1109750 1536.2
1109760 1539.2
1109770 1541.4
1109780 1541.4
1109790 1542.0
1109800 1543.4
1109810 1543.4
1109820 1546.4
1109830 1549.6
1109840 1549.6
1109850 1553.2
1109860 1555.9
1109870 1555.9
1109880 1557.7
1109890 1558.8
1109900 1558.8
1109910 1559.1
1109920 1557.0
1109930 1550.4
1109940 1548.4
1109950 1548.0
1109960 1548.0
1109970 1548.5
1109980 1548.8
1109990 1548.7
1110000 1548.7
1110010 1547.4
1110020 1545.8
1110030 1545.8
1110040 1542.7
1110050 1538.9
1110060 1538.9
1110070 1537.2
1110080 1536.3
1110090 1536.3
1110100 1536.6
1110110 1534.8
1110120 1534.8
1110130 1533.9
1110140 1535.4
1110150 1535.4
1110160 1535.8
1110170 1535.8
1110180 1535.8
1110190 1537.3
1110200 1538.4
1110210 1538.4
1110220 1539.0
1110230 1537.3
1110240 1535.1
1110250 1535.1
1110260 1532.8
1110270 1523.2
1110280 1523.2
1110290 1521.3
1110300 1519.5
1110310 1519.5
1110320 1518.4
1110330 1517.1
1110340 1517.1
1110350 1515.1
1110360 1516.6
1110370 1516.6
1110380 1518.5
1110390 1519.0
1110400 1519.0
1110410 1519.3
1110420 1520.8
1110430 1520.8
1110440 1524.2
1110450 1528.5
1110460 1528.5
1110470 1532.4
1110480 1534.1
1110490 1534.1
1110500 1534.7
1110510 1533.8
1110520 1531.4
1110530 1531.4
1110540 1528.8
1110550 1525.4
1110560 1525.4
1110570 1521.5
1110580 1521.6
1110590 1521.6
1110600 1520.4
1110610 1509.5
1110620 1509.5
1110630 1498.4
1110640 1485.4
1110650 1485.4
1110660 1487.4
1110670 1492.0
1110680 1492.0
1110690 1495.8
1110700 1500.7
1110710 1500.7
1110720 1501.1
1110730 1504.5
1110740 1504.5
1110750 1513.2
1110760 1520.7
1110770 1526.1
1110780 1526.1
1110790 1529.7
1110800 1533.5
1110810 1533.5
1110820 1536.4
1110830 1538.7
1110840 1538.7
1110850 1539.6
1110860 1540.4
1110870 1540.4
1110880 1542.5
1110890 1544.2
1110900 1544.2
1110910 1547.3
1110920 1550.8
1110930 1550.8
1110940 1552.8
1110950 1548.2
1110960 1548.2
1110970 1549.5
1110980 1550.7
1110990 1550.7
1111000 1552.7
1111010 1555.6
1111020 1555.6
1111030 1558.9
1111040 1561.2
1111050 1561.7
1111060 1561.7
1111070 1561.8
1111080 1561.9
1111090 1561.9
1111100 1562.0
1111110 1563.3
1111120 1563.3
1111130 1564.8
1111140 1566.2
1111150 1566.2
1111160 1566.4
1111170 1565.1
1111180 1565.1
1111190 1563.6
1111200 1563.2
1111210 1563.2
1111220 1562.3
1111230 1561.5
1111240 1561.5
1111250 1561.0
1111260 1559.8
1111270 1559.8
1111280 1558.1
1111290 1553.6
1111300 1553.6
1111310 1552.2
1111320 1549.7
1111330 1541.2
1111340 1541.2
1111350 1530.4
1111360 1522.6
1111370 1522.6
1111380 1511.0
1111390 1494.5
1111400 1494.5
1111410 1487.8
1111420 1503.0
1111430 1503.0
1111440 1513.0
1111450 1519.0
1111460 1519.0
1111470 1526.9
1111480 1532.5
1111490 1532.5
1111500 1536.7
1111510 1539.2
1111520 1539.2
1111530 1541.2
1111540 1543.9
1111550 1543.9
1111560 1547.3
1111570 1551.7
1111580 1557.4
1111590 1557.4
1111600 1568.9
1111610 1577.0
1111620 1577.0
1111630 1587.1
1111640 1588.5
1111650 1588.5
1111660 1595.0
1111670 1599.4
1111680 1599.4
1111690 1601.8
1111700 1600.3
1111710 1600.3
1111720 1600.5
1111730 1599.7
1111740 1599.7
1111750 1596.9
1111760 1592.6
1111770 1592.6
1111780 1592.8
1111790 1591.4
1111800 1591.4
1111810 1585.3
1111820 1576.0
1111830 1576.0
1111840 1573.0
1111850 1570.1
1111860 1568.1
1111870 1568.1
1111880 1565.9
1111890 1564.3
1111900 1564.3
1111910 1563.9
1111920 1563.2
1111930 1563.2
1111940 1562.7
1111950 1562.3
1111960 1562.3
1111970 1554.9
1111980 1554.4
1111990 1554.4
1112000 1554.6
1112010 1554.1
1112020 1554.1
1112030 1552.6
1112040 1551.5
1112050 1551.5
1112060 1549.2
1112070 1547.1
1112080 1547.1
1112090 1545.5
1112100 1545.8
1112110 1545.8
1112120 1544.1
1112130 1542.1
1112140 1539.2
1112150 1539.2
1112160 1536.1
1112170 1532.7
1112180 1532.7
1112190 1530.5
1112200 1527.7
1112210 1527.7
1112220 1525.6
1112230 1524.3
1112240 1524.3
1112250 1522.0
1112260 1517.9
1112270 1517.9
1112280 1515.5
1112290 1510.9
1112300 1510.9
1112310 1499.1
1112320 1497.1
1112330 1497.1
1112340 1494.9
1112350 1489.6
1112360 1489.6
1112370 1488.6
1112380 1488.5
1112390 1484.4
1112400 1484.4
1112410 1485.6
1112420 1495.9
1112430 1495.9
1112440 1502.1
1112450 1505.9
1112460 1505.9
1112470 1511.4
1112480 1516.1
1112490 1516.1
1112500 1517.4
1112510 1516.5
1112520 1516.5
1112530 1518.3
1112540 1525.6
1112550 1525.6
1112560 1529.8
1112570 1531.9
1112580 1531.9
1112590 1532.1
1112600 1529.6
1112610 1529.6
1112620 1516.7
1112630 1507.8
1112640 1507.8
1112650 1497.7
1112660 1500.7
1112670 1506.6
1112680 1506.6
1112690 1513.8
1112700 1516.9
1112710 1516.9
1112720 1519.9
1112730 1527.8
1112740 1527.8
1112750 1533.8
1112760 1534.8
1112770 1534.8
1112780 1535.0
1112790 1536.9
1112800 1536.9
1112810 1538.6
1112820 1539.2
1112830 1539.2
1112840 1539.1
1112850 1539.8
1112860 1539.8
1112870 1539.6
1112880 1539.0
1112890 1539.0
1112900 1538.5
1112910 1536.1
1112920 1534.4
1112930 1534.4
1112940 1533.4
1112950 1532.3
1112960 1532.3
1112970 1531.9
1112980 1532.7
1112990 1532.7
1113000 1524.4
1113010 1521.3
1113020 1521.3
1113030 1519.2
1113040 1519.0
1113050 1519.0
1113060 1518.0
1113070 1516.7
1113080 1516.7
1113090 1515.9
1113100 1515.9
1113110 1515.9
1113120 1511.2
1113130 1505.0
1113140 1505.0
1113150 1504.9
1113160 1496.2
1113170 1496.2
1113180 1489.0
1113190 1484.9
1113200 1482.4
1113210 1482.4
1113220 1478.7
1113230 1475.1
1113240 1475.1
1113250 1471.3
1113260 1467.3
1113270 1467.3
1113280 1462.6
1113290 1457.3
1113300 1457.3
1113310 1451.7
1113320 1446.0
1113330 1446.0
1113340 1435.8
1113350 1431.1
1113360 1431.1
1113370 1427.3
1113380 1423.3
1113390 1423.3
1113400 1420.4
1113410 1419.5
1113420 1419.5
1113430 1418.7
1113440 1415.7
1113450 1415.7
1113460 1411.8
1113470 1408.7
1113480 1409.0
1113490 1409.0
1113500 1415.5
1113510 1422.2
1113520 1422.2
1113530 1426.1
1113540 1429.3
1113550 1429.3
1113560 1433.8
1113570 1438.6
1113580 1438.6
1113590 1444.1
1113600 1449.9
1113610 1449.9
1113620 1455.9
1113630 1461.7
1113640 1461.7
1113650 1467.6
1113660 1473.8
1113670 1473.8
1113680 1481.6
1113690 1489.0
1113700 1489.0
1113710 1496.6
1113720 1502.9
1113730 1512.0
1113740 1512.0
1113750 1521.8
1113760 1531.4
1113770 1531.4
1113780 1539.1
1113790 1547.7
1113800 1547.7
1113810 1553.8
1113820 1560.5
1113830 1560.5
1113840 1566.6
1113850 1570.5
1113860 1570.5
1113870 1573.0
1113880 1573.5
1113890 1573.5
1113900 1574.3
1113910 1574.7
1113920 1574.7
1113930 1574.5
1113940 1573.9
1113950 1573.9
1113960 1573.4
1113970 1573.5
1113980 1573.5
1113990 1574.3
1114000 1575.3
1114010 1576.7
1114020 1576.7
1114030 1570.2
1114040 1569.5
1114050 1569.5
1114060 1569.0
1114070 1569.2
1114080 1569.2
1114090 1570.2
1114100 1570.6
1114110 1570.6
1114120 1570.9
1114130 1570.8
1114140 1570.8
1114150 1572.6
1114160 1574.3
1114170 1574.3
1114180 1572.1
1114190 1568.2
1114200 1568.2
1114210 1565.8
1114220 1562.9
1114230 1562.9
1114240 1560.6
1114250 1557.7
1114260 1553.6
1114270 1553.6
1114280 1550.8
1114290 1548.9
1114300 1548.9
1114310 1548.2
1114320 1547.4
1114330 1547.4
1114340 1545.6
1114350 1545.3
1114360 1545.3
1114370 1538.3
1114380 1541.0
1114390 1541.0
1114400 1547.7
1114410 1558.4
1114420 1558.4
1114430 1564.6
1114440 1563.3
1114450 1563.3
1114460 1559.9
1114470 1557.3
1114480 1557.3
1114490 1554.5
1114500 1560.1
1114510 1560.1
1114520 1566.6
1114530 1572.4
1114540 1576.7
1114550 1576.7
1114560 1579.2
1114570 1582.0
1114580 1582.0
1114590 1584.5
1114600 1586.4
1114610 1586.4
1114620 1589.5
1114630 1593.7
1114640 1593.7
1114650 1598.5
1114660 1603.8
1114670 1603.8
1114680 1608.2
1114690 1610.1
1114700 1610.1
1114710 1603.4
1114720 1603.7
1114730 1603.7
1114740 1602.3
1114750 1601.3
1114760 1601.3
1114770 1601.6
1114780 1601.6
1114790 1601.6
1114800 1600.6
1114810 1597.0
1114820 1597.6
1114830 1597.6
1114840 1597.8
1114850 1600.5
1114860 1600.5
1114870 1602.3
1114880 1604.0
1114890 1604.0
1114900 1611.4
1114910 1617.3
1114920 1617.3
1114930 1622.8
1114940 1627.0
1114950 1627.0
1114960 1632.6
1114970 1638.2
1114980 1638.2
1114990 1646.5
1115000 1659.9
1115010 1659.9
1115020 1676.3
1115030 1686.3
1115040 1686.3
1115050 1693.6
1115060 1686.8
1115070 1683.2
1115080 1683.2
1115090 1681.4
1115100 1679.4
1115110 1679.4
1115120 1677.4
1115130 1673.9
1115140 1673.9
1115150 1670.8
1115160 1668.7
1115170 1668.7
1115180 1668.1
1115190 1666.9
1115200 1666.9
1115210 1666.1
1115220 1665.8
1115230 1665.8
1115240 1664.8
1115250 1663.5
1115260 1663.5
1115270 1662.3
1115280 1661.7
1115290 1661.7
1115300 1662.5
1115310 1661.9
1115320 1661.9
1115330 1660.4
1115340 1659.0
1115350 1656.9
1115360 1656.9
1115370 1654.1
1115380 1652.4
1115390 1652.4
1115400 1646.7
1115410 1646.0
1115420 1646.0
1115430 1644.7
1115440 1644.8
1115450 1644.8
1115460 1643.5
1115470 1642.9
1115480 1642.9
1115490 1642.1
1115500 1642.9
1115510 1642.9
1115520 1643.3
1115530 1643.6
1115540 1643.6
1115550 1645.3
1115560 1649.7
1115570 1649.7
1115580 1652.6
1115590 1653.6
1115600 1653.0
1115610 1653.0
1115620 1656.8
1115630 1658.9
1115640 1658.9
1115650 1657.2
1115660 1655.4
1115670 1655.4
1115680 1660.5
1115690 1666.4
1115700 1666.4
1115710 1671.2
1115720 1676.0
1115730 1676.0
1115740 1680.3
1115750 1687.5
1115760 1687.5
1115770 1692.4
1115780 1696.6
1115790 1696.6
1115800 1700.2
1115810 1704.7
1115820 1704.7
1115830 1708.7
1115840 1713.1
1115850 1713.1
1115860 1717.4
1115870 1721.6
1115880 1725.1
1115890 1725.1
1115900 1728.2
1115910 1733.6
1115920 1733.6
1115930 1740.2
1115940 1745.7
1115950 1745.7
1115960 1751.1
1115970 1755.6
1115980 1755.6
1115990 1759.8
1116000 1764.9
1116010 1764.9
1116020 1770.4
1116030 1775.2
1116040 1775.2
1116050 1780.6
1116060 1784.5
1116070 1784.5
1116080 1788.2
1116090 1799.0
1116100 1799.0
1116110 1802.1
1116120 1808.0
1116130 1808.0
1116140 1816.0
1116150 1821.0
1116160 1822.7
1116170 1822.7
1116180 1826.3
1116190 1834.6
1116200 1834.6
1116210 1841.7
1116220 1842.9
1116230 1842.9
1116240 1844.6
1116250 1846.5
1116260 1846.5
1116270 1846.6
1116280 1844.8
1116290 1844.8
1116300 1842.2
1116310 1839.3
1116320 1839.3
1116330 1835.3
1116340 1829.9
1116350 1829.9
1116360 1825.1
1116370 1821.4
1116380 1821.4
1116390 1818.6
1116400 1815.5
1116410 1814.4
1116420 1814.4
1116430 1814.2
1116440 1814.3
1116450 1814.3
1116460 1814.0
1116470 1813.7
1116480 1813.7
1116490 1813.5
1116500 1813.6
1116510 1813.6
1116520 1814.2
1116530 1816.2
1116540 1816.2
1116550 1818.6
1116560 1820.8
1116570 1820.8
1116580 1822.3
1116590 1822.3
1116600 1822.3
1116610 1821.0
1116620 1818.3
1116630 1818.3
1116640 1817.1
1116650 1816.3
1116660 1816.3
1116670 1819.3
1116680 1828.2
1116690 1835.8
1116700 1835.8
1116710 1843.2
1116720 1847.7
1116730 1847.7
1116740 1852.0
1116750 1855.6
1116760 1855.6
1116770 1858.7
1116780 1852.0
1116790 1852.0
1116800 1855.4
1116810 1857.1
1116820 1857.1
1116830 1858.8
1116840 1860.0
1116850 1860.0
1116860 1861.9
1116870 1864.9
1116880 1864.9
1116890 1865.7
1116900 1867.0
1116910 1867.0
1116920 1868.1
1116930 1868.1
1116940 1868.5
1116950 1868.5
1116960 1873.4
1116970 1877.6
1116980 1877.6
1116990 1880.9
1117000 1883.4
1117010 1883.4
1117020 1885.0
1117030 1890.1
1117040 1890.1
1117050 1895.3
1117060 1900.4
1117070 1900.4
1117080 1906.2
1117090 1911.3
1117100 1911.3
1117110 1915.6
1117120 1920.4
1117130 1919.4
1117140 1924.7
1117150 1928.8
1117160 1928.8
1117170 1932.2
1117180 1934.1
1117190 1934.1
1117200 1937.7
1117210 1939.6
1117220 1942.6
1117230 1942.6
1117240 1946.9
1117250 1951.3
1117260 1951.3
1117270 1957.8
1117280 1963.7
1117290 1963.7
1117300 1971.1
1117310 1977.2
1117320 1977.2
1117330 1983.4
1117340 1989.2
1117350 1989.2
1117360 1994.6
1117370 1999.2
1117380 1999.2
1117390 1999.8
1117400 1995.5
1117410 1995.5
1117420 1991.3
1117430 1990.6
1117440 1990.6
1117450 1981.1
1117460 1964.9
1117470 1951.8
1117480 1959.8
1117490 1955.2
1117500 1950.4
1117510 1950.4
1117520 1941.2
1117530 1932.9
1117540 1932.9
1117550 1927.4
1117560 1923.0
1117570 1923.0
1117580 1916.9
1117590 1911.7
1117600 1911.7
1117610 1908.2
1117620 1903.9
1117630 1903.9
1117640 1900.0
1117650 1896.7
1117660 1896.7
1117670 1894.6
1117680 1893.1
1117690 1893.1
1117700 1892.9
1117710 1896.0
1117720 1896.0
1117730 1901.8
1117740 1905.5
1117750 1910.8
1117760 1910.8
1117770 1915.7
1117780 1920.7
1117790 1920.7
1117800 1929.1
1117810 1942.6
1117820 1953.5
1117830 1957.9
1117840 1962.0
1117850 1962.0
1117860 1966.9
1117870 1970.2
1117880 1970.2
1117890 1971.9
1117900 1972.5
1117910 1972.5
1117920 1974.5
1117930 1974.4
1117940 1974.4
1117950 1974.9
1117960 1969.0
1117970 1969.0
1117980 1939.7
1117990 1923.4
1118000 1923.4
1118010 1918.4
1118020 1914.0
1118030 1908.7
1118040 1908.7
1118050 1905.4
1118060 1919.2
1118070 1919.2
1118080 1924.4
1118090 1924.4
1118100 1924.4
1118110 1919.1
1118120 1915.1
1118130 1915.1
1118140 1913.7
1118150 1906.2
1118160 1906.2
1118170 1892.0
1118180 1871.0
1118190 1871.0
1118200 1860.1
1118210 1840.3
1118220 1840.3
1118230 1829.1
1118240 1817.1
1118250 1817.1
1118260 1809.6
1118270 1804.4
1118280 1798.7
1118290 1798.7
1118300 1793.2
1118310 1787.1
1118320 1787.1
1118330 1782.3
1118340 1778.8
1118350 1778.8
1118360 1773.1
1118370 1765.9
1118380 1765.9
1118390 1761.2
1118400 1757.6
1118410 1757.6
1118420 1753.1
1118430 1748.5
1118440 1748.5
1118450 1743.2
1118460 1738.4
1118470 1738.4
1118480 1732.5
1118490 1726.4
1118500 1726.4
1118510 1719.4
1118520 1705.0
1118530 1705.0
1118540 1695.7
1118550 1687.7
1118560 1682.1
1118570 1682.1
1118580 1673.6
1118590 1664.7
1118600 1664.7
1118610 1656.3
1118620 1648.3
1118630 1648.3
1118640 1641.7
1118650 1637.2
1118660 1637.2
1118670 1630.7
1118680 1624.2
1118690 1624.2
1118700 1618.6
1118710 1612.0
1118720 1612.0
1118730 1604.0
1118740 1597.6
1118750 1597.6
1118760 1593.6
1118770 1587.7
1118780 1587.7
1118790 1581.7
1118800 1576.7
1118810 1572.3
1118820 1572.3
1118830 1567.0
1118840 1562.0
1118850 1562.0
1118860 1558.1
1118870 1547.9
1118880 1547.9
1118890 1543.9
1118900 1540.6
1118910 1540.6
1118920 1537.5
1118930 1534.8
1118940 1534.8
1118950 1531.0
1118960 1526.1
1118970 1526.1
1118980 1523.4
1118990 1520.7
1119000 1520.7
1119010 1517.4
1119020 1514.2
1119030 1514.2
1119040 1510.5
1119050 1507.6
1119060 1507.6
1119070 1504.5
1119080 1501.4
1119090 1498.3
1119100 1498.3
1119110 1495.1
1119120 1491.8
1119130 1491.8
1119140 1488.3
1119150 1484.8
1119160 1484.8
1119170 1481.3
1119180 1478.3
1119190 1478.3
1119200 1475.7
1119210 1472.6
1119220 1472.6
1119230 1467.7
1119240 1466.0
1119250 1466.0
1119260 1467.2
1119270 1471.2
1119280 1471.2
1119290 1475.2
1119300 1479.0
1119310 1479.0
1119320 1484.0
1119330 1487.5
1119340 1487.5
1119350 1489.9
1119360 1494.6
1119370 1500.0
1119380 1500.0
1119390 1502.2
1119400 1499.8
1119410 1499.8
1119420 1505.9
1119430 1511.6
1119440 1511.6
1119450 1514.1
1119460 1518.3
1119470 1518.3
1119480 1524.5
1119490 1531.9
1119500 1531.9
1119510 1540.6
1119520 1544.7
1119530 1544.7
1119540 1545.4
1119550 1545.5
1119560 1553.6
1119570 1555.3
1119580 1556.8
1119590 1556.8
1119600 1553.8
1119610 1548.6
1119620 1548.5
1119630 1548.5
1119640 1550.1
1119650 1552.0
1119660 1552.0
1119670 1555.9
1119680 1564.9
1119690 1564.9
1119700 1574.0
1119710 1582.0
1119720 1582.0
1119730 1592.5
1119740 1598.6
1119750 1598.6
1119760 1598.2
1119770 1593.5
1119780 1593.5
1119790 1589.9
1119800 1589.6
1119810 1589.6
1119820 1594.7
1119830 1600.3
1119840 1600.3
1119850 1605.6
1119860 1612.4
1119870 1612.4
1119880 1620.1
1119890 1628.7
1119900 1637.8
1119910 1642.3
1119920 1653.0
1119930 1665.3
1119940 1665.3
1119950 1677.2
1119960 1682.5
1119970 1682.5
1119980 1685.4
1119990 1692.6
