1100000 1886.9
1100010 1886.9
1100020 1879.2
1100030 1873.3
1100040 1873.3
1100050 1867.5
1100060 1862.1
1100070 1862.1
1100080 1855.6
1100090 1849.7
1100100 1849.7
1100110 1844.2
1100120 1839.2
1100130 1839.2
1100140 1833.8
1100150 1829.1
1100160 1829.1
1100170 1824.1
1100180 1818.8
1100190 1818.8
1100200 1813.6
1100210 1808.9
1100220 1808.9
1100230 1804.6
1100240 1799.8
1100250 1798.0
1100260 1798.0
1100270 1791.8
1100280 1786.4
1100290 1786.4
1100300 1781.5
1100310 1776.6
1100320 1776.6
1100330 1771.5
1100340 1766.7
1100350 1766.7
1100360 1762.3
1100370 1757.2
1100380 1757.2
1100390 1752.0
1100400 1746.5
1100410 1746.5
1100420 1742.2
1100430 1737.4
1100440 1737.4
1100450 1733.0
1100460 1728.2
1100470 1728.2
1100480 1723.1
1100490 1718.8
1100500 1718.8
1100510 1714.3
1100520 1709.5
1100530 1704.7
1100540 1704.7
1100550 1700.4
1100560 1696.2
1100570 1696.2
1100580 1692.7
1100590 1688.4
1100600 1688.4
1100610 1684.7
1100620 1681.5
1100630 1681.5
1100640 1679.1
1100650 1678.6
1100660 1678.6
1100670 1678.3
1100680 1674.0
1100690 1674.0
1100700 1666.1
1100710 1664.4
1100720 1664.4
1100730 1665.3
1100740 1668.3
1100750 1668.3
1100760 1668.5
1100770 1664.6
1100780 1664.6
1100790 1664.6
1100800 1665.4
1100810 1664.7
1100820 1664.7
1100830 1663.9
1100840 1664.1
1100850 1664.1
1100860 1663.0
1100870 1661.2
1100880 1661.2
1100890 1662.2
1100900 1664.2
1100910 1657.7
1100920 1659.8
1100930 1662.3
1100940 1662.3
1100950 1663.7
1100960 1662.8
1100970 1662.8
1100980 1661.1
1100990 1659.5
1101000 1659.5
1101010 1658.1
1101020 1657.0
1101030 1657.0
1101040 1655.9
1101050 1654.0
1101060 1648.1
1101070 1648.1
1101080 1642.7
1101090 1647.9
1101100 1647.9
1101110 1655.2
1101120 1658.8
1101130 1658.8
1101140 1659.0
1101150 1658.0
1101160 1658.0
1101170 1655.5
1101180 1649.9
1101190 1649.9
1101200 1646.9
1101210 1649.0
1101220 1649.0
1101230 1649.5
1101240 1642.1
1101250 1642.1
1101260 1639.6
1101270 1637.6
1101280 1637.6
1101290 1637.3
1101300 1635.9
1101310 1635.9
1101320 1632.7
1101330 1630.5
1101340 1637.0
1101350 1637.0
1101360 1640.6
1101370 1640.8
1101380 1640.8
1101390 1640.1
1101400 1639.5
1101410 1639.5
1101420 1639.8
1101430 1640.4
1101440 1640.4
1101450 1640.2
1101460 1638.9
1101470 1638.9
1101480 1636.5
1101490 1633.7
1101500 1633.7
1101510 1631.8
1101520 1629.3
1101530 1629.3
1101540 1626.8
1101550 1623.5
1101560 1623.5
1101570 1613.5
1101580 1610.1
1101590 1610.1
1101600 1606.6
1101610 1603.0
1101620 1601.4
1101630 1601.4
1101640 1600.5
1101650 1599.3
1101660 1599.3
1101670 1599.2
1101680 1599.1
1101690 1599.1
1101700 1597.9
1101710 1596.5
1101720 1596.5
1101730 1594.9
1101740 1593.6
1101750 1593.6
1101760 1593.6
1101770 1593.7
1101780 1593.7
1101790 1594.5
1101800 1595.1
1101810 1595.1
1101820 1595.5
1101830 1595.3
1101840 1595.3
1101850 1594.9
1101860 1594.4
1101870 1595.2
1101880 1595.2
1101890 1594.3
1101900 1593.9
1101910 1587.9
1101920 1586.3
1101930 1586.2
1101940 1586.2
1101950 1587.6
1101960 1589.5
1101970 1589.5
1101980 1591.8
1101990 1593.3
1102000 1593.3
1102010 1594.8
1102020 1597.2
1102030 1597.2
1102040 1598.9
1102050 1601.3
1102060 1601.3
1102070 1603.9
1102080 1605.5
1102090 1605.5
1102100 1605.7
1102110 1608.1
1102120 1608.1
1102130 1612.5
1102140 1618.0
1102150 1627.1
1102160 1627.1
1102170 1639.5
1102180 1657.5
1102190 1657.5
1102200 1664.2
1102210 1666.6
1102220 1666.6
1102230 1667.6
1102240 1662.2
1102250 1662.2
1102260 1661.1
1102270 1659.4
1102280 1659.4
1102290 1657.6
1102300 1655.8
1102310 1655.8
1102320 1654.4
1102330 1653.4
1102340 1653.4
1102350 1652.5
1102360 1651.3
1102370 1651.3
1102380 1650.4
1102390 1649.8
1102400 1649.8
1102410 1649.3
1102420 1649.1
1102430 1649.7
1102440 1649.7
1102450 1648.6
1102460 1640.1
1102470 1640.1
1102480 1625.3
1102490 1614.0
1102500 1614.0
1102510 1605.0
1102520 1597.9
1102530 1597.9
1102540 1591.7
1102550 1586.0
1102560 1586.0
1102570 1574.5
1102580 1568.1
1102590 1568.1
1102600 1561.4
1102610 1554.4
1102620 1554.4
1102630 1548.5
1102640 1541.5
1102650 1541.5
1102660 1534.8
1102670 1528.5
1102680 1522.0
1102690 1522.0
1102700 1515.6
1102710 1508.7
1102720 1508.7
1102730 1502.3
1102740 1497.0
1102750 1497.0
1102760 1491.4
1102770 1485.9
1102780 1485.9
1102790 1480.2
1102800 1473.9
1102810 1473.9
1102820 1466.8
1102830 1459.1
1102840 1459.1
1102850 1451.2
1102860 1444.5
1102870 1444.5
1102880 1438.5
1102890 1432.3
1102900 1432.4
1102910 1425.4
1102920 1418.0
1102930 1418.0
1102940 1411.0
1102950 1404.5
1102960 1397.6
1102970 1397.6
1102980 1390.5
1102990 1383.2
1103000 1383.2
1103010 1376.1
1103020 1369.0
1103030 1369.0
1103040 1361.5
1103050 1354.1
1103060 1354.1
1103070 1348.0
1103080 1344.5
1103090 1344.5
1103100 1339.6
1103110 1332.1
1103120 1332.1
1103130 1325.8
1103140 1321.2
1103150 1321.2
1103160 1315.5
1103170 1309.8
1103180 1309.8
1103190 1303.7
1103200 1295.0
1103210 1295.0
1103220 1285.5
1103230 1275.8
1103240 1263.4
1103250 1263.4
1103260 1253.8
1103270 1245.0
1103280 1245.0
1103290 1236.9
1103300 1229.4
1103310 1229.4
1103320 1222.5
1103330 1216.8
1103340 1216.8
1103350 1211.1
1103360 1203.2
1103370 1203.2
1103380 1196.1
1103390 1195.0
1103400 1195.0
1103410 1202.7
1103420 1207.4
1103430 1207.4
1103440 1203.3
1103450 1203.1
1103460 1203.1
1103470 1210.9
1103480 1219.7
1103490 1224.8
1103500 1224.8
1103510 1227.2
1103520 1229.5
1103530 1229.5
1103540 1232.2
1103550 1234.9
1103560 1234.9
1103570 1231.8
1103580 1237.3
1103590 1237.3
1103600 1244.5
1103610 1252.0
1103620 1252.0
1103630 1258.3
1103640 1263.7
1103650 1263.7
1103660 1268.4
1103670 1274.0
1103680 1274.0
1103690 1279.5
1103700 1285.3
1103710 1285.3
1103720 1288.1
1103730 1295.5
1103740 1295.5
1103750 1300.7
1103760 1305.1
1103770 1310.3
1103780 1310.3
1103790 1313.6
1103800 1317.4
1103810 1317.4
1103820 1320.0
1103830 1322.2
1103840 1322.2
1103850 1326.9
1103860 1333.1
1103870 1333.1
1103880 1340.4
1103890 1347.5
1103900 1347.5
1103910 1348.6
1103920 1345.4
1103930 1345.4
1103940 1342.5
1103950 1342.0
1103960 1342.0
1103970 1346.1
1103980 1355.5
1103990 1355.5
1104000 1367.3
1104010 1377.5
1104020 1377.5
1104030 1386.5
1104040 1395.9
1104050 1405.2
1104060 1405.2
1104070 1415.6
1104080 1421.2
1104090 1421.2
1104100 1421.9
1104110 1422.1
1104120 1422.1
1104130 1422.1
1104140 1423.6
1104150 1423.6
1104160 1427.2
1104170 1432.0
1104180 1432.0
1104190 1437.4
1104200 1442.5
1104210 1442.5
1104220 1447.1
1104230 1452.6
1104240 1451.2
1104250 1460.2
1104260 1466.9
1104270 1466.9
1104280 1470.6
1104290 1471.8
1104300 1470.7
1104310 1470.7
1104320 1469.4
1104330 1470.6
1104340 1470.6
1104350 1472.5
1104360 1475.9
1104370 1475.9
1104380 1478.8
1104390 1482.0
1104400 1482.0
1104410 1484.4
1104420 1484.7
1104430 1484.7
1104440 1488.1
1104450 1494.1
1104460 1494.1
1104470 1496.8
1104480 1496.4
1104490 1496.4
1104500 1499.0
1104510 1501.9
1104520 1501.9
1104530 1503.0
1104540 1505.5
1104550 1505.5
1104560 1509.9
1104570 1514.5
1104580 1517.4
1104590 1517.4
1104600 1525.9
1104610 1532.6
1104620 1532.6
1104630 1538.9
1104640 1543.8
1104650 1543.8
1104660 1548.9
1104670 1549.1
1104680 1549.1
1104690 1545.6
1104700 1540.1
1104710 1540.1
1104720 1535.1
1104730 1529.4
1104740 1529.4
1104750 1522.8
1104760 1516.1
1104770 1516.1
1104780 1510.4
1104790 1505.1
1104800 1505.1
1104810 1500.2
1104820 1495.9
1104830 1495.9
1104840 1491.3
1104850 1486.5
1104860 1481.0
1104870 1481.0
1104880 1476.7
1104890 1472.5
1104900 1472.5
1104910 1466.8
1104920 1462.8
1104930 1462.8
1104940 1458.1
1104950 1455.0
1104960 1455.0
1104970 1459.4
1104980 1461.5
1104990 1461.5
1105000 1462.3
1105010 1463.2
1105020 1463.2
1105030 1464.1
1105040 1462.4
1105050 1462.4
1105060 1461.3
1105070 1463.0
1105080 1463.0
1105090 1465.8
1105100 1468.4
1105110 1472.1
1105120 1472.1
1105130 1477.6
1105140 1482.2
1105150 1482.2
1105160 1484.9
1105170 1486.0
1105180 1486.0
1105190 1483.3
1105200 1478.7
1105210 1478.7
1105220 1483.5
1105230 1486.6
1105240 1486.6
1105250 1487.3
1105260 1495.7
1105270 1495.7
1105280 1504.1
1105290 1512.5
1105300 1512.5
1105310 1521.2
1105320 1529.5
1105330 1529.5
1105340 1534.5
1105350 1538.3
1105360 1538.3
1105370 1540.9
1105380 1543.6
1105390 1542.9
1105400 1542.9
1105410 1541.2
1105420 1538.7
1105430 1538.7
1105440 1536.4
1105450 1532.0
1105460 1532.0
1105470 1527.2
1105480 1522.1
1105490 1522.1
1105500 1521.5
1105510 1520.7
1105520 1520.7
1105530 1517.3
1105540 1513.4
1105550 1513.4
1105560 1512.3
1105570 1512.3
1105580 1506.7
1105590 1512.7
1105600 1517.9
1105610 1517.9
1105620 1524.1
1105630 1531.2
1105640 1531.2
1105650 1538.4
1105660 1546.3
1105670 1552.4
1105680 1552.4
1105690 1553.7
1105700 1550.1
1105710 1550.1
1105720 1545.0
1105730 1542.4
1105740 1542.4
1105750 1541.7
1105760 1545.2
1105770 1545.2
1105780 1550.1
1105790 1554.0
1105800 1554.0
1105810 1554.0
1105820 1548.1
1105830 1548.1
1105840 1543.6
1105850 1542.1
1105860 1542.1
1105870 1539.7
1105880 1538.5
1105890 1538.5
1105900 1536.7
1105910 1535.7
1105920 1528.0
1105930 1528.0
1105940 1526.5
1105950 1523.9
1105960 1523.9
1105970 1519.1
1105980 1516.4
1105990 1516.4
1106000 1510.2
1106010 1502.5
1106020 1502.5
1106030 1496.8
1106040 1491.2
1106050 1491.2
1106060 1484.2
1106070 1486.5
1106080 1486.5
1106090 1495.6
1106100 1508.8
1106110 1508.8
1106120 1517.3
1106130 1517.5
1106140 1517.5
1106150 1526.1
1106160 1540.8
1106170 1540.8
1106180 1555.6
1106190 1562.1
1106200 1567.3
1106210 1567.3
1106220 1577.9
1106230 1587.1
1106240 1587.1
1106250 1590.1
1106260 1595.4
1106270 1595.4
1106280 1599.5
1106290 1600.7
1106300 1600.7
1106310 1596.7
1106320 1593.2
1106330 1593.2
1106340 1594.6
1106350 1594.1
1106360 1594.1
1106370 1594.1
1106380 1596.3
1106390 1596.3
1106400 1591.8
1106410 1592.9
1106420 1592.9
1106430 1592.5
1106440 1596.8
1106450 1596.8
1106460 1605.4
1106470 1612.9
1106480 1624.1
1106490 1624.1
1106500 1634.8
1106510 1642.3
1106520 1642.3
1106530 1650.7
1106540 1658.9
1106550 1658.9
1106560 1668.0
1106570 1676.2
1106580 1676.2
1106590 1677.8
1106600 1684.8
1106610 1684.8
1106620 1692.2
1106630 1699.6
1106640 1699.6
1106650 1707.0
1106660 1713.2
1106670 1713.2
1106680 1720.0
1106690 1726.8
1106700 1726.8
1106710 1733.8
1106720 1741.1
1106730 1748.8
1106740 1748.8
1106750 1758.5
1106760 1775.0
1106770 1775.0
1106780 1779.9
1106790 1783.6
1106800 1783.6
1106810 1783.4
1106820 1799.3
1106830 1799.3
1106840 1819.0
1106850 1832.0
1106860 1832.0
1106870 1845.0
1106880 1857.9
1106890 1857.9
1106900 1871.0
1106910 1880.4
1106920 1880.4
1106930 1883.5
1106940 1892.7
1106950 1892.7
1106960 1904.7
1106970 1914.6
1106980 1914.6
1106990 1923.8
1107000 1932.3
1107010 1938.4
1107020 1938.4
1107030 1945.2
1107040 1952.7
1107050 1952.7
1107060 1958.8
1107070 1965.4
1107080 1965.4
1107090 1971.2
1107100 1976.0
1107110 1976.0
1107120 1978.0
1107130 1980.0
1107140 1980.0
1107150 1984.7
1107160 1988.2
1107170 1988.2
1107180 1992.1
1107190 1996.0
1107200 1996.0
1107210 2000.7
1107220 2004.6
1107230 2004.6
1107240 2009.8
1107250 2016.2
1107260 2016.2
1107270 2022.8
1107280 2024.4
1107290 2023.1
1107300 2023.1
1107310 2020.9
1107320 2017.6
1107330 2017.6
1107340 2014.3
1107350 2009.6
1107360 2009.6
1107370 2003.3
1107380 1999.9
1107390 1999.9
1107400 1997.9
1107410 1996.7
1107420 1996.7
1107430 1995.7
1107440 1996.2
1107450 1996.2
1107460 1998.0
1107470 1997.7
1107480 1997.7
1107490 1995.9
1107500 1993.9
1107510 1993.9
1107520 1993.2
1107530 1995.0
1107540 1996.8
1107550 1996.8
1107560 1997.4
1107570 1997.3
1107580 1997.3
1107590 1996.5
1107600 1992.3
1107610 1992.3
1107620 1992.4
1107630 1992.5
1107640 1992.5
1107650 1992.1
1107660 1991.3
1107670 1991.3
1107680 1989.8
1107690 1987.1
1107700 1987.1
1107710 1984.6
1107720 1981.3
1107730 1981.3
1107740 1974.3
1107750 1967.2
1107760 1967.2
1107770 1962.5
1107780 1962.7
1107790 1962.7
1107800 1964.8
1107810 1961.3
1107820 1952.2
1107830 1952.2
1107840 1947.8
1107850 1961.4
1107860 1961.4
1107870 1955.7
1107880 1950.3
1107890 1950.3
1107900 1954.6
1107910 1959.6
1107920 1959.6
1107930 1955.4
1107940 1948.1
1107950 1948.1
1107960 1928.9
1107970 1914.0
1107980 1914.0
1107990 1904.6
1108000 1895.2
1108010 1895.2
1108020 1886.2
1108030 1881.0
1108040 1881.0
1108050 1853.6
1108060 1829.5
1108070 1811.6
1108080 1811.6
1108090 1803.6
1108100 1796.1
1108110 1796.1
1108120 1787.0
1108130 1776.5
1108140 1776.5
1108150 1766.6
1108160 1755.5
1108170 1755.5
1108180 1748.7
1108190 1741.9
1108200 1741.9
1108210 1734.6
1108220 1730.5
1108230 1730.5
1108240 1729.8
1108250 1725.3
1108260 1725.3
1108270 1712.8
1108280 1692.7
1108290 1692.7
1108300 1682.0
1108310 1665.7
1108320 1665.7
1108330 1658.3
1108340 1682.4
1108350 1705.6
1108360 1705.6
1108370 1715.9
1108380 1721.0
1108390 1721.0
1108400 1723.4
1108410 1725.8
1108420 1725.8
1108430 1727.1
1108440 1727.8
1108450 1727.8
1108460 1725.2
1108470 1720.7
1108480 1720.7
1108490 1722.6
1108500 1722.2
1108510 1722.2
1108520 1721.0
1108530 1719.3
1108540 1719.3
1108550 1717.1
1108560 1715.7
1108570 1715.7
1108580 1714.7
1108590 1713.1
1108600 1713.1
1108610 1710.4
1108620 1698.5
1108630 1693.0
1108640 1693.0
1108650 1687.0
1108660 1682.1
1108670 1682.1
1108680 1674.5
1108690 1660.6
1108700 1660.6
1108710 1649.0
1108720 1645.5
1108730 1645.5
1108740 1653.2
1108750 1662.1
1108760 1662.1
1108770 1665.7
1108780 1661.4
1108790 1661.4
1108800 1654.1
1108810 1655.7
1108820 1655.7
1108830 1662.6
1108840 1665.6
1108850 1665.6
1108860 1666.4
1108870 1664.6
1108880 1665.9
1108890 1665.9
1108900 1667.2
1108910 1666.9
1108920 1666.9
1108930 1663.2
1108940 1661.8
1108950 1661.8
1108960 1654.0
1108970 1654.5
1108980 1654.5
1108990 1649.7
1109000 1640.1
1109010 1640.1
1109020 1636.6
1109030 1634.9
1109040 1634.9
1109050 1634.9
1109060 1640.7
1109070 1640.7
1109080 1646.4
1109090 1650.8
1109100 1650.8
1109110 1653.6
1109120 1658.1
1109130 1658.1
1109140 1665.9
1109150 1673.5
1109160 1675.0
1109170 1675.0
1109180 1671.3
1109190 1670.5
1109200 1670.5
1109210 1673.7
1109220 1680.2
1109230 1680.2
1109240 1687.1
1109250 1694.2
1109260 1694.2
1109270 1700.5
1109280 1702.6
1109290 1697.7
1109300 1692.9
1109310 1682.6
1109320 1682.6
1109330 1672.2
1109340 1666.7
1109350 1666.7
1109360 1669.5
1109370 1676.3
1109380 1676.3
1109390 1681.6
1109400 1683.8
1109410 1683.8
1109420 1681.8
1109430 1676.6
1109440 1672.2
1109450 1672.2
1109460 1671.4
1109470 1666.0
1109480 1666.0
1109490 1661.9
1109500 1666.3
1109510 1666.3
1109520 1667.9
1109530 1667.3
1109540 1667.3
1109550 1665.0
1109560 1657.8
1109570 1657.8
1109580 1656.8
1109590 1663.0
1109600 1663.0
1109610 1670.9
1109620 1676.8
1109630 1672.7
1109640 1669.6
1109650 1665.0
1109660 1665.0
1109670 1659.6
1109680 1656.4
1109690 1664.3
1109700 1664.3
1109710 1671.3
1109720 1677.6
1109730 1677.6
1109740 1683.2
1109750 1688.4
1109760 1688.4
1109770 1693.3
1109780 1696.5
1109790 1696.5
1109800 1697.2
1109810 1696.4
1109820 1696.4
1109830 1700.1
1109840 1704.8
1109850 1704.8
1109860 1709.0
1109870 1712.2
1109880 1712.2
1109890 1714.5
1109900 1716.1
1109910 1716.1
1109920 1717.1
1109930 1718.1
1109940 1718.1
1109950 1718.9
1109960 1719.3
1109970 1715.3
1109980 1715.3
1109990 1715.0
1110000 1714.8
1110010 1714.8
1110020 1714.5
1110030 1713.8
1110040 1713.8
1110050 1712.9
1110060 1712.0
1110070 1712.0
1110080 1711.1
1110090 1710.5
1110100 1710.5
1110110 1709.5
1110120 1707.1
1110130 1707.1
1110140 1708.2
1110150 1709.0
1110160 1709.0
1110170 1708.9
1110180 1708.0
1110190 1708.0
1110200 1708.9
1110210 1709.6
1110220 1709.6
1110230 1709.9
1110240 1709.7
1110250 1708.1
1110260 1708.1
1110270 1705.3
1110280 1701.2
1110290 1701.2
1110300 1696.9
1110310 1690.4
1110320 1690.4
1110330 1685.2
1110340 1680.1
1110350 1680.1
1110360 1681.0
1110370 1682.1
1110380 1682.1
1110390 1682.3
1110400 1681.9
1110410 1681.9
1110420 1680.3
1110430 1679.2
1110440 1679.2
1110450 1679.5
1110460 1679.5
1110470 1679.5
1110480 1679.0
1110490 1675.8
1110500 1671.5
1110510 1671.5
1110520 1670.9
1110530 1667.4
1110540 1667.4
1110550 1662.1
1110560 1658.6
1110570 1658.6
1110580 1656.2
1110590 1653.6
1110600 1653.6
1110610 1650.3
1110620 1646.6
1110630 1646.6
1110640 1642.0
1110650 1632.5
1110660 1632.5
1110670 1623.9
1110680 1615.8
1110690 1615.8
1110700 1618.7
1110710 1624.9
1110720 1624.9
1110730 1630.6
1110740 1632.4
1110750 1632.4
1110760 1633.3
1110770 1637.7
1110780 1641.9
1110790 1641.9
1110800 1649.3
1110810 1656.1
1110820 1656.1
1110830 1656.7
1110840 1660.9
1110850 1660.9
1110860 1667.1
1110870 1672.3
1110880 1672.3
1110890 1676.4
1110900 1681.4
1110910 1681.4
1110920 1686.5
1110930 1690.7
1110940 1690.7
1110950 1693.9
1110960 1696.8
1110970 1696.8
1110980 1698.5
1110990 1694.4
1111000 1694.4
1111010 1696.6
1111020 1699.1
1111030 1700.8
1111040 1700.8
1111050 1702.6
1111060 1704.1
1111070 1704.1
1111080 1705.3
1111090 1706.2
1111100 1706.2
1111110 1706.2
1111120 1705.7
1111130 1705.7
1111140 1708.0
1111150 1709.0
1111160 1709.0
1111170 1709.8
1111180 1709.7
1111190 1709.7
1111200 1709.3
1111210 1707.6
1111220 1707.6
1111230 1704.8
1111240 1703.0
1111250 1703.0
1111260 1704.4
1111270 1704.7
1111280 1704.7
1111290 1703.8
1111300 1702.5
1111310 1701.0
1111320 1701.0
1111330 1694.1
1111340 1691.4
1111350 1691.4
1111360 1688.1
1111370 1682.7
1111380 1682.7
1111390 1677.5
1111400 1669.7
1111410 1669.7
1111420 1668.3
1111430 1672.2
1111440 1672.2
1111450 1678.3
1111460 1682.7
1111470 1682.7
1111480 1683.6
1111490 1682.8
1111500 1682.8
1111510 1683.5
1111520 1684.8
1111530 1684.8
1111540 1685.9
1111550 1686.7
1111560 1686.7
1111570 1685.9
1111580 1684.1
1111590 1680.8
1111600 1680.8
1111610 1683.7
1111620 1686.0
1111630 1686.0
1111640 1682.7
1111650 1678.0
1111660 1678.0
1111670 1682.9
1111680 1685.4
1111690 1685.4
1111700 1686.8
1111710 1683.9
1111720 1683.9
1111730 1690.1
1111740 1693.7
1111750 1693.7
1111760 1695.5
1111770 1696.1
1111780 1696.1
1111790 1696.5
1111800 1698.2
1111810 1698.2
1111820 1700.5
1111830 1703.0
1111840 1704.9
1111850 1704.9
1111860 1706.9
1111870 1707.6
1111880 1707.6
1111890 1710.1
1111900 1714.9
1111910 1714.9
1111920 1716.6
1111930 1717.2
1111940 1717.2
1111950 1719.6
1111960 1722.0
1111970 1722.0
1111980 1724.1
1111990 1725.5
1112000 1725.5
1112010 1729.2
1112020 1734.6
1112030 1734.6
1112040 1739.6
1112050 1743.6
1112060 1743.6
1112070 1747.9
1112080 1752.7
1112090 1752.7
1112100 1755.7
1112110 1759.4
1112120 1761.0
1112130 1761.0
1112140 1760.7
1112150 1762.3
1112160 1762.3
1112170 1765.4
1112180 1765.3
1112190 1765.3
1112200 1764.1
1112210 1762.8
1112220 1762.8
1112230 1760.4
1112240 1758.3
1112250 1758.3
1112260 1754.0
1112270 1750.1
1112280 1750.1
1112290 1746.0
1112300 1740.2
1112310 1740.2
1112320 1735.8
1112330 1732.4
1112340 1732.4
1112350 1730.3
1112360 1722.4
1112370 1722.4
1112380 1719.4
1112390 1715.9
1112400 1712.3
1112410 1712.3
1112420 1713.4
1112430 1713.5
1112440 1713.5
1112450 1712.0
1112460 1710.8
1112470 1710.8
1112480 1707.7
1112490 1704.0
1112500 1704.0
1112510 1702.3
1112520 1700.3
1112530 1700.3
1112540 1696.1
1112550 1700.4
1112560 1700.4
1112570 1705.8
1112580 1710.5
1112590 1710.5
1112600 1717.1
1112610 1720.3
1112620 1720.3
1112630 1723.0
1112640 1727.1
1112650 1727.7
1112660 1727.7
1112670 1727.2
1112680 1728.0
1112690 1728.0
1112700 1723.6
1112710 1721.4
1112720 1721.4
1112730 1720.1
1112740 1720.5
1112750 1720.5
1112760 1720.8
1112770 1722.0
1112780 1722.0
1112790 1725.2
1112800 1728.5
1112810 1728.5
1112820 1730.4
1112830 1732.3
1112840 1732.3
1112850 1733.5
1112860 1733.3
1112870 1733.3
1112880 1733.3
1112890 1733.4
1112900 1733.4
1112910 1733.7
1112920 1734.3
1112930 1734.4
1112940 1734.4
1112950 1734.4
1112960 1733.1
1112970 1733.1
1112980 1731.0
1112990 1729.9
1113000 1729.9
1113010 1729.2
1113020 1728.4
1113030 1728.4
1113040 1724.0
1113050 1722.3
1113060 1722.3
1113070 1721.3
1113080 1719.3
1113090 1719.3
1113100 1715.1
1113110 1711.2
1113120 1711.2
1113130 1704.2
1113140 1694.3
1113150 1694.3
1113160 1687.5
1113170 1681.6
1113180 1681.6
1113190 1677.1
1113200 1673.9
1113210 1670.6
1113220 1670.6
1113230 1667.1
1113240 1664.4
1113250 1664.4
1113260 1659.5
1113270 1647.7
1113280 1647.7
1113290 1632.2
1113300 1619.8
1113310 1619.8
1113320 1612.7
1113330 1606.9
1113340 1606.9
1113350 1601.0
1113360 1593.0
1113370 1593.0
1113380 1584.7
1113390 1560.9
1113400 1560.9
1113410 1547.6
1113420 1540.7
1113430 1540.7
1113440 1534.5
1113450 1528.5
1113460 1523.2
1113470 1523.2
1113480 1518.3
1113490 1513.7
1113500 1513.7
1113510 1508.7
1113520 1503.9
1113530 1503.9
1113540 1498.3
1113550 1493.2
1113560 1493.2
1113570 1491.9
1113580 1495.4
1113590 1495.4
1113600 1501.4
1113610 1508.1
1113620 1508.1
1113630 1515.0
1113640 1521.8
1113650 1521.8
1113660 1528.6
1113670 1535.2
1113680 1535.2
1113690 1541.1
1113700 1547.0
1113710 1547.0
1113720 1553.0
1113730 1554.6
1113740 1561.4
1113750 1561.4
1113760 1567.1
1113770 1572.1
1113780 1572.1
1113790 1578.6
1113800 1588.0
1113810 1588.0
1113820 1599.6
1113830 1609.5
1113840 1609.5
1113850 1618.3
1113860 1626.0
1113870 1626.0
1113880 1635.6
1113890 1644.5
1113900 1644.5
1113910 1653.6
1113920 1661.9
1113930 1661.9
1113940 1668.5
1113950 1672.7
1113960 1672.7
1113970 1675.8
1113980 1680.2
1113990 1684.7
1114000 1684.7
1114010 1688.9
1114020 1694.2
1114030 1694.2
1114040 1716.7
1114050 1731.5
1114060 1731.5
1114070 1738.1
1114080 1740.3
1114090 1740.3
1114100 1740.5
1114110 1741.4
1114120 1741.4
1114130 1743.2
1114140 1743.6
1114150 1743.6
1114160 1744.0
1114170 1744.2
1114180 1744.2
1114190 1743.3
1114200 1741.5
1114210 1741.5
1114220 1739.0
1114230 1737.3
1114240 1737.3
1114250 1734.2
1114260 1730.8
1114270 1728.7
1114280 1728.7
1114290 1729.1
1114300 1730.0
1114310 1730.0
1114320 1727.8
1114330 1726.6
1114340 1726.6
1114350 1725.8
1114360 1726.8
1114370 1726.8
1114380 1727.4
1114390 1727.9
1114400 1727.9
1114410 1728.5
1114420 1724.1
1114430 1724.1
1114440 1724.0
1114450 1723.5
1114460 1723.5
1114470 1723.0
1114480 1722.5
1114490 1722.5
1114500 1721.2
1114510 1719.8
1114520 1719.8
1114530 1719.3
1114540 1719.1
1114550 1718.1
1114560 1718.1
1114570 1717.4
1114580 1716.6
1114590 1716.6
1114600 1715.7
1114610 1716.6
1114620 1716.6
1114630 1718.9
1114640 1721.6
1114650 1721.6
1114660 1721.6
1114670 1720.4
1114680 1720.4
1114690 1721.2
1114700 1723.4
1114710 1723.4
1114720 1726.0
1114730 1728.9
1114740 1728.9
1114750 1733.0
1114760 1734.6
1114770 1734.6
1114780 1737.0
1114790 1740.2
1114800 1741.9
1114810 1741.9
1114820 1744.1
1114830 1747.5
1114840 1747.5
1114850 1751.3
1114860 1756.8
1114870 1756.8
1114880 1761.9
1114890 1765.2
1114900 1765.2
1114910 1768.5
1114920 1771.8
1114930 1771.8
1114940 1774.1
1114950 1775.5
1114960 1775.5
1114970 1777.1
1114980 1779.1
1114990 1779.1
1115000 1780.8
1115010 1782.1
1115020 1782.1
1115030 1783.1
1115040 1782.9
1115050 1782.9
1115060 1782.5
1115070 1782.6
1115080 1781.9
1115090 1781.9
1115100 1781.6
1115110 1781.6
1115120 1781.6
1115130 1784.8
1115140 1788.1
1115150 1788.1
1115160 1791.2
1115170 1794.9
1115180 1794.9
1115190 1799.9
1115200 1805.1
1115210 1805.1
1115220 1809.1
1115230 1814.5
1115240 1814.5
1115250 1821.1
1115260 1828.2
1115270 1828.2
1115280 1835.2
1115290 1841.7
1115300 1841.7
1115310 1848.1
1115320 1850.1
1115330 1850.1
1115340 1843.8
1115350 1836.9
1115360 1834.5
1115370 1834.5
1115380 1832.4
1115390 1831.6
1115400 1831.6
1115410 1833.7
1115420 1835.0
1115430 1835.0
1115440 1836.2
1115450 1829.9
1115460 1829.9
1115470 1830.5
1115480 1829.3
1115490 1829.3
1115500 1825.7
1115510 1822.7
1115520 1822.7
1115530 1825.1
1115540 1825.5
1115550 1825.5
1115560 1822.6
1115570 1826.3
1115580 1826.3
1115590 1828.2
1115600 1825.2
1115610 1821.8
1115620 1821.8
1115630 1817.4
1115640 1816.5
1115650 1816.5
1115660 1812.5
1115670 1811.4
1115680 1811.4
1115690 1816.9
1115700 1818.8
1115710 1818.8
1115720 1817.9
1115730 1814.8
1115740 1814.8
1115750 1811.5
1115760 1812.3
1115770 1812.3
1115780 1809.8
1115790 1810.2
1115800 1803.7
1115810 1804.8
1115820 1804.3
1115830 1804.3
1115840 1803.5
1115850 1804.6
1115860 1804.6
1115870 1803.0
1115880 1801.6
1115890 1800.4
1115900 1800.4
1115910 1799.0
1115920 1797.5
1115930 1797.5
1115940 1798.1
1115950 1797.6
1115960 1797.6
1115970 1794.7
1115980 1793.6
1115990 1793.6
1116000 1794.3
1116010 1794.3
1116020 1794.3
1116030 1793.6
1116040 1793.3
1116050 1793.3
1116060 1791.7
1116070 1792.6
1116080 1792.6
1116090 1793.4
1116100 1794.1
1116110 1794.1
1116120 1794.8
1116130 1795.1
1116140 1790.5
1116150 1790.5
1116160 1790.2
1116170 1789.5
1116180 1789.5
1116190 1789.7
1116200 1792.4
1116210 1792.4
1116220 1794.7
1116230 1796.9
1116240 1796.9
1116250 1798.8
1116260 1800.5
1116270 1800.5
1116280 1803.7
1116290 1808.1
1116300 1808.1
1116310 1811.6
1116320 1814.4
1116330 1814.4
1116340 1818.2
1116350 1822.8
1116360 1822.8
1116370 1828.3
1116380 1833.7
1116390 1833.7
1116400 1837.8
1116410 1839.1
1116420 1840.8
1116430 1840.8
1116440 1842.1
1116450 1841.7
1116460 1841.7
1116470 1839.6
1116480 1837.3
1116490 1839.1
1116500 1835.5
1116510 1830.8
1116520 1830.8
1116530 1827.5
1116540 1824.8
1116550 1824.8
1116560 1824.2
1116570 1824.0
1116580 1824.0
1116590 1823.6
1116600 1823.2
1116610 1823.2
1116620 1823.6
1116630 1824.1
1116640 1824.1
1116650 1824.4
1116660 1824.6
1116670 1824.6
1116680 1824.8
1116690 1824.9
1116700 1825.4
1116710 1825.4
1116720 1826.5
1116730 1828.7
1116740 1828.7
1116750 1833.3
1116760 1837.5
1116770 1837.5
1116780 1840.3
1116790 1842.4
1116800 1842.4
1116810 1843.8
1116820 1845.0
1116830 1846.4
1116840 1847.4
1116850 1849.0
1116860 1849.0
1116870 1850.7
1116880 1852.3
1116890 1852.3
1116900 1853.2
1116910 1852.7
1116920 1852.7
1116930 1851.5
1116940 1849.5
1116950 1847.5
1116960 1847.5
1116970 1846.4
1116980 1845.6
1116990 1845.6
1117000 1844.4
1117010 1843.3
1117020 1843.3
1117030 1841.3
1117040 1836.4
1117050 1836.4
1117060 1829.6
1117070 1824.8
1117080 1824.8
1117090 1821.9
1117100 1821.2
1117110 1821.2
1117120 1820.1
1117130 1819.1
1117140 1819.1
1117150 1818.3
1117160 1817.4
1117170 1817.4
1117180 1822.2
1117190 1819.5
1117200 1819.5
1117210 1817.1
1117220 1816.0
1117230 1815.1
1117240 1815.1
1117250 1813.8
1117260 1812.0
1117270 1812.0
1117280 1811.2
1117290 1810.6
1117300 1810.6
1117310 1807.1
1117320 1804.6
1117330 1804.6
1117340 1802.4
1117350 1800.1
1117360 1800.1
1117370 1793.9
1117380 1788.9
1117390 1788.9
1117400 1788.4
1117410 1787.9
1117420 1787.9
1117430 1785.3
1117440 1776.1
1117450 1776.1
1117460 1772.8
1117470 1771.0
1117480 1769.9
1117490 1769.9
1117500 1769.8
1117510 1768.3
1117520 1768.3
1117530 1775.0
1117540 1775.2
1117550 1775.2
1117560 1773.9
1117570 1771.5
1117580 1771.5
1117590 1770.2
1117600 1769.9
1117610 1769.9
1117620 1768.6
1117630 1766.3
1117640 1766.3
1117650 1765.2
1117660 1764.8
1117670 1764.8
1117680 1765.0
1117690 1763.1
1117700 1763.1
1117710 1760.8
1117720 1758.3
1117730 1758.3
1117740 1755.0
1117750 1753.9
1117760 1752.2
1117770 1752.2
1117780 1749.4
1117790 1742.5
1117800 1742.5
1117810 1735.2
1117820 1730.6
1117830 1730.6
1117840 1729.1
1117850 1727.1
1117860 1727.1
1117870 1730.2
1117880 1724.5
1117890 1724.5
1117900 1718.3
1117910 1712.8
1117920 1712.8
1117930 1707.6
1117940 1701.4
1117950 1701.4
1117960 1696.6
1117970 1692.9
1117980 1692.9
1117990 1689.4
1118000 1686.0
1118010 1686.0
1118020 1684.3
1118030 1681.8
1118040 1679.7
1118050 1679.7
1118060 1679.1
1118070 1677.9
1118080 1677.9
1118090 1677.0
1118100 1675.5
1118110 1675.5
1118120 1671.9
1118130 1671.1
1118140 1671.1
1118150 1667.2
1118160 1661.4
1118170 1661.4
1118180 1659.2
1118190 1658.1
1118200 1658.1
1118210 1655.8
1118220 1659.5
1118230 1659.5
1118240 1659.4
1118250 1659.9
1118260 1659.9
1118270 1658.9
1118280 1657.6
1118290 1654.1
1118300 1654.1
1118310 1650.2
1118320 1647.9
1118330 1647.9
1118340 1646.9
1118350 1648.1
1118360 1648.1
1118370 1646.3
1118380 1641.1
1118390 1641.1
1118400 1636.5
1118410 1635.6
1118420 1635.6
1118430 1634.3
1118440 1634.2
1118450 1634.2
1118460 1634.0
1118470 1633.5
1118480 1633.5
1118490 1633.1
1118500 1633.1
1118510 1633.1
1118520 1625.9
1118530 1622.6
1118540 1622.6
1118550 1617.7
1118560 1612.7
1118570 1612.6
1118580 1612.6
1118590 1606.3
1118600 1601.1
1118610 1601.1
1118620 1596.7
1118630 1591.7
1118640 1591.7
1118650 1585.5
1118660 1578.3
1118670 1578.3
1118680 1570.7
1118690 1560.4
1118700 1560.4
1118710 1551.7
1118720 1543.3
1118730 1543.3
1118740 1537.2
1118750 1533.3
1118760 1533.3
1118770 1529.4
1118780 1524.1
1118790 1524.1
1118800 1519.6
1118810 1515.6
1118820 1515.6
1118830 1511.1
1118840 1506.5
1118850 1502.6
1118860 1502.6
1118870 1498.4
1118880 1494.9
1118890 1494.9
1118900 1492.1
1118910 1488.5
1118920 1490.6
1118930 1484.8
1118940 1478.7
1118950 1478.7
1118960 1472.8
1118970 1469.7
1118980 1469.7
1118990 1469.1
1119000 1466.8
1119010 1466.8
1119020 1466.0
1119030 1465.4
1119040 1465.4
1119050 1459.3
1119060 1453.3
1119070 1453.3
1119080 1451.8
1119090 1448.5
1119100 1445.6
1119110 1445.6
1119120 1444.4
1119130 1440.1
1119140 1440.1
1119150 1438.5
1119160 1437.1
1119170 1437.1
1119180 1436.6
1119190 1434.0
1119200 1434.0
1119210 1428.6
1119220 1422.0
1119230 1422.0
1119240 1415.1
1119250 1410.0
1119260 1416.1
1119270 1412.9
1119280 1410.1
1119290 1410.1
1119300 1407.2
1119310 1402.8
1119320 1402.8
1119330 1401.5
1119340 1400.0
1119350 1400.0
1119360 1398.2
1119370 1396.8
1119380 1391.7
1119390 1391.7
1119400 1382.8
1119410 1372.4
1119420 1372.4
1119430 1373.9
1119440 1377.8
1119450 1377.8
1119460 1381.8
1119470 1384.4
1119480 1384.4
1119490 1388.7
1119500 1396.2
1119510 1396.2
1119520 1402.8
1119530 1401.2
1119540 1401.2
1119550 1391.7
1119560 1380.0
1119570 1380.0
1119580 1377.6
1119590 1383.2
1119600 1383.2
1119610 1393.7
1119620 1396.9
1119630 1396.6
1119640 1396.6
1119650 1393.1
1119660 1394.8
1119670 1394.8
1119680 1402.1
1119690 1411.0
1119700 1411.0
1119710 1420.9
1119720 1428.0
1119730 1428.0
1119740 1429.7
1119750 1430.6
1119760 1430.6
1119770 1433.9
1119780 1435.9
1119790 1435.9
1119800 1435.6
1119810 1434.9
1119820 1434.9
1119830 1435.5
1119840 1437.4
1119850 1437.4
1119860 1438.5
1119870 1436.1
1119880 1436.1
1119890 1428.1
1119900 1422.9
1119910 1430.4
1119920 1430.4
1119930 1437.8
1119940 1446.5
1119950 1446.5
1119960 1461.2
1119970 1470.8
1119980 1470.8
1119990 1478.3
