1100000 1923.9
1100010 1923.9
1100020 1920.7
1100030 1917.5
1100040 1912.3
1100050 1909.0
1100060 1906.2
1100070 1906.2
1100080 1904.4
1100090 1902.2
1100100 1902.2
1100110 1900.0
1100120 1897.4
1100130 1897.4
1100140 1895.6
1100150 1893.9
1100160 1893.2
1100170 1893.2
1100180 1892.1
1100190 1891.0
1100200 1891.0
1100210 1891.7
1100220 1891.5
1100230 1891.5
1100240 1890.2
1100250 1887.6
1100260 1887.6
1100270 1886.6
1100280 1887.3
1100290 1887.3
1100300 1889.0
1100310 1890.7
1100320 1890.7
1100330 1891.3
1100340 1889.8
1100350 1889.8
1100360 1887.8
1100370 1882.2
1100380 1882.2
1100390 1882.3
1100400 1883.7
1100410 1883.7
1100420 1882.2
1100430 1883.0
1100440 1882.5
1100450 1882.5
1100460 1883.9
1100470 1885.6
1100480 1885.6
1100490 1886.4
1100500 1887.3
1100510 1887.3
1100520 1888.3
1100530 1888.5
1100540 1888.5
1100550 1888.2
1100560 1888.8
1100570 1888.8
1100580 1890.7
1100590 1893.4
1100600 1893.4
1100610 1894.4
1100620 1892.8
1100630 1892.8
1100640 1893.8
1100650 1897.2
1100660 1897.2
1100670 1898.2
1100680 1900.1
1100690 1900.1
1100700 1898.5
1100710 1902.4
1100720 1905.2
1100730 1905.2
1100740 1906.3
1100750 1909.4
1100760 1909.4
1100770 1912.0
1100780 1915.0
1100790 1915.0
1100800 1918.7
1100810 1923.2
1100820 1923.2
1100830 1926.1
1100840 1935.0
1100850 1935.0
1100860 1949.4
1100870 1957.9
1100880 1957.9
1100890 1958.2
1100900 1952.4
1100910 1952.4
1100920 1947.2
1100930 1940.9
1100940 1940.9
1100950 1932.4
1100960 1926.5
1100970 1926.5
1100980 1925.7
1100990 1928.0
1101000 1931.5
1101010 1931.5
1101020 1933.1
1101030 1932.1
1101040 1924.5
1101050 1923.5
1101060 1922.8
1101070 1922.8
1101080 1925.3
1101090 1927.3
1101100 1927.3
1101110 1926.5
1101120 1926.7
1101130 1926.7
1101140 1936.5
1101150 1934.4
1101160 1934.4
1101170 1927.9
1101180 1925.1
1101190 1925.1
1101200 1922.6
1101210 1919.8
1101220 1919.8
1101230 1916.9
1101240 1912.9
1101250 1913.7
1101260 1913.7
1101270 1917.5
1101280 1917.7
1101290 1917.7
1101300 1915.8
1101310 1912.9
1101320 1912.9
1101330 1909.1
1101340 1902.0
1101350 1902.0
1101360 1896.3
1101370 1903.4
1101380 1903.4
1101390 1898.5
1101400 1894.2
1101410 1894.2
1101420 1890.3
1101430 1887.1
1101440 1887.1
1101450 1884.3
1101460 1881.6
1101470 1881.6
1101480 1878.0
1101490 1870.4
1101500 1870.4
1101510 1864.4
1101520 1859.3
1101530 1851.1
1101540 1851.1
1101550 1852.6
1101560 1851.9
1101570 1851.9
1101580 1845.5
1101590 1844.9
1101600 1844.9
1101610 1844.6
1101620 1837.3
1101630 1837.3
1101640 1829.8
1101650 1822.4
1101660 1822.4
1101670 1814.5
1101680 1807.9
1101690 1807.9
1101700 1809.0
1101710 1806.0
1101720 1806.0
1101730 1803.5
1101740 1803.5
1101750 1803.5
1101760 1804.3
1101770 1804.7
1101780 1804.7
1101790 1804.8
1101800 1805.1
1101810 1805.8
1101820 1805.8
1101830 1805.9
1101840 1804.0
1101850 1804.0
1101860 1798.9
1101870 1796.9
1101880 1796.9
1101890 1796.7
1101900 1793.4
1101910 1793.4
1101920 1793.4
1101930 1789.3
1101940 1789.3
1101950 1786.1
1101960 1784.9
1101970 1784.9
1101980 1781.5
1101990 1778.9
1102000 1778.9
1102010 1775.6
1102020 1770.9
1102030 1779.9
1102040 1778.3
1102050 1779.8
1102060 1775.6
1102070 1775.6
1102080 1775.0
1102090 1772.7
1102100 1772.7
1102110 1766.7
1102120 1758.4
1102130 1758.4
1102140 1743.4
1102150 1730.4
1102160 1730.4
1102170 1717.8
1102180 1706.8
1102190 1706.8
1102200 1697.1
1102210 1687.3
1102220 1687.3
1102230 1678.8
1102240 1669.7
1102250 1669.7
1102260 1662.2
1102270 1655.1
1102280 1655.1
1102290 1648.4
1102300 1640.8
1102310 1640.8
1102320 1631.5
1102330 1621.2
1102340 1611.9
1102350 1611.9
1102360 1601.9
1102370 1594.1
1102380 1594.1
1102390 1584.4
1102400 1576.7
1102410 1576.7
1102420 1570.5
1102430 1564.8
1102440 1564.8
1102450 1559.3
1102460 1553.0
1102470 1553.0
1102480 1546.1
1102490 1539.0
1102500 1539.0
1102510 1532.0
1102520 1525.2
1102530 1525.2
1102540 1518.0
1102550 1510.1
1102560 1510.1
1102570 1498.9
1102580 1485.0
1102590 1485.0
1102600 1477.1
1102610 1470.4
1102620 1463.4
1102630 1463.4
1102640 1459.5
1102650 1452.4
1102660 1452.4
1102670 1444.5
1102680 1435.9
1102690 1435.9
1102700 1432.5
1102710 1423.5
1102720 1423.5
1102730 1415.0
1102740 1407.4
1102750 1407.4
1102760 1400.7
1102770 1393.0
1102780 1393.0
1102790 1384.9
1102800 1377.3
1102810 1377.3
1102820 1369.7
1102830 1360.7
1102840 1360.7
1102850 1351.3
1102860 1345.1
1102870 1345.1
1102880 1340.1
1102890 1336.1
1102900 1331.9
1102910 1331.9
1102920 1327.8
1102930 1325.0
1102940 1325.0
1102950 1320.8
1102960 1316.2
1102970 1316.2
1102980 1309.8
1102990 1303.8
1103000 1303.8
1103010 1300.7
1103020 1297.1
1103030 1297.2
1103040 1293.5
1103050 1289.4
1103060 1289.4
1103070 1285.3
1103080 1280.7
1103090 1280.7
1103100 1281.0
1103110 1289.4
1103120 1289.4
1103130 1294.5
1103140 1296.4
1103150 1297.5
1103160 1297.5
1103170 1295.1
1103180 1294.2
1103190 1294.2
1103200 1297.0
1103210 1304.9
1103220 1304.9
1103230 1312.3
1103240 1319.2
1103250 1319.2
1103260 1326.3
1103270 1333.7
1103280 1333.7
1103290 1340.0
1103300 1348.1
1103310 1348.1
1103320 1352.1
1103330 1360.0
1103340 1360.0
1103350 1367.7
1103360 1374.7
1103370 1368.6
1103380 1376.5
1103390 1383.7
1103400 1383.7
1103410 1389.7
1103420 1391.5
1103430 1394.2
1103440 1394.2
1103450 1397.5
1103460 1400.5
1103470 1400.5
1103480 1404.5
1103490 1408.3
1103500 1408.3
1103510 1412.0
1103520 1415.2
1103530 1415.2
1103540 1417.8
1103550 1419.8
1103560 1419.8
1103570 1422.6
1103580 1424.6
1103590 1424.6
1103600 1426.7
1103610 1429.2
1103620 1429.2
1103630 1433.7
1103640 1437.5
1103650 1437.5
1103660 1441.1
1103670 1445.8
1103680 1445.8
1103690 1451.1
1103700 1452.6
1103710 1459.5
1103720 1459.5
1103730 1469.5
1103740 1477.5
1103750 1477.5
1103760 1478.8
1103770 1482.6
1103780 1482.6
1103790 1487.9
1103800 1492.0
1103810 1492.0
1103820 1494.2
1103830 1496.8
1103840 1496.8
1103850 1499.9
1103860 1502.7
1103870 1502.7
1103880 1503.7
1103890 1504.1
1103900 1504.1
1103910 1504.9
1103920 1508.3
1103930 1508.3
1103940 1513.6
1103950 1519.0
1103960 1522.9
1103970 1522.9
1103980 1526.6
1103990 1532.0
1104000 1532.0
1104010 1537.6
1104020 1543.6
1104030 1540.8
1104040 1550.7
1104050 1561.7
1104060 1561.7
1104070 1573.9
1104080 1584.6
1104090 1584.6
1104100 1596.7
1104110 1611.8
1104120 1611.8
1104130 1627.7
1104140 1639.9
1104150 1639.9
1104160 1642.6
1104170 1640.9
1104180 1640.9
1104190 1639.9
1104200 1638.6
1104210 1638.6
1104220 1638.4
1104230 1637.0
1104240 1637.9
1104250 1637.9
1104260 1638.7
1104270 1638.8
1104280 1638.8
1104290 1639.2
1104300 1641.6
1104310 1641.6
1104320 1645.5
1104330 1650.4
1104340 1650.4
1104350 1655.4
1104360 1659.8
1104370 1655.0
1104380 1658.5
1104390 1664.0
1104400 1664.0
1104410 1672.5
1104420 1678.0
1104430 1678.0
1104440 1680.5
1104450 1683.8
1104460 1683.8
1104470 1688.5
1104480 1695.9
1104490 1695.9
1104500 1706.4
1104510 1714.9
1104520 1716.5
1104530 1716.5
1104540 1716.3
1104550 1715.3
1104560 1715.3
1104570 1711.9
1104580 1704.9
1104590 1704.9
1104600 1699.0
1104610 1693.3
1104620 1693.3
1104630 1689.4
1104640 1688.3
1104650 1688.3
1104660 1690.0
1104670 1691.3
1104680 1691.3
1104690 1690.5
1104700 1687.7
1104710 1687.7
1104720 1688.2
1104730 1687.6
1104740 1687.6
1104750 1688.1
1104760 1689.9
1104770 1692.0
1104780 1692.0
1104790 1692.9
1104800 1692.4
1104810 1692.4
1104820 1691.0
1104830 1689.5
1104840 1689.5
1104850 1688.6
1104860 1690.4
1104870 1690.4
1104880 1692.0
1104890 1692.5
1104900 1692.5
1104910 1691.6
1104920 1689.7
1104930 1689.7
1104940 1690.9
1104950 1690.6
1104960 1690.6
1104970 1689.5
1104980 1688.0
1104990 1688.0
1105000 1686.6
1105010 1685.7
1105020 1685.7
1105030 1685.1
1105040 1682.9
1105050 1684.6
1105060 1684.6
1105070 1685.6
1105080 1686.7
1105090 1686.7
1105100 1688.3
1105110 1690.1
1105120 1690.1
1105130 1691.8
1105140 1693.7
1105150 1693.7
1105160 1695.6
1105170 1698.0
1105180 1698.0
1105190 1700.7
1105200 1702.6
1105210 1702.6
1105220 1704.2
1105230 1704.9
1105240 1704.9
1105250 1705.7
1105260 1707.1
1105270 1707.1
1105280 1710.4
1105290 1714.2
1105300 1714.2
1105310 1716.7
1105320 1717.8
1105330 1718.1
1105340 1718.1
1105350 1718.9
1105360 1720.6
1105370 1717.7
1105380 1720.2
1105390 1722.7
1105400 1722.7
1105410 1725.2
1105420 1728.0
1105430 1728.0
1105440 1730.2
1105450 1730.5
1105460 1730.5
1105470 1730.3
1105480 1730.5
1105490 1730.5
1105500 1730.6
1105510 1730.7
1105520 1730.7
1105530 1731.2
1105540 1731.5
1105550 1731.5
1105560 1731.5
1105570 1731.4
1105580 1731.4
1105590 1731.1
1105600 1730.8
1105610 1730.2
1105620 1730.2
1105630 1729.8
1105640 1730.4
1105650 1730.4
1105660 1730.9
1105670 1731.2
1105680 1731.2
1105690 1731.1
1105700 1730.8
1105710 1729.2
1105720 1728.0
1105730 1725.9
1105740 1725.9
1105750 1723.7
1105760 1721.8
1105770 1721.8
1105780 1721.5
1105790 1723.8
1105800 1723.8
1105810 1725.4
1105820 1726.1
1105830 1726.1
1105840 1729.0
1105850 1731.3
1105860 1734.3
1105870 1734.3
1105880 1737.7
1105890 1740.9
1105900 1740.9
1105910 1743.7
1105920 1744.6
1105930 1744.6
1105940 1745.4
1105950 1748.4
1105960 1748.4
1105970 1752.1
1105980 1753.9
1105990 1753.9
1106000 1755.8
1106010 1758.9
1106020 1758.9
1106030 1761.9
1106040 1765.5
1106050 1760.5
1106060 1764.0
1106070 1767.3
1106080 1767.3
1106090 1769.6
1106100 1772.3
1106110 1772.3
1106120 1774.5
1106130 1776.3
1106140 1776.8
1106150 1776.8
1106160 1775.6
1106170 1776.3
1106180 1776.3
1106190 1779.8
1106200 1783.2
1106210 1783.2
1106220 1787.3
1106230 1791.7
1106240 1791.7
1106250 1793.3
1106260 1797.5
1106270 1797.5
1106280 1804.9
1106290 1810.0
1106300 1810.0
1106310 1816.9
1106320 1822.5
1106330 1822.5
1106340 1824.2
1106350 1824.3
1106360 1824.3
1106370 1829.7
1106380 1833.2
1106390 1833.2
1106400 1835.2
1106410 1839.6
1106420 1848.2
1106430 1848.2
1106440 1859.9
1106450 1869.2
1106460 1869.2
1106470 1875.6
1106480 1882.6
1106490 1882.6
1106500 1889.8
1106510 1896.0
1106520 1896.0
1106530 1901.8
1106540 1907.8
1106550 1907.8
1106560 1912.4
1106570 1914.3
1106580 1914.3
1106590 1911.3
1106600 1904.7
1106610 1904.7
1106620 1897.1
1106630 1893.0
1106640 1893.0
1106650 1892.7
1106660 1891.3
1106670 1890.6
1106680 1890.6
1106690 1892.1
1106700 1885.6
1106710 1885.6
1106720 1890.1
1106730 1890.9
1106740 1890.9
1106750 1883.5
1106760 1877.0
1106770 1877.0
1106780 1875.1
1106790 1871.8
1106800 1871.8
1106810 1867.4
1106820 1865.5
1106830 1865.5
1106840 1863.8
1106850 1861.8
1106860 1861.8
1106870 1859.8
1106880 1858.3
1106890 1858.3
1106900 1856.9
1106910 1855.7
1106920 1855.7
1106930 1855.6
1106940 1855.8
1106950 1856.5
1106960 1856.5
1106970 1856.0
1106980 1855.1
1106990 1855.1
1107000 1855.2
1107010 1855.2
1107020 1855.2
1107030 1857.5
1107040 1859.1
1107050 1859.1
1107060 1866.4
1107070 1870.5
1107080 1870.5
1107090 1875.1
1107100 1871.6
1107110 1871.6
1107120 1874.3
1107130 1875.0
1107140 1875.0
1107150 1879.4
1107160 1886.6
1107170 1886.6
1107180 1887.0
1107190 1887.2
1107200 1887.2
1107210 1883.9
1107220 1886.0
1107230 1885.0
1107240 1885.0
1107250 1880.1
1107260 1879.4
1107270 1879.4
1107280 1880.5
1107290 1880.0
1107300 1880.0
1107310 1881.7
1107320 1885.2
1107330 1885.2
1107340 1888.7
1107350 1892.5
1107360 1892.5
1107370 1897.8
1107380 1906.2
1107390 1914.7
1107400 1920.8
1107410 1918.5
1107420 1918.5
1107430 1915.0
1107440 1914.1
1107450 1914.1
1107460 1912.7
1107470 1911.3
1107480 1909.3
1107490 1909.3
1107500 1907.4
1107510 1907.2
1107520 1907.2
1107530 1904.9
1107540 1900.9
1107550 1900.9
1107560 1898.6
1107570 1897.9
1107580 1897.9
1107590 1897.3
1107600 1893.0
1107610 1893.0
1107620 1890.4
1107630 1891.5
1107640 1891.5
1107650 1890.6
1107660 1887.5
1107670 1887.5
1107680 1882.7
1107690 1884.6
1107700 1884.6
1107710 1886.0
1107720 1893.7
1107730 1899.2
1107740 1909.6
1107750 1919.3
1107760 1926.9
1107770 1926.9
1107780 1929.3
1107790 1934.0
1107800 1934.0
1107810 1937.2
1107820 1941.0
1107830 1941.0
1107840 1938.7
1107850 1935.3
1107860 1935.3
1107870 1930.2
1107880 1927.2
1107890 1927.2
1107900 1931.6
1107910 1937.8
1107920 1937.8
1107930 1939.2
1107940 1931.2
1107950 1931.2
1107960 1922.9
1107970 1915.3
1107980 1915.3
1107990 1907.8
1108000 1901.0
1108010 1901.0
1108020 1894.2
1108030 1886.8
1108040 1880.9
1108050 1880.9
1108060 1877.4
1108070 1882.6
1108080 1882.6
1108090 1880.5
1108100 1886.7
1108110 1886.7
1108120 1886.7
1108130 1879.2
1108140 1879.2
1108150 1878.3
1108160 1893.5
1108170 1893.5
1108180 1902.2
1108190 1920.1
1108200 1920.1
1108210 1922.0
1108220 1920.3
1108230 1920.3
1108240 1914.6
1108250 1906.0
1108260 1906.0
1108270 1903.9
1108280 1916.6
1108290 1929.2
1108300 1929.2
1108310 1927.7
1108320 1928.2
1108330 1928.2
1108340 1927.0
1108350 1926.6
1108360 1926.6
1108370 1926.5
1108380 1927.6
1108390 1927.6
1108400 1928.8
1108410 1936.0
1108420 1936.0
1108430 1935.5
1108440 1939.4
1108450 1939.4
1108460 1945.5
1108470 1959.8
1108480 1959.8
1108490 1962.6
1108500 1956.9
1108510 1956.9
1108520 1949.3
1108530 1952.8
1108540 1952.8
1108550 1975.5
1108560 2006.4
1108570 2027.8
1108580 2027.8
1108590 2043.7
1108600 2060.4
1108610 2060.4
1108620 2078.6
1108630 2082.1
1108640 2082.1
1108650 2076.8
1108660 2071.6
1108670 2071.6
1108680 2066.6
1108690 2068.5
1108700 2068.5
1108710 2074.6
1108720 2075.4
1108730 2075.4
1108740 2078.8
1108750 2074.1
1108760 2074.1
1108770 2078.0
1108780 2080.3
1108790 2080.3
1108800 2081.5
1108810 2080.6
1108820 2080.6
1108830 2073.3
1108840 2058.1
1108850 2053.5
1108860 2053.5
1108870 2032.4
1108880 2030.4
1108890 2030.4
1108900 2034.5
1108910 2040.8
1108920 2040.8
1108930 2048.8
1108940 2055.8
1108950 2055.8
1108960 2054.0
1108970 2046.2
1108980 2046.2
1108990 2049.1
1109000 2051.8
1109010 2051.8
1109020 2045.1
1109030 2033.4
1109040 2033.4
1109050 2019.8
1109060 2009.2
1109070 2009.2
1109080 2001.5
1109090 1992.2
1109100 1995.7
1109110 1995.7
1109120 1994.7
1109130 1992.8
1109140 1992.8
1109150 1989.6
1109160 1986.5
1109170 1986.5
1109180 1984.7
1109190 1982.1
1109200 1982.1
1109210 1976.5
1109220 1981.1
1109230 1981.1
1109240 1981.3
1109250 1979.0
1109260 1979.0
1109270 1976.7
1109280 1973.1
1109290 1973.1
1109300 1973.3
1109310 1976.1
1109320 1976.1
1109330 1978.2
1109340 1980.2
1109350 1980.2
1109360 1982.0
1109370 1982.6
1109380 1981.2
1109390 1981.2
1109400 1981.8
1109410 1984.0
1109420 1977.1
1109430 1979.2
1109440 1975.7
1109450 1975.7
1109460 1976.2
1109470 1978.8
1109480 1978.8
1109490 1978.7
1109500 1977.4
1109510 1977.4
1109520 1976.1
1109530 1968.3
1109540 1968.3
1109550 1952.6
1109560 1958.5
1109570 1958.5
1109580 1969.3
1109590 1975.8
1109600 1975.8
1109610 1980.1
1109620 1981.6
1109630 1981.6
1109640 1982.6
1109650 1982.1
1109660 1980.6
1109670 1980.6
1109680 1966.7
1109690 1966.5
1109700 1966.5
1109710 1972.4
1109720 1978.9
1109730 1978.9
1109740 1982.4
1109750 1983.4
1109760 1974.6
1109770 1972.6
1109780 1971.2
1109790 1971.2
1109800 1967.4
1109810 1968.2
1109820 1968.2
1109830 1968.8
1109840 1967.3
1109850 1967.3
1109860 1964.3
1109870 1961.4
1109880 1961.4
1109890 1958.7
1109900 1953.5
1109910 1943.3
1109920 1943.3
1109930 1936.8
1109940 1939.7
1109950 1939.7
1109960 1937.7
1109970 1935.2
1109980 1935.2
1109990 1933.9
1110000 1931.6
1110010 1931.6
1110020 1929.9
1110030 1928.4
1110040 1928.4
1110050 1926.2
1110060 1922.0
1110070 1922.0
1110080 1917.2
1110090 1915.6
1110100 1910.4
1110110 1915.3
1110120 1918.8
1110130 1918.8
1110140 1919.6
1110150 1918.3
1110160 1918.3
1110170 1916.1
1110180 1914.6
1110190 1912.0
1110200 1912.0
1110210 1910.7
1110220 1910.4
1110230 1910.4
1110240 1910.0
1110250 1908.4
1110260 1908.4
1110270 1907.7
1110280 1907.2
1110290 1907.2
1110300 1907.2
1110310 1906.4
1110320 1906.4
1110330 1904.8
1110340 1902.5
1110350 1902.5
1110360 1901.8
1110370 1902.0
1110380 1902.0
1110390 1902.3
1110400 1900.1
1110410 1900.1
1110420 1900.1
1110430 1899.6
1110440 1891.9
1110450 1890.8
1110460 1889.4
1110470 1888.5
1110480 1888.5
1110490 1888.4
1110500 1887.9
1110510 1887.9
1110520 1887.3
1110530 1886.7
1110540 1886.7
1110550 1886.2
1110560 1885.1
1110570 1885.1
1110580 1881.6
1110590 1879.9
1110600 1879.9
1110610 1877.8
1110620 1876.2
1110630 1876.2
1110640 1874.9
1110650 1873.8
1110660 1873.8
1110670 1880.1
1110680 1887.5
1110690 1887.5
1110700 1893.2
1110710 1900.0
1110720 1906.9
1110730 1906.9
1110740 1902.4
1110750 1896.3
1110760 1896.3
1110770 1893.2
1110780 1886.7
1110790 1886.7
1110800 1887.6
1110810 1889.4
1110820 1889.4
1110830 1891.8
1110840 1893.7
1110850 1893.7
1110860 1895.4
1110870 1898.5
1110880 1898.5
1110890 1901.7
1110900 1903.3
1110910 1903.3
1110920 1904.4
1110930 1904.7
1110940 1904.7
1110950 1904.6
1110960 1904.1
1110970 1904.1
1110980 1903.8
1110990 1904.3
1111000 1904.2
1111010 1904.2
1111020 1905.5
1111030 1909.5
1111040 1909.5
1111050 1912.6
1111060 1916.0
1111070 1916.0
1111080 1920.3
1111090 1926.9
1111100 1926.9
1111110 1935.7
1111120 1944.5
1111130 1941.2
1111140 1944.2
1111150 1939.1
1111160 1939.1
1111170 1933.5
1111180 1926.7
1111190 1926.7
1111200 1905.2
1111210 1896.0
1111220 1896.0
1111230 1890.9
1111240 1887.1
1111250 1887.1
1111260 1883.3
1111270 1878.7
1111280 1874.1
1111290 1874.1
1111300 1869.3
1111310 1865.8
1111320 1865.8
1111330 1862.3
1111340 1858.7
1111350 1858.7
1111360 1855.7
1111370 1852.6
1111380 1852.6
1111390 1849.6
1111400 1848.2
1111410 1848.2
1111420 1845.7
1111430 1843.6
1111440 1843.6
1111450 1842.0
1111460 1840.8
1111470 1836.3
1111480 1835.3
1111490 1834.0
1111500 1834.0
1111510 1833.2
1111520 1832.1
1111530 1833.8
1111540 1833.8
1111550 1837.2
1111560 1840.1
1111570 1840.1
1111580 1842.7
1111590 1843.5
1111600 1843.5
1111610 1843.6
1111620 1844.0
1111630 1844.0
1111640 1844.4
1111650 1843.1
1111660 1843.1
1111670 1842.3
1111680 1842.7
1111690 1842.7
1111700 1842.6
1111710 1842.5
1111720 1842.5
1111730 1841.6
1111740 1841.9
1111750 1841.9
1111760 1841.6
1111770 1842.5
1111780 1842.5
1111790 1842.8
1111800 1844.4
1111810 1842.7
1111820 1842.7
1111830 1845.8
1111840 1848.6
1111850 1848.6
1111860 1851.8
1111870 1855.3
1111880 1855.3
1111890 1857.7
1111900 1860.7
1111910 1860.7
1111920 1863.5
1111930 1866.7
1111940 1866.7
1111950 1869.4
1111960 1871.1
1111970 1871.1
1111980 1873.7
1111990 1876.8
1112000 1876.8
1112010 1880.7
1112020 1884.3
1112030 1884.3
1112040 1888.8
1112050 1893.2
1112060 1893.2
1112070 1897.1
1112080 1901.1
1112090 1905.2
1112100 1905.2
1112110 1909.3
1112120 1913.7
1112130 1913.7
1112140 1919.0
1112150 1925.3
1112160 1925.3
1112170 1932.4
1112180 1938.9
1112190 1938.9
1112200 1945.5
1112210 1952.7
1112220 1952.7
1112230 1960.0
1112240 1966.4
1112250 1966.4
1112260 1972.3
1112270 1977.9
1112280 1977.9
1112290 1983.5
1112300 1989.5
1112310 1989.5
1112320 1997.4
1112330 2011.7
1112340 2011.7
1112350 2026.3
1112360 2043.0
1112370 2052.4
1112380 2052.4
1112390 2053.9
1112400 2051.8
1112410 2051.8
1112420 2047.2
1112430 2039.1
1112440 2039.1
1112450 1998.9
1112460 1979.5
1112470 1979.5
1112480 1973.6
1112490 1959.3
1112500 1959.3
1112510 1952.1
1112520 1945.6
1112530 1945.6
1112540 1939.6
1112550 1933.0
1112560 1933.0
1112570 1925.6
1112580 1918.3
1112590 1918.3
1112600 1912.4
1112610 1907.2
1112620 1903.2
1112630 1903.2
1112640 1898.8
1112650 1894.7
1112660 1894.7
1112670 1890.7
1112680 1886.3
1112690 1886.3
1112700 1883.7
1112710 1881.9
1112720 1881.9
1112730 1878.5
1112740 1873.1
1112750 1873.1
1112760 1868.0
1112770 1864.5
1112780 1864.5
1112790 1861.5
1112800 1858.9
1112810 1858.9
1112820 1856.6
1112830 1852.5
1112840 1852.5
1112850 1849.3
1112860 1846.4
1112870 1846.4
1112880 1844.3
1112890 1842.8
1112900 1842.1
1112910 1842.1
1112920 1838.5
1112930 1833.9
1112940 1833.9
1112950 1829.4
1112960 1824.4
1112970 1824.4
1112980 1817.3
1112990 1809.4
1113000 1809.4
1113010 1803.0
1113020 1795.2
1113030 1795.2
1113040 1781.9
1113050 1771.7
1113060 1771.7
1113070 1764.9
1113080 1758.3
1113090 1758.3
1113100 1751.7
1113110 1745.1
1113120 1745.1
1113130 1739.4
1113140 1734.2
1113150 1734.2
1113160 1725.9
1113170 1712.8
1113180 1703.9
1113190 1703.9
1113200 1696.5
1113210 1689.3
1113220 1689.3
1113230 1682.4
1113240 1675.9
1113250 1675.9
1113260 1669.5
1113270 1663.0
1113280 1663.0
1113290 1656.8
1113300 1650.8
1113310 1650.8
1113320 1644.8
1113330 1639.0
1113340 1639.0
1113350 1633.7
1113360 1630.0
1113370 1630.0
1113380 1627.1
1113390 1622.9
1113400 1622.9
1113410 1620.5
1113420 1618.6
1113430 1618.0
1113440 1618.0
1113450 1616.4
1113460 1618.1
1113470 1618.1
1113480 1622.1
1113490 1626.3
1113500 1626.3
1113510 1630.0
1113520 1632.7
1113530 1632.7
1113540 1637.5
1113550 1641.2
1113560 1641.2
1113570 1646.7
1113580 1651.6
1113590 1651.6
1113600 1656.6
1113610 1661.0
1113620 1661.0
1113630 1664.7
1113640 1667.0
1113650 1667.0
1113660 1666.7
1113670 1671.1
1113680 1671.1
1113690 1677.0
1113700 1681.0
1113710 1685.1
1113720 1685.1
1113730 1689.0
1113740 1694.9
1113750 1694.9
1113760 1701.6
1113770 1708.1
1113780 1708.1
1113790 1714.2
1113800 1720.5
1113810 1720.5
1113820 1728.1
1113830 1737.2
1113840 1737.2
1113850 1745.3
1113860 1748.8
1113870 1748.8
1113880 1756.0
1113890 1760.4
1113900 1760.4
1113910 1766.0
1113920 1774.5
1113930 1774.5
1113940 1784.8
1113950 1794.6
1113960 1794.6
1113970 1802.5
1113980 1808.6
1113990 1812.8
1114000 1812.8
1114010 1816.9
1114020 1822.0
1114030 1822.0
1114040 1826.9
1114050 1831.3
1114060 1831.3
1114070 1836.6
1114080 1841.4
1114090 1841.4
1114100 1846.0
1114110 1851.7
1114120 1851.7
1114130 1856.0
1114140 1859.0
1114150 1859.0
1114160 1861.5
1114170 1864.1
1114180 1864.1
1114190 1866.3
1114200 1868.1
1114210 1865.6
1114220 1867.4
1114230 1870.0
1114240 1872.1
1114250 1872.1
1114260 1874.1
1114270 1877.0
1114280 1877.0
1114290 1879.9
1114300 1882.5
1114310 1882.5
1114320 1885.2
1114330 1888.1
1114340 1888.1
1114350 1891.5
1114360 1894.3
1114370 1894.3
1114380 1895.2
1114390 1895.1
1114400 1895.1
1114410 1894.1
1114420 1892.5
1114430 1892.5
1114440 1890.3
1114450 1888.5
1114460 1888.5
1114470 1888.3
1114480 1889.0
1114490 1889.0
1114500 1890.3
1114510 1892.6
1114520 1894.9
1114530 1894.9
1114540 1897.2
1114550 1899.4
1114560 1899.4
1114570 1904.7
1114580 1908.9
1114590 1908.9
1114600 1911.6
1114610 1913.8
1114620 1913.8
1114630 1915.6
1114640 1916.9
1114650 1916.9
1114660 1917.9
1114670 1919.4
1114680 1919.4
1114690 1922.6
1114700 1923.9
1114710 1923.9
1114720 1926.7
1114730 1929.1
1114740 1929.1
1114750 1931.9
1114760 1934.3
1114770 1934.3
1114780 1937.9
1114790 1942.1
1114800 1946.4
1114810 1946.4
1114820 1949.8
1114830 1949.8
1114840 1949.8
1114850 1947.6
1114860 1945.4
1114870 1945.4
1114880 1949.1
1114890 1944.5
1114900 1944.5
1114910 1942.8
1114920 1941.2
1114930 1941.2
1114940 1939.6
1114950 1936.0
1114960 1936.0
1114970 1933.7
1114980 1932.1
1114990 1932.1
1115000 1931.8
1115010 1933.4
1115020 1933.4
1115030 1935.1
1115040 1936.4
1115050 1937.9
1115060 1937.9
1115070 1941.2
1115080 1943.9
1115090 1943.9
1115100 1946.3
1115110 1949.5
1115120 1949.5
1115130 1952.8
1115140 1957.1
1115150 1957.1
1115160 1960.6
1115170 1964.1
1115180 1964.1
1115190 1967.7
1115200 1970.7
1115210 1970.7
1115220 1973.6
1115230 1975.0
1115240 1968.7
1115250 1969.1
1115260 1969.7
1115270 1969.7
1115280 1971.6
1115290 1975.6
1115300 1975.6
1115310 1980.5
1115320 1986.1
1115330 1991.3
1115340 1991.3
1115350 1996.0
1115360 2000.6
1115370 2000.6
1115380 2006.5
1115390 2013.0
1115400 2013.0
1115410 2018.8
1115420 2024.4
1115430 2024.4
1115440 2030.5
1115450 2035.7
1115460 2035.7
1115470 2039.1
1115480 2043.6
1115490 2043.6
1115500 2049.0
1115510 2051.7
1115520 2051.7
1115530 2053.8
1115540 2056.2
1115550 2056.2
1115560 2060.8
1115570 2065.4
1115580 2068.5
1115590 2068.6
1115600 2069.6
1115610 2073.4
1115620 2073.4
1115630 2078.2
1115640 2083.1
1115650 2083.1
1115660 2087.1
1115670 2083.8
1115680 2083.8
1115690 2079.0
1115700 2076.0
1115710 2076.0
1115720 2074.1
1115730 2073.2
1115740 2073.2
1115750 2067.7
1115760 2066.3
1115770 2066.3
1115780 2065.3
1115790 2062.5
1115800 2062.5
1115810 2062.0
1115820 2060.4
1115830 2060.4
1115840 2057.9
1115850 2053.5
1115860 2046.9
1115870 2046.9
1115880 2040.2
1115890 2031.6
1115900 2031.6
1115910 2025.3
1115920 2019.0
1115930 2012.3
1115940 2003.3
1115950 1999.3
1115960 1999.3
1115970 1995.2
1115980 1992.2
1115990 1992.2
1116000 1989.8
1116010 1989.6
1116020 1989.6
1116030 1987.9
1116040 1987.7
1116050 1987.7
1116060 1987.1
1116070 1986.1
1116080 1986.1
1116090 1985.9
1116100 1986.1
1116110 1986.1
1116120 1981.4
1116130 1974.1
1116140 1972.6
1116150 1972.6
1116160 1974.1
1116170 1975.8
1116180 1975.8
1116190 1978.2
1116200 1981.5
1116210 1981.5
1116220 1983.5
1116230 1985.1
1116240 1985.1
1116250 1985.8
1116260 1984.7
1116270 1976.2
1116280 1975.3
1116290 1973.7
1116300 1973.7
1116310 1973.4
1116320 1971.9
1116330 1971.9
1116340 1968.1
1116350 1965.2
1116360 1965.2
1116370 1961.5
1116380 1959.1
1116390 1959.1
1116400 1959.8
1116410 1957.9
1116420 1953.5
1116430 1953.5
1116440 1951.6
1116450 1949.5
1116460 1949.5
1116470 1947.0
1116480 1943.9
1116490 1943.9
1116500 1942.0
1116510 1939.3
1116520 1939.3
1116530 1934.9
1116540 1934.7
1116550 1934.7
1116560 1933.4
1116570 1931.0
1116580 1931.0
1116590 1929.5
1116600 1926.8
1116610 1926.8
1116620 1916.1
1116630 1914.4
1116640 1914.4
1116650 1913.8
1116660 1909.4
1116670 1905.2
1116680 1905.2
1116690 1900.7
1116700 1896.2
1116710 1896.2
1116720 1891.7
1116730 1888.1
1116740 1888.1
1116750 1884.3
1116760 1881.2
1116770 1881.2
1116780 1879.1
1116790 1876.2
1116800 1876.2
1116810 1872.9
1116820 1869.8
1116830 1869.8
1116840 1868.8
1116850 1867.0
1116860 1867.0
1116870 1865.4
1116880 1863.5
1116890 1863.5
1116900 1861.8
1116910 1861.8
1116920 1861.8
1116930 1863.3
1116940 1864.9
1116950 1868.0
1116960 1868.0
1116970 1868.6
1116980 1868.4
1116990 1868.4
1117000 1867.9
1117010 1868.5
1117020 1868.5
1117030 1868.5
1117040 1867.3
1117050 1867.3
1117060 1866.5
1117070 1867.1
1117080 1867.1
1117090 1869.7
1117100 1874.9
1117110 1874.9
1117120 1876.9
1117130 1878.2
1117140 1878.2
1117150 1878.9
1117160 1880.7
1117170 1880.7
1117180 1878.6
1117190 1875.0
1117200 1869.4
1117210 1869.4
1117220 1868.4
1117230 1870.3
1117240 1870.3
1117250 1867.7
1117260 1862.5
1117270 1862.5
1117280 1857.5
1117290 1854.1
1117300 1854.1
1117310 1842.4
1117320 1841.7
1117330 1841.7
1117340 1841.5
1117350 1840.9
1117360 1840.9
1117370 1839.7
1117380 1838.1
1117390 1838.1
1117400 1835.9
1117410 1834.1
1117420 1834.1
1117430 1832.5
1117440 1830.9
1117450 1830.9
1117460 1829.3
1117470 1829.7
1117480 1831.6
1117490 1831.6
1117500 1832.5
1117510 1834.9
1117520 1834.9
1117530 1837.6
1117540 1840.2
1117550 1840.2
1117560 1842.7
1117570 1842.6
1117580 1842.6
1117590 1841.1
1117600 1841.0
1117610 1841.0
1117620 1842.7
1117630 1842.8
1117640 1842.8
1117650 1839.3
1117660 1834.5
1117670 1834.5
1117680 1832.8
1117690 1831.8
1117700 1831.8
1117710 1830.3
1117720 1830.0
1117730 1830.0
1117740 1826.2
1117750 1823.2
1117760 1819.9
1117770 1819.9
1117780 1816.1
1117790 1813.6
1117800 1813.6
1117810 1804.7
1117820 1805.4
1117830 1805.4
1117840 1810.0
1117850 1812.4
1117860 1812.4
1117870 1811.8
1117880 1809.4
1117890 1809.4
1117900 1807.0
1117910 1805.5
1117920 1805.5
1117930 1804.2
1117940 1800.4
1117950 1800.4
1117960 1796.1
1117970 1795.6
1117980 1795.6
1117990 1797.5
1118000 1801.8
1118010 1802.4
1118020 1802.4
1118030 1803.4
1118040 1806.5
1118050 1806.5
1118060 1811.6
1118070 1815.0
1118080 1815.0
1118090 1816.8
1118100 1818.1
1118110 1818.1
1118120 1818.3
1118130 1816.5
1118140 1816.5
1118150 1813.6
1118160 1810.0
1118170 1810.0
1118180 1809.3
1118190 1810.2
1118200 1810.2
1118210 1811.7
1118220 1813.6
1118230 1813.6
1118240 1814.0
1118250 1812.9
1118260 1812.9
1118270 1809.1
1118280 1803.2
1118290 1795.4
1118300 1795.4
1118310 1783.3
1118320 1775.7
1118330 1775.7
1118340 1768.9
1118350 1760.1
1118360 1760.1
1118370 1753.5
1118380 1746.5
1118390 1746.5
1118400 1739.8
1118410 1733.3
1118420 1733.3
1118430 1728.1
1118440 1723.9
1118450 1723.9
1118460 1719.9
1118470 1714.5
1118480 1714.5
1118490 1709.3
1118500 1704.5
1118510 1704.5
1118520 1700.3
1118530 1698.2
1118540 1698.2
1118550 1698.4
1118560 1699.5
1118570 1699.2
1118580 1699.2
1118590 1695.4
1118600 1688.1
1118610 1688.1
1118620 1679.7
1118630 1672.3
1118640 1672.3
1118650 1664.8
1118660 1657.1
1118670 1657.1
1118680 1648.9
1118690 1640.8
1118700 1641.3
1118710 1633.5
1118720 1627.1
1118730 1627.1
1118740 1622.2
1118750 1618.1
1118760 1618.1
1118770 1614.2
1118780 1610.1
1118790 1610.1
1118800 1607.0
1118810 1604.4
1118820 1600.5
1118830 1600.5
1118840 1597.6
1118850 1595.2
1118860 1595.2
1118870 1594.1
1118880 1592.9
1118890 1592.9
1118900 1591.8
1118910 1590.7
1118920 1590.7
1118930 1589.4
1118940 1588.5
1118950 1588.5
1118960 1587.4
1118970 1586.2
1118980 1586.2
1118990 1584.9
1119000 1583.3
1119010 1583.3
1119020 1582.2
1119030 1581.1
1119040 1581.1
1119050 1579.1
1119060 1578.8
1119070 1578.8
1119080 1577.0
1119090 1576.0
1119100 1575.4
1119110 1575.4
1119120 1574.4
1119130 1572.2
1119140 1572.2
1119150 1569.2
1119160 1564.4
1119170 1564.4
1119180 1560.0
1119190 1556.6
1119200 1556.6
1119210 1554.8
1119220 1550.4
1119230 1550.4
1119240 1546.2
1119250 1542.6
1119260 1542.6
1119270 1539.0
1119280 1535.1
1119290 1535.1
1119300 1532.0
1119310 1529.6
1119320 1529.6
1119330 1526.4
1119340 1522.7
1119350 1522.7
1119360 1519.5
1119370 1516.2
1119380 1513.0
1119390 1513.0
1119400 1508.9
1119410 1504.9
1119420 1504.9
1119430 1500.7
1119440 1496.7
1119450 1496.7
1119460 1493.3
1119470 1490.5
1119480 1490.5
1119490 1488.0
1119500 1485.2
1119510 1485.2
1119520 1482.1
1119530 1478.8
1119540 1478.8
1119550 1474.4
1119560 1469.2
1119570 1469.2
1119580 1464.5
1119590 1460.5
1119600 1460.5
1119610 1456.7
1119620 1453.2
1119630 1449.2
1119640 1449.2
1119650 1444.6
1119660 1441.7
1119670 1441.7
1119680 1439.6
1119690 1437.5
1119700 1437.5
1119710 1435.9
1119720 1433.6
1119730 1433.6
1119740 1429.8
1119750 1424.0
1119760 1424.0
1119770 1419.1
1119780 1417.9
1119790 1417.9
1119800 1417.2
1119810 1409.7
1119820 1409.7
1119830 1398.6
1119840 1387.7
1119850 1387.7
1119860 1376.0
1119870 1364.0
1119880 1364.0
1119890 1351.7
1119900 1342.4
1119910 1335.1
1119920 1335.1
1119930 1329.0
1119940 1323.8
1119950 1323.8
1119960 1319.1
1119970 1314.1
1119980 1314.1
1119990 1307.3
