1100000 1770.6
1100010 1770.6
1100020 1771.1
1100030 1771.8
1100040 1771.8
1100050 1776.7
1100060 1776.3
1100070 1776.3
1100080 1775.4
1100090 1774.5
1100100 1774.5
1100110 1773.0
1100120 1770.8
1100130 1770.8
1100140 1768.5
1100150 1766.8
1100160 1765.8
1100170 1765.8
1100180 1764.6
1100190 1762.3
1100200 1762.3
1100210 1760.6
1100220 1760.3
1100230 1760.3
1100240 1759.4
1100250 1758.0
1100260 1758.0
1100270 1755.8
1100280 1753.2
1100290 1753.2
1100300 1751.5
1100310 1748.9
1100320 1748.9
1100330 1748.8
1100340 1748.4
1100350 1748.4
1100360 1746.0
1100370 1743.4
1100380 1746.6
1100390 1745.4
1100400 1744.0
1100410 1744.0
1100420 1742.6
1100430 1741.0
1100440 1740.0
1100450 1740.0
1100460 1738.9
1100470 1737.9
1100480 1737.9
1100490 1736.7
1100500 1735.2
1100510 1735.2
1100520 1733.9
1100530 1732.3
1100540 1732.3
1100550 1730.8
1100560 1729.1
1100570 1729.1
1100580 1727.4
1100590 1725.3
1100600 1725.3
1100610 1723.4
1100620 1721.7
1100630 1721.7
1100640 1721.0
1100650 1721.5
1100660 1721.5
1100670 1722.4
1100680 1720.8
1100690 1718.9
1100700 1718.9
1100710 1723.1
1100720 1721.7
1100730 1721.7
1100740 1721.6
1100750 1720.4
1100760 1720.4
1100770 1719.6
1100780 1720.1
1100790 1720.1
1100800 1719.8
1100810 1720.2
1100820 1720.2
1100830 1720.5
1100840 1720.0
1100850 1720.0
1100860 1719.9
1100870 1720.4
1100880 1720.4
1100890 1719.5
1100900 1717.6
1100910 1717.6
1100920 1716.6
1100930 1719.1
1100940 1719.1
1100950 1721.6
1100960 1722.5
1100970 1724.9
1100980 1724.9
1100990 1726.8
1101000 1730.5
1101010 1730.5
1101020 1734.9
1101030 1740.0
1101040 1746.5
1101050 1749.6
1101060 1752.0
1101070 1752.0
1101080 1754.7
1101090 1757.2
1101100 1757.2
1101110 1759.8
1101120 1761.7
1101130 1761.7
1101140 1763.3
1101150 1765.7
1101160 1765.7
1101170 1766.6
1101180 1766.5
1101190 1766.5
1101200 1765.0
1101210 1765.3
1101220 1765.3
1101230 1766.8
1101240 1768.5
1101250 1769.4
1101260 1769.4
1101270 1770.4
1101280 1773.3
1101290 1773.3
1101300 1776.7
1101310 1780.7
1101320 1780.7
1101330 1784.8
1101340 1788.6
1101350 1788.6
1101360 1791.9
1101370 1794.6
1101380 1804.6
1101390 1807.6
1101400 1808.3
1101410 1808.3
1101420 1808.0
1101430 1806.3
1101440 1806.3
1101450 1803.3
1101460 1799.6
1101470 1799.6
1101480 1795.9
1101490 1791.3
1101500 1791.3
1101510 1786.6
1101520 1782.8
1101530 1780.5
1101540 1780.5
1101550 1779.3
1101560 1777.9
1101570 1777.9
1101580 1774.4
1101590 1769.8
1101600 1769.8
1101610 1766.7
1101620 1763.5
1101630 1763.5
1101640 1759.5
1101650 1755.7
1101660 1755.7
1101670 1750.8
1101680 1744.9
1101690 1744.9
1101700 1739.0
1101710 1742.3
1101720 1742.3
1101730 1738.4
1101740 1735.4
1101750 1735.4
1101760 1732.7
1101770 1729.3
1101780 1729.3
1101790 1726.3
1101800 1724.1
1101810 1722.3
1101820 1722.3
1101830 1720.1
1101840 1719.3
1101850 1719.3
1101860 1717.9
1101870 1715.1
1101880 1715.1
1101890 1714.7
1101900 1713.9
1101910 1713.9
1101920 1712.5
1101930 1711.3
1101940 1711.3
1101950 1710.1
1101960 1708.2
1101970 1708.2
1101980 1706.3
1101990 1705.3
1102000 1705.3
1102010 1704.4
1102020 1701.9
1102030 1701.9
1102040 1705.6
1102050 1702.6
1102060 1700.4
1102070 1700.4
1102080 1697.5
1102090 1695.2
1102100 1695.2
1102110 1692.8
1102120 1690.9
1102130 1690.9
1102140 1688.4
1102150 1686.6
1102160 1686.6
1102170 1683.5
1102180 1680.7
1102190 1680.7
1102200 1677.1
1102210 1672.7
1102220 1672.7
1102230 1668.4
1102240 1662.3
1102250 1662.3
1102260 1654.7
1102270 1647.4
1102280 1647.4
1102290 1640.3
1102300 1633.5
1102310 1633.5
1102320 1627.3
1102330 1621.3
1102340 1615.0
1102350 1615.0
1102360 1609.2
1102370 1607.3
1102380 1607.3
1102390 1602.5
1102400 1597.4
1102410 1597.4
1102420 1593.1
1102430 1589.0
1102440 1589.0
1102450 1584.1
1102460 1579.1
1102470 1579.1
1102480 1574.1
1102490 1569.5
1102500 1569.5
1102510 1564.6
1102520 1558.3
1102530 1558.3
1102540 1550.4
1102550 1541.9
1102560 1541.9
1102570 1535.7
1102580 1531.2
1102590 1531.2
1102600 1526.2
1102610 1519.6
1102620 1515.1
1102630 1515.1
1102640 1511.4
1102650 1507.1
1102660 1507.1
1102670 1504.0
1102680 1501.4
1102690 1501.4
1102700 1499.2
1102710 1499.5
1102720 1499.5
1102730 1498.2
1102740 1496.5
1102750 1496.5
1102760 1494.6
1102770 1492.3
1102780 1492.3
1102790 1489.8
1102800 1488.0
1102810 1488.0
1102820 1487.2
1102830 1485.1
1102840 1485.1
1102850 1482.6
1102860 1483.1
1102870 1483.1
1102880 1483.3
1102890 1483.5
1102900 1483.8
1102910 1483.8
1102920 1483.9
1102930 1484.3
1102940 1484.3
1102950 1484.5
1102960 1484.3
1102970 1484.3
1102980 1484.0
1102990 1484.3
1103000 1484.3
1103010 1485.0
1103020 1486.4
1103030 1486.4
1103040 1488.7
1103050 1490.8
1103060 1490.8
1103070 1494.2
1103080 1497.9
1103090 1497.9
1103100 1502.3
1103110 1507.2
1103120 1507.2
1103130 1511.9
1103140 1517.2
1103150 1517.2
1103160 1522.7
1103170 1528.4
1103180 1534.0
1103190 1534.0
1103200 1539.7
1103210 1546.1
1103220 1546.1
1103230 1552.5
1103240 1559.1
1103250 1559.1
1103260 1566.1
1103270 1573.0
1103280 1573.0
1103290 1579.8
1103300 1586.6
1103310 1586.6
1103320 1593.1
1103330 1599.7
1103340 1599.7
1103350 1606.1
1103360 1612.2
1103370 1612.2
1103380 1618.3
1103390 1625.0
1103400 1625.0
1103410 1633.8
1103420 1641.8
1103430 1650.6
1103440 1650.6
1103450 1659.6
1103460 1669.1
1103470 1669.1
1103480 1680.5
1103490 1691.5
1103500 1691.5
1103510 1703.8
1103520 1716.2
1103530 1716.2
1103540 1727.6
1103550 1740.3
1103560 1740.3
1103570 1752.5
1103580 1762.4
1103590 1762.4
1103600 1772.3
1103610 1781.3
1103620 1781.3
1103630 1789.3
1103640 1797.4
1103650 1797.4
1103660 1805.2
1103670 1812.8
1103680 1812.8
1103690 1817.8
1103700 1818.7
1103710 1822.9
1103720 1822.9
1103730 1818.6
1103740 1813.1
1103750 1813.1
1103760 1806.6
1103770 1801.4
1103780 1801.4
1103790 1797.0
1103800 1793.3
1103810 1793.3
1103820 1790.9
1103830 1786.5
1103840 1786.5
1103850 1782.8
1103860 1781.3
1103870 1781.3
1103880 1779.7
1103890 1778.9
1103900 1778.9
1103910 1777.4
1103920 1775.7
1103930 1775.7
1103940 1775.1
1103950 1774.5
1103960 1774.5
1103970 1772.0
1103980 1771.5
1103990 1769.7
1104000 1769.7
1104010 1769.2
1104020 1772.4
1104030 1772.4
1104040 1782.4
1104050 1788.9
1104060 1788.9
1104070 1792.7
1104080 1795.3
1104090 1795.3
1104100 1797.2
1104110 1799.3
1104120 1799.3
1104130 1802.5
1104140 1804.9
1104150 1804.9
1104160 1806.5
1104170 1808.1
1104180 1808.1
1104190 1807.0
1104200 1804.0
1104210 1804.0
1104220 1802.4
1104230 1807.5
1104240 1807.5
1104250 1814.3
1104260 1819.4
1104270 1823.9
1104280 1823.9
1104290 1828.3
1104300 1832.2
1104310 1832.2
1104320 1836.3
1104330 1841.5
1104340 1841.5
1104350 1843.4
1104360 1839.6
1104370 1839.6
1104380 1846.2
1104390 1848.6
1104400 1848.6
1104410 1845.6
1104420 1839.3
1104430 1839.3
1104440 1842.0
1104450 1844.1
1104460 1844.1
1104470 1840.4
1104480 1837.2
1104490 1837.2
1104500 1832.1
1104510 1826.8
1104520 1826.8
1104530 1823.4
1104540 1820.4
1104550 1826.6
1104560 1826.6
1104570 1832.6
1104580 1835.1
1104590 1835.1
1104600 1836.0
1104610 1837.1
1104620 1837.1
1104630 1838.1
1104640 1838.6
1104650 1838.6
1104660 1838.7
1104670 1838.8
1104680 1838.8
1104690 1838.8
1104700 1838.4
1104710 1843.5
1104720 1843.7
1104730 1844.3
1104740 1844.3
1104750 1845.4
1104760 1846.6
1104770 1846.6
1104780 1847.4
1104790 1848.1
1104800 1848.7
1104810 1848.7
1104820 1849.9
1104830 1853.3
1104840 1853.3
1104850 1858.3
1104860 1866.6
1104870 1866.6
1104880 1875.8
1104890 1875.0
1104900 1875.0
1104910 1868.4
1104920 1861.9
1104930 1861.9
1104940 1856.6
1104950 1851.2
1104960 1851.2
1104970 1846.4
1104980 1842.3
1104990 1842.3
1105000 1838.2
1105010 1834.0
1105020 1834.0
1105030 1830.3
1105040 1826.8
1105050 1826.6
1105060 1823.7
1105070 1821.0
1105080 1818.3
1105090 1818.3
1105100 1815.2
1105110 1811.7
1105120 1811.7
1105130 1808.4
1105140 1805.2
1105150 1805.2
1105160 1802.3
1105170 1799.7
1105180 1799.7
1105190 1796.8
1105200 1793.4
1105210 1793.4
1105220 1789.4
1105230 1786.0
1105240 1786.0
1105250 1783.0
1105260 1779.7
1105270 1779.7
1105280 1776.3
1105290 1772.8
1105300 1772.8
1105310 1769.7
1105320 1766.8
1105330 1766.8
1105340 1764.1
1105350 1761.5
1105360 1759.1
1105370 1759.1
1105380 1760.7
1105390 1757.1
1105400 1757.1
1105410 1754.1
1105420 1751.4
1105430 1751.4
1105440 1749.1
1105450 1746.6
1105460 1746.6
1105470 1744.1
1105480 1740.7
1105490 1740.7
1105500 1737.5
1105510 1735.5
1105520 1735.5
1105530 1733.2
1105540 1730.3
1105550 1730.3
1105560 1727.6
1105570 1725.1
1105580 1725.1
1105590 1722.3
1105600 1720.2
1105610 1720.2
1105620 1718.7
1105630 1717.3
1105640 1715.3
1105650 1715.3
1105660 1713.2
1105670 1711.1
1105680 1711.1
1105690 1708.8
1105700 1706.4
1105710 1706.4
1105720 1708.6
1105730 1707.4
1105740 1707.4
1105750 1706.3
1105760 1705.0
1105770 1705.0
1105780 1703.7
1105790 1702.0
1105800 1702.0
1105810 1700.1
1105820 1698.1
1105830 1698.1
1105840 1696.1
1105850 1694.1
1105860 1694.1
1105870 1692.8
1105880 1691.9
1105890 1691.9
1105900 1691.0
1105910 1690.5
1105920 1690.2
1105930 1690.2
1105940 1689.8
1105950 1689.3
1105960 1689.3
1105970 1688.5
1105980 1687.7
1105990 1687.7
1106000 1687.4
1106010 1686.9
1106020 1686.9
1106030 1686.6
1106040 1687.3
1106050 1687.3
1106060 1694.5
1106070 1695.0
1106080 1695.0
1106090 1696.1
1106100 1696.7
1106110 1696.7
1106120 1697.6
1106130 1698.8
1106140 1698.8
1106150 1700.4
1106160 1701.7
1106170 1703.2
1106180 1703.2
1106190 1705.9
1106200 1707.4
1106210 1707.4
1106220 1708.8
1106230 1710.1
1106240 1710.1
1106250 1711.4
1106260 1713.2
1106270 1713.2
1106280 1713.8
1106290 1713.9
1106300 1713.9
1106310 1714.2
1106320 1716.4
1106330 1716.4
1106340 1719.6
1106350 1723.5
1106360 1723.5
1106370 1727.8
1106380 1730.1
1106390 1740.5
1106400 1741.6
1106410 1745.0
1106420 1745.0
1106430 1749.3
1106440 1752.2
1106450 1754.4
1106460 1754.4
1106470 1757.9
1106480 1762.3
1106490 1762.3
1106500 1766.1
1106510 1769.3
1106520 1769.3
1106530 1772.6
1106540 1777.3
1106550 1777.3
1106560 1782.7
1106570 1786.6
1106580 1786.6
1106590 1790.6
1106600 1795.4
1106610 1795.4
1106620 1797.3
1106630 1798.3
1106640 1798.3
1106650 1798.3
1106660 1800.1
1106670 1800.1
1106680 1802.1
1106690 1804.8
1106700 1804.8
1106710 1806.5
1106720 1804.5
1106730 1806.0
1106740 1806.0
1106750 1799.3
1106760 1792.3
1106770 1792.3
1106780 1786.0
1106790 1779.7
1106800 1779.7
1106810 1773.0
1106820 1766.1
1106830 1766.1
1106840 1759.8
1106850 1754.0
1106860 1754.0
1106870 1747.3
1106880 1739.9
1106890 1739.9
1106900 1732.3
1106910 1724.0
1106920 1724.0
1106930 1715.1
1106940 1705.2
1106950 1705.2
1106960 1696.0
1106970 1687.9
1106980 1687.9
1106990 1680.9
1107000 1673.4
1107010 1665.2
1107020 1665.2
1107030 1657.8
1107040 1651.6
1107050 1651.6
1107060 1643.1
1107070 1629.3
1107080 1629.3
1107090 1618.7
1107100 1607.8
1107110 1607.8
1107120 1596.6
1107130 1584.0
1107140 1584.0
1107150 1573.6
1107160 1564.7
1107170 1564.7
1107180 1556.5
1107190 1549.0
1107200 1549.0
1107210 1542.1
1107220 1535.0
1107230 1535.0
1107240 1527.4
1107250 1520.4
1107260 1514.6
1107270 1514.6
1107280 1508.6
1107290 1502.9
1107300 1502.9
1107310 1496.6
1107320 1490.5
1107330 1490.5
1107340 1485.3
1107350 1479.5
1107360 1479.5
1107370 1473.5
1107380 1467.6
1107390 1467.6
1107400 1463.9
1107410 1459.2
1107420 1459.2
1107430 1454.7
1107440 1451.0
1107450 1451.0
1107460 1446.9
1107470 1442.2
1107480 1442.2
1107490 1437.8
1107500 1433.1
1107510 1433.1
1107520 1426.2
1107530 1420.9
1107540 1418.7
1107550 1418.7
1107560 1414.1
1107570 1411.4
1107580 1411.4
1107590 1414.4
1107600 1421.1
1107610 1421.1
1107620 1425.2
1107630 1430.0
1107640 1430.0
1107650 1434.3
1107660 1438.6
1107670 1438.6
1107680 1443.0
1107690 1447.8
1107700 1447.8
1107710 1452.9
1107720 1457.2
1107730 1457.2
1107740 1462.7
1107750 1467.6
1107760 1467.6
1107770 1472.8
1107780 1477.5
1107790 1477.5
1107800 1480.9
1107810 1483.8
1107820 1487.7
1107830 1487.7
1107840 1495.1
1107850 1503.9
1107860 1503.9
1107870 1512.3
1107880 1519.9
1107890 1519.9
1107900 1527.3
1107910 1534.6
1107920 1534.6
1107930 1541.8
1107940 1549.1
1107950 1549.1
1107960 1557.1
1107970 1565.6
1107980 1565.6
1107990 1575.5
1108000 1584.8
1108010 1584.8
1108020 1591.9
1108030 1598.1
1108040 1598.1
1108050 1604.8
1108060 1611.3
1108070 1611.3
1108080 1616.7
1108090 1625.1
1108100 1631.4
1108110 1631.4
1108120 1637.1
1108130 1643.9
1108140 1643.9
1108150 1652.2
1108160 1659.2
1108170 1659.2
1108180 1664.6
1108190 1669.6
1108200 1669.6
1108210 1675.1
1108220 1680.6
1108230 1680.6
1108240 1686.0
1108250 1691.5
1108260 1691.5
1108270 1694.5
1108280 1695.9
1108290 1695.9
1108300 1695.8
1108310 1696.0
1108320 1696.0
1108330 1696.0
1108340 1696.2
1108350 1696.2
1108360 1697.7
1108370 1700.4
1108380 1702.7
1108390 1702.7
1108400 1704.5
1108410 1706.0
1108420 1707.6
1108430 1709.1
1108440 1710.3
1108450 1710.3
1108460 1711.6
1108470 1712.2
1108480 1712.2
1108490 1712.5
1108500 1712.6
1108510 1712.6
1108520 1712.5
1108530 1712.0
1108540 1712.0
1108550 1710.8
1108560 1710.5
1108570 1710.5
1108580 1711.3
1108590 1712.4
1108600 1712.4
1108610 1712.9
1108620 1716.0
1108630 1717.5
1108640 1717.5
1108650 1719.0
1108660 1720.2
1108670 1720.2
1108680 1721.9
1108690 1723.3
1108700 1723.3
1108710 1725.0
1108720 1726.3
1108730 1726.3
1108740 1726.2
1108750 1720.9
1108760 1728.2
1108770 1725.4
1108780 1728.5
1108790 1728.5
1108800 1733.5
1108810 1737.9
1108820 1737.9
1108830 1742.0
1108840 1747.1
1108850 1747.1
1108860 1752.0
1108870 1757.0
1108880 1757.0
1108890 1761.6
1108900 1765.9
1108910 1769.3
1108920 1769.3
1108930 1772.7
1108940 1775.7
1108950 1775.7
1108960 1779.4
1108970 1784.1
1108980 1784.1
1108990 1789.2
1109000 1793.6
1109010 1793.6
1109020 1797.7
1109030 1802.7
1109040 1802.7
1109050 1807.6
1109060 1808.2
1109070 1808.2
1109080 1805.6
1109090 1810.1
1109100 1814.9
1109110 1821.8
1109120 1826.6
1109130 1826.6
1109140 1829.1
1109150 1830.9
1109160 1830.9
1109170 1837.2
1109180 1844.6
1109190 1850.0
1109200 1850.0
1109210 1854.8
1109220 1862.5
1109230 1862.5
1109240 1868.6
1109250 1866.0
1109260 1866.0
1109270 1868.1
1109280 1875.2
1109290 1875.2
1109300 1880.5
1109310 1885.3
1109320 1885.3
1109330 1890.6
1109340 1899.4
1109350 1899.4
1109360 1907.6
1109370 1916.9
1109380 1916.9
1109390 1927.4
1109400 1939.1
1109410 1939.1
1109420 1948.6
1109430 1955.1
1109440 1962.1
1109450 1962.6
1109460 1954.7
1109470 1951.7
1109480 1951.7
1109490 1959.6
1109500 1966.8
1109510 1966.8
1109520 1968.3
1109530 1975.0
1109540 1975.0
1109550 1983.9
1109560 1993.2
1109570 1993.2
1109580 1992.3
1109590 1992.6
1109600 1992.6
1109610 2000.7
1109620 2010.1
1109630 2010.1
1109640 2019.5
1109650 2024.6
1109660 2024.6
1109670 2023.7
1109680 2023.4
1109690 2023.4
1109700 2026.4
1109710 2033.0
1109720 2039.5
1109730 2039.5
1109740 2043.1
1109750 2042.7
1109760 2042.7
1109770 2049.5
1109780 2062.8
1109790 2062.8
1109800 2075.8
1109810 2100.7
1109820 2100.7
1109830 2124.9
1109840 2138.0
1109850 2138.0
1109860 2148.3
1109870 2154.6
1109880 2154.6
1109890 2158.3
1109900 2161.3
1109910 2161.3
1109920 2172.7
1109930 2182.7
1109940 2182.7
1109950 2185.1
1109960 2182.6
1109970 2182.6
1109980 2178.3
1109990 2173.7
1110000 2169.8
1110010 2169.8
1110020 2169.0
1110030 2167.9
1110040 2167.9
1110050 2164.1
1110060 2159.5
1110070 2159.5
1110080 2153.6
1110090 2147.8
1110100 2147.8
1110110 2142.1
1110120 2129.7
1110130 2129.7
1110140 2120.8
1110150 2109.7
1110160 2109.7
1110170 2102.1
1110180 2099.7
1110190 2099.7
1110200 2098.8
1110210 2100.5
1110220 2100.5
1110230 2100.6
1110240 2097.4
1110250 2097.4
1110260 2094.3
1110270 2097.1
1110280 2100.1
1110290 2100.1
1110300 2101.5
1110310 2107.2
1110320 2107.2
1110330 2110.8
1110340 2110.7
1110350 2110.7
1110360 2112.8
1110370 2111.8
1110380 2111.8
1110390 2110.2
1110400 2112.0
1110410 2112.0
1110420 2108.9
1110430 2104.4
1110440 2104.4
1110450 2103.2
1110460 2093.4
1110470 2093.4
1110480 2091.1
1110490 2090.0
1110500 2090.0
1110510 2088.5
1110520 2083.4
1110530 2083.4
1110540 2075.9
1110550 2067.2
1110560 2039.4
1110570 2039.4
1110580 2015.1
1110590 2002.3
1110600 2002.3
1110610 1988.2
1110620 1985.2
1110630 1985.2
1110640 1987.9
1110650 1990.8
1110660 1990.8
1110670 1986.8
1110680 1968.3
1110690 1968.3
1110700 1945.8
1110710 1937.9
1110720 1937.9
1110730 1928.2
1110740 1911.5
1110750 1911.5
1110760 1895.7
1110770 1882.8
1110780 1882.8
1110790 1873.1
1110800 1872.2
1110810 1872.2
1110820 1865.5
1110830 1859.3
1110840 1853.7
1110850 1853.7
1110860 1848.8
1110870 1845.4
1110880 1845.4
1110890 1842.4
1110900 1838.4
1110910 1838.4
1110920 1836.8
1110930 1837.8
1110940 1837.8
1110950 1837.4
1110960 1834.4
1110970 1834.4
1110980 1833.9
1110990 1834.4
1111000 1834.4
1111010 1832.3
1111020 1827.4
1111030 1827.4
1111040 1823.1
1111050 1826.1
1111060 1826.1
1111070 1828.5
1111080 1827.0
1111090 1823.9
1111100 1823.9
1111110 1820.6
1111120 1818.1
1111130 1818.1
1111140 1818.6
1111150 1814.0
1111160 1814.0
1111170 1811.0
1111180 1811.4
1111190 1811.4
1111200 1808.8
1111210 1807.0
1111220 1807.0
1111230 1802.8
1111240 1795.1
1111250 1795.1
1111260 1790.3
1111270 1787.0
1111280 1787.0
1111290 1784.2
1111300 1781.1
1111310 1781.1
1111320 1775.4
1111330 1769.2
1111340 1769.2
1111350 1763.0
1111360 1755.5
1111370 1746.7
1111380 1746.7
1111390 1736.6
1111400 1722.7
1111410 1722.7
1111420 1706.0
1111430 1700.8
1111440 1700.8
1111450 1687.2
1111460 1673.8
1111470 1673.8
1111480 1685.0
1111490 1669.0
1111500 1669.0
1111510 1659.6
1111520 1650.1
1111530 1650.1
1111540 1642.6
1111550 1639.3
1111560 1639.3
1111570 1636.9
1111580 1635.9
1111590 1635.9
1111600 1634.7
1111610 1634.2
1111620 1634.2
1111630 1634.3
1111640 1637.8
1111650 1644.2
1111660 1644.2
1111670 1650.8
1111680 1656.5
1111690 1656.5
1111700 1659.9
1111710 1663.1
1111720 1663.1
1111730 1666.0
1111740 1669.9
1111750 1669.9
1111760 1673.5
1111770 1677.1
1111780 1677.1
1111790 1680.7
1111800 1683.7
1111810 1683.7
1111820 1692.0
1111830 1695.3
1111840 1695.3
1111850 1698.6
1111860 1700.6
1111870 1700.6
1111880 1702.2
1111890 1703.5
1111900 1703.5
1111910 1705.3
1111920 1707.1
1111930 1708.4
1111940 1708.4
1111950 1709.8
1111960 1711.3
1111970 1711.3
1111980 1714.0
1111990 1717.7
1112000 1717.7
1112010 1721.1
1112020 1724.8
1112030 1724.8
1112040 1727.9
1112050 1730.1
1112060 1730.1
1112070 1732.9
1112080 1735.4
1112090 1735.4
1112100 1737.4
1112110 1740.0
1112120 1740.0
1112130 1744.2
1112140 1748.0
1112150 1748.0
1112160 1756.9
1112170 1759.3
1112180 1762.1
1112190 1762.1
1112200 1764.9
1112210 1767.7
1112220 1767.7
1112230 1770.3
1112240 1772.5
1112250 1772.5
1112260 1773.8
1112270 1774.8
1112280 1774.8
1112290 1775.6
1112300 1777.2
1112310 1777.2
1112320 1779.3
1112330 1779.9
1112340 1779.9
1112350 1781.0
1112360 1782.1
1112370 1782.1
1112380 1783.8
1112390 1786.3
1112400 1786.3
1112410 1789.7
1112420 1794.0
1112430 1794.0
1112440 1798.3
1112450 1802.7
1112460 1806.7
1112470 1806.7
1112480 1811.3
1112490 1814.8
1112500 1820.3
1112510 1823.8
1112520 1827.2
1112530 1827.2
1112540 1830.0
1112550 1831.4
1112560 1831.4
1112570 1835.9
1112580 1842.1
1112590 1842.1
1112600 1845.6
1112610 1847.2
1112620 1847.2
1112630 1850.7
1112640 1854.1
1112650 1854.1
1112660 1864.7
1112670 1869.5
1112680 1869.5
1112690 1870.8
1112700 1874.8
1112710 1874.8
1112720 1879.7
1112730 1884.6
1112740 1893.3
1112750 1893.3
1112760 1900.2
1112770 1904.4
1112780 1904.4
1112790 1905.2
1112800 1905.8
1112810 1905.8
1112820 1909.1
1112830 1912.7
1112840 1912.7
1112850 1922.6
1112860 1927.1
1112870 1927.1
1112880 1933.2
1112890 1939.8
1112900 1939.8
1112910 1955.4
1112920 1980.0
1112930 1980.0
1112940 1990.6
1112950 1994.5
1112960 1994.5
1112970 1998.1
1112980 2005.2
1112990 2005.2
1113000 2009.3
1113010 2011.3
1113020 2014.0
1113030 2014.0
1113040 2016.5
1113050 2019.9
1113060 2019.9
1113070 2022.4
1113080 2023.8
1113090 2023.8
1113100 2024.9
1113110 2025.8
1113120 2025.8
1113130 2026.0
1113140 2027.6
1113150 2027.6
1113160 2029.6
1113170 2032.0
1113180 2032.0
1113190 2033.1
1113200 2036.1
1113210 2036.1
1113220 2038.3
1113230 2039.5
1113240 2039.5
1113250 2042.2
1113260 2046.6
1113270 2052.8
1113280 2052.8
1113290 2059.1
1113300 2065.4
1113310 2065.4
1113320 2073.3
1113330 2081.8
1113340 2081.8
1113350 2089.9
1113360 2097.1
1113370 2097.1
1113380 2100.7
1113390 2105.7
1113400 2105.7
1113410 2109.9
1113420 2113.8
1113430 2113.8
1113440 2119.5
1113450 2125.0
1113460 2125.0
1113470 2129.4
1113480 2129.2
1113490 2129.2
1113500 2123.4
1113510 2119.1
1113520 2119.1
1113530 2105.7
1113540 2098.5
1113550 2091.7
1113560 2091.7
1113570 2078.8
1113580 2078.3
1113590 2078.3
1113600 2068.7
1113610 2063.6
1113620 2063.6
1113630 2056.2
1113640 2052.3
1113650 2052.3
1113660 2049.5
1113670 2046.5
1113680 2046.5
1113690 2045.0
1113700 2043.1
1113710 2043.1
1113720 2041.9
1113730 2038.8
1113740 2038.8
1113750 2038.3
1113760 2035.4
1113770 2035.4
1113780 2035.9
1113790 2041.8
1113800 2041.8
1113810 2047.2
1113820 2048.1
1113830 2047.0
1113840 2047.0
1113850 2047.0
1113860 2047.5
1113870 2038.8
1113880 2043.4
1113890 2045.8
1113900 2045.8
1113910 2044.7
1113920 2044.6
1113930 2044.6
1113940 2047.5
1113950 2039.2
1113960 2039.2
1113970 2033.2
1113980 2028.9
1113990 2028.9
1114000 2023.2
1114010 2020.2
1114020 2020.2
1114030 2020.1
1114040 2020.4
1114050 2020.4
1114060 2021.8
1114070 2023.0
1114080 2023.0
1114090 2025.0
1114100 2029.5
1114110 2036.7
1114120 2036.7
1114130 2040.4
1114140 2041.6
1114150 2041.6
1114160 2046.0
1114170 2052.5
1114180 2052.5
1114190 2057.2
1114200 2059.2
1114210 2059.2
1114220 2067.8
1114230 2074.2
1114240 2074.2
1114250 2081.4
1114260 2086.5
1114270 2086.5
1114280 2092.0
1114290 2104.8
1114300 2104.8
1114310 2116.8
1114320 2125.9
1114330 2125.9
1114340 2131.4
1114350 2135.1
1114360 2135.1
1114370 2137.7
1114380 2138.4
1114390 2138.9
1114400 2138.9
1114410 2142.1
1114420 2127.8
1114430 2127.8
1114440 2118.0
1114450 2106.6
1114460 2106.6
1114470 2098.9
1114480 2096.0
1114490 2096.0
1114500 2095.4
1114510 2097.2
1114520 2097.2
1114530 2095.3
1114540 2098.6
1114550 2098.6
1114560 2118.0
1114570 2119.1
1114580 2119.1
1114590 2127.1
1114600 2135.3
1114610 2135.3
1114620 2138.0
1114630 2140.6
1114640 2142.4
1114650 2142.4
1114660 2144.1
1114670 2142.4
1114680 2142.4
1114690 2133.5
1114700 2119.8
1114710 2119.8
1114720 2109.7
1114730 2102.8
1114740 2102.8
1114750 2096.3
1114760 2089.8
1114770 2089.8
1114780 2082.5
1114790 2076.0
1114800 2076.0
1114810 2069.7
1114820 2064.0
1114830 2064.0
1114840 2057.9
1114850 2051.0
1114860 2051.0
1114870 2043.9
1114880 2039.4
1114890 2039.4
1114900 2033.6
1114910 2028.9
1114920 2021.6
1114930 2021.6
1114940 2014.1
1114950 2007.1
1114960 2007.1
1114970 2001.2
1114980 1994.7
1114990 1994.7
1115000 1987.9
1115010 1981.5
1115020 1981.5
1115030 1975.9
1115040 1970.9
1115050 1970.9
1115060 1965.4
1115070 1959.6
1115080 1959.6
1115090 1954.5
1115100 1950.0
1115110 1950.0
1115120 1944.9
1115130 1939.9
1115140 1939.9
1115150 1934.6
1115160 1930.9
1115170 1930.9
1115180 1927.8
1115190 1925.3
1115200 1921.0
1115210 1921.0
1115220 1916.2
1115230 1913.0
1115240 1913.0
1115250 1910.9
1115260 1910.9
1115270 1910.9
1115280 1910.9
1115290 1912.1
1115300 1912.1
1115310 1913.2
1115320 1912.9
1115330 1912.9
1115340 1912.1
1115350 1911.4
1115360 1911.4
1115370 1911.0
1115380 1911.2
1115390 1911.2
1115400 1912.8
1115410 1915.9
1115420 1915.9
1115430 1919.9
1115440 1924.2
1115450 1924.2
1115460 1929.3
1115470 1935.9
1115480 1942.6
1115490 1942.6
1115500 1945.6
1115510 1948.2
1115520 1948.2
1115530 1949.4
1115540 1950.8
1115550 1950.8
1115560 1954.8
1115570 1960.5
1115580 1960.5
1115590 1966.6
1115600 1973.5
1115610 1973.5
1115620 1974.7
1115630 1978.6
1115640 1978.6
1115650 1980.2
1115660 1982.1
1115670 1982.1
1115680 1983.9
1115690 1985.7
1115700 1985.7
1115710 1987.3
1115720 1989.5
1115730 1990.9
1115740 1990.9
1115750 1989.8
1115760 1988.1
1115770 1988.1
1115780 1988.7
1115790 1990.9
1115800 1990.9
1115810 1991.8
1115820 1991.5
1115830 1991.5
1115840 1992.9
1115850 1994.6
1115860 1994.6
1115870 1996.7
1115880 1999.7
1115890 1999.7
1115900 2001.2
1115910 2001.8
1115920 2001.8
1115930 2000.6
1115940 2004.3
1115950 2004.3
1115960 2007.4
1115970 2011.6
1115980 2011.6
1115990 2016.5
1116000 2022.5
1116010 2028.6
1116020 2028.6
1116030 2034.4
1116040 2039.4
1116050 2039.4
1116060 2048.2
1116070 2061.7
1116080 2061.7
1116090 2074.6
1116100 2084.3
1116110 2084.3
1116120 2091.8
1116130 2102.9
1116140 2102.9
1116150 2121.1
1116160 2134.7
1116170 2134.7
1116180 2126.1
1116190 2112.1
1116200 2112.1
1116210 2112.9
1116220 2112.5
1116230 2112.5
1116240 2107.4
1116250 2099.3
1116260 2099.3
1116270 2089.8
1116280 2106.7
1116290 2132.5
1116300 2132.5
1116310 2150.3
1116320 2161.1
1116330 2161.1
1116340 2153.8
1116350 2160.1
1116360 2160.1
1116370 2174.7
1116380 2187.5
1116390 2187.5
1116400 2201.2
1116410 2203.7
1116420 2203.7
1116430 2203.5
1116440 2205.8
1116450 2205.8
1116460 2201.5
1116470 2197.6
1116480 2197.6
1116490 2203.8
1116500 2213.9
1116510 2213.9
1116520 2225.5
1116530 2235.9
1116540 2235.9
1116550 2245.3
1116560 2255.4
1116570 2263.4
1116580 2263.4
1116590 2268.5
1116600 2272.7
1116610 2272.7
1116620 2278.2
1116630 2290.7
1116640 2290.7
1116650 2296.2
1116660 2302.2
1116670 2302.2
1116680 2307.7
1116690 2315.1
1116700 2315.1
1116710 2320.6
1116720 2320.1
1116730 2320.1
1116740 2309.9
1116750 2310.7
1116760 2310.7
1116770 2311.4
1116780 2293.4
1116790 2293.4
1116800 2262.8
1116810 2248.1
1116820 2239.8
1116830 2239.8
1116840 2221.4
1116850 2200.2
1116860 2200.2
1116870 2194.2
1116880 2188.5
1116890 2188.5
1116900 2177.3
1116910 2167.3
1116920 2167.3
1116930 2154.0
1116940 2141.1
1116950 2141.1
1116960 2127.2
1116970 2119.9
1116980 2127.7
1116990 2127.6
1117000 2124.7
1117010 2124.7
1117020 2121.2
1117030 2124.1
1117040 2124.1
1117050 2127.9
1117060 2125.2
1117070 2125.2
1117080 2122.3
1117090 2118.6
1117100 2114.6
1117110 2114.6
1117120 2114.3
1117130 2118.7
1117140 2118.7
1117150 2112.2
1117160 2102.4
1117170 2102.4
1117180 2096.8
1117190 2084.5
1117200 2084.5
1117210 2067.6
1117220 2053.1
1117230 2053.1
1117240 2039.2
1117250 2045.5
1117260 2045.5
1117270 2050.7
1117280 2054.7
1117290 2054.7
1117300 2054.7
1117310 2056.1
1117320 2056.1
1117330 2066.5
1117340 2060.9
1117350 2060.9
1117360 2053.7
1117370 2051.8
1117380 2053.6
1117390 2053.6
1117400 2049.6
1117410 2041.4
1117420 2041.4
1117430 2035.5
1117440 2025.5
1117450 2025.5
1117460 2012.8
1117470 2003.0
1117480 2003.0
1117490 1992.8
1117500 1981.8
1117510 1981.8
1117520 1964.0
1117530 1953.0
1117540 1953.0
1117550 1945.7
1117560 1936.1
1117570 1936.1
1117580 1930.9
1117590 1925.3
1117600 1925.3
1117610 1915.3
1117620 1901.7
1117630 1901.7
1117640 1893.1
1117650 1881.3
1117660 1869.6
1117670 1875.1
1117680 1860.5
1117690 1843.9
1117700 1843.9
1117710 1833.7
1117720 1834.2
1117730 1834.2
1117740 1831.9
1117750 1825.4
1117760 1825.4
1117770 1817.1
1117780 1809.3
1117790 1809.3
1117800 1802.1
1117810 1794.7
1117820 1794.7
1117830 1786.7
1117840 1779.6
1117850 1779.6
1117860 1776.4
1117870 1776.4
1117880 1776.4
1117890 1775.9
1117900 1771.3
1117910 1768.4
1117920 1768.4
1117930 1765.2
1117940 1760.7
1117950 1760.7
1117960 1756.8
1117970 1752.9
1117980 1752.9
1117990 1749.5
1118000 1746.3
1118010 1746.3
1118020 1753.0
1118030 1752.3
1118040 1752.3
1118050 1754.4
1118060 1756.2
1118070 1756.2
1118080 1758.8
1118090 1760.1
1118100 1760.1
1118110 1757.1
1118120 1756.9
1118130 1756.9
1118140 1758.1
1118150 1759.1
1118160 1759.1
1118170 1757.8
1118180 1755.0
1118190 1752.8
1118200 1752.8
1118210 1749.0
1118220 1744.4
1118230 1744.4
1118240 1741.9
1118250 1740.9
1118260 1740.9
1118270 1742.9
1118280 1738.2
1118290 1738.2
1118300 1718.7
1118310 1708.2
1118320 1708.2
1118330 1702.9
1118340 1695.5
1118350 1695.5
1118360 1691.6
1118370 1697.0
1118380 1697.0
1118390 1698.7
1118400 1699.8
1118410 1699.8
1118420 1699.1
1118430 1692.5
1118440 1692.5
1118450 1677.8
1118460 1666.0
1118470 1663.0
1118480 1663.0
1118490 1659.6
1118500 1653.1
1118510 1653.1
1118520 1645.8
1118530 1643.4
1118540 1643.4
1118550 1642.1
1118560 1635.8
1118570 1635.8
1118580 1630.5
1118590 1621.9
1118600 1621.9
1118610 1612.3
1118620 1607.2
1118630 1607.2
1118640 1600.9
1118650 1594.0
1118660 1594.0
1118670 1587.0
1118680 1580.0
1118690 1580.0
1118700 1572.0
1118710 1564.0
1118720 1566.6
1118730 1559.2
1118740 1552.2
1118750 1544.6
1118760 1544.6
1118770 1534.6
1118780 1527.0
1118790 1527.0
1118800 1517.9
1118810 1511.0
1118820 1511.0
1118830 1503.4
1118840 1495.9
1118850 1495.9
1118860 1485.9
1118870 1475.2
1118880 1475.2
1118890 1464.4
1118900 1459.0
1118910 1459.0
1118920 1459.9
1118930 1459.8
1118940 1459.8
1118950 1461.1
1118960 1461.2
1118970 1461.2
1118980 1458.8
1118990 1456.4
1119000 1453.9
1119010 1453.9
1119020 1450.5
1119030 1448.1
1119040 1448.1
1119050 1445.5
1119060 1453.7
1119070 1453.7
1119080 1447.8
1119090 1442.9
1119100 1442.9
1119110 1438.4
1119120 1434.2
1119130 1434.2
1119140 1433.0
1119150 1436.0
1119160 1436.0
1119170 1435.6
1119180 1417.7
1119190 1417.7
1119200 1409.4
1119210 1399.9
1119220 1399.9
1119230 1396.6
1119240 1392.8
1119250 1392.8
1119260 1387.9
1119270 1382.6
1119280 1376.9
1119290 1376.9
1119300 1370.6
1119310 1364.2
1119320 1364.2
1119330 1358.7
1119340 1353.4
1119350 1353.4
1119360 1348.3
1119370 1343.3
1119380 1343.3
1119390 1338.1
1119400 1333.8
1119410 1337.9
1119420 1332.4
1119430 1326.9
1119440 1326.9
1119450 1321.3
1119460 1315.9
1119470 1315.9
1119480 1310.8
1119490 1305.8
1119500 1305.8
1119510 1300.4
1119520 1295.0
1119530 1295.0
1119540 1289.9
1119550 1284.5
1119560 1279.1
1119570 1279.1
1119580 1274.6
1119590 1270.3
1119600 1270.3
1119610 1266.8
1119620 1264.0
1119630 1264.0
1119640 1260.5
1119650 1256.8
1119660 1256.8
1119670 1252.8
1119680 1248.1
1119690 1248.1
1119700 1243.2
1119710 1237.7
1119720 1237.7
1119730 1229.8
1119740 1220.4
1119750 1220.4
1119760 1212.7
1119770 1202.9
1119780 1202.9
1119790 1199.4
1119800 1204.4
1119810 1204.4
1119820 1209.5
1119830 1212.1
1119840 1217.8
1119850 1217.8
1119860 1224.9
1119870 1229.1
1119880 1229.1
1119890 1223.3
1119900 1203.1
1119910 1203.1
1119920 1187.7
1119930 1173.2
1119940 1173.2
1119950 1156.5
1119960 1142.7
1119970 1142.7
1119980 1127.8
1119990 1115.9
