1100000 1443.9
1100010 1443.9
1100020 1443.7
1100030 1442.9
1100040 1442.9
1100050 1441.7
1100060 1441.0
1100070 1441.0
1100080 1439.9
1100090 1439.6
1100100 1439.6
1100110 1438.6
1100120 1435.8
1100130 1435.8
1100140 1434.2
1100150 1427.7
1100160 1427.7
1100170 1425.3
1100180 1421.6
1100190 1420.5
1100200 1420.5
1100210 1419.3
1100220 1417.2
1100230 1417.2
1100240 1414.7
1100250 1414.2
1100260 1414.2
1100270 1411.5
1100280 1408.6
1100290 1408.6
1100300 1407.4
1100310 1405.7
1100320 1405.7
1100330 1404.1
1100340 1402.0
1100350 1402.0
1100360 1401.7
1100370 1400.6
1100380 1400.6
1100390 1399.9
1100400 1399.1
1100410 1399.1
1100420 1396.2
1100430 1395.5
1100440 1395.5
1100450 1395.1
1100460 1396.6
1100470 1398.3
1100480 1398.3
1100490 1390.9
1100500 1390.4
1100510 1390.4
1100520 1388.3
1100530 1390.2
1100540 1390.2
1100550 1390.3
1100560 1383.1
1100570 1383.1
1100580 1385.2
1100590 1390.4
1100600 1390.4
1100610 1395.8
1100620 1397.2
1100630 1397.2
1100640 1398.1
1100650 1399.1
1100660 1399.1
1100670 1399.2
1100680 1398.5
1100690 1398.5
1100700 1397.4
1100710 1396.5
1100720 1396.5
1100730 1394.7
1100740 1392.2
1100750 1390.9
1100760 1390.9
1100770 1389.6
1100780 1387.8
1100790 1387.8
1100800 1385.8
1100810 1382.8
1100820 1383.0
1100830 1380.8
1100840 1377.4
1100850 1377.4
1100860 1374.8
1100870 1374.1
1100880 1374.1
1100890 1375.0
1100900 1376.4
1100910 1376.4
1100920 1376.8
1100930 1376.9
1100940 1376.9
1100950 1376.9
1100960 1377.0
1100970 1377.0
1100980 1377.0
1100990 1377.1
1101000 1377.1
1101010 1377.2
1101020 1377.3
1101030 1376.9
1101040 1376.9
1101050 1374.9
1101060 1374.1
1101070 1374.1
1101080 1373.2
1101090 1371.9
1101100 1371.9
1101110 1371.3
1101120 1371.5
1101130 1371.5
1101140 1371.4
1101150 1369.6
1101160 1369.6
1101170 1369.0
1101180 1368.0
1101190 1368.0
1101200 1366.8
1101210 1365.7
1101220 1365.7
1101230 1364.9
1101240 1364.0
1101250 1364.0
1101260 1362.9
1101270 1362.2
1101280 1362.2
1101290 1361.8
1101300 1361.3
1101310 1360.6
1101320 1360.6
1101330 1358.9
1101340 1356.8
1101350 1356.8
1101360 1354.7
1101370 1352.6
1101380 1352.6
1101390 1350.5
1101400 1348.7
1101410 1348.7
1101420 1348.6
1101430 1349.7
1101440 1349.7
1101450 1350.6
1101460 1349.9
1101470 1349.9
1101480 1344.8
1101490 1344.4
1101500 1344.4
1101510 1343.0
1101520 1341.8
1101530 1341.8
1101540 1339.4
1101550 1336.5
1101560 1334.4
1101570 1334.4
1101580 1333.2
1101590 1327.0
1101600 1327.0
1101610 1322.7
1101620 1319.8
1101630 1319.8
1101640 1317.6
1101650 1315.2
1101660 1315.2
1101670 1314.6
1101680 1316.2
1101690 1316.2
1101700 1321.4
1101710 1324.1
1101720 1324.1
1101730 1324.1
1101740 1319.9
1101750 1319.9
1101760 1317.7
1101770 1317.1
1101780 1317.1
1101790 1316.6
1101800 1316.8
1101810 1324.5
1101820 1324.7
1101830 1319.9
1101840 1316.1
1101850 1316.1
1101860 1313.7
1101870 1312.1
1101880 1312.1
1101890 1312.1
1101900 1311.9
1101910 1311.9
1101920 1309.1
1101930 1309.7
1101940 1309.7
1101950 1310.8
1101960 1312.8
1101970 1312.8
1101980 1313.3
1101990 1314.6
1102000 1314.6
1102010 1315.4
1102020 1316.2
1102030 1316.2
1102040 1311.5
1102050 1306.0
1102060 1306.0
1102070 1303.8
1102080 1301.1
1102090 1301.1
1102100 1303.1
1102110 1303.4
1102120 1305.4
1102130 1305.4
1102140 1311.5
1102150 1318.3
1102160 1318.3
1102170 1318.9
1102180 1320.0
1102190 1320.0
1102200 1321.5
1102210 1323.5
1102220 1323.5
1102230 1325.4
1102240 1327.3
1102250 1327.3
1102260 1327.0
1102270 1326.9
1102280 1326.9
1102290 1326.8
1102300 1326.8
1102310 1326.8
1102320 1327.4
1102330 1327.2
1102340 1327.2
1102350 1325.6
1102360 1324.6
1102370 1324.6
1102380 1324.0
1102390 1323.7
1102400 1323.6
1102410 1323.6
1102420 1323.9
1102430 1324.8
1102440 1324.8
1102450 1325.9
1102460 1327.0
1102470 1327.0
1102480 1329.2
1102490 1329.9
1102500 1329.9
1102510 1331.2
1102520 1332.1
1102530 1332.1
1102540 1333.4
1102550 1334.9
1102560 1334.9
1102570 1336.5
1102580 1337.9
1102590 1337.9
1102600 1339.0
1102610 1340.4
1102620 1340.4
1102630 1342.0
1102640 1343.8
1102650 1343.8
1102660 1345.2
1102670 1345.7
1102680 1345.7
1102690 1345.7
1102700 1345.0
1102710 1344.2
1102720 1344.2
1102730 1344.1
1102740 1344.0
1102750 1344.0
1102760 1343.4
1102770 1342.8
1102780 1342.8
1102790 1340.9
1102800 1338.7
1102810 1338.3
1102820 1336.1
1102830 1333.1
1102840 1333.1
1102850 1330.1
1102860 1328.2
1102870 1328.2
1102880 1327.9
1102890 1328.1
1102900 1328.1
1102910 1326.9
1102920 1324.3
1102930 1324.3
1102940 1321.2
1102950 1318.8
1102960 1316.5
1102970 1316.5
1102980 1314.4
1102990 1312.6
1103000 1312.6
1103010 1311.5
1103020 1311.1
1103030 1311.1
1103040 1311.3
1103050 1312.7
1103060 1312.7
1103070 1313.0
1103080 1313.6
1103090 1313.6
1103100 1315.1
1103110 1316.1
1103120 1316.1
1103130 1317.3
1103140 1319.4
1103150 1322.9
1103160 1324.1
1103170 1324.9
1103180 1324.9
1103190 1325.9
1103200 1327.0
1103210 1327.0
1103220 1327.4
1103230 1328.4
1103240 1329.0
1103250 1329.0
1103260 1328.6
1103270 1327.6
1103280 1327.6
1103290 1329.5
1103300 1333.5
1103310 1333.5
1103320 1334.3
1103330 1333.8
1103340 1333.8
1103350 1332.6
1103360 1332.2
1103370 1332.2
1103380 1332.9
1103390 1335.0
1103400 1335.0
1103410 1336.0
1103420 1337.1
1103430 1337.1
1103440 1339.1
1103450 1341.0
1103460 1341.0
1103470 1342.7
1103480 1347.8
1103490 1350.0
1103500 1350.0
1103510 1351.2
1103520 1351.7
1103530 1351.7
1103540 1351.8
1103550 1352.6
1103560 1352.6
1103570 1355.2
1103580 1356.7
1103590 1356.7
1103600 1356.8
1103610 1356.4
1103620 1356.4
1103630 1355.7
1103640 1353.1
1103650 1353.1
1103660 1359.0
1103670 1365.1
1103680 1365.1
1103690 1367.7
1103700 1370.3
1103710 1370.3
1103720 1372.0
1103730 1373.1
1103740 1373.1
1103750 1374.4
1103760 1375.3
1103770 1375.4
1103780 1375.4
1103790 1375.2
1103800 1374.9
1103810 1374.9
1103820 1379.2
1103830 1380.1
1103840 1380.1
1103850 1381.8
1103860 1382.2
1103870 1382.2
1103880 1382.3
1103890 1383.4
1103900 1383.4
1103910 1385.7
1103920 1386.5
1103930 1386.5
1103940 1388.6
1103950 1393.7
1103960 1393.7
1103970 1397.4
1103980 1400.2
1103990 1400.2
1104000 1401.3
1104010 1402.0
1104020 1402.0
1104030 1405.5
1104040 1408.4
1104050 1410.9
1104060 1410.9
1104070 1412.8
1104080 1414.0
1104090 1414.0
1104100 1414.6
1104110 1414.4
1104120 1414.4
1104130 1414.0
1104140 1413.2
1104150 1421.2
1104160 1417.8
1104170 1403.4
1104180 1403.4
1104190 1389.6
1104200 1391.9
1104210 1391.9
1104220 1410.6
1104230 1421.4
1104240 1421.4
1104250 1432.3
1104260 1444.1
1104270 1444.1
1104280 1449.5
1104290 1453.1
1104300 1453.1
1104310 1456.3
1104320 1458.6
1104330 1459.8
1104340 1459.8
1104350 1460.9
1104360 1462.7
1104370 1462.7
1104380 1466.4
1104390 1467.6
1104400 1467.6
1104410 1471.5
1104420 1478.5
1104430 1478.5
1104440 1484.2
1104450 1488.4
1104460 1488.4
1104470 1492.1
1104480 1500.7
1104490 1500.7
1104500 1504.0
1104510 1507.1
1104520 1507.1
1104530 1508.9
1104540 1513.5
1104550 1513.5
1104560 1517.1
1104570 1521.2
1104580 1521.2
1104590 1523.4
1104600 1527.5
1104610 1532.1
1104620 1532.1
1104630 1537.2
1104640 1542.8
1104650 1542.8
1104660 1547.2
1104670 1551.6
1104680 1551.6
1104690 1558.3
1104700 1564.5
1104710 1564.5
1104720 1568.6
1104730 1572.5
1104740 1572.5
1104750 1576.7
1104760 1580.1
1104770 1580.1
1104780 1583.1
1104790 1584.7
1104800 1584.7
1104810 1586.4
1104820 1596.0
1104830 1596.0
1104840 1595.8
1104850 1595.6
1104860 1595.6
1104870 1595.8
1104880 1595.8
1104890 1596.0
1104900 1596.0
1104910 1596.1
1104920 1595.0
1104930 1595.0
1104940 1592.3
1104950 1590.5
1104960 1590.5
1104970 1593.9
1104980 1597.5
1104990 1597.5
1105000 1601.0
1105010 1605.3
1105020 1605.3
1105030 1609.5
1105040 1612.4
1105050 1612.4
1105060 1615.2
1105070 1618.1
1105080 1618.1
1105090 1621.0
1105100 1624.4
1105110 1624.4
1105120 1627.4
1105130 1628.9
1105140 1628.9
1105150 1633.5
1105160 1644.8
1105170 1649.3
1105180 1649.3
1105190 1652.9
1105200 1658.1
1105210 1658.1
1105220 1663.1
1105230 1667.4
1105240 1667.4
1105250 1671.5
1105260 1675.6
1105270 1675.6
1105280 1679.2
1105290 1682.9
1105300 1682.9
1105310 1685.6
1105320 1686.4
1105330 1686.4
1105340 1690.9
1105350 1698.6
1105360 1698.6
1105370 1706.6
1105380 1713.8
1105390 1713.8
1105400 1720.3
1105410 1726.8
1105420 1733.8
1105430 1733.8
1105440 1740.7
1105450 1747.4
1105460 1747.4
1105470 1753.5
1105480 1759.3
1105490 1763.5
1105500 1769.7
1105510 1774.9
1105520 1774.9
1105530 1779.7
1105540 1784.3
1105550 1784.3
1105560 1788.6
1105570 1792.5
1105580 1792.5
1105590 1795.8
1105600 1798.4
1105610 1798.4
1105620 1800.7
1105630 1803.5
1105640 1803.5
1105650 1807.9
1105660 1812.7
1105670 1812.7
1105680 1816.6
1105690 1822.2
1105700 1829.4
1105710 1829.4
1105720 1837.3
1105730 1844.6
1105740 1844.6
1105750 1851.3
1105760 1856.3
1105770 1856.3
1105780 1856.8
1105790 1851.5
1105800 1851.5
1105810 1843.8
1105820 1835.5
1105830 1828.9
1105840 1820.2
1105850 1811.8
1105860 1811.8
1105870 1805.2
1105880 1797.6
1105890 1797.6
1105900 1791.3
1105910 1784.3
1105920 1784.3
1105930 1778.2
1105940 1772.3
1105950 1772.3
1105960 1767.4
1105970 1763.0
1105980 1757.6
1105990 1757.6
1106000 1752.3
1106010 1747.2
1106020 1747.2
1106030 1742.5
1106040 1738.2
1106050 1738.2
1106060 1733.2
1106070 1728.8
1106080 1728.8
1106090 1724.4
1106100 1720.0
1106110 1720.0
1106120 1717.3
1106130 1713.4
1106140 1713.4
1106150 1709.8
1106160 1702.3
1106170 1702.3
1106180 1698.7
1106190 1694.8
1106200 1694.8
1106210 1690.8
1106220 1686.5
1106230 1686.5
1106240 1681.7
1106250 1677.0
1106260 1672.1
1106270 1672.1
1106280 1667.3
1106290 1661.9
1106300 1661.9
1106310 1655.8
1106320 1650.0
1106330 1650.0
1106340 1644.5
1106350 1639.4
1106360 1639.4
1106370 1634.4
1106380 1629.5
1106390 1629.5
1106400 1624.1
1106410 1618.3
1106420 1618.3
1106430 1612.5
1106440 1607.0
1106450 1607.0
1106460 1601.2
1106470 1595.3
1106480 1595.3
1106490 1589.1
1106500 1577.1
1106510 1577.1
1106520 1570.6
1106530 1563.8
1106540 1557.1
1106550 1557.1
1106560 1550.0
1106570 1543.0
1106580 1543.0
1106590 1536.0
1106600 1528.7
1106610 1528.7
1106620 1521.4
1106630 1515.2
1106640 1515.2
1106650 1509.7
1106660 1503.1
1106670 1503.1
1106680 1496.7
1106690 1489.7
1106700 1489.7
1106710 1482.2
1106720 1475.5
1106730 1475.5
1106740 1467.9
1106750 1460.9
1106760 1460.9
1106770 1453.4
1106780 1446.0
1106790 1446.0
1106800 1438.9
1106810 1431.7
1106820 1421.5
1106830 1421.5
1106840 1405.3
1106850 1398.0
1106860 1398.0
1106870 1389.3
1106880 1380.3
1106890 1380.3
1106900 1373.4
1106910 1366.6
1106920 1366.6
1106930 1361.5
1106940 1355.3
1106950 1355.3
1106960 1351.6
1106970 1347.8
1106980 1347.8
1106990 1341.4
1107000 1336.3
1107010 1336.3
1107020 1337.1
1107030 1342.0
1107040 1342.0
1107050 1344.8
1107060 1346.3
1107070 1346.3
1107080 1346.1
1107090 1344.7
1107100 1339.8
1107110 1339.8
1107120 1336.5
1107130 1332.5
1107140 1332.5
1107150 1326.3
1107160 1322.4
1107170 1326.5
1107180 1323.0
1107190 1323.0
1107200 1323.0
1107210 1322.5
1107220 1326.2
1107230 1326.2
1107240 1331.5
1107250 1333.3
1107260 1333.3
1107270 1335.4
1107280 1337.6
1107290 1337.6
1107300 1338.9
1107310 1339.7
1107320 1339.7
1107330 1340.5
1107340 1341.1
1107350 1341.7
1107360 1341.7
1107370 1342.3
1107380 1344.6
1107390 1344.6
1107400 1346.1
1107410 1345.6
1107420 1345.6
1107430 1348.6
1107440 1354.5
1107450 1354.5
1107460 1361.0
1107470 1367.6
1107480 1367.6
1107490 1373.9
1107500 1381.3
1107510 1382.1
1107520 1386.5
1107530 1393.4
1107540 1393.4
1107550 1399.8
1107560 1405.4
1107570 1405.4
1107580 1412.0
1107590 1419.8
1107600 1419.8
1107610 1427.9
1107620 1435.6
1107630 1442.9
1107640 1442.9
1107650 1449.4
1107660 1454.7
1107670 1454.7
1107680 1458.4
1107690 1462.0
1107700 1462.0
1107710 1467.6
1107720 1473.5
1107730 1473.5
1107740 1481.7
1107750 1490.5
1107760 1490.5
1107770 1497.4
1107780 1504.2
1107790 1504.2
1107800 1510.2
1107810 1517.4
1107820 1517.4
1107830 1524.0
1107840 1529.5
1107850 1526.3
1107860 1532.3
1107870 1537.4
1107880 1537.4
1107890 1541.2
1107900 1545.1
1107910 1550.6
1107920 1550.6
1107930 1555.3
1107940 1560.7
1107950 1560.7
1107960 1566.5
1107970 1571.6
1107980 1571.6
1107990 1577.7
1108000 1583.1
1108010 1583.1
1108020 1587.5
1108030 1586.6
1108040 1586.6
1108050 1582.0
1108060 1580.1
1108070 1580.1
1108080 1581.8
1108090 1585.0
1108100 1585.0
1108110 1589.7
1108120 1595.7
1108130 1595.7
1108140 1602.0
1108150 1608.5
1108160 1608.5
1108170 1613.8
1108180 1617.4
1108190 1610.2
1108200 1610.2
1108210 1608.7
1108220 1608.1
1108230 1608.1
1108240 1609.6
1108250 1613.9
1108260 1613.9
1108270 1620.2
1108280 1622.8
1108290 1622.8
1108300 1620.4
1108310 1620.9
1108320 1620.9
1108330 1628.3
1108340 1634.0
1108350 1634.0
1108360 1637.0
1108370 1640.2
1108380 1640.2
1108390 1644.1
1108400 1645.7
1108410 1645.7
1108420 1645.8
1108430 1648.3
1108440 1648.3
1108450 1651.2
1108460 1652.8
1108470 1657.0
1108480 1657.0
1108490 1664.0
1108500 1671.9
1108510 1671.9
1108520 1680.0
1108530 1689.0
1108540 1689.0
1108550 1697.3
1108560 1707.7
1108570 1707.7
1108580 1714.0
1108590 1716.2
1108600 1716.2
1108610 1717.8
1108620 1722.4
1108630 1722.4
1108640 1730.3
1108650 1738.0
1108660 1738.0
1108670 1744.2
1108680 1750.1
1108690 1750.1
1108700 1753.8
1108710 1758.3
1108720 1758.3
1108730 1762.7
1108740 1767.6
1108750 1772.3
1108760 1772.3
1108770 1778.1
1108780 1784.6
1108790 1784.6
1108800 1791.5
1108810 1798.2
1108820 1798.2
1108830 1804.7
1108840 1811.4
1108850 1811.4
1108860 1819.7
1108870 1826.6
1108880 1826.6
1108890 1834.1
1108900 1841.1
1108910 1841.1
1108920 1847.4
1108930 1852.0
1108940 1852.0
1108950 1856.5
1108960 1860.2
1108970 1860.2
1108980 1864.4
1108990 1873.2
1109000 1875.2
1109010 1875.2
1109020 1876.3
1109030 1879.6
1109040 1879.6
1109050 1882.6
1109060 1889.4
1109070 1889.4
1109080 1898.4
1109090 1902.7
1109100 1902.7
1109110 1910.3
1109120 1919.4
1109130 1919.4
1109140 1925.7
1109150 1931.0
1109160 1931.0
1109170 1938.0
1109180 1946.0
1109190 1946.0
1109200 1949.7
1109210 1956.9
1109220 1956.9
1109230 1963.5
1109240 1970.1
1109250 1970.1
1109260 1976.1
1109270 1981.4
1109280 1985.5
1109290 1985.5
1109300 1989.2
1109310 1992.4
1109320 1992.4
1109330 1995.1
1109340 1996.8
1109350 1996.8
1109360 1996.4
1109370 1998.3
1109380 1998.3
1109390 1998.9
1109400 1995.7
1109410 1995.7
1109420 1998.1
1109430 2004.9
1109440 2004.9
1109450 2007.5
1109460 2008.6
1109470 2008.6
1109480 2007.5
1109490 2004.0
1109500 2004.0
1109510 1994.9
1109520 1986.3
1109530 1986.3
1109540 1981.3
1109550 1972.9
1109560 1965.4
1109570 1965.4
1109580 1959.5
1109590 1953.7
1109600 1953.7
1109610 1949.1
1109620 1945.0
1109630 1945.0
1109640 1939.4
1109650 1933.6
1109660 1933.6
1109670 1929.3
1109680 1926.0
1109690 1926.0
1109700 1922.9
1109710 1920.1
1109720 1920.1
1109730 1918.3
1109740 1918.5
1109750 1918.5
1109760 1918.1
1109770 1917.4
1109780 1917.4
1109790 1915.1
1109800 1912.9
1109810 1912.9
1109820 1911.7
1109830 1910.0
1109840 1907.6
1109850 1907.6
1109860 1905.8
1109870 1904.7
1109880 1913.8
1109890 1912.0
1109900 1913.2
1109910 1913.2
1109920 1914.3
1109930 1910.3
1109940 1910.3
1109950 1908.3
1109960 1907.4
1109970 1907.4
1109980 1931.9
1109990 1961.3
1110000 1961.3
1110010 1967.8
1110020 1977.4
1110030 1977.4
1110040 1959.9
1110050 1953.2
1110060 1953.2
1110070 1983.5
1110080 1983.1
1110090 1983.1
1110100 1971.9
1110110 1944.5
1110120 1913.3
1110130 1913.3
1110140 1885.8
1110150 1875.3
1110160 1875.3
1110170 1877.4
1110180 1880.6
1110190 1880.6
1110200 1876.3
1110210 1877.0
1110220 1905.9
1110230 1904.1
1110240 1899.7
1110250 1899.7
1110260 1897.0
1110270 1894.3
1110280 1894.3
1110290 1891.6
1110300 1889.0
1110310 1889.0
1110320 1889.6
1110330 1882.8
1110340 1882.8
1110350 1876.8
1110360 1882.6
1110370 1882.6
1110380 1887.9
1110390 1891.7
1110400 1892.6
1110410 1892.6
1110420 1893.5
1110430 1899.4
1110440 1899.4
1110450 1906.9
1110460 1909.7
1110470 1909.7
1110480 1906.0
1110490 1901.6
1110500 1901.6
1110510 1901.4
1110520 1888.8
1110530 1888.8
1110540 1883.7
1110550 1881.8
1110560 1874.2
1110570 1871.9
1110580 1869.8
1110590 1869.8
1110600 1867.2
1110610 1862.8
1110620 1862.8
1110630 1858.2
1110640 1854.1
1110650 1850.3
1110660 1850.3
1110670 1845.8
1110680 1841.7
1110690 1841.7
1110700 1837.9
1110710 1834.2
1110720 1834.2
1110730 1830.9
1110740 1827.4
1110750 1827.4
1110760 1823.2
1110770 1819.7
1110780 1819.7
1110790 1815.8
1110800 1806.9
1110810 1806.9
1110820 1799.4
1110830 1785.0
1110840 1785.0
1110850 1778.6
1110860 1774.0
1110870 1774.0
1110880 1771.1
1110890 1763.5
1110900 1763.5
1110910 1761.7
1110920 1743.5
1110930 1743.9
1110940 1743.9
1110950 1739.6
1110960 1731.5
1110970 1731.5
1110980 1720.7
1110990 1706.7
1111000 1706.7
1111010 1687.1
1111020 1662.6
1111030 1662.6
1111040 1640.9
1111050 1624.4
1111060 1624.4
1111070 1622.0
1111080 1616.1
1111090 1616.1
1111100 1614.2
1111110 1604.5
1111120 1604.5
1111130 1588.0
1111140 1578.2
1111150 1578.2
1111160 1570.9
1111170 1563.4
1111180 1563.4
1111190 1556.3
1111200 1549.1
1111210 1542.6
1111220 1542.6
1111230 1536.3
1111240 1530.2
1111250 1529.0
1111260 1523.2
1111270 1517.4
1111280 1517.4
1111290 1511.4
1111300 1505.5
1111310 1505.5
1111320 1499.8
1111330 1494.0
1111340 1494.0
1111350 1488.3
1111360 1482.4
1111370 1482.4
1111380 1477.1
1111390 1471.9
1111400 1471.9
1111410 1466.6
1111420 1462.1
1111430 1462.1
1111440 1457.0
1111450 1452.5
1111460 1452.5
1111470 1447.8
1111480 1442.5
1111490 1434.3
1111500 1434.3
1111510 1427.9
1111520 1424.4
1111530 1424.4
1111540 1422.6
1111550 1420.7
1111560 1420.7
1111570 1422.4
1111580 1428.7
1111590 1435.1
1111600 1440.1
1111610 1443.9
1111620 1443.9
1111630 1441.0
1111640 1436.5
1111650 1436.5
1111660 1433.9
1111670 1439.1
1111680 1439.1
1111690 1446.3
1111700 1450.8
1111710 1450.8
1111720 1453.3
1111730 1452.7
1111740 1452.7
1111750 1448.3
1111760 1444.9
1111770 1442.7
1111780 1442.7
1111790 1446.1
1111800 1451.3
1111810 1451.3
1111820 1455.0
1111830 1460.3
1111840 1460.3
1111850 1466.3
1111860 1472.4
1111870 1472.4
1111880 1480.4
1111890 1493.6
1111900 1493.6
1111910 1505.3
1111920 1513.6
1111930 1516.1
1111940 1523.9
1111950 1533.3
1111960 1533.3
1111970 1543.2
1111980 1551.2
1111990 1551.2
1112000 1560.8
1112010 1568.3
1112020 1583.8
1112030 1583.8
1112040 1601.0
1112050 1608.1
1112060 1608.1
1112070 1620.9
1112080 1638.8
1112090 1638.8
1112100 1653.1
1112110 1662.7
1112120 1662.7
1112130 1667.6
1112140 1667.7
1112150 1667.7
1112160 1675.9
1112170 1684.2
1112180 1684.2
1112190 1693.2
1112200 1698.9
1112210 1698.9
1112220 1703.1
1112230 1703.4
1112240 1703.4
1112250 1709.0
1112260 1719.0
1112270 1725.4
1112280 1729.1
1112290 1733.4
1112300 1738.6
1112310 1738.6
1112320 1742.8
1112330 1746.5
1112340 1746.5
1112350 1750.8
1112360 1755.4
1112370 1755.4
1112380 1760.3
1112390 1766.2
1112400 1766.2
1112410 1772.8
1112420 1779.4
1112430 1779.4
1112440 1784.9
1112450 1790.4
1112460 1790.4
1112470 1795.5
1112480 1801.3
1112490 1801.3
1112500 1807.6
1112510 1813.6
1112520 1813.6
1112530 1820.0
1112540 1826.4
1112550 1826.4
1112560 1832.6
1112570 1839.4
1112580 1846.2
1112590 1846.2
1112600 1852.8
1112610 1856.7
1112620 1856.7
1112630 1863.1
1112640 1869.7
1112650 1869.7
1112660 1876.8
1112670 1884.5
1112680 1884.5
1112690 1892.3
1112700 1900.2
1112710 1900.2
1112720 1908.1
1112730 1916.1
1112740 1916.1
1112750 1924.1
1112760 1931.0
1112770 1931.0
1112780 1937.5
1112790 1944.0
1112800 1944.0
1112810 1950.8
1112820 1957.4
1112830 1957.4
1112840 1963.9
1112850 1970.1
1112860 1976.4
1112870 1976.4
1112880 1983.1
1112890 1989.8
1112900 1989.8
1112910 1996.1
1112920 2002.3
1112930 2002.3
1112940 2008.6
1112950 2015.0
1112960 2013.4
1112970 2019.2
1112980 2024.5
1112990 2024.5
1113000 2029.6
1113010 2034.7
1113020 2034.7
1113030 2040.2
1113040 2046.4
1113050 2046.4
1113060 2053.8
1113070 2062.0
1113080 2062.0
1113090 2069.6
1113100 2076.4
1113110 2076.4
1113120 2082.8
1113130 2088.9
1113140 2095.0
1113150 2095.0
1113160 2101.2
1113170 2107.4
1113180 2107.4
1113190 2113.5
1113200 2119.6
1113210 2119.6
1113220 2125.6
1113230 2130.9
1113240 2130.9
1113250 2135.1
1113260 2135.4
1113270 2135.4
1113280 2124.0
1113290 2100.2
1113300 2102.9
1113310 2074.2
1113320 2048.0
1113330 2048.0
1113340 2034.4
1113350 2028.3
1113360 2028.3
1113370 2020.5
1113380 2013.2
1113390 2013.2
1113400 2006.7
1113410 2000.3
1113420 1994.3
1113430 1994.3
1113440 1988.7
1113450 1983.3
1113460 1983.3
1113470 1978.0
1113480 1973.2
1113490 1973.2
1113500 1969.3
1113510 1964.9
1113520 1964.9
1113530 1960.1
1113540 1955.0
1113550 1955.0
1113560 1950.1
1113570 1945.9
1113580 1945.9
1113590 1939.5
1113600 1936.2
1113610 1936.2
1113620 1933.9
1113630 1928.7
1113640 1918.9
1113650 1911.7
1113660 1907.3
1113670 1904.9
1113680 1904.9
1113690 1901.6
1113700 1898.6
1113710 1898.6
1113720 1896.9
1113730 1895.5
1113740 1895.5
1113750 1893.4
1113760 1891.0
1113770 1891.0
1113780 1887.2
1113790 1883.2
1113800 1883.2
1113810 1880.2
1113820 1877.5
1113830 1877.5
1113840 1875.3
1113850 1872.5
1113860 1872.5
1113870 1868.8
1113880 1865.4
1113890 1865.4
1113900 1862.9
1113910 1859.1
1113920 1859.1
1113930 1854.7
1113940 1850.0
1113950 1845.4
1113960 1845.4
1113970 1843.2
1113980 1844.2
1113990 1838.6
1114000 1839.3
1114010 1839.5
1114020 1839.5
1114030 1839.3
1114040 1836.8
1114050 1836.8
1114060 1832.3
1114070 1826.9
1114080 1826.9
1114090 1820.6
1114100 1815.0
1114110 1815.0
1114120 1811.8
1114130 1808.9
1114140 1808.9
1114150 1803.9
1114160 1797.6
1114170 1797.6
1114180 1791.1
1114190 1784.0
1114200 1784.0
1114210 1775.9
1114220 1767.8
1114230 1760.1
1114240 1760.1
1114250 1752.3
1114260 1740.9
1114270 1740.9
1114280 1724.9
1114290 1712.5
1114300 1712.5
1114310 1705.9
1114320 1700.1
1114330 1702.4
1114340 1695.9
1114350 1689.2
1114360 1689.2
1114370 1683.7
1114380 1677.2
1114390 1677.2
1114400 1670.7
1114410 1664.4
1114420 1664.4
1114430 1657.5
1114440 1651.0
1114450 1651.0
1114460 1646.0
1114470 1643.3
1114480 1643.3
1114490 1640.1
1114500 1638.6
1114510 1638.0
1114520 1638.0
1114530 1637.3
1114540 1636.4
1114550 1636.4
1114560 1636.3
1114570 1636.0
1114580 1636.0
1114590 1636.7
1114600 1637.9
1114610 1637.9
1114620 1638.8
1114630 1638.9
1114640 1638.9
1114650 1638.2
1114660 1637.3
1114670 1641.7
1114680 1639.3
1114690 1633.2
1114700 1633.2
1114710 1627.4
1114720 1620.9
1114730 1620.9
1114740 1617.2
1114750 1613.3
1114760 1613.3
1114770 1607.5
1114780 1601.0
1114790 1596.0
1114800 1596.0
1114810 1590.5
1114820 1584.0
1114830 1584.0
1114840 1577.9
1114850 1573.5
1114860 1573.5
1114870 1569.4
1114880 1565.9
1114890 1565.9
1114900 1562.4
1114910 1559.1
1114920 1559.1
1114930 1556.5
1114940 1553.7
1114950 1553.7
1114960 1551.8
1114970 1550.9
1114980 1550.9
1114990 1549.9
1115000 1548.6
1115010 1548.6
1115020 1553.1
1115030 1550.2
1115040 1550.2
1115050 1544.7
1115060 1538.6
1115070 1535.7
1115080 1535.7
1115090 1533.4
1115100 1531.3
1115110 1531.3
1115120 1532.4
1115130 1534.7
1115140 1534.7
1115150 1535.6
1115160 1537.1
1115170 1537.1
1115180 1541.4
1115190 1547.4
1115200 1547.4
1115210 1548.2
1115220 1544.2
1115230 1544.2
1115240 1547.2
1115250 1550.0
1115260 1550.0
1115270 1550.8
1115280 1550.7
1115290 1550.7
1115300 1552.9
1115310 1554.2
1115320 1555.6
1115330 1555.6
1115340 1556.5
1115350 1559.6
1115360 1566.3
1115370 1568.5
1115380 1570.6
1115390 1570.6
1115400 1571.3
1115410 1575.9
1115420 1575.9
1115430 1580.4
1115440 1583.9
1115450 1583.9
1115460 1585.9
1115470 1588.7
1115480 1588.7
1115490 1592.5
1115500 1601.5
1115510 1601.5
1115520 1629.5
1115530 1638.2
1115540 1638.2
1115550 1644.2
1115560 1650.9
1115570 1650.9
1115580 1672.7
1115590 1688.4
1115600 1705.7
1115610 1705.7
1115620 1709.8
1115630 1716.3
1115640 1716.3
1115650 1726.2
1115660 1733.9
1115670 1733.9
1115680 1740.1
1115690 1745.0
1115700 1745.0
1115710 1754.5
1115720 1760.8
1115730 1760.8
1115740 1766.5
1115750 1772.0
1115760 1772.0
1115770 1777.7
1115780 1784.2
1115790 1784.2
1115800 1790.8
1115810 1799.1
1115820 1799.1
1115830 1813.9
1115840 1819.4
1115850 1819.4
1115860 1819.6
1115870 1825.2
1115880 1835.6
1115890 1835.6
1115900 1844.0
1115910 1851.9
1115920 1851.9
1115930 1859.3
1115940 1868.5
1115950 1868.5
1115960 1881.6
1115970 1886.5
1115980 1886.5
1115990 1889.6
1116000 1894.9
1116010 1894.9
1116020 1899.2
1116030 1905.9
1116040 1905.9
1116050 1915.5
1116060 1926.1
1116070 1926.1
1116080 1936.3
1116090 1946.5
1116100 1946.5
1116110 1960.3
1116120 1972.4
1116130 1972.4
1116140 1977.3
1116150 1985.0
1116160 1993.1
1116170 1993.1
1116180 2002.2
1116190 2013.5
1116200 2013.5
1116210 2027.6
1116220 2037.8
1116230 2037.8
1116240 2045.5
1116250 2051.9
1116260 2051.9
1116270 2058.4
1116280 2065.1
1116290 2065.1
1116300 2064.0
1116310 2064.1
1116320 2064.1
1116330 2068.9
1116340 2072.8
1116350 2072.8
1116360 2076.6
1116370 2078.6
1116380 2078.6
1116390 2074.2
1116400 2084.4
1116410 2084.4
1116420 2088.1
1116430 2091.1
1116440 2096.4
1116450 2096.4
1116460 2101.6
1116470 2114.2
1116480 2114.2
1116490 2120.0
1116500 2123.2
1116510 2123.2
1116520 2126.5
1116530 2131.2
1116540 2131.2
1116550 2132.9
1116560 2124.1
1116570 2124.1
1116580 2118.9
1116590 2121.3
1116600 2121.3
1116610 2122.4
1116620 2126.5
1116630 2126.5
1116640 2124.4
1116650 2115.9
1116660 2115.9
1116670 2108.6
1116680 2091.1
1116690 2083.1
1116700 2083.1
1116710 2078.3
1116720 2075.0
1116730 2075.0
1116740 2065.5
1116750 2062.5
1116760 2062.5
1116770 2059.1
1116780 2056.8
1116790 2056.8
1116800 2055.0
1116810 2053.2
1116820 2053.2
1116830 2045.2
1116840 2020.5
1116850 2020.5
1116860 1987.8
1116870 1971.6
1116880 1971.6
1116890 1973.2
1116900 1974.1
1116910 1974.1
1116920 1964.9
1116930 1961.9
1116940 1961.9
1116950 1969.8
1116960 1966.4
1116970 1955.1
1116980 1955.1
1116990 1941.7
1117000 1927.4
1117010 1927.4
1117020 1915.9
1117030 1900.4
1117040 1900.4
1117050 1884.7
1117060 1876.4
1117070 1876.4
1117080 1867.5
1117090 1871.7
1117100 1871.7
1117110 1862.5
1117120 1847.0
1117130 1847.0
1117140 1829.6
1117150 1799.4
1117160 1799.4
1117170 1777.3
1117180 1766.3
1117190 1766.3
1117200 1757.8
1117210 1750.2
1117220 1750.2
1117230 1744.5
1117240 1741.3
1117250 1737.1
1117260 1737.1
1117270 1725.8
1117280 1707.1
1117290 1707.1
1117300 1690.1
1117310 1672.5
1117320 1672.5
1117330 1655.9
1117340 1645.7
1117350 1645.7
1117360 1639.6
1117370 1633.2
1117380 1633.2
1117390 1625.9
1117400 1619.0
1117410 1619.0
1117420 1611.5
1117430 1604.9
1117440 1615.3
1117450 1603.4
1117460 1592.4
1117470 1592.4
1117480 1587.3
1117490 1585.9
1117500 1585.9
1117510 1584.6
1117520 1583.2
1117530 1582.5
1117540 1582.5
1117550 1583.5
1117560 1587.9
1117570 1587.9
1117580 1592.4
1117590 1596.6
1117600 1596.6
1117610 1600.4
1117620 1604.2
1117630 1604.2
1117640 1606.6
1117650 1605.3
1117660 1605.3
1117670 1608.4
1117680 1612.4
1117690 1612.4
1117700 1607.7
1117710 1600.7
1117720 1600.7
1117730 1594.9
1117740 1590.3
1117750 1590.3
1117760 1584.0
1117770 1579.5
1117780 1585.7
1117790 1584.3
1117800 1582.6
1117810 1580.5
1117820 1580.5
1117830 1577.6
1117840 1574.2
1117850 1574.2
1117860 1570.4
1117870 1567.0
1117880 1567.0
1117890 1563.2
1117900 1558.9
1117910 1558.9
1117920 1555.0
1117930 1552.5
1117940 1552.5
1117950 1550.7
1117960 1548.0
1117970 1548.0
1117980 1543.7
1117990 1536.2
1118000 1536.2
1118010 1530.4
1118020 1527.5
1118030 1527.5
1118040 1520.2
1118050 1513.3
1118060 1513.3
1118070 1511.0
1118080 1505.8
1118090 1487.5
1118100 1487.5
1118110 1473.0
1118120 1469.4
1118130 1476.6
1118140 1472.9
1118150 1466.8
1118160 1466.8
1118170 1460.0
1118180 1453.1
1118190 1453.1
1118200 1443.2
1118210 1429.1
1118220 1429.1
1118230 1415.7
1118240 1399.8
1118250 1399.8
1118260 1385.0
1118270 1379.3
1118280 1379.3
1118290 1373.6
1118300 1367.6
1118310 1367.6
1118320 1361.4
1118330 1354.8
1118340 1348.4
1118350 1348.4
1118360 1342.4
1118370 1337.5
1118380 1337.5
1118390 1332.1
1118400 1325.3
1118410 1325.3
1118420 1317.7
1118430 1308.5
1118440 1308.5
1118450 1299.8
1118460 1292.7
1118470 1292.7
1118480 1301.8
1118490 1302.9
1118500 1302.9
1118510 1298.7
1118520 1296.1
1118530 1296.1
1118540 1296.8
1118550 1291.9
1118560 1291.9
1118570 1292.7
1118580 1293.6
1118590 1293.6
1118600 1290.8
1118610 1286.4
1118620 1275.6
1118630 1275.6
1118640 1262.4
1118650 1252.0
1118660 1252.0
1118670 1251.4
1118680 1256.3
1118690 1256.3
1118700 1256.4
1118710 1255.2
1118720 1255.2
1118730 1252.7
1118740 1247.9
1118750 1247.9
1118760 1244.8
1118770 1237.7
1118780 1237.7
1118790 1231.3
1118800 1226.0
1118810 1226.0
1118820 1220.4
1118830 1225.4
1118840 1225.4
1118850 1217.2
1118860 1208.1
1118870 1208.1
1118880 1198.9
1118890 1193.6
1118900 1188.7
1118910 1188.7
1118920 1184.2
1118930 1179.4
1118940 1179.4
1118950 1174.8
1118960 1170.5
1118970 1170.5
1118980 1162.7
1118990 1158.4
1119000 1158.4
1119010 1158.5
1119020 1154.0
1119030 1154.0
1119040 1144.6
1119050 1135.6
1119060 1135.6
1119070 1137.7
1119080 1140.1
1119090 1140.1
1119100 1135.4
1119110 1130.7
1119120 1130.7
1119130 1126.2
1119140 1121.7
1119150 1121.7
1119160 1117.6
1119170 1114.6
1119180 1118.1
1119190 1118.1
1119200 1114.9
1119210 1112.0
1119220 1112.0
1119230 1109.6
1119240 1107.1
1119250 1107.1
1119260 1104.0
1119270 1100.7
1119280 1100.7
1119290 1097.5
1119300 1093.8
1119310 1093.8
1119320 1090.4
1119330 1087.3
1119340 1087.3
1119350 1084.2
1119360 1081.4
1119370 1081.4
1119380 1078.7
1119390 1075.5
1119400 1075.5
1119410 1072.4
1119420 1069.3
1119430 1069.3
1119440 1067.4
1119450 1064.7
1119460 1061.6
1119470 1061.6
1119480 1057.5
1119490 1051.7
1119500 1051.7
1119510 1050.0
1119520 1048.2
1119530 1052.2
1119540 1052.4
1119550 1052.3
1119560 1052.3
1119570 1052.3
1119580 1053.6
1119590 1053.6
1119600 1053.4
1119610 1051.8
1119620 1051.8
1119630 1049.5
1119640 1048.9
1119650 1048.9
1119660 1050.0
1119670 1052.8
1119680 1052.8
1119690 1053.6
1119700 1051.1
1119710 1044.9
1119720 1044.9
1119730 1038.1
1119740 1036.9
1119750 1036.9
1119760 1038.6
1119770 1038.9
1119780 1038.9
1119790 1037.5
1119800 1031.6
1119810 1031.6
1119820 1014.7
1119830 999.9
1119840 999.9
1119850 991.8
1119860 989.8
1119870 992.0
1119880 990.7
1119890 991.5
1119900 991.5
1119910 1002.5
1119920 1012.8
1119930 1012.8
1119940 1022.7
1119950 1033.4
1119960 1033.4
1119970 1044.5
1119980 1050.7
1119990 1052.7
