1100000 1576.8
1100010 1577.3
1100020 1577.3
1100030 1577.8
1100040 1578.2
1100050 1578.2
1100060 1578.5
1100070 1578.1
1100080 1577.6
1100090 1577.6
1100100 1576.4
1100110 1575.4
1100120 1575.4
1100130 1574.7
1100140 1574.6
1100150 1574.6
1100160 1574.9
1100170 1574.6
1100180 1574.6
1100190 1573.7
1100200 1572.2
1100210 1572.2
1100220 1570.0
1100230 1567.6
1100240 1567.6
1100250 1565.0
1100260 1561.9
1100270 1561.9
1100280 1557.9
1100290 1553.3
1100300 1553.3
1100310 1549.8
1100320 1544.1
1100330 1544.1
1100340 1537.7
1100350 1531.7
1100360 1526.2
1100370 1526.2
1100380 1520.4
1100390 1514.8
1100400 1514.8
1100410 1509.4
1100420 1501.9
1100430 1501.9
1100440 1493.3
1100450 1483.5
1100460 1483.5
1100470 1475.4
1100480 1467.9
1100490 1467.9
1100500 1461.9
1100510 1455.7
1100520 1455.7
1100530 1449.0
1100540 1442.0
1100550 1442.0
1100560 1436.5
1100570 1431.5
1100580 1431.5
1100590 1425.5
1100600 1419.3
1100610 1419.3
1100620 1413.3
1100630 1408.7
1100640 1403.8
1100650 1405.3
1100660 1399.2
1100670 1394.6
1100680 1394.6
1100690 1390.2
1100700 1385.5
1100710 1385.5
1100720 1381.9
1100730 1378.2
1100740 1378.2
1100750 1375.3
1100760 1372.5
1100770 1372.5
1100780 1366.4
1100790 1360.0
1100800 1360.0
1100810 1349.3
1100820 1340.1
1100830 1340.1
1100840 1339.1
1100850 1338.9
1100860 1338.9
1100870 1339.8
1100880 1339.2
1100890 1339.2
1100900 1337.0
1100910 1337.0
1100920 1338.1
1100930 1338.1
1100940 1339.2
1100950 1340.4
1100960 1340.4
1100970 1341.7
1100980 1341.5
1100990 1341.5
1101000 1342.4
1101010 1344.2
1101020 1344.2
1101030 1345.5
1101040 1349.0
1101050 1349.0
1101060 1352.7
1101070 1353.8
1101080 1353.8
1101090 1353.3
1101100 1352.9
1101110 1352.9
1101120 1352.8
1101130 1352.6
1101140 1352.6
1101150 1351.7
1101160 1351.2
1101170 1351.2
1101180 1351.1
1101190 1351.9
1101200 1352.9
1101210 1352.9
1101220 1354.0
1101230 1356.0
1101240 1356.0
1101250 1357.4
1101260 1356.8
1101270 1356.8
1101280 1357.4
1101290 1358.1
1101300 1358.1
1101310 1354.0
1101320 1353.7
1101330 1353.7
1101340 1353.2
1101350 1352.8
1101360 1352.8
1101370 1354.3
1101380 1356.8
1101390 1356.8
1101400 1358.9
1101410 1363.2
1101420 1363.2
1101430 1367.1
1101440 1371.2
1101450 1371.2
1101460 1374.4
1101470 1375.5
1101480 1375.6
1101490 1375.6
1101500 1376.2
1101510 1378.1
1101520 1378.1
1101530 1379.0
1101540 1379.3
1101550 1379.3
1101560 1378.5
1101570 1378.6
1101580 1378.6
1101590 1380.4
1101600 1381.9
1101610 1381.9
1101620 1383.8
1101630 1386.0
1101640 1381.1
1101650 1382.1
1101660 1382.9
1101670 1382.9
1101680 1383.6
1101690 1385.1
1101700 1385.1
1101710 1386.6
1101720 1387.7
1101730 1387.7
1101740 1388.9
1101750 1390.3
1101760 1391.5
1101770 1391.5
1101780 1392.2
1101790 1394.2
1101800 1394.2
1101810 1394.8
1101820 1395.0
1101830 1395.0
1101840 1396.4
1101850 1398.2
1101860 1398.2
1101870 1400.1
1101880 1401.6
1101890 1401.6
1101900 1402.3
1101910 1403.1
1101920 1403.1
1101930 1403.8
1101940 1404.0
1101950 1404.0
1101960 1403.9
1101970 1397.9
1101980 1397.9
1101990 1398.4
1102000 1398.9
1102010 1399.9
1102020 1399.9
1102030 1399.1
1102040 1395.6
1102050 1395.6
1102060 1392.3
1102070 1392.8
1102080 1392.8
1102090 1389.3
1102100 1391.3
1102110 1391.3
1102120 1394.9
1102130 1398.3
1102140 1398.3
1102150 1398.5
1102160 1394.6
1102170 1394.6
1102180 1392.9
1102190 1394.4
1102200 1394.4
1102210 1396.1
1102220 1392.6
1102230 1392.6
1102240 1387.0
1102250 1383.5
1102260 1383.5
1102270 1381.5
1102280 1380.8
1102290 1381.9
1102300 1381.9
1102310 1379.1
1102320 1375.8
1102330 1375.8
1102340 1372.0
1102350 1367.3
1102360 1367.3
1102370 1362.7
1102380 1357.9
1102390 1357.9
1102400 1357.1
1102410 1357.8
1102420 1357.8
1102430 1356.8
1102440 1353.2
1102450 1353.2
1102460 1345.1
1102470 1334.8
1102480 1334.8
1102490 1332.5
1102500 1340.2
1102510 1340.2
1102520 1345.8
1102530 1349.0
1102540 1349.0
1102550 1350.8
1102560 1350.8
1102570 1354.7
1102580 1354.7
1102590 1360.5
1102600 1361.6
1102610 1361.6
1102620 1361.3
1102630 1357.6
1102640 1357.3
1102650 1350.5
1102660 1343.2
1102670 1343.2
1102680 1339.4
1102690 1337.5
1102700 1337.5
1102710 1335.1
1102720 1333.8
1102730 1333.8
1102740 1332.9
1102750 1333.1
1102760 1333.1
1102770 1335.9
1102780 1341.3
1102790 1341.3
1102800 1342.9
1102810 1341.5
1102820 1341.5
1102830 1339.3
1102840 1336.6
1102850 1333.3
1102860 1333.3
1102870 1331.1
1102880 1331.8
1102890 1331.8
1102900 1331.2
1102910 1330.2
1102920 1330.2
1102930 1330.3
1102940 1329.9
1102950 1329.9
1102960 1331.5
1102970 1328.7
1102980 1328.7
1102990 1328.4
1103000 1327.2
1103010 1327.2
1103020 1323.1
1103030 1318.2
1103040 1318.2
1103050 1313.8
1103060 1309.9
1103070 1309.9
1103080 1307.6
1103090 1303.5
1103100 1303.5
1103110 1296.8
1103120 1287.7
1103130 1285.9
1103140 1285.9
1103150 1286.7
1103160 1286.3
1103170 1286.3
1103180 1281.5
1103190 1276.6
1103200 1276.6
1103210 1271.1
1103220 1268.3
1103230 1268.3
1103240 1264.0
1103250 1263.0
1103260 1263.0
1103270 1261.2
1103280 1256.2
1103290 1256.2
1103300 1252.7
1103310 1244.8
1103320 1244.8
1103330 1241.3
1103340 1237.8
1103350 1237.8
1103360 1234.9
1103370 1234.2
1103380 1234.2
1103390 1236.6
1103400 1234.7
1103410 1226.8
1103420 1226.8
1103430 1220.7
1103440 1220.9
1103450 1220.9
1103460 1227.5
1103470 1224.7
1103480 1224.7
1103490 1221.1
1103500 1219.7
1103510 1219.7
1103520 1218.0
1103530 1216.3
1103540 1216.3
1103550 1216.1
1103560 1216.7
1103570 1216.7
1103580 1216.7
1103590 1217.5
1103600 1217.5
1103610 1220.3
1103620 1222.2
1103630 1222.2
1103640 1221.7
1103650 1228.1
1103660 1228.1
1103670 1236.1
1103680 1241.0
1103690 1240.8
1103700 1240.8
1103710 1236.7
1103720 1238.2
1103730 1238.2
1103740 1240.2
1103750 1243.2
1103760 1243.2
1103770 1244.7
1103780 1243.3
1103790 1243.3
1103800 1243.0
1103810 1243.9
1103820 1243.9
1103830 1243.9
1103840 1243.0
1103850 1243.0
1103860 1242.2
1103870 1241.8
1103880 1241.8
1103890 1240.4
1103900 1240.3
1103910 1240.3
1103920 1241.4
1103930 1240.2
1103940 1240.2
1103950 1236.7
1103960 1234.7
1103970 1234.5
1103980 1229.1
1103990 1229.1
1104000 1229.0
1104010 1229.0
1104020 1228.0
1104030 1226.4
1104040 1226.4
1104050 1225.7
1104060 1223.9
1104070 1223.9
1104080 1221.8
1104090 1220.9
1104100 1220.9
1104110 1219.1
1104120 1215.8
1104130 1215.8
1104140 1212.9
1104150 1208.3
1104160 1208.3
1104170 1203.2
1104180 1201.5
1104190 1201.5
1104200 1200.3
1104210 1199.5
1104220 1199.5
1104230 1202.4
1104240 1205.9
1104250 1206.2
1104260 1206.2
1104270 1210.8
1104280 1217.9
1104290 1217.9
1104300 1228.4
1104310 1231.3
1104320 1231.3
1104330 1236.5
1104340 1243.5
1104350 1243.5
1104360 1248.7
1104370 1251.7
1104380 1251.7
1104390 1254.2
1104400 1254.9
1104410 1254.9
1104420 1256.1
1104430 1257.5
1104440 1257.5
1104450 1258.5
1104460 1259.7
1104470 1259.7
1104480 1260.8
1104490 1261.8
1104500 1261.8
1104510 1263.3
1104520 1264.5
1104530 1265.5
1104540 1265.5
1104550 1266.7
1104560 1267.7
1104570 1267.7
1104580 1269.1
1104590 1270.3
1104600 1270.3
1104610 1271.3
1104620 1272.3
1104630 1272.3
1104640 1274.0
1104650 1278.4
1104660 1278.4
1104670 1279.8
1104680 1281.6
1104690 1281.6
1104700 1282.0
1104710 1281.8
1104720 1281.8
1104730 1282.3
1104740 1282.4
1104750 1282.4
1104760 1284.1
1104770 1284.9
1104780 1284.9
1104790 1286.3
1104800 1289.3
1104810 1291.9
1104820 1291.9
1104830 1294.2
1104840 1297.0
1104850 1297.0
1104860 1298.8
1104870 1301.4
1104880 1301.4
1104890 1303.5
1104900 1305.4
1104910 1305.4
1104920 1305.8
1104930 1306.5
1104940 1306.5
1104950 1309.1
1104960 1312.3
1104970 1312.3
1104980 1318.9
1104990 1320.7
1105000 1320.7
1105010 1324.1
1105020 1327.1
1105030 1327.1
1105040 1330.5
1105050 1333.0
1105060 1335.3
1105070 1335.3
1105080 1340.7
1105090 1344.5
1105100 1344.5
1105110 1347.6
1105120 1350.3
1105130 1350.3
1105140 1352.8
1105150 1355.4
1105160 1355.4
1105170 1357.8
1105180 1359.1
1105190 1359.1
1105200 1361.4
1105210 1367.3
1105220 1367.3
1105230 1372.1
1105240 1375.9
1105250 1375.9
1105260 1379.2
1105270 1382.0
1105280 1382.0
1105290 1384.3
1105300 1386.8
1105310 1386.8
1105320 1392.7
1105330 1396.3
1105340 1399.8
1105350 1399.8
1105360 1401.1
1105370 1402.3
1105380 1402.3
1105390 1406.9
1105400 1413.3
1105410 1413.3
1105420 1419.0
1105430 1423.6
1105440 1423.6
1105450 1428.0
1105460 1432.6
1105470 1432.6
1105480 1437.1
1105490 1441.8
1105500 1441.8
1105510 1445.8
1105520 1449.8
1105530 1449.8
1105540 1454.0
1105550 1458.5
1105560 1458.5
1105570 1463.0
1105580 1467.5
1105590 1467.5
1105600 1471.8
1105610 1475.8
1105620 1479.2
1105630 1479.2
1105640 1482.5
1105650 1491.8
1105660 1491.8
1105670 1496.0
1105680 1500.4
1105690 1500.4
1105700 1504.6
1105710 1508.8
1105720 1508.8
1105730 1513.5
1105740 1518.2
1105750 1518.2
1105760 1522.4
1105770 1526.0
1105780 1526.0
1105790 1529.3
1105800 1532.6
1105810 1532.6
1105820 1535.8
1105830 1539.3
1105840 1539.3
1105850 1542.4
1105860 1545.8
1105870 1545.8
1105880 1548.9
1105890 1551.6
1105900 1554.8
1105910 1554.8
1105920 1557.4
1105930 1560.0
1105940 1560.0
1105950 1562.7
1105960 1565.6
1105970 1565.6
1105980 1568.4
1105990 1576.6
1106000 1576.6
1106010 1581.2
1106020 1586.4
1106030 1586.4
1106040 1591.0
1106050 1595.3
1106060 1595.3
1106070 1600.1
1106080 1604.8
1106090 1604.8
1106100 1609.1
1106110 1613.0
1106120 1613.0
1106130 1616.0
1106140 1618.5
1106150 1618.5
1106160 1620.6
1106170 1622.1
1106180 1623.2
1106190 1623.2
1106200 1623.3
1106210 1622.9
1106220 1622.9
1106230 1620.4
1106240 1616.9
1106250 1616.9
1106260 1613.2
1106270 1609.3
1106280 1609.3
1106290 1602.5
1106300 1592.3
1106310 1592.3
1106320 1581.6
1106330 1575.0
1106340 1575.0
1106350 1565.2
1106360 1555.5
1106370 1555.5
1106380 1549.1
1106390 1545.4
1106400 1545.4
1106410 1538.7
1106420 1528.1
1106430 1528.1
1106440 1518.4
1106450 1509.3
1106460 1498.4
1106470 1498.4
1106480 1487.9
1106490 1477.9
1106500 1477.9
1106510 1467.8
1106520 1458.1
1106530 1458.1
1106540 1449.5
1106550 1442.6
1106560 1442.6
1106570 1436.9
1106580 1431.7
1106590 1431.7
1106600 1426.9
1106610 1421.3
1106620 1421.3
1106630 1415.7
1106640 1410.0
1106650 1410.0
1106660 1408.5
1106670 1403.5
1106680 1403.5
1106690 1398.7
1106700 1393.7
1106710 1393.7
1106720 1389.0
1106730 1384.2
1106740 1378.6
1106750 1378.6
1106760 1373.0
1106770 1367.8
1106780 1367.8
1106790 1362.7
1106800 1357.6
1106810 1357.6
1106820 1352.5
1106830 1347.2
1106840 1347.2
1106850 1342.4
1106860 1338.6
1106870 1338.6
1106880 1333.8
1106890 1329.0
1106900 1329.0
1106910 1325.5
1106920 1322.9
1106930 1322.9
1106940 1317.7
1106950 1309.8
1106960 1309.8
1106970 1302.6
1106980 1296.5
1106990 1296.5
1107000 1303.0
1107010 1300.9
1107020 1296.2
1107030 1296.2
1107040 1291.3
1107050 1285.6
1107060 1285.6
1107070 1279.0
1107080 1270.3
1107090 1270.3
1107100 1263.7
1107110 1264.4
1107120 1264.4
1107130 1268.4
1107140 1272.7
1107150 1272.7
1107160 1279.1
1107170 1288.0
1107180 1288.0
1107190 1297.2
1107200 1303.2
1107210 1303.2
1107220 1309.3
1107230 1315.4
1107240 1315.4
1107250 1322.7
1107260 1329.2
1107270 1329.2
1107280 1335.1
1107290 1341.4
1107300 1348.1
1107310 1348.1
1107320 1353.6
1107330 1359.2
1107340 1356.4
1107350 1363.5
1107360 1373.9
1107370 1373.9
1107380 1385.1
1107390 1395.1
1107400 1395.1
1107410 1404.0
1107420 1413.0
1107430 1413.0
1107440 1421.7
1107450 1430.8
1107460 1430.8
1107470 1439.8
1107480 1449.0
1107490 1449.0
1107500 1458.9
1107510 1468.5
1107520 1468.5
1107530 1477.7
1107540 1487.1
1107550 1487.1
1107560 1495.5
1107570 1503.8
1107580 1512.3
1107590 1512.3
1107600 1520.2
1107610 1528.3
1107620 1528.3
1107630 1536.4
1107640 1544.2
1107650 1544.2
1107660 1551.9
1107670 1559.1
1107680 1558.0
1107690 1564.6
1107700 1571.7
1107710 1571.7
1107720 1579.4
1107730 1586.2
1107740 1586.2
1107750 1592.5
1107760 1599.4
1107770 1599.4
1107780 1606.6
1107790 1613.8
1107800 1613.8
1107810 1620.8
1107820 1628.2
1107830 1635.5
1107840 1635.5
1107850 1642.7
1107860 1650.6
1107870 1650.6
1107880 1658.8
1107890 1666.7
1107900 1666.7
1107910 1673.3
1107920 1678.0
1107930 1678.0
1107940 1682.1
1107950 1686.9
1107960 1686.9
1107970 1689.1
1107980 1691.6
1107990 1691.6
1108000 1697.3
1108010 1704.4
1108020 1704.4
1108030 1710.1
1108040 1715.7
1108050 1715.7
1108060 1720.3
1108070 1724.5
1108080 1724.5
1108090 1728.7
1108100 1733.4
1108110 1738.0
1108120 1738.0
1108130 1742.6
1108140 1746.9
1108150 1746.9
1108160 1750.7
1108170 1754.6
1108180 1754.6
1108190 1757.7
1108200 1760.6
1108210 1760.6
1108220 1764.8
1108230 1770.1
1108240 1770.1
1108250 1775.5
1108260 1780.5
1108270 1780.5
1108280 1784.5
1108290 1788.5
1108300 1788.5
1108310 1794.0
1108320 1798.9
1108330 1798.9
1108340 1803.6
1108350 1813.3
1108360 1813.3
1108370 1818.9
1108380 1824.3
1108390 1830.3
1108400 1830.3
1108410 1836.9
1108420 1843.5
1108430 1843.5
1108440 1848.8
1108450 1852.5
1108460 1852.5
1108470 1859.3
1108480 1867.6
1108490 1867.6
1108500 1873.6
1108510 1878.7
1108520 1878.7
1108530 1884.9
1108540 1891.0
1108550 1891.0
1108560 1896.2
1108570 1900.6
1108580 1900.6
1108590 1904.0
1108600 1909.9
1108610 1909.9
1108620 1916.9
1108630 1924.0
1108640 1924.0
1108650 1929.1
1108660 1931.6
1108670 1933.9
1108680 1933.9
1108690 1934.0
1108700 1938.5
1108710 1938.5
1108720 1942.9
1108730 1946.9
1108740 1946.9
1108750 1950.3
1108760 1953.4
1108770 1953.4
1108780 1956.2
1108790 1958.3
1108800 1958.3
1108810 1961.0
1108820 1965.3
1108830 1965.3
1108840 1969.8
1108850 1973.9
1108860 1973.9
1108870 1977.5
1108880 1981.4
1108890 1981.4
1108900 1986.4
1108910 1990.3
1108920 1990.3
1108930 1992.7
1108940 1994.7
1108950 1995.5
1108960 1995.5
1108970 1993.3
1108980 1988.5
1108990 1988.5
1109000 1982.6
1109010 1976.5
1109020 1976.5
1109030 1972.4
1109040 1967.0
1109050 1967.0
1109060 1960.9
1109070 1955.0
1109080 1955.0
1109090 1943.6
1109100 1931.8
1109110 1931.8
1109120 1925.1
1109130 1919.4
1109140 1919.4
1109150 1915.5
1109160 1912.2
1109170 1912.2
1109180 1904.4
1109190 1896.0
1109200 1896.0
1109210 1888.2
1109220 1880.7
1109230 1873.8
1109240 1873.8
1109250 1866.8
1109260 1860.4
1109270 1860.4
1109280 1853.6
1109290 1846.9
1109300 1846.9
1109310 1840.5
1109320 1835.1
1109330 1835.1
1109340 1829.0
1109350 1822.8
1109360 1822.8
1109370 1816.7
1109380 1811.1
1109390 1811.1
1109400 1805.9
1109410 1799.7
1109420 1799.7
1109430 1793.8
1109440 1789.3
1109450 1789.3
1109460 1785.7
1109470 1783.0
1109480 1783.0
1109490 1779.6
1109500 1776.1
1109510 1772.4
1109520 1772.4
1109530 1768.4
1109540 1765.4
1109550 1765.4
1109560 1765.2
1109570 1763.9
1109580 1763.9
1109590 1761.5
1109600 1759.3
1109610 1759.3
1109620 1757.5
1109630 1756.2
1109640 1756.2
1109650 1756.3
1109660 1755.4
1109670 1755.4
1109680 1754.7
1109690 1754.3
1109700 1754.3
1109710 1747.4
1109720 1746.7
1109730 1746.7
1109740 1746.5
1109750 1746.5
1109760 1746.5
1109770 1746.2
1109780 1745.2
1109790 1744.9
1109800 1744.9
1109810 1744.8
1109820 1744.7
1109830 1744.7
1109840 1744.5
1109850 1744.2
1109860 1744.2
1109870 1744.0
1109880 1743.7
1109890 1743.7
1109900 1743.2
1109910 1742.4
1109920 1742.4
1109930 1741.9
1109940 1741.5
1109950 1741.5
1109960 1741.3
1109970 1739.9
1109980 1739.9
1109990 1738.7
1110000 1737.6
1110010 1737.6
1110020 1736.9
1110030 1736.0
1110040 1735.5
1110050 1729.8
1110060 1729.3
1110070 1729.4
1110080 1729.4
1110090 1729.7
1110100 1729.6
1110110 1729.6
1110120 1729.9
1110130 1729.6
1110140 1729.6
1110150 1729.0
1110160 1727.4
1110170 1727.4
1110180 1726.4
1110190 1725.8
1110200 1725.8
1110210 1725.8
1110220 1725.1
1110230 1725.1
1110240 1723.9
1110250 1722.4
1110260 1722.4
1110270 1720.2
1110280 1717.5
1110290 1717.5
1110300 1714.8
1110310 1711.6
1110320 1708.2
1110330 1708.2
1110340 1704.4
1110350 1701.0
1110360 1701.0
1110370 1696.6
1110380 1693.5
1110390 1690.5
1110400 1689.1
1110410 1688.2
1110420 1688.2
1110430 1686.7
1110440 1684.4
1110450 1684.4
1110460 1681.4
1110470 1678.3
1110480 1678.3
1110490 1675.5
1110500 1672.9
1110510 1672.9
1110520 1670.1
1110530 1667.6
1110540 1667.6
1110550 1665.4
1110560 1662.6
1110570 1662.6
1110580 1659.6
1110590 1657.2
1110600 1654.9
1110610 1654.9
1110620 1652.4
1110630 1650.0
1110640 1650.0
1110650 1647.1
1110660 1643.4
1110670 1643.4
1110680 1639.7
1110690 1634.5
1110700 1634.5
1110710 1628.9
1110720 1623.7
1110730 1624.3
1110740 1617.0
1110750 1611.2
1110760 1611.2
1110770 1605.8
1110780 1600.7
1110790 1600.7
1110800 1596.9
1110810 1591.9
1110820 1591.9
1110830 1584.1
1110840 1577.0
1110850 1577.0
1110860 1571.6
1110870 1567.2
1110880 1562.5
1110890 1562.5
1110900 1557.9
1110910 1551.9
1110920 1551.9
1110930 1547.8
1110940 1542.0
1110950 1542.0
1110960 1535.0
1110970 1531.0
1110980 1531.0
1110990 1527.0
1111000 1522.9
1111010 1522.9
1111020 1518.0
1111030 1513.8
1111040 1513.8
1111050 1509.5
1111060 1500.6
1111070 1490.3
1111080 1483.5
1111090 1476.8
1111100 1476.8
1111110 1469.7
1111120 1464.6
1111130 1464.6
1111140 1461.0
1111150 1455.2
1111160 1450.0
1111170 1450.0
1111180 1446.8
1111190 1444.7
1111200 1444.7
1111210 1441.5
1111220 1438.8
1111230 1438.8
1111240 1438.6
1111250 1442.5
1111260 1442.5
1111270 1444.5
1111280 1440.0
1111290 1440.0
1111300 1433.9
1111310 1427.3
1111320 1427.3
1111330 1421.1
1111340 1414.5
1111350 1414.5
1111360 1407.7
1111370 1400.3
1111380 1400.3
1111390 1394.9
1111400 1391.5
1111410 1390.9
1111420 1387.8
1111430 1385.0
1111440 1382.5
1111450 1382.5
1111460 1380.7
1111470 1379.7
1111480 1379.7
1111490 1377.8
1111500 1375.9
1111510 1375.9
1111520 1374.1
1111530 1371.5
1111540 1371.5
1111550 1368.6
1111560 1365.8
1111570 1365.8
1111580 1364.0
1111590 1363.4
1111600 1363.4
1111610 1361.1
1111620 1358.2
1111630 1358.2
1111640 1355.5
1111650 1353.3
1111660 1353.3
1111670 1351.2
1111680 1349.2
1111690 1349.2
1111700 1347.8
1111710 1345.6
1111720 1343.7
1111730 1343.7
1111740 1345.3
1111750 1353.7
1111760 1353.7
1111770 1355.2
1111780 1357.0
1111790 1357.0
1111800 1359.1
1111810 1361.2
1111820 1361.2
1111830 1363.4
1111840 1366.4
1111850 1366.4
1111860 1368.6
1111870 1371.2
1111880 1371.2
1111890 1372.8
1111900 1375.8
1111910 1375.8
1111920 1379.7
1111930 1384.8
1111940 1384.8
1111950 1389.3
1111960 1392.6
1111970 1392.6
1111980 1396.5
1111990 1400.1
1112000 1403.7
1112010 1403.7
1112020 1407.9
1112030 1411.3
1112040 1411.3
1112050 1414.8
1112060 1419.1
1112070 1419.1
1112080 1423.3
1112090 1427.3
1112100 1430.6
1112110 1434.9
1112120 1439.7
1112130 1439.7
1112140 1445.0
1112150 1450.2
1112160 1450.2
1112170 1456.5
1112180 1463.5
1112190 1463.5
1112200 1470.9
1112210 1478.2
1112220 1478.2
1112230 1485.8
1112240 1493.8
1112250 1501.7
1112260 1501.7
1112270 1509.1
1112280 1516.4
1112290 1516.4
1112300 1523.1
1112310 1529.3
1112320 1529.3
1112330 1535.9
1112340 1542.9
1112350 1542.9
1112360 1550.5
1112370 1558.5
1112380 1558.5
1112390 1566.4
1112400 1575.0
1112410 1575.0
1112420 1583.0
1112430 1591.0
1112440 1598.3
1112450 1606.3
1112460 1614.3
1112470 1614.3
1112480 1622.0
1112490 1627.4
1112500 1627.4
1112510 1631.6
1112520 1635.3
1112530 1640.4
1112540 1640.4
1112550 1646.9
1112560 1654.2
1112570 1654.2
1112580 1662.3
1112590 1670.8
1112600 1670.8
1112610 1678.6
1112620 1686.9
1112630 1686.9
1112640 1694.5
1112650 1701.9
1112660 1701.9
1112670 1708.9
1112680 1714.6
1112690 1714.6
1112700 1719.0
1112710 1721.9
1112720 1721.9
1112730 1724.0
1112740 1725.4
1112750 1725.4
1112760 1727.4
1112770 1730.8
1112780 1737.7
1112790 1740.7
1112800 1744.7
1112810 1749.3
1112820 1749.3
1112830 1754.2
1112840 1758.5
1112850 1758.5
1112860 1762.0
1112870 1765.1
1112880 1765.1
1112890 1767.2
1112900 1769.2
1112910 1769.2
1112920 1769.5
1112930 1769.5
1112940 1769.5
1112950 1769.0
1112960 1767.6
1112970 1767.6
1112980 1767.7
1112990 1769.5
1113000 1769.5
1113010 1772.2
1113020 1774.5
1113030 1774.5
1113040 1777.5
1113050 1781.4
1113060 1781.4
1113070 1784.4
1113080 1785.5
1113090 1787.3
1113100 1787.3
1113110 1789.5
1113120 1797.4
1113130 1797.4
1113140 1798.8
1113150 1801.2
1113160 1801.2
1113170 1803.1
1113180 1804.8
1113190 1804.8
1113200 1805.7
1113210 1806.5
1113220 1806.5
1113230 1808.6
1113240 1810.3
1113250 1810.3
1113260 1811.3
1113270 1813.3
1113280 1813.3
1113290 1815.2
1113300 1816.7
1113310 1816.7
1113320 1817.0
1113330 1817.7
1113340 1817.7
1113350 1818.6
1113360 1820.4
1113370 1822.0
1113380 1822.0
1113390 1822.6
1113400 1822.7
1113410 1822.7
1113420 1822.0
1113430 1822.3
1113440 1822.3
1113450 1823.1
1113460 1823.6
1113470 1829.9
1113480 1829.5
1113490 1830.3
1113500 1830.3
1113510 1832.1
1113520 1834.7
1113530 1834.7
1113540 1837.5
1113550 1840.3
1113560 1840.3
1113570 1843.2
1113580 1846.4
1113590 1846.4
1113600 1850.0
1113610 1854.3
1113620 1854.3
1113630 1858.9
1113640 1863.8
1113650 1868.0
1113660 1868.0
1113670 1871.5
1113680 1876.3
1113690 1876.3
1113700 1881.9
1113710 1887.7
1113720 1887.7
1113730 1893.5
1113740 1900.2
1113750 1900.2
1113760 1907.1
1113770 1912.7
1113780 1912.7
1113790 1918.6
1113800 1924.2
1113810 1928.5
1113820 1934.1
1113830 1939.9
1113840 1939.9
1113850 1946.0
1113860 1951.5
1113870 1951.5
1113880 1956.7
1113890 1963.5
1113900 1963.5
1113910 1971.6
1113920 1967.9
1113930 1954.5
1113940 1954.5
1113950 1937.6
1113960 1921.1
1113970 1921.1
1113980 1912.8
1113990 1905.9
1114000 1905.9
1114010 1899.5
1114020 1893.9
1114030 1893.9
1114040 1889.3
1114050 1884.2
1114060 1884.2
1114070 1879.6
1114080 1875.2
1114090 1875.2
1114100 1872.0
1114110 1869.8
1114120 1869.8
1114130 1867.5
1114140 1865.7
1114150 1863.6
1114160 1861.2
1114170 1858.9
1114180 1858.9
1114190 1855.5
1114200 1851.5
1114210 1849.6
1114220 1849.6
1114230 1850.1
1114240 1850.5
1114250 1850.5
1114260 1850.8
1114270 1850.4
1114280 1850.4
1114290 1851.0
1114300 1852.4
1114310 1852.4
1114320 1853.9
1114330 1853.4
1114340 1853.4
1114350 1846.7
1114360 1838.2
1114370 1838.2
1114380 1830.5
1114390 1823.1
1114400 1823.1
1114410 1816.4
1114420 1810.2
1114430 1810.2
1114440 1803.8
1114450 1797.5
1114460 1791.2
1114470 1791.2
1114480 1784.6
1114490 1778.8
1114500 1777.7
1114510 1771.7
1114520 1766.8
1114530 1766.8
1114540 1761.5
1114550 1756.3
1114560 1756.3
1114570 1750.4
1114580 1744.0
1114590 1744.0
1114600 1737.0
1114610 1730.6
1114620 1730.6
1114630 1725.0
1114640 1717.3
1114650 1717.3
1114660 1709.5
1114670 1703.4
1114680 1703.4
1114690 1698.7
1114700 1693.1
1114710 1693.1
1114720 1684.4
1114730 1673.5
1114740 1654.5
1114750 1654.5
1114760 1638.7
1114770 1621.7
1114780 1621.7
1114790 1610.2
1114800 1595.9
1114810 1595.9
1114820 1583.4
1114830 1572.1
1114840 1573.7
1114850 1562.6
1114860 1554.2
1114870 1554.2
1114880 1546.2
1114890 1538.6
1114900 1538.6
1114910 1533.1
1114920 1526.5
1114930 1526.5
1114940 1519.1
1114950 1509.9
1114960 1509.9
1114970 1499.7
1114980 1491.0
1114990 1491.0
1115000 1484.3
1115010 1479.4
1115020 1474.5
1115030 1474.5
1115040 1468.2
1115050 1463.5
1115060 1463.5
1115070 1456.5
1115080 1449.9
1115090 1449.9
1115100 1443.2
1115110 1436.4
1115120 1436.4
1115130 1429.7
1115140 1423.2
1115150 1423.2
1115160 1416.8
1115170 1410.0
1115180 1410.0
1115190 1407.5
1115200 1400.5
1115210 1400.5
1115220 1393.2
1115230 1386.4
1115240 1386.4
1115250 1379.4
1115260 1371.2
1115270 1371.2
1115280 1361.9
1115290 1358.3
1115300 1362.0
1115310 1362.0
1115320 1363.7
1115330 1366.2
1115340 1366.2
1115350 1372.7
1115360 1379.5
1115370 1379.5
1115380 1386.5
1115390 1393.2
1115400 1393.2
1115410 1399.0
1115420 1403.9
1115430 1403.9
1115440 1409.4
1115450 1414.6
1115460 1414.6
1115470 1419.9
1115480 1425.1
1115490 1425.1
1115500 1430.2
1115510 1434.8
1115520 1434.8
1115530 1443.0
1115540 1447.2
1115550 1447.2
1115560 1451.4
1115570 1455.7
1115580 1459.9
1115590 1459.9
1115600 1463.4
1115610 1466.7
1115620 1466.7
1115630 1469.6
1115640 1472.9
1115650 1472.9
1115660 1476.2
1115670 1480.3
1115680 1480.3
1115690 1484.8
1115700 1489.9
1115710 1489.9
1115720 1494.7
1115730 1498.6
1115740 1498.6
1115750 1496.0
1115760 1493.8
1115770 1493.8
1115780 1496.5
1115790 1501.1
1115800 1501.1
1115810 1504.5
1115820 1519.5
1115830 1519.5
1115840 1545.3
1115850 1558.5
1115860 1566.4
1115870 1566.4
1115880 1576.9
1115890 1583.5
1115900 1583.5
1115910 1588.4
1115920 1593.1
1115930 1593.1
1115940 1598.4
1115950 1602.1
1115960 1602.1
1115970 1607.2
1115980 1614.2
1115990 1614.2
1116000 1622.4
1116010 1630.3
1116020 1630.3
1116030 1638.4
1116040 1647.0
1116050 1647.0
1116060 1653.8
1116070 1659.6
1116080 1659.6
1116090 1662.6
1116100 1664.1
1116110 1664.1
1116120 1665.8
1116130 1667.0
1116140 1669.0
1116150 1669.0
1116160 1671.9
1116170 1674.4
1116180 1674.4
1116190 1676.9
1116200 1683.2
1116210 1683.2
1116220 1686.7
1116230 1682.7
1116240 1682.7
1116250 1680.1
1116260 1679.7
1116270 1679.7
1116280 1674.8
1116290 1679.5
1116300 1679.5
1116310 1680.4
1116320 1672.4
1116330 1672.4
1116340 1666.1
1116350 1666.4
1116360 1666.4
1116370 1659.9
1116380 1662.7
1116390 1662.7
1116400 1658.4
1116410 1649.5
1116420 1648.2
1116430 1648.2
1116440 1648.2
1116450 1648.7
1116460 1648.7
1116470 1647.8
1116480 1651.7
1116490 1651.7
1116500 1651.2
1116510 1654.8
1116520 1654.8
1116530 1653.3
1116540 1650.2
1116550 1650.2
1116560 1645.9
1116570 1642.8
1116580 1642.8
1116590 1634.6
1116600 1628.6
1116610 1628.6
1116620 1624.2
1116630 1618.4
1116640 1618.4
1116650 1611.7
1116660 1599.7
1116670 1577.1
1116680 1577.1
1116690 1551.1
1116700 1540.2
1116710 1540.2
1116720 1532.3
1116730 1529.7
1116740 1529.7
1116750 1533.3
1116760 1522.0
1116770 1522.0
1116780 1518.2
1116790 1528.9
1116800 1528.9
1116810 1533.9
1116820 1531.4
1116830 1531.4
1116840 1526.9
1116850 1517.5
1116860 1517.5
1116870 1506.9
1116880 1497.0
1116890 1497.0
1116900 1487.7
1116910 1486.3
1116920 1486.3
1116930 1479.2
1116940 1475.4
1116950 1468.6
1116960 1468.6
1116970 1461.4
1116980 1456.4
1116990 1456.4
1117000 1457.5
1117010 1458.2
1117020 1458.2
1117030 1456.0
1117040 1452.2
1117050 1452.2
1117060 1447.5
1117070 1441.5
1117080 1441.5
1117090 1436.0
1117100 1434.0
1117110 1434.0
1117120 1429.2
1117130 1423.8
1117140 1423.8
1117150 1417.8
1117160 1412.5
1117170 1412.5
1117180 1408.5
1117190 1404.0
1117200 1404.0
1117210 1399.1
1117220 1394.2
1117230 1389.0
1117240 1389.0
1117250 1383.6
1117260 1381.8
1117270 1381.8
1117280 1375.7
1117290 1369.9
1117300 1369.9
1117310 1364.1
1117320 1358.1
1117330 1358.1
1117340 1351.9
1117350 1346.3
1117360 1346.3
1117370 1342.5
1117380 1340.1
1117390 1340.1
1117400 1336.7
1117410 1333.8
1117420 1333.8
1117430 1330.6
1117440 1326.2
1117450 1326.2
1117460 1321.8
1117470 1317.6
1117480 1317.6
1117490 1313.4
1117500 1309.9
1117510 1305.8
1117520 1305.8
1117530 1300.9
1117540 1298.1
1117550 1298.1
1117560 1295.5
1117570 1291.6
1117580 1291.6
1117590 1287.2
1117600 1282.6
1117610 1288.4
1117620 1284.5
1117630 1280.8
1117640 1280.8
1117650 1277.2
1117660 1272.5
1117670 1272.5
1117680 1267.5
1117690 1261.9
1117700 1261.9
1117710 1257.0
1117720 1253.4
1117730 1253.4
1117740 1250.3
1117750 1246.3
1117760 1246.3
1117770 1240.9
1117780 1235.1
1117790 1228.7
1117800 1228.7
1117810 1222.7
1117820 1218.1
1117830 1218.1
1117840 1214.4
1117850 1208.9
1117860 1208.9
1117870 1203.8
1117880 1197.1
1117890 1197.1
1117900 1191.8
1117910 1187.4
1117920 1187.4
1117930 1182.2
1117940 1176.7
1117950 1180.2
1117960 1177.0
1117970 1172.4
1117980 1172.4
1117990 1166.7
1118000 1161.2
1118010 1161.2
1118020 1154.1
1118030 1146.6
1118040 1146.6
1118050 1139.3
1118060 1134.0
1118070 1132.1
1118080 1132.1
1118090 1130.9
1118100 1128.4
1118110 1128.4
1118120 1124.7
1118130 1121.0
1118140 1121.0
1118150 1118.2
1118160 1113.4
1118170 1113.4
1118180 1103.9
1118190 1094.1
1118200 1094.1
1118210 1087.3
1118220 1089.4
1118230 1089.4
1118240 1090.9
1118250 1092.0
1118260 1092.0
1118270 1089.5
1118280 1085.2
1118290 1085.2
1118300 1084.8
1118310 1080.7
1118320 1080.7
1118330 1076.1
1118340 1071.4
1118350 1066.5
1118360 1066.5
1118370 1061.7
1118380 1057.1
1118390 1057.1
1118400 1052.5
1118410 1048.1
1118420 1048.1
1118430 1044.0
1118440 1040.0
1118450 1040.0
1118460 1035.6
1118470 1031.2
1118480 1031.2
1118490 1027.0
1118500 1022.4
1118510 1022.4
1118520 1018.4
1118530 1014.8
1118540 1014.8
1118550 1010.3
1118560 1005.8
1118570 1005.8
1118580 1001.9
1118590 998.6
1118600 996.5
1118610 996.5
1118620 993.9
1118630 990.7
1118640 990.7
1118650 988.4
1118660 985.5
1118670 985.5
1118680 983.8
1118690 980.7
1118700 980.7
1118710 978.3
1118720 975.9
1118730 975.9
1118740 973.3
1118750 967.9
1118760 967.9
1118770 963.3
1118780 960.9
1118790 960.9
1118800 956.2
1118810 953.5
1118820 953.5
1118830 954.7
1118840 955.1
1118850 955.1
1118860 957.1
1118870 963.8
1118880 969.5
1118890 969.5
1118900 971.2
1118910 973.1
1118920 973.1
1118930 975.3
1118940 974.0
1118950 974.0
1118960 972.8
1118970 975.8
1118980 975.8
1118990 979.3
1119000 976.4
1119010 976.4
1119020 980.1
1119030 987.7
1119040 987.7
1119050 994.2
1119060 993.0
1119070 993.0
1119080 993.1
1119090 995.7
1119100 995.7
1119110 1000.9
1119120 1002.2
1119130 1002.2
1119140 1002.6
1119150 1003.0
1119160 1003.5
1119170 1003.5
1119180 1003.7
1119190 1003.7
1119200 1003.7
1119210 1004.6
1119220 1005.0
1119230 1005.0
1119240 1005.3
1119250 1005.3
1119260 1005.3
1119270 1005.7
1119280 1006.1
1119290 1006.1
1119300 1006.8
1119310 1007.6
1119320 1007.6
1119330 1008.1
1119340 1008.6
1119350 1008.8
1119360 1009.6
1119370 1010.2
1119380 1010.2
1119390 1010.7
1119400 1011.4
1119410 1011.4
1119420 1012.0
1119430 1012.9
1119440 1013.7
1119450 1013.7
1119460 1014.5
1119470 1015.3
1119480 1015.3
1119490 1016.0
1119500 1016.8
1119510 1016.8
1119520 1017.5
1119530 1018.3
1119540 1018.3
1119550 1019.2
1119560 1020.1
1119570 1020.1
1119580 1021.0
1119590 1021.8
1119600 1021.8
1119610 1022.8
1119620 1023.6
1119630 1023.6
1119640 1024.5
1119650 1025.7
1119660 1025.7
1119670 1027.0
1119680 1028.2
1119690 1028.2
1119700 1029.8
1119710 1031.5
1119720 1034.2
1119730 1034.2
1119740 1037.4
1119750 1039.9
1119760 1039.9
1119770 1042.0
1119780 1044.7
1119790 1044.7
1119800 1046.6
1119810 1048.9
1119820 1048.9
1119830 1051.3
1119840 1053.8
1119850 1053.8
1119860 1056.9
1119870 1060.5
1119880 1060.5
1119890 1066.6
1119900 1071.4
1119910 1071.4
1119920 1072.9
1119930 1073.8
1119940 1073.8
1119950 1075.6
1119960 1079.3
1119970 1079.3
1119980 1084.8
1119990 1089.0
