1100000 1587.5
1100010 1584.0
1100020 1584.0
1100030 1579.6
1100040 1574.4
1100050 1574.4
1100060 1569.1
1100070 1564.6
1100080 1566.0
1100090 1560.2
1100100 1554.3
1100110 1554.3
1100120 1548.7
1100130 1542.9
1100140 1542.9
1100150 1536.2
1100160 1528.5
1100170 1521.4
1100180 1521.4
1100190 1515.1
1100200 1509.5
1100210 1509.5
1100220 1504.7
1100230 1498.5
1100240 1498.5
1100250 1491.2
1100260 1484.0
1100270 1484.0
1100280 1477.1
1100290 1469.4
1100300 1469.4
1100310 1461.2
1100320 1452.5
1100330 1452.5
1100340 1444.1
1100350 1436.7
1100360 1436.7
1100370 1432.5
1100380 1428.3
1100390 1428.3
1100400 1422.5
1100410 1424.0
1100420 1424.0
1100430 1420.9
1100440 1416.4
1100450 1411.9
1100460 1411.9
1100470 1407.8
1100480 1404.8
1100490 1404.8
1100500 1400.8
1100510 1396.6
1100520 1396.6
1100530 1392.6
1100540 1389.1
1100550 1389.1
1100560 1386.0
1100570 1383.4
1100580 1383.4
1100590 1381.0
1100600 1377.9
1100610 1377.9
1100620 1375.2
1100630 1372.7
1100640 1372.7
1100650 1369.4
1100660 1363.7
1100670 1363.7
1100680 1361.2
1100690 1363.1
1100700 1363.1
1100710 1364.5
1100720 1366.6
1100730 1368.4
1100740 1367.2
1100750 1368.7
1100760 1369.4
1100770 1369.4
1100780 1369.8
1100790 1371.9
1100800 1371.9
1100810 1375.0
1100820 1378.0
1100830 1378.0
1100840 1380.1
1100850 1382.8
1100860 1382.8
1100870 1386.2
1100880 1389.1
1100890 1389.1
1100900 1391.2
1100910 1394.2
1100920 1394.2
1100930 1396.5
1100940 1399.6
1100950 1399.6
1100960 1400.7
1100970 1401.1
1100980 1401.1
1100990 1401.8
1101000 1403.0
1101010 1403.3
1101020 1403.3
1101030 1403.3
1101040 1403.2
1101050 1403.2
1101060 1402.9
1101070 1402.8
1101080 1402.9
1101090 1402.4
1101100 1402.3
1101110 1402.3
1101120 1402.8
1101130 1403.4
1101140 1403.4
1101150 1404.9
1101160 1407.4
1101170 1407.4
1101180 1410.2
1101190 1413.8
1101200 1413.8
1101210 1417.5
1101220 1420.0
1101230 1420.0
1101240 1423.6
1101250 1428.0
1101260 1431.8
1101270 1431.8
1101280 1436.9
1101290 1443.5
1101300 1443.5
1101310 1451.4
1101320 1457.4
1101330 1457.4
1101340 1461.2
1101350 1463.5
1101360 1463.5
1101370 1464.7
1101380 1467.2
1101390 1467.2
1101400 1471.1
1101410 1470.7
1101420 1470.7
1101430 1475.0
1101440 1480.6
1101450 1480.6
1101460 1486.3
1101470 1490.6
1101480 1490.6
1101490 1493.7
1101500 1495.8
1101510 1495.8
1101520 1496.3
1101530 1498.5
1101540 1500.9
1101550 1500.9
1101560 1502.8
1101570 1505.2
1101580 1505.2
1101590 1507.4
1101600 1508.9
1101610 1508.9
1101620 1509.6
1101630 1510.5
1101640 1510.5
1101650 1511.8
1101660 1513.9
1101670 1513.9
1101680 1515.9
1101690 1518.3
1101700 1518.3
1101710 1520.3
1101720 1521.5
1101730 1521.5
1101740 1514.0
1101750 1515.0
1101760 1515.0
1101770 1517.0
1101780 1518.6
1101790 1518.6
1101800 1519.5
1101810 1520.4
1101820 1520.6
1101830 1520.6
1101840 1520.3
1101850 1520.7
1101860 1520.7
1101870 1522.1
1101880 1523.2
1101890 1523.2
1101900 1522.7
1101910 1522.1
1101920 1522.1
1101930 1521.4
1101940 1520.4
1101950 1520.4
1101960 1518.5
1101970 1516.2
1101980 1516.2
1101990 1512.3
1102000 1508.5
1102010 1508.5
1102020 1507.6
1102030 1506.7
1102040 1506.7
1102050 1507.0
1102060 1505.7
1102070 1498.6
1102080 1498.0
1102090 1498.8
1102100 1499.0
1102110 1499.0
1102120 1498.6
1102130 1497.8
1102140 1497.8
1102150 1495.4
1102160 1492.4
1102170 1492.4
1102180 1486.1
1102190 1481.4
1102200 1481.4
1102210 1479.1
1102220 1478.8
1102230 1478.8
1102240 1478.9
1102250 1481.2
1102260 1481.2
1102270 1481.5
1102280 1478.6
1102290 1478.6
1102300 1473.2
1102310 1469.7
1102320 1469.7
1102330 1467.7
1102340 1462.9
1102350 1462.9
1102360 1458.8
1102370 1452.4
1102380 1440.5
1102390 1440.5
1102400 1432.8
1102410 1427.7
1102420 1427.7
1102430 1430.8
1102440 1434.7
1102450 1434.7
1102460 1438.6
1102470 1438.1
1102480 1438.1
1102490 1433.5
1102500 1428.8
1102510 1428.8
1102520 1426.6
1102530 1425.3
1102540 1425.3
1102550 1425.2
1102560 1424.3
1102570 1424.3
1102580 1423.6
1102590 1423.4
1102600 1423.4
1102610 1422.3
1102620 1422.2
1102630 1422.2
1102640 1421.9
1102650 1421.9
1102660 1422.6
1102670 1422.6
1102680 1427.0
1102690 1431.9
1102700 1431.9
1102710 1432.9
1102720 1432.1
1102730 1432.1
1102740 1424.4
1102750 1423.6
1102760 1423.6
1102770 1422.5
1102780 1421.8
1102790 1421.8
1102800 1420.9
1102810 1419.4
1102820 1419.4
1102830 1418.3
1102840 1417.8
1102850 1417.8
1102860 1417.1
1102870 1416.7
1102880 1416.7
1102890 1415.9
1102900 1414.5
1102910 1414.5
1102920 1412.2
1102930 1409.5
1102940 1408.7
1102950 1408.7
1102960 1408.7
1102970 1408.2
1102980 1408.2
1102990 1407.5
1103000 1407.0
1103010 1407.0
1103020 1405.5
1103030 1404.6
1103040 1404.6
1103050 1402.6
1103060 1401.5
1103070 1395.8
1103080 1393.7
1103090 1392.6
1103100 1392.6
1103110 1391.4
1103120 1390.0
1103130 1390.0
1103140 1389.2
1103150 1387.7
1103160 1387.7
1103170 1385.7
1103180 1384.6
1103190 1384.6
1103200 1384.6
1103210 1382.9
1103220 1380.7
1103230 1380.7
1103240 1378.6
1103250 1375.8
1103260 1375.8
1103270 1372.3
1103280 1369.6
1103290 1369.6
1103300 1367.4
1103310 1366.2
1103320 1366.2
1103330 1361.9
1103340 1355.0
1103350 1355.0
1103360 1348.5
1103370 1344.5
1103380 1344.5
1103390 1346.1
1103400 1345.7
1103410 1339.1
1103420 1336.8
1103430 1335.0
1103440 1335.0
1103450 1335.2
1103460 1335.5
1103470 1335.5
1103480 1333.0
1103490 1329.6
1103500 1327.8
1103510 1327.8
1103520 1325.0
1103530 1318.8
1103540 1318.8
1103550 1315.0
1103560 1315.4
1103570 1315.4
1103580 1314.9
1103590 1313.1
1103600 1313.1
1103610 1309.8
1103620 1308.0
1103630 1308.0
1103640 1308.3
1103650 1309.6
1103660 1309.6
1103670 1313.1
1103680 1316.7
1103690 1316.7
1103700 1322.1
1103710 1324.4
1103720 1324.4
1103730 1325.0
1103740 1322.9
1103750 1322.9
1103760 1322.0
1103770 1320.6
1103780 1318.8
1103790 1318.8
1103800 1317.9
1103810 1315.2
1103820 1315.2
1103830 1313.2
1103840 1310.1
1103850 1310.1
1103860 1307.9
1103870 1306.3
1103880 1306.3
1103890 1304.5
1103900 1302.5
1103910 1302.5
1103920 1300.8
1103930 1298.6
1103940 1298.6
1103950 1296.6
1103960 1294.4
1103970 1294.4
1103980 1292.3
1103990 1290.6
1104000 1290.6
1104010 1287.1
1104020 1281.1
1104030 1281.1
1104040 1274.4
1104050 1268.0
1104060 1262.1
1104070 1262.1
1104080 1256.2
1104090 1255.9
1104100 1255.9
1104110 1261.3
1104120 1265.9
1104130 1265.9
1104140 1271.1
1104150 1271.9
1104160 1271.9
1104170 1269.4
1104180 1267.8
1104190 1267.8
1104200 1265.9
1104210 1264.3
1104220 1264.3
1104230 1262.6
1104240 1260.7
1104250 1260.7
1104260 1258.2
1104270 1256.4
1104280 1256.4
1104290 1255.6
1104300 1254.4
1104310 1254.4
1104320 1253.1
1104330 1252.1
1104340 1251.3
1104350 1251.3
1104360 1250.4
1104370 1248.8
1104380 1248.8
1104390 1246.3
1104400 1243.3
1104410 1239.4
1104420 1233.9
1104430 1226.2
1104440 1226.2
1104450 1220.0
1104460 1212.7
1104470 1212.7
1104480 1201.6
1104490 1192.2
1104500 1192.2
1104510 1187.4
1104520 1184.3
1104530 1184.3
1104540 1185.8
1104550 1187.6
1104560 1187.6
1104570 1190.3
1104580 1191.7
1104590 1191.7
1104600 1193.8
1104610 1194.2
1104620 1193.7
1104630 1193.7
1104640 1191.4
1104650 1194.4
1104660 1194.4
1104670 1195.8
1104680 1197.3
1104690 1197.3
1104700 1198.9
1104710 1199.2
1104720 1199.2
1104730 1199.8
1104740 1208.9
1104750 1215.2
1104760 1220.6
1104770 1220.2
1104780 1220.2
1104790 1225.5
1104800 1234.8
1104810 1234.8
1104820 1238.9
1104830 1240.2
1104840 1240.2
1104850 1240.9
1104860 1241.6
1104870 1241.6
1104880 1243.0
1104890 1245.0
1104900 1246.8
1104910 1246.8
1104920 1249.3
1104930 1251.7
1104940 1251.7
1104950 1252.6
1104960 1253.8
1104970 1253.8
1104980 1254.9
1104990 1255.8
1105000 1255.8
1105010 1259.6
1105020 1260.8
1105030 1260.8
1105040 1261.5
1105050 1262.2
1105060 1262.2
1105070 1263.0
1105080 1265.9
1105090 1265.9
1105100 1267.9
1105110 1269.8
1105120 1269.8
1105130 1270.5
1105140 1270.6
1105150 1275.2
1105160 1275.2
1105170 1279.7
1105180 1282.5
1105190 1282.5
1105200 1284.4
1105210 1285.8
1105220 1285.8
1105230 1287.2
1105240 1288.3
1105250 1288.3
1105260 1289.2
1105270 1290.1
1105280 1290.1
1105290 1291.4
1105300 1292.5
1105310 1292.5
1105320 1293.4
1105330 1294.4
1105340 1294.4
1105350 1296.2
1105360 1298.2
1105370 1298.2
1105380 1300.1
1105390 1302.2
1105400 1302.2
1105410 1304.5
1105420 1312.2
1105430 1314.5
1105440 1314.5
1105450 1317.1
1105460 1320.6
1105470 1320.6
1105480 1324.2
1105490 1327.8
1105500 1327.8
1105510 1331.5
1105520 1333.9
1105530 1333.9
1105540 1338.0
1105550 1343.6
1105560 1343.6
1105570 1348.5
1105580 1354.1
1105590 1354.1
1105600 1360.3
1105610 1366.4
1105620 1366.4
1105630 1372.8
1105640 1378.3
1105650 1378.3
1105660 1381.5
1105670 1380.8
1105680 1380.8
1105690 1385.7
1105700 1394.8
1105710 1401.4
1105720 1401.4
1105730 1407.0
1105740 1412.6
1105750 1418.8
1105760 1424.7
1105770 1430.1
1105780 1430.1
1105790 1435.1
1105800 1440.8
1105810 1440.8
1105820 1446.4
1105830 1452.0
1105840 1452.0
1105850 1457.3
1105860 1462.5
1105870 1462.5
1105880 1465.6
1105890 1468.3
1105900 1468.3
1105910 1472.2
1105920 1476.3
1105930 1476.3
1105940 1481.1
1105950 1486.3
1105960 1486.3
1105970 1491.1
1105980 1495.9
1105990 1501.1
1106000 1501.1
1106010 1505.3
1106020 1509.3
1106030 1509.3
1106040 1513.7
1106050 1517.4
1106060 1517.4
1106070 1520.8
1106080 1524.3
1106090 1528.4
1106100 1531.6
1106110 1534.4
1106120 1534.4
1106130 1537.0
1106140 1538.7
1106150 1538.7
1106160 1539.6
1106170 1540.8
1106180 1540.8
1106190 1541.9
1106200 1542.2
1106210 1542.2
1106220 1542.2
1106230 1541.8
1106240 1541.8
1106250 1541.2
1106260 1540.6
1106270 1540.0
1106280 1540.0
1106290 1538.1
1106300 1535.0
1106310 1535.0
1106320 1530.1
1106330 1523.3
1106340 1523.3
1106350 1514.9
1106360 1503.8
1106370 1503.8
1106380 1492.9
1106390 1481.9
1106400 1481.9
1106410 1471.8
1106420 1462.4
1106430 1463.9
1106440 1455.4
1106450 1447.5
1106460 1447.5
1106470 1440.0
1106480 1432.3
1106490 1432.3
1106500 1425.0
1106510 1418.3
1106520 1418.3
1106530 1412.4
1106540 1406.6
1106550 1400.5
1106560 1400.5
1106570 1395.1
1106580 1390.1
1106590 1390.1
1106600 1384.6
1106610 1379.4
1106620 1379.4
1106630 1373.3
1106640 1367.2
1106650 1367.2
1106660 1361.1
1106670 1355.3
1106680 1355.3
1106690 1353.8
1106700 1349.2
1106710 1349.2
1106720 1341.3
1106730 1334.5
1106740 1334.5
1106750 1328.8
1106760 1330.1
1106770 1330.1
1106780 1326.5
1106790 1319.3
1106800 1319.3
1106810 1312.7
1106820 1307.0
1106830 1299.8
1106840 1299.8
1106850 1288.5
1106860 1278.6
1106870 1278.6
1106880 1272.0
1106890 1264.5
1106900 1264.5
1106910 1250.7
1106920 1245.2
1106930 1245.2
1106940 1246.8
1106950 1252.6
1106960 1252.6
1106970 1264.4
1106980 1272.1
1106990 1272.1
1107000 1277.5
1107010 1282.5
1107020 1282.5
1107030 1286.3
1107040 1289.0
1107050 1289.0
1107060 1291.7
1107070 1295.5
1107080 1295.5
1107090 1300.6
1107100 1309.5
1107110 1315.2
1107120 1315.2
1107130 1322.4
1107140 1326.5
1107150 1326.5
1107160 1330.4
1107170 1334.4
1107180 1334.4
1107190 1338.2
1107200 1341.7
1107210 1341.7
1107220 1343.7
1107230 1344.0
1107240 1344.0
1107250 1344.7
1107260 1344.7
1107270 1344.7
1107280 1345.7
1107290 1348.5
1107300 1348.5
1107310 1354.9
1107320 1363.6
1107330 1363.6
1107340 1372.0
1107350 1379.2
1107360 1379.2
1107370 1387.4
1107380 1396.2
1107390 1405.4
1107400 1405.4
1107410 1414.3
1107420 1422.1
1107430 1422.1
1107440 1429.9
1107450 1438.2
1107460 1438.2
1107470 1446.3
1107480 1454.7
1107490 1454.7
1107500 1462.6
1107510 1471.0
1107520 1471.0
1107530 1478.0
1107540 1485.9
1107550 1485.9
1107560 1493.8
1107570 1500.3
1107580 1500.3
1107590 1506.5
1107600 1511.5
1107610 1511.5
1107620 1517.1
1107630 1521.7
1107640 1521.7
1107650 1525.5
1107660 1529.8
1107670 1533.7
1107680 1533.7
1107690 1538.2
1107700 1543.4
1107710 1543.4
1107720 1550.1
1107730 1552.9
1107740 1552.9
1107750 1556.0
1107760 1559.3
1107770 1559.3
1107780 1568.4
1107790 1570.9
1107800 1570.9
1107810 1572.2
1107820 1571.6
1107830 1571.6
1107840 1570.7
1107850 1570.6
1107860 1570.6
1107870 1572.1
1107880 1575.2
1107890 1575.2
1107900 1580.1
1107910 1582.9
1107920 1582.9
1107930 1588.1
1107940 1592.3
1107950 1597.8
1107960 1597.8
1107970 1601.8
1107980 1604.6
1107990 1604.6
1108000 1608.4
1108010 1612.6
1108020 1612.6
1108030 1615.4
1108040 1620.6
1108050 1620.6
1108060 1625.6
1108070 1630.8
1108080 1630.8
1108090 1637.5
1108100 1643.4
1108110 1643.4
1108120 1655.7
1108130 1660.8
1108140 1660.8
1108150 1665.3
1108160 1666.9
1108170 1666.9
1108180 1672.7
1108190 1678.8
1108200 1685.5
1108210 1685.5
1108220 1691.5
1108230 1696.9
1108240 1696.9
1108250 1701.6
1108260 1707.3
1108270 1707.3
1108280 1713.3
1108290 1719.1
1108300 1719.1
1108310 1724.6
1108320 1730.7
1108330 1730.7
1108340 1738.3
1108350 1745.4
1108360 1745.4
1108370 1752.3
1108380 1758.6
1108390 1758.6
1108400 1764.2
1108410 1769.2
1108420 1769.2
1108430 1773.9
1108440 1778.9
1108450 1779.4
1108460 1784.3
1108470 1789.5
1108480 1795.1
1108490 1795.1
1108500 1800.7
1108510 1806.7
1108520 1806.7
1108530 1812.1
1108540 1817.6
1108550 1817.6
1108560 1823.9
1108570 1830.4
1108580 1830.4
1108590 1836.9
1108600 1843.0
1108610 1843.0
1108620 1849.0
1108630 1854.5
1108640 1854.5
1108650 1858.4
1108660 1864.6
1108670 1864.6
1108680 1871.4
1108690 1878.5
1108700 1878.5
1108710 1885.0
1108720 1892.5
1108730 1892.5
1108740 1900.9
1108750 1909.0
1108760 1918.0
1108770 1918.0
1108780 1931.0
1108790 1944.7
1108800 1944.7
1108810 1954.2
1108820 1963.4
1108830 1963.4
1108840 1971.5
1108850 1979.7
1108860 1979.7
1108870 1989.4
1108880 1992.8
1108890 1992.8
1108900 1982.1
1108910 1972.2
1108920 1972.2
1108930 1963.2
1108940 1953.8
1108950 1953.8
1108960 1944.9
1108970 1936.8
1108980 1936.8
1108990 1930.1
1109000 1923.1
1109010 1923.1
1109020 1916.4
1109030 1909.5
1109040 1902.7
1109050 1902.7
1109060 1898.1
1109070 1893.4
1109080 1893.4
1109090 1887.1
1109100 1881.0
1109110 1881.0
1109120 1875.1
1109130 1869.8
1109140 1869.8
1109150 1863.2
1109160 1857.7
1109170 1857.7
1109180 1852.6
1109190 1847.8
1109200 1847.8
1109210 1843.3
1109220 1839.2
1109230 1839.2
1109240 1836.5
1109250 1835.4
1109260 1835.4
1109270 1835.0
1109280 1835.0
1109290 1835.0
1109300 1835.0
1109310 1835.0
1109320 1836.3
1109330 1836.3
1109340 1839.9
1109350 1843.4
1109360 1843.4
1109370 1846.6
1109380 1848.6
1109390 1848.6
1109400 1849.0
1109410 1848.4
1109420 1848.4
1109430 1846.9
1109440 1845.3
1109450 1845.3
1109460 1846.0
1109470 1843.8
1109480 1843.8
1109490 1844.1
1109500 1844.1
1109510 1844.1
1109520 1845.2
1109530 1846.9
1109540 1846.9
1109550 1846.4
1109560 1843.7
1109570 1843.7
1109580 1840.9
1109590 1840.0
1109600 1838.9
1109610 1838.9
1109620 1837.9
1109630 1838.2
1109640 1838.2
1109650 1838.5
1109660 1839.7
1109670 1839.7
1109680 1840.1
1109690 1840.5
1109700 1840.5
1109710 1841.4
1109720 1842.2
1109730 1842.2
1109740 1842.9
1109750 1843.8
1109760 1843.8
1109770 1845.0
1109780 1846.2
1109790 1846.2
1109800 1846.7
1109810 1839.5
1109820 1839.5
1109830 1839.5
1109840 1838.7
1109850 1838.7
1109860 1838.2
1109870 1836.7
1109880 1833.7
1109890 1833.7
1109900 1831.2
1109910 1828.8
1109920 1828.8
1109930 1826.5
1109940 1824.6
1109950 1824.6
1109960 1823.3
1109970 1821.4
1109980 1821.4
1109990 1819.2
1110000 1816.9
1110010 1816.9
1110020 1813.8
1110030 1810.0
1110040 1810.0
1110050 1806.3
1110060 1802.5
1110070 1802.5
1110080 1799.5
1110090 1797.2
1110100 1797.2
1110110 1795.2
1110120 1792.7
1110130 1792.7
1110140 1790.1
1110150 1783.7
1110160 1781.3
1110170 1781.3
1110180 1777.9
1110190 1774.7
1110200 1774.7
1110210 1771.9
1110220 1769.1
1110230 1769.1
1110240 1765.8
1110250 1762.1
1110260 1762.1
1110270 1758.9
1110280 1757.1
1110290 1757.1
1110300 1754.4
1110310 1751.8
1110320 1751.8
1110330 1748.1
1110340 1744.7
1110350 1744.7
1110360 1742.1
1110370 1739.6
1110380 1739.6
1110390 1736.4
1110400 1732.0
1110410 1732.0
1110420 1728.6
1110430 1724.1
1110440 1718.9
1110450 1718.9
1110460 1713.1
1110470 1707.0
1110480 1707.0
1110490 1697.9
1110500 1691.7
1110510 1691.7
1110520 1684.7
1110530 1678.0
1110540 1678.0
1110550 1672.6
1110560 1668.5
1110570 1668.5
1110580 1663.4
1110590 1660.1
1110600 1660.1
1110610 1655.9
1110620 1648.8
1110630 1648.8
1110640 1640.7
1110650 1633.6
1110660 1633.6
1110670 1626.5
1110680 1618.7
1110690 1618.7
1110700 1612.3
1110710 1606.6
1110720 1601.8
1110730 1601.8
1110740 1596.1
1110750 1590.5
1110760 1590.5
1110770 1585.1
1110780 1580.3
1110790 1580.3
1110800 1575.8
1110810 1570.9
1110820 1570.9
1110830 1569.1
1110840 1563.7
1110850 1563.7
1110860 1557.4
1110870 1551.3
1110880 1551.3
1110890 1545.5
1110900 1539.7
1110910 1539.7
1110920 1536.9
1110930 1537.0
1110940 1537.0
1110950 1535.1
1110960 1532.6
1110970 1531.5
1110980 1531.5
1110990 1530.9
1111000 1529.4
1111010 1529.4
1111020 1527.2
1111030 1524.7
1111040 1524.7
1111050 1521.5
1111060 1518.2
1111070 1518.2
1111080 1514.4
1111090 1510.8
1111100 1510.8
1111110 1507.4
1111120 1504.6
1111130 1504.6
1111140 1501.5
1111150 1498.6
1111160 1498.6
1111170 1492.3
1111180 1487.4
1111190 1487.4
1111200 1481.3
1111210 1474.7
1111220 1474.7
1111230 1467.7
1111240 1462.1
1111250 1457.9
1111260 1457.9
1111270 1454.6
1111280 1451.6
1111290 1451.6
1111300 1448.3
1111310 1444.2
1111320 1444.2
1111330 1439.3
1111340 1434.3
1111350 1434.3
1111360 1429.9
1111370 1425.5
1111380 1425.5
1111390 1421.4
1111400 1417.2
1111410 1417.2
1111420 1412.7
1111430 1407.9
1111440 1407.9
1111450 1402.4
1111460 1395.5
1111470 1395.5
1111480 1388.1
1111490 1384.0
1111500 1384.0
1111510 1386.4
1111520 1381.5
1111530 1375.8
1111540 1375.8
1111550 1371.6
1111560 1367.7
1111570 1367.7
1111580 1362.4
1111590 1358.5
1111600 1358.5
1111610 1353.9
1111620 1349.5
1111630 1349.5
1111640 1345.1
1111650 1340.4
1111660 1340.4
1111670 1336.3
1111680 1331.6
1111690 1331.6
1111700 1327.2
1111710 1323.4
1111720 1323.4
1111730 1320.2
1111740 1317.6
1111750 1317.6
1111760 1315.1
1111770 1312.7
1111780 1312.7
1111790 1310.3
1111800 1307.0
1111810 1303.4
1111820 1303.4
1111830 1299.6
1111840 1297.8
1111850 1297.8
1111860 1301.3
1111870 1308.4
1111880 1308.4
1111890 1314.3
1111900 1318.7
1111910 1318.7
1111920 1321.6
1111930 1319.7
1111940 1319.7
1111950 1320.9
1111960 1326.4
1111970 1326.4
1111980 1330.8
1111990 1337.9
1112000 1337.9
1112010 1346.3
1112020 1352.3
1112030 1352.3
1112040 1360.0
1112050 1368.3
1112060 1368.3
1112070 1376.2
1112080 1383.3
1112090 1389.7
1112100 1389.7
1112110 1396.7
1112120 1404.3
1112130 1404.3
1112140 1410.8
1112150 1417.0
1112160 1417.0
1112170 1423.5
1112180 1429.8
1112190 1429.8
1112200 1437.7
1112210 1445.1
1112220 1445.1
1112230 1452.2
1112240 1459.7
1112250 1459.7
1112260 1467.2
1112270 1473.7
1112280 1473.7
1112290 1480.1
1112300 1486.4
1112310 1486.4
1112320 1493.5
1112330 1502.6
1112340 1502.6
1112350 1511.9
1112360 1521.5
1112370 1531.2
1112380 1531.2
1112390 1541.0
1112400 1551.1
1112410 1551.1
1112420 1561.3
1112430 1571.0
1112440 1571.0
1112450 1578.7
1112460 1586.0
1112470 1586.0
1112480 1592.9
1112490 1598.5
1112500 1598.5
1112510 1602.9
1112520 1606.5
1112530 1606.5
1112540 1612.1
1112550 1616.7
1112560 1616.7
1112570 1621.9
1112580 1626.3
1112590 1626.3
1112600 1628.7
1112610 1630.0
1112620 1630.0
1112630 1631.6
1112640 1633.6
1112650 1635.2
1112660 1635.2
1112670 1636.7
1112680 1637.7
1112690 1637.7
1112700 1638.7
1112710 1639.7
1112720 1639.7
1112730 1641.9
1112740 1644.7
1112750 1644.7
1112760 1647.5
1112770 1651.1
1112780 1651.1
1112790 1653.8
1112800 1655.0
1112810 1655.0
1112820 1656.0
1112830 1660.1
1112840 1660.1
1112850 1664.7
1112860 1668.7
1112870 1668.7
1112880 1672.2
1112890 1677.3
1112900 1677.3
1112910 1681.4
1112920 1685.9
1112930 1690.2
1112940 1690.2
1112950 1693.9
1112960 1697.6
1112970 1697.6
1112980 1702.2
1112990 1707.7
1113000 1707.7
1113010 1714.0
1113020 1721.0
1113030 1721.0
1113040 1727.4
1113050 1732.7
1113060 1732.7
1113070 1737.3
1113080 1742.9
1113090 1742.9
1113100 1749.1
1113110 1755.1
1113120 1755.1
1113130 1760.5
1113140 1765.4
1113150 1765.4
1113160 1770.2
1113170 1775.9
1113180 1775.9
1113190 1782.1
1113200 1787.8
1113210 1793.0
1113220 1793.0
1113230 1795.3
1113240 1796.6
1113250 1796.6
1113260 1796.7
1113270 1796.6
1113280 1796.6
1113290 1796.7
1113300 1796.3
1113310 1796.3
1113320 1796.6
1113330 1797.8
1113340 1797.8
1113350 1799.0
1113360 1800.2
1113370 1800.2
1113380 1802.9
1113390 1806.1
1113400 1806.1
1113410 1809.8
1113420 1813.1
1113430 1813.1
1113440 1815.8
1113450 1819.9
1113460 1822.4
1113470 1822.4
1113480 1825.2
1113490 1828.4
1113500 1828.4
1113510 1831.5
1113520 1835.5
1113530 1835.5
1113540 1838.4
1113550 1840.8
1113560 1840.8
1113570 1840.2
1113580 1844.3
1113590 1844.3
1113600 1848.5
1113610 1852.2
1113620 1852.2
1113630 1857.0
1113640 1862.8
1113650 1862.8
1113660 1870.1
1113670 1876.1
1113680 1876.1
1113690 1879.8
1113700 1883.2
1113710 1883.2
1113720 1885.9
1113730 1888.7
1113740 1892.2
1113750 1892.2
1113760 1896.4
1113770 1900.3
1113780 1900.3
1113790 1904.2
1113800 1907.3
1113810 1907.3
1113820 1910.6
1113830 1915.2
1113840 1915.2
1113850 1920.1
1113860 1925.5
1113870 1925.5
1113880 1931.9
1113890 1940.1
1113900 1940.1
1113910 1955.4
1113920 1965.5
1113930 1965.5
1113940 1973.9
1113950 1980.7
1113960 1980.7
1113970 1978.7
1113980 1973.4
1113990 1973.4
1114000 1972.8
1114010 1973.6
1114020 1972.8
1114030 1972.8
1114040 1973.3
1114050 1973.0
1114060 1973.0
1114070 1973.3
1114080 1973.0
1114090 1973.0
1114100 1971.8
1114110 1970.3
1114120 1970.3
1114130 1968.7
1114140 1964.6
1114150 1964.6
1114160 1953.2
1114170 1941.9
1114180 1941.9
1114190 1930.8
1114200 1919.0
1114210 1919.0
1114220 1907.8
1114230 1891.1
1114240 1891.1
1114250 1881.2
1114260 1873.2
1114270 1873.2
1114280 1866.0
1114290 1858.9
1114300 1852.3
1114310 1852.3
1114320 1845.7
1114330 1839.1
1114340 1839.1
1114350 1832.5
1114360 1826.9
1114370 1826.9
1114380 1821.5
1114390 1815.0
1114400 1815.0
1114410 1809.3
1114420 1802.0
1114430 1802.0
1114440 1796.0
1114450 1789.2
1114460 1789.2
1114470 1781.8
1114480 1774.1
1114490 1774.1
1114500 1765.5
1114510 1756.7
1114520 1756.7
1114530 1747.3
1114540 1739.2
1114550 1739.2
1114560 1731.8
1114570 1722.7
1114580 1714.8
1114590 1714.8
1114600 1710.7
1114610 1706.4
1114620 1706.4
1114630 1698.0
1114640 1688.6
1114650 1688.6
1114660 1678.8
1114670 1670.4
1114680 1670.4
1114690 1659.7
1114700 1647.4
1114710 1647.4
1114720 1636.2
1114730 1627.2
1114740 1627.2
1114750 1617.6
1114760 1610.6
1114770 1610.6
1114780 1599.1
1114790 1591.5
1114800 1591.5
1114810 1583.7
1114820 1575.9
1114830 1575.9
1114840 1569.1
1114850 1561.5
1114860 1552.8
1114870 1552.8
1114880 1535.9
1114890 1522.2
1114900 1522.2
1114910 1515.7
1114920 1508.1
1114930 1508.1
1114940 1495.0
1114950 1485.9
1114960 1485.9
1114970 1480.2
1114980 1475.5
1114990 1475.5
1115000 1467.8
1115010 1460.1
1115020 1460.1
1115030 1453.5
1115040 1446.3
1115050 1446.3
1115060 1437.9
1115070 1429.4
1115080 1429.4
1115090 1421.6
1115100 1414.9
1115110 1414.9
1115120 1409.4
1115130 1403.6
1115140 1397.4
1115150 1397.4
1115160 1390.9
1115170 1384.5
1115180 1384.5
1115190 1378.8
1115200 1373.2
1115210 1373.2
1115220 1368.3
1115230 1363.3
1115240 1363.3
1115250 1358.3
1115260 1353.2
1115270 1353.2
1115280 1348.1
1115290 1341.6
1115300 1341.6
1115310 1335.8
1115320 1329.3
1115330 1329.3
1115340 1325.3
1115350 1321.7
1115360 1321.7
1115370 1324.9
1115380 1328.4
1115390 1328.4
1115400 1332.8
1115410 1339.5
1115420 1344.0
1115430 1344.0
1115440 1347.0
1115450 1348.6
1115460 1348.6
1115470 1348.2
1115480 1346.3
1115490 1346.3
1115500 1344.8
1115510 1345.8
1115520 1345.8
1115530 1345.7
1115540 1346.4
1115550 1346.4
1115560 1347.4
1115570 1348.9
1115580 1348.9
1115590 1351.1
1115600 1353.2
1115610 1353.2
1115620 1356.0
1115630 1363.2
1115640 1363.2
1115650 1365.5
1115660 1367.4
1115670 1367.4
1115680 1370.6
1115690 1374.3
1115700 1376.3
1115710 1376.3
1115720 1378.0
1115730 1379.9
1115740 1379.9
1115750 1381.0
1115760 1381.9
1115770 1381.9
1115780 1384.2
1115790 1389.1
1115800 1389.1
1115810 1394.8
1115820 1400.6
1115830 1400.6
1115840 1406.2
1115850 1410.7
1115860 1410.7
1115870 1414.9
1115880 1419.2
1115890 1419.2
1115900 1422.8
1115910 1428.0
1115920 1428.0
1115930 1435.6
1115940 1445.2
1115950 1445.2
1115960 1454.5
1115970 1462.0
1115980 1477.7
1115990 1477.7
1116000 1484.0
1116010 1489.4
1116020 1489.4
1116030 1492.5
1116040 1499.5
1116050 1499.5
1116060 1505.8
1116070 1512.4
1116080 1512.4
1116090 1521.0
1116100 1528.2
1116110 1528.2
1116120 1527.9
1116130 1527.4
1116140 1527.4
1116150 1529.4
1116160 1533.6
1116170 1533.6
1116180 1539.4
1116190 1542.6
1116200 1542.6
1116210 1542.8
1116220 1540.9
1116230 1537.2
1116240 1537.2
1116250 1536.1
1116260 1535.1
1116270 1535.1
1116280 1534.4
1116290 1534.2
1116300 1534.2
1116310 1533.4
1116320 1537.9
1116330 1537.9
1116340 1536.1
1116350 1533.3
1116360 1533.3
1116370 1530.3
1116380 1525.6
1116390 1525.6
1116400 1519.8
1116410 1516.1
1116420 1516.1
1116430 1510.4
1116440 1505.5
1116450 1505.5
1116460 1500.4
1116470 1494.6
1116480 1494.6
1116490 1488.8
1116500 1482.9
1116510 1476.0
1116520 1476.0
1116530 1467.2
1116540 1458.5
1116550 1458.5
1116560 1449.8
1116570 1441.0
1116580 1441.0
1116590 1431.3
1116600 1422.0
1116610 1422.0
1116620 1414.5
1116630 1410.9
1116640 1410.9
1116650 1408.9
1116660 1408.5
1116670 1417.4
1116680 1417.2
1116690 1414.7
1116700 1414.7
1116710 1410.1
1116720 1404.5
1116730 1404.5
1116740 1399.4
1116750 1394.9
1116760 1394.9
1116770 1390.9
1116780 1388.6
1116790 1386.4
1116800 1386.4
1116810 1382.9
1116820 1378.7
1116830 1378.7
1116840 1374.5
1116850 1371.5
1116860 1371.5
1116870 1368.9
1116880 1367.2
1116890 1367.2
1116900 1365.6
1116910 1362.8
1116920 1362.8
1116930 1358.3
1116940 1349.9
1116950 1349.9
1116960 1342.7
1116970 1341.6
1116980 1341.6
1116990 1339.7
1117000 1335.5
1117010 1335.5
1117020 1337.2
1117030 1336.7
1117040 1336.7
1117050 1335.9
1117060 1333.4
1117070 1330.3
1117080 1330.3
1117090 1327.4
1117100 1326.2
1117110 1326.2
1117120 1324.1
1117130 1321.6
1117140 1321.6
1117150 1319.5
1117160 1316.6
1117170 1316.6
1117180 1312.4
1117190 1309.3
1117200 1309.3
1117210 1305.7
1117220 1301.7
1117230 1301.7
1117240 1297.3
1117250 1293.1
1117260 1293.1
1117270 1288.0
1117280 1282.4
1117290 1282.4
1117300 1277.7
1117310 1274.0
1117320 1274.0
1117330 1270.1
1117340 1266.0
1117350 1262.3
1117360 1267.0
1117370 1263.3
1117380 1259.2
1117390 1259.2
1117400 1254.9
1117410 1250.6
1117420 1250.6
1117430 1245.3
1117440 1240.8
1117450 1240.8
1117460 1236.2
1117470 1231.6
1117480 1231.6
1117490 1227.9
1117500 1223.4
1117510 1223.4
1117520 1218.6
1117530 1213.9
1117540 1213.9
1117550 1208.7
1117560 1203.4
1117570 1203.4
1117580 1198.2
1117590 1193.3
1117600 1193.3
1117610 1188.7
1117620 1184.7
1117630 1180.6
1117640 1180.6
1117650 1176.4
1117660 1172.0
1117670 1172.0
1117680 1166.8
1117690 1162.0
1117700 1162.0
1117710 1162.0
1117720 1159.1
1117730 1159.1
1117740 1156.2
1117750 1152.2
1117760 1152.2
1117770 1148.1
1117780 1143.4
1117790 1143.4
1117800 1138.7
1117810 1134.6
1117820 1134.6
1117830 1131.1
1117840 1126.9
1117850 1126.9
1117860 1122.9
1117870 1118.8
1117880 1118.8
1117890 1114.9
1117900 1110.5
1117910 1106.1
1117920 1106.1
1117930 1101.7
1117940 1097.3
1117950 1097.3
1117960 1092.8
1117970 1087.4
1117980 1087.4
1117990 1081.6
1118000 1075.1
1118010 1075.1
1118020 1068.6
1118030 1061.7
1118040 1061.7
1118050 1054.5
1118060 1051.9
1118070 1051.9
1118080 1047.9
1118090 1043.0
1118100 1043.0
1118110 1038.5
1118120 1033.1
1118130 1033.1
1118140 1025.6
1118150 1017.0
1118160 1017.0
1118170 1010.0
1118180 1005.2
1118190 1001.2
1118200 1001.2
1118210 996.6
1118220 989.6
1118230 989.6
1118240 984.7
1118250 979.6
1118260 979.6
1118270 973.0
1118280 967.6
1118290 967.6
1118300 962.0
1118310 955.6
1118320 955.6
1118330 950.3
1118340 944.2
1118350 944.2
1118360 940.9
1118370 940.7
1118380 940.7
1118390 942.0
1118400 943.3
1118410 942.5
1118420 944.1
1118430 946.7
1118440 949.4
1118450 949.4
1118460 951.8
1118470 954.9
1118480 954.9
1118490 959.6
1118500 963.6
1118510 963.6
1118520 964.0
1118530 965.0
1118540 965.0
1118550 966.5
1118560 967.3
1118570 967.3
1118580 968.2
1118590 972.5
1118600 972.5
1118610 978.0
1118620 983.0
1118630 983.0
1118640 984.8
1118650 987.1
1118660 987.1
1118670 993.6
1118680 1001.5
1118690 1001.5
1118700 1008.0
1118710 1010.0
1118720 1010.6
1118730 1010.6
1118740 1011.0
1118750 1011.5
1118760 1011.5
1118770 1011.5
1118780 1011.1
1118790 1011.1
1118800 1010.5
1118810 1009.9
1118820 1009.9
1118830 1009.2
1118840 1008.9
1118850 1008.9
1118860 1009.2
1118870 1010.2
1118880 1010.2
1118890 1011.6
1118900 1013.0
1118910 1013.0
1118920 1013.5
1118930 1013.3
1118940 1013.3
1118950 1013.5
1118960 1013.7
1118970 1013.7
1118980 1013.7
1118990 1013.8
1119000 1013.9
1119010 1013.9
1119020 1014.1
1119030 1013.2
1119040 1013.2
1119050 1011.1
1119060 1009.2
1119070 1009.2
1119080 1007.5
1119090 1005.9
1119100 1005.1
1119110 1005.0
1119120 1005.0
1119130 1005.0
1119140 1005.9
1119150 1007.2
1119160 1007.2
1119170 1008.0
1119180 1010.7
1119190 1010.7
1119200 1012.2
1119210 1013.6
1119220 1013.6
1119230 1014.3
1119240 1014.9
1119250 1014.9
1119260 1015.7
1119270 1017.1
1119280 1019.2
1119290 1019.2
1119300 1021.9
1119310 1025.3
1119320 1025.3
1119330 1028.9
1119340 1032.2
1119350 1032.2
1119360 1035.6
1119370 1038.9
1119380 1038.9
1119390 1042.7
1119400 1045.8
1119410 1045.8
1119420 1050.2
1119430 1054.7
1119440 1054.7
1119450 1052.2
1119460 1055.7
1119470 1055.7
1119480 1057.4
1119490 1058.0
1119500 1058.0
1119510 1058.7
1119520 1059.2
1119530 1059.2
1119540 1059.9
1119550 1060.2
1119560 1063.4
1119570 1063.4
1119580 1070.6
1119590 1079.4
1119600 1079.4
1119610 1087.6
1119620 1093.7
1119630 1093.7
1119640 1098.7
1119650 1102.8
1119660 1102.8
1119670 1109.1
1119680 1114.4
1119690 1114.4
1119700 1118.6
1119710 1121.2
1119720 1121.2
1119730 1124.6
1119740 1126.4
1119750 1126.4
1119760 1130.1
1119770 1131.7
1119780 1131.7
1119790 1133.9
1119800 1135.5
1119810 1135.5
1119820 1137.5
1119830 1140.2
1119840 1144.3
1119850 1144.3
1119860 1150.1
1119870 1157.6
1119880 1157.6
1119890 1165.8
1119900 1170.2
1119910 1170.2
1119920 1174.3
1119930 1177.4
1119940 1177.4
1119950 1179.7
1119960 1182.0
1119970 1182.0
1119980 1184.6
1119990 1185.5
