1100000 1582.4
1100010 1580.3
1100020 1579.5
1100030 1579.5
1100040 1578.2
1100050 1577.1
1100060 1575.8
1100070 1575.8
1100080 1574.5
1100090 1573.0
1100100 1573.0
1100110 1570.7
1100120 1567.7
1100130 1567.7
1100140 1562.5
1100150 1556.3
1100160 1556.3
1100170 1552.0
1100180 1549.4
1100190 1549.4
1100200 1549.0
1100210 1540.0
1100220 1540.0
1100230 1528.3
1100240 1523.0
1100250 1523.0
1100260 1521.5
1100270 1514.4
1100280 1514.4
1100290 1509.4
1100300 1503.3
1100310 1503.3
1100320 1496.8
1100330 1489.7
1100340 1484.7
1100350 1490.4
1100360 1485.9
1100370 1482.1
1100380 1482.1
1100390 1474.5
1100400 1466.9
1100410 1466.9
1100420 1460.6
1100430 1455.3
1100440 1455.3
1100450 1449.6
1100460 1444.2
1100470 1444.2
1100480 1439.1
1100490 1434.8
1100500 1434.8
1100510 1430.8
1100520 1425.1
1100530 1425.1
1100540 1420.1
1100550 1415.5
1100560 1415.5
1100570 1411.0
1100580 1404.3
1100590 1404.3
1100600 1399.5
1100610 1395.8
1100620 1391.8
1100630 1391.8
1100640 1387.5
1100650 1383.2
1100660 1383.2
1100670 1379.0
1100680 1375.5
1100690 1376.9
1100700 1372.8
1100710 1370.9
1100720 1370.9
1100730 1370.9
1100740 1367.9
1100750 1367.9
1100760 1361.7
1100770 1355.3
1100780 1355.3
1100790 1346.7
1100800 1345.4
1100810 1345.4
1100820 1348.9
1100830 1354.2
1100840 1354.2
1100850 1358.0
1100860 1360.5
1100870 1360.5
1100880 1361.7
1100890 1365.0
1100900 1368.6
1100910 1368.6
1100920 1370.2
1100930 1370.9
1100940 1370.9
1100950 1371.6
1100960 1372.1
1100970 1372.1
1100980 1371.9
1100990 1372.5
1101000 1372.5
1101010 1374.2
1101020 1374.0
1101030 1374.0
1101040 1375.8
1101050 1377.6
1101060 1377.6
1101070 1379.0
1101080 1379.4
1101090 1379.4
1101100 1379.1
1101110 1380.0
1101120 1380.0
1101130 1381.5
1101140 1380.9
1101150 1380.9
1101160 1382.5
1101170 1383.9
1101180 1383.9
1101190 1383.9
1101200 1385.2
1101210 1387.2
1101220 1387.2
1101230 1388.7
1101240 1390.6
1101250 1390.6
1101260 1393.3
1101270 1396.3
1101280 1396.3
1101290 1398.3
1101300 1399.1
1101310 1399.1
1101320 1398.5
1101330 1399.4
1101340 1399.4
1101350 1399.1
1101360 1404.4
1101370 1404.4
1101380 1408.0
1101390 1412.0
1101400 1412.0
1101410 1418.0
1101420 1421.6
1101430 1421.6
1101440 1423.3
1101450 1423.7
1101460 1422.7
1101470 1422.7
1101480 1421.5
1101490 1421.0
1101500 1421.0
1101510 1420.4
1101520 1421.6
1101530 1421.6
1101540 1422.1
1101550 1424.4
1101560 1424.4
1101570 1427.0
1101580 1430.1
1101590 1430.1
1101600 1431.6
1101610 1433.3
1101620 1433.3
1101630 1433.8
1101640 1433.9
1101650 1433.9
1101660 1434.8
1101670 1436.1
1101680 1428.9
1101690 1432.2
1101700 1436.2
1101710 1438.4
1101720 1438.4
1101730 1440.1
1101740 1441.2
1101750 1441.2
1101760 1442.0
1101770 1443.3
1101780 1443.3
1101790 1444.3
1101800 1445.3
1101810 1445.3
1101820 1445.5
1101830 1446.7
1101840 1446.7
1101850 1447.8
1101860 1449.1
1101870 1449.1
1101880 1450.5
1101890 1451.3
1101900 1451.3
1101910 1451.6
1101920 1452.1
1101930 1452.1
1101940 1452.6
1101950 1452.5
1101960 1452.5
1101970 1452.2
1101980 1449.8
1101990 1446.4
1102000 1446.4
1102010 1437.7
1102020 1434.8
1102030 1434.8
1102040 1431.9
1102050 1433.4
1102060 1433.4
1102070 1429.5
1102080 1426.4
1102090 1426.4
1102100 1426.6
1102110 1429.5
1102120 1429.5
1102130 1434.2
1102140 1435.8
1102150 1435.8
1102160 1436.0
1102170 1434.8
1102180 1434.8
1102190 1433.3
1102200 1431.2
1102210 1431.2
1102220 1428.4
1102230 1425.7
1102240 1425.7
1102250 1422.3
1102260 1419.6
1102270 1421.9
1102280 1421.9
1102290 1424.9
1102300 1424.2
1102310 1424.2
1102320 1420.2
1102330 1417.4
1102340 1417.4
1102350 1409.3
1102360 1405.4
1102370 1405.4
1102380 1401.7
1102390 1398.1
1102400 1398.1
1102410 1392.7
1102420 1384.9
1102430 1384.9
1102440 1381.0
1102450 1378.2
1102460 1378.2
1102470 1371.0
1102480 1366.4
1102490 1366.4
1102500 1363.6
1102510 1367.3
1102520 1367.3
1102530 1372.3
1102540 1379.5
1102550 1388.2
1102560 1388.2
1102570 1392.4
1102580 1386.7
1102590 1386.7
1102600 1380.5
1102610 1374.9
1102620 1374.9
1102630 1370.0
1102640 1366.8
1102650 1366.8
1102660 1364.7
1102670 1363.5
1102680 1359.3
1102690 1357.9
1102700 1359.0
1102710 1359.0
1102720 1360.5
1102730 1366.0
1102740 1366.0
1102750 1369.6
1102760 1368.5
1102770 1368.5
1102780 1366.4
1102790 1364.9
1102800 1364.9
1102810 1364.0
1102820 1363.1
1102830 1362.4
1102840 1362.4
1102850 1361.6
1102860 1361.5
1102870 1361.5
1102880 1360.2
1102890 1358.6
1102900 1358.6
1102910 1356.5
1102920 1354.9
1102930 1354.9
1102940 1353.4
1102950 1351.2
1102960 1351.2
1102970 1348.9
1102980 1347.1
1102990 1347.1
1103000 1345.7
1103010 1340.0
1103020 1340.0
1103030 1339.3
1103040 1338.7
1103050 1338.7
1103060 1337.8
1103070 1336.8
1103080 1336.8
1103090 1336.2
1103100 1335.6
1103110 1335.1
1103120 1335.1
1103130 1333.0
1103140 1327.7
1103150 1327.7
1103160 1325.2
1103170 1323.2
1103180 1323.2
1103190 1320.2
1103200 1316.8
1103210 1316.8
1103220 1315.8
1103230 1315.9
1103240 1315.9
1103250 1315.1
1103260 1312.7
1103270 1312.7
1103280 1309.7
1103290 1306.5
1103300 1306.5
1103310 1305.1
1103320 1303.5
1103330 1303.5
1103340 1300.9
1103350 1287.6
1103360 1287.6
1103370 1279.4
1103380 1271.8
1103390 1269.3
1103400 1269.3
1103410 1264.4
1103420 1259.3
1103430 1259.3
1103440 1252.1
1103450 1250.8
1103460 1250.8
1103470 1257.2
1103480 1261.9
1103490 1261.9
1103500 1259.9
1103510 1255.6
1103520 1255.6
1103530 1249.3
1103540 1254.3
1103550 1254.3
1103560 1261.7
1103570 1267.2
1103580 1267.2
1103590 1269.0
1103600 1271.4
1103610 1271.4
1103620 1269.5
1103630 1263.4
1103640 1263.4
1103650 1265.9
1103660 1271.1
1103670 1276.6
1103680 1272.7
1103690 1274.5
1103700 1274.8
1103710 1274.8
1103720 1273.8
1103730 1273.9
1103740 1273.9
1103750 1275.4
1103760 1279.5
1103770 1279.5
1103780 1284.9
1103790 1288.6
1103800 1288.6
1103810 1289.3
1103820 1290.0
1103830 1290.0
1103840 1289.1
1103850 1286.9
1103860 1286.9
1103870 1284.5
1103880 1283.3
1103890 1283.3
1103900 1281.2
1103910 1277.0
1103920 1277.0
1103930 1274.7
1103940 1270.7
1103950 1267.1
1103960 1267.1
1103970 1263.2
1103980 1263.0
1103990 1263.0
1104000 1263.5
1104010 1261.3
1104020 1258.0
1104030 1257.7
1104040 1259.6
1104050 1259.6
1104060 1260.0
1104070 1259.1
1104080 1259.1
1104090 1257.1
1104100 1254.4
1104110 1254.4
1104120 1251.4
1104130 1249.1
1104140 1249.1
1104150 1245.7
1104160 1240.4
1104170 1240.4
1104180 1234.4
1104190 1229.4
1104200 1229.4
1104210 1224.9
1104220 1219.5
1104230 1214.9
1104240 1214.9
1104250 1208.1
1104260 1200.9
1104270 1200.9
1104280 1196.6
1104290 1200.2
1104300 1200.2
1104310 1208.1
1104320 1214.5
1104330 1214.5
1104340 1219.7
1104350 1232.1
1104360 1232.1
1104370 1233.0
1104380 1232.4
1104390 1232.4
1104400 1234.1
1104410 1240.2
1104420 1240.2
1104430 1242.4
1104440 1240.7
1104450 1240.7
1104460 1242.0
1104470 1238.0
1104480 1238.0
1104490 1240.6
1104500 1247.1
1104510 1250.7
1104520 1250.7
1104530 1251.8
1104540 1251.7
1104550 1251.7
1104560 1251.2
1104570 1250.8
1104580 1250.8
1104590 1251.2
1104600 1251.6
1104610 1251.6
1104620 1251.9
1104630 1252.0
1104640 1252.0
1104650 1252.4
1104660 1253.0
1104670 1253.0
1104680 1253.8
1104690 1256.9
1104700 1256.9
1104710 1258.1
1104720 1259.3
1104730 1259.3
1104740 1260.3
1104750 1261.5
1104760 1261.5
1104770 1263.1
1104780 1264.7
1104790 1265.9
1104800 1265.9
1104810 1267.0
1104820 1268.4
1104830 1268.4
1104840 1270.1
1104850 1271.4
1104860 1271.4
1104870 1272.0
1104880 1272.0
1104890 1272.0
1104900 1274.6
1104910 1277.1
1104920 1277.1
1104930 1279.1
1104940 1281.5
1104950 1281.5
1104960 1284.1
1104970 1285.2
1104980 1285.2
1104990 1285.5
1105000 1286.8
1105010 1286.8
1105020 1292.4
1105030 1295.1
1105040 1298.6
1105050 1298.6
1105060 1302.6
1105070 1306.6
1105080 1306.6
1105090 1310.5
1105100 1315.4
1105110 1315.4
1105120 1319.8
1105130 1323.4
1105140 1323.4
1105150 1325.8
1105160 1327.4
1105170 1327.4
1105180 1328.5
1105190 1329.4
1105200 1329.4
1105210 1331.0
1105220 1332.8
1105230 1332.8
1105240 1333.9
1105250 1336.5
1105260 1336.5
1105270 1339.4
1105280 1337.5
1105290 1337.5
1105300 1342.4
1105310 1347.1
1105320 1349.0
1105330 1349.0
1105340 1351.8
1105350 1355.0
1105360 1360.5
1105370 1363.8
1105380 1367.5
1105390 1367.5
1105400 1370.9
1105410 1374.7
1105420 1374.7
1105430 1379.4
1105440 1384.4
1105450 1384.4
1105460 1390.5
1105470 1396.7
1105480 1396.7
1105490 1402.7
1105500 1408.5
1105510 1408.5
1105520 1413.7
1105530 1418.6
1105540 1418.6
1105550 1423.0
1105560 1426.8
1105570 1426.8
1105580 1430.0
1105590 1433.2
1105600 1437.5
1105610 1437.5
1105620 1442.5
1105630 1447.3
1105640 1447.3
1105650 1451.9
1105660 1456.6
1105670 1456.6
1105680 1461.1
1105690 1470.1
1105700 1470.1
1105710 1475.2
1105720 1479.8
1105730 1479.8
1105740 1484.0
1105750 1488.0
1105760 1488.0
1105770 1491.9
1105780 1495.5
1105790 1495.5
1105800 1498.8
1105810 1502.2
1105820 1502.2
1105830 1505.8
1105840 1509.1
1105850 1509.1
1105860 1512.2
1105870 1515.8
1105880 1520.0
1105890 1520.0
1105900 1524.4
1105910 1528.7
1105920 1528.7
1105930 1532.9
1105940 1536.8
1105950 1536.8
1105960 1540.2
1105970 1543.5
1105980 1543.5
1105990 1546.2
1106000 1548.3
1106010 1548.3
1106020 1551.1
1106030 1558.0
1106040 1558.0
1106050 1559.3
1106060 1561.3
1106070 1561.3
1106080 1563.9
1106090 1566.6
1106100 1566.6
1106110 1568.9
1106120 1571.3
1106130 1571.3
1106140 1574.1
1106150 1576.6
1106160 1579.3
1106170 1579.3
1106180 1582.3
1106190 1584.9
1106200 1584.9
1106210 1586.4
1106220 1586.5
1106230 1586.5
1106240 1584.9
1106250 1582.4
1106260 1582.4
1106270 1578.9
1106280 1573.6
1106290 1573.6
1106300 1566.5
1106310 1556.5
1106320 1556.5
1106330 1547.5
1106340 1539.7
1106350 1539.7
1106360 1532.3
1106370 1523.3
1106380 1523.3
1106390 1514.4
1106400 1504.7
1106410 1504.7
1106420 1495.4
1106430 1485.9
1106440 1473.6
1106450 1473.6
1106460 1464.5
1106470 1456.4
1106480 1456.4
1106490 1447.9
1106500 1439.3
1106510 1439.3
1106520 1431.1
1106530 1423.8
1106540 1423.8
1106550 1417.3
1106560 1410.1
1106570 1410.1
1106580 1403.5
1106590 1396.8
1106600 1396.8
1106610 1392.2
1106620 1390.0
1106630 1390.0
1106640 1388.6
1106650 1384.9
1106660 1384.9
1106670 1379.7
1106680 1373.6
1106690 1373.6
1106700 1368.5
1106710 1361.3
1106720 1355.4
1106730 1355.4
1106740 1350.6
1106750 1346.3
1106760 1346.3
1106770 1342.4
1106780 1338.3
1106790 1338.3
1106800 1333.8
1106810 1329.6
1106820 1329.6
1106830 1325.9
1106840 1322.2
1106850 1322.2
1106860 1318.0
1106870 1311.8
1106880 1311.8
1106890 1305.6
1106900 1299.2
1106910 1299.2
1106920 1295.5
1106930 1293.5
1106940 1293.5
1106950 1289.7
1106960 1283.7
1106970 1283.7
1106980 1274.6
1106990 1268.5
1107000 1259.2
1107010 1259.2
1107020 1254.8
1107030 1255.7
1107040 1255.4
1107050 1258.1
1107060 1259.8
1107070 1259.8
1107080 1267.6
1107090 1277.2
1107100 1277.2
1107110 1285.4
1107120 1291.4
1107130 1291.4
1107140 1295.5
1107150 1299.2
1107160 1299.2
1107170 1302.6
1107180 1307.3
1107190 1307.3
1107200 1312.8
1107210 1319.5
1107220 1319.5
1107230 1326.1
1107240 1332.5
1107250 1332.5
1107260 1339.7
1107270 1348.1
1107280 1353.9
1107290 1353.9
1107300 1360.1
1107310 1365.9
1107320 1365.9
1107330 1372.1
1107340 1379.0
1107350 1379.0
1107360 1386.1
1107370 1393.9
1107380 1393.6
1107390 1403.5
1107400 1412.0
1107410 1412.0
1107420 1419.5
1107430 1426.5
1107440 1426.5
1107450 1434.9
1107460 1444.0
1107470 1444.0
1107480 1453.5
1107490 1462.9
1107500 1462.9
1107510 1470.7
1107520 1478.1
1107530 1478.1
1107540 1485.7
1107550 1494.0
1107560 1503.6
1107570 1503.6
1107580 1514.1
1107590 1524.3
1107600 1524.3
1107610 1532.6
1107620 1539.0
1107630 1539.0
1107640 1545.7
1107650 1552.9
1107660 1552.9
1107670 1559.5
1107680 1567.2
1107690 1567.2
1107700 1575.4
1107710 1584.0
1107720 1584.9
1107730 1593.9
1107740 1601.9
1107750 1601.9
1107760 1607.7
1107770 1612.1
1107780 1612.1
1107790 1616.7
1107800 1621.7
1107810 1627.2
1107820 1627.2
1107830 1632.9
1107840 1639.0
1107850 1639.0
1107860 1644.4
1107870 1648.0
1107880 1648.0
1107890 1650.9
1107900 1653.0
1107910 1653.0
1107920 1656.1
1107930 1658.5
1107940 1658.5
1107950 1660.1
1107960 1662.2
1107970 1662.2
1107980 1664.9
1107990 1668.5
1108000 1668.5
1108010 1671.9
1108020 1674.5
1108030 1674.5
1108040 1677.7
1108050 1688.0
1108060 1688.0
1108070 1692.0
1108080 1695.0
1108090 1698.4
1108100 1698.4
1108110 1702.3
1108120 1706.4
1108130 1706.4
1108140 1710.7
1108150 1715.5
1108160 1715.5
1108170 1720.6
1108180 1726.3
1108190 1726.3
1108200 1732.5
1108210 1738.8
1108220 1738.8
1108230 1744.5
1108240 1749.2
1108250 1749.2
1108260 1753.3
1108270 1756.8
1108280 1756.8
1108290 1759.5
1108300 1761.9
1108310 1761.9
1108320 1764.7
1108330 1768.0
1108340 1768.0
1108350 1771.5
1108360 1775.9
1108370 1779.5
1108380 1779.5
1108390 1787.7
1108400 1791.3
1108410 1791.3
1108420 1795.7
1108430 1800.2
1108440 1800.2
1108450 1805.4
1108460 1810.1
1108470 1810.1
1108480 1814.8
1108490 1820.1
1108500 1820.1
1108510 1825.4
1108520 1828.4
1108530 1828.4
1108540 1835.4
1108550 1843.6
1108560 1843.6
1108570 1848.9
1108580 1854.0
1108590 1854.0
1108600 1861.1
1108610 1869.6
1108620 1869.6
1108630 1876.6
1108640 1882.0
1108650 1889.3
1108660 1889.3
1108670 1899.0
1108680 1902.6
1108690 1902.6
1108700 1909.3
1108710 1917.3
1108720 1917.3
1108730 1927.0
1108740 1935.0
1108750 1935.0
1108760 1943.2
1108770 1951.9
1108780 1951.9
1108790 1960.9
1108800 1968.7
1108810 1968.7
1108820 1974.9
1108830 1981.2
1108840 1981.2
1108850 1987.9
1108860 1994.4
1108870 1994.4
1108880 2000.2
1108890 2005.8
1108900 2005.8
1108910 2011.0
1108920 2006.2
1108930 1995.9
1108940 1995.9
1108950 1987.3
1108960 1979.1
1108970 1979.1
1108980 1971.6
1108990 1963.6
1109000 1963.6
1109010 1954.5
1109020 1947.6
1109030 1947.6
1109040 1940.5
1109050 1930.1
1109060 1930.1
1109070 1924.5
1109080 1917.0
1109090 1917.0
1109100 1908.9
1109110 1902.6
1109120 1902.6
1109130 1897.1
1109140 1891.4
1109150 1891.4
1109160 1885.4
1109170 1879.8
1109180 1879.8
1109190 1874.2
1109200 1869.3
1109210 1864.4
1109220 1864.4
1109230 1860.4
1109240 1855.7
1109250 1855.7
1109260 1850.3
1109270 1846.4
1109280 1846.4
1109290 1842.3
1109300 1838.5
1109310 1838.5
1109320 1833.8
1109330 1829.7
1109340 1829.7
1109350 1828.6
1109360 1826.4
1109370 1826.4
1109380 1823.3
1109390 1819.5
1109400 1819.5
1109410 1812.0
1109420 1810.7
1109430 1810.7
1109440 1809.4
1109450 1806.9
1109460 1806.9
1109470 1805.1
1109480 1803.6
1109490 1802.0
1109500 1802.0
1109510 1800.3
1109520 1800.5
1109530 1800.5
1109540 1802.4
1109550 1803.5
1109560 1803.5
1109570 1803.7
1109580 1803.6
1109590 1803.6
1109600 1802.7
1109610 1800.5
1109620 1800.5
1109630 1797.9
1109640 1796.0
1109650 1796.0
1109660 1793.9
1109670 1792.4
1109680 1792.4
1109690 1791.2
1109700 1790.3
1109710 1790.3
1109720 1789.8
1109730 1789.2
1109740 1789.2
1109750 1784.1
1109760 1783.2
1109770 1782.5
1109780 1782.5
1109790 1781.5
1109800 1780.2
1109810 1780.2
1109820 1778.8
1109830 1777.9
1109840 1777.9
1109850 1776.9
1109860 1775.3
1109870 1775.3
1109880 1775.0
1109890 1774.2
1109900 1774.2
1109910 1773.3
1109920 1772.2
1109930 1772.2
1109940 1770.9
1109950 1769.8
1109960 1769.8
1109970 1768.9
1109980 1767.8
1109990 1767.8
1110000 1766.6
1110010 1765.3
1110020 1765.3
1110030 1764.2
1110040 1763.0
1110050 1761.5
1110060 1761.5
1110070 1760.1
1110080 1758.7
1110090 1755.1
1110100 1753.6
1110110 1753.1
1110120 1753.1
1110130 1752.0
1110140 1750.4
1110150 1750.4
1110160 1748.8
1110170 1747.1
1110180 1747.1
1110190 1745.5
1110200 1744.7
1110210 1744.7
1110220 1743.0
1110230 1739.5
1110240 1739.5
1110250 1736.9
1110260 1734.7
1110270 1734.7
1110280 1732.8
1110290 1730.9
1110300 1729.0
1110310 1729.0
1110320 1727.1
1110330 1725.1
1110340 1725.1
1110350 1721.8
1110360 1719.0
1110370 1719.0
1110380 1716.0
1110390 1713.3
1110400 1713.3
1110410 1710.5
1110420 1706.9
1110430 1704.5
1110440 1700.9
1110450 1696.1
1110460 1696.1
1110470 1693.7
1110480 1691.6
1110490 1691.6
1110500 1689.1
1110510 1685.2
1110520 1685.2
1110530 1682.2
1110540 1680.0
1110550 1680.0
1110560 1677.1
1110570 1674.8
1110580 1671.6
1110590 1671.6
1110600 1668.1
1110610 1664.3
1110620 1664.3
1110630 1659.4
1110640 1654.8
1110650 1654.8
1110660 1649.8
1110670 1645.0
1110680 1645.0
1110690 1640.1
1110700 1635.2
1110710 1635.2
1110720 1628.9
1110730 1621.9
1110740 1621.9
1110750 1614.9
1110760 1608.4
1110770 1605.7
1110780 1599.6
1110790 1593.6
1110800 1593.6
1110810 1587.2
1110820 1579.5
1110830 1579.5
1110840 1571.3
1110850 1566.4
1110860 1562.2
1110870 1562.2
1110880 1556.7
1110890 1551.2
1110900 1551.2
1110910 1545.0
1110920 1538.5
1110930 1538.5
1110940 1531.6
1110950 1524.2
1110960 1524.2
1110970 1518.4
1110980 1514.1
1110990 1514.1
1111000 1509.9
1111010 1507.4
1111020 1507.4
1111030 1502.8
1111040 1498.7
1111050 1498.7
1111060 1495.5
1111070 1490.4
1111080 1490.4
1111090 1481.3
1111100 1475.0
1111110 1484.8
1111120 1479.2
1111130 1469.5
1111140 1460.5
1111150 1460.5
1111160 1452.8
1111170 1447.2
1111180 1447.2
1111190 1442.0
1111200 1437.4
1111210 1437.4
1111220 1434.0
1111230 1431.8
1111240 1431.8
1111250 1429.1
1111260 1425.8
1111270 1425.8
1111280 1422.2
1111290 1417.9
1111300 1417.9
1111310 1414.2
1111320 1410.1
1111330 1410.1
1111340 1406.6
1111350 1404.7
1111360 1404.7
1111370 1401.1
1111380 1397.3
1111390 1397.3
1111400 1394.7
1111410 1393.9
1111420 1393.5
1111430 1393.5
1111440 1392.3
1111450 1381.4
1111460 1381.4
1111470 1376.5
1111480 1371.1
1111490 1371.1
1111500 1367.3
1111510 1363.7
1111520 1363.7
1111530 1360.9
1111540 1359.3
1111550 1359.3
1111560 1357.6
1111570 1356.1
1111580 1356.1
1111590 1354.8
1111600 1353.5
1111610 1353.5
1111620 1351.9
1111630 1347.9
1111640 1347.9
1111650 1344.5
1111660 1342.0
1111670 1342.0
1111680 1338.4
1111690 1333.9
1111700 1330.5
1111710 1330.5
1111720 1329.7
1111730 1329.6
1111740 1329.6
1111750 1331.0
1111760 1332.3
1111770 1332.3
1111780 1330.4
1111790 1330.0
1111800 1330.0
1111810 1335.7
1111820 1339.6
1111830 1339.6
1111840 1342.8
1111850 1345.6
1111860 1345.6
1111870 1348.4
1111880 1351.4
1111890 1351.4
1111900 1354.0
1111910 1357.8
1111920 1357.8
1111930 1361.4
1111940 1364.1
1111950 1364.1
1111960 1367.2
1111970 1371.4
1111980 1375.7
1111990 1375.7
1112000 1380.2
1112010 1384.3
1112020 1384.3
1112030 1388.4
1112040 1392.2
1112050 1392.2
1112060 1396.7
1112070 1402.4
1112080 1402.4
1112090 1408.0
1112100 1413.0
1112110 1413.0
1112120 1417.5
1112130 1424.1
1112140 1426.1
1112150 1431.2
1112160 1437.6
1112170 1437.6
1112180 1444.4
1112190 1451.1
1112200 1451.1
1112210 1457.5
1112220 1465.3
1112230 1465.3
1112240 1472.6
1112250 1479.3
1112260 1486.5
1112270 1486.5
1112280 1493.3
1112290 1500.0
1112300 1500.0
1112310 1507.0
1112320 1513.8
1112330 1513.8
1112340 1520.5
1112350 1528.1
1112360 1528.1
1112370 1536.2
1112380 1544.1
1112390 1544.1
1112400 1552.6
1112410 1562.1
1112420 1562.1
1112430 1572.2
1112440 1581.6
1112450 1581.6
1112460 1588.9
1112470 1595.2
1112480 1592.4
1112490 1602.0
1112500 1611.1
1112510 1611.1
1112520 1618.2
1112530 1623.7
1112540 1631.8
1112550 1631.8
1112560 1642.1
1112570 1651.8
1112580 1651.8
1112590 1657.4
1112600 1660.7
1112610 1660.7
1112620 1663.0
1112630 1665.2
1112640 1665.2
1112650 1667.7
1112660 1669.2
1112670 1669.2
1112680 1670.8
1112690 1672.9
1112700 1672.9
1112710 1675.0
1112720 1678.3
1112730 1678.3
1112740 1680.4
1112750 1683.1
1112760 1683.1
1112770 1686.4
1112780 1688.7
1112790 1691.8
1112800 1691.8
1112810 1695.1
1112820 1704.5
1112830 1704.5
1112840 1707.7
1112850 1710.1
1112860 1710.1
1112870 1711.8
1112880 1713.4
1112890 1713.4
1112900 1714.8
1112910 1715.5
1112920 1715.5
1112930 1716.0
1112940 1718.4
1112950 1718.4
1112960 1722.0
1112970 1725.1
1112980 1725.1
1112990 1726.3
1113000 1727.3
1113010 1727.3
1113020 1729.2
1113030 1732.1
1113040 1732.1
1113050 1735.8
1113060 1739.3
1113070 1743.7
1113080 1743.7
1113090 1747.0
1113100 1750.2
1113110 1750.2
1113120 1752.5
1113130 1755.3
1113140 1755.3
1113150 1756.4
1113160 1763.6
1113170 1763.6
1113180 1766.5
1113190 1768.3
1113200 1768.3
1113210 1768.6
1113220 1767.6
1113230 1767.6
1113240 1766.8
1113250 1767.5
1113260 1767.5
1113270 1768.9
1113280 1769.5
1113290 1769.5
1113300 1772.4
1113310 1772.9
1113320 1772.9
1113330 1774.2
1113340 1776.0
1113350 1776.1
1113360 1776.1
1113370 1780.4
1113380 1782.4
1113390 1782.4
1113400 1785.3
1113410 1789.5
1113420 1789.5
1113430 1792.5
1113440 1796.7
1113450 1796.7
1113460 1801.2
1113470 1804.8
1113480 1804.8
1113490 1807.7
1113500 1811.2
1113510 1813.7
1113520 1816.6
1113530 1817.7
1113540 1817.7
1113550 1817.9
1113560 1819.3
1113570 1819.3
1113580 1821.5
1113590 1823.7
1113600 1823.7
1113610 1829.3
1113620 1835.4
1113630 1840.2
1113640 1840.2
1113650 1842.8
1113660 1847.3
1113670 1847.3
1113680 1855.0
1113690 1865.0
1113700 1865.0
1113710 1873.5
1113720 1879.7
1113730 1879.7
1113740 1882.6
1113750 1887.1
1113760 1887.1
1113770 1888.5
1113780 1890.2
1113790 1890.2
1113800 1895.5
1113810 1900.5
1113820 1900.5
1113830 1907.1
1113840 1912.3
1113850 1911.1
1113860 1917.4
1113870 1924.1
1113880 1924.1
1113890 1930.6
1113900 1936.9
1113910 1943.1
1113920 1943.1
1113930 1942.8
1113940 1933.2
1113950 1933.2
1113960 1925.3
1113970 1918.2
1113980 1918.2
1113990 1915.9
1114000 1912.8
1114010 1912.8
1114020 1910.8
1114030 1908.8
1114040 1908.8
1114050 1907.0
1114060 1906.6
1114070 1906.6
1114080 1905.2
1114090 1901.6
1114100 1901.6
1114110 1899.7
1114120 1899.0
1114130 1899.0
1114140 1899.7
1114150 1899.8
1114160 1899.8
1114170 1901.3
1114180 1901.8
1114190 1898.9
1114200 1898.9
1114210 1899.8
1114220 1899.0
1114230 1899.0
1114240 1892.0
1114250 1881.6
1114260 1881.6
1114270 1872.2
1114280 1863.0
1114290 1863.0
1114300 1854.3
1114310 1845.9
1114320 1845.9
1114330 1838.7
1114340 1832.6
1114350 1832.6
1114360 1826.5
1114370 1820.5
1114380 1820.5
1114390 1815.3
1114400 1809.6
1114410 1809.6
1114420 1804.4
1114430 1799.8
1114440 1799.8
1114450 1795.0
1114460 1789.9
1114470 1784.4
1114480 1784.4
1114490 1779.1
1114500 1773.3
1114510 1773.3
1114520 1767.0
1114530 1759.3
1114540 1758.0
1114550 1751.4
1114560 1744.3
1114570 1744.3
1114580 1736.7
1114590 1729.4
1114600 1729.4
1114610 1722.0
1114620 1715.5
1114630 1715.5
1114640 1709.4
1114650 1704.4
1114660 1704.4
1114670 1700.7
1114680 1696.3
1114690 1696.3
1114700 1691.5
1114710 1684.8
1114720 1684.8
1114730 1677.0
1114740 1666.1
1114750 1654.7
1114760 1654.7
1114770 1648.5
1114780 1635.3
1114790 1635.3
1114800 1624.0
1114810 1614.6
1114820 1614.6
1114830 1609.1
1114840 1602.6
1114850 1602.6
1114860 1590.2
1114870 1571.1
1114880 1576.2
1114890 1556.8
1114900 1540.6
1114910 1540.6
1114920 1531.2
1114930 1522.6
1114940 1522.6
1114950 1514.8
1114960 1506.7
1114970 1506.7
1114980 1499.0
1114990 1493.1
1115000 1484.6
1115010 1484.6
1115020 1473.8
1115030 1464.3
1115040 1464.3
1115050 1455.4
1115060 1447.0
1115070 1447.0
1115080 1437.9
1115090 1427.6
1115100 1427.6
1115110 1418.4
1115120 1410.6
1115130 1410.6
1115140 1404.1
1115150 1397.7
1115160 1397.7
1115170 1391.2
1115180 1383.9
1115190 1383.9
1115200 1375.5
1115210 1368.0
1115220 1368.0
1115230 1359.7
1115240 1353.0
1115250 1353.0
1115260 1345.4
1115270 1342.5
1115280 1342.5
1115290 1342.5
1115300 1347.1
1115310 1355.8
1115320 1355.8
1115330 1362.0
1115340 1365.1
1115350 1365.1
1115360 1368.0
1115370 1370.6
1115380 1370.6
1115390 1373.6
1115400 1377.2
1115410 1377.2
1115420 1381.1
1115430 1385.1
1115440 1385.1
1115450 1388.9
1115460 1392.0
1115470 1392.0
1115480 1394.7
1115490 1397.6
1115500 1397.6
1115510 1400.7
1115520 1402.2
1115530 1402.2
1115540 1404.5
1115550 1407.1
1115560 1409.5
1115570 1415.1
1115580 1417.3
1115590 1420.6
1115600 1420.6
1115610 1423.7
1115620 1426.7
1115630 1426.7
1115640 1429.4
1115650 1432.2
1115660 1432.2
1115670 1435.7
1115680 1438.4
1115690 1438.4
1115700 1440.7
1115710 1442.7
1115720 1442.7
1115730 1445.5
1115740 1446.5
1115750 1446.5
1115760 1446.9
1115770 1446.6
1115780 1446.6
1115790 1448.0
1115800 1450.8
1115810 1450.8
1115820 1454.5
1115830 1456.9
1115840 1461.7
1115850 1461.7
1115860 1472.9
1115870 1486.8
1115880 1486.8
1115890 1496.1
1115900 1506.5
1115910 1506.5
1115920 1530.2
1115930 1541.0
1115940 1541.0
1115950 1549.8
1115960 1559.2
1115970 1559.2
1115980 1566.7
1115990 1578.6
1116000 1578.6
1116010 1594.0
1116020 1605.2
1116030 1605.2
1116040 1612.0
1116050 1619.1
1116060 1619.1
1116070 1627.3
1116080 1634.0
1116090 1634.0
1116100 1636.2
1116110 1635.4
1116120 1632.1
1116130 1632.1
1116140 1628.1
1116150 1624.3
1116160 1624.3
1116170 1620.5
1116180 1617.0
1116190 1617.0
1116200 1614.3
1116210 1612.4
1116220 1612.4
1116230 1612.6
1116240 1606.3
1116250 1606.3
1116260 1605.3
1116270 1600.1
1116280 1600.1
1116290 1594.9
1116300 1594.2
1116310 1594.2
1116320 1595.0
1116330 1592.9
1116340 1592.9
1116350 1589.2
1116360 1585.7
1116370 1585.7
1116380 1577.3
1116390 1575.7
1116400 1575.8
1116410 1575.8
1116420 1571.6
1116430 1565.9
1116440 1565.9
1116450 1550.2
1116460 1550.7
1116470 1550.7
1116480 1560.7
1116490 1564.8
1116500 1564.8
1116510 1566.1
1116520 1568.5
1116530 1568.5
1116540 1566.6
1116550 1563.2
1116560 1563.2
1116570 1568.7
1116580 1572.2
1116590 1572.2
1116600 1569.3
1116610 1579.4
1116620 1579.4
1116630 1577.8
1116640 1569.3
1116650 1569.3
1116660 1561.6
1116670 1558.8
1116680 1553.5
1116690 1553.5
1116700 1545.4
1116710 1538.5
1116720 1538.5
1116730 1530.1
1116740 1516.2
1116750 1516.2
1116760 1495.1
1116770 1475.2
1116780 1475.2
1116790 1462.7
1116800 1452.0
1116810 1452.0
1116820 1449.7
1116830 1449.8
1116840 1449.8
1116850 1446.1
1116860 1440.8
1116870 1440.8
1116880 1435.8
1116890 1431.8
1116900 1431.8
1116910 1428.6
1116920 1424.3
1116930 1424.3
1116940 1418.8
1116950 1415.7
1116960 1420.7
1116970 1420.7
1116980 1418.4
1116990 1416.0
1117000 1416.0
1117010 1413.5
1117020 1409.5
1117030 1409.5
1117040 1402.8
1117050 1400.6
1117060 1400.6
1117070 1399.8
1117080 1396.9
1117090 1396.9
1117100 1393.0
1117110 1389.4
1117120 1389.4
1117130 1384.3
1117140 1379.9
1117150 1379.9
1117160 1375.4
1117170 1370.5
1117180 1370.5
1117190 1367.6
1117200 1363.4
1117210 1358.9
1117220 1358.9
1117230 1354.6
1117240 1349.9
1117250 1349.9
1117260 1344.4
1117270 1339.3
1117280 1339.3
1117290 1334.7
1117300 1334.3
1117310 1334.3
1117320 1329.2
1117330 1324.0
1117340 1324.0
1117350 1318.3
1117360 1313.0
1117370 1313.0
1117380 1307.9
1117390 1302.0
1117400 1302.0
1117410 1296.1
1117420 1290.5
1117430 1290.5
1117440 1285.2
1117450 1280.8
1117460 1280.8
1117470 1275.8
1117480 1271.3
1117490 1267.7
1117500 1267.7
1117510 1264.4
1117520 1261.0
1117530 1261.0
1117540 1257.3
1117550 1253.6
1117560 1253.6
1117570 1249.3
1117580 1245.2
1117590 1245.2
1117600 1241.8
1117610 1238.6
1117620 1238.6
1117630 1235.0
1117640 1230.4
1117650 1234.4
1117660 1230.5
1117670 1227.0
1117680 1227.0
1117690 1222.9
1117700 1219.1
1117710 1219.1
1117720 1215.2
1117730 1210.7
1117740 1210.7
1117750 1206.6
1117760 1202.9
1117770 1198.4
1117780 1198.4
1117790 1193.7
1117800 1188.9
1117810 1188.9
1117820 1184.3
1117830 1180.0
1117840 1180.0
1117850 1175.4
1117860 1171.4
1117870 1171.4
1117880 1166.3
1117890 1161.6
1117900 1161.6
1117910 1156.6
1117920 1150.0
1117930 1150.0
1117940 1143.3
1117950 1137.4
1117960 1137.4
1117970 1131.9
1117980 1127.3
1117990 1127.3
1118000 1127.1
1118010 1120.8
1118020 1120.8
1118030 1118.7
1118040 1114.9
1118050 1109.7
1118060 1109.7
1118070 1103.6
1118080 1098.2
1118090 1098.2
1118100 1091.8
1118110 1083.4
1118120 1083.4
1118130 1077.0
1118140 1071.0
1118150 1071.0
1118160 1063.9
1118170 1061.8
1118180 1061.8
1118190 1062.9
1118200 1061.0
1118210 1061.0
1118220 1056.8
1118230 1052.3
1118240 1052.3
1118250 1046.8
1118260 1038.2
1118270 1038.2
1118280 1028.4
1118290 1022.3
1118300 1022.3
1118310 1023.2
1118320 1021.0
1118330 1016.7
1118340 1022.4
1118350 1018.3
1118360 1014.7
1118370 1014.7
1118380 1011.6
1118390 1008.7
1118400 1008.7
1118410 1005.8
1118420 1003.9
1118430 1003.9
1118440 1003.7
1118450 1002.7
1118460 1002.7
1118470 1001.0
1118480 998.4
1118490 998.4
1118500 1000.6
1118510 999.9
1118520 999.9
1118530 997.4
1118540 993.5
1118550 993.5
1118560 989.1
1118570 984.5
1118580 984.5
1118590 981.3
1118600 978.1
1118610 972.7
1118620 972.7
1118630 968.7
1118640 966.7
1118650 966.7
1118660 963.5
1118670 959.6
1118680 959.6
1118690 960.2
1118700 955.3
1118710 955.3
1118720 951.3
1118730 951.4
1118740 951.4
1118750 958.3
1118760 966.5
1118770 966.5
1118780 972.2
1118790 979.9
1118800 979.9
1118810 987.4
1118820 991.9
1118830 991.9
1118840 993.6
1118850 995.2
1118860 995.2
1118870 995.8
1118880 996.2
1118890 997.3
1118900 997.3
1118910 998.3
1118920 998.7
1118930 998.7
1118940 999.0
1118950 999.0
1118960 999.0
1118970 999.5
1118980 1001.7
1118990 1001.7
1119000 1002.9
1119010 1002.7
1119020 1002.7
1119030 1002.5
1119040 1001.0
1119050 1001.0
1119060 1001.4
1119070 1002.0
1119080 1002.0
1119090 1002.6
1119100 1003.4
1119110 1003.4
1119120 1003.6
1119130 1003.9
1119140 1003.9
1119150 1004.4
1119160 1005.3
1119170 1007.9
1119180 1007.9
1119190 1010.5
1119200 1013.3
1119210 1013.3
1119220 1015.9
1119230 1016.8
1119240 1016.8
1119250 1015.8
1119260 1013.0
1119270 1013.0
1119280 1009.7
1119290 1009.4
1119300 1009.4
1119310 1010.6
1119320 1011.6
1119330 1011.6
1119340 1013.9
1119350 1017.4
1119360 1017.4
1119370 1020.5
1119380 1023.4
1119390 1020.5
1119400 1022.0
1119410 1023.8
1119420 1025.6
1119430 1025.6
1119440 1026.9
1119450 1028.4
1119460 1028.4
1119470 1030.4
1119480 1032.3
1119490 1032.3
1119500 1033.3
1119510 1033.7
1119520 1033.7
1119530 1035.3
1119540 1038.5
1119550 1038.5
1119560 1040.8
1119570 1042.7
1119580 1042.7
1119590 1043.6
1119600 1044.0
1119610 1044.0
1119620 1046.2
1119630 1049.2
1119640 1049.2
1119650 1051.7
1119660 1057.1
1119670 1057.1
1119680 1062.7
1119690 1067.9
1119700 1072.7
1119710 1072.7
1119720 1078.9
1119730 1084.5
1119740 1077.4
1119750 1083.1
1119760 1087.1
1119770 1087.1
1119780 1091.0
1119790 1094.8
1119800 1094.8
1119810 1098.6
1119820 1103.1
1119830 1103.1
1119840 1106.7
1119850 1109.3
1119860 1109.3
1119870 1112.5
1119880 1115.7
1119890 1115.7
1119900 1119.7
1119910 1123.4
1119920 1123.4
1119930 1127.9
1119940 1132.0
1119950 1132.0
1119960 1134.8
1119970 1138.4
1119980 1142.0
1119990 1142.0
