1100000 1557.2
1100010 1555.7
1100020 1554.6
1100030 1554.6
1100040 1553.6
1100050 1553.1
1100060 1553.1
1100070 1552.3
1100080 1551.3
1100090 1551.3
1100100 1550.4
1100110 1544.2
1100120 1544.2
1100130 1542.9
1100140 1541.2
1100150 1541.2
1100160 1538.6
1100170 1536.3
1100180 1536.3
1100190 1534.5
1100200 1532.3
1100210 1532.3
1100220 1530.1
1100230 1528.4
1100240 1526.9
1100250 1526.9
1100260 1526.7
1100270 1527.4
1100280 1527.4
1100290 1527.4
1100300 1527.1
1100310 1527.1
1100320 1526.3
1100330 1525.4
1100340 1525.4
1100350 1524.4
1100360 1523.8
1100370 1523.8
1100380 1523.0
1100390 1522.1
1100400 1522.1
1100410 1520.9
1100420 1519.3
1100430 1519.3
1100440 1516.2
1100450 1514.5
1100460 1514.5
1100470 1512.8
1100480 1510.9
1100490 1510.9
1100500 1508.9
1100510 1506.8
1100520 1504.1
1100530 1504.1
1100540 1501.3
1100550 1497.8
1100560 1497.8
1100570 1493.7
1100580 1489.7
1100590 1489.7
1100600 1485.6
1100610 1480.3
1100620 1480.3
1100630 1474.7
1100640 1470.1
1100650 1470.1
1100660 1465.3
1100670 1459.7
1100680 1459.7
1100690 1453.5
1100700 1446.7
1100710 1446.7
1100720 1440.7
1100730 1435.4
1100740 1435.4
1100750 1429.9
1100760 1424.2
1100770 1427.0
1100780 1423.9
1100790 1421.3
1100800 1416.5
1100810 1416.5
1100820 1410.2
1100830 1404.7
1100840 1404.7
1100850 1402.2
1100860 1400.6
1100870 1400.6
1100880 1397.0
1100890 1391.8
1100900 1391.8
1100910 1389.4
1100920 1389.1
1100930 1389.1
1100940 1388.1
1100950 1385.9
1100960 1385.9
1100970 1382.0
1100980 1377.6
1100990 1377.6
1101000 1373.5
1101010 1369.8
1101020 1369.8
1101030 1365.9
1101040 1362.5
1101050 1362.5
1101060 1360.0
1101070 1357.0
1101080 1355.2
1101090 1355.2
1101100 1356.1
1101110 1354.7
1101120 1354.7
1101130 1354.2
1101140 1352.7
1101150 1352.7
1101160 1351.0
1101170 1349.6
1101180 1349.6
1101190 1347.2
1101200 1345.2
1101210 1345.2
1101220 1343.7
1101230 1341.8
1101240 1341.8
1101250 1340.5
1101260 1338.4
1101270 1338.4
1101280 1334.8
1101290 1332.3
1101300 1332.3
1101310 1330.2
1101320 1328.3
1101330 1328.3
1101340 1327.6
1101350 1327.4
1101360 1328.2
1101370 1328.2
1101380 1329.1
1101390 1328.5
1101400 1328.5
1101410 1327.7
1101420 1327.5
1101430 1327.5
1101440 1330.4
1101450 1328.8
1101460 1328.8
1101470 1327.0
1101480 1324.2
1101490 1324.2
1101500 1321.6
1101510 1318.8
1101520 1318.8
1101530 1316.4
1101540 1316.5
1101550 1316.5
1101560 1316.0
1101570 1316.3
1101580 1316.3
1101590 1316.1
1101600 1314.9
1101610 1314.9
1101620 1313.1
1101630 1311.3
1101640 1305.5
1101650 1305.5
1101660 1301.4
1101670 1309.4
1101680 1309.4
1101690 1311.2
1101700 1306.7
1101710 1306.7
1101720 1298.4
1101730 1295.2
1101740 1295.2
1101750 1299.5
1101760 1298.4
1101770 1305.6
1101780 1302.6
1101790 1299.9
1101800 1299.9
1101810 1305.6
1101820 1312.0
1101830 1312.0
1101840 1317.3
1101850 1314.7
1101860 1314.7
1101870 1314.4
1101880 1316.9
1101890 1316.9
1101900 1313.0
1101910 1303.5
1101920 1294.5
1101930 1294.5
1101940 1286.5
1101950 1287.3
1101960 1287.3
1101970 1296.8
1101980 1300.4
1101990 1300.4
1102000 1305.5
1102010 1309.2
1102020 1309.2
1102030 1316.9
1102040 1318.7
1102050 1318.7
1102060 1316.9
1102070 1314.4
1102080 1314.4
1102090 1316.0
1102100 1309.6
1102110 1309.6
1102120 1312.3
1102130 1315.8
1102140 1315.8
1102150 1312.2
1102160 1306.0
1102170 1306.0
1102180 1300.5
1102190 1293.4
1102200 1285.7
1102210 1285.7
1102220 1277.0
1102230 1270.1
1102240 1270.1
1102250 1267.6
1102260 1267.0
1102270 1267.0
1102280 1267.2
1102290 1267.1
1102300 1267.1
1102310 1266.1
1102320 1267.0
1102330 1267.0
1102340 1267.1
1102350 1267.1
1102360 1267.1
1102370 1265.6
1102380 1265.6
1102390 1265.6
1102400 1265.0
1102410 1266.7
1102420 1266.7
1102430 1282.1
1102440 1295.5
1102450 1295.5
1102460 1303.3
1102470 1307.2
1102480 1304.6
1102490 1304.6
1102500 1295.7
1102510 1286.8
1102520 1286.8
1102530 1278.3
1102540 1271.6
1102550 1271.6
1102560 1267.8
1102570 1263.3
1102580 1263.3
1102590 1260.5
1102600 1256.9
1102610 1256.9
1102620 1255.8
1102630 1254.9
1102640 1254.9
1102650 1267.4
1102660 1282.4
1102670 1282.4
1102680 1284.6
1102690 1282.3
1102700 1282.3
1102710 1280.0
1102720 1276.3
1102730 1270.6
1102740 1270.6
1102750 1266.5
1102760 1261.6
1102770 1254.7
1102780 1252.1
1102790 1257.7
1102800 1257.7
1102810 1259.4
1102820 1253.8
1102830 1253.8
1102840 1246.5
1102850 1240.3
1102860 1240.3
1102870 1238.4
1102880 1242.5
1102890 1242.5
1102900 1244.3
1102910 1244.6
1102920 1244.6
1102930 1243.9
1102940 1243.6
1102950 1243.6
1102960 1243.1
1102970 1242.4
1102980 1242.4
1102990 1239.4
1103000 1234.2
1103010 1235.7
1103020 1235.7
1103030 1235.9
1103040 1233.0
1103050 1233.0
1103060 1235.6
1103070 1244.6
1103080 1244.6
1103090 1249.4
1103100 1255.5
1103110 1255.5
1103120 1257.4
1103130 1261.0
1103140 1261.0
1103150 1266.3
1103160 1270.3
1103170 1270.3
1103180 1268.7
1103190 1269.8
1103200 1269.8
1103210 1275.6
1103220 1279.7
1103230 1279.7
1103240 1280.7
1103250 1280.4
1103260 1280.4
1103270 1279.9
1103280 1279.6
1103290 1279.4
1103300 1279.4
1103310 1279.2
1103320 1275.0
1103330 1275.0
1103340 1267.2
1103350 1261.3
1103360 1261.3
1103370 1254.6
1103380 1251.1
1103390 1251.1
1103400 1257.9
1103410 1265.6
1103420 1265.6
1103430 1272.5
1103440 1278.2
1103450 1278.2
1103460 1279.0
1103470 1279.3
1103480 1279.3
1103490 1278.6
1103500 1277.1
1103510 1277.1
1103520 1276.5
1103530 1274.9
1103540 1274.9
1103550 1270.5
1103560 1266.1
1103570 1265.5
1103580 1265.5
1103590 1270.1
1103600 1275.2
1103610 1275.2
1103620 1278.4
1103630 1279.3
1103640 1279.3
1103650 1277.7
1103660 1277.6
1103670 1277.6
1103680 1277.8
1103690 1274.7
1103700 1274.7
1103710 1275.2
1103720 1274.0
1103730 1274.0
1103740 1272.3
1103750 1273.8
1103760 1273.8
1103770 1280.4
1103780 1280.9
1103790 1280.9
1103800 1279.8
1103810 1278.6
1103820 1278.6
1103830 1273.9
1103840 1271.1
1103850 1271.8
1103860 1271.8
1103870 1272.7
1103880 1275.5
1103890 1275.5
1103900 1278.5
1103910 1279.7
1103920 1279.7
1103930 1280.1
1103940 1280.0
1103950 1280.0
1103960 1280.0
1103970 1280.3
1103980 1280.3
1103990 1280.8
1104000 1281.1
1104010 1281.1
1104020 1281.4
1104030 1281.5
1104040 1281.5
1104050 1280.8
1104060 1277.4
1104070 1277.4
1104080 1268.3
1104090 1264.5
1104100 1269.9
1104110 1274.8
1104120 1279.6
1104130 1282.5
1104140 1282.5
1104150 1283.1
1104160 1284.3
1104170 1284.3
1104180 1285.3
1104190 1285.6
1104200 1285.6
1104210 1285.6
1104220 1285.6
1104230 1285.6
1104240 1285.8
1104250 1286.8
1104260 1286.8
1104270 1288.1
1104280 1288.8
1104290 1288.8
1104300 1290.4
1104310 1292.1
1104320 1292.1
1104330 1292.7
1104340 1292.5
1104350 1292.5
1104360 1293.7
1104370 1295.2
1104380 1295.2
1104390 1296.8
1104400 1299.1
1104410 1301.1
1104420 1301.1
1104430 1302.0
1104440 1306.9
1104450 1306.9
1104460 1308.8
1104470 1310.6
1104480 1310.6
1104490 1310.0
1104500 1311.7
1104510 1311.7
1104520 1314.0
1104530 1316.7
1104540 1316.7
1104550 1319.2
1104560 1321.8
1104570 1321.8
1104580 1324.3
1104590 1327.7
1104600 1327.7
1104610 1330.9
1104620 1333.4
1104630 1333.4
1104640 1334.5
1104650 1334.3
1104660 1334.3
1104670 1332.6
1104680 1333.4
1104690 1339.1
1104700 1339.1
1104710 1341.6
1104720 1343.8
1104730 1343.8
1104740 1346.6
1104750 1349.9
1104760 1349.9
1104770 1355.7
1104780 1359.4
1104790 1359.4
1104800 1361.2
1104810 1363.1
1104820 1363.1
1104830 1366.1
1104840 1368.8
1104850 1368.8
1104860 1372.7
1104870 1375.7
1104880 1375.7
1104890 1377.4
1104900 1378.6
1104910 1378.6
1104920 1380.4
1104930 1383.0
1104940 1383.0
1104950 1386.6
1104960 1390.0
1104970 1393.0
1104980 1393.0
1104990 1396.4
1105000 1399.3
1105010 1399.3
1105020 1400.8
1105030 1402.9
1105040 1402.9
1105050 1408.1
1105060 1412.2
1105070 1412.2
1105080 1414.5
1105090 1416.4
1105100 1416.4
1105110 1424.1
1105120 1427.7
1105130 1427.7
1105140 1429.8
1105150 1432.1
1105160 1432.1
1105170 1438.0
1105180 1443.9
1105190 1443.9
1105200 1448.0
1105210 1452.0
1105220 1455.4
1105230 1455.4
1105240 1458.3
1105250 1462.9
1105260 1462.9
1105270 1467.3
1105280 1472.8
1105290 1472.8
1105300 1478.7
1105310 1484.5
1105320 1484.5
1105330 1490.0
1105340 1495.3
1105350 1495.3
1105360 1500.5
1105370 1504.1
1105380 1504.1
1105390 1511.9
1105400 1517.9
1105410 1517.9
1105420 1523.0
1105430 1528.5
1105440 1528.5
1105450 1542.2
1105460 1546.5
1105470 1546.5
1105480 1549.7
1105490 1552.7
1105500 1555.7
1105510 1555.7
1105520 1558.6
1105530 1561.0
1105540 1561.0
1105550 1563.6
1105560 1566.7
1105570 1566.7
1105580 1569.9
1105590 1573.3
1105600 1573.3
1105610 1577.1
1105620 1580.4
1105630 1580.4
1105640 1581.5
1105650 1585.9
1105660 1585.9
1105670 1591.1
1105680 1596.2
1105690 1596.2
1105700 1601.2
1105710 1605.3
1105720 1605.3
1105730 1610.0
1105740 1613.0
1105750 1613.0
1105760 1614.1
1105770 1619.3
1105780 1631.1
1105790 1631.1
1105800 1637.0
1105810 1642.0
1105820 1642.0
1105830 1647.7
1105840 1653.7
1105850 1653.7
1105860 1659.9
1105870 1665.7
1105880 1665.7
1105890 1671.1
1105900 1676.2
1105910 1676.2
1105920 1680.8
1105930 1684.5
1105940 1684.5
1105950 1687.9
1105960 1692.2
1105970 1692.2
1105980 1697.0
1105990 1701.8
1106000 1701.8
1106010 1706.1
1106020 1710.9
1106030 1710.9
1106040 1715.9
1106050 1720.3
1106060 1723.9
1106070 1723.9
1106080 1725.5
1106090 1725.0
1106100 1725.0
1106110 1722.3
1106120 1719.4
1106130 1719.4
1106140 1711.9
1106150 1705.3
1106160 1705.3
1106170 1700.3
1106180 1697.4
1106190 1697.4
1106200 1695.3
1106210 1692.8
1106220 1692.8
1106230 1690.9
1106240 1688.4
1106250 1688.4
1106260 1685.0
1106270 1680.4
1106280 1680.4
1106290 1675.7
1106300 1671.6
1106310 1671.6
1106320 1667.0
1106330 1662.0
1106340 1654.5
1106350 1654.5
1106360 1642.3
1106370 1628.8
1106380 1628.8
1106390 1613.4
1106400 1599.1
1106410 1599.1
1106420 1588.8
1106430 1577.4
1106440 1577.4
1106450 1573.0
1106460 1563.8
1106470 1563.8
1106480 1552.9
1106490 1543.8
1106500 1543.8
1106510 1537.0
1106520 1530.9
1106530 1530.9
1106540 1524.5
1106550 1516.8
1106560 1516.8
1106570 1511.4
1106580 1506.7
1106590 1506.7
1106600 1500.7
1106610 1494.5
1106620 1487.7
1106630 1487.7
1106640 1481.2
1106650 1474.4
1106660 1474.4
1106670 1467.4
1106680 1461.0
1106690 1461.0
1106700 1454.5
1106710 1448.0
1106720 1448.0
1106730 1441.6
1106740 1435.3
1106750 1435.3
1106760 1428.8
1106770 1422.5
1106780 1422.5
1106790 1417.5
1106800 1411.6
1106810 1411.6
1106820 1405.5
1106830 1399.5
1106840 1399.5
1106850 1393.3
1106860 1388.1
1106870 1388.1
1106880 1382.4
1106890 1377.0
1106900 1371.4
1106910 1371.4
1106920 1366.0
1106930 1360.9
1106940 1360.9
1106950 1355.7
1106960 1350.9
1106970 1350.9
1106980 1346.2
1106990 1341.5
1107000 1341.5
1107010 1336.0
1107020 1330.2
1107030 1330.2
1107040 1325.5
1107050 1321.9
1107060 1321.9
1107070 1317.9
1107080 1312.1
1107090 1312.1
1107100 1307.6
1107110 1305.0
1107120 1305.0
1107130 1304.5
1107140 1299.5
1107150 1299.5
1107160 1290.2
1107170 1283.1
1107180 1280.3
1107190 1280.3
1107200 1284.4
1107210 1295.2
1107220 1295.2
1107230 1306.0
1107240 1311.8
1107250 1311.8
1107260 1316.6
1107270 1322.0
1107280 1322.0
1107290 1326.9
1107300 1332.2
1107310 1332.2
1107320 1337.6
1107330 1343.2
1107340 1343.2
1107350 1348.5
1107360 1354.6
1107370 1354.6
1107380 1361.6
1107390 1367.2
1107400 1367.2
1107410 1374.5
1107420 1381.0
1107430 1381.0
1107440 1386.8
1107450 1392.2
1107460 1398.7
1107470 1399.4
1107480 1406.5
1107490 1415.3
1107500 1415.3
1107510 1424.5
1107520 1433.9
1107530 1433.9
1107540 1443.0
1107550 1451.7
1107560 1451.7
1107570 1459.4
1107580 1467.1
1107590 1467.1
1107600 1475.1
1107610 1483.2
1107620 1483.2
1107630 1491.7
1107640 1500.3
1107650 1500.3
1107660 1509.8
1107670 1519.4
1107680 1519.4
1107690 1528.5
1107700 1537.2
1107710 1546.0
1107720 1546.0
1107730 1554.3
1107740 1560.9
1107750 1560.9
1107760 1567.4
1107770 1572.6
1107780 1572.6
1107790 1577.7
1107800 1576.4
1107810 1576.4
1107820 1580.2
1107830 1584.9
1107840 1584.9
1107850 1588.9
1107860 1592.3
1107870 1592.3
1107880 1595.0
1107890 1598.7
1107900 1598.7
1107910 1606.6
1107920 1615.1
1107930 1615.1
1107940 1622.5
1107950 1628.8
1107960 1628.8
1107970 1635.1
1107980 1641.2
1107990 1646.8
1108000 1646.8
1108010 1654.5
1108020 1660.1
1108030 1660.1
1108040 1667.6
1108050 1673.9
1108060 1673.9
1108070 1680.6
1108080 1686.7
1108090 1686.7
1108100 1692.8
1108110 1699.3
1108120 1699.3
1108130 1704.3
1108140 1710.1
1108150 1710.1
1108160 1716.4
1108170 1721.2
1108180 1721.2
1108190 1728.3
1108200 1735.1
1108210 1735.1
1108220 1742.3
1108230 1749.3
1108240 1749.3
1108250 1757.2
1108260 1765.2
1108270 1772.6
1108280 1772.6
1108290 1779.3
1108300 1786.5
1108310 1786.5
1108320 1794.1
1108330 1801.2
1108340 1801.2
1108350 1808.4
1108360 1814.7
1108370 1814.7
1108380 1820.1
1108390 1822.3
1108400 1822.3
1108410 1822.3
1108420 1821.8
1108430 1821.8
1108440 1821.0
1108450 1820.9
1108460 1820.9
1108470 1820.7
1108480 1815.8
1108490 1815.8
1108500 1816.0
1108510 1817.8
1108520 1817.8
1108530 1821.5
1108540 1825.8
1108550 1826.9
1108560 1826.9
1108570 1826.1
1108580 1825.2
1108590 1825.2
1108600 1825.6
1108610 1826.0
1108620 1826.0
1108630 1826.1
1108640 1826.4
1108650 1826.4
1108660 1828.0
1108670 1830.1
1108680 1830.1
1108690 1832.2
1108700 1834.3
1108710 1834.3
1108720 1836.5
1108730 1839.6
1108740 1839.6
1108750 1842.0
1108760 1845.0
1108770 1845.0
1108780 1849.9
1108790 1854.9
1108800 1854.9
1108810 1859.5
1108820 1861.1
1108830 1867.7
1108840 1867.7
1108850 1874.5
1108860 1881.1
1108870 1881.1
1108880 1888.7
1108890 1896.6
1108900 1896.6
1108910 1904.7
1108920 1913.2
1108930 1913.2
1108940 1921.4
1108950 1929.4
1108960 1929.4
1108970 1936.8
1108980 1943.0
1108990 1943.0
1109000 1947.6
1109010 1947.8
1109020 1947.8
1109030 1944.6
1109040 1937.5
1109050 1937.5
1109060 1929.5
1109070 1920.9
1109080 1920.9
1109090 1913.1
1109100 1906.6
1109110 1900.1
1109120 1900.1
1109130 1893.3
1109140 1886.9
1109150 1886.9
1109160 1884.6
1109170 1878.6
1109180 1878.6
1109190 1873.1
1109200 1868.2
1109210 1868.2
1109220 1863.2
1109230 1858.6
1109240 1858.6
1109250 1854.2
1109260 1849.1
1109270 1849.1
1109280 1844.5
1109290 1840.5
1109300 1840.5
1109310 1836.6
1109320 1833.0
1109330 1833.0
1109340 1829.4
1109350 1825.6
1109360 1825.6
1109370 1822.4
1109380 1819.0
1109390 1815.5
1109400 1815.5
1109410 1812.4
1109420 1807.5
1109430 1807.5
1109440 1802.0
1109450 1798.6
1109460 1798.6
1109470 1796.6
1109480 1794.4
1109490 1794.4
1109500 1797.1
1109510 1795.6
1109520 1795.6
1109530 1793.6
1109540 1791.3
1109550 1791.3
1109560 1789.0
1109570 1785.7
1109580 1785.7
1109590 1782.2
1109600 1779.8
1109610 1779.8
1109620 1778.4
1109630 1777.1
1109640 1774.7
1109650 1774.7
1109660 1772.1
1109670 1769.5
1109680 1769.5
1109690 1767.2
1109700 1765.0
1109710 1765.0
1109720 1763.3
1109730 1761.3
1109740 1761.3
1109750 1758.7
1109760 1754.9
1109770 1754.9
1109780 1752.2
1109790 1749.7
1109800 1749.7
1109810 1746.8
1109820 1744.1
1109830 1744.1
1109840 1739.8
1109850 1737.0
1109860 1737.0
1109870 1734.6
1109880 1732.0
1109890 1732.0
1109900 1729.2
1109910 1726.7
1109920 1724.1
1109930 1724.1
1109940 1721.9
1109950 1719.9
1109960 1719.9
1109970 1718.4
1109980 1715.7
1109990 1715.7
1110000 1711.7
1110010 1707.6
1110020 1707.6
1110030 1705.9
1110040 1704.8
1110050 1704.8
1110060 1704.3
1110070 1703.0
1110080 1703.0
1110090 1701.9
1110100 1700.7
1110110 1700.7
1110120 1699.0
1110130 1699.1
1110140 1699.1
1110150 1701.2
1110160 1700.2
1110170 1700.2
1110180 1695.3
1110190 1688.6
1110200 1685.4
1110210 1685.4
1110220 1684.3
1110230 1686.0
1110240 1686.0
1110250 1683.4
1110260 1681.0
1110270 1681.0
1110280 1678.6
1110290 1676.6
1110300 1676.6
1110310 1674.8
1110320 1672.6
1110330 1672.6
1110340 1669.8
1110350 1666.4
1110360 1666.4
1110370 1662.7
1110380 1658.7
1110390 1658.7
1110400 1655.1
1110410 1652.9
1110420 1652.9
1110430 1651.6
1110440 1649.1
1110450 1649.1
1110460 1646.5
1110470 1642.8
1110480 1640.3
1110490 1640.3
1110500 1640.1
1110510 1639.2
1110520 1642.5
1110530 1640.9
1110540 1638.4
1110550 1638.4
1110560 1636.2
1110570 1633.5
1110580 1633.5
1110590 1631.6
1110600 1628.5
1110610 1628.5
1110620 1625.3
1110630 1623.0
1110640 1623.0
1110650 1621.7
1110660 1620.8
1110670 1620.8
1110680 1618.8
1110690 1616.4
1110700 1616.4
1110710 1614.8
1110720 1613.6
1110730 1613.6
1110740 1611.6
1110750 1609.8
1110760 1608.2
1110770 1608.2
1110780 1606.3
1110790 1603.7
1110800 1603.7
1110810 1600.9
1110820 1597.7
1110830 1597.7
1110840 1595.1
1110850 1594.3
1110860 1598.2
1110870 1597.9
1110880 1598.4
1110890 1598.4
1110900 1598.6
1110910 1598.1
1110920 1598.1
1110930 1597.5
1110940 1597.3
1110950 1597.3
1110960 1596.8
1110970 1596.2
1110980 1596.2
1110990 1595.5
1111000 1593.8
1111010 1593.8
1111020 1588.2
1111030 1581.0
1111040 1575.6
1111050 1575.6
1111060 1570.8
1111070 1564.9
1111080 1564.9
1111090 1558.4
1111100 1550.5
1111110 1550.5
1111120 1542.1
1111130 1534.9
1111140 1534.9
1111150 1528.8
1111160 1524.5
1111170 1524.5
1111180 1519.7
1111190 1513.7
1111200 1514.1
1111210 1508.1
1111220 1501.6
1111230 1501.6
1111240 1495.0
1111250 1487.7
1111260 1487.7
1111270 1479.6
1111280 1470.4
1111290 1470.4
1111300 1462.3
1111310 1453.5
1111320 1446.7
1111330 1446.7
1111340 1443.0
1111350 1436.1
1111360 1436.1
1111370 1428.0
1111380 1419.9
1111390 1419.9
1111400 1412.6
1111410 1406.6
1111420 1406.6
1111430 1401.6
1111440 1397.1
1111450 1397.1
1111460 1392.2
1111470 1387.8
1111480 1387.8
1111490 1384.0
1111500 1380.2
1111510 1380.2
1111520 1376.6
1111530 1373.5
1111540 1375.6
1111550 1372.0
1111560 1368.1
1111570 1366.6
1111580 1366.6
1111590 1366.2
1111600 1365.8
1111610 1365.8
1111620 1365.2
1111630 1364.9
1111640 1364.9
1111650 1364.8
1111660 1364.2
1111670 1364.2
1111680 1364.1
1111690 1367.9
1111700 1367.9
1111710 1370.2
1111720 1372.8
1111730 1372.8
1111740 1375.9
1111750 1379.0
1111760 1379.0
1111770 1382.0
1111780 1385.4
1111790 1385.4
1111800 1389.4
1111810 1393.6
1111820 1393.6
1111830 1397.9
1111840 1402.1
1111850 1406.7
1111860 1406.7
1111870 1411.2
1111880 1416.4
1111890 1416.4
1111900 1421.3
1111910 1425.7
1111920 1425.7
1111930 1430.6
1111940 1435.6
1111950 1435.6
1111960 1440.6
1111970 1445.9
1111980 1445.9
1111990 1450.9
1112000 1456.2
1112010 1456.2
1112020 1461.9
1112030 1467.1
1112040 1467.1
1112050 1471.0
1112060 1474.1
1112070 1474.1
1112080 1477.5
1112090 1480.4
1112100 1480.4
1112110 1486.5
1112120 1492.5
1112130 1497.5
1112140 1497.5
1112150 1502.2
1112160 1507.0
1112170 1507.0
1112180 1511.3
1112190 1514.8
1112200 1514.8
1112210 1518.7
1112220 1528.1
1112230 1528.1
1112240 1531.1
1112250 1534.0
1112260 1534.0
1112270 1539.3
1112280 1546.0
1112290 1546.0
1112300 1552.6
1112310 1559.5
1112320 1559.5
1112330 1566.2
1112340 1572.6
1112350 1572.6
1112360 1579.1
1112370 1584.3
1112380 1584.3
1112390 1588.9
1112400 1595.6
1112410 1608.2
1112420 1608.2
1112430 1613.7
1112440 1615.0
1112450 1615.0
1112460 1626.0
1112470 1644.1
1112480 1644.1
1112490 1651.3
1112500 1662.8
1112510 1662.8
1112520 1684.0
1112530 1700.3
1112540 1700.3
1112550 1716.3
1112560 1731.4
1112570 1727.9
1112580 1741.5
1112590 1753.0
1112600 1753.0
1112610 1763.0
1112620 1772.5
1112630 1772.5
1112640 1781.1
1112650 1779.6
1112660 1779.6
1112670 1766.4
1112680 1780.6
1112690 1795.3
1112700 1795.3
1112710 1807.4
1112720 1814.2
1112730 1814.2
1112740 1834.5
1112750 1857.4
1112760 1857.4
1112770 1864.9
1112780 1871.9
1112790 1871.9
1112800 1880.3
1112810 1889.1
1112820 1889.1
1112830 1897.1
1112840 1904.8
1112850 1904.8
1112860 1912.9
1112870 1921.2
1112880 1921.2
1112890 1933.0
1112900 1948.4
1112910 1942.1
1112920 1949.8
1112930 1956.7
1112940 1956.7
1112950 1967.0
1112960 1969.8
1112970 1969.4
1112980 1969.4
1112990 1970.5
1113000 1985.6
1113010 1985.6
1113020 1988.9
1113030 1980.0
1113040 1980.0
1113050 1986.6
1113060 1996.2
1113070 1996.2
1113080 1997.7
1113090 1994.9
1113100 1994.9
1113110 1997.9
1113120 2000.9
1113130 2000.9
1113140 2004.0
1113150 2001.6
1113160 2001.6
1113170 1998.1
1113180 2001.6
1113190 2001.6
1113200 2009.3
1113210 2016.1
1113220 2016.1
1113230 2013.8
1113240 2020.8
1113250 2040.3
1113260 2040.3
1113270 2041.7
1113280 2038.3
1113290 2038.3
1113300 2036.6
1113310 2039.4
1113320 2039.4
1113330 2037.4
1113340 2043.8
1113350 2043.8
1113360 2046.4
1113370 2047.3
1113380 2047.3
1113390 2046.4
1113400 2035.9
1113410 2035.9
1113420 2035.3
1113430 2043.3
1113440 2043.3
1113450 2053.6
1113460 2064.4
1113470 2064.4
1113480 2068.7
1113490 2060.2
1113500 2046.7
1113510 2046.7
1113520 2035.9
1113530 2028.1
1113540 2028.1
1113550 2022.7
1113560 2015.9
1113570 2015.9
1113580 2008.9
1113590 2003.7
1113600 2006.9
1113610 2001.4
1113620 1995.0
1113630 1995.0
1113640 1988.9
1113650 1985.2
1113660 1985.2
1113670 1985.3
1113680 1985.9
1113690 1985.9
1113700 1986.2
1113710 1987.5
1113720 1987.5
1113730 1989.8
1113740 1992.7
1113750 1992.7
1113760 1999.8
1113770 2009.9
1113780 2019.6
1113790 2019.6
1113800 2031.3
1113810 2044.6
1113820 2044.6
1113830 2053.8
1113840 2053.9
1113850 2053.9
1113860 2050.5
1113870 2038.3
1113880 2038.3
1113890 2021.1
1113900 2005.8
1113910 2005.8
1113920 1989.8
1113930 1973.4
1113940 1976.6
1113950 1963.6
1113960 1949.7
1113970 1949.7
1113980 1931.2
1113990 1919.8
1114000 1919.8
1114010 1910.6
1114020 1902.9
1114030 1902.9
1114040 1893.7
1114050 1885.6
1114060 1878.8
1114070 1878.8
1114080 1871.9
1114090 1862.0
1114100 1862.0
1114110 1853.8
1114120 1845.9
1114130 1845.9
1114140 1838.3
1114150 1831.2
1114160 1831.2
1114170 1824.7
1114180 1816.8
1114190 1816.8
1114200 1805.4
1114210 1783.9
1114220 1783.9
1114230 1776.5
1114240 1770.2
1114250 1770.2
1114260 1764.1
1114270 1758.7
1114280 1756.4
1114290 1750.6
1114300 1745.6
1114310 1745.6
1114320 1741.8
1114330 1738.3
1114340 1737.3
1114350 1737.3
1114360 1737.5
1114370 1738.5
1114380 1738.5
1114390 1741.3
1114400 1741.3
1114410 1741.3
1114420 1735.4
1114430 1730.1
1114440 1730.1
1114450 1724.6
1114460 1718.0
1114470 1718.0
1114480 1712.1
1114490 1710.1
1114500 1710.1
1114510 1707.6
1114520 1703.6
1114530 1703.6
1114540 1698.8
1114550 1691.9
1114560 1691.9
1114570 1685.4
1114580 1679.8
1114590 1679.8
1114600 1675.3
1114610 1669.2
1114620 1662.8
1114630 1659.1
1114640 1653.9
1114650 1651.2
1114660 1651.2
1114670 1648.9
1114680 1644.4
1114690 1644.4
1114700 1638.8
1114710 1634.8
1114720 1634.8
1114730 1632.6
1114740 1631.1
1114750 1631.1
1114760 1628.1
1114770 1623.5
1114780 1623.5
1114790 1619.0
1114800 1613.9
1114810 1613.9
1114820 1609.2
1114830 1604.1
1114840 1604.1
1114850 1599.1
1114860 1594.6
1114870 1594.6
1114880 1589.4
1114890 1584.2
1114900 1578.6
1114910 1578.6
1114920 1573.1
1114930 1568.6
1114940 1568.6
1114950 1563.7
1114960 1558.3
1114970 1556.7
1114980 1552.5
1114990 1548.3
1115000 1548.3
1115010 1543.7
1115020 1538.8
1115030 1538.8
1115040 1533.9
1115050 1528.9
1115060 1528.9
1115070 1523.2
1115080 1517.0
1115090 1517.0
1115100 1510.2
1115110 1502.9
1115120 1502.9
1115130 1495.8
1115140 1488.3
1115150 1488.3
1115160 1481.3
1115170 1473.5
1115180 1466.5
1115190 1466.5
1115200 1459.4
1115210 1451.8
1115220 1451.8
1115230 1444.4
1115240 1438.9
1115250 1438.9
1115260 1445.9
1115270 1460.0
1115280 1460.0
1115290 1466.6
1115300 1470.8
1115310 1470.8
1115320 1476.4
1115330 1478.3
1115340 1478.3
1115350 1479.6
1115360 1481.0
1115370 1481.0
1115380 1483.1
1115390 1485.9
1115400 1485.9
1115410 1487.5
1115420 1486.0
1115430 1485.9
1115440 1485.9
1115450 1488.6
1115460 1491.1
1115470 1491.1
1115480 1495.0
1115490 1499.1
1115500 1499.1
1115510 1503.2
1115520 1506.3
1115530 1506.3
1115540 1508.8
1115550 1516.5
1115560 1516.5
1115570 1521.8
1115580 1526.0
1115590 1526.0
1115600 1532.0
1115610 1538.6
1115620 1538.6
1115630 1546.6
1115640 1554.1
1115650 1554.1
1115660 1564.1
1115670 1571.4
1115680 1571.4
1115690 1578.7
1115700 1584.3
1115710 1589.4
1115720 1589.4
1115730 1594.5
1115740 1599.9
1115750 1599.9
1115760 1605.0
1115770 1609.3
1115780 1609.3
1115790 1613.6
1115800 1618.0
1115810 1618.0
1115820 1622.4
1115830 1626.3
1115840 1626.3
1115850 1630.4
1115860 1633.4
1115870 1633.4
1115880 1637.5
1115890 1643.4
1115900 1643.4
1115910 1649.1
1115920 1654.8
1115930 1654.8
1115940 1660.4
1115950 1665.2
1115960 1665.2
1115970 1665.6
1115980 1667.5
1115990 1672.2
1116000 1672.2
1116010 1683.9
1116020 1695.3
1116030 1695.3
1116040 1707.7
1116050 1715.3
1116060 1715.3
1116070 1722.6
1116080 1730.4
1116090 1730.4
1116100 1738.5
1116110 1746.6
1116120 1746.6
1116130 1754.8
1116140 1763.0
1116150 1763.0
1116160 1773.8
1116170 1785.3
1116180 1785.3
1116190 1788.1
1116200 1794.2
1116210 1794.2
1116220 1793.5
1116230 1793.2
1116240 1793.2
1116250 1801.2
1116260 1814.9
1116270 1826.9
1116280 1826.9
1116290 1833.0
1116300 1844.8
1116310 1844.8
1116320 1850.5
1116330 1863.4
1116340 1863.4
1116350 1873.4
1116360 1869.0
1116370 1869.0
1116380 1853.7
1116390 1842.7
1116400 1842.7
1116410 1827.3
1116420 1819.3
1116430 1819.3
1116440 1813.4
1116450 1801.8
1116460 1801.8
1116470 1793.2
1116480 1784.4
1116490 1784.4
1116500 1774.7
1116510 1765.4
1116520 1765.4
1116530 1756.2
1116540 1745.9
1116550 1737.9
1116560 1737.9
1116570 1729.9
1116580 1721.9
1116590 1721.9
1116600 1713.3
1116610 1705.1
1116620 1705.1
1116630 1698.0
1116640 1691.4
1116650 1691.4
1116660 1688.0
1116670 1689.5
1116680 1689.5
1116690 1689.3
1116700 1670.8
1116710 1670.8
1116720 1664.4
1116730 1652.1
1116740 1652.1
1116750 1634.1
1116760 1623.0
1116770 1623.0
1116780 1615.5
1116790 1612.3
1116800 1612.3
1116810 1612.1
1116820 1609.0
1116830 1609.5
1116840 1609.5
1116850 1608.0
1116860 1605.2
1116870 1605.2
1116880 1605.9
1116890 1602.5
1116900 1602.5
1116910 1598.1
1116920 1594.4
1116930 1594.4
1116940 1593.0
1116950 1592.3
1116960 1592.3
1116970 1594.4
1116980 1599.9
1116990 1599.9
1117000 1615.2
1117010 1628.7
1117020 1628.7
1117030 1641.1
1117040 1648.7
1117050 1648.7
1117060 1654.4
1117070 1642.4
1117080 1642.4
1117090 1607.1
1117100 1575.8
1117110 1546.2
1117120 1546.2
1117130 1515.1
1117140 1501.4
1117150 1501.4
1117160 1500.3
1117170 1493.5
1117180 1493.5
1117190 1488.7
1117200 1488.9
1117210 1488.9
1117220 1489.5
1117230 1488.9
1117240 1488.9
1117250 1486.6
1117260 1481.5
1117270 1481.5
1117280 1479.1
1117290 1476.2
1117300 1476.2
1117310 1472.7
1117320 1469.6
1117330 1469.6
1117340 1465.1
1117350 1458.4
1117360 1453.1
1117370 1453.1
1117380 1450.7
1117390 1456.0
1117400 1456.0
1117410 1451.9
1117420 1447.8
1117430 1447.8
1117440 1443.4
1117450 1438.6
1117460 1438.6
1117470 1433.9
1117480 1428.3
1117490 1428.3
1117500 1421.6
1117510 1415.8
1117520 1415.8
1117530 1411.1
1117540 1406.7
1117550 1406.7
1117560 1402.7
1117570 1396.9
1117580 1396.9
1117590 1390.8
1117600 1385.4
1117610 1385.4
1117620 1379.6
1117630 1373.0
1117640 1365.4
1117650 1365.4
1117660 1357.7
1117670 1350.6
1117680 1350.6
1117690 1344.2
1117700 1338.1
1117710 1338.1
1117720 1333.6
1117730 1329.5
1117740 1336.4
1117750 1333.6
1117760 1328.4
1117770 1328.4
1117780 1322.5
1117790 1317.8
1117800 1317.8
1117810 1313.3
1117820 1307.9
1117830 1307.9
1117840 1303.3
1117850 1299.3
1117860 1299.3
1117870 1294.8
1117880 1289.8
1117890 1289.8
1117900 1283.4
1117910 1274.6
1117920 1266.2
1117930 1266.2
1117940 1258.1
1117950 1252.7
1117960 1252.7
1117970 1249.6
1117980 1247.0
1117990 1247.0
1118000 1245.8
1118010 1242.9
1118020 1242.9
1118030 1238.0
1118040 1233.4
1118050 1233.4
1118060 1228.7
1118070 1223.9
1118080 1223.9
1118090 1222.1
1118100 1215.9
1118110 1215.9
1118120 1209.6
1118130 1203.6
1118140 1203.6
1118150 1198.1
1118160 1192.8
1118170 1192.8
1118180 1187.7
1118190 1183.0
1118200 1178.2
1118210 1178.2
1118220 1172.8
1118230 1167.1
1118240 1167.1
1118250 1161.2
1118260 1155.5
1118270 1155.5
1118280 1149.4
1118290 1143.6
1118300 1143.6
1118310 1137.5
1118320 1132.0
1118330 1132.0
1118340 1126.7
1118350 1121.7
1118360 1121.7
1118370 1116.4
1118380 1111.2
1118390 1111.2
1118400 1106.0
1118410 1100.8
1118420 1100.8
1118430 1097.5
1118440 1092.7
1118450 1092.7
1118460 1088.0
1118470 1083.3
1118480 1078.9
1118490 1078.9
1118500 1074.6
1118510 1070.0
1118520 1070.0
1118530 1065.5
1118540 1060.8
1118550 1060.8
1118560 1055.9
1118570 1051.0
1118580 1051.0
1118590 1046.9
1118600 1042.9
1118610 1042.9
1118620 1039.1
1118630 1035.2
1118640 1035.2
1118650 1030.8
1118660 1026.5
1118670 1026.5
1118680 1022.5
1118690 1017.6
1118700 1017.6
1118710 1013.4
1118720 1014.8
1118730 1014.8
1118740 1022.3
1118750 1028.8
1118760 1029.0
1118770 1029.0
1118780 1030.4
1118790 1030.7
1118800 1030.7
1118810 1030.6
1118820 1030.1
1118830 1030.1
1118840 1028.6
1118850 1026.4
1118860 1026.4
1118870 1026.4
1118880 1029.6
1118890 1029.6
1118900 1029.4
1118910 1025.3
1118920 1025.3
1118930 1021.9
1118940 1018.7
1118950 1018.7
1118960 1015.6
1118970 1009.5
1118980 1009.5
1118990 1001.4
1119000 993.5
1119010 986.2
1119020 986.2
1119030 978.3
1119040 970.3
1119050 970.3
1119060 966.9
1119070 963.8
1119080 963.8
1119090 963.1
1119100 962.6
1119110 962.6
1119120 962.5
1119130 963.3
1119140 963.3
1119150 963.9
1119160 964.4
1119170 964.4
1119180 975.4
1119190 981.8
1119200 981.8
1119210 987.7
1119220 993.0
1119230 993.0
1119240 993.7
1119250 994.3
1119260 994.3
1119270 996.1
1119280 998.0
1119290 998.4
1119300 998.4
1119310 998.5
1119320 998.4
1119330 998.4
1119340 998.5
1119350 1000.3
1119360 1000.3
1119370 1004.1
1119380 1007.7
1119390 1007.7
1119400 1009.2
1119410 1009.8
1119420 1009.8
1119430 1010.4
1119440 1011.0
1119450 1011.0
1119460 1011.6
1119470 1012.1
1119480 1012.1
1119490 1012.6
1119500 1013.4
1119510 1013.4
1119520 1014.3
1119530 1015.0
1119540 1015.0
1119550 1015.7
1119560 1016.5
1119570 1016.9
1119580 1016.9
1119590 1017.6
1119600 1018.3
1119610 1018.3
1119620 1018.9
1119630 1019.4
1119640 1019.4
1119650 1020.4
1119660 1022.1
1119670 1022.1
1119680 1023.4
1119690 1025.0
1119700 1025.0
1119710 1026.5
1119720 1028.1
1119730 1028.1
1119740 1029.6
1119750 1031.4
1119760 1031.4
1119770 1033.2
1119780 1034.6
1119790 1034.6
1119800 1035.9
1119810 1037.5
1119820 1037.5
1119830 1037.9
1119840 1040.4
1119850 1041.1
1119860 1041.1
1119870 1039.9
1119880 1035.0
1119890 1035.0
1119900 1029.5
1119910 1025.4
1119920 1025.4
1119930 1025.0
1119940 1027.4
1119950 1027.4
1119960 1030.6
1119970 1032.6
1119980 1032.6
1119990 1033.8
