1100000 1441.6
1100010 1441.6
1100020 1440.5
1100030 1438.6
1100040 1438.6
1100050 1438.0
1100060 1435.9
1100070 1435.9
1100080 1429.3
1100090 1421.4
1100100 1421.4
1100110 1413.9
1100120 1415.3
1100130 1415.3
1100140 1417.1
1100150 1422.5
1100160 1422.5
1100170 1429.3
1100180 1433.9
1100190 1433.9
1100200 1436.5
1100210 1440.3
1100220 1440.3
1100230 1443.4
1100240 1447.4
1100250 1445.0
1100260 1448.1
1100270 1451.0
1100280 1452.9
1100290 1452.9
1100300 1454.2
1100310 1455.4
1100320 1455.4
1100330 1455.8
1100340 1455.1
1100350 1455.1
1100360 1454.5
1100370 1456.1
1100380 1456.1
1100390 1457.9
1100400 1459.5
1100410 1459.5
1100420 1459.9
1100430 1460.4
1100440 1460.4
1100450 1460.5
1100460 1460.4
1100470 1460.4
1100480 1458.1
1100490 1457.1
1100500 1457.1
1100510 1457.3
1100520 1459.1
1100530 1459.1
1100540 1461.3
1100550 1461.6
1100560 1461.3
1100570 1461.3
1100580 1458.0
1100590 1456.8
1100600 1456.8
1100610 1455.9
1100620 1456.7
1100630 1456.7
1100640 1458.6
1100650 1460.5
1100660 1460.5
1100670 1461.2
1100680 1461.1
1100690 1461.1
1100700 1460.0
1100710 1458.3
1100720 1458.3
1100730 1457.0
1100740 1455.5
1100750 1455.5
1100760 1453.4
1100770 1451.6
1100780 1451.6
1100790 1451.4
1100800 1451.4
1100810 1451.4
1100820 1451.0
1100830 1450.8
1100840 1450.2
1100850 1450.2
1100860 1448.2
1100870 1451.9
1100880 1451.9
1100890 1457.9
1100900 1463.7
1100910 1459.3
1100920 1464.3
1100930 1471.8
1100940 1471.8
1100950 1478.5
1100960 1484.2
1100970 1484.2
1100980 1489.0
1100990 1493.3
1101000 1493.3
1101010 1500.1
1101020 1507.1
1101030 1507.1
1101040 1513.6
1101050 1518.8
1101060 1518.8
1101070 1525.7
1101080 1532.1
1101090 1532.1
1101100 1538.4
1101110 1542.5
1101120 1544.7
1101130 1544.7
1101140 1546.2
1101150 1549.8
1101160 1549.8
1101170 1555.1
1101180 1559.3
1101190 1559.3
1101200 1563.4
1101210 1566.6
1101220 1566.6
1101230 1570.9
1101240 1570.5
1101250 1570.5
1101260 1574.1
1101270 1577.0
1101280 1577.0
1101290 1580.9
1101300 1586.0
1101310 1586.0
1101320 1591.7
1101330 1597.2
1101340 1597.2
1101350 1603.3
1101360 1609.4
1101370 1609.4
1101380 1615.3
1101390 1620.7
1101400 1626.1
1101410 1626.1
1101420 1632.2
1101430 1638.5
1101440 1638.5
1101450 1644.2
1101460 1649.2
1101470 1649.2
1101480 1654.3
1101490 1659.4
1101500 1659.4
1101510 1664.4
1101520 1669.1
1101530 1669.1
1101540 1673.9
1101550 1678.7
1101560 1678.7
1101570 1682.8
1101580 1683.1
1101590 1683.1
1101600 1686.8
1101610 1689.9
1101620 1689.9
1101630 1692.7
1101640 1694.5
1101650 1694.5
1101660 1695.7
1101670 1695.9
1101680 1695.7
1101690 1695.7
1101700 1695.2
1101710 1694.6
1101720 1694.6
1101730 1693.5
1101740 1692.5
1101750 1692.5
1101760 1691.8
1101770 1690.7
1101780 1690.7
1101790 1689.8
1101800 1689.6
1101810 1689.6
1101820 1689.4
1101830 1688.4
1101840 1688.4
1101850 1685.9
1101860 1681.4
1101870 1681.4
1101880 1675.9
1101890 1670.4
1101900 1670.4
1101910 1664.5
1101920 1659.8
1101930 1659.8
1101940 1655.0
1101950 1651.5
1101960 1649.0
1101970 1649.0
1101980 1646.9
1101990 1645.6
1102000 1645.6
1102010 1645.4
1102020 1646.2
1102030 1646.2
1102040 1647.0
1102050 1647.7
1102060 1647.7
1102070 1648.6
1102080 1649.2
1102090 1649.2
1102100 1649.2
1102110 1647.6
1102120 1647.6
1102130 1639.7
1102140 1628.9
1102150 1628.9
1102160 1620.5
1102170 1614.0
1102180 1614.0
1102190 1606.7
1102200 1604.3
1102210 1611.2
1102220 1611.2
1102230 1618.6
1102240 1620.1
1102250 1620.1
1102260 1627.0
1102270 1633.6
1102280 1633.6
1102290 1638.3
1102300 1641.5
1102310 1641.5
1102320 1643.1
1102330 1643.3
1102340 1643.3
1102350 1642.8
1102360 1642.2
1102370 1642.2
1102380 1642.4
1102390 1641.8
1102400 1641.8
1102410 1642.0
1102420 1643.0
1102430 1643.0
1102440 1643.2
1102450 1643.7
1102460 1643.7
1102470 1643.8
1102480 1643.5
1102490 1643.1
1102500 1643.1
1102510 1642.8
1102520 1642.4
1102530 1642.4
1102540 1642.4
1102550 1641.8
1102560 1641.8
1102570 1636.0
1102580 1635.4
1102590 1635.4
1102600 1635.1
1102610 1634.3
1102620 1634.3
1102630 1633.3
1102640 1632.4
1102650 1632.4
1102660 1631.4
1102670 1629.9
1102680 1629.9
1102690 1628.0
1102700 1625.8
1102710 1625.8
1102720 1624.5
1102730 1623.6
1102740 1623.6
1102750 1623.1
1102760 1622.3
1102770 1621.4
1102780 1621.4
1102790 1620.3
1102800 1619.0
1102810 1619.0
1102820 1618.1
1102830 1617.3
1102840 1617.3
1102850 1615.6
1102860 1611.1
1102870 1611.1
1102880 1609.8
1102890 1609.5
1102900 1609.5
1102910 1604.8
1102920 1603.6
1102930 1603.6
1102940 1602.7
1102950 1601.4
1102960 1601.4
1102970 1600.3
1102980 1599.4
1102990 1599.4
1103000 1598.6
1103010 1597.0
1103020 1597.0
1103030 1594.4
1103040 1592.3
1103050 1590.2
1103060 1590.2
1103070 1587.8
1103080 1587.4
1103090 1587.4
1103100 1585.3
1103110 1583.4
1103120 1583.4
1103130 1582.7
1103140 1580.7
1103150 1580.7
1103160 1577.5
1103170 1572.6
1103180 1572.6
1103190 1567.5
1103200 1562.8
1103210 1562.8
1103220 1556.9
1103230 1552.4
1103240 1545.8
1103250 1543.1
1103260 1540.1
1103270 1540.1
1103280 1536.9
1103290 1534.2
1103300 1534.2
1103310 1532.4
1103320 1531.3
1103330 1529.8
1103340 1529.8
1103350 1528.1
1103360 1526.6
1103370 1526.6
1103380 1525.7
1103390 1525.1
1103400 1525.1
1103410 1523.6
1103420 1521.0
1103430 1521.0
1103440 1518.1
1103450 1514.2
1103460 1514.2
1103470 1509.4
1103480 1504.2
1103490 1504.2
1103500 1499.1
1103510 1493.4
1103520 1493.4
1103530 1486.9
1103540 1480.7
1103550 1480.7
1103560 1475.3
1103570 1470.4
1103580 1464.7
1103590 1460.7
1103600 1456.4
1103610 1450.8
1103620 1450.8
1103630 1445.4
1103640 1439.1
1103650 1439.1
1103660 1431.5
1103670 1422.8
1103680 1422.8
1103690 1413.5
1103700 1404.5
1103710 1404.5
1103720 1395.9
1103730 1387.8
1103740 1387.8
1103750 1381.1
1103760 1378.6
1103770 1378.6
1103780 1377.1
1103790 1376.2
1103800 1376.2
1103810 1379.1
1103820 1382.5
1103830 1382.5
1103840 1387.1
1103850 1392.2
1103860 1392.2
1103870 1392.5
1103880 1388.7
1103890 1386.9
1103900 1386.9
1103910 1381.8
1103920 1379.7
1103930 1379.7
1103940 1377.5
1103950 1375.7
1103960 1375.7
1103970 1373.9
1103980 1373.0
1103990 1373.0
1104000 1372.8
1104010 1372.0
1104020 1372.0
1104030 1370.2
1104040 1367.9
1104050 1367.9
1104060 1367.0
1104070 1367.4
1104080 1367.4
1104090 1366.9
1104100 1366.1
1104110 1366.1
1104120 1364.9
1104130 1362.4
1104140 1362.4
1104150 1360.0
1104160 1358.0
1104170 1355.7
1104180 1355.7
1104190 1353.5
1104200 1351.0
1104210 1351.0
1104220 1348.7
1104230 1346.9
1104240 1346.9
1104250 1341.9
1104260 1339.2
1104270 1339.2
1104280 1336.7
1104290 1334.3
1104300 1334.3
1104310 1332.1
1104320 1329.4
1104330 1329.4
1104340 1327.1
1104350 1325.5
1104360 1325.5
1104370 1323.9
1104380 1322.2
1104390 1322.2
1104400 1320.2
1104410 1317.8
1104420 1317.8
1104430 1315.1
1104440 1312.4
1104450 1310.2
1104460 1310.2
1104470 1307.8
1104480 1305.4
1104490 1305.4
1104500 1302.7
1104510 1299.9
1104520 1299.9
1104530 1297.0
1104540 1294.3
1104550 1294.3
1104560 1291.3
1104570 1288.3
1104580 1287.5
1104590 1284.5
1104600 1281.9
1104610 1281.9
1104620 1279.5
1104630 1277.5
1104640 1277.5
1104650 1277.0
1104660 1276.4
1104670 1276.4
1104680 1275.5
1104690 1274.0
1104700 1274.0
1104710 1272.0
1104720 1269.7
1104730 1267.3
1104740 1267.3
1104750 1264.6
1104760 1261.9
1104770 1261.9
1104780 1260.6
1104790 1258.9
1104800 1258.9
1104810 1256.5
1104820 1254.5
1104830 1254.5
1104840 1252.1
1104850 1250.1
1104860 1250.1
1104870 1248.9
1104880 1247.5
1104890 1247.5
1104900 1246.0
1104910 1242.6
1104920 1244.8
1104930 1242.9
1104940 1240.9
1104950 1240.9
1104960 1237.3
1104970 1232.7
1104980 1232.7
1104990 1228.0
1105000 1223.5
1105010 1218.0
1105020 1218.0
1105030 1213.0
1105040 1202.9
1105050 1202.9
1105060 1197.3
1105070 1189.7
1105080 1189.7
1105090 1185.4
1105100 1181.4
1105110 1181.4
1105120 1172.6
1105130 1166.0
1105140 1166.0
1105150 1158.7
1105160 1155.5
1105170 1155.5
1105180 1156.4
1105190 1161.5
1105200 1161.5
1105210 1168.9
1105220 1176.3
1105230 1176.3
1105240 1182.0
1105250 1192.8
1105260 1192.8
1105270 1192.3
1105280 1191.9
1105290 1191.6
1105300 1191.6
1105310 1193.6
1105320 1194.1
1105330 1194.1
1105340 1188.1
1105350 1188.7
1105360 1188.7
1105370 1188.3
1105380 1187.0
1105390 1187.0
1105400 1183.8
1105410 1189.6
1105420 1189.6
1105430 1198.7
1105440 1202.9
1105450 1202.9
1105460 1207.3
1105470 1208.3
1105480 1208.3
1105490 1210.0
1105500 1214.6
1105510 1214.6
1105520 1216.4
1105530 1216.5
1105540 1216.5
1105550 1214.8
1105560 1212.8
1105570 1214.2
1105580 1214.2
1105590 1217.3
1105600 1217.5
1105610 1217.5
1105620 1217.7
1105630 1218.2
1105640 1218.2
1105650 1219.1
1105660 1220.1
1105670 1220.1
1105680 1221.2
1105690 1221.8
1105700 1221.8
1105710 1222.6
1105720 1223.6
1105730 1223.6
1105740 1225.2
1105750 1226.5
1105760 1226.5
1105770 1228.1
1105780 1229.9
1105790 1229.9
1105800 1232.2
1105810 1234.4
1105820 1234.4
1105830 1237.2
1105840 1239.3
1105850 1241.4
1105860 1241.4
1105870 1243.1
1105880 1245.3
1105890 1245.3
1105900 1247.9
1105910 1250.6
1105920 1256.1
1105930 1259.1
1105940 1261.4
1105950 1261.4
1105960 1264.8
1105970 1268.5
1105980 1268.5
1105990 1272.4
1106000 1275.2
1106010 1275.2
1106020 1278.4
1106030 1281.3
1106040 1281.3
1106050 1283.0
1106060 1283.6
1106070 1283.6
1106080 1286.1
1106090 1290.2
1106100 1290.2
1106110 1294.5
1106120 1298.7
1106130 1302.2
1106140 1302.2
1106150 1305.2
1106160 1309.3
1106170 1309.3
1106180 1312.4
1106190 1315.0
1106200 1315.0
1106210 1319.1
1106220 1323.5
1106230 1323.5
1106240 1326.8
1106250 1329.8
1106260 1335.9
1106270 1338.9
1106280 1343.4
1106290 1343.4
1106300 1349.2
1106310 1354.2
1106320 1354.2
1106330 1357.1
1106340 1359.0
1106350 1359.0
1106360 1360.0
1106370 1361.5
1106380 1361.5
1106390 1363.4
1106400 1363.6
1106410 1363.1
1106420 1363.1
1106430 1363.0
1106440 1362.3
1106450 1362.3
1106460 1362.3
1106470 1361.9
1106480 1361.9
1106490 1360.2
1106500 1357.8
1106510 1357.8
1106520 1353.7
1106530 1349.3
1106540 1349.3
1106550 1344.1
1106560 1338.9
1106570 1338.9
1106580 1334.1
1106590 1329.8
1106600 1331.9
1106610 1327.7
1106620 1323.8
1106630 1323.8
1106640 1320.3
1106650 1316.0
1106660 1316.0
1106670 1311.6
1106680 1308.2
1106690 1305.0
1106700 1305.0
1106710 1302.6
1106720 1301.1
1106730 1301.1
1106740 1298.9
1106750 1297.8
1106760 1297.8
1106770 1297.1
1106780 1295.2
1106790 1295.2
1106800 1289.3
1106810 1281.8
1106820 1281.8
1106830 1277.3
1106840 1269.9
1106850 1269.9
1106860 1260.5
1106870 1252.0
1106880 1252.0
1106890 1243.2
1106900 1233.9
1106910 1233.9
1106920 1224.6
1106930 1215.7
1106940 1218.4
1106950 1217.8
1106960 1224.5
1106970 1232.2
1106980 1232.2
1106990 1236.4
1107000 1240.4
1107010 1240.4
1107020 1247.6
1107030 1257.8
1107040 1257.8
1107050 1265.9
1107060 1271.2
1107070 1271.2
1107080 1276.8
1107090 1283.0
1107100 1283.0
1107110 1290.4
1107120 1294.9
1107130 1294.9
1107140 1299.6
1107150 1304.4
1107160 1304.4
1107170 1309.3
1107180 1313.1
1107190 1313.1
1107200 1312.7
1107210 1314.2
1107220 1314.2
1107230 1320.5
1107240 1326.0
1107250 1330.1
1107260 1330.1
1107270 1329.9
1107280 1334.2
1107290 1334.2
1107300 1337.5
1107310 1342.0
1107320 1342.0
1107330 1347.4
1107340 1354.0
1107350 1354.0
1107360 1360.2
1107370 1365.2
1107380 1365.2
1107390 1369.2
1107400 1371.0
1107410 1371.0
1107420 1374.3
1107430 1381.4
1107440 1381.4
1107450 1389.3
1107460 1396.9
1107470 1396.9
1107480 1404.4
1107490 1411.0
1107500 1411.0
1107510 1417.1
1107520 1422.2
1107530 1427.7
1107540 1427.7
1107550 1434.0
1107560 1440.2
1107570 1440.2
1107580 1444.9
1107590 1449.5
1107600 1449.5
1107610 1451.6
1107620 1456.1
1107630 1456.1
1107640 1462.2
1107650 1468.7
1107660 1468.7
1107670 1475.1
1107680 1481.2
1107690 1481.2
1107700 1487.0
1107710 1492.5
1107720 1492.5
1107730 1498.3
1107740 1504.9
1107750 1504.9
1107760 1511.8
1107770 1518.6
1107780 1518.6
1107790 1525.0
1107800 1531.7
1107810 1538.2
1107820 1538.2
1107830 1545.0
1107840 1551.7
1107850 1551.7
1107860 1558.4
1107870 1565.2
1107880 1565.2
1107890 1571.7
1107900 1578.0
1107910 1578.0
1107920 1583.8
1107930 1589.5
1107940 1589.5
1107950 1589.5
1107960 1593.8
1107970 1593.8
1107980 1597.1
1107990 1601.7
1108000 1601.7
1108010 1607.7
1108020 1615.3
1108030 1615.3
1108040 1623.7
1108050 1631.2
1108060 1638.9
1108070 1638.9
1108080 1645.9
1108090 1652.5
1108100 1652.5
1108110 1659.8
1108120 1667.2
1108130 1667.2
1108140 1673.7
1108150 1680.5
1108160 1680.5
1108170 1688.0
1108180 1695.9
1108190 1695.9
1108200 1703.8
1108210 1711.3
1108220 1711.3
1108230 1717.7
1108240 1724.5
1108250 1724.5
1108260 1731.2
1108270 1737.8
1108280 1737.8
1108290 1743.0
1108300 1749.4
1108310 1749.4
1108320 1754.6
1108330 1759.8
1108340 1765.5
1108350 1765.5
1108360 1771.1
1108370 1776.7
1108380 1776.7
1108390 1782.3
1108400 1788.1
1108410 1788.1
1108420 1793.3
1108430 1798.6
1108440 1798.6
1108450 1803.9
1108460 1809.4
1108470 1809.4
1108480 1813.2
1108490 1815.8
1108500 1815.8
1108510 1820.2
1108520 1822.6
1108530 1822.6
1108540 1829.0
1108550 1837.4
1108560 1837.4
1108570 1843.7
1108580 1846.2
1108590 1846.2
1108600 1848.9
1108610 1854.4
1108620 1859.2
1108630 1866.0
1108640 1869.3
1108650 1872.4
1108660 1872.4
1108670 1877.6
1108680 1882.6
1108690 1882.6
1108700 1888.0
1108710 1892.5
1108720 1892.5
1108730 1899.5
1108740 1907.1
1108750 1907.1
1108760 1914.5
1108770 1920.1
1108780 1920.1
1108790 1925.0
1108800 1930.7
1108810 1930.7
1108820 1936.1
1108830 1941.2
1108840 1941.2
1108850 1944.9
1108860 1947.0
1108870 1947.0
1108880 1945.4
1108890 1940.6
1108900 1935.2
1108910 1935.2
1108920 1930.7
1108930 1927.2
1108940 1927.2
1108950 1923.5
1108960 1924.8
1108970 1924.8
1108980 1921.4
1108990 1918.2
1109000 1918.2
1109010 1915.7
1109020 1913.0
1109030 1913.0
1109040 1910.3
1109050 1907.6
1109060 1907.6
1109070 1904.7
1109080 1901.9
1109090 1901.9
1109100 1899.4
1109110 1899.3
1109120 1899.3
1109130 1901.4
1109140 1902.7
1109150 1902.7
1109160 1903.2
1109170 1903.9
1109180 1905.2
1109190 1905.2
1109200 1906.7
1109210 1909.4
1109220 1909.4
1109230 1912.5
1109240 1916.5
1109250 1916.5
1109260 1920.3
1109270 1923.1
1109280 1923.1
1109290 1919.6
1109300 1919.0
1109310 1919.0
1109320 1921.6
1109330 1919.1
1109340 1919.1
1109350 1911.3
1109360 1910.2
1109370 1910.2
1109380 1912.1
1109390 1910.1
1109400 1910.1
1109410 1905.7
1109420 1902.2
1109430 1902.2
1109440 1898.4
1109450 1890.7
1109460 1883.6
1109470 1883.6
1109480 1879.9
1109490 1878.7
1109500 1878.7
1109510 1878.0
1109520 1876.3
1109530 1876.3
1109540 1873.4
1109550 1870.6
1109560 1870.6
1109570 1869.1
1109580 1868.9
1109590 1868.9
1109600 1871.4
1109610 1880.0
1109620 1880.0
1109630 1889.3
1109640 1904.2
1109650 1904.2
1109660 1905.2
1109670 1909.1
1109680 1909.1
1109690 1915.3
1109700 1921.9
1109710 1921.9
1109720 1930.1
1109730 1937.7
1109740 1939.7
1109750 1939.7
1109760 1941.8
1109770 1947.8
1109780 1947.8
1109790 1954.1
1109800 1961.0
1109810 1961.0
1109820 1966.5
1109830 1962.8
1109840 1962.8
1109850 1953.9
1109860 1944.1
1109870 1944.1
1109880 1933.6
1109890 1923.6
1109900 1923.6
1109910 1913.8
1109920 1905.7
1109930 1905.7
1109940 1899.3
1109950 1892.1
1109960 1892.1
1109970 1885.0
1109980 1879.1
1109990 1879.1
1110000 1873.9
1110010 1869.2
1110020 1863.3
1110030 1863.3
1110040 1857.6
1110050 1852.7
1110060 1852.7
1110070 1846.3
1110080 1840.5
1110090 1840.5
1110100 1835.2
1110110 1828.9
1110120 1828.9
1110130 1822.0
1110140 1814.7
1110150 1814.7
1110160 1808.1
1110170 1802.2
1110180 1802.2
1110190 1796.8
1110200 1790.9
1110210 1790.9
1110220 1785.7
1110230 1781.1
1110240 1781.1
1110250 1776.9
1110260 1772.6
1110270 1772.6
1110280 1769.7
1110290 1766.7
1110300 1763.8
1110310 1763.8
1110320 1759.9
1110330 1760.1
1110340 1760.1
1110350 1763.0
1110360 1765.4
1110370 1765.4
1110380 1767.4
1110390 1769.9
1110400 1769.9
1110410 1772.6
1110420 1775.0
1110430 1775.0
1110440 1776.8
1110450 1778.1
1110460 1778.1
1110470 1779.0
1110480 1779.7
1110490 1779.7
1110500 1779.9
1110510 1780.0
1110520 1780.0
1110530 1779.9
1110540 1778.8
1110550 1778.8
1110560 1776.1
1110570 1771.1
1110580 1765.6
1110590 1765.6
1110600 1760.4
1110610 1755.6
1110620 1755.6
1110630 1751.3
1110640 1746.3
1110650 1746.3
1110660 1735.0
1110670 1732.0
1110680 1732.0
1110690 1729.5
1110700 1727.1
1110710 1727.1
1110720 1724.9
1110730 1722.0
1110740 1722.0
1110750 1718.4
1110760 1712.8
1110770 1712.8
1110780 1702.7
1110790 1690.2
1110800 1690.2
1110810 1682.4
1110820 1676.4
1110830 1676.4
1110840 1670.6
1110850 1664.8
1110860 1658.1
1110870 1658.1
1110880 1651.3
1110890 1644.3
1110900 1644.3
1110910 1637.3
1110920 1630.8
1110930 1630.8
1110940 1625.2
1110950 1621.3
1110960 1621.3
1110970 1615.8
1110980 1608.9
1110990 1608.9
1111000 1602.0
1111010 1595.2
1111020 1595.2
1111030 1589.1
1111040 1579.1
1111050 1579.1
1111060 1569.0
1111070 1560.5
1111080 1560.5
1111090 1552.7
1111100 1544.9
1111110 1544.9
1111120 1537.2
1111130 1529.1
1111140 1519.3
1111150 1519.3
1111160 1509.0
1111170 1498.8
1111180 1498.8
1111190 1488.3
1111200 1480.0
1111210 1480.0
1111220 1473.7
1111230 1466.5
1111240 1466.5
1111250 1460.3
1111260 1452.9
1111270 1452.9
1111280 1443.8
1111290 1433.4
1111300 1433.4
1111310 1426.2
1111320 1420.1
1111330 1420.1
1111340 1413.2
1111350 1410.4
1111360 1410.4
1111370 1404.6
1111380 1399.5
1111390 1399.5
1111400 1394.5
1111410 1388.6
1111420 1382.8
1111430 1382.8
1111440 1376.9
1111450 1371.1
1111460 1371.1
1111470 1365.5
1111480 1359.9
1111490 1359.9
1111500 1354.3
1111510 1349.0
1111520 1349.0
1111530 1343.8
1111540 1339.1
1111550 1339.1
1111560 1334.4
1111570 1330.4
1111580 1330.4
1111590 1324.3
1111600 1319.3
1111610 1319.3
1111620 1316.8
1111630 1314.4
1111640 1314.4
1111650 1311.1
1111660 1304.9
1111670 1296.8
1111680 1296.8
1111690 1286.0
1111700 1281.5
1111710 1281.5
1111720 1280.6
1111730 1278.7
1111740 1278.7
1111750 1273.8
1111760 1266.0
1111770 1266.0
1111780 1258.2
1111790 1252.4
1111800 1252.4
1111810 1246.9
1111820 1245.8
1111830 1245.8
1111840 1242.6
1111850 1240.9
1111860 1240.9
1111870 1241.7
1111880 1247.1
1111890 1247.1
1111900 1254.9
1111910 1263.8
1111920 1263.8
1111930 1272.6
1111940 1279.3
1111950 1282.8
1111960 1282.8
1111970 1286.6
1111980 1290.5
1111990 1290.5
1112000 1294.2
1112010 1298.2
1112020 1298.2
1112030 1303.4
1112040 1307.6
1112050 1307.6
1112060 1312.0
1112070 1316.2
1112080 1316.2
1112090 1320.7
1112100 1324.9
1112110 1324.9
1112120 1329.5
1112130 1333.9
1112140 1333.9
1112150 1338.2
1112160 1343.4
1112170 1343.4
1112180 1348.7
1112190 1353.3
1112200 1353.3
1112210 1358.2
1112220 1364.5
1112230 1372.7
1112240 1372.7
1112250 1380.5
1112260 1388.4
1112270 1388.4
1112280 1397.5
1112290 1406.2
1112300 1406.2
1112310 1414.4
1112320 1423.3
1112330 1423.3
1112340 1432.5
1112350 1441.3
1112360 1441.3
1112370 1453.9
1112380 1462.4
1112390 1462.4
1112400 1468.6
1112410 1475.6
1112420 1475.6
1112430 1483.3
1112440 1492.0
1112450 1492.0
1112460 1499.8
1112470 1507.1
1112480 1507.1
1112490 1515.6
1112500 1525.7
1112510 1535.5
1112520 1535.5
1112530 1544.3
1112540 1551.3
1112550 1551.3
1112560 1556.7
1112570 1562.9
1112580 1562.9
1112590 1569.7
1112600 1575.1
1112610 1575.1
1112620 1581.9
1112630 1588.8
1112640 1588.8
1112650 1596.1
1112660 1603.9
1112670 1603.9
1112680 1611.0
1112690 1618.1
1112700 1618.1
1112710 1626.1
1112720 1633.5
1112730 1633.5
1112740 1639.8
1112750 1645.2
1112760 1645.2
1112770 1651.2
1112780 1657.8
1112790 1663.7
1112800 1663.7
1112810 1668.9
1112820 1674.3
1112830 1674.3
1112840 1680.3
1112850 1686.6
1112860 1686.6
1112870 1693.1
1112880 1697.6
1112890 1697.6
1112900 1702.4
1112910 1708.5
1112920 1708.5
1112930 1715.5
1112940 1722.8
1112950 1722.8
1112960 1730.2
1112970 1737.6
1112980 1737.6
1112990 1744.3
1113000 1750.3
1113010 1750.3
1113020 1756.3
1113030 1762.0
1113040 1762.0
1113050 1767.7
1113060 1775.1
1113070 1780.2
1113080 1780.2
1113090 1786.3
1113100 1792.5
1113110 1792.5
1113120 1798.7
1113130 1805.9
1113140 1805.9
1113150 1812.8
1113160 1819.5
1113170 1819.5
1113180 1826.3
1113190 1832.9
1113200 1832.9
1113210 1839.2
1113220 1845.3
1113230 1845.3
1113240 1850.8
1113250 1856.3
1113260 1856.3
1113270 1861.4
1113280 1866.4
1113290 1866.4
1113300 1872.1
1113310 1877.4
1113320 1877.4
1113330 1881.8
1113340 1885.6
1113350 1889.3
1113360 1889.3
1113370 1892.8
1113380 1897.5
1113390 1897.5
1113400 1904.6
1113410 1909.1
1113420 1909.1
1113430 1912.8
1113440 1916.5
1113450 1916.5
1113460 1920.5
1113470 1924.0
1113480 1924.0
1113490 1925.7
1113500 1923.0
1113510 1923.0
1113520 1917.3
1113530 1911.6
1113540 1911.6
1113550 1906.4
1113560 1901.4
1113570 1901.4
1113580 1897.0
1113590 1892.0
1113600 1892.0
1113610 1887.3
1113620 1884.3
1113630 1880.8
1113640 1880.8
1113650 1876.8
1113660 1873.6
1113670 1873.6
1113680 1870.7
1113690 1867.4
1113700 1867.4
1113710 1865.2
1113720 1862.7
1113730 1862.7
1113740 1863.6
1113750 1861.2
1113760 1861.2
1113770 1858.5
1113780 1855.2
1113790 1855.2
1113800 1850.9
1113810 1845.7
1113820 1845.7
1113830 1840.8
1113840 1835.9
1113850 1835.9
1113860 1831.9
1113870 1828.9
1113880 1828.9
1113890 1825.2
1113900 1821.2
1113910 1817.9
1113920 1817.9
1113930 1814.2
1113940 1810.4
1113950 1810.4
1113960 1806.8
1113970 1803.2
1113980 1803.2
1113990 1800.6
1114000 1798.7
1114010 1798.7
1114020 1796.7
1114030 1793.6
1114040 1793.6
1114050 1789.9
1114060 1788.0
1114070 1788.0
1114080 1786.3
1114090 1787.3
1114100 1787.3
1114110 1785.1
1114120 1782.0
1114130 1782.0
1114140 1778.2
1114150 1774.8
1114160 1774.8
1114170 1771.5
1114180 1768.9
1114190 1766.6
1114200 1766.6
1114210 1765.2
1114220 1762.9
1114230 1762.9
1114240 1760.5
1114250 1758.7
1114260 1758.7
1114270 1756.6
1114280 1754.7
1114290 1754.7
1114300 1752.3
1114310 1749.7
1114320 1749.7
1114330 1747.6
1114340 1744.8
1114350 1744.8
1114360 1742.0
1114370 1738.4
1114380 1738.4
1114390 1734.4
1114400 1730.6
1114410 1730.6
1114420 1726.8
1114430 1728.5
1114440 1728.5
1114450 1723.8
1114460 1720.7
1114470 1717.7
1114480 1717.7
1114490 1713.7
1114500 1709.1
1114510 1709.1
1114520 1704.3
1114530 1700.9
1114540 1700.9
1114550 1696.9
1114560 1693.5
1114570 1693.5
1114580 1690.5
1114590 1687.8
1114600 1687.8
1114610 1687.4
1114620 1687.9
1114630 1687.9
1114640 1687.6
1114650 1685.5
1114660 1685.5
1114670 1681.1
1114680 1674.5
1114690 1674.5
1114700 1667.6
1114710 1658.9
1114720 1658.9
1114730 1647.3
1114740 1632.5
1114750 1616.6
1114760 1616.6
1114770 1610.4
1114780 1599.7
1114790 1599.7
1114800 1590.3
1114810 1582.2
1114820 1582.2
1114830 1570.9
1114840 1555.6
1114850 1555.6
1114860 1543.2
1114870 1535.2
1114880 1535.2
1114890 1527.5
1114900 1522.5
1114910 1522.5
1114920 1516.7
1114930 1510.2
1114940 1510.2
1114950 1503.2
1114960 1496.6
1114970 1496.6
1114980 1490.0
1114990 1485.3
1115000 1485.3
1115010 1482.3
1115020 1478.6
1115030 1474.3
1115040 1474.3
1115050 1470.2
1115060 1465.9
1115070 1465.9
1115080 1460.6
1115090 1455.6
1115100 1455.6
1115110 1451.3
1115120 1444.7
1115130 1444.7
1115140 1442.4
1115150 1440.3
1115160 1440.3
1115170 1438.8
1115180 1437.7
1115190 1437.7
1115200 1436.7
1115210 1435.0
1115220 1435.0
1115230 1432.2
1115240 1428.2
1115250 1428.2
1115260 1423.5
1115270 1421.0
1115280 1421.0
1115290 1418.7
1115300 1414.5
1115310 1410.3
1115320 1410.3
1115330 1406.4
1115340 1402.4
1115350 1402.4
1115360 1396.6
1115370 1390.1
1115380 1390.1
1115390 1384.0
1115400 1377.8
1115410 1377.8
1115420 1369.6
1115430 1361.4
1115440 1361.4
1115450 1353.4
1115460 1348.9
1115470 1348.9
1115480 1341.4
1115490 1333.5
1115500 1333.5
1115510 1326.0
1115520 1317.9
1115530 1317.9
1115540 1311.4
1115550 1306.2
1115560 1300.9
1115570 1300.9
1115580 1294.0
1115590 1286.1
1115600 1286.1
1115610 1278.5
1115620 1272.2
1115630 1272.2
1115640 1265.6
1115650 1260.1
1115660 1260.1
1115670 1256.1
1115680 1251.2
1115690 1251.2
1115700 1244.7
1115710 1240.6
1115720 1240.6
1115730 1241.5
1115740 1247.4
1115750 1247.4
1115760 1252.7
1115770 1257.8
1115780 1257.8
1115790 1260.7
1115800 1265.1
1115810 1267.1
1115820 1271.3
1115830 1275.4
1115840 1280.3
1115850 1280.3
1115860 1284.8
1115870 1287.9
1115880 1287.9
1115890 1290.9
1115900 1295.4
1115910 1295.4
1115920 1299.9
1115930 1302.5
1115940 1302.5
1115950 1305.7
1115960 1308.7
1115970 1308.7
1115980 1311.5
1115990 1314.7
1116000 1314.7
1116010 1317.3
1116020 1319.6
1116030 1319.6
1116040 1321.5
1116050 1323.2
1116060 1323.2
1116070 1323.8
1116080 1323.6
1116090 1323.6
1116100 1322.4
1116110 1321.9
1116120 1322.2
1116130 1322.2
1116140 1322.8
1116150 1328.6
1116160 1328.6
1116170 1328.8
1116180 1328.0
1116190 1328.0
1116200 1326.7
1116210 1324.9
1116220 1324.9
1116230 1322.2
1116240 1318.9
1116250 1318.9
1116260 1316.5
1116270 1315.0
1116280 1315.0
1116290 1312.8
1116300 1310.1
1116310 1310.1
1116320 1306.9
1116330 1303.7
1116340 1303.7
1116350 1301.8
1116360 1300.8
1116370 1300.8
1116380 1300.7
1116390 1299.9
1116400 1298.2
1116410 1298.2
1116420 1296.1
1116430 1294.3
1116440 1294.3
1116450 1292.8
1116460 1290.7
1116470 1290.7
1116480 1287.9
1116490 1286.7
1116500 1291.2
1116510 1290.4
1116520 1288.7
1116530 1288.7
1116540 1286.4
1116550 1283.6
1116560 1283.6
1116570 1280.1
1116580 1275.5
1116590 1275.5
1116600 1271.0
1116610 1266.3
1116620 1266.3
1116630 1264.7
1116640 1264.6
1116650 1264.6
1116660 1265.5
1116670 1265.9
1116680 1264.0
1116690 1264.0
1116700 1260.3
1116710 1256.6
1116720 1256.6
1116730 1252.4
1116740 1247.5
1116750 1247.5
1116760 1242.0
1116770 1236.4
1116780 1236.4
1116790 1232.0
1116800 1230.6
1116810 1230.6
1116820 1230.6
1116830 1230.5
1116840 1230.5
1116850 1230.7
1116860 1230.0
1116870 1230.0
1116880 1229.2
1116890 1228.2
1116900 1228.2
1116910 1226.5
1116920 1224.9
1116930 1224.9
1116940 1223.5
1116950 1222.5
1116960 1221.2
1116970 1221.2
1116980 1220.2
1116990 1218.2
1117000 1218.2
1117010 1216.6
1117020 1215.4
1117030 1215.4
1117040 1214.5
1117050 1213.7
1117060 1213.7
1117070 1212.1
1117080 1209.8
1117090 1209.8
1117100 1208.2
1117110 1206.3
1117120 1206.3
1117130 1204.4
1117140 1201.7
1117150 1201.7
1117160 1198.8
1117170 1195.7
1117180 1195.7
1117190 1194.4
1117200 1192.1
1117210 1192.1
1117220 1189.4
1117230 1185.6
1117240 1181.8
1117250 1181.8
1117260 1177.2
1117270 1172.8
1117280 1172.8
1117290 1170.1
1117300 1167.2
1117310 1167.2
1117320 1164.3
1117330 1161.8
1117340 1161.8
1117350 1159.5
1117360 1156.2
1117370 1156.2
1117380 1152.1
1117390 1148.0
1117400 1148.0
1117410 1143.7
1117420 1138.7
1117430 1138.7
1117440 1134.1
1117450 1129.4
1117460 1129.4
1117470 1124.2
1117480 1118.8
1117490 1118.8
1117500 1113.2
1117510 1108.2
1117520 1102.8
1117530 1102.8
1117540 1099.3
1117550 1094.0
1117560 1094.0
1117570 1089.7
1117580 1085.0
1117590 1085.0
1117600 1080.5
1117610 1076.1
1117620 1076.1
1117630 1070.8
1117640 1065.8
1117650 1065.8
1117660 1059.8
1117670 1052.7
1117680 1052.7
1117690 1046.5
1117700 1041.9
1117710 1041.9
1117720 1039.4
1117730 1039.9
1117740 1039.9
1117750 1038.6
1117760 1035.1
1117770 1035.1
1117780 1034.1
1117790 1032.5
1117800 1028.4
1117810 1028.4
1117820 1026.9
1117830 1023.2
1117840 1023.2
1117850 1019.9
1117860 1016.7
1117870 1016.7
1117880 1013.6
1117890 1013.8
1117900 1013.8
1117910 1010.8
1117920 1007.3
1117930 1007.3
1117940 1003.4
1117950 999.2
1117960 999.2
1117970 994.5
1117980 990.4
1117990 990.4
1118000 986.1
1118010 980.6
1118020 980.6
1118030 972.9
1118040 965.5
1118050 965.5
1118060 957.8
1118070 955.2
1118080 952.4
1118090 952.4
1118100 953.0
1118110 950.6
1118120 950.6
1118130 939.1
1118140 929.0
1118150 929.0
1118160 925.1
1118170 924.5
1118180 924.5
1118190 924.6
1118200 927.2
1118210 927.2
1118220 930.8
1118230 941.5
1118240 941.5
1118250 946.0
1118260 947.7
1118270 947.7
1118280 955.8
1118290 962.4
1118300 962.4
1118310 965.7
1118320 966.6
1118330 966.6
1118340 964.4
1118350 964.3
1118360 967.5
1118370 967.5
1118380 971.3
1118390 972.6
1118400 972.6
1118410 973.7
1118420 975.7
1118430 975.7
1118440 977.2
1118450 977.5
1118460 977.5
1118470 978.2
1118480 978.5
1118490 978.5
1118500 978.5
1118510 977.4
1118520 977.4
1118530 976.1
1118540 976.0
1118550 976.0
1118560 976.3
1118570 976.0
1118580 975.5
1118590 975.0
1118600 974.1
1118610 972.9
1118620 972.9
1118630 970.2
1118640 967.4
1118650 967.4
1118660 965.6
1118670 964.0
1118680 964.0
1118690 963.3
1118700 963.2
1118710 963.2
1118720 964.2
1118730 965.0
1118740 965.0
1118750 965.9
1118760 967.0
1118770 967.0
1118780 968.2
1118790 969.5
1118800 969.5
1118810 970.9
1118820 972.3
1118830 972.3
1118840 973.4
1118850 975.1
1118860 975.1
1118870 976.6
1118880 978.7
1118890 980.6
1118900 980.6
1118910 982.2
1118920 983.7
1118930 983.4
1118940 985.0
1118950 986.6
1118960 986.6
1118970 988.7
1118980 991.0
1118990 991.0
1119000 993.1
1119010 995.2
1119020 995.2
1119030 997.5
1119040 999.9
1119050 999.9
1119060 1002.5
1119070 1004.9
1119080 1004.9
1119090 1007.7
1119100 1009.8
1119110 1009.8
1119120 1012.6
1119130 1015.5
1119140 1015.5
1119150 1017.8
1119160 1020.1
1119170 1022.6
1119180 1022.6
1119190 1025.0
1119200 1027.8
1119210 1027.8
1119220 1030.5
1119230 1032.9
1119240 1032.9
1119250 1034.7
1119260 1036.8
1119270 1036.8
1119280 1037.8
1119290 1040.5
1119300 1040.5
1119310 1043.2
1119320 1046.2
1119330 1046.2
1119340 1049.0
1119350 1051.4
1119360 1051.4
1119370 1053.9
1119380 1056.3
1119390 1056.3
1119400 1059.0
1119410 1063.2
1119420 1063.2
1119430 1068.7
1119440 1073.9
1119450 1076.6
1119460 1076.6
1119470 1081.6
1119480 1088.3
1119490 1088.3
1119500 1093.1
1119510 1098.5
1119520 1098.5
1119530 1104.3
1119540 1110.5
1119550 1110.5
1119560 1116.8
1119570 1122.9
1119580 1122.9
1119590 1129.3
1119600 1135.3
1119610 1135.3
1119620 1142.2
1119630 1152.7
1119640 1152.7
1119650 1160.7
1119660 1168.6
1119670 1168.6
1119680 1177.1
1119690 1186.2
1119700 1186.2
1119710 1195.3
1119720 1203.3
1119730 1208.9
1119740 1208.9
1119750 1214.7
1119760 1221.5
1119770 1221.5
1119780 1227.1
1119790 1232.2
1119800 1232.2
1119810 1237.1
1119820 1241.8
1119830 1241.8
1119840 1246.8
1119850 1250.7
1119860 1250.7
1119870 1255.7
1119880 1259.0
1119890 1259.0
1119900 1261.2
1119910 1264.5
1119920 1264.5
1119930 1267.9
1119940 1271.3
1119950 1271.3
1119960 1274.0
1119970 1276.3
1119980 1272.1
1119990 1273.8
