1100000 1472.3
1100010 1472.3
1100020 1474.8
1100030 1476.2
1100040 1477.2
1100050 1477.2
1100060 1477.9
1100070 1479.3
1100080 1479.3
1100090 1480.9
1100100 1482.8
1100110 1482.8
1100120 1485.5
1100130 1488.2
1100140 1488.2
1100150 1491.4
1100160 1494.7
1100170 1494.7
1100180 1496.1
1100190 1496.3
1100200 1496.3
1100210 1496.5
1100220 1496.8
1100230 1496.8
1100240 1497.9
1100250 1499.8
1100260 1499.8
1100270 1502.2
1100280 1503.8
1100290 1503.8
1100300 1506.4
1100310 1509.0
1100320 1511.3
1100330 1511.3
1100340 1513.0
1100350 1513.6
1100360 1513.6
1100370 1513.7
1100380 1514.4
1100390 1514.4
1100400 1515.3
1100410 1516.5
1100420 1516.5
1100430 1518.4
1100440 1520.2
1100450 1520.2
1100460 1521.7
1100470 1522.7
1100480 1522.7
1100490 1523.1
1100500 1522.8
1100510 1522.8
1100520 1523.3
1100530 1524.7
1100540 1524.7
1100550 1525.6
1100560 1526.3
1100570 1526.3
1100580 1528.0
1100590 1529.8
1100600 1531.0
1100610 1528.4
1100620 1529.3
1100630 1529.8
1100640 1529.8
1100650 1530.0
1100660 1529.4
1100670 1529.4
1100680 1528.3
1100690 1527.3
1100700 1527.3
1100710 1526.6
1100720 1527.1
1100730 1527.1
1100740 1527.7
1100750 1528.3
1100760 1528.3
1100770 1528.6
1100780 1529.4
1100790 1529.4
1100800 1531.6
1100810 1534.3
1100820 1534.3
1100830 1536.7
1100840 1540.6
1100850 1544.7
1100860 1544.7
1100870 1549.1
1100880 1553.7
1100890 1553.7
1100900 1559.4
1100910 1567.0
1100920 1567.0
1100930 1572.5
1100940 1576.8
1100950 1576.8
1100960 1584.7
1100970 1591.5
1100980 1591.5
1100990 1595.9
1101000 1601.2
1101010 1601.2
1101020 1607.2
1101030 1612.3
1101040 1612.3
1101050 1616.4
1101060 1619.8
1101070 1619.8
1101080 1622.6
1101090 1625.7
1101100 1625.7
1101110 1629.5
1101120 1634.0
1101130 1637.0
1101140 1637.0
1101150 1637.5
1101160 1638.0
1101170 1638.0
1101180 1640.5
1101190 1645.7
1101200 1645.7
1101210 1651.8
1101220 1658.1
1101230 1658.1
1101240 1663.9
1101250 1669.3
1101260 1669.3
1101270 1672.8
1101280 1678.3
1101290 1678.3
1101300 1683.4
1101310 1688.7
1101320 1688.7
1101330 1693.6
1101340 1698.1
1101350 1698.1
1101360 1702.0
1101370 1705.0
1101380 1705.0
1101390 1707.3
1101400 1708.8
1101410 1710.1
1101420 1710.1
1101430 1712.1
1101440 1713.5
1101450 1713.5
1101460 1714.7
1101470 1715.4
1101480 1715.4
1101490 1715.8
1101500 1716.6
1101510 1716.6
1101520 1717.0
1101530 1717.3
1101540 1717.3
1101550 1717.5
1101560 1718.7
1101570 1718.7
1101580 1720.9
1101590 1723.3
1101600 1723.3
1101610 1724.9
1101620 1726.2
1101630 1726.2
1101640 1727.3
1101650 1728.5
1101660 1728.5
1101670 1728.5
1101680 1727.6
1101690 1727.0
1101700 1727.0
1101710 1726.3
1101720 1726.6
1101730 1726.6
1101740 1726.8
1101750 1727.2
1101760 1727.2
1101770 1727.1
1101780 1726.4
1101790 1726.4
1101800 1724.7
1101810 1722.8
1101820 1722.8
1101830 1720.5
1101840 1717.3
1101850 1717.3
1101860 1715.2
1101870 1714.7
1101880 1714.7
1101890 1714.4
1101900 1714.2
1101910 1714.2
1101920 1713.3
1101930 1712.1
1101940 1714.0
1101950 1712.6
1101960 1712.1
1101970 1711.6
1101980 1711.6
1101990 1710.8
1102000 1709.4
1102010 1709.4
1102020 1707.8
1102030 1706.4
1102040 1706.4
1102050 1707.3
1102060 1708.2
1102070 1708.2
1102080 1709.5
1102090 1710.0
1102100 1710.0
1102110 1711.2
1102120 1712.8
1102130 1712.8
1102140 1713.9
1102150 1715.0
1102160 1715.0
1102170 1715.7
1102180 1716.6
1102190 1716.6
1102200 1717.4
1102210 1717.8
1102220 1717.8
1102230 1717.9
1102240 1718.6
1102250 1720.5
1102260 1720.5
1102270 1718.3
1102280 1719.5
1102290 1719.5
1102300 1720.7
1102310 1721.8
1102320 1721.8
1102330 1722.9
1102340 1724.1
1102350 1724.1
1102360 1725.4
1102370 1726.0
1102380 1726.0
1102390 1725.9
1102400 1725.7
1102410 1725.7
1102420 1725.3
1102430 1725.7
1102440 1725.7
1102450 1726.7
1102460 1727.5
1102470 1727.5
1102480 1727.7
1102490 1727.7
1102500 1727.7
1102510 1727.4
1102520 1727.6
1102530 1727.7
1102540 1727.7
1102550 1727.8
1102560 1727.5
1102570 1727.5
1102580 1727.0
1102590 1727.0
1102600 1725.1
1102610 1724.8
1102620 1723.4
1102630 1723.4
1102640 1722.3
1102650 1721.4
1102660 1721.4
1102670 1720.1
1102680 1718.3
1102690 1718.3
1102700 1716.1
1102710 1714.5
1102720 1714.5
1102730 1712.9
1102740 1711.7
1102750 1711.7
1102760 1711.1
1102770 1710.6
1102780 1710.6
1102790 1709.8
1102800 1709.1
1102810 1707.7
1102820 1707.7
1102830 1706.0
1102840 1704.1
1102850 1704.1
1102860 1701.4
1102870 1698.8
1102880 1698.8
1102890 1696.2
1102900 1693.4
1102910 1693.4
1102920 1691.4
1102930 1689.4
1102940 1688.5
1102950 1686.4
1102960 1684.1
1102970 1684.1
1102980 1681.2
1102990 1678.1
1103000 1678.1
1103010 1675.1
1103020 1671.0
1103030 1671.0
1103040 1666.4
1103050 1661.5
1103060 1661.5
1103070 1657.1
1103080 1653.2
1103090 1649.3
1103100 1649.3
1103110 1645.7
1103120 1642.4
1103130 1642.4
1103140 1639.2
1103150 1636.3
1103160 1636.3
1103170 1633.5
1103180 1630.9
1103190 1630.9
1103200 1628.7
1103210 1626.8
1103220 1626.8
1103230 1625.0
1103240 1620.7
1103250 1620.7
1103260 1612.9
1103270 1606.7
1103280 1606.7
1103290 1599.2
1103300 1593.8
1103310 1593.8
1103320 1594.0
1103330 1594.1
1103340 1594.1
1103350 1594.6
1103360 1595.2
1103370 1593.0
1103380 1593.0
1103390 1595.1
1103400 1595.7
1103410 1595.7
1103420 1594.5
1103430 1593.3
1103440 1593.3
1103450 1590.2
1103460 1588.1
1103470 1588.1
1103480 1586.2
1103490 1585.0
1103500 1585.0
1103510 1584.5
1103520 1582.9
1103530 1582.9
1103540 1581.7
1103550 1582.0
1103560 1582.0
1103570 1581.4
1103580 1579.8
1103590 1579.8
1103600 1580.6
1103610 1574.3
1103620 1574.3
1103630 1575.3
1103640 1574.6
1103650 1573.9
1103660 1573.9
1103670 1573.2
1103680 1571.2
1103690 1571.2
1103700 1568.4
1103710 1565.1
1103720 1565.1
1103730 1561.1
1103740 1558.2
1103750 1558.2
1103760 1555.6
1103770 1552.5
1103780 1552.5
1103790 1549.1
1103800 1546.4
1103810 1546.4
1103820 1543.7
1103830 1540.5
1103840 1540.5
1103850 1537.0
1103860 1533.3
1103870 1533.3
1103880 1529.8
1103890 1526.5
1103900 1526.5
1103910 1523.3
1103920 1519.2
1103930 1514.5
1103940 1512.0
1103950 1507.8
1103960 1504.6
1103970 1504.6
1103980 1501.6
1103990 1498.3
1104000 1498.3
1104010 1495.4
1104020 1492.1
1104030 1492.1
1104040 1488.0
1104050 1483.9
1104060 1483.9
1104070 1479.4
1104080 1474.6
1104090 1474.6
1104100 1470.0
1104110 1465.2
1104120 1465.2
1104130 1459.0
1104140 1453.1
1104150 1453.1
1104160 1448.4
1104170 1444.4
1104180 1444.4
1104190 1440.5
1104200 1436.3
1104210 1432.1
1104220 1432.1
1104230 1425.3
1104240 1417.9
1104250 1417.9
1104260 1411.9
1104270 1408.3
1104280 1402.8
1104290 1400.3
1104300 1396.9
1104310 1396.9
1104320 1393.8
1104330 1391.7
1104340 1391.7
1104350 1389.0
1104360 1386.8
1104370 1386.8
1104380 1385.3
1104390 1384.1
1104400 1384.1
1104410 1381.9
1104420 1378.4
1104430 1378.4
1104440 1374.4
1104450 1370.3
1104460 1370.3
1104470 1366.6
1104480 1365.1
1104490 1363.1
1104500 1363.1
1104510 1360.6
1104520 1358.1
1104530 1358.1
1104540 1355.0
1104550 1350.8
1104560 1350.8
1104570 1345.6
1104580 1341.4
1104590 1341.4
1104600 1338.6
1104610 1334.6
1104620 1334.6
1104630 1332.1
1104640 1329.5
1104650 1329.5
1104660 1327.3
1104670 1324.9
1104680 1324.9
1104690 1322.0
1104700 1319.6
1104710 1319.6
1104720 1317.1
1104730 1313.8
1104740 1313.8
1104750 1310.5
1104760 1306.6
1104770 1303.2
1104780 1303.2
1104790 1300.4
1104800 1297.8
1104810 1297.8
1104820 1295.6
1104830 1293.8
1104840 1293.8
1104850 1291.7
1104860 1289.3
1104870 1289.3
1104880 1286.5
1104890 1284.1
1104900 1284.1
1104910 1282.3
1104920 1280.3
1104930 1280.3
1104940 1277.8
1104950 1273.4
1104960 1273.4
1104970 1271.0
1104980 1268.2
1104990 1268.2
1105000 1265.7
1105010 1263.5
1105020 1263.5
1105030 1261.0
1105040 1257.6
1105050 1247.1
1105060 1247.1
1105070 1232.6
1105080 1224.4
1105090 1224.4
1105100 1222.2
1105110 1227.9
1105120 1227.9
1105130 1232.3
1105140 1234.9
1105150 1234.9
1105160 1236.5
1105170 1234.2
1105180 1234.2
1105190 1232.8
1105200 1232.2
1105210 1232.2
1105220 1231.7
1105230 1231.1
1105240 1231.1
1105250 1230.8
1105260 1230.8
1105270 1230.8
1105280 1229.8
1105290 1228.6
1105300 1228.6
1105310 1228.0
1105320 1227.0
1105330 1225.7
1105340 1225.7
1105350 1223.9
1105360 1221.9
1105370 1221.9
1105380 1219.8
1105390 1217.6
1105400 1217.6
1105410 1215.6
1105420 1213.7
1105430 1213.7
1105440 1211.6
1105450 1210.2
1105460 1210.2
1105470 1209.2
1105480 1207.5
1105490 1207.5
1105500 1203.6
1105510 1199.2
1105520 1199.2
1105530 1192.5
1105540 1187.9
1105550 1187.9
1105560 1180.8
1105570 1168.8
1105580 1168.8
1105590 1158.7
1105600 1156.9
1105610 1153.7
1105620 1144.0
1105630 1140.9
1105640 1137.0
1105650 1137.0
1105660 1137.8
1105670 1138.6
1105680 1138.6
1105690 1139.2
1105700 1141.1
1105710 1141.1
1105720 1141.4
1105730 1137.7
1105740 1137.7
1105750 1130.8
1105760 1125.2
1105770 1125.2
1105780 1123.5
1105790 1132.6
1105800 1132.6
1105810 1145.8
1105820 1161.8
1105830 1161.8
1105840 1168.0
1105850 1168.0
1105860 1168.0
1105870 1167.8
1105880 1167.1
1105890 1169.2
1105900 1169.2
1105910 1172.4
1105920 1176.3
1105930 1176.3
1105940 1181.5
1105950 1186.0
1105960 1189.0
1105970 1192.8
1105980 1194.0
1105990 1194.0
1106000 1194.7
1106010 1194.2
1106020 1194.2
1106030 1193.2
1106040 1192.5
1106050 1192.5
1106060 1191.9
1106070 1191.1
1106080 1191.1
1106090 1190.2
1106100 1189.8
1106110 1189.8
1106120 1189.6
1106130 1189.5
1106140 1189.5
1106150 1189.3
1106160 1189.5
1106170 1189.9
1106180 1189.9
1106190 1190.2
1106200 1191.5
1106210 1191.5
1106220 1194.0
1106230 1196.2
1106240 1196.2
1106250 1198.8
1106260 1201.1
1106270 1201.1
1106280 1202.5
1106290 1206.3
1106300 1206.3
1106310 1208.5
1106320 1210.2
1106330 1210.2
1106340 1211.9
1106350 1214.0
1106360 1214.0
1106370 1216.7
1106380 1218.5
1106390 1218.5
1106400 1220.5
1106410 1222.8
1106420 1222.8
1106430 1225.5
1106440 1228.3
1106450 1230.7
1106460 1230.7
1106470 1232.5
1106480 1234.2
1106490 1234.2
1106500 1236.1
1106510 1237.9
1106520 1237.9
1106530 1239.0
1106540 1238.7
1106550 1238.7
1106560 1235.8
1106570 1226.5
1106580 1226.5
1106590 1216.3
1106600 1212.9
1106610 1212.9
1106620 1212.1
1106630 1218.9
1106640 1218.9
1106650 1213.9
1106660 1209.4
1106670 1209.4
1106680 1204.0
1106690 1198.1
1106700 1198.1
1106710 1194.9
1106720 1189.6
1106730 1186.8
1106740 1186.8
1106750 1183.5
1106760 1182.5
1106770 1182.5
1106780 1179.0
1106790 1175.7
1106800 1175.7
1106810 1173.0
1106820 1170.6
1106830 1170.6
1106840 1175.8
1106850 1185.9
1106860 1185.9
1106870 1194.2
1106880 1202.8
1106890 1202.8
1106900 1213.7
1106910 1224.5
1106920 1224.5
1106930 1235.3
1106940 1243.4
1106950 1243.4
1106960 1255.4
1106970 1263.0
1106980 1263.0
1106990 1270.7
1107000 1276.9
1107010 1281.6
1107020 1281.6
1107030 1287.5
1107040 1293.4
1107050 1293.4
1107060 1299.2
1107070 1307.8
1107080 1307.8
1107090 1317.3
1107100 1325.3
1107110 1325.3
1107120 1331.9
1107130 1338.2
1107140 1338.2
1107150 1344.7
1107160 1349.5
1107170 1349.5
1107180 1355.0
1107190 1359.2
1107200 1359.2
1107210 1364.9
1107220 1369.8
1107230 1369.8
1107240 1374.7
1107250 1378.2
1107260 1378.2
1107270 1382.0
1107280 1386.2
1107290 1390.8
1107300 1391.1
1107310 1395.2
1107320 1402.0
1107330 1402.0
1107340 1407.7
1107350 1414.8
1107360 1414.8
1107370 1420.7
1107380 1424.3
1107390 1424.3
1107400 1427.7
1107410 1431.4
1107420 1431.4
1107430 1434.5
1107440 1437.6
1107450 1437.6
1107460 1440.3
1107470 1443.8
1107480 1443.8
1107490 1446.1
1107500 1447.8
1107510 1447.8
1107520 1453.0
1107530 1458.5
1107540 1458.5
1107550 1462.9
1107560 1467.6
1107570 1471.5
1107580 1471.5
1107590 1476.2
1107600 1481.0
1107610 1481.0
1107620 1485.6
1107630 1489.3
1107640 1492.2
1107650 1496.8
1107660 1500.1
1107670 1500.1
1107680 1503.4
1107690 1506.6
1107700 1506.6
1107710 1511.8
1107720 1516.7
1107730 1516.7
1107740 1521.4
1107750 1526.3
1107760 1526.3
1107770 1531.5
1107780 1535.6
1107790 1535.6
1107800 1540.2
1107810 1544.6
1107820 1544.6
1107830 1548.1
1107840 1551.1
1107850 1551.9
1107860 1551.9
1107870 1548.8
1107880 1550.9
1107890 1550.9
1107900 1557.4
1107910 1564.1
1107920 1564.1
1107930 1570.8
1107940 1577.9
1107950 1577.9
1107960 1584.1
1107970 1589.8
1107980 1585.5
1107990 1592.5
1108000 1600.3
1108010 1600.3
1108020 1606.8
1108030 1612.3
1108040 1612.3
1108050 1617.9
1108060 1623.0
1108070 1623.0
1108080 1628.5
1108090 1633.3
1108100 1633.3
1108110 1639.0
1108120 1644.5
1108130 1649.7
1108140 1649.7
1108150 1655.5
1108160 1661.4
1108170 1661.4
1108180 1666.8
1108190 1672.1
1108200 1672.1
1108210 1677.0
1108220 1682.0
1108230 1682.0
1108240 1686.3
1108250 1690.8
1108260 1690.8
1108270 1694.8
1108280 1699.1
1108290 1699.1
1108300 1703.3
1108310 1707.8
1108320 1706.8
1108330 1709.6
1108340 1713.1
1108350 1713.1
1108360 1717.6
1108370 1722.3
1108380 1722.3
1108390 1727.7
1108400 1732.6
1108410 1738.7
1108420 1738.7
1108430 1744.8
1108440 1751.1
1108450 1751.1
1108460 1757.1
1108470 1764.6
1108480 1764.6
1108490 1771.8
1108500 1779.0
1108510 1779.0
1108520 1785.9
1108530 1790.9
1108540 1790.9
1108550 1797.5
1108560 1805.3
1108570 1805.3
1108580 1812.8
1108590 1819.5
1108600 1819.5
1108610 1826.3
1108620 1833.5
1108630 1833.5
1108640 1841.6
1108650 1849.9
1108660 1850.5
1108670 1858.4
1108680 1865.2
1108690 1870.5
1108700 1870.5
1108710 1873.4
1108720 1878.0
1108730 1878.0
1108740 1882.5
1108750 1886.1
1108760 1886.1
1108770 1890.3
1108780 1894.9
1108790 1894.9
1108800 1898.8
1108810 1900.5
1108820 1900.5
1108830 1898.1
1108840 1893.5
1108850 1893.5
1108860 1890.3
1108870 1887.8
1108880 1887.8
1108890 1885.6
1108900 1883.1
1108910 1883.1
1108920 1880.5
1108930 1878.4
1108940 1878.4
1108950 1876.5
1108960 1874.4
1108970 1872.1
1108980 1872.1
1108990 1869.3
1109000 1865.0
1109010 1865.0
1109020 1861.0
1109030 1857.0
1109040 1857.0
1109050 1853.6
1109060 1850.2
1109070 1850.2
1109080 1844.6
1109090 1838.2
1109100 1838.2
1109110 1835.2
1109120 1832.2
1109130 1832.2
1109140 1828.4
1109150 1826.5
1109160 1826.5
1109170 1824.1
1109180 1822.4
1109190 1822.4
1109200 1820.3
1109210 1817.6
1109220 1817.6
1109230 1814.9
1109240 1811.6
1109250 1807.8
1109260 1807.8
1109270 1804.0
1109280 1799.6
1109290 1799.6
1109300 1795.4
1109310 1791.8
1109320 1791.8
1109330 1788.7
1109340 1784.6
1109350 1784.6
1109360 1780.7
1109370 1777.4
1109380 1777.4
1109390 1774.8
1109400 1770.8
1109410 1770.8
1109420 1766.6
1109430 1764.8
1109440 1764.8
1109450 1762.3
1109460 1758.0
1109470 1758.0
1109480 1752.0
1109490 1740.7
1109500 1740.7
1109510 1735.0
1109520 1737.4
1109530 1739.3
1109540 1739.3
1109550 1740.2
1109560 1739.3
1109570 1739.3
1109580 1736.8
1109590 1733.6
1109600 1733.6
1109610 1731.6
1109620 1729.3
1109630 1729.3
1109640 1727.0
1109650 1724.5
1109660 1724.5
1109670 1728.3
1109680 1723.2
1109690 1723.2
1109700 1717.9
1109710 1717.6
1109720 1717.6
1109730 1717.6
1109740 1717.2
1109750 1717.2
1109760 1717.4
1109770 1717.8
1109780 1717.8
1109790 1718.0
1109800 1718.6
1109810 1720.0
1109820 1720.0
1109830 1722.0
1109840 1723.2
1109850 1723.2
1109860 1724.2
1109870 1726.5
1109880 1726.5
1109890 1728.3
1109900 1730.4
1109910 1730.4
1109920 1732.8
1109930 1736.1
1109940 1736.1
1109950 1740.0
1109960 1743.2
1109970 1743.2
1109980 1745.3
1109990 1750.5
1110000 1750.5
1110010 1759.4
1110020 1762.4
1110030 1762.4
1110040 1765.2
1110050 1768.3
1110060 1768.3
1110070 1770.3
1110080 1777.0
1110090 1784.1
1110100 1784.1
1110110 1793.9
1110120 1802.7
1110130 1802.7
1110140 1809.7
1110150 1819.6
1110160 1819.6
1110170 1830.1
1110180 1840.2
1110190 1840.2
1110200 1847.9
1110210 1848.6
1110220 1848.6
1110230 1846.6
1110240 1839.8
1110250 1839.8
1110260 1830.3
1110270 1822.5
1110280 1822.5
1110290 1817.3
1110300 1812.2
1110310 1812.2
1110320 1807.0
1110330 1802.5
1110340 1802.5
1110350 1809.7
1110360 1798.4
1110370 1787.8
1110380 1787.8
1110390 1778.9
1110400 1770.6
1110410 1770.6
1110420 1762.6
1110430 1754.8
1110440 1754.8
1110450 1747.7
1110460 1740.8
1110470 1740.8
1110480 1732.2
1110490 1721.7
1110500 1721.7
1110510 1710.5
1110520 1701.0
1110530 1701.0
1110540 1692.9
1110550 1684.9
1110560 1684.9
1110570 1676.6
1110580 1670.4
1110590 1670.4
1110600 1665.3
1110610 1660.0
1110620 1660.0
1110630 1656.2
1110640 1650.9
1110650 1645.9
1110660 1645.9
1110670 1640.2
1110680 1633.4
1110690 1633.1
1110700 1626.6
1110710 1620.9
1110720 1620.9
1110730 1615.3
1110740 1609.4
1110750 1609.4
1110760 1601.1
1110770 1592.9
1110780 1592.9
1110790 1586.0
1110800 1578.0
1110810 1578.0
1110820 1582.7
1110830 1588.0
1110840 1588.0
1110850 1594.6
1110860 1596.1
1110870 1596.1
1110880 1596.5
1110890 1597.4
1110900 1597.0
1110910 1597.0
1110920 1596.3
1110930 1595.5
1110940 1595.5
1110950 1593.8
1110960 1587.9
1110970 1587.9
1110980 1580.6
1110990 1573.4
1111000 1573.4
1111010 1566.3
1111020 1558.6
1111030 1558.6
1111040 1551.2
1111050 1544.4
1111060 1544.4
1111070 1536.9
1111080 1529.2
1111090 1529.2
1111100 1521.7
1111110 1513.7
1111120 1513.7
1111130 1505.7
1111140 1497.1
1111150 1497.1
1111160 1488.4
1111170 1477.4
1111180 1465.0
1111190 1465.0
1111200 1452.2
1111210 1440.6
1111220 1440.6
1111230 1431.0
1111240 1421.0
1111250 1421.0
1111260 1409.0
1111270 1400.7
1111280 1400.7
1111290 1393.6
1111300 1387.4
1111310 1387.4
1111320 1380.8
1111330 1373.4
1111340 1373.4
1111350 1366.7
1111360 1360.2
1111370 1360.2
1111380 1354.5
1111390 1349.1
1111400 1349.1
1111410 1343.4
1111420 1337.5
1111430 1337.5
1111440 1331.6
1111450 1325.3
1111460 1319.2
1111470 1319.2
1111480 1313.0
1111490 1307.2
1111500 1307.2
1111510 1301.7
1111520 1296.4
1111530 1296.4
1111540 1290.6
1111550 1284.1
1111560 1284.1
1111570 1277.1
1111580 1270.3
1111590 1270.3
1111600 1264.2
1111610 1258.6
1111620 1258.6
1111630 1253.0
1111640 1247.2
1111650 1247.2
1111660 1241.5
1111670 1236.1
1111680 1236.1
1111690 1230.2
1111700 1224.5
1111710 1224.5
1111720 1220.8
1111730 1217.2
1111740 1213.1
1111750 1213.1
1111760 1207.1
1111770 1204.5
1111780 1204.5
1111790 1208.4
1111800 1216.3
1111810 1216.3
1111820 1220.6
1111830 1222.3
1111840 1222.3
1111850 1223.5
1111860 1225.2
1111870 1225.2
1111880 1228.1
1111890 1232.1
1111900 1232.1
1111910 1236.2
1111920 1241.6
1111930 1241.6
1111940 1246.7
1111950 1251.0
1111960 1251.0
1111970 1254.7
1111980 1257.7
1111990 1257.7
1112000 1260.3
1112010 1263.0
1112020 1266.4
1112030 1266.4
1112040 1269.5
1112050 1272.7
1112060 1275.9
1112070 1277.8
1112080 1281.2
1112090 1281.2
1112100 1285.0
1112110 1288.9
1112120 1288.9
1112130 1292.8
1112140 1297.4
1112150 1297.4
1112160 1302.2
1112170 1307.2
1112180 1307.2
1112190 1312.8
1112200 1318.2
1112210 1318.2
1112220 1323.4
1112230 1328.6
1112240 1328.6
1112250 1333.4
1112260 1337.8
1112270 1337.8
1112280 1341.9
1112290 1346.0
1112300 1350.9
1112310 1350.9
1112320 1356.6
1112330 1362.7
1112340 1362.7
1112350 1368.7
1112360 1376.5
1112370 1376.5
1112380 1386.0
1112390 1396.3
1112400 1402.5
1112410 1411.8
1112420 1420.7
1112430 1420.7
1112440 1429.2
1112450 1439.4
1112460 1439.4
1112470 1450.2
1112480 1461.9
1112490 1461.9
1112500 1471.7
1112510 1482.2
1112520 1482.2
1112530 1492.5
1112540 1501.2
1112550 1501.2
1112560 1509.6
1112570 1518.7
1112580 1527.7
1112590 1527.7
1112600 1536.7
1112610 1546.7
1112620 1546.7
1112630 1554.1
1112640 1559.5
1112650 1559.5
1112660 1563.9
1112670 1568.6
1112680 1568.6
1112690 1573.9
1112700 1579.1
1112710 1579.1
1112720 1582.8
1112730 1586.9
1112740 1590.0
1112750 1596.2
1112760 1602.3
1112770 1602.3
1112780 1608.7
1112790 1615.0
1112800 1615.0
1112810 1620.9
1112820 1625.7
1112830 1625.7
1112840 1630.1
1112850 1634.7
1112860 1639.9
1112870 1639.9
1112880 1644.9
1112890 1649.9
1112900 1649.9
1112910 1655.0
1112920 1659.8
1112930 1659.8
1112940 1665.2
1112950 1669.0
1112960 1669.0
1112970 1674.5
1112980 1679.5
1112990 1679.5
1113000 1684.5
1113010 1690.2
1113020 1690.2
1113030 1695.0
1113040 1699.8
1113050 1699.8
1113060 1705.7
1113070 1710.9
1113080 1710.9
1113090 1716.7
1113100 1721.4
1113110 1721.4
1113120 1726.3
1113130 1732.2
1113140 1737.7
1113150 1737.7
1113160 1743.9
1113170 1751.0
1113180 1751.0
1113190 1758.1
1113200 1764.9
1113210 1764.9
1113220 1773.3
1113230 1782.5
1113240 1782.5
1113250 1790.8
1113260 1797.5
1113270 1797.5
1113280 1805.1
1113290 1811.2
1113300 1811.2
1113310 1816.7
1113320 1822.5
1113330 1822.5
1113340 1828.6
1113350 1832.4
1113360 1832.4
1113370 1836.3
1113380 1842.1
1113390 1842.1
1113400 1847.8
1113410 1852.7
1113420 1857.7
1113430 1859.6
1113440 1864.4
1113450 1868.4
1113460 1868.4
1113470 1871.7
1113480 1876.4
1113490 1876.4
1113500 1880.1
1113510 1882.9
1113520 1882.9
1113530 1885.5
1113540 1887.4
1113550 1887.4
1113560 1889.2
1113570 1890.6
1113580 1890.6
1113590 1890.1
1113600 1887.5
1113610 1887.5
1113620 1885.2
1113630 1882.6
1113640 1882.6
1113650 1879.5
1113660 1876.7
1113670 1876.7
1113680 1874.3
1113690 1872.2
1113700 1870.3
1113710 1870.3
1113720 1867.9
1113730 1865.5
1113740 1865.5
1113750 1862.4
1113760 1860.0
1113770 1866.1
1113780 1864.1
1113790 1862.4
1113800 1862.4
1113810 1861.4
1113820 1861.1
1113830 1861.1
1113840 1861.1
1113850 1861.7
1113860 1861.7
1113870 1862.5
1113880 1863.2
1113890 1863.2
1113900 1862.9
1113910 1861.5
1113920 1861.5
1113930 1859.1
1113940 1856.1
1113950 1856.1
1113960 1853.0
1113970 1851.5
1113980 1849.9
1113990 1849.9
1114000 1847.3
1114010 1843.8
1114020 1843.8
1114030 1840.8
1114040 1837.6
1114050 1837.6
1114060 1834.5
1114070 1831.8
1114080 1831.8
1114090 1829.4
1114100 1827.1
1114110 1827.1
1114120 1821.5
1114130 1817.8
1114140 1817.8
1114150 1813.7
1114160 1809.5
1114170 1809.5
1114180 1804.1
1114190 1798.4
1114200 1798.4
1114210 1791.8
1114220 1786.0
1114230 1786.0
1114240 1780.3
1114250 1774.4
1114260 1768.5
1114270 1768.5
1114280 1762.8
1114290 1757.0
1114300 1757.0
1114310 1751.7
1114320 1746.9
1114330 1746.9
1114340 1742.5
1114350 1738.0
1114360 1738.0
1114370 1734.0
1114380 1729.2
1114390 1729.2
1114400 1724.6
1114410 1721.3
1114420 1721.3
1114430 1718.4
1114440 1714.5
1114450 1714.5
1114460 1705.9
1114470 1700.6
1114480 1700.6
1114490 1695.1
1114500 1689.8
1114510 1689.8
1114520 1685.4
1114530 1681.0
1114540 1675.4
1114550 1675.4
1114560 1669.3
1114570 1665.7
1114580 1665.7
1114590 1662.4
1114600 1658.7
1114610 1658.7
1114620 1653.1
1114630 1647.0
1114640 1647.0
1114650 1641.0
1114660 1634.0
1114670 1634.0
1114680 1626.4
1114690 1619.8
1114700 1619.8
1114710 1614.3
1114720 1610.2
1114730 1610.2
1114740 1606.3
1114750 1599.1
1114760 1599.1
1114770 1586.5
1114780 1574.8
1114790 1574.8
1114800 1565.6
1114810 1557.6
1114820 1549.9
1114830 1549.9
1114840 1541.4
1114850 1532.5
1114860 1532.5
1114870 1524.7
1114880 1516.5
1114890 1516.5
1114900 1508.4
1114910 1501.9
1114920 1501.9
1114930 1495.2
1114940 1487.8
1114950 1487.8
1114960 1480.6
1114970 1472.8
1114980 1472.8
1114990 1463.7
1115000 1455.4
1115010 1455.4
1115020 1449.4
1115030 1445.9
1115040 1445.9
1115050 1438.9
1115060 1430.0
1115070 1430.0
1115080 1423.6
1115090 1415.2
1115100 1408.8
1115110 1408.8
1115120 1403.7
1115130 1399.6
1115140 1399.6
1115150 1388.2
1115160 1382.2
1115170 1382.2
1115180 1377.2
1115190 1373.1
1115200 1373.1
1115210 1369.5
1115220 1362.9
1115230 1362.9
1115240 1360.2
1115250 1356.2
1115260 1356.2
1115270 1351.7
1115280 1345.8
1115290 1345.8
1115300 1343.1
1115310 1342.7
1115320 1342.7
1115330 1338.7
1115340 1334.0
1115350 1334.0
1115360 1328.4
1115370 1323.0
1115380 1317.5
1115390 1317.5
1115400 1312.4
1115410 1307.1
1115420 1307.1
1115430 1302.4
1115440 1298.3
1115450 1298.3
1115460 1292.8
1115470 1289.2
1115480 1289.2
1115490 1286.6
1115500 1287.0
1115510 1287.0
1115520 1282.2
1115530 1277.4
1115540 1277.4
1115550 1273.3
1115560 1270.3
1115570 1270.3
1115580 1267.5
1115590 1264.6
1115600 1264.6
1115610 1261.7
1115620 1259.1
1115630 1259.1
1115640 1256.1
1115650 1252.7
1115660 1249.9
1115670 1249.9
1115680 1246.1
1115690 1243.8
1115700 1243.8
1115710 1241.3
1115720 1238.6
1115730 1238.6
1115740 1237.0
1115750 1235.5
1115760 1235.5
1115770 1233.9
1115780 1231.6
1115790 1231.6
1115800 1225.7
1115810 1217.0
1115820 1217.0
1115830 1206.9
1115840 1196.0
1115850 1196.0
1115860 1193.7
1115870 1203.4
1115880 1203.4
1115890 1216.4
1115900 1227.8
1115910 1227.8
1115920 1233.6
1115930 1235.1
1115940 1236.7
1115950 1236.7
1115960 1238.4
1115970 1240.0
1115980 1240.0
1115990 1242.6
1116000 1245.4
1116010 1245.4
1116020 1247.7
1116030 1249.1
1116040 1249.1
1116050 1249.9
1116060 1249.8
1116070 1249.8
1116080 1249.4
1116090 1249.4
1116100 1249.4
1116110 1250.6
1116120 1251.3
1116130 1251.3
1116140 1250.7
1116150 1250.1
1116160 1250.1
1116170 1249.8
1116180 1249.6
1116190 1251.8
1116200 1250.6
1116210 1250.1
1116220 1250.2
1116230 1250.2
1116240 1249.0
1116250 1246.6
1116260 1246.6
1116270 1245.0
1116280 1244.0
1116290 1244.0
1116300 1242.6
1116310 1241.3
1116320 1241.3
1116330 1239.2
1116340 1237.2
1116350 1237.2
1116360 1233.6
1116370 1229.7
1116380 1229.7
1116390 1226.8
1116400 1224.2
1116410 1224.2
1116420 1221.1
1116430 1219.2
1116440 1219.2
1116450 1215.9
1116460 1210.8
1116470 1206.7
1116480 1206.7
1116490 1203.7
1116500 1200.4
1116510 1200.4
1116520 1196.5
1116530 1197.9
1116540 1197.9
1116550 1194.7
1116560 1191.8
1116570 1191.8
1116580 1189.8
1116590 1188.1
1116600 1188.1
1116610 1185.4
1116620 1181.4
1116630 1181.4
1116640 1178.3
1116650 1176.1
1116660 1176.1
1116670 1174.7
1116680 1171.5
1116690 1171.5
1116700 1168.4
1116710 1166.9
1116720 1166.9
1116730 1165.2
1116740 1163.0
1116750 1160.6
1116760 1160.6
1116770 1158.0
1116780 1157.5
1116790 1157.5
1116800 1157.1
1116810 1155.1
1116820 1155.1
1116830 1152.9
1116840 1152.8
1116850 1152.8
1116860 1152.8
1116870 1152.1
1116880 1152.8
1116890 1150.7
1116900 1148.8
1116910 1148.8
1116920 1147.2
1116930 1145.5
1116940 1145.5
1116950 1143.5
1116960 1141.7
1116970 1141.7
1116980 1140.4
1116990 1139.1
1117000 1139.1
1117010 1137.3
1117020 1135.2
1117030 1131.9
1117040 1131.9
1117050 1129.2
1117060 1127.6
1117070 1127.6
1117080 1125.5
1117090 1123.4
1117100 1123.4
1117110 1121.0
1117120 1117.8
1117130 1117.8
1117140 1113.7
1117150 1109.4
1117160 1109.4
1117170 1105.0
1117180 1101.0
1117190 1101.0
1117200 1097.7
1117210 1095.5
1117220 1095.5
1117230 1091.1
1117240 1088.9
1117250 1088.9
1117260 1087.4
1117270 1085.0
1117280 1085.0
1117290 1082.0
1117300 1078.6
1117310 1074.9
1117320 1074.9
1117330 1072.2
1117340 1070.5
1117350 1070.5
1117360 1068.3
1117370 1065.4
1117380 1065.4
1117390 1062.5
1117400 1058.7
1117410 1058.7
1117420 1056.0
1117430 1053.7
1117440 1053.7
1117450 1051.0
1117460 1048.3
1117470 1048.3
1117480 1044.5
1117490 1041.4
1117500 1041.4
1117510 1039.5
1117520 1038.0
1117530 1038.0
1117540 1036.9
1117550 1035.6
1117560 1035.6
1117570 1033.4
1117580 1031.6
1117590 1029.8
1117600 1029.8
1117610 1029.1
1117620 1028.7
1117630 1028.7
1117640 1028.6
1117650 1029.3
1117660 1029.3
1117670 1031.9
1117680 1034.5
1117690 1034.5
1117700 1035.8
1117710 1035.9
1117720 1035.9
1117730 1034.8
1117740 1032.7
1117750 1032.7
1117760 1031.0
1117770 1029.7
1117780 1029.7
1117790 1027.6
1117800 1026.1
1117810 1026.1
1117820 1026.0
1117830 1025.9
1117840 1025.9
1117850 1024.6
1117860 1022.2
1117870 1020.3
1117880 1020.3
1117890 1018.8
1117900 1016.3
1117910 1016.3
1117920 1011.0
1117930 1008.4
1117940 1008.4
1117950 1005.3
1117960 1001.0
1117970 1001.0
1117980 997.9
1117990 994.9
1118000 994.9
1118010 991.6
1118020 989.9
1118030 989.9
1118040 988.4
1118050 985.6
1118060 985.6
1118070 982.7
1118080 979.4
1118090 979.4
1118100 975.2
1118110 972.7
1118120 972.7
1118130 970.8
1118140 967.4
1118150 963.7
1118160 963.7
1118170 958.6
1118180 952.4
1118190 952.4
1118200 949.2
1118210 947.3
1118220 947.3
1118230 944.4
1118240 940.2
1118250 940.2
1118260 937.6
1118270 934.3
1118280 934.3
1118290 924.1
1118300 915.5
1118310 915.5
1118320 917.0
1118330 922.7
1118340 922.7
1118350 923.5
1118360 921.5
1118370 921.5
1118380 923.0
1118390 924.8
1118400 924.8
1118410 929.3
1118420 930.6
1118430 930.8
1118440 930.8
1118450 931.1
1118460 931.5
1118470 931.5
1118480 932.0
1118490 933.3
1118500 933.3
1118510 935.6
1118520 938.5
1118530 938.5
1118540 941.5
1118550 944.2
1118560 944.2
1118570 947.1
1118580 950.3
1118590 950.3
1118600 953.3
1118610 954.7
1118620 954.7
1118630 957.5
1118640 959.7
1118650 959.7
1118660 963.4
1118670 971.7
1118680 971.7
1118690 980.0
1118700 984.0
1118710 986.4
1118720 986.4
1118730 988.5
1118740 991.1
1118750 991.1
1118760 994.2
1118770 997.6
1118780 997.6
1118790 1000.9
1118800 1004.0
1118810 1004.0
1118820 1007.5
1118830 1011.3
1118840 1011.3
1118850 1015.5
1118860 1019.7
1118870 1019.7
1118880 1023.8
1118890 1027.7
1118900 1027.7
1118910 1031.3
1118920 1034.5
1118930 1034.5
1118940 1037.5
1118950 1039.4
1118960 1038.5
1118970 1042.0
1118980 1045.2
1118990 1048.2
1119000 1048.2
1119010 1052.6
1119020 1058.1
1119030 1058.1
1119040 1062.9
1119050 1067.9
1119060 1067.9
1119070 1072.5
1119080 1077.2
1119090 1077.2
1119100 1080.6
1119110 1083.9
1119120 1083.9
1119130 1088.4
1119140 1092.4
1119150 1092.4
1119160 1097.2
1119170 1103.1
1119180 1103.1
1119190 1107.8
1119200 1110.6
1119210 1110.6
1119220 1112.4
1119230 1114.3
1119240 1114.3
1119250 1118.4
1119260 1123.8
1119270 1128.7
1119280 1128.7
1119290 1133.4
1119300 1138.0
1119310 1134.3
1119320 1139.2
1119330 1143.7
1119340 1143.7
1119350 1146.6
1119360 1149.0
1119370 1149.0
1119380 1152.4
1119390 1155.3
1119400 1155.3
1119410 1158.3
1119420 1161.9
1119430 1161.9
1119440 1167.9
1119450 1172.8
1119460 1172.8
1119470 1177.9
1119480 1183.3
1119490 1183.3
1119500 1187.9
1119510 1191.6
1119520 1191.6
1119530 1194.6
1119540 1196.6
1119550 1201.8
1119560 1201.8
1119570 1206.0
1119580 1207.1
1119590 1207.1
1119600 1205.8
1119610 1207.3
1119620 1207.3
1119630 1218.1
1119640 1224.3
1119650 1224.3
1119660 1224.5
1119670 1229.1
1119680 1229.1
1119690 1233.6
1119700 1238.8
1119710 1238.8
1119720 1246.0
1119730 1252.4
1119740 1252.4
1119750 1257.2
1119760 1259.4
1119770 1259.4
1119780 1265.6
1119790 1276.2
1119800 1276.2
1119810 1283.6
1119820 1289.9
1119830 1295.4
1119840 1295.4
1119850 1299.2
1119860 1300.3
1119870 1300.3
1119880 1302.1
1119890 1304.9
1119900 1304.9
1119910 1307.4
1119920 1311.3
1119930 1311.3
1119940 1313.7
1119950 1317.1
1119960 1317.1
1119970 1321.4
1119980 1323.8
1119990 1323.8
