1100000 1792.1
1100010 1792.1
1100020 1791.5
1100030 1791.4
1100040 1791.4
1100050 1792.7
1100060 1794.6
1100070 1794.6
1100080 1797.8
1100090 1799.3
1100100 1799.0
1100110 1799.0
1100120 1797.9
1100130 1797.8
1100140 1797.8
1100150 1792.1
1100160 1789.0
1100170 1789.0
1100180 1794.3
1100190 1797.6
1100200 1797.6
1100210 1799.9
1100220 1801.1
1100230 1801.1
1100240 1801.4
1100250 1801.4
1100260 1801.4
1100270 1801.4
1100280 1801.8
1100290 1801.8
1100300 1802.1
1100310 1803.1
1100320 1803.1
1100330 1804.2
1100340 1804.7
1100350 1804.7
1100360 1803.9
1100370 1802.7
1100380 1800.6
1100390 1800.6
1100400 1798.3
1100410 1795.1
1100420 1795.1
1100430 1788.0
1100440 1785.4
1100450 1785.4
1100460 1788.3
1100470 1792.1
1100480 1792.1
1100490 1794.3
1100500 1795.2
1100510 1795.2
1100520 1793.7
1100530 1791.6
1100540 1791.6
1100550 1790.7
1100560 1790.6
1100570 1790.6
1100580 1791.1
1100590 1792.0
1100600 1792.0
1100610 1792.7
1100620 1794.1
1100630 1794.1
1100640 1795.6
1100650 1796.7
1100660 1797.3
1100670 1797.3
1100680 1799.1
1100690 1800.5
1100700 1800.5
1100710 1803.4
1100720 1805.2
1100730 1805.2
1100740 1805.0
1100750 1803.9
1100760 1803.9
1100770 1801.8
1100780 1799.0
1100790 1799.0
1100800 1796.1
1100810 1792.7
1100820 1792.7
1100830 1789.1
1100840 1787.1
1100850 1787.1
1100860 1787.3
1100870 1788.3
1100880 1788.3
1100890 1788.7
1100900 1789.0
1100910 1789.0
1100920 1788.7
1100930 1786.0
1100940 1780.5
1100950 1780.5
1100960 1774.6
1100970 1768.9
1100980 1768.9
1100990 1763.3
1101000 1760.0
1101010 1760.0
1101020 1757.4
1101030 1752.6
1101040 1752.6
1101050 1749.9
1101060 1745.0
1101070 1745.0
1101080 1740.9
1101090 1739.0
1101100 1739.0
1101110 1736.8
1101120 1736.0
1101130 1736.0
1101140 1736.1
1101150 1735.7
1101160 1735.7
1101170 1734.8
1101180 1733.9
1101190 1733.9
1101200 1732.5
1101210 1731.2
1101220 1729.2
1101230 1729.2
1101240 1726.1
1101250 1721.8
1101260 1721.8
1101270 1717.3
1101280 1713.7
1101290 1713.7
1101300 1710.3
1101310 1705.9
1101320 1705.9
1101330 1700.8
1101340 1695.8
1101350 1695.8
1101360 1693.6
1101370 1687.9
1101380 1687.9
1101390 1683.0
1101400 1677.7
1101410 1677.7
1101420 1672.8
1101430 1669.2
1101440 1669.2
1101450 1666.2
1101460 1662.9
1101470 1662.9
1101480 1660.6
1101490 1657.8
1101500 1654.2
1101510 1654.2
1101520 1648.2
1101530 1640.2
1101540 1640.2
1101550 1633.3
1101560 1632.8
1101570 1632.8
1101580 1637.8
1101590 1635.7
1101600 1635.7
1101610 1638.3
1101620 1641.3
1101630 1641.3
1101640 1641.9
1101650 1642.0
1101660 1642.0
1101670 1641.8
1101680 1641.4
1101690 1645.9
1101700 1644.8
1101710 1643.8
1101720 1643.8
1101730 1642.6
1101740 1642.0
1101750 1642.0
1101760 1641.2
1101770 1640.9
1101780 1640.5
1101790 1640.5
1101800 1639.4
1101810 1637.8
1101820 1637.8
1101830 1636.5
1101840 1635.1
1101850 1635.1
1101860 1633.9
1101870 1632.4
1101880 1632.4
1101890 1630.2
1101900 1625.9
1101910 1625.9
1101920 1618.8
1101930 1614.1
1101940 1614.1
1101950 1619.5
1101960 1619.9
1101970 1619.9
1101980 1617.7
1101990 1616.1
1102000 1616.1
1102010 1614.0
1102020 1611.4
1102030 1611.4
1102040 1607.8
1102050 1603.5
1102060 1599.7
1102070 1599.7
1102080 1600.3
1102090 1604.4
1102100 1604.4
1102110 1608.0
1102120 1607.4
1102130 1607.4
1102140 1605.6
1102150 1605.8
1102160 1605.8
1102170 1606.2
1102180 1606.1
1102190 1606.1
1102200 1606.5
1102210 1608.6
1102220 1608.6
1102230 1609.5
1102240 1603.7
1102250 1603.7
1102260 1604.1
1102270 1610.6
1102280 1610.6
1102290 1614.6
1102300 1616.5
1102310 1616.5
1102320 1617.5
1102330 1616.7
1102340 1615.4
1102350 1615.4
1102360 1612.6
1102370 1614.4
1102380 1614.4
1102390 1616.2
1102400 1619.6
1102410 1619.6
1102420 1623.3
1102430 1626.5
1102440 1626.5
1102450 1629.9
1102460 1633.4
1102470 1633.4
1102480 1637.1
1102490 1639.4
1102500 1639.4
1102510 1639.5
1102520 1638.3
1102530 1638.3
1102540 1638.3
1102550 1636.9
1102560 1636.9
1102570 1634.1
1102580 1630.5
1102590 1630.5
1102600 1627.6
1102610 1624.3
1102620 1624.3
1102630 1620.6
1102640 1616.1
1102650 1611.7
1102660 1611.7
1102670 1608.0
1102680 1604.1
1102690 1602.0
1102700 1598.6
1102710 1597.1
1102720 1597.1
1102730 1595.9
1102740 1594.9
1102750 1594.9
1102760 1592.8
1102770 1589.4
1102780 1589.4
1102790 1586.7
1102800 1584.7
1102810 1584.7
1102820 1582.7
1102830 1580.7
1102840 1580.7
1102850 1579.1
1102860 1583.6
1102870 1583.6
1102880 1587.4
1102890 1588.4
1102900 1588.4
1102910 1589.0
1102920 1591.2
1102930 1592.9
1102940 1592.9
1102950 1594.1
1102960 1597.0
1102970 1597.0
1102980 1601.0
1102990 1604.2
1103000 1604.2
1103010 1607.4
1103020 1610.1
1103030 1610.1
1103040 1613.7
1103050 1614.7
1103060 1614.7
1103070 1615.1
1103080 1615.0
1103090 1615.0
1103100 1615.4
1103110 1616.4
1103120 1616.4
1103130 1616.9
1103140 1617.1
1103150 1617.1
1103160 1617.0
1103170 1616.8
1103180 1616.8
1103190 1616.5
1103200 1616.0
1103210 1616.1
1103220 1616.1
1103230 1616.8
1103240 1617.4
1103250 1617.4
1103260 1617.7
1103270 1617.8
1103280 1617.8
1103290 1619.1
1103300 1619.1
1103310 1619.1
1103320 1618.4
1103330 1616.7
1103340 1616.7
1103350 1616.2
1103360 1611.7
1103370 1611.7
1103380 1609.1
1103390 1612.5
1103400 1612.5
1103410 1615.6
1103420 1618.2
1103430 1618.2
1103440 1620.9
1103450 1623.7
1103460 1623.7
1103470 1626.3
1103480 1628.5
1103490 1631.3
1103500 1631.3
1103510 1633.2
1103520 1634.2
1103530 1634.2
1103540 1635.0
1103550 1636.5
1103560 1636.5
1103570 1637.7
1103580 1639.3
1103590 1639.3
1103600 1640.1
1103610 1640.4
1103620 1640.4
1103630 1640.8
1103640 1643.4
1103650 1643.4
1103660 1646.6
1103670 1648.8
1103680 1648.8
1103690 1647.4
1103700 1649.0
1103710 1649.0
1103720 1650.7
1103730 1651.7
1103740 1651.7
1103750 1652.2
1103760 1652.5
1103770 1652.6
1103780 1652.6
1103790 1652.7
1103800 1652.8
1103810 1652.8
1103820 1652.7
1103830 1652.8
1103840 1652.8
1103850 1652.8
1103860 1653.1
1103870 1653.1
1103880 1653.7
1103890 1654.2
1103900 1654.2
1103910 1654.4
1103920 1654.2
1103930 1654.2
1103940 1653.7
1103950 1653.3
1103960 1653.3
1103970 1652.5
1103980 1651.9
1103990 1651.9
1104000 1651.0
1104010 1649.8
1104020 1649.8
1104030 1650.2
1104040 1648.7
1104050 1646.9
1104060 1646.9
1104070 1644.8
1104080 1642.1
1104090 1642.1
1104100 1638.7
1104110 1634.7
1104120 1634.7
1104130 1631.2
1104140 1626.3
1104150 1626.3
1104160 1621.6
1104170 1618.8
1104180 1618.8
1104190 1617.3
1104200 1616.1
1104210 1616.1
1104220 1614.9
1104230 1613.6
1104240 1613.6
1104250 1613.2
1104260 1612.3
1104270 1612.3
1104280 1611.2
1104290 1610.0
1104300 1610.0
1104310 1608.7
1104320 1607.4
1104330 1605.8
1104340 1605.8
1104350 1603.9
1104360 1602.3
1104370 1602.3
1104380 1599.7
1104390 1597.1
1104400 1597.1
1104410 1594.2
1104420 1590.7
1104430 1590.7
1104440 1587.4
1104450 1583.8
1104460 1583.8
1104470 1580.5
1104480 1578.2
1104490 1578.2
1104500 1576.8
1104510 1574.9
1104520 1574.9
1104530 1572.4
1104540 1570.0
1104550 1570.0
1104560 1567.4
1104570 1565.2
1104580 1565.2
1104590 1562.4
1104600 1559.7
1104610 1557.2
1104620 1557.2
1104630 1555.2
1104640 1553.5
1104650 1553.5
1104660 1551.6
1104670 1549.1
1104680 1549.1
1104690 1546.7
1104700 1547.4
1104710 1547.4
1104720 1545.2
1104730 1542.5
1104740 1542.5
1104750 1539.4
1104760 1537.4
1104770 1537.4
1104780 1536.0
1104790 1533.6
1104800 1533.6
1104810 1531.4
1104820 1528.5
1104830 1528.5
1104840 1525.8
1104850 1523.0
1104860 1523.0
1104870 1520.3
1104880 1516.4
1104890 1512.2
1104900 1512.2
1104910 1508.0
1104920 1503.9
1104930 1503.9
1104940 1500.0
1104950 1497.0
1104960 1497.0
1104970 1493.8
1104980 1490.4
1104990 1490.4
1105000 1486.9
1105010 1482.9
1105020 1482.9
1105030 1479.5
1105040 1475.9
1105050 1475.9
1105060 1472.2
1105070 1469.7
1105080 1469.7
1105090 1467.0
1105100 1463.6
1105110 1463.6
1105120 1460.5
1105130 1457.5
1105140 1457.5
1105150 1454.3
1105160 1451.1
1105170 1451.1
1105180 1448.2
1105190 1445.3
1105200 1442.7
1105210 1442.7
1105220 1439.2
1105230 1434.6
1105240 1434.6
1105250 1432.2
1105260 1427.3
1105270 1427.3
1105280 1419.4
1105290 1409.4
1105300 1409.4
1105310 1396.5
1105320 1385.2
1105330 1385.2
1105340 1380.6
1105350 1379.2
1105360 1379.2
1105370 1372.7
1105380 1371.8
1105390 1371.8
1105400 1374.7
1105410 1369.6
1105420 1369.6
1105430 1365.2
1105440 1361.1
1105450 1361.1
1105460 1359.0
1105470 1355.0
1105480 1350.3
1105490 1350.3
1105500 1345.2
1105510 1340.3
1105520 1340.3
1105530 1335.2
1105540 1330.5
1105550 1330.5
1105560 1325.4
1105570 1320.9
1105580 1320.9
1105590 1316.5
1105600 1313.6
1105610 1313.6
1105620 1312.7
1105630 1309.2
1105640 1309.2
1105650 1307.7
1105660 1308.1
1105670 1308.1
1105680 1307.3
1105690 1305.7
1105700 1305.7
1105710 1301.7
1105720 1299.9
1105730 1299.9
1105740 1296.8
1105750 1292.8
1105760 1291.7
1105770 1291.7
1105780 1290.7
1105790 1290.7
1105800 1290.7
1105810 1291.9
1105820 1293.7
1105830 1293.7
1105840 1294.2
1105850 1293.3
1105860 1293.3
1105870 1293.7
1105880 1297.8
1105890 1297.8
1105900 1300.1
1105910 1300.5
1105920 1300.5
1105930 1301.6
1105940 1303.0
1105950 1303.0
1105960 1302.7
1105970 1303.4
1105980 1303.4
1105990 1304.5
1106000 1304.7
1106010 1304.7
1106020 1304.4
1106030 1304.8
1106040 1299.7
1106050 1299.7
1106060 1299.0
1106070 1297.3
1106080 1297.3
1106090 1294.7
1106100 1292.5
1106110 1292.5
1106120 1292.9
1106130 1293.4
1106140 1293.4
1106150 1289.4
1106160 1282.3
1106170 1282.3
1106180 1275.7
1106190 1269.5
1106200 1269.5
1106210 1262.6
1106220 1255.3
1106230 1255.3
1106240 1246.7
1106250 1243.1
1106260 1243.1
1106270 1245.0
1106280 1243.8
1106290 1243.8
1106300 1241.8
1106310 1240.9
1106320 1238.6
1106330 1238.6
1106340 1234.0
1106350 1229.0
1106360 1229.0
1106370 1224.1
1106380 1217.4
1106390 1217.4
1106400 1213.0
1106410 1208.7
1106420 1208.7
1106430 1204.5
1106440 1200.1
1106450 1200.1
1106460 1196.5
1106470 1192.8
1106480 1192.8
1106490 1189.0
1106500 1185.3
1106510 1185.3
1106520 1181.4
1106530 1177.2
1106540 1177.2
1106550 1172.8
1106560 1167.2
1106570 1167.2
1106580 1161.2
1106590 1155.4
1106600 1150.3
1106610 1150.3
1106620 1144.1
1106630 1138.2
1106640 1138.2
1106650 1134.6
1106660 1132.2
1106670 1132.2
1106680 1127.7
1106690 1123.0
1106700 1123.0
1106710 1118.7
1106720 1116.7
1106730 1116.7
1106740 1111.3
1106750 1101.2
1106760 1101.2
1106770 1089.6
1106780 1081.4
1106790 1081.4
1106800 1073.8
1106810 1057.4
1106820 1057.4
1106830 1049.1
1106840 1047.6
1106850 1047.6
1106860 1046.1
1106870 1046.0
1106880 1046.4
1106890 1046.4
1106900 1047.1
1106910 1046.4
1106920 1046.4
1106930 1045.3
1106940 1044.8
1106950 1044.8
1106960 1044.1
1106970 1043.7
1106980 1043.7
1106990 1043.2
1107000 1041.1
1107010 1041.1
1107020 1039.5
1107030 1040.4
1107040 1040.4
1107050 1034.0
1107060 1035.4
1107070 1035.4
1107080 1037.2
1107090 1040.1
1107100 1040.1
1107110 1040.7
1107120 1032.2
1107130 1032.2
1107140 1021.4
1107150 1014.7
1107160 1005.0
1107170 1005.0
1107180 995.4
1107190 988.8
1107200 988.8
1107210 983.5
1107220 977.4
1107230 977.4
1107240 972.4
1107250 968.0
1107260 968.0
1107270 963.4
1107280 960.1
1107290 960.1
1107300 955.1
1107310 953.1
1107320 953.1
1107330 955.9
1107340 965.7
1107350 965.7
1107360 973.6
1107370 993.6
1107380 993.6
1107390 1046.0
1107400 1058.0
1107410 1058.0
1107420 1060.9
1107430 1063.3
1107440 1066.0
1107450 1066.0
1107460 1068.6
1107470 1071.6
1107480 1071.6
1107490 1074.8
1107500 1077.5
1107510 1077.5
1107520 1079.4
1107530 1079.8
1107540 1079.8
1107550 1082.4
1107560 1088.5
1107570 1088.5
1107580 1094.0
1107590 1099.7
1107600 1099.7
1107610 1105.5
1107620 1111.8
1107630 1111.8
1107640 1118.1
1107650 1123.8
1107660 1123.8
1107670 1128.8
1107680 1133.3
1107690 1133.3
1107700 1137.7
1107710 1141.8
1107720 1145.5
1107730 1141.7
1107740 1145.4
1107750 1149.2
1107760 1149.2
1107770 1153.2
1107780 1157.4
1107790 1157.4
1107800 1161.4
1107810 1164.7
1107820 1164.7
1107830 1167.7
1107840 1170.1
1107850 1170.1
1107860 1172.3
1107870 1174.4
1107880 1174.4
1107890 1177.0
1107900 1180.1
1107910 1180.1
1107920 1183.9
1107930 1188.4
1107940 1188.4
1107950 1193.2
1107960 1198.0
1107970 1198.0
1107980 1202.2
1107990 1206.3
1108000 1209.8
1108010 1209.8
1108020 1214.3
1108030 1219.9
1108040 1219.9
1108050 1225.5
1108060 1230.9
1108070 1228.3
1108080 1234.3
1108090 1239.5
1108100 1239.5
1108110 1244.1
1108120 1248.2
1108130 1248.2
1108140 1252.4
1108150 1257.4
1108160 1257.4
1108170 1263.4
1108180 1269.3
1108190 1269.3
1108200 1275.4
1108210 1279.8
1108220 1279.8
1108230 1283.0
1108240 1287.7
1108250 1287.7
1108260 1293.8
1108270 1300.5
1108280 1305.5
1108290 1305.5
1108300 1311.6
1108310 1318.5
1108320 1318.5
1108330 1324.7
1108340 1331.0
1108350 1331.0
1108360 1338.1
1108370 1343.5
1108380 1343.5
1108390 1348.0
1108400 1352.6
1108410 1352.5
1108420 1357.8
1108430 1363.5
1108440 1363.5
1108450 1369.2
1108460 1374.7
1108470 1374.7
1108480 1380.3
1108490 1385.7
1108500 1385.7
1108510 1391.0
1108520 1395.9
1108530 1395.9
1108540 1400.5
1108550 1404.8
1108560 1404.8
1108570 1408.8
1108580 1412.8
1108590 1416.9
1108600 1416.9
1108610 1418.9
1108620 1422.7
1108630 1422.7
1108640 1427.4
1108650 1432.1
1108660 1432.1
1108670 1437.8
1108680 1443.4
1108690 1443.4
1108700 1449.5
1108710 1456.5
1108720 1456.5
1108730 1464.4
1108740 1472.8
1108750 1472.8
1108760 1479.4
1108770 1485.5
1108780 1485.5
1108790 1491.0
1108800 1495.8
1108810 1495.8
1108820 1498.8
1108830 1502.0
1108840 1502.0
1108850 1505.0
1108860 1506.7
1108870 1509.9
1108880 1509.9
1108890 1516.2
1108900 1522.3
1108910 1522.3
1108920 1528.1
1108930 1533.7
1108940 1533.7
1108950 1538.6
1108960 1542.2
1108970 1542.2
1108980 1547.1
1108990 1552.7
1109000 1552.7
1109010 1556.9
1109020 1561.5
1109030 1561.5
1109040 1566.9
1109050 1572.3
1109060 1572.3
1109070 1578.6
1109080 1591.5
1109090 1591.5
1109100 1598.2
1109110 1603.3
1109120 1603.3
1109130 1606.7
1109140 1611.0
1109150 1615.2
1109160 1615.2
1109170 1619.3
1109180 1624.7
1109190 1624.7
1109200 1629.5
1109210 1634.5
1109220 1634.5
1109230 1639.9
1109240 1645.0
1109250 1645.0
1109260 1647.6
1109270 1649.0
1109280 1649.0
1109290 1650.6
1109300 1651.9
1109310 1651.9
1109320 1653.0
1109330 1652.8
1109340 1652.8
1109350 1650.7
1109360 1649.8
1109370 1649.8
1109380 1651.7
1109390 1656.3
1109400 1656.3
1109410 1661.7
1109420 1665.8
1109430 1666.0
1109440 1666.0
1109450 1665.5
1109460 1662.9
1109470 1662.9
1109480 1660.1
1109490 1659.5
1109500 1659.5
1109510 1660.3
1109520 1661.2
1109530 1661.2
1109540 1662.5
1109550 1664.3
1109560 1664.3
1109570 1666.9
1109580 1668.5
1109590 1668.5
1109600 1668.6
1109610 1668.9
1109620 1668.9
1109630 1668.8
1109640 1668.7
1109650 1668.7
1109660 1668.7
1109670 1667.4
1109680 1667.4
1109690 1665.2
1109700 1663.7
1109710 1662.5
1109720 1662.5
1109730 1662.1
1109740 1660.5
1109750 1660.5
1109760 1666.5
1109770 1664.8
1109780 1664.8
1109790 1663.6
1109800 1661.5
1109810 1661.5
1109820 1658.1
1109830 1655.3
1109840 1655.3
1109850 1649.3
1109860 1641.5
1109870 1641.5
1109880 1633.9
1109890 1626.7
1109900 1626.7
1109910 1620.7
1109920 1615.1
1109930 1615.1
1109940 1610.3
1109950 1608.9
1109960 1608.9
1109970 1605.7
1109980 1600.2
1109990 1594.9
1110000 1594.9
1110010 1590.1
1110020 1585.4
1110030 1585.4
1110040 1581.4
1110050 1577.0
1110060 1577.0
1110070 1572.4
1110080 1568.6
1110090 1568.6
1110100 1572.8
1110110 1573.0
1110120 1573.0
1110130 1573.3
1110140 1578.4
1110150 1578.4
1110160 1583.3
1110170 1581.6
1110180 1581.6
1110190 1579.0
1110200 1580.7
1110210 1580.7
1110220 1580.0
1110230 1576.5
1110240 1576.5
1110250 1569.8
1110260 1566.7
1110270 1563.9
1110280 1563.9
1110290 1562.0
1110300 1560.8
1110310 1560.8
1110320 1557.4
1110330 1555.5
1110340 1555.5
1110350 1555.5
1110360 1556.6
1110370 1556.6
1110380 1561.6
1110390 1566.5
1110400 1566.5
1110410 1569.7
1110420 1571.3
1110430 1571.3
1110440 1586.0
1110450 1591.0
1110460 1591.0
1110470 1592.9
1110480 1590.8
1110490 1590.8
1110500 1586.0
1110510 1584.0
1110520 1584.0
1110530 1583.3
1110540 1585.0
1110550 1588.3
1110560 1588.3
1110570 1587.4
1110580 1587.0
1110590 1587.0
1110600 1586.9
1110610 1586.1
1110620 1586.1
1110630 1585.6
1110640 1584.6
1110650 1584.6
1110660 1583.1
1110670 1581.5
1110680 1581.5
1110690 1580.0
1110700 1577.0
1110710 1577.0
1110720 1574.5
1110730 1571.7
1110740 1571.7
1110750 1569.4
1110760 1566.5
1110770 1566.5
1110780 1565.3
1110790 1563.2
1110800 1563.2
1110810 1561.3
1110820 1560.3
1110830 1559.1
1110840 1559.1
1110850 1557.8
1110860 1555.7
1110870 1555.7
1110880 1553.3
1110890 1551.3
1110900 1551.3
1110910 1551.9
1110920 1552.2
1110930 1552.2
1110940 1550.3
1110950 1546.6
1110960 1546.6
1110970 1541.7
1110980 1536.9
1110990 1536.9
1111000 1532.8
1111010 1529.9
1111020 1529.9
1111030 1527.4
1111040 1525.1
1111050 1525.1
1111060 1523.3
1111070 1521.8
1111080 1521.8
1111090 1520.5
1111100 1519.7
1111110 1518.3
1111120 1518.3
1111130 1516.3
1111140 1514.0
1111150 1514.0
1111160 1511.8
1111170 1510.3
1111180 1510.3
1111190 1508.3
1111200 1505.3
1111210 1505.3
1111220 1502.8
1111230 1499.6
1111240 1499.6
1111250 1496.6
1111260 1493.7
1111270 1493.7
1111280 1490.4
1111290 1487.1
1111300 1487.1
1111310 1483.9
1111320 1480.6
1111330 1480.6
1111340 1476.8
1111350 1472.3
1111360 1472.3
1111370 1468.7
1111380 1464.9
1111390 1461.3
1111400 1461.3
1111410 1457.8
1111420 1455.7
1111430 1455.7
1111440 1454.4
1111450 1450.2
1111460 1450.2
1111470 1441.1
1111480 1434.1
1111490 1434.1
1111500 1426.6
1111510 1420.7
1111520 1420.7
1111530 1416.7
1111540 1412.2
1111550 1412.2
1111560 1408.7
1111570 1405.6
1111580 1405.6
1111590 1403.2
1111600 1400.5
1111610 1400.5
1111620 1398.8
1111630 1398.4
1111640 1398.4
1111650 1397.9
1111660 1398.3
1111670 1398.8
1111680 1398.8
1111690 1398.6
1111700 1398.2
1111710 1398.2
1111720 1397.9
1111730 1397.0
1111740 1397.0
1111750 1395.4
1111760 1393.0
1111770 1393.0
1111780 1388.5
1111790 1383.0
1111800 1383.0
1111810 1375.6
1111820 1369.3
1111830 1369.3
1111840 1362.3
1111850 1355.0
1111860 1355.0
1111870 1348.8
1111880 1343.0
1111890 1343.0
1111900 1340.0
1111910 1337.4
1111920 1337.4
1111930 1334.3
1111940 1331.4
1111950 1328.0
1111960 1328.0
1111970 1324.2
1111980 1319.9
1111990 1319.9
1112000 1314.8
1112010 1310.5
1112020 1310.5
1112030 1306.1
1112040 1301.0
1112050 1301.0
1112060 1295.6
1112070 1290.6
1112080 1290.6
1112090 1286.4
1112100 1282.6
1112110 1282.6
1112120 1278.1
1112130 1274.2
1112140 1274.2
1112150 1271.7
1112160 1267.9
1112170 1267.9
1112180 1262.6
1112190 1256.6
1112200 1256.6
1112210 1250.6
1112220 1244.5
1112230 1244.5
1112240 1238.4
1112250 1232.4
1112260 1228.2
1112270 1228.2
1112280 1224.5
1112290 1219.8
1112300 1219.8
1112310 1214.9
1112320 1210.6
1112330 1210.6
1112340 1207.8
1112350 1204.7
1112360 1204.7
1112370 1201.9
1112380 1199.0
1112390 1199.0
1112400 1195.7
1112410 1191.6
1112420 1191.6
1112430 1186.7
1112440 1179.6
1112450 1179.6
1112460 1172.8
1112470 1165.1
1112480 1165.1
1112490 1153.8
1112500 1146.9
1112510 1146.9
1112520 1139.1
1112530 1132.3
1112540 1125.5
1112550 1125.5
1112560 1118.7
1112570 1112.9
1112580 1112.9
1112590 1107.1
1112600 1100.4
1112610 1100.4
1112620 1093.8
1112630 1087.3
1112640 1087.3
1112650 1080.0
1112660 1073.8
1112670 1073.8
1112680 1068.1
1112690 1060.7
1112700 1060.7
1112710 1053.9
1112720 1047.3
1112730 1047.3
1112740 1041.7
1112750 1036.2
1112760 1036.2
1112770 1031.3
1112780 1026.3
1112790 1026.3
1112800 1022.9
1112810 1020.4
1112820 1021.6
1112830 1021.6
1112840 1039.9
1112850 1048.2
1112860 1048.2
1112870 1057.6
1112880 1066.2
1112890 1066.2
1112900 1070.7
1112910 1072.4
1112920 1072.4
1112930 1077.4
1112940 1086.6
1112950 1086.6
1112960 1097.0
1112970 1106.7
1112980 1106.7
1112990 1114.7
1113000 1121.8
1113010 1121.8
1113020 1128.8
1113030 1135.4
1113040 1135.4
1113050 1142.3
1113060 1144.1
1113070 1144.1
1113080 1145.8
1113090 1148.8
1113100 1151.0
1113110 1151.0
1113120 1149.7
1113130 1151.7
1113140 1151.7
1113150 1153.5
1113160 1153.9
1113170 1153.9
1113180 1158.4
1113190 1157.1
1113200 1157.1
1113210 1154.7
1113220 1150.3
1113230 1150.3
1113240 1151.7
1113250 1155.7
1113260 1155.7
1113270 1161.3
1113280 1165.8
1113290 1165.8
1113300 1168.0
1113310 1169.7
1113320 1169.7
1113330 1171.2
1113340 1173.1
1113350 1173.1
1113360 1174.5
1113370 1176.8
1113380 1179.5
1113390 1179.5
1113400 1182.1
1113410 1183.7
1113420 1183.7
1113430 1184.8
1113440 1186.7
1113450 1186.7
1113460 1189.0
1113470 1190.9
1113480 1190.9
1113490 1191.7
1113500 1191.5
1113510 1191.5
1113520 1201.2
1113530 1199.2
1113540 1199.2
1113550 1197.1
1113560 1195.3
1113570 1195.3
1113580 1194.0
1113590 1191.3
1113600 1191.3
1113610 1189.2
1113620 1188.2
1113630 1188.2
1113640 1185.8
1113650 1184.9
1113660 1183.8
1113670 1183.8
1113680 1181.2
1113690 1175.4
1113700 1175.4
1113710 1172.2
1113720 1171.6
1113730 1171.6
1113740 1171.6
1113750 1168.4
1113760 1168.4
1113770 1162.9
1113780 1158.9
1113790 1158.9
1113800 1156.0
1113810 1153.8
1113820 1153.8
1113830 1149.0
1113840 1144.2
1113850 1144.2
1113860 1140.6
1113870 1145.6
1113880 1145.6
1113890 1138.1
1113900 1130.5
1113910 1130.5
1113920 1123.6
1113930 1118.8
1113940 1115.8
1113950 1115.8
1113960 1112.5
1113970 1108.4
1113980 1108.4
1113990 1104.2
1114000 1099.8
1114010 1099.8
1114020 1094.4
1114030 1089.2
1114040 1089.2
1114050 1087.6
1114060 1085.4
1114070 1085.4
1114080 1082.3
1114090 1078.5
1114100 1078.5
1114110 1073.7
1114120 1068.7
1114130 1068.7
1114140 1063.7
1114150 1058.4
1114160 1058.4
1114170 1051.5
1114180 1047.8
1114190 1047.8
1114200 1049.7
1114210 1055.1
1114220 1053.9
1114230 1053.9
1114240 1050.7
1114250 1048.8
1114260 1048.8
1114270 1046.1
1114280 1043.5
1114290 1043.5
1114300 1039.9
1114310 1037.5
1114320 1037.5
1114330 1034.5
1114340 1031.1
1114350 1031.1
1114360 1028.4
1114370 1024.4
1114380 1024.4
1114390 1021.2
1114400 1015.3
1114410 1015.3
1114420 1007.6
1114430 1004.5
1114440 1004.5
1114450 1004.7
1114460 1002.8
1114470 1002.8
1114480 998.2
1114490 995.6
1114500 992.8
1114510 992.8
1114520 989.8
1114530 989.9
1114540 989.9
1114550 993.7
1114560 990.8
1114570 990.8
1114580 987.1
1114590 982.5
1114600 982.5
1114610 977.6
1114620 973.8
1114630 973.8
1114640 972.6
1114650 971.7
1114660 971.7
1114670 969.1
1114680 965.4
1114690 965.4
1114700 961.8
1114710 958.1
1114720 958.1
1114730 954.0
1114740 950.6
1114750 950.6
1114760 947.8
1114770 945.4
1114780 942.0
1114790 942.0
1114800 939.5
1114810 937.0
1114820 937.0
1114830 934.3
1114840 931.1
1114850 931.1
1114860 928.0
1114870 926.0
1114880 926.0
1114890 924.0
1114900 920.8
1114910 920.8
1114920 918.9
1114930 918.7
1114940 918.7
1114950 919.4
1114960 921.0
1114970 921.0
1114980 922.0
1114990 920.1
1115000 920.1
1115010 919.4
1115020 919.6
1115030 919.6
1115040 918.3
1115050 917.5
1115060 916.3
1115070 916.3
1115080 915.5
1115090 916.2
1115100 916.2
1115110 915.0
1115120 914.1
1115130 914.1
1115140 911.6
1115150 910.5
1115160 910.5
1115170 908.9
1115180 906.6
1115190 906.6
1115200 906.2
1115210 904.3
1115220 904.3
1115230 901.3
1115240 903.3
1115250 903.3
1115260 901.1
1115270 897.1
1115280 897.1
1115290 895.7
1115300 894.1
1115310 894.1
1115320 892.8
1115330 891.0
1115340 890.6
1115350 890.6
1115360 888.9
1115370 886.8
1115380 886.8
1115390 884.7
1115400 882.7
1115410 882.7
1115420 881.0
1115430 878.7
1115440 878.7
1115450 876.9
1115460 875.7
1115470 875.7
1115480 875.0
1115490 874.4
1115500 874.4
1115510 873.1
1115520 871.5
1115530 871.5
1115540 869.9
1115550 869.0
1115560 869.0
1115570 867.8
1115580 866.8
1115590 869.0
1115600 867.7
1115610 866.5
1115620 864.9
1115630 864.9
1115640 864.1
1115650 862.8
1115660 862.8
1115670 862.2
1115680 861.1
1115690 861.1
1115700 860.2
1115710 860.0
1115720 860.0
1115730 860.8
1115740 862.8
1115750 862.8
1115760 864.1
1115770 866.0
1115780 866.0
1115790 867.0
1115800 868.0
1115810 868.0
1115820 867.9
1115830 867.2
1115840 867.2
1115850 866.5
1115860 865.7
1115870 865.7
1115880 864.0
1115890 862.5
1115900 860.9
1115910 860.9
1115920 860.0
1115930 860.2
1115940 860.2
1115950 859.1
1115960 858.6
1115970 858.6
1115980 858.6
1115990 858.6
1116000 858.6
1116010 858.7
1116020 858.9
1116030 858.9
1116040 859.1
1116050 859.4
1116060 859.4
1116070 859.7
1116080 859.8
1116090 859.8
1116100 859.9
1116110 860.1
1116120 860.1
1116130 860.3
1116140 860.6
1116150 860.6
1116160 860.9
1116170 861.5
1116180 861.5
1116190 862.0
1116200 862.2
1116210 863.0
1116220 863.0
1116230 863.6
1116240 863.9
1116250 863.9
1116260 864.1
1116270 864.3
1116280 863.7
1116290 864.5
1116300 864.6
1116310 864.6
1116320 864.9
1116330 865.3
1116340 865.3
1116350 865.7
1116360 866.1
1116370 866.1
1116380 866.5
1116390 866.3
1116400 866.3
1116410 866.5
1116420 866.6
1116430 866.6
1116440 867.0
1116450 867.2
1116460 867.2
1116470 867.4
1116480 867.5
1116490 867.6
1116500 867.6
1116510 867.7
1116520 867.9
1116530 867.9
1116540 868.2
1116550 868.5
1116560 868.5
1116570 868.9
1116580 869.3
1116590 869.3
1116600 869.9
1116610 870.4
1116620 869.9
1116630 870.9
1116640 874.5
1116650 874.5
1116660 878.9
1116670 879.9
1116680 879.9
1116690 880.5
1116700 881.7
1116710 881.7
1116720 883.5
1116730 885.6
1116740 885.6
1116750 887.3
1116760 888.1
1116770 888.4
1116780 888.4
1116790 889.3
1116800 891.0
1116810 891.0
1116820 892.6
1116830 894.3
1116840 894.3
1116850 895.4
1116860 896.7
1116870 896.7
1116880 898.0
1116890 899.1
1116900 899.1
1116910 900.4
1116920 900.8
1116930 900.8
1116940 901.8
1116950 903.4
1116960 903.4
1116970 915.0
1116980 915.3
1116990 915.3
1117000 913.6
1117010 911.7
1117020 911.7
1117030 909.2
1117040 909.5
1117050 910.1
1117060 910.1
1117070 909.6
1117080 908.2
1117090 908.2
1117100 905.0
1117110 901.9
1117120 901.9
1117130 898.9
1117140 895.8
1117150 895.8
1117160 891.7
1117170 886.6
1117180 886.6
1117190 881.3
1117200 879.7
1117210 879.7
1117220 879.8
1117230 880.0
1117240 880.0
1117250 881.5
1117260 881.0
1117270 881.0
1117280 881.0
1117290 880.9
1117300 880.9
1117310 881.1
1117320 884.3
1117330 883.6
1117340 883.6
1117350 882.9
1117360 882.5
1117370 882.5
1117380 882.1
1117390 882.3
1117400 882.3
1117410 882.7
1117420 883.1
1117430 883.1
1117440 883.3
1117450 883.7
1117460 883.7
1117470 885.4
1117480 888.0
1117490 888.0
1117500 892.1
1117510 898.5
1117520 898.5
1117530 905.9
1117540 912.5
1117550 912.5
1117560 915.4
1117570 922.5
1117580 922.5
1117590 930.2
1117600 941.8
1117610 954.0
1117620 954.0
1117630 967.6
1117640 981.4
1117650 981.4
1117660 995.0
1117670 1002.5
1117680 1002.5
1117690 1010.0
1117700 1017.8
1117710 1017.8
1117720 1025.1
1117730 1033.3
1117740 1033.3
1117750 1046.7
1117760 1058.8
1117770 1058.8
1117780 1071.2
1117790 1093.5
1117800 1093.5
1117810 1111.1
1117820 1121.6
1117830 1121.6
1117840 1130.3
1117850 1140.9
1117860 1140.9
1117870 1148.4
1117880 1156.8
1117890 1168.3
1117900 1168.3
1117910 1179.5
1117920 1192.9
1117930 1192.9
1117940 1203.2
1117950 1207.5
1117960 1207.5
1117970 1213.0
1117980 1223.6
1117990 1223.6
1118000 1231.1
1118010 1235.6
1118020 1235.6
1118030 1239.9
1118040 1244.7
1118050 1244.7
1118060 1250.3
1118070 1257.0
1118080 1257.0
1118090 1264.4
1118100 1272.2
1118110 1272.2
1118120 1279.6
1118130 1287.0
1118140 1287.0
1118150 1295.1
1118160 1302.1
1118170 1308.1
1118180 1308.1
1118190 1314.3
1118200 1320.7
1118210 1320.7
1118220 1326.9
1118230 1332.9
1118240 1332.9
1118250 1338.9
1118260 1344.8
1118270 1344.8
1118280 1351.1
1118290 1357.4
1118300 1357.4
1118310 1364.5
1118320 1372.9
1118330 1372.9
1118340 1383.8
1118350 1393.9
1118360 1390.7
1118370 1401.4
1118380 1411.6
1118390 1411.6
1118400 1419.6
1118410 1427.2
1118420 1427.2
1118430 1435.5
1118440 1442.6
1118450 1448.5
1118460 1448.5
1118470 1454.4
1118480 1460.1
1118490 1460.1
1118500 1466.4
1118510 1473.3
1118520 1473.3
1118530 1480.0
1118540 1487.2
1118550 1487.2
1118560 1495.1
1118570 1503.7
1118580 1503.7
1118590 1514.4
1118600 1525.4
1118610 1525.4
1118620 1536.9
1118630 1546.2
1118640 1546.2
1118650 1554.1
1118660 1561.6
1118670 1561.6
1118680 1569.0
1118690 1576.0
1118700 1576.0
1118710 1580.7
1118720 1588.5
1118730 1596.9
1118740 1596.9
1118750 1606.3
1118760 1615.7
1118770 1615.7
1118780 1625.1
1118790 1634.1
1118800 1634.1
1118810 1642.5
1118820 1651.0
1118830 1651.0
1118840 1658.8
1118850 1666.0
1118860 1666.0
1118870 1675.7
1118880 1686.6
1118890 1686.6
1118900 1694.9
1118910 1700.2
1118920 1700.2
1118930 1705.0
1118940 1711.6
1118950 1711.6
1118960 1719.8
1118970 1728.1
1118980 1728.1
1118990 1738.8
1119000 1748.4
1119010 1757.7
1119020 1757.7
1119030 1765.3
1119040 1774.0
1119050 1774.0
1119060 1780.4
1119070 1788.7
1119080 1788.7
1119090 1796.2
1119100 1801.4
1119110 1801.4
1119120 1811.5
1119130 1822.2
1119140 1822.2
1119150 1829.9
1119160 1833.2
1119170 1833.2
1119180 1834.6
1119190 1836.5
1119200 1836.5
1119210 1840.7
1119220 1845.4
1119230 1845.4
1119240 1849.3
1119250 1850.4
1119260 1850.4
1119270 1854.5
1119280 1858.1
1119290 1863.8
1119300 1863.8
1119310 1869.8
1119320 1878.3
1119330 1878.3
1119340 1887.1
1119350 1894.4
1119360 1894.4
1119370 1900.2
1119380 1903.5
1119390 1903.5
1119400 1905.2
1119410 1912.4
1119420 1912.4
1119430 1918.7
1119440 1923.6
1119450 1923.6
1119460 1927.8
1119470 1937.1
1119480 1937.1
1119490 1947.4
1119500 1955.7
1119510 1955.7
1119520 1963.2
1119530 1970.0
1119540 1970.0
1119550 1977.3
1119560 1985.0
1119570 1992.8
1119580 1992.8
1119590 2000.6
1119600 2008.5
1119610 2008.5
1119620 2016.7
1119630 2025.2
1119640 2025.2
1119650 2034.9
1119660 2040.3
1119670 2040.3
1119680 2035.1
1119690 2032.4
1119700 2032.4
1119710 2032.2
1119720 2032.8
1119730 2032.8
1119740 2029.6
1119750 2022.4
1119760 2022.4
1119770 2028.6
1119780 2033.3
1119790 2033.3
1119800 2039.1
1119810 2045.4
1119820 2045.4
1119830 2051.6
1119840 2057.8
1119850 2064.3
1119860 2064.3
1119870 2071.0
1119880 2077.2
1119890 2077.2
1119900 2083.0
1119910 2088.6
1119920 2088.6
1119930 2093.3
1119940 2094.8
1119950 2094.8
1119960 2093.0
1119970 2090.7
1119980 2090.7
1119990 2087.3
