1100000 1786.1
1100010 1786.0
1100020 1785.1
1100030 1785.1
1100040 1784.9
1100050 1784.2
1100060 1783.8
1100070 1783.8
1100080 1782.2
1100090 1781.1
1100100 1781.1
1100110 1778.1
1100120 1772.6
1100130 1772.6
1100140 1766.1
1100150 1768.8
1100160 1768.8
1100170 1778.8
1100180 1785.4
1100190 1785.4
1100200 1788.4
1100210 1790.4
1100220 1790.4
1100230 1791.2
1100240 1792.2
1100250 1792.2
1100260 1793.8
1100270 1794.5
1100280 1794.5
1100290 1794.7
1100300 1792.7
1100310 1792.7
1100320 1790.0
1100330 1790.4
1100340 1791.0
1100350 1791.0
1100360 1792.5
1100370 1793.4
1100380 1793.4
1100390 1793.9
1100400 1794.4
1100410 1794.4
1100420 1794.0
1100430 1792.7
1100440 1789.1
1100450 1788.1
1100460 1786.2
1100470 1786.2
1100480 1784.4
1100490 1781.9
1100500 1781.9
1100510 1775.3
1100520 1771.1
1100530 1771.1
1100540 1774.1
1100550 1779.4
1100560 1779.4
1100570 1781.9
1100580 1782.4
1100590 1782.4
1100600 1783.6
1100610 1785.1
1100620 1786.6
1100630 1786.6
1100640 1787.8
1100650 1789.8
1100660 1789.8
1100670 1792.1
1100680 1792.6
1100690 1792.6
1100700 1792.7
1100710 1792.8
1100720 1792.8
1100730 1794.9
1100740 1797.0
1100750 1797.0
1100760 1799.1
1100770 1800.2
1100780 1800.2
1100790 1801.4
1100800 1801.7
1100810 1801.7
1100820 1800.1
1100830 1794.8
1100840 1794.8
1100850 1786.9
1100860 1778.1
1100870 1778.1
1100880 1773.0
1100890 1769.9
1100900 1766.2
1100910 1766.2
1100920 1762.6
1100930 1761.2
1100940 1761.2
1100950 1759.5
1100960 1757.4
1100970 1757.4
1100980 1753.8
1100990 1751.7
1101000 1751.7
1101010 1750.1
1101020 1747.1
1101030 1747.1
1101040 1743.6
1101050 1741.0
1101060 1741.0
1101070 1738.6
1101080 1736.1
1101090 1736.1
1101100 1734.6
1101110 1732.2
1101120 1732.2
1101130 1730.5
1101140 1729.6
1101150 1729.6
1101160 1728.2
1101170 1726.3
1101180 1724.9
1101190 1724.9
1101200 1723.6
1101210 1722.3
1101220 1722.3
1101230 1721.0
1101240 1720.5
1101250 1720.5
1101260 1720.2
1101270 1720.5
1101280 1720.5
1101290 1720.1
1101300 1719.2
1101310 1719.2
1101320 1717.5
1101330 1714.6
1101340 1714.6
1101350 1711.2
1101360 1707.6
1101370 1707.6
1101380 1704.9
1101390 1701.8
1101400 1701.8
1101410 1697.4
1101420 1692.5
1101430 1692.5
1101440 1686.7
1101450 1677.1
1101460 1668.9
1101470 1668.9
1101480 1665.2
1101490 1666.3
1101500 1666.3
1101510 1671.8
1101520 1670.8
1101530 1670.8
1101540 1671.9
1101550 1672.1
1101560 1672.1
1101570 1670.4
1101580 1669.7
1101590 1669.7
1101600 1667.8
1101610 1672.3
1101620 1672.3
1101630 1672.7
1101640 1672.6
1101650 1672.6
1101660 1671.7
1101670 1670.2
1101680 1670.2
1101690 1668.6
1101700 1667.8
1101710 1667.8
1101720 1667.3
1101730 1666.6
1101740 1666.6
1101750 1665.4
1101760 1663.7
1101770 1664.4
1101780 1664.4
1101790 1660.3
1101800 1656.3
1101810 1656.3
1101820 1650.5
1101830 1647.3
1101840 1647.3
1101850 1649.5
1101860 1650.8
1101870 1650.8
1101880 1648.8
1101890 1645.9
1101900 1645.9
1101910 1643.3
1101920 1641.0
1101930 1641.0
1101940 1639.3
1101950 1639.1
1101960 1639.1
1101970 1638.8
1101980 1637.2
1101990 1637.2
1102000 1634.7
1102010 1632.8
1102020 1632.8
1102030 1630.1
1102040 1627.3
1102050 1625.3
1102060 1625.3
1102070 1621.1
1102080 1617.2
1102090 1617.2
1102100 1615.7
1102110 1610.6
1102120 1610.6
1102130 1605.4
1102140 1600.6
1102150 1600.6
1102160 1596.4
1102170 1592.1
1102180 1592.1
1102190 1589.3
1102200 1586.7
1102210 1586.7
1102220 1583.9
1102230 1582.4
1102240 1582.4
1102250 1580.5
1102260 1578.2
1102270 1578.2
1102280 1576.2
1102290 1576.4
1102300 1576.4
1102310 1579.9
1102320 1585.2
1102330 1588.0
1102340 1588.0
1102350 1589.2
1102360 1589.7
1102370 1589.7
1102380 1591.8
1102390 1594.7
1102400 1594.7
1102410 1598.9
1102420 1604.1
1102430 1604.1
1102440 1601.6
1102450 1602.7
1102460 1602.7
1102470 1604.4
1102480 1601.7
1102490 1601.7
1102500 1602.4
1102510 1604.0
1102520 1604.0
1102530 1603.1
1102540 1604.0
1102550 1604.0
1102560 1603.6
1102570 1605.5
1102580 1605.5
1102590 1604.3
1102600 1602.0
1102610 1599.4
1102620 1599.4
1102630 1596.9
1102640 1594.4
1102650 1594.4
1102660 1592.0
1102670 1589.7
1102680 1589.7
1102690 1587.3
1102700 1584.5
1102710 1584.5
1102720 1581.5
1102730 1578.5
1102740 1578.5
1102750 1575.3
1102760 1571.8
1102770 1570.6
1102780 1567.5
1102790 1564.9
1102800 1564.9
1102810 1563.1
1102820 1560.4
1102830 1560.4
1102840 1561.0
1102850 1565.0
1102860 1565.0
1102870 1568.8
1102880 1571.9
1102890 1574.4
1102900 1574.4
1102910 1577.0
1102920 1582.0
1102930 1582.0
1102940 1585.7
1102950 1586.5
1102960 1586.5
1102970 1587.5
1102980 1589.3
1102990 1589.3
1103000 1591.4
1103010 1593.2
1103020 1593.2
1103030 1594.6
1103040 1594.7
1103050 1594.7
1103060 1595.0
1103070 1593.4
1103080 1593.4
1103090 1589.5
1103100 1584.1
1103110 1584.1
1103120 1582.2
1103130 1581.9
1103140 1581.9
1103150 1582.0
1103160 1582.1
1103170 1583.6
1103180 1583.6
1103190 1583.6
1103200 1585.7
1103210 1585.7
1103220 1587.7
1103230 1588.0
1103240 1588.0
1103250 1589.2
1103260 1590.5
1103270 1590.5
1103280 1591.7
1103290 1592.6
1103300 1592.6
1103310 1593.6
1103320 1594.0
1103330 1594.0
1103340 1593.7
1103350 1595.2
1103360 1595.2
1103370 1595.4
1103380 1594.5
1103390 1594.5
1103400 1589.6
1103410 1591.9
1103420 1591.9
1103430 1594.2
1103440 1591.1
1103450 1592.6
1103460 1592.6
1103470 1594.5
1103480 1597.9
1103490 1597.9
1103500 1600.9
1103510 1604.9
1103520 1604.9
1103530 1607.8
1103540 1610.3
1103550 1610.3
1103560 1612.8
1103570 1614.5
1103580 1614.5
1103590 1615.7
1103600 1617.5
1103610 1617.5
1103620 1619.7
1103630 1621.7
1103640 1621.7
1103650 1624.4
1103660 1627.2
1103670 1627.2
1103680 1629.8
1103690 1632.3
1103700 1632.3
1103710 1634.7
1103720 1636.9
1103730 1639.1
1103740 1639.1
1103750 1641.0
1103760 1642.5
1103770 1639.8
1103780 1640.8
1103790 1642.1
1103800 1642.1
1103810 1643.3
1103820 1644.2
1103830 1644.2
1103840 1645.3
1103850 1646.6
1103860 1646.6
1103870 1647.2
1103880 1647.4
1103890 1647.4
1103900 1647.7
1103910 1647.7
1103920 1647.7
1103930 1647.5
1103940 1647.1
1103950 1647.1
1103960 1646.7
1103970 1646.1
1103980 1646.1
1103990 1645.5
1104000 1644.7
1104010 1643.8
1104020 1643.8
1104030 1642.7
1104040 1641.2
1104050 1641.2
1104060 1639.9
1104070 1638.2
1104080 1638.2
1104090 1636.4
1104100 1634.4
1104110 1632.4
1104120 1630.6
1104130 1629.0
1104140 1629.0
1104150 1627.3
1104160 1625.8
1104170 1625.8
1104180 1625.0
1104190 1623.7
1104200 1623.7
1104210 1622.0
1104220 1620.7
1104230 1620.7
1104240 1619.2
1104250 1618.5
1104260 1618.5
1104270 1618.7
1104280 1618.8
1104290 1618.8
1104300 1618.3
1104310 1617.9
1104320 1616.8
1104330 1616.8
1104340 1615.2
1104350 1613.2
1104360 1613.2
1104370 1610.3
1104380 1607.6
1104390 1607.6
1104400 1605.7
1104410 1604.1
1104420 1604.1
1104430 1602.1
1104440 1600.6
1104450 1600.6
1104460 1599.2
1104470 1597.5
1104480 1597.5
1104490 1595.9
1104500 1594.7
1104510 1594.7
1104520 1594.1
1104530 1593.4
1104540 1593.4
1104550 1591.9
1104560 1590.0
1104570 1590.0
1104580 1587.6
1104590 1585.1
1104600 1584.0
1104610 1584.0
1104620 1582.3
1104630 1580.2
1104640 1580.2
1104650 1577.9
1104660 1575.8
1104670 1575.8
1104680 1573.3
1104690 1570.5
1104700 1570.5
1104710 1568.0
1104720 1565.4
1104730 1565.4
1104740 1562.8
1104750 1559.9
1104760 1559.9
1104770 1556.7
1104780 1556.5
1104790 1556.5
1104800 1552.8
1104810 1549.4
1104820 1549.4
1104830 1545.8
1104840 1542.4
1104850 1542.4
1104860 1539.9
1104870 1537.3
1104880 1533.2
1104890 1533.2
1104900 1529.3
1104910 1526.2
1104920 1526.2
1104930 1523.7
1104940 1521.3
1104950 1521.3
1104960 1518.3
1104970 1515.2
1104980 1515.2
1104990 1512.2
1105000 1507.7
1105010 1507.7
1105020 1502.1
1105030 1495.7
1105040 1495.7
1105050 1490.2
1105060 1484.5
1105070 1484.5
1105080 1480.0
1105090 1476.2
1105100 1476.2
1105110 1472.7
1105120 1468.9
1105130 1468.9
1105140 1464.7
1105150 1462.1
1105160 1458.8
1105170 1458.8
1105180 1455.3
1105190 1451.9
1105200 1451.9
1105210 1448.5
1105220 1445.7
1105230 1445.7
1105240 1445.0
1105250 1445.5
1105260 1445.5
1105270 1444.3
1105280 1441.9
1105290 1441.9
1105300 1438.5
1105310 1431.5
1105320 1431.5
1105330 1425.2
1105340 1421.2
1105350 1421.2
1105360 1413.8
1105370 1405.7
1105380 1405.7
1105390 1395.8
1105400 1388.3
1105410 1388.3
1105420 1384.6
1105430 1382.0
1105440 1374.3
1105450 1379.4
1105460 1373.1
1105470 1368.5
1105480 1368.5
1105490 1364.0
1105500 1360.0
1105510 1360.0
1105520 1352.3
1105530 1342.3
1105540 1342.3
1105550 1336.3
1105560 1332.7
1105570 1332.7
1105580 1331.3
1105590 1327.4
1105600 1327.4
1105610 1320.3
1105620 1312.0
1105630 1312.0
1105640 1301.7
1105650 1291.2
1105660 1291.2
1105670 1283.3
1105680 1276.3
1105690 1276.3
1105700 1270.9
1105710 1268.8
1105720 1268.5
1105730 1268.5
1105740 1267.2
1105750 1265.7
1105760 1265.7
1105770 1265.2
1105780 1256.8
1105790 1256.8
1105800 1255.7
1105810 1254.4
1105820 1254.4
1105830 1252.4
1105840 1249.0
1105850 1249.0
1105860 1244.9
1105870 1242.9
1105880 1242.9
1105890 1249.8
1105900 1255.5
1105910 1255.5
1105920 1256.8
1105930 1257.2
1105940 1257.2
1105950 1258.9
1105960 1258.2
1105970 1258.2
1105980 1258.3
1105990 1261.4
1106000 1261.7
1106010 1261.7
1106020 1262.7
1106030 1263.5
1106040 1263.5
1106050 1264.2
1106060 1264.9
1106070 1264.9
1106080 1266.1
1106090 1266.6
1106100 1266.6
1106110 1264.6
1106120 1256.8
1106130 1256.8
1106140 1254.7
1106150 1254.0
1106160 1254.0
1106170 1253.2
1106180 1251.8
1106190 1251.8
1106200 1251.4
1106210 1252.0
1106220 1252.0
1106230 1250.8
1106240 1246.2
1106250 1246.2
1106260 1240.0
1106270 1235.4
1106280 1231.0
1106290 1231.0
1106300 1225.0
1106310 1219.3
1106320 1219.3
1106330 1215.5
1106340 1210.5
1106350 1210.5
1106360 1207.2
1106370 1203.6
1106380 1203.6
1106390 1199.6
1106400 1194.9
1106410 1194.9
1106420 1190.8
1106430 1188.4
1106440 1188.4
1106450 1187.3
1106460 1181.8
1106470 1181.8
1106480 1179.2
1106490 1175.2
1106500 1175.2
1106510 1172.3
1106520 1169.3
1106530 1169.3
1106540 1166.3
1106550 1163.3
1106560 1160.3
1106570 1160.3
1106580 1157.6
1106590 1154.7
1106600 1154.7
1106610 1151.8
1106620 1149.7
1106630 1149.7
1106640 1147.3
1106650 1145.1
1106660 1145.1
1106670 1142.9
1106680 1140.4
1106690 1140.4
1106700 1136.7
1106710 1132.4
1106720 1132.4
1106730 1127.3
1106740 1122.4
1106750 1122.4
1106760 1115.4
1106770 1109.9
1106780 1109.9
1106790 1105.8
1106800 1106.6
1106810 1106.6
1106820 1100.2
1106830 1093.5
1106840 1087.7
1106850 1087.7
1106860 1084.0
1106870 1078.0
1106880 1078.0
1106890 1072.8
1106900 1067.3
1106910 1067.3
1106920 1062.1
1106930 1054.9
1106940 1054.9
1106950 1048.3
1106960 1040.3
1106970 1040.3
1106980 1032.7
1106990 1020.3
1107000 1020.3
1107010 1006.2
1107020 994.9
1107030 994.9
1107040 986.6
1107050 984.4
1107060 984.4
1107070 984.3
1107080 985.0
1107090 985.0
1107100 982.1
1107110 979.4
1107120 978.8
1107130 968.7
1107140 970.8
1107150 973.7
1107160 973.7
1107170 973.3
1107180 968.2
1107190 968.2
1107200 960.5
1107210 969.7
1107220 969.7
1107230 994.9
1107240 1012.5
1107250 1012.5
1107260 1016.4
1107270 1016.1
1107280 1016.1
1107290 1016.2
1107300 1021.1
1107310 1021.1
1107320 1031.5
1107330 1041.3
1107340 1041.3
1107350 1043.5
1107360 1045.8
1107370 1045.8
1107380 1054.7
1107390 1062.2
1107400 1067.4
1107410 1067.4
1107420 1071.5
1107430 1075.0
1107440 1075.0
1107450 1078.2
1107460 1081.9
1107470 1081.9
1107480 1085.3
1107490 1088.7
1107500 1088.7
1107510 1092.9
1107520 1097.6
1107530 1097.6
1107540 1102.8
1107550 1107.9
1107560 1107.9
1107570 1113.1
1107580 1117.3
1107590 1117.3
1107600 1118.1
1107610 1117.9
1107620 1117.9
1107630 1119.3
1107640 1122.2
1107650 1122.2
1107660 1125.4
1107670 1129.4
1107680 1129.4
1107690 1133.3
1107700 1136.1
1107710 1137.3
1107720 1137.3
1107730 1137.7
1107740 1137.2
1107750 1137.2
1107760 1137.7
1107770 1139.3
1107780 1139.3
1107790 1141.8
1107800 1144.8
1107810 1150.0
1107820 1152.8
1107830 1155.7
1107840 1155.7
1107850 1159.7
1107860 1163.0
1107870 1163.0
1107880 1165.4
1107890 1168.4
1107900 1168.4
1107910 1172.6
1107920 1175.5
1107930 1175.5
1107940 1177.4
1107950 1181.5
1107960 1181.5
1107970 1185.9
1107980 1190.8
1107990 1195.3
1108000 1195.3
1108010 1199.6
1108020 1204.3
1108030 1204.3
1108040 1209.8
1108050 1215.7
1108060 1215.7
1108070 1220.2
1108080 1225.0
1108090 1225.0
1108100 1232.3
1108110 1240.2
1108120 1240.2
1108130 1244.1
1108140 1248.5
1108150 1254.7
1108160 1260.1
1108170 1265.6
1108180 1265.6
1108190 1270.7
1108200 1274.8
1108210 1274.8
1108220 1278.6
1108230 1283.7
1108240 1283.7
1108250 1289.8
1108260 1295.4
1108270 1300.2
1108280 1300.2
1108290 1306.8
1108300 1312.2
1108310 1312.2
1108320 1314.9
1108330 1318.0
1108340 1318.0
1108350 1320.1
1108360 1323.9
1108370 1323.9
1108380 1329.4
1108390 1336.4
1108400 1336.4
1108410 1344.4
1108420 1352.5
1108430 1352.5
1108440 1361.1
1108450 1370.2
1108460 1370.2
1108470 1378.9
1108480 1386.6
1108490 1384.3
1108500 1391.5
1108510 1397.8
1108520 1397.8
1108530 1403.5
1108540 1409.6
1108550 1415.6
1108560 1415.6
1108570 1420.0
1108580 1423.6
1108590 1423.6
1108600 1428.2
1108610 1432.8
1108620 1432.8
1108630 1437.4
1108640 1442.8
1108650 1442.8
1108660 1447.7
1108670 1451.0
1108680 1451.0
1108690 1456.0
1108700 1462.7
1108710 1462.7
1108720 1469.6
1108730 1476.1
1108740 1476.1
1108750 1481.8
1108760 1487.1
1108770 1487.1
1108780 1491.8
1108790 1496.3
1108800 1496.3
1108810 1501.0
1108820 1506.8
1108830 1511.3
1108840 1511.3
1108850 1517.1
1108860 1523.9
1108870 1523.9
1108880 1531.2
1108890 1537.6
1108900 1537.6
1108910 1541.0
1108920 1543.0
1108930 1543.0
1108940 1548.1
1108950 1555.7
1108960 1555.7
1108970 1563.6
1108980 1571.6
1108990 1571.6
1109000 1580.8
1109010 1589.4
1109020 1589.4
1109030 1594.3
1109040 1597.3
1109050 1597.3
1109060 1600.4
1109070 1603.6
1109080 1603.6
1109090 1606.9
1109100 1611.4
1109110 1617.1
1109120 1617.1
1109130 1622.4
1109140 1627.7
1109150 1627.7
1109160 1640.0
1109170 1648.4
1109180 1648.4
1109190 1655.6
1109200 1660.2
1109210 1660.2
1109220 1664.9
1109230 1671.3
1109240 1671.3
1109250 1676.2
1109260 1678.7
1109270 1678.7
1109280 1681.5
1109290 1684.6
1109300 1684.6
1109310 1687.7
1109320 1689.0
1109330 1689.0
1109340 1688.4
1109350 1687.4
1109360 1687.4
1109370 1686.5
1109380 1684.9
1109390 1684.3
1109400 1684.3
1109410 1684.9
1109420 1688.7
1109430 1688.7
1109440 1692.1
1109450 1691.6
1109460 1691.6
1109470 1689.7
1109480 1686.7
1109490 1686.7
1109500 1690.1
1109510 1689.0
1109520 1689.0
1109530 1688.3
1109540 1689.4
1109550 1689.4
1109560 1691.5
1109570 1694.4
1109580 1694.4
1109590 1698.1
1109600 1702.0
1109610 1702.0
1109620 1706.2
1109630 1708.9
1109640 1708.9
1109650 1710.1
1109660 1711.0
1109670 1709.7
1109680 1709.7
1109690 1706.4
1109700 1705.0
1109710 1705.0
1109720 1706.1
1109730 1706.0
1109740 1706.0
1109750 1702.5
1109760 1696.7
1109770 1696.7
1109780 1690.0
1109790 1684.5
1109800 1684.5
1109810 1679.9
1109820 1679.2
1109830 1679.2
1109840 1688.8
1109850 1691.2
1109860 1691.2
1109870 1690.9
1109880 1689.0
1109890 1689.0
1109900 1684.5
1109910 1681.5
1109920 1681.5
1109930 1677.6
1109940 1672.4
1109950 1662.3
1109960 1662.3
1109970 1654.0
1109980 1648.4
1109990 1648.4
1110000 1645.1
1110010 1639.9
1110020 1639.9
1110030 1633.0
1110040 1627.3
1110050 1627.3
1110060 1623.0
1110070 1620.0
1110080 1620.0
1110090 1620.3
1110100 1622.1
1110110 1622.1
1110120 1627.9
1110130 1635.9
1110140 1635.9
1110150 1639.5
1110160 1642.0
1110170 1642.0
1110180 1657.4
1110190 1658.7
1110200 1658.7
1110210 1658.0
1110220 1655.6
1110230 1651.7
1110240 1651.7
1110250 1650.3
1110260 1647.1
1110270 1647.1
1110280 1639.6
1110290 1632.3
1110300 1632.3
1110310 1635.2
1110320 1638.3
1110330 1638.3
1110340 1639.1
1110350 1638.1
1110360 1638.1
1110370 1635.7
1110380 1633.6
1110390 1633.6
1110400 1631.5
1110410 1628.9
1110420 1628.9
1110430 1626.4
1110440 1623.6
1110450 1623.6
1110460 1621.4
1110470 1619.9
1110480 1619.9
1110490 1617.8
1110500 1615.5
1110510 1613.1
1110520 1614.2
1110530 1613.3
1110540 1611.7
1110550 1611.7
1110560 1608.4
1110570 1605.6
1110580 1605.6
1110590 1602.8
1110600 1600.0
1110610 1600.0
1110620 1597.2
1110630 1595.0
1110640 1595.0
1110650 1592.7
1110660 1590.9
1110670 1590.9
1110680 1589.6
1110690 1589.0
1110700 1589.0
1110710 1587.5
1110720 1585.5
1110730 1585.5
1110740 1583.7
1110750 1580.9
1110760 1580.9
1110770 1577.8
1110780 1575.2
1110790 1572.8
1110800 1572.8
1110810 1571.6
1110820 1571.0
1110830 1571.0
1110840 1569.6
1110850 1567.1
1110860 1567.1
1110870 1563.4
1110880 1560.3
1110890 1560.3
1110900 1556.8
1110910 1553.0
1110920 1553.0
1110930 1548.9
1110940 1544.7
1110950 1544.7
1110960 1540.8
1110970 1537.6
1110980 1537.6
1110990 1534.4
1111000 1530.9
1111010 1530.9
1111020 1527.1
1111030 1523.5
1111040 1523.5
1111050 1520.8
1111060 1519.1
1111070 1517.1
1111080 1517.1
1111090 1514.5
1111100 1512.2
1111110 1512.2
1111120 1510.5
1111130 1509.6
1111140 1509.6
1111150 1508.8
1111160 1507.3
1111170 1507.3
1111180 1504.8
1111190 1501.1
1111200 1501.1
1111210 1492.9
1111220 1488.0
1111230 1488.0
1111240 1483.9
1111250 1479.2
1111260 1479.2
1111270 1474.6
1111280 1471.5
1111290 1471.5
1111300 1469.6
1111310 1468.1
1111320 1468.1
1111330 1465.7
1111340 1462.3
1111350 1457.9
1111360 1457.9
1111370 1453.6
1111380 1450.2
1111390 1450.2
1111400 1448.4
1111410 1446.0
1111420 1446.0
1111430 1441.5
1111440 1438.1
1111450 1438.1
1111460 1433.5
1111470 1429.4
1111480 1429.4
1111490 1425.4
1111500 1419.6
1111510 1419.6
1111520 1413.3
1111530 1407.4
1111540 1407.4
1111550 1401.6
1111560 1396.6
1111570 1396.6
1111580 1392.4
1111590 1389.1
1111600 1389.1
1111610 1387.0
1111620 1385.3
1111630 1385.3
1111640 1384.3
1111650 1381.9
1111660 1379.4
1111670 1379.4
1111680 1380.0
1111690 1379.3
1111700 1379.3
1111710 1377.6
1111720 1376.9
1111730 1376.9
1111740 1376.5
1111750 1374.5
1111760 1374.5
1111770 1371.7
1111780 1368.6
1111790 1368.6
1111800 1365.1
1111810 1361.7
1111820 1361.7
1111830 1357.9
1111840 1353.4
1111850 1353.4
1111860 1348.4
1111870 1342.8
1111880 1342.8
1111890 1334.1
1111900 1329.1
1111910 1329.1
1111920 1323.3
1111930 1318.0
1111940 1313.4
1111950 1313.4
1111960 1309.5
1111970 1305.9
1111980 1305.9
1111990 1302.5
1112000 1299.1
1112010 1299.1
1112020 1295.6
1112030 1292.7
1112040 1292.7
1112050 1290.6
1112060 1287.7
1112070 1287.7
1112080 1283.4
1112090 1278.1
1112100 1278.1
1112110 1272.2
1112120 1266.4
1112130 1266.4
1112140 1260.3
1112150 1255.0
1112160 1255.0
1112170 1249.9
1112180 1244.5
1112190 1244.5
1112200 1238.4
1112210 1232.7
1112220 1226.9
1112230 1224.7
1112240 1219.6
1112250 1213.5
1112260 1213.5
1112270 1208.3
1112280 1201.4
1112290 1201.4
1112300 1194.9
1112310 1188.2
1112320 1188.2
1112330 1182.7
1112340 1177.5
1112350 1177.5
1112360 1171.7
1112370 1165.0
1112380 1165.0
1112390 1157.6
1112400 1151.1
1112410 1151.1
1112420 1147.2
1112430 1142.3
1112440 1142.3
1112450 1135.3
1112460 1129.0
1112470 1129.0
1112480 1125.2
1112490 1119.5
1112500 1112.5
1112510 1112.5
1112520 1105.8
1112530 1100.9
1112540 1100.9
1112550 1095.7
1112560 1089.2
1112570 1080.7
1112580 1073.7
1112590 1066.4
1112600 1066.4
1112610 1062.1
1112620 1056.2
1112630 1056.2
1112640 1048.1
1112650 1042.0
1112660 1042.0
1112670 1038.2
1112680 1040.8
1112690 1040.8
1112700 1046.4
1112710 1053.8
1112720 1053.8
1112730 1061.7
1112740 1066.7
1112750 1066.7
1112760 1071.3
1112770 1071.6
1112780 1071.8
1112790 1071.8
1112800 1073.6
1112810 1068.3
1112820 1068.3
1112830 1072.5
1112840 1082.6
1112850 1082.6
1112860 1091.8
1112870 1099.2
1112880 1099.2
1112890 1105.9
1112900 1110.9
1112910 1110.9
1112920 1119.8
1112930 1122.2
1112940 1122.2
1112950 1128.4
1112960 1135.4
1112970 1135.4
1112980 1141.2
1112990 1147.9
1113000 1147.9
1113010 1153.6
1113020 1159.0
1113030 1159.0
1113040 1161.8
1113050 1163.6
1113060 1165.3
1113070 1165.3
1113080 1167.6
1113090 1171.6
1113100 1171.6
1113110 1176.3
1113120 1177.7
1113130 1177.7
1113140 1178.7
1113150 1180.2
1113160 1180.2
1113170 1184.2
1113180 1188.3
1113190 1188.3
1113200 1187.2
1113210 1183.6
1113220 1183.6
1113230 1186.7
1113240 1193.0
1113250 1193.0
1113260 1202.6
1113270 1206.1
1113280 1206.1
1113290 1209.9
1113300 1212.2
1113310 1212.2
1113320 1214.2
1113330 1216.5
1113340 1218.7
1113350 1218.7
1113360 1221.8
1113370 1225.5
1113380 1225.5
1113390 1229.4
1113400 1234.1
1113410 1234.1
1113420 1239.0
1113430 1244.0
1113440 1244.0
1113450 1248.4
1113460 1251.8
1113470 1251.8
1113480 1252.8
1113490 1252.6
1113500 1252.6
1113510 1251.7
1113520 1248.9
1113530 1248.9
1113540 1244.8
1113550 1241.7
1113560 1241.7
1113570 1239.8
1113580 1238.0
1113590 1238.0
1113600 1243.8
1113610 1244.3
1113620 1242.2
1113630 1242.2
1113640 1240.5
1113650 1239.2
1113660 1239.2
1113670 1237.5
1113680 1235.9
1113690 1235.9
1113700 1234.8
1113710 1233.5
1113720 1233.5
1113730 1232.5
1113740 1231.0
1113750 1231.0
1113760 1227.4
1113770 1222.2
1113780 1222.2
1113790 1215.3
1113800 1208.5
1113810 1208.5
1113820 1202.3
1113830 1197.1
1113840 1197.1
1113850 1192.2
1113860 1188.2
1113870 1188.2
1113880 1184.3
1113890 1178.4
1113900 1171.6
1113910 1171.6
1113920 1165.9
1113930 1158.2
1113940 1158.2
1113950 1151.9
1113960 1145.3
1113970 1145.3
1113980 1141.0
1113990 1141.1
1114000 1141.1
1114010 1142.3
1114020 1140.1
1114030 1140.1
1114040 1135.8
1114050 1130.8
1114060 1130.8
1114070 1125.4
1114080 1119.1
1114090 1119.1
1114100 1112.2
1114110 1105.6
1114120 1105.6
1114130 1099.6
1114140 1094.0
1114150 1094.0
1114160 1088.6
1114170 1086.6
1114180 1091.1
1114190 1091.1
1114200 1089.0
1114210 1086.6
1114220 1086.6
1114230 1084.3
1114240 1081.0
1114250 1081.0
1114260 1078.0
1114270 1075.4
1114280 1075.4
1114290 1078.2
1114300 1074.9
1114310 1074.9
1114320 1068.8
1114330 1060.7
1114340 1060.7
1114350 1054.5
1114360 1052.8
1114370 1052.8
1114380 1053.3
1114390 1052.8
1114400 1052.8
1114410 1050.5
1114420 1047.9
1114430 1047.9
1114440 1043.1
1114450 1032.5
1114460 1023.2
1114470 1023.2
1114480 1016.6
1114490 1017.3
1114500 1017.3
1114510 1023.2
1114520 1021.6
1114530 1021.6
1114540 1016.4
1114550 1013.5
1114560 1013.5
1114570 1008.2
1114580 1002.3
1114590 1002.3
1114600 997.1
1114610 991.9
1114620 991.9
1114630 986.6
1114640 991.0
1114650 991.0
1114660 989.0
1114670 984.9
1114680 984.9
1114690 980.6
1114700 976.0
1114710 976.0
1114720 971.1
1114730 966.5
1114740 963.3
1114750 963.3
1114760 959.9
1114770 956.6
1114780 956.6
1114790 952.4
1114800 948.0
1114810 948.0
1114820 944.4
1114830 941.9
1114840 941.9
1114850 940.8
1114860 940.2
1114870 940.2
1114880 939.9
1114890 939.7
1114900 939.7
1114910 939.7
1114920 939.3
1114930 939.3
1114940 940.2
1114950 941.7
1114960 941.7
1114970 942.3
1114980 948.1
1114990 948.1
1115000 947.8
1115010 946.6
1115020 944.4
1115030 944.4
1115040 944.8
1115050 944.6
1115060 944.6
1115070 944.6
1115080 943.6
1115090 943.6
1115100 941.3
1115110 939.6
1115120 939.6
1115130 937.8
1115140 935.8
1115150 935.8
1115160 934.4
1115170 932.2
1115180 932.2
1115190 928.9
1115200 925.7
1115210 925.7
1115220 922.6
1115230 920.4
1115240 920.4
1115250 918.7
1115260 917.7
1115270 917.7
1115280 916.4
1115290 914.4
1115300 909.9
1115310 909.9
1115320 909.2
1115330 908.5
1115340 908.5
1115350 906.3
1115360 904.9
1115370 904.9
1115380 903.2
1115390 900.2
1115400 900.2
1115410 896.3
1115420 894.2
1115430 894.2
1115440 893.3
1115450 892.0
1115460 892.0
1115470 891.1
1115480 891.9
1115490 891.9
1115500 893.6
1115510 894.4
1115520 894.4
1115530 893.2
1115540 891.9
1115550 891.9
1115560 890.7
1115570 890.5
1115580 889.9
1115590 889.9
1115600 888.2
1115610 886.2
1115620 886.2
1115630 885.1
1115640 886.5
1115650 886.5
1115660 888.8
1115670 896.5
1115680 896.5
1115690 898.6
1115700 900.3
1115710 900.3
1115720 901.7
1115730 902.8
1115740 902.8
1115750 903.0
1115760 903.0
1115770 903.0
1115780 903.1
1115790 902.1
1115800 902.1
1115810 900.5
1115820 899.7
1115830 899.7
1115840 899.7
1115850 897.7
1115860 897.7
1115870 893.7
1115880 892.0
1115890 892.1
1115900 892.1
1115910 892.2
1115920 892.7
1115930 892.7
1115940 893.9
1115950 894.4
1115960 894.4
1115970 894.0
1115980 893.1
1115990 893.1
1116000 891.6
1116010 898.1
1116020 898.1
1116030 897.1
1116040 897.4
1116050 897.4
1116060 897.3
1116070 895.8
1116080 895.8
1116090 893.4
1116100 892.0
1116110 892.0
1116120 891.5
1116130 890.9
1116140 890.9
1116150 889.8
1116160 888.0
1116170 885.9
1116180 885.9
1116190 884.4
1116200 883.3
1116210 883.3
1116220 882.6
1116230 882.3
1116240 882.3
1116250 883.6
1116260 885.6
1116270 885.6
1116280 886.5
1116290 886.6
1116300 886.6
1116310 887.0
1116320 887.6
1116330 887.6
1116340 887.4
1116350 888.1
1116360 895.2
1116370 896.4
1116380 896.7
1116390 896.7
1116400 897.4
1116410 897.3
1116420 897.3
1116430 897.1
1116440 897.0
1116450 896.6
1116460 896.6
1116470 895.8
1116480 894.4
1116490 894.4
1116500 894.9
1116510 896.7
1116520 896.7
1116530 899.2
1116540 901.3
1116550 901.3
1116560 903.2
1116570 904.6
1116580 904.6
1116590 906.9
1116600 909.6
1116610 909.6
1116620 912.3
1116630 915.0
1116640 915.0
1116650 917.2
1116660 918.4
1116670 918.4
1116680 919.5
1116690 920.5
1116700 920.5
1116710 928.7
1116720 930.2
1116730 932.3
1116740 932.3
1116750 935.5
1116760 937.9
1116770 937.9
1116780 940.2
1116790 942.3
1116800 942.3
1116810 943.7
1116820 944.4
1116830 944.4
1116840 946.5
1116850 949.2
1116860 949.2
1116870 951.0
1116880 951.5
1116890 951.5
1116900 951.1
1116910 952.7
1116920 952.7
1116930 955.7
1116940 957.8
1116950 957.8
1116960 958.6
1116970 957.8
1116980 957.8
1116990 956.7
1117000 956.2
1117010 956.9
1117020 956.9
1117030 959.1
1117040 960.8
1117050 968.2
1117060 968.5
1117070 967.6
1117080 967.6
1117090 965.7
1117100 962.2
1117110 962.2
1117120 958.0
1117130 952.2
1117140 952.2
1117150 944.5
1117160 940.2
1117170 940.2
1117180 937.2
1117190 933.7
1117200 933.7
1117210 930.8
1117220 926.8
1117230 926.8
1117240 922.6
1117250 919.0
1117260 919.0
1117270 916.1
1117280 914.7
1117290 914.7
1117300 914.7
1117310 916.1
1117320 916.6
1117330 916.6
1117340 917.3
1117350 919.2
1117360 919.2
1117370 919.8
1117380 919.6
1117390 919.6
1117400 923.9
1117410 926.4
1117420 926.4
1117430 914.2
1117440 894.9
1117450 894.9
1117460 888.8
1117470 886.2
1117480 886.2
1117490 886.1
1117500 885.9
1117510 885.9
1117520 885.4
1117530 885.3
1117540 885.3
1117550 886.6
1117560 899.7
1117570 910.2
1117580 910.2
1117590 919.7
1117600 933.6
1117610 933.6
1117620 946.6
1117630 956.9
1117640 956.9
1117650 970.6
1117660 981.7
1117670 981.7
1117680 987.9
1117690 995.1
1117700 995.1
1117710 1003.4
1117720 1014.6
1117730 1014.6
1117740 1040.2
1117750 1055.3
1117760 1055.3
1117770 1068.5
1117780 1092.1
1117790 1092.1
1117800 1108.3
1117810 1120.8
1117820 1120.8
1117830 1134.2
1117840 1146.3
1117850 1163.9
1117860 1163.9
1117870 1178.2
1117880 1184.8
1117890 1184.8
1117900 1189.8
1117910 1195.5
1117920 1195.5
1117930 1202.3
1117940 1211.9
1117950 1211.9
1117960 1218.3
1117970 1223.8
1117980 1223.8
1117990 1229.1
1118000 1234.0
1118010 1234.0
1118020 1236.3
1118030 1240.6
1118040 1240.6
1118050 1246.3
1118060 1252.7
1118070 1252.7
1118080 1258.9
1118090 1259.6
1118100 1259.6
1118110 1264.1
1118120 1268.5
1118130 1273.1
1118140 1273.1
1118150 1277.4
1118160 1281.4
1118170 1281.4
1118180 1287.1
1118190 1293.4
1118200 1293.4
1118210 1302.8
1118220 1312.0
1118230 1312.0
1118240 1319.0
1118250 1326.2
1118260 1326.2
1118270 1334.1
1118280 1342.6
1118290 1342.6
1118300 1352.6
1118310 1360.1
1118320 1360.1
1118330 1366.0
1118340 1372.7
1118350 1372.7
1118360 1380.6
1118370 1388.5
1118380 1388.5
1118390 1396.2
1118400 1404.8
1118410 1416.8
1118420 1416.8
1118430 1426.1
1118440 1431.8
1118450 1431.8
1118460 1441.4
1118470 1450.4
1118480 1450.4
1118490 1456.0
1118500 1461.5
1118510 1461.5
1118520 1466.9
1118530 1472.4
1118540 1472.4
1118550 1478.0
1118560 1483.3
1118570 1483.3
1118580 1488.7
1118590 1494.6
1118600 1494.6
1118610 1501.5
1118620 1510.2
1118630 1510.2
1118640 1519.6
1118650 1525.8
1118660 1525.8
1118670 1533.3
1118680 1541.1
1118690 1550.1
1118700 1550.1
1118710 1558.8
1118720 1566.4
1118730 1566.4
1118740 1571.9
1118750 1582.2
1118760 1582.2
1118770 1590.4
1118780 1597.2
1118790 1593.5
1118800 1600.0
1118810 1606.5
1118820 1606.5
1118830 1614.9
1118840 1630.0
1118850 1630.0
1118860 1644.6
1118870 1652.3
1118880 1652.3
1118890 1657.4
1118900 1664.8
1118910 1664.8
1118920 1673.1
1118930 1680.1
1118940 1680.1
1118950 1689.0
1118960 1696.7
1118970 1703.3
1118980 1703.3
1118990 1710.3
1119000 1717.7
1119010 1717.7
1119020 1725.4
1119030 1732.6
1119040 1732.6
1119050 1740.9
1119060 1748.6
1119070 1748.6
1119080 1755.2
1119090 1762.0
1119100 1762.0
1119110 1771.2
1119120 1778.0
1119130 1778.0
1119140 1772.8
1119150 1775.2
1119160 1775.2
1119170 1782.3
1119180 1787.0
1119190 1787.0
1119200 1789.1
1119210 1792.7
1119220 1792.7
1119230 1794.8
1119240 1803.0
1119250 1808.0
1119260 1808.0
1119270 1813.8
1119280 1823.3
1119290 1823.3
1119300 1834.3
1119310 1842.5
1119320 1842.5
1119330 1850.5
1119340 1858.3
1119350 1858.3
1119360 1866.4
1119370 1874.3
1119380 1874.3
1119390 1881.4
1119400 1887.6
1119410 1887.6
1119420 1893.2
1119430 1899.8
1119440 1899.8
1119450 1907.1
1119460 1913.5
1119470 1913.5
1119480 1919.3
1119490 1922.2
1119500 1922.2
1119510 1931.5
1119520 1940.9
1119530 1951.4
1119540 1951.4
1119550 1960.9
1119560 1967.1
1119570 1967.1
1119580 1968.0
1119590 1969.8
1119600 1969.8
1119610 1975.1
1119620 1982.0
1119630 1982.0
1119640 1987.0
1119650 1987.4
1119660 1987.4
1119670 1986.1
1119680 1983.9
1119690 1983.9
1119700 1979.9
1119710 1976.5
1119720 1976.5
1119730 1977.9
1119740 1984.9
1119750 1984.9
1119760 1991.2
1119770 1997.3
1119780 1997.3
1119790 2002.6
1119800 2008.0
1119810 2014.2
1119820 2014.2
1119830 2021.2
1119840 2027.6
1119850 2027.6
1119860 2035.1
1119870 2040.5
1119880 2040.5
1119890 2042.9
1119900 2043.7
1119910 2043.7
1119920 2043.9
1119930 2043.2
1119940 2043.2
1119950 2042.7
1119960 2042.4
1119970 2042.4
1119980 2041.9
1119990 2040.6
