1100000 1740.2
1100010 1738.9
1100020 1739.6
1100030 1739.6
1100040 1738.6
1100050 1735.9
1100060 1733.4
1100070 1733.4
1100080 1731.3
1100090 1729.3
1100100 1729.3
1100110 1727.3
1100120 1724.4
1100130 1724.4
1100140 1715.7
1100150 1708.0
1100160 1708.0
1100170 1711.8
1100180 1713.9
1100190 1713.9
1100200 1722.7
1100210 1733.6
1100220 1733.6
1100230 1739.4
1100240 1739.4
1100250 1739.4
1100260 1739.4
1100270 1739.2
1100280 1739.2
1100290 1739.2
1100300 1739.4
1100310 1739.4
1100320 1740.5
1100330 1739.3
1100340 1740.7
1100350 1740.7
1100360 1742.1
1100370 1743.0
1100380 1743.0
1100390 1743.1
1100400 1743.3
1100410 1743.3
1100420 1743.6
1100430 1738.4
1100440 1738.4
1100450 1736.6
1100460 1743.8
1100470 1743.8
1100480 1748.7
1100490 1750.2
1100500 1750.2
1100510 1751.7
1100520 1753.0
1100530 1753.0
1100540 1754.8
1100550 1757.2
1100560 1757.2
1100570 1759.4
1100580 1760.9
1100590 1760.9
1100600 1762.7
1100610 1764.5
1100620 1765.9
1100630 1765.9
1100640 1766.4
1100650 1766.8
1100660 1766.8
1100670 1768.4
1100680 1769.6
1100690 1769.6
1100700 1772.3
1100710 1775.8
1100720 1775.8
1100730 1779.9
1100740 1784.2
1100750 1784.2
1100760 1788.3
1100770 1791.6
1100780 1791.6
1100790 1794.0
1100800 1796.1
1100810 1796.1
1100820 1797.8
1100830 1798.3
1100840 1798.3
1100850 1798.8
1100860 1799.2
1100870 1799.2
1100880 1799.7
1100890 1800.2
1100900 1800.4
1100910 1800.4
1100920 1800.4
1100930 1800.0
1100940 1800.0
1100950 1798.2
1100960 1795.3
1100970 1795.3
1100980 1792.9
1100990 1790.3
1101000 1794.3
1101010 1792.4
1101020 1790.7
1101030 1790.7
1101040 1789.8
1101050 1789.0
1101060 1789.0
1101070 1788.0
1101080 1787.1
1101090 1787.1
1101100 1786.8
1101110 1787.1
1101120 1787.1
1101130 1786.9
1101140 1786.4
1101150 1786.4
1101160 1785.7
1101170 1785.0
1101180 1783.5
1101190 1783.5
1101200 1782.1
1101210 1780.8
1101220 1780.8
1101230 1779.2
1101240 1777.3
1101250 1777.3
1101260 1775.8
1101270 1774.3
1101280 1774.3
1101290 1773.6
1101300 1773.1
1101310 1773.1
1101320 1772.4
1101330 1771.9
1101340 1771.9
1101350 1770.2
1101360 1767.4
1101370 1767.4
1101380 1761.6
1101390 1754.8
1101400 1754.8
1101410 1748.9
1101420 1743.2
1101430 1743.2
1101440 1738.0
1101450 1735.2
1101460 1733.0
1101470 1733.0
1101480 1730.3
1101490 1728.4
1101500 1728.4
1101510 1725.9
1101520 1721.3
1101530 1721.3
1101540 1718.3
1101550 1716.6
1101560 1716.6
1101570 1713.9
1101580 1710.2
1101590 1710.2
1101600 1706.9
1101610 1704.0
1101620 1704.0
1101630 1701.5
1101640 1700.0
1101650 1700.0
1101660 1700.9
1101670 1700.1
1101680 1700.1
1101690 1700.2
1101700 1700.9
1101710 1700.9
1101720 1702.3
1101730 1702.5
1101740 1702.3
1101750 1702.3
1101760 1701.8
1101770 1701.6
1101780 1701.6
1101790 1701.0
1101800 1699.7
1101810 1699.7
1101820 1699.6
1101830 1700.7
1101840 1700.7
1101850 1699.6
1101860 1698.4
1101870 1698.4
1101880 1695.6
1101890 1692.7
1101900 1692.7
1101910 1691.3
1101920 1688.6
1101930 1688.6
1101940 1686.7
1101950 1683.3
1101960 1683.3
1101970 1679.7
1101980 1675.1
1101990 1675.1
1102000 1672.9
1102010 1670.1
1102020 1668.3
1102030 1668.3
1102040 1665.8
1102050 1663.7
1102060 1663.7
1102070 1661.3
1102080 1658.8
1102090 1658.8
1102100 1656.5
1102110 1653.8
1102120 1653.8
1102130 1651.1
1102140 1648.1
1102150 1648.1
1102160 1644.7
1102170 1642.0
1102180 1642.0
1102190 1639.4
1102200 1636.1
1102210 1636.1
1102220 1632.0
1102230 1627.8
1102240 1627.8
1102250 1625.0
1102260 1622.1
1102270 1622.1
1102280 1619.5
1102290 1616.7
1102300 1614.4
1102310 1614.4
1102320 1612.1
1102330 1609.0
1102340 1609.0
1102350 1606.5
1102360 1603.8
1102370 1603.8
1102380 1601.8
1102390 1600.1
1102400 1600.1
1102410 1600.9
1102420 1600.5
1102430 1600.5
1102440 1597.9
1102450 1594.5
1102460 1594.5
1102470 1588.8
1102480 1583.2
1102490 1583.2
1102500 1581.1
1102510 1579.2
1102520 1579.2
1102530 1576.9
1102540 1572.8
1102550 1572.8
1102560 1570.0
1102570 1567.2
1102580 1567.2
1102590 1565.3
1102600 1562.4
1102610 1557.8
1102620 1557.8
1102630 1552.0
1102640 1548.9
1102650 1548.9
1102660 1550.9
1102670 1547.9
1102680 1547.9
1102690 1543.9
1102700 1543.2
1102710 1543.2
1102720 1541.6
1102730 1538.6
1102740 1538.6
1102750 1536.8
1102760 1534.5
1102770 1534.5
1102780 1532.3
1102790 1530.3
1102800 1530.3
1102810 1528.4
1102820 1528.8
1102830 1528.8
1102840 1527.8
1102850 1524.8
1102860 1524.8
1102870 1520.0
1102880 1516.7
1102890 1515.0
1102900 1515.0
1102910 1516.3
1102920 1517.4
1102930 1517.4
1102940 1520.1
1102950 1521.7
1102960 1521.7
1102970 1520.1
1102980 1519.1
1102990 1519.1
1103000 1517.6
1103010 1512.0
1103020 1512.0
1103030 1508.8
1103040 1505.6
1103050 1505.6
1103060 1509.4
1103070 1510.5
1103080 1510.5
1103090 1512.2
1103100 1513.0
1103110 1513.0
1103120 1513.5
1103130 1513.7
1103140 1513.7
1103150 1513.4
1103160 1512.7
1103170 1511.8
1103180 1511.8
1103190 1512.8
1103200 1514.0
1103210 1514.0
1103220 1514.5
1103230 1514.7
1103240 1514.7
1103250 1514.2
1103260 1513.3
1103270 1513.3
1103280 1513.5
1103290 1513.0
1103300 1513.0
1103310 1513.1
1103320 1514.5
1103330 1512.0
1103340 1512.8
1103350 1514.3
1103360 1514.3
1103370 1516.9
1103380 1519.1
1103390 1519.1
1103400 1521.1
1103410 1524.1
1103420 1524.1
1103430 1526.6
1103440 1529.2
1103450 1531.1
1103460 1531.1
1103470 1532.8
1103480 1534.4
1103490 1534.4
1103500 1535.8
1103510 1536.7
1103520 1536.7
1103530 1537.4
1103540 1538.3
1103550 1538.3
1103560 1540.0
1103570 1542.5
1103580 1542.5
1103590 1545.0
1103600 1546.1
1103610 1546.1
1103620 1546.6
1103630 1547.2
1103640 1547.2
1103650 1548.3
1103660 1548.0
1103670 1548.0
1103680 1549.7
1103690 1553.5
1103700 1553.5
1103710 1556.4
1103720 1558.1
1103730 1560.3
1103740 1560.3
1103750 1562.3
1103760 1564.7
1103770 1564.7
1103780 1567.3
1103790 1569.5
1103800 1569.5
1103810 1572.2
1103820 1575.5
1103830 1575.5
1103840 1578.6
1103850 1582.3
1103860 1582.3
1103870 1585.8
1103880 1588.1
1103890 1588.1
1103900 1590.8
1103910 1593.7
1103920 1593.7
1103930 1596.1
1103940 1598.0
1103950 1598.0
1103960 1599.5
1103970 1600.1
1103980 1600.1
1103990 1601.5
1104000 1601.1
1104010 1603.6
1104020 1603.6
1104030 1604.5
1104040 1605.0
1104050 1605.0
1104060 1606.9
1104070 1608.9
1104080 1608.9
1104090 1610.5
1104100 1612.1
1104110 1612.1
1104120 1613.5
1104130 1615.1
1104140 1615.1
1104150 1616.8
1104160 1618.2
1104170 1618.2
1104180 1620.0
1104190 1622.5
1104200 1622.5
1104210 1625.0
1104220 1628.2
1104230 1628.2
1104240 1630.8
1104250 1633.1
1104260 1633.1
1104270 1634.5
1104280 1635.1
1104290 1634.8
1104300 1634.8
1104310 1633.7
1104320 1631.9
1104330 1631.3
1104340 1628.9
1104350 1625.7
1104360 1625.7
1104370 1621.8
1104380 1617.7
1104390 1617.7
1104400 1613.8
1104410 1609.4
1104420 1609.4
1104430 1606.8
1104440 1605.6
1104450 1605.6
1104460 1603.6
1104470 1600.9
1104480 1600.9
1104490 1598.7
1104500 1596.3
1104510 1596.3
1104520 1593.7
1104530 1591.6
1104540 1591.6
1104550 1589.5
1104560 1587.3
1104570 1584.9
1104580 1584.9
1104590 1581.6
1104600 1576.3
1104610 1576.3
1104620 1571.3
1104630 1569.5
1104640 1569.5
1104650 1567.4
1104660 1564.6
1104670 1562.6
1104680 1560.2
1104690 1556.6
1104700 1556.6
1104710 1554.3
1104720 1552.0
1104730 1552.0
1104740 1550.2
1104750 1549.0
1104760 1549.0
1104770 1548.6
1104780 1548.4
1104790 1548.4
1104800 1548.4
1104810 1548.1
1104820 1548.1
1104830 1547.6
1104840 1547.8
1104850 1547.6
1104860 1547.6
1104870 1546.7
1104880 1545.9
1104890 1545.9
1104900 1545.2
1104910 1544.0
1104920 1544.0
1104930 1542.5
1104940 1540.5
1104950 1540.5
1104960 1536.2
1104970 1531.6
1104980 1531.6
1104990 1528.4
1105000 1526.2
1105010 1523.6
1105020 1521.4
1105030 1518.6
1105040 1518.6
1105050 1515.5
1105060 1512.1
1105070 1512.1
1105080 1508.2
1105090 1504.0
1105100 1504.0
1105110 1499.8
1105120 1496.8
1105130 1494.2
1105140 1494.2
1105150 1492.4
1105160 1490.4
1105170 1490.4
1105180 1486.7
1105190 1481.7
1105200 1481.7
1105210 1476.6
1105220 1472.2
1105230 1472.2
1105240 1468.3
1105250 1464.0
1105260 1464.0
1105270 1458.9
1105280 1454.9
1105290 1454.9
1105300 1451.8
1105310 1449.0
1105320 1449.0
1105330 1446.3
1105340 1444.8
1105350 1444.8
1105360 1443.6
1105370 1442.9
1105380 1442.9
1105390 1440.7
1105400 1437.3
1105410 1432.4
1105420 1432.4
1105430 1427.3
1105440 1423.1
1105450 1423.1
1105460 1419.5
1105470 1416.3
1105480 1416.3
1105490 1413.6
1105500 1411.1
1105510 1411.1
1105520 1409.0
1105530 1407.4
1105540 1407.4
1105550 1405.3
1105560 1403.1
1105570 1403.1
1105580 1400.9
1105590 1399.0
1105600 1399.0
1105610 1396.7
1105620 1393.4
1105630 1393.4
1105640 1389.4
1105650 1384.3
1105660 1384.3
1105670 1379.2
1105680 1374.2
1105690 1369.8
1105700 1369.8
1105710 1365.8
1105720 1362.5
1105730 1362.5
1105740 1359.0
1105750 1355.6
1105760 1355.6
1105770 1350.9
1105780 1346.9
1105790 1346.9
1105800 1343.1
1105810 1339.2
1105820 1339.2
1105830 1334.6
1105840 1328.7
1105850 1328.7
1105860 1322.8
1105870 1317.5
1105880 1317.5
1105890 1312.9
1105900 1308.1
1105910 1308.1
1105920 1303.5
1105930 1298.6
1105940 1298.6
1105950 1294.1
1105960 1289.2
1105970 1284.3
1105980 1284.3
1105990 1280.0
1106000 1275.2
1106010 1274.6
1106020 1269.9
1106030 1265.2
1106040 1265.2
1106050 1260.7
1106060 1256.3
1106070 1256.3
1106080 1252.2
1106090 1247.8
1106100 1247.8
1106110 1243.6
1106120 1239.8
1106130 1239.8
1106140 1235.4
1106150 1230.9
1106160 1230.9
1106170 1227.0
1106180 1222.9
1106190 1222.9
1106200 1218.6
1106210 1214.6
1106220 1214.6
1106230 1210.1
1106240 1206.3
1106250 1202.2
1106260 1202.2
1106270 1198.0
1106280 1194.0
1106290 1194.0
1106300 1189.9
1106310 1185.8
1106320 1185.8
1106330 1181.2
1106340 1177.0
1106350 1175.8
1106360 1171.8
1106370 1168.0
1106380 1168.0
1106390 1164.1
1106400 1160.1
1106410 1160.1
1106420 1155.9
1106430 1147.8
1106440 1147.8
1106450 1140.8
1106460 1135.0
1106470 1135.0
1106480 1128.9
1106490 1120.2
1106500 1120.2
1106510 1109.5
1106520 1102.0
1106530 1102.0
1106540 1094.3
1106550 1083.0
1106560 1071.6
1106570 1071.6
1106580 1061.2
1106590 1060.6
1106600 1060.6
1106610 1071.6
1106620 1078.5
1106630 1078.5
1106640 1085.9
1106650 1090.0
1106660 1090.0
1106670 1090.9
1106680 1092.9
1106690 1084.1
1106700 1084.8
1106710 1083.3
1106720 1083.3
1106730 1079.5
1106740 1073.4
1106750 1073.4
1106760 1067.9
1106770 1064.7
1106780 1064.7
1106790 1061.9
1106800 1057.4
1106810 1057.4
1106820 1051.5
1106830 1043.1
1106840 1033.4
1106850 1033.4
1106860 1019.4
1106870 1004.7
1106880 1004.7
1106890 994.8
1106900 990.9
1106910 990.9
1106920 996.4
1106930 1004.2
1106940 1004.2
1106950 1010.3
1106960 1011.2
1106970 1011.2
1106980 1008.2
1106990 1008.0
1107000 1008.0
1107010 1009.7
1107020 1020.7
1107030 1020.7
1107040 1018.3
1107050 1012.4
1107060 1012.4
1107070 1002.9
1107080 1003.8
1107090 1003.8
1107100 1014.9
1107110 1022.4
1107120 1028.7
1107130 1028.7
1107140 1036.6
1107150 1042.2
1107160 1042.2
1107170 1050.3
1107180 1060.1
1107190 1060.1
1107200 1068.7
1107210 1077.8
1107220 1077.8
1107230 1082.2
1107240 1085.7
1107250 1085.7
1107260 1090.2
1107270 1094.6
1107280 1094.6
1107290 1097.5
1107300 1100.3
1107310 1100.3
1107320 1104.2
1107330 1110.5
1107340 1110.5
1107350 1116.3
1107360 1125.3
1107370 1125.3
1107380 1127.0
1107390 1127.8
1107400 1128.5
1107410 1128.5
1107420 1129.1
1107430 1129.8
1107440 1129.8
1107450 1130.7
1107460 1132.3
1107470 1132.3
1107480 1133.6
1107490 1134.7
1107500 1134.7
1107510 1135.0
1107520 1136.5
1107530 1136.5
1107540 1139.1
1107550 1141.5
1107560 1141.5
1107570 1144.3
1107580 1147.5
1107590 1147.5
1107600 1151.1
1107610 1154.3
1107620 1154.3
1107630 1156.8
1107640 1159.4
1107650 1159.4
1107660 1162.6
1107670 1165.3
1107680 1169.1
1107690 1169.1
1107700 1174.1
1107710 1179.0
1107720 1179.0
1107730 1184.4
1107740 1188.5
1107750 1188.5
1107760 1192.5
1107770 1196.0
1107780 1196.0
1107790 1199.1
1107800 1202.9
1107810 1202.9
1107820 1207.1
1107830 1211.0
1107840 1211.0
1107850 1214.9
1107860 1218.3
1107870 1218.3
1107880 1222.0
1107890 1225.9
1107900 1225.9
1107910 1230.6
1107920 1235.1
1107930 1235.1
1107940 1238.9
1107950 1243.2
1107960 1247.7
1107970 1247.7
1107980 1252.5
1107990 1257.3
1108000 1257.3
1108010 1262.0
1108020 1266.6
1108030 1266.6
1108040 1275.5
1108050 1278.9
1108060 1278.9
1108070 1283.5
1108080 1289.4
1108090 1289.4
1108100 1295.3
1108110 1300.7
1108120 1300.7
1108130 1305.1
1108140 1310.0
1108150 1310.0
1108160 1315.1
1108170 1321.1
1108180 1321.1
1108190 1326.5
1108200 1331.8
1108210 1331.8
1108220 1335.7
1108230 1339.0
1108240 1342.9
1108250 1342.9
1108260 1348.5
1108270 1354.2
1108280 1354.2
1108290 1358.7
1108300 1361.2
1108310 1361.2
1108320 1364.8
1108330 1368.5
1108340 1368.5
1108350 1374.0
1108360 1380.5
1108370 1380.5
1108380 1394.2
1108390 1398.3
1108400 1398.3
1108410 1399.5
1108420 1404.8
1108430 1404.8
1108440 1414.0
1108450 1420.4
1108460 1420.4
1108470 1426.9
1108480 1433.7
1108490 1433.7
1108500 1439.4
1108510 1444.5
1108520 1450.0
1108530 1450.0
1108540 1456.1
1108550 1462.4
1108560 1462.4
1108570 1469.0
1108580 1475.9
1108590 1475.9
1108600 1482.6
1108610 1489.2
1108620 1489.2
1108630 1495.6
1108640 1501.2
1108650 1501.2
1108660 1505.4
1108670 1510.4
1108680 1510.4
1108690 1517.2
1108700 1523.0
1108710 1523.0
1108720 1537.0
1108730 1539.6
1108740 1539.6
1108750 1536.1
1108760 1532.5
1108770 1532.5
1108780 1534.3
1108790 1537.6
1108800 1539.7
1108810 1539.7
1108820 1542.7
1108830 1545.8
1108840 1545.8
1108850 1550.7
1108860 1554.9
1108870 1554.9
1108880 1558.8
1108890 1566.4
1108900 1566.4
1108910 1573.7
1108920 1579.0
1108930 1579.0
1108940 1584.9
1108950 1591.5
1108960 1591.5
1108970 1599.9
1108980 1607.7
1108990 1607.7
1109000 1614.6
1109010 1621.1
1109020 1621.1
1109030 1627.6
1109040 1629.8
1109050 1629.8
1109060 1629.8
1109070 1634.6
1109080 1640.2
1109090 1640.2
1109100 1646.0
1109110 1649.4
1109120 1649.4
1109130 1653.0
1109140 1658.5
1109150 1658.5
1109160 1665.4
1109170 1673.4
1109180 1673.4
1109190 1682.0
1109200 1690.8
1109210 1690.8
1109220 1698.3
1109230 1704.6
1109240 1704.6
1109250 1712.5
1109260 1720.1
1109270 1720.1
1109280 1727.0
1109290 1733.1
1109300 1733.1
1109310 1738.0
1109320 1743.6
1109330 1743.6
1109340 1747.7
1109350 1750.9
1109360 1752.4
1109370 1752.4
1109380 1754.9
1109390 1753.1
1109400 1753.1
1109410 1752.4
1109420 1753.8
1109430 1753.8
1109440 1754.6
1109450 1754.1
1109460 1754.1
1109470 1756.0
1109480 1758.8
1109490 1758.8
1109500 1760.7
1109510 1762.0
1109520 1762.0
1109530 1762.8
1109540 1765.0
1109550 1765.0
1109560 1768.8
1109570 1770.8
1109580 1770.8
1109590 1771.1
1109600 1771.0
1109610 1771.0
1109620 1770.1
1109630 1768.7
1109640 1766.9
1109650 1766.9
1109660 1764.8
1109670 1762.9
1109680 1762.9
1109690 1760.8
1109700 1758.6
1109710 1758.6
1109720 1756.8
1109730 1751.7
1109740 1751.7
1109750 1749.6
1109760 1747.6
1109770 1747.6
1109780 1745.9
1109790 1744.1
1109800 1744.1
1109810 1742.0
1109820 1739.7
1109830 1739.7
1109840 1737.4
1109850 1735.0
1109860 1735.0
1109870 1732.3
1109880 1729.6
1109890 1729.6
1109900 1727.0
1109910 1725.0
1109920 1723.8
1109930 1723.8
1109940 1720.6
1109950 1715.4
1109960 1715.4
1109970 1709.7
1109980 1704.4
1109990 1704.4
1110000 1699.2
1110010 1694.9
1110020 1694.9
1110030 1690.5
1110040 1686.5
1110050 1686.5
1110060 1682.3
1110070 1677.2
1110080 1677.2
1110090 1673.6
1110100 1670.0
1110110 1670.0
1110120 1666.2
1110130 1662.3
1110140 1662.3
1110150 1659.5
1110160 1657.0
1110170 1657.0
1110180 1654.7
1110190 1652.2
1110200 1649.9
1110210 1649.9
1110220 1647.3
1110230 1644.8
1110240 1644.8
1110250 1641.6
1110260 1639.1
1110270 1639.1
1110280 1636.4
1110290 1634.1
1110300 1634.1
1110310 1632.2
1110320 1629.7
1110330 1629.7
1110340 1627.4
1110350 1624.5
1110360 1624.5
1110370 1621.4
1110380 1618.3
1110390 1618.3
1110400 1615.0
1110410 1611.4
1110420 1610.5
1110430 1607.0
1110440 1604.1
1110450 1604.1
1110460 1601.0
1110470 1598.2
1110480 1595.2
1110490 1595.2
1110500 1592.5
1110510 1590.1
1110520 1590.1
1110530 1588.4
1110540 1586.6
1110550 1586.6
1110560 1584.3
1110570 1581.8
1110580 1581.8
1110590 1579.9
1110600 1577.6
1110610 1577.6
1110620 1575.4
1110630 1573.2
1110640 1573.2
1110650 1570.5
1110660 1567.5
1110670 1567.5
1110680 1564.5
1110690 1561.6
1110700 1561.6
1110710 1558.7
1110720 1555.5
1110730 1555.5
1110740 1551.6
1110750 1548.6
1110760 1542.5
1110770 1542.5
1110780 1538.1
1110790 1533.1
1110800 1533.1
1110810 1529.7
1110820 1524.9
1110830 1524.9
1110840 1520.0
1110850 1514.9
1110860 1514.9
1110870 1511.0
1110880 1507.7
1110890 1507.7
1110900 1503.2
1110910 1499.4
1110920 1499.4
1110930 1495.7
1110940 1490.8
1110950 1490.8
1110960 1487.6
1110970 1485.1
1110980 1485.1
1110990 1483.8
1111000 1482.5
1111010 1482.5
1111020 1480.0
1111030 1476.7
1111040 1474.2
1111050 1474.2
1111060 1471.8
1111070 1466.5
1111080 1466.5
1111090 1460.3
1111100 1442.5
1111110 1442.5
1111120 1436.9
1111130 1430.3
1111140 1430.3
1111150 1428.0
1111160 1428.8
1111170 1428.8
1111180 1427.3
1111190 1422.2
1111200 1422.2
1111210 1414.8
1111220 1408.4
1111230 1408.4
1111240 1405.4
1111250 1402.0
1111260 1402.0
1111270 1398.3
1111280 1395.5
1111290 1395.5
1111300 1392.9
1111310 1389.7
1111320 1385.6
1111330 1385.6
1111340 1381.7
1111350 1377.2
1111360 1377.2
1111370 1373.2
1111380 1370.6
1111390 1370.6
1111400 1367.0
1111410 1363.2
1111420 1363.2
1111430 1359.6
1111440 1353.0
1111450 1353.0
1111460 1351.2
1111470 1349.4
1111480 1349.4
1111490 1346.8
1111500 1344.1
1111510 1344.1
1111520 1340.5
1111530 1338.6
1111540 1338.6
1111550 1337.2
1111560 1332.2
1111570 1332.2
1111580 1330.4
1111590 1326.0
1111600 1323.1
1111610 1323.1
1111620 1322.7
1111630 1318.2
1111640 1318.2
1111650 1315.3
1111660 1311.8
1111670 1311.8
1111680 1305.8
1111690 1300.2
1111700 1300.2
1111710 1295.8
1111720 1297.4
1111730 1297.4
1111740 1298.1
1111750 1297.8
1111760 1297.8
1111770 1296.9
1111780 1291.7
1111790 1291.7
1111800 1290.5
1111810 1287.4
1111820 1287.4
1111830 1282.3
1111840 1276.7
1111850 1276.7
1111860 1271.3
1111870 1265.4
1111880 1265.4
1111890 1259.3
1111900 1253.5
1111910 1248.7
1111920 1248.7
1111930 1243.5
1111940 1236.9
1111950 1236.9
1111960 1230.6
1111970 1226.7
1111980 1226.7
1111990 1222.8
1112000 1219.1
1112010 1219.1
1112020 1214.2
1112030 1211.1
1112040 1211.1
1112050 1211.8
1112060 1214.3
1112070 1214.3
1112080 1214.4
1112090 1210.0
1112100 1210.0
1112110 1200.5
1112120 1193.6
1112130 1193.6
1112140 1186.4
1112150 1180.4
1112160 1180.4
1112170 1172.6
1112180 1164.6
1112190 1156.6
1112200 1156.6
1112210 1149.2
1112220 1142.2
1112230 1142.2
1112240 1134.5
1112250 1126.3
1112260 1126.3
1112270 1114.8
1112280 1104.6
1112290 1104.6
1112300 1093.5
1112310 1083.7
1112320 1083.7
1112330 1083.4
1112340 1085.0
1112350 1085.0
1112360 1088.3
1112370 1092.4
1112380 1092.4
1112390 1098.4
1112400 1104.9
1112410 1104.9
1112420 1112.9
1112430 1118.3
1112440 1118.3
1112450 1122.5
1112460 1130.7
1112470 1132.7
1112480 1132.7
1112490 1134.0
1112500 1137.4
1112510 1137.4
1112520 1142.2
1112530 1146.7
1112540 1146.7
1112550 1150.2
1112560 1153.9
1112570 1153.9
1112580 1156.9
1112590 1159.7
1112600 1159.7
1112610 1162.5
1112620 1165.1
1112630 1165.1
1112640 1167.1
1112650 1169.3
1112660 1169.3
1112670 1171.5
1112680 1174.7
1112690 1174.7
1112700 1177.8
1112710 1180.7
1112720 1180.7
1112730 1185.3
1112740 1190.7
1112750 1197.0
1112760 1197.0
1112770 1203.4
1112780 1209.5
1112790 1209.5
1112800 1215.8
1112810 1226.7
1112820 1226.7
1112830 1231.2
1112840 1235.3
1112850 1235.3
1112860 1240.2
1112870 1243.2
1112880 1243.2
1112890 1243.7
1112900 1242.2
1112910 1242.2
1112920 1237.1
1112930 1232.2
1112940 1232.2
1112950 1228.0
1112960 1228.3
1112970 1228.3
1112980 1230.1
1112990 1230.2
1113000 1230.2
1113010 1229.6
1113020 1230.7
1113030 1233.3
1113040 1233.3
1113050 1237.2
1113060 1239.9
1113070 1239.9
1113080 1242.8
1113090 1244.8
1113100 1244.8
1113110 1243.4
1113120 1241.4
1113130 1241.4
1113140 1243.4
1113150 1252.6
1113160 1252.6
1113170 1259.0
1113180 1264.0
1113190 1264.0
1113200 1269.6
1113210 1275.8
1113220 1275.8
1113230 1282.3
1113240 1288.7
1113250 1288.7
1113260 1295.1
1113270 1302.5
1113280 1302.5
1113290 1307.2
1113300 1311.3
1113310 1317.5
1113320 1317.5
1113330 1323.0
1113340 1324.7
1113350 1324.7
1113360 1329.5
1113370 1337.1
1113380 1337.1
1113390 1342.3
1113400 1347.0
1113410 1347.0
1113420 1351.2
1113430 1354.8
1113440 1354.8
1113450 1357.8
1113460 1360.7
1113470 1360.7
1113480 1364.4
1113490 1370.7
1113500 1370.7
1113510 1370.4
1113520 1371.4
1113530 1371.4
1113540 1372.0
1113550 1371.0
1113560 1371.0
1113570 1367.7
1113580 1368.2
1113590 1366.8
1113600 1366.8
1113610 1364.3
1113620 1362.9
1113630 1362.9
1113640 1362.3
1113650 1361.4
1113660 1361.4
1113670 1360.7
1113680 1360.1
1113690 1360.1
1113700 1357.9
1113710 1355.7
1113720 1355.7
1113730 1353.6
1113740 1352.5
1113750 1352.5
1113760 1349.3
1113770 1346.1
1113780 1346.1
1113790 1342.4
1113800 1337.9
1113810 1337.9
1113820 1333.4
1113830 1330.6
1113840 1337.9
1113850 1333.9
1113860 1329.0
1113870 1320.1
1113880 1320.1
1113890 1308.4
1113900 1297.5
1113910 1297.5
1113920 1287.9
1113930 1280.0
1113940 1280.0
1113950 1274.8
1113960 1269.0
1113970 1269.0
1113980 1266.3
1113990 1262.3
1114000 1262.3
1114010 1258.3
1114020 1252.1
1114030 1252.1
1114040 1243.1
1114050 1235.0
1114060 1235.0
1114070 1235.3
1114080 1234.9
1114090 1234.9
1114100 1234.3
1114110 1238.4
1114120 1238.4
1114130 1239.1
1114140 1234.6
1114150 1230.2
1114160 1230.2
1114170 1225.3
1114180 1217.4
1114190 1217.4
1114200 1207.8
1114210 1199.5
1114220 1199.5
1114230 1189.0
1114240 1178.2
1114250 1178.2
1114260 1171.1
1114270 1170.1
1114280 1170.1
1114290 1168.5
1114300 1168.5
1114310 1168.5
1114320 1169.1
1114330 1168.9
1114340 1168.9
1114350 1168.0
1114360 1170.0
1114370 1170.0
1114380 1172.4
1114390 1173.9
1114400 1173.9
1114410 1172.1
1114420 1171.0
1114430 1172.9
1114440 1172.9
1114450 1175.5
1114460 1175.2
1114470 1175.2
1114480 1173.3
1114490 1171.3
1114500 1171.3
1114510 1169.4
1114520 1179.7
1114530 1179.7
1114540 1176.4
1114550 1175.9
1114560 1175.9
1114570 1175.0
1114580 1172.8
1114590 1172.8
1114600 1172.4
1114610 1172.3
1114620 1172.3
1114630 1170.4
1114640 1168.4
1114650 1168.4
1114660 1165.6
1114670 1163.0
1114680 1163.0
1114690 1159.7
1114700 1157.1
1114710 1155.7
1114720 1155.7
1114730 1153.1
1114740 1148.9
1114750 1148.9
1114760 1143.7
1114770 1135.9
1114780 1135.9
1114790 1129.3
1114800 1126.3
1114810 1126.3
1114820 1123.2
1114830 1118.5
1114840 1118.5
1114850 1113.5
1114860 1105.8
1114870 1110.1
1114880 1102.7
1114890 1095.1
1114900 1095.1
1114910 1085.8
1114920 1076.2
1114930 1076.2
1114940 1069.8
1114950 1063.7
1114960 1063.7
1114970 1059.4
1114980 1054.6
1114990 1050.6
1115000 1050.6
1115010 1053.6
1115020 1063.0
1115030 1063.0
1115040 1061.6
1115050 1057.3
1115060 1057.3
1115070 1052.8
1115080 1049.6
1115090 1049.6
1115100 1046.0
1115110 1041.5
1115120 1041.5
1115130 1042.9
1115140 1043.2
1115150 1043.2
1115160 1042.1
1115170 1040.1
1115180 1040.1
1115190 1037.8
1115200 1036.9
1115210 1044.4
1115220 1042.9
1115230 1040.9
1115240 1040.9
1115250 1037.7
1115260 1033.8
1115270 1030.1
1115280 1030.1
1115290 1025.7
1115300 1024.0
1115310 1024.0
1115320 1023.7
1115330 1026.8
1115340 1026.8
1115350 1027.8
1115360 1027.3
1115370 1027.3
1115380 1029.6
1115390 1029.5
1115400 1029.5
1115410 1028.7
1115420 1027.4
1115430 1027.4
1115440 1024.0
1115450 1019.3
1115460 1019.3
1115470 1017.8
1115480 1019.1
1115490 1019.1
1115500 1022.0
1115510 1022.9
1115520 1022.9
1115530 1020.8
1115540 1016.0
1115550 1011.9
1115560 1024.7
1115570 1021.8
1115580 1022.1
1115590 1022.1
1115600 1029.7
1115610 1036.6
1115620 1036.6
1115630 1040.3
1115640 1043.5
1115650 1043.5
1115660 1046.8
1115670 1048.4
1115680 1048.4
1115690 1047.4
1115700 1046.3
1115710 1046.3
1115720 1045.6
1115730 1046.3
1115740 1046.3
1115750 1045.9
1115760 1045.5
1115770 1045.5
1115780 1044.9
1115790 1043.3
1115800 1043.3
1115810 1038.7
1115820 1040.8
1115830 1046.5
1115840 1046.5
1115850 1054.8
1115860 1061.1
1115870 1061.1
1115880 1064.1
1115890 1065.4
1115900 1073.8
1115910 1074.9
1115920 1076.4
1115930 1076.4
1115940 1079.8
1115950 1081.6
1115960 1081.6
1115970 1081.7
1115980 1074.5
1115990 1074.5
1116000 1068.3
1116010 1069.2
1116020 1069.2
1116030 1072.7
1116040 1079.1
1116050 1079.1
1116060 1083.1
1116070 1083.2
1116080 1083.2
1116090 1084.2
1116100 1087.6
1116110 1094.3
1116120 1094.3
1116130 1097.1
1116140 1094.2
1116150 1094.2
1116160 1094.8
1116170 1096.6
1116180 1096.6
1116190 1093.0
1116200 1085.4
1116210 1085.4
1116220 1080.2
1116230 1081.4
1116240 1081.4
1116250 1102.0
1116260 1103.6
1116270 1103.6
1116280 1109.1
1116290 1116.0
1116300 1116.0
1116310 1118.6
1116320 1104.2
1116330 1104.2
1116340 1085.6
1116350 1085.1
1116360 1085.1
1116370 1105.3
1116380 1119.8
1116390 1126.2
1116400 1126.2
1116410 1125.4
1116420 1123.6
1116430 1123.6
1116440 1120.8
1116450 1117.0
1116460 1117.0
1116470 1114.4
1116480 1112.9
1116490 1112.9
1116500 1111.4
1116510 1108.3
1116520 1108.3
1116530 1105.4
1116540 1102.7
1116550 1102.7
1116560 1099.7
1116570 1097.0
1116580 1097.0
1116590 1095.4
1116600 1096.0
1116610 1096.0
1116620 1096.2
1116630 1096.2
1116640 1096.2
1116650 1096.3
1116660 1097.5
1116670 1100.4
1116680 1100.4
1116690 1103.0
1116700 1105.6
1116710 1105.6
1116720 1108.1
1116730 1110.0
1116740 1110.0
1116750 1111.3
1116760 1113.0
1116770 1113.0
1116780 1115.1
1116790 1116.7
1116800 1116.7
1116810 1117.0
1116820 1116.6
1116830 1116.6
1116840 1116.2
1116850 1115.9
1116860 1115.9
1116870 1115.9
1116880 1116.0
1116890 1116.0
1116900 1116.6
1116910 1116.7
1116920 1116.7
1116930 1117.2
1116940 1115.9
1116950 1115.8
1116960 1115.8
1116970 1115.4
1116980 1114.8
1116990 1114.8
1117000 1113.5
1117010 1111.1
1117020 1111.1
1117030 1109.1
1117040 1107.3
1117050 1107.3
1117060 1104.7
1117070 1101.1
1117080 1101.1
1117090 1096.1
1117100 1092.5
1117110 1092.5
1117120 1089.1
1117130 1086.3
1117140 1086.3
1117150 1083.9
1117160 1082.1
1117170 1082.1
1117180 1079.4
1117190 1075.6
1117200 1075.6
1117210 1071.4
1117220 1068.5
1117230 1064.4
1117240 1064.4
1117250 1055.7
1117260 1044.0
1117270 1044.0
1117280 1034.0
1117290 1024.9
1117300 1024.9
1117310 1010.3
1117320 987.4
1117330 987.4
1117340 975.5
1117350 968.5
1117360 968.5
1117370 948.6
1117380 934.9
1117390 934.9
1117400 925.2
1117410 912.3
1117420 912.3
1117430 892.9
1117440 889.9
1117450 889.9
1117460 892.3
1117470 897.1
1117480 897.1
1117490 908.9
1117500 919.6
1117510 931.9
1117520 931.9
1117530 942.4
1117540 951.4
1117550 951.4
1117560 960.4
1117570 968.8
1117580 968.8
1117590 976.5
1117600 984.0
1117610 984.0
1117620 993.1
1117630 1011.9
1117640 1016.4
1117650 1031.6
1117660 1050.1
1117670 1050.1
1117680 1062.0
1117690 1073.1
1117700 1073.1
1117710 1080.8
1117720 1088.1
1117730 1088.1
1117740 1095.2
1117750 1099.9
1117760 1099.9
1117770 1103.6
1117780 1107.5
1117790 1110.7
1117800 1110.7
1117810 1112.8
1117820 1113.6
1117830 1113.6
1117840 1114.7
1117850 1117.7
1117860 1117.7
1117870 1119.8
1117880 1124.0
1117890 1124.0
1117900 1128.1
1117910 1131.2
1117920 1131.2
1117930 1134.6
1117940 1138.9
1117950 1138.9
1117960 1142.8
1117970 1146.7
1117980 1142.7
1117990 1145.5
1118000 1149.2
1118010 1149.2
1118020 1153.3
1118030 1156.4
1118040 1156.4
1118050 1156.3
1118060 1156.3
1118070 1157.4
1118080 1157.4
1118090 1159.1
1118100 1162.3
1118110 1162.3
1118120 1166.3
1118130 1170.7
1118140 1170.7
1118150 1175.3
1118160 1180.1
1118170 1180.1
1118180 1185.6
1118190 1192.3
1118200 1192.3
1118210 1200.1
1118220 1208.8
1118230 1208.8
1118240 1215.9
1118250 1222.9
1118260 1222.9
1118270 1230.1
1118280 1238.0
1118290 1238.0
1118300 1246.5
1118310 1255.2
1118320 1255.2
1118330 1259.1
1118340 1263.9
1118350 1269.0
1118360 1269.0
1118370 1275.8
1118380 1283.4
1118390 1283.4
1118400 1289.5
1118410 1295.6
1118420 1295.6
1118430 1302.3
1118440 1308.9
1118450 1308.9
1118460 1315.8
1118470 1323.5
1118480 1323.5
1118490 1331.1
1118500 1337.6
1118510 1337.6
1118520 1343.8
1118530 1352.0
1118540 1352.0
1118550 1357.0
1118560 1360.7
1118570 1360.7
1118580 1368.6
1118590 1378.1
1118600 1378.1
1118610 1386.0
1118620 1394.7
1118630 1404.3
1118640 1404.3
1118650 1414.0
1118660 1422.7
1118670 1422.7
1118680 1427.9
1118690 1441.6
1118700 1441.6
1118710 1456.0
1118720 1467.6
1118730 1467.6
1118740 1475.4
1118750 1481.6
1118760 1481.6
1118770 1488.5
1118780 1493.8
1118790 1493.8
1118800 1499.9
1118810 1507.5
1118820 1507.5
1118830 1516.6
1118840 1524.5
1118850 1524.5
1118860 1530.8
1118870 1535.8
1118880 1535.8
1118890 1539.7
1118900 1539.7
1118910 1539.7
1118920 1543.8
1118930 1548.1
1118940 1552.5
1118950 1552.5
1118960 1557.1
1118970 1563.7
1118980 1563.7
1118990 1572.3
1119000 1580.0
1119010 1580.0
1119020 1582.2
1119030 1587.3
1119040 1587.3
1119050 1594.8
1119060 1603.6
1119070 1603.6
1119080 1612.1
1119090 1620.5
1119100 1620.5
1119110 1633.7
1119120 1642.7
1119130 1642.7
1119140 1652.9
1119150 1661.4
1119160 1661.4
1119170 1669.3
1119180 1677.0
1119190 1677.0
1119200 1684.1
1119210 1690.9
1119220 1697.5
1119230 1697.5
1119240 1703.3
1119250 1706.9
1119260 1706.9
1119270 1708.6
1119280 1711.7
1119290 1711.7
1119300 1715.7
1119310 1720.9
1119320 1720.9
1119330 1725.1
1119340 1730.0
1119350 1730.0
1119360 1736.1
1119370 1738.7
1119380 1738.7
1119390 1747.4
1119400 1755.3
1119410 1755.3
1119420 1762.8
1119430 1769.3
1119440 1769.3
1119450 1776.0
1119460 1781.9
1119470 1781.9
1119480 1786.7
1119490 1791.4
1119500 1794.8
1119510 1794.8
1119520 1795.6
1119530 1795.1
1119540 1795.1
1119550 1797.5
1119560 1798.1
1119570 1798.1
1119580 1797.1
1119590 1801.9
1119600 1801.9
1119610 1810.1
1119620 1816.9
1119630 1816.9
1119640 1824.0
1119650 1830.8
1119660 1830.8
1119670 1836.4
1119680 1841.2
1119690 1841.2
1119700 1847.2
1119710 1853.5
1119720 1846.6
1119730 1851.6
1119740 1856.5
1119750 1856.5
1119760 1860.8
1119770 1862.8
1119780 1863.3
1119790 1863.3
1119800 1864.8
1119810 1866.1
1119820 1866.1
1119830 1866.7
1119840 1868.1
1119850 1868.1
1119860 1868.4
1119870 1866.9
1119880 1866.9
1119890 1866.1
1119900 1863.8
1119910 1863.8
1119920 1864.3
1119930 1864.5
1119940 1864.5
1119950 1864.2
1119960 1865.7
1119970 1865.7
1119980 1866.1
1119990 1864.9
