1100000 1427.8
1100010 1428.8
1100020 1430.4
1100030 1430.4
1100040 1433.3
1100050 1435.8
1100060 1435.8
1100070 1437.9
1100080 1440.7
1100090 1440.7
1100100 1443.1
1100110 1445.6
1100120 1445.6
1100130 1447.5
1100140 1451.5
1100150 1451.5
1100160 1452.5
1100170 1454.0
1100180 1454.0
1100190 1456.1
1100200 1459.6
1100210 1459.6
1100220 1463.0
1100230 1465.9
1100240 1465.9
1100250 1468.6
1100260 1471.6
1100270 1474.0
1100280 1474.0
1100290 1476.2
1100300 1478.2
1100310 1478.2
1100320 1480.3
1100330 1482.6
1100340 1482.6
1100350 1484.1
1100360 1485.7
1100370 1485.7
1100380 1487.3
1100390 1488.5
1100400 1488.5
1100410 1489.3
1100420 1490.5
1100430 1490.5
1100440 1492.0
1100450 1493.8
1100460 1493.8
1100470 1499.9
1100480 1502.0
1100490 1502.0
1100500 1502.4
1100510 1502.5
1100520 1502.5
1100530 1503.2
1100540 1504.0
1100550 1504.6
1100560 1504.6
1100570 1504.2
1100580 1504.5
1100590 1504.5
1100600 1506.7
1100610 1508.4
1100620 1508.4
1100630 1511.0
1100640 1516.0
1100650 1516.0
1100660 1521.9
1100670 1530.0
1100680 1530.0
1100690 1534.9
1100700 1540.4
1100710 1540.4
1100720 1544.9
1100730 1549.3
1100740 1549.3
1100750 1553.4
1100760 1556.7
1100770 1556.7
1100780 1559.6
1100790 1563.1
1100800 1563.1
1100810 1565.5
1100820 1568.3
1100830 1571.3
1100840 1571.3
1100850 1574.1
1100860 1576.5
1100870 1576.5
1100880 1578.7
1100890 1578.4
1100900 1578.4
1100910 1577.9
1100920 1578.9
1100930 1578.9
1100940 1583.5
1100950 1584.7
1100960 1584.7
1100970 1585.7
1100980 1587.4
1100990 1587.4
1101000 1586.3
1101010 1582.7
1101020 1582.7
1101030 1582.3
1101040 1586.9
1101050 1586.9
1101060 1588.0
1101070 1587.5
1101080 1587.5
1101090 1587.5
1101100 1587.2
1101110 1587.2
1101120 1587.5
1101130 1589.8
1101140 1584.1
1101150 1584.1
1101160 1577.0
1101170 1573.0
1101180 1573.0
1101190 1569.4
1101200 1565.8
1101210 1565.8
1101220 1562.6
1101230 1560.6
1101240 1560.6
1101250 1559.7
1101260 1559.6
1101270 1559.6
1101280 1558.4
1101290 1557.8
1101300 1557.8
1101310 1557.8
1101320 1556.8
1101330 1556.8
1101340 1555.3
1101350 1553.1
1101360 1553.1
1101370 1551.1
1101380 1548.5
1101390 1548.5
1101400 1545.1
1101410 1541.9
1101420 1538.8
1101430 1538.8
1101440 1535.9
1101450 1531.9
1101460 1531.9
1101470 1527.2
1101480 1520.7
1101490 1520.7
1101500 1513.0
1101510 1508.3
1101520 1508.3
1101530 1502.2
1101540 1496.0
1101550 1496.0
1101560 1493.1
1101570 1491.6
1101580 1491.6
1101590 1489.2
1101600 1485.4
1101610 1485.4
1101620 1483.8
1101630 1481.4
1101640 1481.4
1101650 1477.2
1101660 1473.5
1101670 1473.5
1101680 1468.1
1101690 1465.6
1101700 1464.4
1101710 1464.4
1101720 1463.1
1101730 1462.2
1101740 1462.2
1101750 1460.6
1101760 1459.1
1101770 1459.1
1101780 1456.8
1101790 1454.2
1101800 1454.9
1101810 1451.8
1101820 1450.1
1101830 1450.1
1101840 1450.7
1101850 1451.0
1101860 1451.0
1101870 1450.9
1101880 1451.2
1101890 1451.2
1101900 1452.2
1101910 1453.6
1101920 1453.6
1101930 1454.9
1101940 1455.0
1101950 1455.0
1101960 1455.4
1101970 1455.9
1101980 1455.9
1101990 1456.4
1102000 1456.9
1102010 1457.3
1102020 1457.3
1102030 1457.7
1102040 1458.0
1102050 1458.0
1102060 1458.5
1102070 1458.9
1102080 1458.9
1102090 1459.2
1102100 1459.6
1102110 1459.6
1102120 1459.7
1102130 1461.1
1102140 1461.1
1102150 1461.2
1102160 1461.3
1102170 1461.3
1102180 1461.9
1102190 1462.4
1102200 1462.4
1102210 1462.8
1102220 1463.3
1102230 1463.3
1102240 1463.6
1102250 1463.7
1102260 1463.7
1102270 1464.2
1102280 1465.5
1102290 1466.7
1102300 1466.7
1102310 1467.9
1102320 1469.0
1102330 1469.0
1102340 1470.1
1102350 1470.6
1102360 1470.6
1102370 1472.3
1102380 1473.9
1102390 1473.9
1102400 1475.7
1102410 1477.7
1102420 1477.7
1102430 1479.7
1102440 1482.0
1102450 1482.0
1102460 1484.4
1102470 1487.6
1102480 1487.6
1102490 1489.4
1102500 1491.4
1102510 1491.4
1102520 1493.9
1102530 1494.8
1102540 1494.8
1102550 1495.9
1102560 1499.9
1102570 1503.4
1102580 1503.4
1102590 1505.9
1102600 1508.6
1102610 1508.6
1102620 1511.5
1102630 1515.4
1102640 1515.4
1102650 1520.7
1102660 1525.0
1102670 1525.0
1102680 1527.9
1102690 1530.7
1102700 1530.7
1102710 1533.2
1102720 1535.6
1102730 1535.6
1102740 1538.0
1102750 1540.9
1102760 1540.9
1102770 1544.1
1102780 1546.7
1102790 1546.7
1102800 1548.8
1102810 1550.3
1102820 1550.3
1102830 1552.5
1102840 1555.1
1102850 1555.1
1102860 1558.0
1102870 1560.3
1102880 1562.3
1102890 1562.3
1102900 1564.0
1102910 1566.1
1102920 1566.1
1102930 1567.4
1102940 1568.0
1102950 1568.0
1102960 1569.3
1102970 1571.3
1102980 1571.3
1102990 1572.7
1103000 1574.3
1103010 1574.3
1103020 1576.1
1103030 1578.1
1103040 1578.1
1103050 1580.6
1103060 1582.2
1103070 1582.2
1103080 1583.4
1103090 1584.1
1103100 1584.1
1103110 1587.2
1103120 1590.2
1103130 1590.2
1103140 1593.0
1103150 1596.7
1103160 1599.9
1103170 1599.9
1103180 1602.2
1103190 1604.2
1103200 1604.2
1103210 1606.5
1103220 1609.1
1103230 1609.1
1103240 1610.8
1103250 1613.2
1103260 1613.2
1103270 1616.1
1103280 1618.7
1103290 1618.7
1103300 1620.5
1103310 1622.9
1103320 1622.9
1103330 1626.1
1103340 1628.0
1103350 1628.0
1103360 1629.0
1103370 1627.5
1103380 1627.5
1103390 1627.8
1103400 1631.8
1103410 1631.8
1103420 1635.6
1103430 1639.2
1103440 1642.2
1103450 1642.2
1103460 1643.5
1103470 1648.9
1103480 1648.9
1103490 1647.7
1103500 1648.0
1103510 1648.0
1103520 1653.5
1103530 1657.9
1103540 1657.9
1103550 1659.9
1103560 1660.7
1103570 1660.7
1103580 1661.8
1103590 1663.0
1103600 1663.0
1103610 1663.6
1103620 1665.6
1103630 1665.6
1103640 1667.1
1103650 1668.3
1103660 1668.3
1103670 1668.0
1103680 1667.2
1103690 1667.2
1103700 1665.7
1103710 1663.6
1103720 1663.6
1103730 1662.5
1103740 1664.9
1103750 1667.1
1103760 1667.1
1103770 1668.3
1103780 1669.0
1103790 1669.0
1103800 1672.1
1103810 1672.2
1103820 1672.2
1103830 1671.8
1103840 1670.8
1103850 1670.8
1103860 1669.4
1103870 1667.8
1103880 1667.8
1103890 1665.9
1103900 1663.1
1103910 1663.1
1103920 1658.5
1103930 1654.6
1103940 1654.6
1103950 1651.1
1103960 1648.2
1103970 1648.2
1103980 1643.9
1103990 1640.1
1104000 1640.1
1104010 1637.5
1104020 1633.6
1104030 1632.1
1104040 1632.1
1104050 1631.4
1104060 1628.9
1104070 1628.9
1104080 1626.1
1104090 1622.5
1104100 1622.5
1104110 1619.0
1104120 1617.5
1104130 1617.5
1104140 1613.1
1104150 1611.2
1104160 1611.2
1104170 1609.8
1104180 1608.2
1104190 1608.2
1104200 1605.5
1104210 1603.4
1104220 1603.4
1104230 1602.0
1104240 1600.7
1104250 1600.7
1104260 1599.1
1104270 1597.9
1104280 1597.9
1104290 1596.1
1104300 1594.1
1104310 1593.3
1104320 1593.3
1104330 1592.4
1104340 1591.9
1104350 1591.9
1104360 1591.8
1104370 1590.6
1104380 1590.6
1104390 1589.8
1104400 1589.3
1104410 1589.3
1104420 1588.9
1104430 1588.4
1104440 1588.4
1104450 1587.5
1104460 1586.9
1104470 1586.1
1104480 1585.8
1104490 1584.6
1104500 1584.6
1104510 1584.1
1104520 1583.8
1104530 1583.8
1104540 1583.2
1104550 1582.5
1104560 1582.5
1104570 1581.9
1104580 1582.2
1104590 1582.2
1104600 1581.5
1104610 1580.8
1104620 1580.6
1104630 1580.6
1104640 1579.9
1104650 1578.6
1104660 1578.6
1104670 1577.2
1104680 1576.3
1104690 1576.3
1104700 1575.5
1104710 1575.1
1104720 1575.1
1104730 1574.7
1104740 1573.1
1104750 1573.1
1104760 1570.4
1104770 1567.7
1104780 1567.7
1104790 1567.1
1104800 1567.5
1104810 1565.7
1104820 1564.8
1104830 1564.4
1104840 1564.4
1104850 1563.4
1104860 1562.8
1104870 1562.8
1104880 1561.9
1104890 1560.9
1104900 1560.5
1104910 1560.5
1104920 1562.4
1104930 1564.2
1104940 1564.2
1104950 1565.0
1104960 1564.5
1104970 1564.5
1104980 1563.2
1104990 1561.4
1105000 1561.4
1105010 1559.9
1105020 1559.2
1105030 1559.2
1105040 1558.8
1105050 1558.2
1105060 1558.2
1105070 1557.7
1105080 1556.9
1105090 1556.9
1105100 1556.2
1105110 1555.2
1105120 1555.2
1105130 1553.5
1105140 1548.0
1105150 1548.0
1105160 1546.3
1105170 1544.3
1105180 1542.9
1105190 1542.9
1105200 1541.4
1105210 1539.6
1105220 1539.6
1105230 1538.4
1105240 1537.9
1105250 1537.9
1105260 1538.0
1105270 1537.2
1105280 1537.2
1105290 1535.8
1105300 1533.2
1105310 1533.2
1105320 1530.7
1105330 1526.8
1105340 1526.8
1105350 1521.9
1105360 1513.9
1105370 1513.9
1105380 1503.8
1105390 1496.9
1105400 1496.9
1105410 1491.1
1105420 1488.4
1105430 1488.4
1105440 1486.6
1105450 1483.8
1105460 1483.8
1105470 1480.2
1105480 1481.1
1105490 1480.7
1105500 1480.7
1105510 1480.2
1105520 1480.1
1105530 1480.1
1105540 1479.5
1105550 1478.8
1105560 1478.8
1105570 1477.5
1105580 1476.7
1105590 1476.7
1105600 1476.4
1105610 1476.1
1105620 1476.1
1105630 1475.5
1105640 1474.5
1105650 1474.5
1105660 1473.0
1105670 1471.2
1105680 1471.2
1105690 1470.3
1105700 1469.3
1105710 1469.3
1105720 1467.5
1105730 1465.0
1105740 1465.0
1105750 1462.4
1105760 1460.2
1105770 1458.1
1105780 1458.1
1105790 1456.1
1105800 1453.6
1105810 1453.6
1105820 1453.2
1105830 1452.0
1105840 1452.0
1105850 1451.7
1105860 1451.1
1105870 1451.1
1105880 1449.7
1105890 1447.6
1105900 1447.6
1105910 1444.9
1105920 1440.9
1105930 1440.9
1105940 1437.0
1105950 1434.5
1105960 1434.5
1105970 1433.0
1105980 1431.3
1105990 1431.3
1106000 1430.0
1106010 1428.5
1106020 1428.5
1106030 1426.9
1106040 1424.6
1106050 1422.4
1106060 1422.4
1106070 1419.9
1106080 1417.9
1106090 1417.9
1106100 1416.2
1106110 1414.7
1106120 1414.7
1106130 1412.7
1106140 1411.0
1106150 1410.4
1106160 1409.1
1106170 1407.5
1106180 1407.5
1106190 1405.7
1106200 1403.6
1106210 1403.6
1106220 1401.5
1106230 1398.8
1106240 1398.8
1106250 1393.3
1106260 1385.7
1106270 1385.7
1106280 1377.9
1106290 1370.7
1106300 1370.7
1106310 1366.4
1106320 1365.2
1106330 1365.2
1106340 1365.1
1106350 1365.6
1106360 1366.6
1106370 1366.6
1106380 1365.4
1106390 1357.5
1106400 1357.5
1106410 1348.7
1106420 1341.6
1106430 1341.6
1106440 1335.5
1106450 1330.9
1106460 1330.9
1106470 1328.0
1106480 1323.7
1106490 1325.2
1106500 1319.6
1106510 1316.6
1106520 1316.6
1106530 1312.5
1106540 1310.3
1106550 1310.3
1106560 1309.8
1106570 1308.3
1106580 1308.3
1106590 1304.7
1106600 1302.5
1106610 1302.5
1106620 1300.6
1106630 1299.2
1106640 1298.7
1106650 1298.7
1106660 1297.8
1106670 1296.2
1106680 1296.2
1106690 1295.6
1106700 1295.6
1106710 1295.6
1106720 1295.8
1106730 1296.1
1106740 1296.1
1106750 1295.3
1106760 1294.5
1106770 1294.5
1106780 1294.5
1106790 1293.9
1106800 1293.9
1106810 1290.7
1106820 1287.1
1106830 1278.9
1106840 1275.5
1106850 1271.7
1106860 1271.7
1106870 1268.5
1106880 1268.0
1106890 1268.0
1106900 1266.1
1106910 1261.2
1106920 1256.2
1106930 1256.2
1106940 1257.8
1106950 1259.4
1106960 1259.4
1106970 1260.5
1106980 1258.9
1106990 1258.9
1107000 1255.0
1107010 1251.0
1107020 1251.0
1107030 1243.9
1107040 1237.4
1107050 1237.4
1107060 1232.6
1107070 1235.4
1107080 1235.4
1107090 1239.1
1107100 1243.4
1107110 1243.4
1107120 1249.8
1107130 1257.2
1107140 1257.2
1107150 1257.3
1107160 1244.8
1107170 1244.8
1107180 1245.5
1107190 1249.9
1107200 1250.7
1107210 1250.7
1107220 1251.9
1107230 1254.1
1107240 1254.1
1107250 1252.9
1107260 1251.4
1107270 1251.4
1107280 1249.7
1107290 1246.9
1107300 1246.9
1107310 1243.9
1107320 1240.7
1107330 1240.7
1107340 1237.2
1107350 1234.3
1107360 1234.3
1107370 1231.6
1107380 1228.8
1107390 1228.8
1107400 1226.4
1107410 1223.8
1107420 1223.8
1107430 1222.3
1107440 1221.6
1107450 1221.6
1107460 1220.0
1107470 1217.7
1107480 1217.7
1107490 1215.7
1107500 1206.8
1107510 1205.5
1107520 1205.5
1107530 1204.9
1107540 1204.4
1107550 1204.4
1107560 1202.9
1107570 1200.1
1107580 1200.1
1107590 1196.9
1107600 1192.0
1107610 1192.0
1107620 1186.1
1107630 1181.4
1107640 1181.4
1107650 1175.9
1107660 1170.9
1107670 1170.9
1107680 1166.7
1107690 1163.0
1107700 1163.0
1107710 1158.5
1107720 1152.9
1107730 1152.9
1107740 1147.8
1107750 1142.6
1107760 1142.6
1107770 1138.9
1107780 1136.3
1107790 1133.3
1107800 1133.3
1107810 1130.7
1107820 1128.1
1107830 1128.1
1107840 1127.6
1107850 1124.5
1107860 1124.5
1107870 1121.1
1107880 1117.1
1107890 1117.1
1107900 1113.3
1107910 1110.7
1107920 1110.7
1107930 1109.0
1107940 1107.4
1107950 1107.4
1107960 1105.9
1107970 1104.1
1107980 1104.1
1107990 1102.0
1108000 1099.5
1108010 1099.5
1108020 1096.8
1108030 1094.3
1108040 1094.3
1108050 1091.4
1108060 1088.6
1108070 1086.1
1108080 1086.1
1108090 1084.4
1108100 1083.1
1108110 1083.1
1108120 1082.7
1108130 1083.0
1108140 1083.0
1108150 1083.5
1108160 1083.8
1108170 1083.8
1108180 1078.5
1108190 1078.2
1108200 1078.2
1108210 1077.4
1108220 1076.3
1108230 1076.3
1108240 1073.7
1108250 1071.4
1108260 1071.4
1108270 1070.2
1108280 1069.1
1108290 1069.1
1108300 1067.6
1108310 1065.7
1108320 1065.7
1108330 1063.0
1108340 1061.6
1108350 1061.6
1108360 1064.3
1108370 1067.3
1108380 1068.6
1108390 1068.6
1108400 1068.4
1108410 1068.5
1108420 1068.5
1108430 1068.1
1108440 1067.4
1108450 1067.4
1108460 1066.0
1108470 1064.1
1108480 1064.1
1108490 1060.7
1108500 1055.4
1108510 1055.4
1108520 1047.9
1108530 1046.5
1108540 1046.5
1108550 1046.3
1108560 1043.9
1108570 1043.9
1108580 1040.9
1108590 1037.9
1108600 1037.9
1108610 1036.2
1108620 1036.4
1108630 1036.4
1108640 1036.0
1108650 1035.1
1108660 1033.2
1108670 1033.2
1108680 1031.0
1108690 1028.5
1108700 1028.5
1108710 1025.9
1108720 1023.5
1108730 1023.5
1108740 1021.4
1108750 1019.8
1108760 1019.8
1108770 1018.6
1108780 1016.7
1108790 1016.7
1108800 1014.1
1108810 1011.3
1108820 1011.3
1108830 1008.7
1108840 1008.4
1108850 1008.4
1108860 1005.1
1108870 1004.0
1108880 1004.0
1108890 1002.9
1108900 1001.7
1108910 1001.7
1108920 1000.2
1108930 998.6
1108940 997.2
1108950 997.2
1108960 995.8
1108970 994.1
1108980 994.1
1108990 992.9
1109000 990.3
1109010 990.3
1109020 986.6
1109030 982.6
1109040 982.6
1109050 980.1
1109060 978.2
1109070 978.2
1109080 974.5
1109090 971.1
1109100 971.1
1109110 968.1
1109120 964.9
1109130 964.9
1109140 960.8
1109150 959.3
1109160 959.3
1109170 957.7
1109180 955.4
1109190 955.4
1109200 949.4
1109210 946.8
1109220 946.8
1109230 944.4
1109240 941.5
1109250 938.6
1109260 938.6
1109270 935.8
1109280 932.0
1109290 932.0
1109300 928.0
1109310 924.4
1109320 924.4
1109330 920.8
1109340 916.6
1109350 916.6
1109360 911.9
1109370 906.7
1109380 906.7
1109390 899.8
1109400 891.7
1109410 891.7
1109420 885.8
1109430 879.6
1109440 879.6
1109450 874.2
1109460 868.4
1109470 868.4
1109480 862.9
1109490 858.2
1109500 858.2
1109510 853.1
1109520 848.0
1109530 843.3
1109540 840.6
1109550 836.3
1109560 832.2
1109570 832.2
1109580 828.5
1109590 825.4
1109600 825.4
1109610 822.9
1109620 820.4
1109630 820.4
1109640 817.8
1109650 814.1
1109660 814.1
1109670 810.1
1109680 806.6
1109690 806.6
1109700 803.4
1109710 801.4
1109720 801.4
1109730 800.2
1109740 799.0
1109750 799.0
1109760 796.8
1109770 794.3
1109780 794.3
1109790 792.2
1109800 791.2
1109810 790.2
1109820 790.2
1109830 789.3
1109840 788.6
1109850 788.6
1109860 788.3
1109870 788.1
1109880 788.6
1109890 788.6
1109900 788.5
1109910 788.5
1109920 788.0
1109930 787.5
1109940 787.5
1109950 787.4
1109960 787.1
1109970 787.1
1109980 786.8
1109990 786.6
1110000 786.6
1110010 786.6
1110020 786.6
1110030 786.6
1110040 786.5
1110050 786.4
1110060 786.4
1110070 786.4
1110080 786.3
1110090 786.3
1110100 786.1
1110110 786.1
1110120 786.1
1110130 786.1
1110140 786.1
1110150 786.1
1110160 786.1
1110170 786.0
1110180 785.8
1110190 785.8
1110200 785.7
1110210 785.5
1110220 785.7
1110230 785.5
1110240 785.4
1110250 785.4
1110260 785.4
1110270 785.3
1110280 785.3
1110290 785.3
1110300 785.3
1110310 785.3
1110320 785.2
1110330 785.1
1110340 785.1
1110350 784.7
1110360 784.6
1110370 784.6
1110380 785.1
1110390 785.4
1110400 785.6
1110410 785.6
1110420 784.6
1110430 781.6
1110440 781.6
1110450 781.0
1110460 781.2
1110470 781.2
1110480 781.1
1110490 780.7
1110500 780.7
1110510 780.8
1110520 782.9
1110530 782.9
1110540 785.9
1110550 786.9
1110560 787.0
1110570 787.9
1110580 788.1
1110590 788.1
1110600 788.4
1110610 788.4
1110620 788.4
1110630 788.3
1110640 788.3
1110650 788.3
1110660 788.4
1110670 788.4
1110680 788.2
1110690 788.2
1110700 788.1
1110710 788.8
1110720 788.8
1110730 790.8
1110740 796.1
1110750 796.1
1110760 803.0
1110770 810.5
1110780 810.5
1110790 819.9
1110800 828.1
1110810 828.1
1110820 836.1
1110830 843.6
1110840 843.6
1110850 853.2
1110860 867.3
1110870 867.3
1110880 878.7
1110890 885.7
1110900 893.0
1110910 898.8
1110920 903.1
1110930 903.1
1110940 906.2
1110950 910.3
1110960 915.6
1110970 915.6
1110980 922.4
1110990 928.9
1111000 928.9
1111010 932.4
1111020 938.3
1111030 938.3
1111040 943.5
1111050 948.8
1111060 948.8
1111070 952.5
1111080 955.9
1111090 955.9
1111100 957.9
1111110 958.6
1111120 958.6
1111130 958.9
1111140 960.4
1111150 960.4
1111160 963.7
1111170 967.2
1111180 967.2
1111190 970.0
1111200 972.6
1111210 972.6
1111220 975.9
1111230 981.8
1111240 978.2
1111250 981.7
1111260 983.5
1111270 984.0
1111280 984.0
1111290 983.7
1111300 985.0
1111310 985.0
1111320 987.9
1111330 990.4
1111340 990.4
1111350 993.1
1111360 998.1
1111370 998.1
1111380 1002.8
1111390 1005.0
1111400 1005.0
1111410 1004.8
1111420 1004.6
1111430 1004.6
1111440 1002.7
1111450 998.6
1111460 998.6
1111470 992.8
1111480 985.8
1111490 985.8
1111500 974.8
1111510 967.2
1111520 967.2
1111530 950.1
1111540 943.2
1111550 926.4
1111560 926.4
1111570 902.0
1111580 872.1
1111590 872.1
1111600 865.4
1111610 859.4
1111620 859.4
1111630 854.6
1111640 850.6
1111650 850.6
1111660 846.4
1111670 843.2
1111680 843.2
1111690 840.0
1111700 836.5
1111710 836.5
1111720 833.8
1111730 830.6
1111740 830.6
1111750 828.9
1111760 828.1
1111770 828.1
1111780 827.2
1111790 825.9
1111800 825.9
1111810 824.8
1111820 823.8
1111830 822.2
1111840 822.2
1111850 821.0
1111860 820.5
1111870 820.5
1111880 819.9
1111890 818.9
1111900 818.9
1111910 818.3
1111920 816.1
1111930 816.1
1111940 816.8
1111950 817.8
1111960 817.8
1111970 818.7
1111980 819.1
1111990 819.1
1112000 817.8
1112010 816.8
1112020 816.8
1112030 816.0
1112040 815.5
1112050 815.5
1112060 815.9
1112070 817.0
1112080 817.0
1112090 817.8
1112100 818.7
1112110 818.7
1112120 820.0
1112130 821.8
1112140 823.7
1112150 823.7
1112160 825.6
1112170 826.9
1112180 826.9
1112190 828.2
1112200 829.2
1112210 829.2
1112220 830.0
1112230 830.2
1112240 830.2
1112250 829.3
1112260 827.9
1112270 825.6
1112280 825.3
1112290 829.7
1112300 829.7
1112310 832.6
1112320 834.8
1112330 834.8
1112340 837.1
1112350 838.8
1112360 838.8
1112370 839.7
1112380 840.1
1112390 840.1
1112400 840.1
1112410 840.0
1112420 839.9
1112430 839.9
1112440 840.1
1112450 840.6
1112460 840.6
1112470 842.5
1112480 844.7
1112490 844.7
1112500 845.7
1112510 845.6
1112520 845.6
1112530 845.7
1112540 846.8
1112550 846.8
1112560 847.7
1112570 848.2
1112580 848.2
1112590 848.7
1112600 849.6
1112610 849.2
1112620 851.1
1112630 853.0
1112640 853.0
1112650 855.0
1112660 857.1
1112670 857.1
1112680 858.2
1112690 858.5
1112700 860.3
1112710 860.3
1112720 861.9
1112730 863.4
1112740 863.4
1112750 864.9
1112760 866.2
1112770 866.2
1112780 867.5
1112790 868.7
1112800 868.7
1112810 869.6
1112820 870.6
1112830 870.6
1112840 871.7
1112850 872.8
1112860 872.8
1112870 873.6
1112880 874.1
1112890 874.1
1112900 874.5
1112910 874.8
1112920 874.8
1112930 875.2
1112940 875.4
1112950 874.7
1112960 874.9
1112970 875.6
1112980 877.0
1112990 877.0
1113000 879.2
1113010 881.1
1113020 881.1
1113030 882.3
1113040 882.8
1113050 882.8
1113060 882.1
1113070 876.2
1113080 876.2
1113090 869.5
1113100 864.0
1113110 864.0
1113120 860.4
1113130 859.7
1113140 859.7
1113150 862.0
1113160 862.9
1113170 862.9
1113180 863.4
1113190 864.6
1113200 864.6
1113210 870.3
1113220 880.3
1113230 880.3
1113240 889.1
1113250 895.2
1113260 895.2
1113270 898.3
1113280 901.3
1113290 901.3
1113300 901.3
1113310 902.9
1113320 904.4
1113330 904.4
1113340 905.5
1113350 906.6
1113360 906.6
1113370 908.0
1113380 909.6
1113390 909.6
1113400 910.8
1113410 911.1
1113420 911.1
1113430 911.9
1113440 914.5
1113450 914.5
1113460 921.8
1113470 926.9
1113480 926.9
1113490 931.1
1113500 933.6
1113510 933.6
1113520 935.6
1113530 938.3
1113540 938.3
1113550 940.7
1113560 941.6
1113570 942.3
1113580 942.3
1113590 943.5
1113600 943.0
1113610 943.0
1113620 941.1
1113630 942.3
1113640 939.1
1113650 941.9
1113660 944.2
1113670 944.2
1113680 947.9
1113690 952.9
1113700 952.9
1113710 957.0
1113720 960.9
1113730 960.9
1113740 965.7
1113750 972.2
1113760 972.2
1113770 980.4
1113780 990.7
1113790 990.7
1113800 999.9
1113810 1012.3
1113820 1012.3
1113830 1027.7
1113840 1037.7
1113850 1045.4
1113860 1045.4
1113870 1051.3
1113880 1058.5
1113890 1058.5
1113900 1071.7
1113910 1083.8
1113920 1083.8
1113930 1086.8
1113940 1089.5
1113950 1089.5
1113960 1092.9
1113970 1096.5
1113980 1095.3
1113990 1099.2
1114000 1103.9
1114010 1103.9
1114020 1109.4
1114030 1115.9
1114040 1115.9
1114050 1123.1
1114060 1129.2
1114070 1129.2
1114080 1134.6
1114090 1140.3
1114100 1140.3
1114110 1146.4
1114120 1153.0
1114130 1153.0
1114140 1159.1
1114150 1162.9
1114160 1167.2
1114170 1167.2
1114180 1173.6
1114190 1179.8
1114200 1179.8
1114210 1186.3
1114220 1192.6
1114230 1192.6
1114240 1199.0
1114250 1205.1
1114260 1205.1
1114270 1210.1
1114280 1213.9
1114290 1213.9
1114300 1218.5
1114310 1222.2
1114320 1222.2
1114330 1220.8
1114340 1222.8
1114350 1222.8
1114360 1223.9
1114370 1224.6
1114380 1224.6
1114390 1224.4
1114400 1223.3
1114410 1223.3
1114420 1221.6
1114430 1220.0
1114440 1218.2
1114450 1218.2
1114460 1215.9
1114470 1213.6
1114480 1213.6
1114490 1211.3
1114500 1209.9
1114510 1209.9
1114520 1209.0
1114530 1208.0
1114540 1208.0
1114550 1206.8
1114560 1205.5
1114570 1205.5
1114580 1204.3
1114590 1203.1
1114600 1203.1
1114610 1202.5
1114620 1200.4
1114630 1200.4
1114640 1200.4
1114650 1199.6
1114660 1199.6
1114670 1194.2
1114680 1193.1
1114690 1193.1
1114700 1191.0
1114710 1192.3
1114720 1192.1
1114730 1192.1
1114740 1191.6
1114750 1192.5
1114760 1192.5
1114770 1192.6
1114780 1191.8
1114790 1191.8
1114800 1189.1
1114810 1189.7
1114820 1189.7
1114830 1191.1
1114840 1191.0
1114850 1191.0
1114860 1190.5
1114870 1188.3
1114880 1188.3
1114890 1185.4
1114900 1185.1
1114910 1185.1
1114920 1185.1
1114930 1185.8
1114940 1185.8
1114950 1187.7
1114960 1188.7
1114970 1188.7
1114980 1185.3
1114990 1180.1
1115000 1180.1
1115010 1172.3
1115020 1164.8
1115030 1166.5
1115040 1166.5
1115050 1168.0
1115060 1171.1
1115070 1171.1
1115080 1176.2
1115090 1183.3
1115100 1183.3
1115110 1191.4
1115120 1198.0
1115130 1198.0
1115140 1205.4
1115150 1210.3
1115160 1210.3
1115170 1212.5
1115180 1214.0
1115190 1214.0
1115200 1215.2
1115210 1215.8
1115220 1215.8
1115230 1215.6
1115240 1216.3
1115250 1216.3
1115260 1217.2
1115270 1218.0
1115280 1218.0
1115290 1218.8
1115300 1218.7
1115310 1219.5
1115320 1219.5
1115330 1220.2
1115340 1219.4
1115350 1219.4
1115360 1210.0
1115370 1206.4
1115380 1206.4
1115390 1202.7
1115400 1201.7
1115410 1201.7
1115420 1198.7
1115430 1196.7
1115440 1196.7
1115450 1197.1
1115460 1196.8
1115470 1196.8
1115480 1194.4
1115490 1192.5
1115500 1192.5
1115510 1191.0
1115520 1189.1
1115530 1189.1
1115540 1185.7
1115550 1180.7
1115560 1180.7
1115570 1185.2
1115580 1205.4
1115590 1215.6
1115600 1215.6
1115610 1216.9
1115620 1217.4
1115630 1217.4
1115640 1218.0
1115650 1218.4
1115660 1218.4
1115670 1219.1
1115680 1215.9
1115690 1215.9
1115700 1205.5
1115710 1204.6
1115720 1204.6
1115730 1205.6
1115740 1208.2
1115750 1208.2
1115760 1210.0
1115770 1212.1
1115780 1212.1
1115790 1212.6
1115800 1211.4
1115810 1211.4
1115820 1211.2
1115830 1213.1
1115840 1213.1
1115850 1218.0
1115860 1223.7
1115870 1229.3
1115880 1229.3
1115890 1237.5
1115900 1242.4
1115910 1242.4
1115920 1246.7
1115930 1249.1
1115940 1249.1
1115950 1250.4
1115960 1251.6
1115970 1251.6
1115980 1254.3
1115990 1254.9
1116000 1254.9
1116010 1256.4
1116020 1258.2
1116030 1258.2
1116040 1258.9
1116050 1260.9
1116060 1260.9
1116070 1264.5
1116080 1268.7
1116090 1268.7
1116100 1273.8
1116110 1280.5
1116120 1280.5
1116130 1285.4
1116140 1289.2
1116150 1289.2
1116160 1293.3
1116170 1298.6
1116180 1303.3
1116190 1303.3
1116200 1309.8
1116210 1317.9
1116220 1317.9
1116230 1326.5
1116240 1334.7
1116250 1334.7
1116260 1341.0
1116270 1347.4
1116280 1347.4
1116290 1354.5
1116300 1361.6
1116310 1361.6
1116320 1368.2
1116330 1373.9
1116340 1373.9
1116350 1381.9
1116360 1384.9
1116370 1384.9
1116380 1387.3
1116390 1394.0
1116400 1393.8
1116410 1401.6
1116420 1409.8
1116430 1409.8
1116440 1417.7
1116450 1425.1
1116460 1430.8
1116470 1430.8
1116480 1436.7
1116490 1442.4
1116500 1442.4
1116510 1448.1
1116520 1453.7
1116530 1453.7
1116540 1459.7
1116550 1465.9
1116560 1465.9
1116570 1473.2
1116580 1480.7
1116590 1480.7
1116600 1487.9
1116610 1495.3
1116620 1495.3
1116630 1502.5
1116640 1510.0
1116650 1510.0
1116660 1518.1
1116670 1526.4
1116680 1526.4
1116690 1534.3
1116700 1539.4
1116710 1539.4
1116720 1544.8
1116730 1549.9
1116740 1550.3
1116750 1550.3
1116760 1552.5
1116770 1556.3
1116780 1556.3
1116790 1560.3
1116800 1563.4
1116810 1563.4
1116820 1566.9
1116830 1570.2
1116840 1570.2
1116850 1573.3
1116860 1574.8
1116870 1574.8
1116880 1576.7
1116890 1579.7
1116900 1579.7
1116910 1583.1
1116920 1586.3
1116930 1586.3
1116940 1589.4
1116950 1593.2
1116960 1593.2
1116970 1597.3
1116980 1600.8
1116990 1600.8
1117000 1604.4
1117010 1607.5
1117020 1609.9
1117030 1609.9
1117040 1612.8
1117050 1615.9
1117060 1615.9
1117070 1619.2
1117080 1621.9
1117090 1619.2
1117100 1624.0
1117110 1627.8
1117120 1627.8
1117130 1631.4
1117140 1635.2
1117150 1635.2
1117160 1639.8
1117170 1644.3
1117180 1644.3
1117190 1648.2
1117200 1651.5
1117210 1651.5
1117220 1654.8
1117230 1657.7
1117240 1657.7
1117250 1660.9
1117260 1664.5
1117270 1664.5
1117280 1668.0
1117290 1670.6
1117300 1670.6
1117310 1672.3
1117320 1673.3
1117330 1673.9
1117340 1673.9
1117350 1675.7
1117360 1678.3
1117370 1678.3
1117380 1678.7
1117390 1678.7
1117400 1678.7
1117410 1679.3
1117420 1678.4
1117430 1678.4
1117440 1669.6
1117450 1667.4
1117460 1667.4
1117470 1665.6
1117480 1665.0
1117490 1665.0
1117500 1665.3
1117510 1665.6
1117520 1665.6
1117530 1666.0
1117540 1666.4
1117550 1666.4
1117560 1666.4
1117570 1666.6
1117580 1666.6
1117590 1666.7
1117600 1666.8
1117610 1666.3
1117620 1666.3
1117630 1666.7
1117640 1668.9
1117650 1668.9
1117660 1670.6
1117670 1672.0
1117680 1672.0
1117690 1673.7
1117700 1676.2
1117710 1676.2
1117720 1678.6
1117730 1680.1
1117740 1680.1
1117750 1680.5
1117760 1680.2
1117770 1680.2
1117780 1676.4
1117790 1675.4
1117800 1675.4
1117810 1674.1
1117820 1672.7
1117830 1672.7
1117840 1670.0
1117850 1667.5
1117860 1667.5
1117870 1665.8
1117880 1665.0
1117890 1663.6
1117900 1663.6
1117910 1662.2
1117920 1662.2
1117930 1662.2
1117940 1662.9
1117950 1663.3
1117960 1663.3
1117970 1664.2
1117980 1665.0
1117990 1665.0
1118000 1666.3
1118010 1666.7
1118020 1666.7
1118030 1666.7
1118040 1666.7
1118050 1666.7
1118060 1667.8
1118070 1669.4
1118080 1669.4
1118090 1669.4
1118100 1669.7
1118110 1669.7
1118120 1670.0
1118130 1667.5
1118140 1667.5
1118150 1668.0
1118160 1668.6
1118170 1668.6
1118180 1669.9
1118190 1670.2
1118200 1669.7
1118210 1669.7
1118220 1669.3
1118230 1669.0
1118240 1669.0
1118250 1668.5
1118260 1668.6
1118270 1668.6
1118280 1668.6
1118290 1667.8
1118300 1667.8
1118310 1666.4
1118320 1664.3
1118330 1664.3
1118340 1662.1
1118350 1660.1
1118360 1660.1
1118370 1659.0
1118380 1658.1
1118390 1658.1
1118400 1658.8
1118410 1659.3
1118420 1659.3
1118430 1659.1
1118440 1658.4
1118450 1658.4
1118460 1656.4
1118470 1657.1
1118480 1652.9
1118490 1652.9
1118500 1653.0
1118510 1653.1
1118520 1653.1
1118530 1651.2
1118540 1652.4
1118550 1652.4
1118560 1656.2
1118570 1659.6
1118580 1659.6
1118590 1661.9
1118600 1664.3
1118610 1664.3
1118620 1666.9
1118630 1669.6
1118640 1669.6
1118650 1672.9
1118660 1676.6
1118670 1676.6
1118680 1679.7
1118690 1683.0
1118700 1683.0
1118710 1686.7
1118720 1690.4
1118730 1690.4
1118740 1692.6
1118750 1696.4
1118760 1700.6
1118770 1700.6
1118780 1703.7
1118790 1706.3
1118800 1706.3
1118810 1708.6
1118820 1711.3
1118830 1708.9
1118840 1711.3
1118850 1713.1
1118860 1713.1
1118870 1714.0
1118880 1714.2
1118890 1714.2
1118900 1714.7
1118910 1715.2
1118920 1715.2
1118930 1715.4
1118940 1716.0
1118950 1716.0
1118960 1716.2
1118970 1716.2
1118980 1716.2
1118990 1715.7
1119000 1715.0
1119010 1715.0
1119020 1712.7
1119030 1709.2
1119040 1706.4
1119050 1706.4
1119060 1704.7
1119070 1702.3
1119080 1702.3
1119090 1700.7
1119100 1699.5
1119110 1699.5
1119120 1698.1
1119130 1696.7
1119140 1696.7
1119150 1695.1
1119160 1693.3
1119170 1693.3
1119180 1689.5
1119190 1687.7
1119200 1687.7
1119210 1685.7
1119220 1687.5
1119230 1687.5
1119240 1685.8
1119250 1683.6
1119260 1683.6
1119270 1682.1
1119280 1681.0
1119290 1681.0
1119300 1680.9
1119310 1681.8
1119320 1681.8
1119330 1681.6
1119340 1678.7
1119350 1674.8
1119360 1674.8
1119370 1672.6
1119380 1671.4
1119390 1671.4
1119400 1670.5
1119410 1669.1
1119420 1669.1
1119430 1667.5
1119440 1666.2
1119450 1666.2
1119460 1664.4
1119470 1662.1
1119480 1662.1
1119490 1658.6
1119500 1658.7
1119510 1658.7
1119520 1656.3
1119530 1660.8
1119540 1660.8
1119550 1659.3
1119560 1659.9
1119570 1659.9
1119580 1662.5
1119590 1664.8
1119600 1664.8
1119610 1667.8
1119620 1671.0
1119630 1674.4
1119640 1674.4
1119650 1677.5
1119660 1680.5
1119670 1680.5
1119680 1684.3
1119690 1688.4
1119700 1688.4
1119710 1691.6
1119720 1694.3
1119730 1694.3
1119740 1697.0
1119750 1699.3
1119760 1699.3
1119770 1700.6
1119780 1700.7
1119790 1700.7
1119800 1699.7
1119810 1700.9
1119820 1700.9
1119830 1702.3
1119840 1702.8
1119850 1702.8
1119860 1705.7
1119870 1709.5
1119880 1709.5
1119890 1714.7
1119900 1719.4
1119910 1723.6
1119920 1723.6
1119930 1728.6
1119940 1733.9
1119950 1733.9
1119960 1740.5
1119970 1747.0
1119980 1747.0
1119990 1753.4
