1100000 1279.9
1100010 1272.5
1100020 1272.5
1100030 1264.9
1100040 1257.7
1100050 1257.7
1100060 1253.5
1100070 1250.7
1100080 1250.7
1100090 1256.5
1100100 1250.7
1100110 1250.7
1100120 1243.6
1100130 1242.9
1100140 1239.9
1100150 1239.9
1100160 1236.0
1100170 1236.9
1100180 1236.9
1100190 1235.0
1100200 1227.8
1100210 1227.8
1100220 1219.1
1100230 1209.9
1100240 1209.9
1100250 1215.2
1100260 1224.9
1100270 1224.9
1100280 1226.1
1100290 1224.2
1100300 1224.2
1100310 1220.5
1100320 1215.7
1100330 1215.7
1100340 1217.9
1100350 1233.6
1100360 1233.6
1100370 1256.9
1100380 1259.0
1100390 1259.0
1100400 1251.0
1100410 1264.1
1100420 1264.1
1100430 1280.9
1100440 1287.7
1100450 1291.3
1100460 1291.3
1100470 1298.1
1100480 1306.8
1100490 1306.8
1100500 1312.5
1100510 1322.5
1100520 1322.5
1100530 1330.8
1100540 1335.6
1100550 1335.6
1100560 1338.6
1100570 1342.2
1100580 1342.2
1100590 1345.2
1100600 1347.4
1100610 1347.4
1100620 1349.1
1100630 1351.3
1100640 1351.3
1100650 1354.5
1100660 1358.5
1100670 1358.5
1100680 1361.9
1100690 1363.7
1100700 1363.7
1100710 1364.1
1100720 1361.2
1100730 1360.3
1100740 1360.3
1100750 1365.6
1100760 1373.1
1100770 1373.1
1100780 1375.8
1100790 1377.5
1100800 1377.5
1100810 1378.5
1100820 1380.2
1100830 1380.2
1100840 1382.2
1100850 1383.9
1100860 1383.9
1100870 1385.4
1100880 1386.5
1100890 1386.5
1100900 1387.3
1100910 1387.7
1100920 1387.7
1100930 1387.8
1100940 1386.4
1100950 1386.4
1100960 1385.1
1100970 1388.5
1100980 1388.5
1100990 1390.4
1101000 1391.0
1101010 1391.0
1101020 1391.4
1101030 1391.9
1101040 1391.7
1101050 1391.7
1101060 1387.7
1101070 1381.5
1101080 1381.5
1101090 1379.6
1101100 1383.8
1101110 1383.8
1101120 1391.9
1101130 1393.6
1101140 1393.6
1101150 1393.0
1101160 1394.2
1101170 1394.2
1101180 1394.3
1101190 1394.6
1101200 1394.6
1101210 1395.0
1101220 1395.3
1101230 1395.3
1101240 1395.5
1101250 1395.0
1101260 1395.0
1101270 1393.4
1101280 1392.6
1101290 1392.6
1101300 1394.4
1101310 1397.3
1101320 1399.2
1101330 1399.2
1101340 1400.5
1101350 1401.6
1101360 1401.6
1101370 1402.3
1101380 1402.0
1101390 1402.0
1101400 1400.9
1101410 1398.7
1101420 1401.3
1101430 1399.0
1101440 1397.0
1101450 1397.0
1101460 1396.0
1101470 1394.5
1101480 1394.5
1101490 1392.7
1101500 1390.9
1101510 1390.9
1101520 1388.7
1101530 1385.5
1101540 1385.5
1101550 1380.9
1101560 1375.1
1101570 1375.1
1101580 1371.2
1101590 1367.5
1101600 1363.3
1101610 1363.3
1101620 1357.9
1101630 1351.9
1101640 1351.9
1101650 1344.3
1101660 1335.8
1101670 1335.8
1101680 1327.2
1101690 1318.9
1101700 1318.9
1101710 1311.8
1101720 1306.6
1101730 1306.6
1101740 1300.8
1101750 1294.2
1101760 1285.2
1101770 1275.4
1101780 1259.7
1101790 1259.7
1101800 1246.5
1101810 1246.9
1101820 1246.9
1101830 1253.7
1101840 1258.1
1101850 1258.1
1101860 1261.5
1101870 1260.5
1101880 1260.5
1101890 1260.4
1101900 1260.8
1101910 1259.5
1101920 1259.5
1101930 1256.8
1101940 1254.5
1101950 1254.5
1101960 1254.3
1101970 1253.6
1101980 1253.6
1101990 1252.7
1102000 1252.7
1102010 1252.7
1102020 1252.7
1102030 1252.4
1102040 1252.4
1102050 1252.5
1102060 1252.6
1102070 1252.6
1102080 1253.6
1102090 1259.1
1102100 1259.1
1102110 1260.9
1102120 1262.9
1102130 1262.9
1102140 1265.1
1102150 1267.7
1102160 1267.7
1102170 1270.8
1102180 1274.7
1102190 1278.8
1102200 1278.8
1102210 1282.9
1102220 1286.5
1102230 1286.5
1102240 1290.5
1102250 1295.1
1102260 1295.1
1102270 1301.1
1102280 1306.0
1102290 1306.0
1102300 1310.9
1102310 1316.9
1102320 1316.9
1102330 1324.6
1102340 1331.8
1102350 1331.8
1102360 1339.2
1102370 1346.2
1102380 1346.2
1102390 1352.7
1102400 1359.3
1102410 1359.3
1102420 1375.9
1102430 1419.6
1102440 1419.6
1102450 1445.0
1102460 1445.3
1102470 1444.9
1102480 1444.9
1102490 1445.1
1102500 1446.3
1102510 1446.3
1102520 1448.5
1102530 1451.3
1102540 1451.3
1102550 1455.2
1102560 1459.6
1102570 1459.6
1102580 1464.2
1102590 1468.2
1102600 1468.2
1102610 1471.4
1102620 1474.3
1102630 1474.3
1102640 1477.9
1102650 1481.5
1102660 1481.5
1102670 1484.1
1102680 1487.3
1102690 1487.3
1102700 1493.4
1102710 1499.6
1102720 1499.6
1102730 1505.2
1102740 1509.9
1102750 1509.9
1102760 1518.1
1102770 1522.5
1102780 1528.6
1102790 1528.6
1102800 1538.6
1102810 1549.0
1102820 1549.0
1102830 1558.1
1102840 1568.5
1102850 1568.5
1102860 1573.8
1102870 1577.3
1102880 1577.3
1102890 1579.7
1102900 1581.8
1102910 1581.8
1102920 1579.0
1102930 1572.3
1102940 1572.3
1102950 1570.3
1102960 1569.6
1102970 1569.6
1102980 1568.6
1102990 1566.7
1103000 1566.7
1103010 1564.9
1103020 1563.3
1103030 1563.3
1103040 1562.4
1103050 1561.8
1103060 1562.4
1103070 1562.4
1103080 1563.6
1103090 1559.6
1103100 1559.6
1103110 1562.1
1103120 1564.4
1103130 1564.4
1103140 1566.1
1103150 1566.8
1103160 1566.8
1103170 1568.5
1103180 1571.7
1103190 1571.7
1103200 1575.2
1103210 1578.2
1103220 1578.2
1103230 1581.3
1103240 1583.7
1103250 1583.7
1103260 1586.0
1103270 1588.4
1103280 1588.4
1103290 1590.9
1103300 1593.8
1103310 1593.8
1103320 1595.3
1103330 1594.5
1103340 1594.5
1103350 1595.5
1103360 1598.6
1103370 1603.1
1103380 1603.1
1103390 1609.7
1103400 1613.2
1103410 1613.2
1103420 1613.0
1103430 1617.6
1103440 1617.6
1103450 1620.7
1103460 1622.4
1103470 1622.4
1103480 1623.5
1103490 1625.6
1103500 1625.6
1103510 1626.0
1103520 1627.2
1103530 1627.2
1103540 1628.4
1103550 1629.6
1103560 1629.6
1103570 1630.1
1103580 1629.8
1103590 1629.8
1103600 1629.1
1103610 1628.1
1103620 1628.1
1103630 1629.4
1103640 1634.4
1103650 1639.5
1103660 1639.5
1103670 1643.4
1103680 1648.0
1103690 1648.0
1103700 1652.7
1103710 1656.1
1103720 1656.1
1103730 1658.6
1103740 1661.9
1103750 1661.9
1103760 1658.6
1103770 1660.6
1103780 1660.6
1103790 1663.0
1103800 1664.9
1103810 1664.9
1103820 1667.2
1103830 1669.6
1103840 1669.6
1103850 1671.9
1103860 1675.7
1103870 1675.7
1103880 1679.2
1103890 1680.7
1103900 1680.7
1103910 1681.8
1103920 1685.6
1103930 1691.0
1103940 1691.0
1103950 1696.6
1103960 1699.9
1103970 1699.9
1103980 1701.8
1103990 1704.1
1104000 1704.1
1104010 1706.3
1104020 1708.5
1104030 1708.5
1104040 1711.7
1104050 1715.7
1104060 1715.7
1104070 1718.9
1104080 1723.4
1104090 1717.2
1104100 1721.2
1104110 1725.2
1104120 1725.2
1104130 1727.6
1104140 1729.3
1104150 1729.3
1104160 1733.2
1104170 1737.5
1104180 1737.5
1104190 1742.2
1104200 1746.5
1104210 1746.5
1104220 1751.1
1104230 1756.1
1104240 1760.5
1104250 1760.5
1104260 1764.8
1104270 1769.2
1104280 1769.2
1104290 1772.2
1104300 1773.7
1104310 1773.7
1104320 1776.6
1104330 1779.4
1104340 1779.4
1104350 1781.5
1104360 1783.5
1104370 1783.5
1104380 1785.6
1104390 1789.9
1104400 1789.9
1104410 1795.0
1104420 1799.9
1104430 1796.9
1104440 1801.4
1104450 1805.4
1104460 1805.4
1104470 1809.5
1104480 1813.0
1104490 1813.0
1104500 1815.2
1104510 1816.7
1104520 1818.5
1104530 1818.5
1104540 1821.7
1104550 1827.6
1104560 1827.6
1104570 1835.6
1104580 1842.1
1104590 1842.1
1104600 1847.0
1104610 1851.8
1104620 1851.8
1104630 1856.8
1104640 1862.0
1104650 1862.0
1104660 1867.3
1104670 1872.3
1104680 1872.3
1104690 1877.1
1104700 1882.4
1104710 1882.4
1104720 1887.4
1104730 1892.2
1104740 1892.2
1104750 1896.8
1104760 1901.4
1104770 1897.1
1104780 1901.3
1104790 1904.5
1104800 1908.0
1104810 1908.0
1104820 1912.6
1104830 1916.3
1104840 1916.3
1104850 1919.7
1104860 1922.3
1104870 1922.3
1104880 1924.4
1104890 1925.8
1104900 1925.8
1104910 1926.7
1104920 1927.3
1104930 1927.3
1104940 1929.3
1104950 1933.0
1104960 1933.0
1104970 1937.1
1104980 1943.0
1104990 1943.0
1105000 1948.6
1105010 1953.4
1105020 1953.4
1105030 1957.9
1105040 1962.2
1105050 1962.2
1105060 1966.4
1105070 1970.4
1105080 1970.4
1105090 1974.2
1105100 1972.6
1105110 1975.8
1105120 1975.8
1105130 1978.6
1105140 1980.9
1105150 1980.9
1105160 1982.5
1105170 1979.7
1105180 1979.7
1105190 1969.6
1105200 1951.1
1105210 1951.1
1105220 1937.2
1105230 1928.6
1105240 1928.6
1105250 1924.1
1105260 1918.8
1105270 1918.8
1105280 1912.4
1105290 1900.2
1105300 1900.2
1105310 1892.1
1105320 1887.9
1105330 1887.9
1105340 1886.6
1105350 1885.8
1105360 1885.8
1105370 1874.7
1105380 1867.2
1105390 1864.0
1105400 1864.0
1105410 1861.0
1105420 1857.0
1105430 1857.0
1105440 1845.9
1105450 1832.0
1105460 1832.0
1105470 1822.5
1105480 1819.0
1105490 1819.0
1105500 1817.1
1105510 1811.1
1105520 1811.1
1105530 1800.5
1105540 1797.8
1105550 1797.8
1105560 1793.5
1105570 1789.0
1105580 1789.0
1105590 1789.3
1105600 1789.4
1105610 1789.4
1105620 1792.2
1105630 1798.1
1105640 1798.1
1105650 1799.9
1105660 1796.6
1105670 1796.6
1105680 1793.8
1105690 1791.7
1105700 1789.6
1105710 1789.6
1105720 1789.4
1105730 1790.3
1105740 1790.3
1105750 1790.4
1105760 1791.3
1105770 1784.1
1105780 1786.6
1105790 1787.8
1105800 1787.8
1105810 1791.9
1105820 1796.3
1105830 1796.3
1105840 1797.9
1105850 1795.8
1105860 1795.8
1105870 1793.1
1105880 1792.6
1105890 1792.6
1105900 1795.6
1105910 1798.2
1105920 1798.2
1105930 1800.9
1105940 1801.8
1105950 1801.8
1105960 1800.6
1105970 1796.4
1105980 1791.9
1105990 1791.9
1106000 1784.3
1106010 1776.7
1106020 1776.7
1106030 1773.5
1106040 1772.8
1106050 1772.8
1106060 1769.8
1106070 1768.7
1106080 1768.7
1106090 1764.2
1106100 1756.7
1106110 1751.1
1106120 1743.7
1106130 1737.5
1106140 1737.5
1106150 1733.5
1106160 1731.6
1106170 1731.6
1106180 1728.9
1106190 1725.6
1106200 1725.6
1106210 1723.1
1106220 1721.8
1106230 1721.8
1106240 1720.0
1106250 1718.5
1106260 1718.0
1106270 1718.0
1106280 1717.1
1106290 1714.1
1106300 1714.1
1106310 1705.7
1106320 1700.0
1106330 1700.0
1106340 1695.6
1106350 1694.7
1106360 1694.7
1106370 1694.6
1106380 1694.5
1106390 1694.5
1106400 1693.9
1106410 1692.8
1106420 1692.8
1106430 1686.0
1106440 1677.9
1106450 1672.0
1106460 1666.2
1106470 1661.0
1106480 1661.0
1106490 1658.0
1106500 1650.5
1106510 1650.5
1106520 1645.1
1106530 1642.1
1106540 1642.1
1106550 1642.2
1106560 1645.6
1106570 1654.8
1106580 1654.8
1106590 1654.6
1106600 1655.0
1106610 1655.0
1106620 1655.0
1106630 1653.2
1106640 1653.2
1106650 1651.2
1106660 1649.8
1106670 1649.8
1106680 1649.3
1106690 1649.1
1106700 1649.1
1106710 1648.7
1106720 1647.5
1106730 1647.5
1106740 1646.4
1106750 1645.2
1106760 1645.2
1106770 1641.9
1106780 1632.7
1106790 1632.7
1106800 1631.6
1106810 1632.1
1106820 1632.1
1106830 1633.6
1106840 1634.9
1106850 1636.7
1106860 1636.7
1106870 1637.7
1106880 1637.7
1106890 1637.7
1106900 1637.2
1106910 1635.9
1106920 1635.9
1106930 1633.1
1106940 1630.7
1106950 1630.7
1106960 1628.1
1106970 1626.4
1106980 1626.4
1106990 1625.6
1107000 1624.6
1107010 1624.6
1107020 1624.9
1107030 1624.1
1107040 1624.1
1107050 1619.2
1107060 1615.6
1107070 1615.6
1107080 1608.6
1107090 1600.7
1107100 1600.7
1107110 1596.2
1107120 1587.6
1107130 1587.6
1107140 1586.0
1107150 1581.1
1107160 1575.8
1107170 1575.8
1107180 1571.6
1107190 1566.4
1107200 1566.4
1107210 1562.9
1107220 1556.9
1107230 1556.9
1107240 1554.0
1107250 1548.8
1107260 1548.8
1107270 1544.4
1107280 1544.1
1107290 1544.1
1107300 1543.9
1107310 1541.4
1107320 1541.4
1107330 1535.5
1107340 1530.6
1107350 1530.6
1107360 1531.9
1107370 1533.9
1107380 1533.9
1107390 1533.2
1107400 1534.2
1107410 1534.2
1107420 1534.9
1107430 1534.9
1107440 1534.8
1107450 1534.8
1107460 1527.1
1107470 1525.4
1107480 1525.4
1107490 1523.4
1107500 1518.9
1107510 1518.9
1107520 1518.3
1107530 1519.7
1107540 1519.7
1107550 1520.0
1107560 1518.9
1107570 1518.9
1107580 1516.5
1107590 1513.5
1107600 1513.5
1107610 1512.6
1107620 1511.7
1107630 1511.7
1107640 1511.1
1107650 1511.7
1107660 1511.7
1107670 1512.8
1107680 1511.1
1107690 1511.1
1107700 1509.6
1107710 1508.7
1107720 1508.2
1107730 1508.2
1107740 1507.3
1107750 1504.9
1107760 1504.9
1107770 1503.5
1107780 1503.5
1107790 1503.5
1107800 1495.3
1107810 1494.6
1107820 1494.6
1107830 1494.5
1107840 1494.1
1107850 1494.1
1107860 1493.5
1107870 1493.2
1107880 1493.2
1107890 1492.9
1107900 1492.1
1107910 1492.1
1107920 1491.5
1107930 1491.2
1107940 1491.2
1107950 1490.3
1107960 1489.1
1107970 1489.1
1107980 1488.3
1107990 1487.7
1108000 1487.7
1108010 1486.9
1108020 1486.0
1108030 1484.8
1108040 1484.8
1108050 1482.4
1108060 1479.4
1108070 1479.4
1108080 1479.1
1108090 1479.7
1108100 1479.7
1108110 1479.9
1108120 1479.7
1108130 1479.7
1108140 1473.2
1108150 1472.4
1108160 1472.4
1108170 1466.6
1108180 1462.7
1108190 1462.7
1108200 1436.8
1108210 1407.0
1108220 1407.0
1108230 1395.6
1108240 1394.4
1108250 1394.4
1108260 1399.5
1108270 1399.5
1108280 1399.5
1108290 1396.9
1108300 1401.5
1108310 1408.4
1108320 1408.4
1108330 1407.8
1108340 1404.3
1108350 1404.3
1108360 1392.6
1108370 1380.5
1108380 1380.5
1108390 1366.8
1108400 1360.2
1108410 1360.2
1108420 1354.8
1108430 1350.2
1108440 1350.2
1108450 1347.8
1108460 1349.3
1108470 1365.1
1108480 1361.5
1108490 1354.0
1108500 1354.0
1108510 1342.4
1108520 1330.9
1108530 1330.9
1108540 1319.5
1108550 1308.8
1108560 1308.8
1108570 1299.1
1108580 1287.5
1108590 1265.3
1108600 1265.3
1108610 1237.7
1108620 1220.1
1108630 1220.1
1108640 1193.5
1108650 1167.6
1108660 1167.6
1108670 1149.6
1108680 1132.8
1108690 1132.8
1108700 1119.3
1108710 1094.2
1108720 1094.2
1108730 1063.8
1108740 1048.3
1108750 1048.3
1108760 1040.4
1108770 1032.8
1108780 1032.8
1108790 1025.4
1108800 1018.4
1108810 1021.3
1108820 1014.1
1108830 1006.5
1108840 1006.5
1108850 999.1
1108860 992.2
1108870 992.2
1108880 985.2
1108890 978.4
1108900 972.0
1108910 972.0
1108920 966.2
1108930 960.6
1108940 960.6
1108950 953.9
1108960 947.3
1108970 947.3
1108980 940.8
1108990 934.9
1109000 934.9
1109010 929.2
1109020 923.3
1109030 923.3
1109040 917.3
1109050 911.9
1109060 911.9
1109070 906.8
1109080 901.1
1109090 901.1
1109100 895.6
1109110 890.3
1109120 890.3
1109130 884.7
1109140 878.5
1109150 881.8
1109160 875.5
1109170 868.8
1109180 862.2
1109190 862.2
1109200 855.7
1109210 849.4
1109220 849.4
1109230 842.9
1109240 837.0
1109250 837.0
1109260 830.8
1109270 823.9
1109280 823.9
1109290 817.8
1109300 812.1
1109310 812.1
1109320 806.3
1109330 800.8
1109340 800.8
1109350 794.8
1109360 788.6
1109370 788.6
1109380 783.6
1109390 779.8
1109400 779.8
1109410 776.6
1109420 775.2
1109430 775.2
1109440 774.6
1109450 774.7
1109460 773.4
1109470 773.4
1109480 769.5
1109490 768.9
1109500 768.9
1109510 769.3
1109520 769.2
1109530 769.2
1109540 769.4
1109550 769.4
1109560 769.4
1109570 769.4
1109580 769.4
1109590 769.4
1109600 769.4
1109610 769.5
1109620 769.5
1109630 769.6
1109640 769.5
1109650 769.5
1109660 769.5
1109670 769.7
1109680 769.7
1109690 769.8
1109700 770.0
1109710 770.0
1109720 770.1
1109730 770.2
1109740 770.2
1109750 770.3
1109760 770.4
1109770 770.6
1109780 770.6
1109790 770.7
1109800 770.9
1109810 770.9
1109820 771.0
1109830 771.3
1109840 771.3
1109850 771.4
1109860 771.7
1109870 771.7
1109880 771.2
1109890 770.3
1109900 770.3
1109910 769.3
1109920 769.4
1109930 769.4
1109940 769.6
1109950 772.0
1109960 772.0
1109970 773.2
1109980 773.3
1109990 773.3
1110000 773.4
1110010 773.6
1110020 773.6
1110030 773.8
1110040 774.2
1110050 774.7
1110060 774.7
1110070 775.4
1110080 776.8
1110090 776.8
1110100 778.2
1110110 778.4
1110120 778.4
1110130 779.3
1110140 781.3
1110150 781.3
1110160 784.7
1110170 788.0
1110180 788.0
1110190 787.4
1110200 787.0
1110210 787.0
1110220 790.5
1110230 794.1
1110240 794.1
1110250 797.2
1110260 800.0
1110270 800.0
1110280 802.9
1110290 806.4
1110300 806.4
1110310 812.1
1110320 818.4
1110330 818.4
1110340 824.2
1110350 831.0
1110360 835.8
1110370 835.8
1110380 840.6
1110390 844.5
1110400 844.5
1110410 848.1
1110420 853.6
1110430 853.6
1110440 859.2
1110450 865.3
1110460 865.3
1110470 868.3
1110480 871.2
1110490 871.2
1110500 875.3
1110510 876.1
1110520 876.1
1110530 880.0
1110540 884.4
1110550 884.4
1110560 889.0
1110570 893.5
1110580 893.5
1110590 896.4
1110600 898.8
1110610 898.8
1110620 901.3
1110630 903.5
1110640 904.9
1110650 904.9
1110660 906.4
1110670 908.4
1110680 908.4
1110690 910.5
1110700 913.8
1110710 913.8
1110720 916.8
1110730 918.7
1110740 918.7
1110750 921.7
1110760 926.9
1110770 926.9
1110780 932.5
1110790 938.7
1110800 938.7
1110810 944.9
1110820 950.9
1110830 950.9
1110840 959.0
1110850 983.5
1110860 988.0
1110870 1023.6
1110880 1054.3
1110890 1054.3
1110900 1074.3
1110910 1090.7
1110920 1112.0
1110930 1112.0
1110940 1121.7
1110950 1127.1
1110960 1127.1
1110970 1129.8
1110980 1127.4
1110990 1127.4
1111000 1125.4
1111010 1126.4
1111020 1126.4
1111030 1128.9
1111040 1130.1
1111050 1130.1
1111060 1130.1
1111070 1132.1
1111080 1132.1
1111090 1136.4
1111100 1139.6
1111110 1139.6
1111120 1140.1
1111130 1137.9
1111140 1137.9
1111150 1134.5
1111160 1131.8
1111170 1131.8
1111180 1130.0
1111190 1128.8
1111200 1122.7
1111210 1122.2
1111220 1121.4
1111230 1121.1
1111240 1121.1
1111250 1119.6
1111260 1116.7
1111270 1116.7
1111280 1114.3
1111290 1113.0
1111300 1113.0
1111310 1110.6
1111320 1112.1
1111330 1112.1
1111340 1119.0
1111350 1126.6
1111360 1126.6
1111370 1129.6
1111380 1131.0
1111390 1131.0
1111400 1132.1
1111410 1132.7
1111420 1132.7
1111430 1133.0
1111440 1132.5
1111450 1132.5
1111460 1132.2
1111470 1132.2
1111480 1132.2
1111490 1131.2
1111500 1128.9
1111510 1127.2
1111520 1127.2
1111530 1125.9
1111540 1122.0
1111550 1122.0
1111560 1121.4
1111570 1120.2
1111580 1120.2
1111590 1118.7
1111600 1116.1
1111610 1116.1
1111620 1113.2
1111630 1111.8
1111640 1111.8
1111650 1110.4
1111660 1108.5
1111670 1108.5
1111680 1105.5
1111690 1102.8
1111700 1102.8
1111710 1101.2
1111720 1097.6
1111730 1097.6
1111740 1093.7
1111750 1090.1
1111760 1090.1
1111770 1085.3
1111780 1077.9
1111790 1072.4
1111800 1072.4
1111810 1071.8
1111820 1073.8
1111830 1073.8
1111840 1074.7
1111850 1074.0
1111860 1074.0
1111870 1071.5
1111880 1056.9
1111890 1056.9
1111900 1052.7
1111910 1049.1
1111920 1049.1
1111930 1046.6
1111940 1041.3
1111950 1041.3
1111960 1032.8
1111970 1027.9
1111980 1027.9
1111990 1027.3
1112000 1027.0
1112010 1027.0
1112020 1026.5
1112030 1025.5
1112040 1025.5
1112050 1025.5
1112060 1026.1
1112070 1026.1
1112080 1027.3
1112090 1028.4
1112100 1029.5
1112110 1029.5
1112120 1030.5
1112130 1031.6
1112140 1031.6
1112150 1033.1
1112160 1035.0
1112170 1035.0
1112180 1036.5
1112190 1038.0
1112200 1038.0
1112210 1039.4
1112220 1039.2
1112230 1039.2
1112240 1039.7
1112250 1040.4
1112260 1040.4
1112270 1041.1
1112280 1041.7
1112290 1041.7
1112300 1042.7
1112310 1043.8
1112320 1043.8
1112330 1044.9
1112340 1046.0
1112350 1046.0
1112360 1047.2
1112370 1048.4
1112380 1049.6
1112390 1049.6
1112400 1050.5
1112410 1051.4
1112420 1051.4
1112430 1052.3
1112440 1053.1
1112450 1053.1
1112460 1053.8
1112470 1054.4
1112480 1054.4
1112490 1055.2
1112500 1055.9
1112510 1055.9
1112520 1056.5
1112530 1058.0
1112540 1058.0
1112550 1059.8
1112560 1058.6
1112570 1058.6
1112580 1059.4
1112590 1060.0
1112600 1060.0
1112610 1060.6
1112620 1061.2
1112630 1061.2
1112640 1061.5
1112650 1062.2
1112660 1062.5
1112670 1062.5
1112680 1062.9
1112690 1063.3
1112700 1063.3
1112710 1063.3
1112720 1063.5
1112730 1063.5
1112740 1063.6
1112750 1063.9
1112760 1063.9
1112770 1064.8
1112780 1066.2
1112790 1066.2
1112800 1067.1
1112810 1067.9
1112820 1067.9
1112830 1069.7
1112840 1071.5
1112850 1071.5
1112860 1072.2
1112870 1072.7
1112880 1072.7
1112890 1073.2
1112900 1073.1
1112910 1068.4
1112920 1068.7
1112930 1069.0
1112940 1069.0
1112950 1069.6
1112960 1070.0
1112970 1070.2
1112980 1070.2
1112990 1071.0
1113000 1071.5
1113010 1071.5
1113020 1071.8
1113030 1073.1
1113040 1073.1
1113050 1073.8
1113060 1073.9
1113070 1073.9
1113080 1074.2
1113090 1074.1
1113100 1074.1
1113110 1074.7
1113120 1075.9
1113130 1075.9
1113140 1075.6
1113150 1073.3
1113160 1073.3
1113170 1071.5
1113180 1073.6
1113190 1073.6
1113200 1074.5
1113210 1073.7
1113220 1073.7
1113230 1072.7
1113240 1075.1
1113250 1070.8
1113260 1070.8
1113270 1069.2
1113280 1062.4
1113290 1062.4
1113300 1055.3
1113310 1054.8
1113320 1054.8
1113330 1053.2
1113340 1050.3
1113350 1050.3
1113360 1047.8
1113370 1046.6
1113380 1046.6
1113390 1047.6
1113400 1048.2
1113410 1048.2
1113420 1047.8
1113430 1046.9
1113440 1046.9
1113450 1034.4
1113460 1034.5
1113470 1034.5
1113480 1055.2
1113490 1061.5
1113500 1061.5
1113510 1063.5
1113520 1068.5
1113530 1073.2
1113540 1073.2
1113550 1077.9
1113560 1086.2
1113570 1086.2
1113580 1091.7
1113590 1079.9
1113600 1079.9
1113610 1081.1
1113620 1084.4
1113630 1084.4
1113640 1079.8
1113650 1081.6
1113660 1081.6
1113670 1090.4
1113680 1098.4
1113690 1098.4
1113700 1106.7
1113710 1109.4
1113720 1109.4
1113730 1111.9
1113740 1115.2
1113750 1115.2
1113760 1118.4
1113770 1120.6
1113780 1120.6
1113790 1122.0
1113800 1124.4
1113810 1124.4
1113820 1126.4
1113830 1128.6
1113840 1131.1
1113850 1131.1
1113860 1133.3
1113870 1135.7
1113880 1135.7
1113890 1139.2
1113900 1143.3
1113910 1143.3
1113920 1147.6
1113930 1151.0
1113940 1148.9
1113950 1152.7
1113960 1157.5
1113970 1157.5
1113980 1162.3
1113990 1167.2
1114000 1167.2
1114010 1171.8
1114020 1174.5
1114030 1174.5
1114040 1178.7
1114050 1186.0
1114060 1186.0
1114070 1194.0
1114080 1201.1
1114090 1201.1
1114100 1207.8
1114110 1214.6
1114120 1222.8
1114130 1222.8
1114140 1232.9
1114150 1243.2
1114160 1243.2
1114170 1250.5
1114180 1259.8
1114190 1259.8
1114200 1268.0
1114210 1275.7
1114220 1275.7
1114230 1284.0
1114240 1293.1
1114250 1293.1
1114260 1300.8
1114270 1310.1
1114280 1316.4
1114290 1324.4
1114300 1330.3
1114310 1330.3
1114320 1336.3
1114330 1342.3
1114340 1342.3
1114350 1348.3
1114360 1354.6
1114370 1354.6
1114380 1360.3
1114390 1366.1
1114400 1371.8
1114410 1371.8
1114420 1377.8
1114430 1383.7
1114440 1383.7
1114450 1389.6
1114460 1396.0
1114470 1396.0
1114480 1402.5
1114490 1409.1
1114500 1409.1
1114510 1416.0
1114520 1423.4
1114530 1423.4
1114540 1431.2
1114550 1439.8
1114560 1439.8
1114570 1448.4
1114580 1455.6
1114590 1455.6
1114600 1460.2
1114610 1463.0
1114620 1463.0
1114630 1461.4
1114640 1463.3
1114650 1463.3
1114660 1463.6
1114670 1462.8
1114680 1462.8
1114690 1461.4
1114700 1460.1
1114710 1458.1
1114720 1458.1
1114730 1458.8
1114740 1461.5
1114750 1461.5
1114760 1462.1
1114770 1462.4
1114780 1462.4
1114790 1462.5
1114800 1463.4
1114810 1463.4
1114820 1466.6
1114830 1469.2
1114840 1469.2
1114850 1470.9
1114860 1472.4
1114870 1472.4
1114880 1473.3
1114890 1474.0
1114900 1474.0
1114910 1473.7
1114920 1472.7
1114930 1472.7
1114940 1471.4
1114950 1470.6
1114960 1470.6
1114970 1469.7
1114980 1468.9
1114990 1466.3
1115000 1466.3
1115010 1466.5
1115020 1467.7
1115030 1467.7
1115040 1470.2
1115050 1471.8
1115060 1471.8
1115070 1472.8
1115080 1473.8
1115090 1473.8
1115100 1475.0
1115110 1475.4
1115120 1475.4
1115130 1475.3
1115140 1474.8
1115150 1474.8
1115160 1474.8
1115170 1475.5
1115180 1475.5
1115190 1476.2
1115200 1477.2
1115210 1477.2
1115220 1478.3
1115230 1479.5
1115240 1479.5
1115250 1480.0
1115260 1480.0
1115270 1479.4
1115280 1479.4
1115290 1478.8
1115300 1478.0
1115310 1478.0
1115320 1473.8
1115330 1472.6
1115340 1472.6
1115350 1472.0
1115360 1471.6
1115370 1471.6
1115380 1471.4
1115390 1470.1
1115400 1470.1
1115410 1469.5
1115420 1469.3
1115430 1469.3
1115440 1469.0
1115450 1468.8
1115460 1468.8
1115470 1468.4
1115480 1468.0
1115490 1468.0
1115500 1467.9
1115510 1467.7
1115520 1467.7
1115530 1468.2
1115540 1466.9
1115550 1466.9
1115560 1460.2
1115570 1454.0
1115580 1447.7
1115590 1447.7
1115600 1442.2
1115610 1448.0
1115620 1448.0
1115630 1456.1
1115640 1463.8
1115650 1463.8
1115660 1464.8
1115670 1466.0
1115680 1466.0
1115690 1468.0
1115700 1472.8
1115710 1472.8
1115720 1476.0
1115730 1477.1
1115740 1477.1
1115750 1479.9
1115760 1481.2
1115770 1481.2
1115780 1482.3
1115790 1483.6
1115800 1483.6
1115810 1484.2
1115820 1484.2
1115830 1484.2
1115840 1484.4
1115850 1485.2
1115860 1484.9
1115870 1484.9
1115880 1485.2
1115890 1485.3
1115900 1485.3
1115910 1484.9
1115920 1484.3
1115930 1484.3
1115940 1483.5
1115950 1482.9
1115960 1482.9
1115970 1482.6
1115980 1481.8
1115990 1481.8
1116000 1482.0
1116010 1475.9
1116020 1475.9
1116030 1477.0
1116040 1477.2
1116050 1477.2
1116060 1479.4
1116070 1479.4
1116080 1479.4
1116090 1479.9
1116100 1480.0
1116110 1480.0
1116120 1479.1
1116130 1477.8
1116140 1477.8
1116150 1471.3
1116160 1465.3
1116170 1462.4
1116180 1462.4
1116190 1461.2
1116200 1455.7
1116210 1455.7
1116220 1447.8
1116230 1447.0
1116240 1447.0
1116250 1445.0
1116260 1439.1
1116270 1439.1
1116280 1431.7
1116290 1432.6
1116300 1432.6
1116310 1428.8
1116320 1423.7
1116330 1423.7
1116340 1429.6
1116350 1429.7
1116360 1429.7
1116370 1428.3
1116380 1427.4
1116390 1427.4
1116400 1427.5
1116410 1425.7
1116420 1425.7
1116430 1423.6
1116440 1432.8
1116450 1436.5
1116460 1436.5
1116470 1435.2
1116480 1433.3
1116490 1433.3
1116500 1426.3
1116510 1422.9
1116520 1422.9
1116530 1432.7
1116540 1439.5
1116550 1439.5
1116560 1444.8
1116570 1450.2
1116580 1450.2
1116590 1454.7
1116600 1459.1
1116610 1459.1
1116620 1463.1
1116630 1465.6
1116640 1465.6
1116650 1469.6
1116660 1473.4
1116670 1473.4
1116680 1477.8
1116690 1482.6
1116700 1485.2
1116710 1489.8
1116720 1494.3
1116730 1500.5
1116740 1500.5
1116750 1505.9
1116760 1511.2
1116770 1511.2
1116780 1516.6
1116790 1522.4
1116800 1522.4
1116810 1528.4
1116820 1534.4
1116830 1534.4
1116840 1539.5
1116850 1544.7
1116860 1544.7
1116870 1550.0
1116880 1554.8
1116890 1554.8
1116900 1560.9
1116910 1566.2
1116920 1566.2
1116930 1571.4
1116940 1576.4
1116950 1576.4
1116960 1581.5
1116970 1585.8
1116980 1585.8
1116990 1588.1
1117000 1589.2
1117010 1589.2
1117020 1590.5
1117030 1592.0
1117040 1593.6
1117050 1594.8
1117060 1596.2
1117070 1597.4
1117080 1597.4
1117090 1598.6
1117100 1600.0
1117110 1600.0
1117120 1602.1
1117130 1604.1
1117140 1604.1
1117150 1606.0
1117160 1609.5
1117170 1609.5
1117180 1612.6
1117190 1617.3
1117200 1617.3
1117210 1623.0
1117220 1627.6
1117230 1627.6
1117240 1631.5
1117250 1635.1
1117260 1635.1
1117270 1640.1
1117280 1645.7
1117290 1645.7
1117300 1649.4
1117310 1652.8
1117320 1655.6
1117330 1655.6
1117340 1658.9
1117350 1662.2
1117360 1662.2
1117370 1663.9
1117380 1665.8
1117390 1668.2
1117400 1672.3
1117410 1676.0
1117420 1676.0
1117430 1676.7
1117440 1676.7
1117450 1676.7
1117460 1677.7
1117470 1680.6
1117480 1680.6
1117490 1685.0
1117500 1689.7
1117510 1689.7
1117520 1694.7
1117530 1700.1
1117540 1700.1
1117550 1705.3
1117560 1709.5
1117570 1709.5
1117580 1713.1
1117590 1715.7
1117600 1717.7
1117610 1717.7
1117620 1720.0
1117630 1721.8
1117640 1721.8
1117650 1723.6
1117660 1725.9
1117670 1725.9
1117680 1728.7
1117690 1732.7
1117700 1732.7
1117710 1737.4
1117720 1742.3
1117730 1742.3
1117740 1749.8
1117750 1754.6
1117760 1754.6
1117770 1759.7
1117780 1765.3
1117790 1765.3
1117800 1771.0
1117810 1777.0
1117820 1777.0
1117830 1782.7
1117840 1788.2
1117850 1788.2
1117860 1794.4
1117870 1800.8
1117880 1800.8
1117890 1807.0
1117900 1813.6
1117910 1821.3
1117920 1821.3
1117930 1829.0
1117940 1837.5
1117950 1837.5
1117960 1846.8
1117970 1858.8
1117980 1858.8
1117990 1867.3
1118000 1874.0
1118010 1874.0
1118020 1880.0
1118030 1883.4
1118040 1883.4
1118050 1883.5
1118060 1883.1
1118070 1883.1
1118080 1881.8
1118090 1875.2
1118100 1875.2
1118110 1872.4
1118120 1870.4
1118130 1870.4
1118140 1868.3
1118150 1866.7
1118160 1866.7
1118170 1864.3
1118180 1862.0
1118190 1861.2
1118200 1861.2
1118210 1860.1
1118220 1860.1
1118230 1860.1
1118240 1861.1
1118250 1863.1
1118260 1863.1
1118270 1865.1
1118280 1867.6
1118290 1867.6
1118300 1870.0
1118310 1872.6
1118320 1872.6
1118330 1874.9
1118340 1876.5
1118350 1876.5
1118360 1876.6
1118370 1875.8
1118380 1875.8
1118390 1874.4
1118400 1872.7
1118410 1872.7
1118420 1870.4
1118430 1868.1
1118440 1863.8
1118450 1861.9
1118460 1860.3
1118470 1859.6
1118480 1859.6
1118490 1860.6
1118500 1861.0
1118510 1861.0
1118520 1861.4
1118530 1862.4
1118540 1862.4
1118550 1863.2
1118560 1864.3
1118570 1864.3
1118580 1865.1
1118590 1867.0
1118600 1867.0
1118610 1870.4
1118620 1874.3
1118630 1874.3
1118640 1877.8
1118650 1881.3
1118660 1881.3
1118670 1885.6
1118680 1890.5
1118690 1890.5
1118700 1895.8
1118710 1901.5
1118720 1901.5
1118730 1906.0
1118740 1908.5
1118750 1908.5
1118760 1911.3
1118770 1914.8
1118780 1911.7
1118790 1911.7
1118800 1910.2
1118810 1906.9
1118820 1906.9
1118830 1902.5
1118840 1896.3
1118850 1896.3
1118860 1888.8
1118870 1882.2
1118880 1882.2
1118890 1876.7
1118900 1873.5
1118910 1873.5
1118920 1870.6
1118930 1868.2
1118940 1868.2
1118950 1865.9
1118960 1863.3
1118970 1863.3
1118980 1859.9
1118990 1856.6
1119000 1856.6
1119010 1852.9
1119020 1849.1
1119030 1849.1
1119040 1845.0
1119050 1840.2
1119060 1836.7
1119070 1836.7
1119080 1833.4
1119090 1830.6
1119100 1830.6
1119110 1828.1
1119120 1826.7
1119130 1823.5
1119140 1821.5
1119150 1819.5
1119160 1819.5
1119170 1817.0
1119180 1815.4
1119190 1815.4
1119200 1815.6
1119210 1816.4
1119220 1816.4
1119230 1815.9
1119240 1813.8
1119250 1813.8
1119260 1811.5
1119270 1810.4
1119280 1810.4
1119290 1809.6
1119300 1809.8
1119310 1809.8
1119320 1809.0
1119330 1808.6
1119340 1807.3
1119350 1807.3
1119360 1805.7
1119370 1805.2
1119380 1805.2
1119390 1806.8
1119400 1810.3
1119410 1810.3
1119420 1812.1
1119430 1813.1
1119440 1813.1
1119450 1813.3
1119460 1813.0
1119470 1813.0
1119480 1807.5
1119490 1808.1
1119500 1808.1
1119510 1809.5
1119520 1809.8
1119530 1809.8
1119540 1809.5
1119550 1808.1
1119560 1808.1
1119570 1807.6
1119580 1808.3
1119590 1808.3
1119600 1811.1
1119610 1812.0
1119620 1812.0
1119630 1812.9
1119640 1813.6
1119650 1815.3
1119660 1815.3
1119670 1816.7
1119680 1817.6
1119690 1817.6
1119700 1819.1
1119710 1820.1
1119720 1820.1
1119730 1821.4
1119740 1822.5
1119750 1822.5
1119760 1824.8
1119770 1828.0
1119780 1828.0
1119790 1830.9
1119800 1834.3
1119810 1834.3
1119820 1839.0
1119830 1838.6
1119840 1838.6
1119850 1842.6
1119860 1846.9
1119870 1846.9
1119880 1851.3
1119890 1855.9
1119900 1855.9
1119910 1861.3
1119920 1866.7
1119930 1871.7
1119940 1871.7
1119950 1875.9
1119960 1878.8
1119970 1878.8
1119980 1882.3
1119990 1887.2
