1100000 1080.2
1100010 1080.2
1100020 1078.5
1100030 1069.4
1100040 1069.4
1100050 1060.0
1100060 1060.8
1100070 1060.8
1100080 1064.8
1100090 1061.8
1100100 1061.8
1100110 1050.1
1100120 1033.5
1100130 1033.5
1100140 1018.2
1100150 1010.4
1100160 1010.4
1100170 1011.4
1100180 1028.9
1100190 1028.9
1100200 1045.7
1100210 1049.3
1100220 1049.3
1100230 1056.5
1100240 1070.7
1100250 1070.7
1100260 1083.6
1100270 1088.5
1100280 1088.5
1100290 1092.7
1100300 1102.7
1100310 1104.9
1100320 1104.9
1100330 1101.4
1100340 1108.0
1100350 1108.0
1100360 1120.2
1100370 1129.7
1100380 1129.7
1100390 1139.2
1100400 1147.1
1100410 1147.1
1100420 1154.1
1100430 1158.6
1100440 1158.6
1100450 1159.9
1100460 1161.1
1100470 1161.1
1100480 1162.1
1100490 1163.2
1100500 1163.2
1100510 1165.3
1100520 1168.8
1100530 1168.8
1100540 1172.5
1100550 1173.8
1100560 1173.8
1100570 1174.7
1100580 1174.8
1100590 1175.5
1100600 1175.5
1100610 1178.8
1100620 1183.4
1100630 1183.4
1100640 1183.7
1100650 1185.0
1100660 1185.0
1100670 1191.4
1100680 1196.8
1100690 1202.1
1100700 1203.9
1100710 1201.7
1100720 1201.7
1100730 1199.6
1100740 1200.9
1100750 1200.9
1100760 1202.5
1100770 1204.0
1100780 1204.0
1100790 1201.2
1100800 1191.3
1100810 1191.3
1100820 1182.1
1100830 1173.7
1100840 1173.7
1100850 1164.3
1100860 1154.1
1100870 1162.9
1100880 1162.9
1100890 1170.1
1100900 1173.7
1100910 1173.7
1100920 1176.1
1100930 1179.5
1100940 1179.5
1100950 1179.8
1100960 1175.4
1100970 1175.4
1100980 1169.5
1100990 1163.2
1101000 1163.2
1101010 1154.4
1101020 1142.1
1101030 1142.1
1101040 1131.1
1101050 1111.0
1101060 1111.0
1101070 1110.3
1101080 1124.0
1101090 1124.0
1101100 1137.7
1101110 1142.8
1101120 1142.8
1101130 1141.0
1101140 1142.8
1101150 1142.8
1101160 1151.4
1101170 1163.0
1101180 1164.4
1101190 1164.4
1101200 1158.3
1101210 1149.9
1101220 1149.9
1101230 1141.8
1101240 1133.8
1101250 1133.8
1101260 1122.1
1101270 1123.0
1101280 1123.0
1101290 1135.5
1101300 1141.4
1101310 1141.4
1101320 1148.7
1101330 1155.6
1101340 1155.6
1101350 1154.7
1101360 1157.8
1101370 1157.8
1101380 1153.6
1101390 1151.2
1101400 1151.2
1101410 1152.2
1101420 1153.5
1101430 1153.5
1101440 1151.3
1101450 1145.0
1101460 1143.9
1101470 1143.9
1101480 1144.9
1101490 1141.4
1101500 1141.4
1101510 1137.1
1101520 1135.6
1101530 1135.6
1101540 1139.3
1101550 1143.4
1101560 1143.4
1101570 1146.3
1101580 1143.8
1101590 1143.8
1101600 1139.0
1101610 1132.6
1101620 1132.6
1101630 1127.1
1101640 1122.3
1101650 1122.3
1101660 1119.2
1101670 1119.8
1101680 1119.8
1101690 1130.5
1101700 1131.4
1101710 1131.4
1101720 1132.1
1101730 1132.3
1101740 1132.3
1101750 1130.2
1101760 1130.8
1101770 1134.1
1101780 1134.1
1101790 1135.7
1101800 1135.2
1101810 1135.2
1101820 1134.5
1101830 1134.7
1101840 1134.7
1101850 1133.2
1101860 1130.3
1101870 1130.3
1101880 1127.1
1101890 1124.0
1101900 1124.0
1101910 1121.9
1101920 1121.0
1101930 1121.0
1101940 1119.4
1101950 1116.3
1101960 1116.3
1101970 1110.9
1101980 1105.3
1101990 1105.3
1102000 1100.5
1102010 1095.3
1102020 1099.4
1102030 1090.1
1102040 1080.1
1102050 1070.3
1102060 1070.3
1102070 1067.4
1102080 1074.5
1102090 1074.5
1102100 1083.7
1102110 1091.2
1102120 1091.2
1102130 1096.9
1102140 1101.6
1102150 1101.6
1102160 1107.0
1102170 1111.5
1102180 1111.5
1102190 1116.8
1102200 1122.8
1102210 1122.8
1102220 1129.0
1102230 1135.1
1102240 1135.1
1102250 1142.4
1102260 1150.0
1102270 1150.0
1102280 1155.9
1102290 1162.8
1102300 1162.8
1102310 1170.1
1102320 1177.5
1102330 1185.3
1102340 1185.3
1102350 1193.2
1102360 1202.6
1102370 1202.6
1102380 1210.1
1102390 1217.2
1102400 1217.2
1102410 1224.8
1102420 1232.5
1102430 1232.5
1102440 1240.3
1102450 1249.4
1102460 1249.4
1102470 1257.2
1102480 1265.6
1102490 1265.6
1102500 1273.8
1102510 1281.3
1102520 1281.3
1102530 1289.6
1102540 1298.0
1102550 1298.0
1102560 1306.6
1102570 1314.1
1102580 1314.1
1102590 1321.9
1102600 1330.5
1102610 1330.5
1102620 1339.6
1102630 1349.5
1102640 1358.8
1102650 1358.8
1102660 1369.2
1102670 1385.3
1102680 1385.3
1102690 1402.5
1102700 1411.3
1102710 1411.3
1102720 1421.6
1102730 1434.6
1102740 1434.6
1102750 1447.0
1102760 1455.4
1102770 1455.4
1102780 1461.2
1102790 1467.6
1102800 1467.6
1102810 1473.6
1102820 1479.7
1102830 1479.7
1102840 1485.6
1102850 1490.8
1102860 1490.8
1102870 1495.7
1102880 1499.6
1102890 1499.6
1102900 1499.9
1102910 1496.1
1102920 1499.4
1102930 1499.4
1102940 1510.1
1102950 1518.8
1102960 1518.8
1102970 1523.3
1102980 1522.0
1102990 1522.0
1103000 1533.0
1103010 1536.9
1103020 1545.7
1103030 1543.7
1103040 1547.2
1103050 1547.2
1103060 1555.0
1103070 1555.0
1103080 1555.0
1103090 1553.7
1103100 1549.0
1103110 1549.0
1103120 1536.5
1103130 1525.1
1103140 1525.1
1103150 1517.9
1103160 1512.0
1103170 1512.0
1103180 1509.4
1103190 1513.0
1103200 1513.0
1103210 1519.3
1103220 1524.6
1103230 1526.3
1103240 1526.3
1103250 1529.3
1103260 1535.1
1103270 1535.1
1103280 1537.1
1103290 1537.3
1103300 1537.3
1103310 1537.2
1103320 1537.9
1103330 1537.9
1103340 1537.1
1103350 1535.2
1103360 1549.8
1103370 1558.9
1103380 1569.1
1103390 1569.1
1103400 1579.4
1103410 1577.7
1103420 1577.7
1103430 1584.8
1103440 1595.6
1103450 1595.6
1103460 1592.7
1103470 1584.1
1103480 1584.1
1103490 1582.3
1103500 1609.9
1103510 1618.1
1103520 1618.1
1103530 1615.7
1103540 1610.8
1103550 1610.8
1103560 1617.9
1103570 1623.3
1103580 1623.3
1103590 1624.2
1103600 1624.3
1103610 1624.3
1103620 1622.0
1103630 1615.6
1103640 1615.6
1103650 1612.7
1103660 1614.3
1103670 1614.3
1103680 1614.0
1103690 1624.2
1103700 1624.2
1103710 1628.3
1103720 1633.7
1103730 1633.7
1103740 1638.6
1103750 1642.2
1103760 1642.2
1103770 1645.8
1103780 1650.2
1103790 1650.2
1103800 1651.5
1103810 1651.0
1103820 1650.8
1103830 1650.8
1103840 1651.4
1103850 1654.4
1103860 1654.4
1103870 1659.4
1103880 1663.9
1103890 1663.9
1103900 1667.1
1103910 1671.2
1103920 1671.2
1103930 1674.1
1103940 1674.6
1103950 1674.6
1103960 1674.8
1103970 1676.0
1103980 1676.0
1103990 1680.6
1104000 1689.3
1104010 1689.3
1104020 1706.6
1104030 1761.6
1104040 1761.6
1104050 1756.6
1104060 1769.7
1104070 1769.7
1104080 1782.4
1104090 1790.0
1104100 1793.2
1104110 1793.2
1104120 1795.2
1104130 1798.5
1104140 1798.5
1104150 1802.6
1104160 1808.5
1104170 1808.5
1104180 1813.2
1104190 1814.5
1104200 1814.5
1104210 1778.2
1104220 1730.2
1104230 1730.2
1104240 1713.4
1104250 1700.4
1104260 1700.4
1104270 1688.0
1104280 1680.2
1104290 1680.2
1104300 1684.3
1104310 1695.9
1104320 1695.9
1104330 1705.9
1104340 1717.6
1104350 1717.6
1104360 1730.8
1104370 1743.0
1104380 1754.4
1104390 1754.4
1104400 1754.0
1104410 1742.6
1104420 1742.6
1104430 1734.7
1104440 1732.5
1104450 1732.5
1104460 1727.1
1104470 1723.1
1104480 1723.1
1104490 1720.1
1104500 1718.2
1104510 1718.2
1104520 1721.7
1104530 1727.4
1104540 1727.4
1104550 1721.8
1104560 1717.7
1104570 1717.7
1104580 1715.9
1104590 1721.3
1104600 1721.3
1104610 1727.6
1104620 1723.7
1104630 1723.7
1104640 1715.0
1104650 1701.6
1104660 1701.6
1104670 1699.9
1104680 1703.5
1104690 1706.6
1104700 1719.1
1104710 1718.8
1104720 1724.1
1104730 1724.1
1104740 1728.0
1104750 1723.9
1104760 1723.9
1104770 1717.6
1104780 1712.6
1104790 1712.6
1104800 1719.1
1104810 1718.5
1104820 1718.5
1104830 1719.4
1104840 1726.9
1104850 1726.9
1104860 1733.9
1104870 1741.5
1104880 1741.5
1104890 1745.2
1104900 1747.7
1104910 1747.7
1104920 1750.1
1104930 1751.0
1104940 1751.0
1104950 1756.3
1104960 1764.2
1104970 1771.1
1104980 1771.1
1104990 1777.7
1105000 1782.7
1105010 1782.7
1105020 1783.1
1105030 1794.3
1105040 1794.3
1105050 1795.0
1105060 1799.8
1105070 1799.8
1105080 1805.4
1105090 1812.1
1105100 1812.1
1105110 1818.7
1105120 1824.1
1105130 1824.1
1105140 1824.0
1105150 1820.1
1105160 1820.1
1105170 1817.5
1105180 1818.0
1105190 1818.0
1105200 1821.2
1105210 1825.4
1105220 1825.4
1105230 1831.3
1105240 1838.6
1105250 1838.6
1105260 1846.1
1105270 1854.0
1105280 1862.5
1105290 1862.5
1105300 1871.4
1105310 1880.0
1105320 1880.0
1105330 1888.0
1105340 1895.6
1105350 1895.6
1105360 1904.0
1105370 1921.9
1105380 1921.9
1105390 1929.8
1105400 1936.7
1105410 1936.7
1105420 1942.5
1105430 1939.6
1105440 1939.6
1105450 1926.7
1105460 1914.1
1105470 1914.1
1105480 1905.6
1105490 1898.7
1105500 1898.7
1105510 1888.4
1105520 1877.0
1105530 1877.0
1105540 1865.3
1105550 1863.0
1105560 1864.7
1105570 1864.7
1105580 1863.9
1105590 1855.1
1105600 1855.1
1105610 1844.0
1105620 1831.7
1105630 1831.7
1105640 1827.5
1105650 1832.5
1105660 1832.5
1105670 1830.2
1105680 1827.6
1105690 1827.6
1105700 1842.7
1105710 1869.7
1105720 1869.7
1105730 1887.9
1105740 1887.1
1105750 1887.1
1105760 1884.2
1105770 1889.1
1105780 1889.1
1105790 1896.2
1105800 1904.9
1105810 1904.9
1105820 1915.3
1105830 1918.3
1105840 1912.4
1105850 1912.4
1105860 1923.0
1105870 1926.8
1105880 1926.8
1105890 1922.0
1105900 1921.0
1105910 1921.0
1105920 1929.3
1105930 1928.4
1105940 1928.4
1105950 1933.3
1105960 1930.3
1105970 1930.3
1105980 1940.3
1105990 1947.3
1106000 1947.3
1106010 1948.4
1106020 1950.2
1106030 1950.2
1106040 1964.7
1106050 1972.0
1106060 1972.0
1106070 1981.3
1106080 1991.1
1106090 1991.1
1106100 2005.0
1106110 2010.9
1106120 2010.9
1106130 2010.8
1106140 2007.3
1106150 1992.6
1106160 1992.6
1106170 1984.0
1106180 1971.5
1106190 1971.5
1106200 1960.1
1106210 1952.1
1106220 1952.1
1106230 1943.6
1106240 1936.9
1106250 1936.9
1106260 1936.2
1106270 1935.0
1106280 1935.0
1106290 1930.8
1106300 1928.2
1106310 1928.2
1106320 1924.8
1106330 1921.4
1106340 1921.4
1106350 1918.2
1106360 1915.2
1106370 1915.2
1106380 1904.3
1106390 1901.8
1106400 1901.8
1106410 1897.0
1106420 1896.4
1106430 1897.0
1106440 1897.0
1106450 1895.5
1106460 1893.3
1106470 1893.3
1106480 1892.2
1106490 1891.8
1106500 1891.8
1106510 1890.9
1106520 1889.9
1106530 1889.9
1106540 1890.0
1106550 1891.5
1106560 1891.5
1106570 1894.2
1106580 1894.2
1106590 1894.2
1106600 1893.6
1106610 1894.4
1106620 1894.4
1106630 1893.8
1106640 1893.1
1106650 1893.1
1106660 1895.3
1106670 1897.3
1106680 1897.3
1106690 1899.4
1106700 1899.0
1106710 1899.0
1106720 1890.1
1106730 1888.9
1106740 1888.9
1106750 1888.9
1106760 1889.3
1106770 1890.0
1106780 1890.0
1106790 1892.6
1106800 1893.7
1106810 1893.7
1106820 1890.4
1106830 1880.7
1106840 1880.7
1106850 1873.7
1106860 1866.0
1106870 1866.0
1106880 1861.7
1106890 1857.6
1106900 1857.6
1106910 1846.1
1106920 1832.2
1106930 1832.2
1106940 1829.8
1106950 1827.9
1106960 1827.9
1106970 1825.2
1106980 1816.9
1106990 1816.9
1107000 1813.8
1107010 1810.8
1107020 1809.7
1107030 1809.7
1107040 1808.4
1107050 1798.7
1107060 1798.7
1107070 1796.7
1107080 1795.6
1107090 1795.6
1107100 1794.0
1107110 1783.6
1107120 1783.6
1107130 1781.8
1107140 1779.5
1107150 1779.5
1107160 1776.5
1107170 1775.6
1107180 1775.6
1107190 1775.6
1107200 1774.5
1107210 1774.5
1107220 1773.7
1107230 1772.5
1107240 1772.5
1107250 1771.5
1107260 1770.7
1107270 1770.7
1107280 1770.4
1107290 1770.3
1107300 1769.8
1107310 1769.8
1107320 1769.1
1107330 1767.6
1107340 1767.6
1107350 1765.2
1107360 1762.1
1107370 1762.1
1107380 1758.5
1107390 1745.6
1107400 1745.6
1107410 1740.7
1107420 1738.1
1107430 1738.1
1107440 1736.6
1107450 1735.4
1107460 1735.4
1107470 1734.2
1107480 1733.4
1107490 1733.4
1107500 1732.6
1107510 1731.3
1107520 1731.3
1107530 1730.8
1107540 1729.6
1107550 1729.6
1107560 1728.7
1107570 1728.2
1107580 1728.2
1107590 1726.5
1107600 1725.5
1107610 1724.8
1107620 1724.8
1107630 1723.5
1107640 1722.2
1107650 1722.2
1107660 1721.5
1107670 1719.3
1107680 1719.3
1107690 1716.2
1107700 1713.0
1107710 1713.0
1107720 1711.5
1107730 1704.8
1107740 1704.8
1107750 1703.8
1107760 1702.9
1107770 1702.9
1107780 1701.5
1107790 1697.7
1107800 1697.7
1107810 1681.9
1107820 1657.3
1107830 1657.3
1107840 1637.5
1107850 1619.6
1107860 1619.6
1107870 1566.0
1107880 1558.7
1107890 1554.9
1107900 1554.9
1107910 1547.5
1107920 1521.5
1107930 1521.5
1107940 1496.4
1107950 1481.3
1107960 1481.3
1107970 1464.9
1107980 1452.0
1107990 1452.0
1108000 1433.8
1108010 1409.5
1108020 1409.5
1108030 1390.0
1108040 1370.2
1108050 1370.2
1108060 1355.6
1108070 1324.4
1108080 1324.4
1108090 1320.1
1108100 1314.6
1108110 1314.6
1108120 1304.0
1108130 1290.3
1108140 1290.3
1108150 1273.0
1108160 1261.2
1108170 1261.2
1108180 1249.2
1108190 1238.2
1108200 1227.4
1108210 1227.4
1108220 1220.8
1108230 1210.2
1108240 1210.2
1108250 1201.3
1108260 1194.0
1108270 1194.0
1108280 1187.1
1108290 1180.6
1108300 1180.6
1108310 1174.2
1108320 1167.9
1108330 1167.9
1108340 1158.1
1108350 1149.9
1108360 1149.9
1108370 1143.2
1108380 1136.0
1108390 1136.0
1108400 1127.8
1108410 1125.8
1108420 1125.8
1108430 1119.7
1108440 1113.2
1108450 1113.2
1108460 1106.8
1108470 1099.9
1108480 1093.3
1108490 1093.3
1108500 1087.1
1108510 1081.6
1108520 1081.6
1108530 1076.0
1108540 1069.3
1108550 1069.3
1108560 1062.0
1108570 1055.2
1108580 1055.2
1108590 1048.4
1108600 1042.2
1108610 1042.2
1108620 1036.3
1108630 1030.4
1108640 1030.4
1108650 1024.3
1108660 1018.4
1108670 1018.4
1108680 1012.4
1108690 1006.3
1108700 1006.3
1108710 1000.4
1108720 995.0
1108730 995.0
1108740 989.3
1108750 985.4
1108760 979.5
1108770 979.5
1108780 974.1
1108790 968.8
1108800 968.8
1108810 962.9
1108820 957.1
1108830 957.1
1108840 951.2
1108850 945.1
1108860 945.1
1108870 939.6
1108880 933.4
1108890 933.4
1108900 927.2
1108910 921.2
1108920 921.2
1108930 916.1
1108940 911.5
1108950 911.5
1108960 907.8
1108970 903.9
1108980 903.9
1108990 897.7
1109000 891.1
1109010 891.1
1109020 884.5
1109030 878.4
1109040 878.4
1109050 871.8
1109060 865.0
1109070 857.2
1109080 857.2
1109090 849.5
1109100 841.2
1109110 841.2
1109120 833.3
1109130 825.7
1109140 825.7
1109150 819.3
1109160 816.6
1109170 816.6
1109180 814.0
1109190 810.9
1109200 810.9
1109210 808.1
1109220 804.9
1109230 804.9
1109240 802.2
1109250 799.5
1109260 799.5
1109270 796.5
1109280 793.5
1109290 793.5
1109300 790.3
1109310 787.2
1109320 787.2
1109330 783.7
1109340 780.7
1109350 777.6
1109360 777.6
1109370 774.3
1109380 769.5
1109390 769.5
1109400 767.4
1109410 764.9
1109420 764.9
1109430 764.9
1109440 764.9
1109450 764.9
1109460 765.0
1109470 765.0
1109480 765.0
1109490 765.3
1109500 765.3
1109510 765.3
1109520 764.8
1109530 765.0
1109540 765.0
1109550 765.1
1109560 764.4
1109570 764.4
1109580 764.2
1109590 764.1
1109600 764.1
1109610 764.8
1109620 765.6
1109630 765.6
1109640 767.5
1109650 768.2
1109660 768.1
1109670 768.1
1109680 768.3
1109690 769.0
1109700 769.0
1109710 769.6
1109720 772.0
1109730 772.0
1109740 771.0
1109750 772.0
1109760 772.0
1109770 770.9
1109780 771.7
1109790 771.7
1109800 772.3
1109810 772.8
1109820 772.8
1109830 773.6
1109840 775.0
1109850 775.0
1109860 776.5
1109870 777.9
1109880 777.9
1109890 778.9
1109900 780.2
1109910 780.2
1109920 781.7
1109930 783.5
1109940 785.6
1109950 785.6
1109960 786.7
1109970 788.1
1109980 788.1
1109990 789.1
1110000 788.5
1110010 788.5
1110020 789.1
1110030 790.0
1110040 790.0
1110050 790.7
1110060 792.0
1110070 792.0
1110080 793.2
1110090 794.4
1110100 794.4
1110110 793.6
1110120 795.0
1110130 795.0
1110140 795.8
1110150 796.8
1110160 796.8
1110170 797.5
1110180 797.0
1110190 797.0
1110200 797.5
1110210 798.8
1110220 801.1
1110230 801.1
1110240 803.4
1110250 806.0
1110260 806.0
1110270 807.8
1110280 810.4
1110290 810.4
1110300 812.9
1110310 815.2
1110320 815.2
1110330 818.0
1110340 820.9
1110350 820.9
1110360 823.1
1110370 825.3
1110380 825.3
1110390 828.1
1110400 831.1
1110410 831.1
1110420 833.2
1110430 834.2
1110440 834.2
1110450 838.5
1110460 841.4
1110470 841.4
1110480 856.9
1110490 952.4
1110500 952.4
1110510 983.2
1110520 989.6
1110530 1012.5
1110540 1012.5
1110550 1046.2
1110560 1054.5
1110570 1054.5
1110580 1057.8
1110590 1060.0
1110600 1060.0
1110610 1063.1
1110620 1066.6
1110630 1066.6
1110640 1070.9
1110650 1073.3
1110660 1073.3
1110670 1075.5
1110680 1077.1
1110690 1077.1
1110700 1080.1
1110710 1087.5
1110720 1087.5
1110730 1126.4
1110740 1142.7
1110750 1142.7
1110760 1144.0
1110770 1145.7
1110780 1145.7
1110790 1141.1
1110800 1141.5
1110810 1139.8
1110820 1139.8
1110830 1138.4
1110840 1137.4
1110850 1137.4
1110860 1140.6
1110870 1145.3
1110880 1145.3
1110890 1149.8
1110900 1158.3
1110910 1158.3
1110920 1196.6
1110930 1221.1
1110940 1221.1
1110950 1250.9
1110960 1289.9
1110970 1289.9
1110980 1341.6
1110990 1373.3
1111000 1373.3
1111010 1373.2
1111020 1373.9
1111030 1373.9
1111040 1374.4
1111050 1374.2
1111060 1374.2
1111070 1373.4
1111080 1374.6
1111090 1374.6
1111100 1390.9
1111110 1392.9
1111120 1388.1
1111130 1385.1
1111140 1381.6
1111150 1379.0
1111160 1379.0
1111170 1377.4
1111180 1375.5
1111190 1375.5
1111200 1373.2
1111210 1370.3
1111220 1370.3
1111230 1363.7
1111240 1356.8
1111250 1356.8
1111260 1349.2
1111270 1343.8
1111280 1343.8
1111290 1338.8
1111300 1333.7
1111310 1333.7
1111320 1330.1
1111330 1328.3
1111340 1328.3
1111350 1328.0
1111360 1326.0
1111370 1326.0
1111380 1323.0
1111390 1320.8
1111400 1319.5
1111410 1319.5
1111420 1319.0
1111430 1320.9
1111440 1320.9
1111450 1324.4
1111460 1325.9
1111470 1318.3
1111480 1318.6
1111490 1319.2
1111500 1319.2
1111510 1320.2
1111520 1320.3
1111530 1320.3
1111540 1319.2
1111550 1317.3
1111560 1317.3
1111570 1315.6
1111580 1313.9
1111590 1313.9
1111600 1313.1
1111610 1317.3
1111620 1317.3
1111630 1321.0
1111640 1321.4
1111650 1321.4
1111660 1321.3
1111670 1319.7
1111680 1317.4
1111690 1317.4
1111700 1314.1
1111710 1313.0
1111720 1313.0
1111730 1313.4
1111740 1313.9
1111750 1313.9
1111760 1313.9
1111770 1313.3
1111780 1313.3
1111790 1311.9
1111800 1310.6
1111810 1304.5
1111820 1304.0
1111830 1303.5
1111840 1303.5
1111850 1304.6
1111860 1307.6
1111870 1307.6
1111880 1309.2
1111890 1308.8
1111900 1308.8
1111910 1308.2
1111920 1306.7
1111930 1306.7
1111940 1303.3
1111950 1297.4
1111960 1297.4
1111970 1291.7
1111980 1285.8
1111990 1281.7
1112000 1281.7
1112010 1277.7
1112020 1273.1
1112030 1273.1
1112040 1267.1
1112050 1259.3
1112060 1259.3
1112070 1252.4
1112080 1247.7
1112090 1247.7
1112100 1244.6
1112110 1244.6
1112120 1244.6
1112130 1246.1
1112140 1246.0
1112150 1237.5
1112160 1235.4
1112170 1228.2
1112180 1228.2
1112190 1220.2
1112200 1199.2
1112210 1199.2
1112220 1190.4
1112230 1186.2
1112240 1186.2
1112250 1183.1
1112260 1180.9
1112270 1180.2
1112280 1180.2
1112290 1178.7
1112300 1178.1
1112310 1178.1
1112320 1177.6
1112330 1176.6
1112340 1176.6
1112350 1175.8
1112360 1174.4
1112370 1174.4
1112380 1175.1
1112390 1176.4
1112400 1176.4
1112410 1178.0
1112420 1178.8
1112430 1178.8
1112440 1179.1
1112450 1178.5
1112460 1178.5
1112470 1179.0
1112480 1180.3
1112490 1180.3
1112500 1177.5
1112510 1178.2
1112520 1178.2
1112530 1178.6
1112540 1178.7
1112550 1178.3
1112560 1178.3
1112570 1177.7
1112580 1179.8
1112590 1179.8
1112600 1180.2
1112610 1180.1
1112620 1180.1
1112630 1180.0
1112640 1179.1
1112650 1179.1
1112660 1181.3
1112670 1181.9
1112680 1181.9
1112690 1182.2
1112700 1182.4
1112710 1182.4
1112720 1183.2
1112730 1183.7
1112740 1183.7
1112750 1183.3
1112760 1182.1
1112770 1182.1
1112780 1182.1
1112790 1182.1
1112800 1182.1
1112810 1182.9
1112820 1183.1
1112830 1183.1
1112840 1180.7
1112850 1180.4
1112860 1179.8
1112870 1179.8
1112880 1178.5
1112890 1176.9
1112900 1176.9
1112910 1176.2
1112920 1175.5
1112930 1175.5
1112940 1173.9
1112950 1173.5
1112960 1173.5
1112970 1172.4
1112980 1171.9
1112990 1171.9
1113000 1171.1
1113010 1169.3
1113020 1169.3
1113030 1168.3
1113040 1167.7
1113050 1167.7
1113060 1167.1
1113070 1165.7
1113080 1165.7
1113090 1164.7
1113100 1164.3
1113110 1164.3
1113120 1163.5
1113130 1162.8
1113140 1161.9
1113150 1161.9
1113160 1162.3
1113170 1162.7
1113180 1160.5
1113190 1161.1
1113200 1161.7
1113210 1161.7
1113220 1161.5
1113230 1161.3
1113240 1161.3
1113250 1160.7
1113260 1161.2
1113270 1161.2
1113280 1161.8
1113290 1161.8
1113300 1161.8
1113310 1161.7
1113320 1162.3
1113330 1162.3
1113340 1162.8
1113350 1164.7
1113360 1164.7
1113370 1166.1
1113380 1167.6
1113390 1167.6
1113400 1168.9
1113410 1171.1
1113420 1171.1
1113430 1172.7
1113440 1174.0
1113450 1175.2
1113460 1175.2
1113470 1176.9
1113480 1178.0
1113490 1178.0
1113500 1179.2
1113510 1180.3
1113520 1180.3
1113530 1178.5
1113540 1174.8
1113550 1174.8
1113560 1167.2
1113570 1160.0
1113580 1160.0
1113590 1150.7
1113600 1145.4
1113610 1145.4
1113620 1143.2
1113630 1138.9
1113640 1138.9
1113650 1134.7
1113660 1139.4
1113670 1139.4
1113680 1148.1
1113690 1157.3
1113700 1157.3
1113710 1167.1
1113720 1172.8
1113730 1178.2
1113740 1178.2
1113750 1184.2
1113760 1187.1
1113770 1187.1
1113780 1189.3
1113790 1191.5
1113800 1191.5
1113810 1193.5
1113820 1195.1
1113830 1195.1
1113840 1196.9
1113850 1199.1
1113860 1199.1
1113870 1200.0
1113880 1201.9
1113890 1201.9
1113900 1203.8
1113910 1205.9
1113920 1205.9
1113930 1207.8
1113940 1209.8
1113950 1209.8
1113960 1211.7
1113970 1213.6
1113980 1213.6
1113990 1215.7
1114000 1217.6
1114010 1219.2
1114020 1219.2
1114030 1220.7
1114040 1222.3
1114050 1222.3
1114060 1224.0
1114070 1226.5
1114080 1226.5
1114090 1229.9
1114100 1233.6
1114110 1233.6
1114120 1237.6
1114130 1241.7
1114140 1241.7
1114150 1246.2
1114160 1250.7
1114170 1250.7
1114180 1255.5
1114190 1261.1
1114200 1261.1
1114210 1265.3
1114220 1271.4
1114230 1271.4
1114240 1277.7
1114250 1284.0
1114260 1284.0
1114270 1290.7
1114280 1297.7
1114290 1297.7
1114300 1305.0
1114310 1311.9
1114320 1318.6
1114330 1318.6
1114340 1327.1
1114350 1336.5
1114360 1336.5
1114370 1344.2
1114380 1353.4
1114390 1353.4
1114400 1363.1
1114410 1371.7
1114420 1371.7
1114430 1380.1
1114440 1388.8
1114450 1388.8
1114460 1397.7
1114470 1406.7
1114480 1406.7
1114490 1417.2
1114500 1428.4
1114510 1428.4
1114520 1439.9
1114530 1446.6
1114540 1446.6
1114550 1452.6
1114560 1447.7
1114570 1447.7
1114580 1447.7
1114590 1453.8
1114600 1459.9
1114610 1459.9
1114620 1466.2
1114630 1474.9
1114640 1474.9
1114650 1483.7
1114660 1491.2
1114670 1491.2
1114680 1497.6
1114690 1504.3
1114700 1504.3
1114710 1513.5
1114720 1522.4
1114730 1522.4
1114740 1531.2
1114750 1540.2
1114760 1540.2
1114770 1548.9
1114780 1558.1
1114790 1558.1
1114800 1566.2
1114810 1574.1
1114820 1574.1
1114830 1581.9
1114840 1589.7
1114850 1589.7
1114860 1597.2
1114870 1603.2
1114880 1603.2
1114890 1607.4
1114900 1605.4
1114910 1605.8
1114920 1605.8
1114930 1605.4
1114940 1604.4
1114950 1604.4
1114960 1603.3
1114970 1602.3
1114980 1602.3
1114990 1600.7
1115000 1599.0
1115010 1599.0
1115020 1597.9
1115030 1598.6
1115040 1598.6
1115050 1599.5
1115060 1600.2
1115070 1600.2
1115080 1601.7
1115090 1603.4
1115100 1603.4
1115110 1605.0
1115120 1606.2
1115130 1606.2
1115140 1607.2
1115150 1608.4
1115160 1608.4
1115170 1609.7
1115180 1611.2
1115190 1612.3
1115200 1612.3
1115210 1612.4
1115220 1613.5
1115230 1613.5
1115240 1614.3
1115250 1613.5
1115260 1613.5
1115270 1615.3
1115280 1616.4
1115290 1616.4
1115300 1618.0
1115310 1619.7
1115320 1619.7
1115330 1621.6
1115340 1623.4
1115350 1623.4
1115360 1624.9
1115370 1626.0
1115380 1626.0
1115390 1626.7
1115400 1627.2
1115410 1627.2
1115420 1627.2
1115430 1627.4
1115440 1627.4
1115450 1627.2
1115460 1627.0
1115470 1628.1
1115480 1628.1
1115490 1628.3
1115500 1628.7
1115510 1628.7
1115520 1630.5
1115530 1631.7
1115540 1631.7
1115550 1633.0
1115560 1633.4
1115570 1633.4
1115580 1633.7
1115590 1629.3
1115600 1629.3
1115610 1629.6
1115620 1630.0
1115630 1630.0
1115640 1629.6
1115650 1628.4
1115660 1628.4
1115670 1627.5
1115680 1627.7
1115690 1627.7
1115700 1629.2
1115710 1631.8
1115720 1631.8
1115730 1635.1
1115740 1636.6
1115750 1636.6
1115760 1638.3
1115770 1641.1
1115780 1644.1
1115790 1644.1
1115800 1647.6
1115810 1650.6
1115820 1650.6
1115830 1652.9
1115840 1653.7
1115850 1653.7
1115860 1653.2
1115870 1653.1
1115880 1653.1
1115890 1653.9
1115900 1656.5
1115910 1656.5
1115920 1658.0
1115930 1657.6
1115940 1653.1
1115950 1653.6
1115960 1653.3
1115970 1653.3
1115980 1651.9
1115990 1648.7
1116000 1648.7
1116010 1645.1
1116020 1642.6
1116030 1642.6
1116040 1639.4
1116050 1636.6
1116060 1633.8
1116070 1633.8
1116080 1629.4
1116090 1625.5
1116100 1625.5
1116110 1623.4
1116120 1622.0
1116130 1622.0
1116140 1619.2
1116150 1616.4
1116160 1616.4
1116170 1611.5
1116180 1606.3
1116190 1606.3
1116200 1600.2
1116210 1593.0
1116220 1593.0
1116230 1588.0
1116240 1586.4
1116250 1586.4
1116260 1583.8
1116270 1579.8
1116280 1577.2
1116290 1574.4
1116300 1574.2
1116310 1574.2
1116320 1573.5
1116330 1575.5
1116340 1578.5
1116350 1578.5
1116360 1579.2
1116370 1576.8
1116380 1576.8
1116390 1575.5
1116400 1576.3
1116410 1576.3
1116420 1576.4
1116430 1576.2
1116440 1576.2
1116450 1574.8
1116460 1575.4
1116470 1575.4
1116480 1574.1
1116490 1571.7
1116500 1571.7
1116510 1569.1
1116520 1564.3
1116530 1564.3
1116540 1560.9
1116550 1558.1
1116560 1558.1
1116570 1555.6
1116580 1554.0
1116590 1554.0
1116600 1553.1
1116610 1551.5
1116620 1551.5
1116630 1543.4
1116640 1540.1
1116650 1538.7
1116660 1538.7
1116670 1537.5
1116680 1536.3
1116690 1536.3
1116700 1534.1
1116710 1532.9
1116720 1532.9
1116730 1531.7
1116740 1530.9
1116750 1530.9
1116760 1530.3
1116770 1529.3
1116780 1529.3
1116790 1526.9
1116800 1525.0
1116810 1525.0
1116820 1523.5
1116830 1517.9
1116840 1517.9
1116850 1508.0
1116860 1508.8
1116870 1508.8
1116880 1517.8
1116890 1523.6
1116900 1523.6
1116910 1525.6
1116920 1528.6
1116930 1533.2
1116940 1533.2
1116950 1538.4
1116960 1544.3
1116970 1544.3
1116980 1554.4
1116990 1561.2
1117000 1561.2
1117010 1568.2
1117020 1573.7
1117030 1573.7
1117040 1578.6
1117050 1583.8
1117060 1583.8
1117070 1589.4
1117080 1595.1
1117090 1595.1
1117100 1600.8
1117110 1606.3
1117120 1606.3
1117130 1613.0
1117140 1618.5
1117150 1618.5
1117160 1623.7
1117170 1628.5
1117180 1628.5
1117190 1633.1
1117200 1637.0
1117210 1637.0
1117220 1640.0
1117230 1641.7
1117240 1642.6
1117250 1642.6
1117260 1643.6
1117270 1644.7
1117280 1644.7
1117290 1646.4
1117300 1648.5
1117310 1648.5
1117320 1653.7
1117330 1655.4
1117340 1655.4
1117350 1655.8
1117360 1655.6
1117370 1655.6
1117380 1655.8
1117390 1656.6
1117400 1656.6
1117410 1658.4
1117420 1660.8
1117430 1660.8
1117440 1663.8
1117450 1666.8
1117460 1666.8
1117470 1668.5
1117480 1669.3
1117490 1669.3
1117500 1670.3
1117510 1671.7
1117520 1673.2
1117530 1673.2
1117540 1674.3
1117550 1674.7
1117560 1674.7
1117570 1675.5
1117580 1677.5
1117590 1677.5
1117600 1680.0
1117610 1682.8
1117620 1682.8
1117630 1685.6
1117640 1687.9
1117650 1687.9
1117660 1690.1
1117670 1694.4
1117680 1694.4
1117690 1695.5
1117700 1696.9
1117710 1696.9
1117720 1698.9
1117730 1701.8
1117740 1701.8
1117750 1704.6
1117760 1708.5
1117770 1708.5
1117780 1712.5
1117790 1716.5
1117800 1720.6
1117810 1720.6
1117820 1724.6
1117830 1728.8
1117840 1728.8
1117850 1732.2
1117860 1736.2
1117870 1736.2
1117880 1741.6
1117890 1747.5
1117900 1747.5
1117910 1752.9
1117920 1758.3
1117930 1758.3
1117940 1763.5
1117950 1768.4
1117960 1768.4
1117970 1773.3
1117980 1777.7
1117990 1777.7
1118000 1780.8
1118010 1783.0
1118020 1791.1
1118030 1793.5
1118040 1796.9
1118050 1796.9
1118060 1801.8
1118070 1807.8
1118080 1807.8
1118090 1813.9
1118100 1818.3
1118110 1822.0
1118120 1822.0
1118130 1821.8
1118140 1821.5
1118150 1821.5
1118160 1820.1
1118170 1816.4
1118180 1816.4
1118190 1813.1
1118200 1810.7
1118210 1810.7
1118220 1808.3
1118230 1810.2
1118240 1810.2
1118250 1814.9
1118260 1819.9
1118270 1819.9
1118280 1825.7
1118290 1831.6
1118300 1831.6
1118310 1837.9
1118320 1843.8
1118330 1843.8
1118340 1850.3
1118350 1857.6
1118360 1857.6
1118370 1866.4
1118380 1873.2
1118390 1879.6
1118400 1879.6
1118410 1886.9
1118420 1894.2
1118430 1894.2
1118440 1901.0
1118450 1908.5
1118460 1908.5
1118470 1916.2
1118480 1922.9
1118490 1922.9
1118500 1928.3
1118510 1933.1
1118520 1933.1
1118530 1938.3
1118540 1942.3
1118550 1942.3
1118560 1942.4
1118570 1940.4
1118580 1940.4
1118590 1938.6
1118600 1936.0
1118610 1936.0
1118620 1931.6
1118630 1926.9
1118640 1926.9
1118650 1923.1
1118660 1919.3
1118670 1915.9
1118680 1915.9
1118690 1912.4
1118700 1909.0
1118710 1909.3
1118720 1904.6
1118730 1895.2
1118740 1895.2
1118750 1885.9
1118760 1878.5
1118770 1878.5
1118780 1873.4
1118790 1868.3
1118800 1868.3
1118810 1863.3
1118820 1856.8
1118830 1856.8
1118840 1851.5
1118850 1847.5
1118860 1847.5
1118870 1844.6
1118880 1842.2
1118890 1842.2
1118900 1839.1
1118910 1836.0
1118920 1836.0
1118930 1834.1
1118940 1828.5
1118950 1828.5
1118960 1821.3
1118970 1818.1
1118980 1810.7
1118990 1810.7
1119000 1802.0
1119010 1797.5
1119020 1797.5
1119030 1795.8
1119040 1793.1
1119050 1793.1
1119060 1797.6
1119070 1795.0
1119080 1795.0
1119090 1790.1
1119100 1786.6
1119110 1786.6
1119120 1781.4
1119130 1776.9
1119140 1776.9
1119150 1774.0
1119160 1771.3
1119170 1771.3
1119180 1767.8
1119190 1763.7
1119200 1763.7
1119210 1760.0
1119220 1757.1
1119230 1757.1
1119240 1754.3
1119250 1752.2
1119260 1750.8
1119270 1750.8
1119280 1750.3
1119290 1748.1
1119300 1748.1
1119310 1745.9
1119320 1743.6
1119330 1743.6
1119340 1742.6
1119350 1742.3
1119360 1742.3
1119370 1742.3
1119380 1742.0
1119390 1742.0
1119400 1741.7
1119410 1742.4
1119420 1742.4
1119430 1742.9
1119440 1742.5
1119450 1742.5
1119460 1741.3
1119470 1740.5
1119480 1740.5
1119490 1739.8
1119500 1739.1
1119510 1739.1
1119520 1738.0
1119530 1737.4
1119540 1736.7
1119550 1736.7
1119560 1736.0
1119570 1734.8
1119580 1734.8
1119590 1733.6
1119600 1732.0
1119610 1732.0
1119620 1732.0
1119630 1731.5
1119640 1731.5
1119650 1731.3
1119660 1730.7
1119670 1730.7
1119680 1730.3
1119690 1729.9
1119700 1729.9
1119710 1729.3
1119720 1729.2
1119730 1729.2
1119740 1728.5
1119750 1727.7
1119760 1727.6
1119770 1726.5
1119780 1725.3
1119790 1725.3
1119800 1723.9
1119810 1722.5
1119820 1722.5
1119830 1721.3
1119840 1720.1
1119850 1719.0
1119860 1719.0
1119870 1718.4
1119880 1717.7
1119890 1717.7
1119900 1716.2
1119910 1714.5
1119920 1714.5
1119930 1713.2
1119940 1711.8
1119950 1711.8
1119960 1710.3
1119970 1709.6
1119980 1709.6
1119990 1709.4
