1100000 900.5
1100010 898.2
1100020 896.1
1100030 896.1
1100040 892.9
1100050 891.8
1100060 891.8
1100070 892.5
1100080 892.7
1100090 892.7
1100100 890.5
1100110 886.8
1100120 883.5
1100130 883.5
1100140 878.2
1100150 873.0
1100160 873.0
1100170 871.0
1100180 876.5
1100190 876.5
1100200 888.0
1100210 901.9
1100220 901.9
1100230 912.6
1100240 922.0
1100250 922.0
1100260 926.6
1100270 928.4
1100280 928.4
1100290 926.9
1100300 926.5
1100310 926.5
1100320 928.0
1100330 940.2
1100340 940.2
1100350 943.1
1100360 944.6
1100370 944.6
1100380 943.3
1100390 941.4
1100400 941.4
1100410 941.2
1100420 941.6
1100430 942.5
1100440 942.5
1100450 942.1
1100460 940.9
1100470 940.9
1100480 940.0
1100490 940.0
1100500 940.0
1100510 941.3
1100520 940.0
1100530 940.0
1100540 936.1
1100550 933.5
1100560 933.5
1100570 929.4
1100580 924.0
1100590 924.0
1100600 919.4
1100610 915.5
1100620 915.5
1100630 911.4
1100640 908.1
1100650 908.1
1100660 908.3
1100670 906.5
1100680 906.5
1100690 906.1
1100700 906.5
1100710 906.4
1100720 906.4
1100730 906.4
1100740 904.9
1100750 904.9
1100760 905.1
1100770 906.9
1100780 906.9
1100790 909.2
1100800 910.4
1100810 910.4
1100820 911.6
1100830 913.1
1100840 913.1
1100850 917.4
1100860 923.3
1100870 923.3
1100880 925.0
1100890 926.4
1100900 926.4
1100910 928.7
1100920 928.5
1100930 928.5
1100940 928.8
1100950 929.6
1100960 929.6
1100970 930.3
1100980 931.7
1100990 937.1
1101000 937.1
1101010 938.7
1101020 940.2
1101030 940.2
1101040 941.0
1101050 941.1
1101060 941.1
1101070 940.7
1101080 940.8
1101090 940.8
1101100 940.1
1101110 938.8
1101120 938.8
1101130 935.9
1101140 929.9
1101150 929.9
1101160 921.1
1101170 911.9
1101180 911.9
1101190 906.8
1101200 906.5
1101210 906.5
1101220 905.5
1101230 904.2
1101240 904.2
1101250 904.4
1101260 907.4
1101270 907.4
1101280 910.1
1101290 910.3
1101300 907.2
1101310 907.2
1101320 905.6
1101330 907.9
1101340 907.9
1101350 901.0
1101360 897.7
1101370 897.7
1101380 896.9
1101390 896.2
1101400 896.2
1101410 896.6
1101420 900.2
1101430 900.2
1101440 904.2
1101450 908.6
1101460 908.6
1101470 913.8
1101480 919.1
1101490 919.1
1101500 919.7
1101510 918.7
1101520 918.7
1101530 917.3
1101540 915.5
1101550 915.5
1101560 912.8
1101570 909.1
1101580 906.1
1101590 906.1
1101600 903.7
1101610 904.1
1101620 904.1
1101630 903.9
1101640 902.8
1101650 902.8
1101660 905.3
1101670 903.3
1101680 903.3
1101690 898.7
1101700 892.8
1101710 892.8
1101720 888.3
1101730 886.3
1101740 886.3
1101750 884.7
1101760 883.9
1101770 883.9
1101780 878.3
1101790 871.8
1101800 871.8
1101810 864.7
1101820 858.4
1101830 858.4
1101840 854.8
1101850 848.7
1101860 848.7
1101870 841.9
1101880 836.3
1101890 829.6
1101900 829.6
1101910 820.0
1101920 811.3
1101930 811.3
1101940 803.0
1101950 796.2
1101960 796.2
1101970 790.8
1101980 785.1
1101990 782.0
1102000 774.9
1102010 771.6
1102020 771.6
1102030 775.2
1102040 782.4
1102050 782.4
1102060 789.0
1102070 795.1
1102080 795.1
1102090 804.0
1102100 811.3
1102110 811.3
1102120 816.5
1102130 822.1
1102140 822.1
1102150 825.0
1102160 829.0
1102170 834.6
1102180 834.6
1102190 838.5
1102200 843.7
1102210 843.7
1102220 849.3
1102230 854.0
1102240 854.0
1102250 859.8
1102260 864.3
1102270 864.3
1102280 867.4
1102290 866.7
1102300 866.7
1102310 866.0
1102320 867.1
1102330 873.7
1102340 875.1
1102350 876.3
1102360 876.3
1102370 876.4
1102380 876.5
1102390 876.5
1102400 878.2
1102410 878.6
1102420 878.6
1102430 880.8
1102440 883.5
1102450 883.5
1102460 884.8
1102470 884.9
1102480 885.0
1102490 885.0
1102500 885.8
1102510 886.1
1102520 886.1
1102530 885.8
1102540 886.0
1102550 886.0
1102560 887.4
1102570 888.8
1102580 888.8
1102590 889.2
1102600 888.6
1102610 888.6
1102620 888.3
1102630 888.4
1102640 888.4
1102650 889.4
1102660 899.6
1102670 899.6
1102680 902.5
1102690 907.3
1102700 907.3
1102710 912.8
1102720 913.6
1102730 913.6
1102740 911.8
1102750 911.9
1102760 912.3
1102770 912.3
1102780 916.3
1102790 918.9
1102800 918.9
1102810 920.9
1102820 922.6
1102830 922.6
1102840 924.4
1102850 925.1
1102860 925.1
1102870 925.2
1102880 925.9
1102890 925.9
1102900 927.2
1102910 928.0
1102920 928.0
1102930 928.5
1102940 928.3
1102950 928.3
1102960 928.1
1102970 928.3
1102980 928.3
1102990 932.0
1103000 931.9
1103010 931.9
1103020 936.2
1103030 940.0
1103040 940.0
1103050 944.7
1103060 948.6
1103070 951.5
1103080 951.5
1103090 952.2
1103100 956.7
1103110 956.7
1103120 959.4
1103130 962.8
1103140 962.8
1103150 964.7
1103160 967.3
1103170 967.3
1103180 969.5
1103190 970.5
1103200 970.5
1103210 970.6
1103220 970.4
1103230 970.4
1103240 970.6
1103250 971.3
1103260 971.3
1103270 974.5
1103280 979.2
1103290 979.2
1103300 974.7
1103310 975.7
1103320 975.7
1103330 993.2
1103340 1001.8
1103350 1000.2
1103360 1000.2
1103370 992.9
1103380 991.1
1103390 991.1
1103400 994.3
1103410 1002.2
1103420 1002.2
1103430 1013.1
1103440 1018.9
1103450 1018.9
1103460 1016.3
1103470 1016.6
1103480 1016.6
1103490 1018.5
1103500 1021.0
1103510 1021.0
1103520 1024.5
1103530 1028.1
1103540 1028.1
1103550 1036.4
1103560 1046.4
1103570 1046.4
1103580 1057.6
1103590 1078.6
1103600 1078.6
1103610 1098.8
1103620 1104.4
1103630 1104.4
1103640 1110.3
1103650 1118.4
1103660 1149.5
1103670 1149.5
1103680 1157.0
1103690 1160.5
1103700 1160.5
1103710 1164.1
1103720 1168.1
1103730 1168.1
1103740 1168.3
1103750 1158.9
1103760 1158.9
1103770 1135.9
1103780 1130.1
1103790 1130.1
1103800 1153.1
1103810 1174.2
1103820 1174.2
1103830 1180.4
1103840 1181.2
1103850 1181.2
1103860 1182.7
1103870 1185.7
1103880 1185.7
1103890 1190.4
1103900 1192.5
1103910 1192.5
1103920 1194.4
1103930 1199.5
1103940 1199.9
1103950 1199.9
1103960 1202.6
1103970 1205.7
1103980 1205.7
1103990 1202.8
1104000 1207.0
1104010 1207.0
1104020 1202.4
1104030 1203.2
1104040 1203.2
1104050 1203.9
1104060 1205.0
1104070 1205.0
1104080 1213.1
1104090 1222.8
1104100 1222.8
1104110 1227.8
1104120 1232.8
1104130 1232.8
1104140 1237.0
1104150 1242.1
1104160 1242.1
1104170 1245.9
1104180 1247.2
1104190 1247.2
1104200 1249.3
1104210 1245.6
1104220 1245.6
1104230 1244.6
1104240 1241.5
1104250 1236.1
1104260 1236.1
1104270 1228.7
1104280 1217.8
1104290 1217.8
1104300 1209.7
1104310 1203.3
1104320 1203.3
1104330 1205.8
1104340 1201.8
1104350 1201.8
1104360 1199.2
1104370 1195.8
1104380 1195.8
1104390 1192.8
1104400 1192.1
1104410 1192.1
1104420 1191.8
1104430 1191.5
1104440 1191.5
1104450 1189.4
1104460 1186.7
1104470 1186.7
1104480 1178.3
1104490 1166.7
1104500 1166.7
1104510 1158.9
1104520 1158.5
1104530 1160.1
1104540 1160.1
1104550 1160.8
1104560 1166.8
1104570 1166.8
1104580 1173.1
1104590 1179.2
1104600 1179.2
1104610 1185.0
1104620 1191.1
1104630 1191.1
1104640 1193.3
1104650 1193.3
1104660 1193.3
1104670 1196.5
1104680 1195.4
1104690 1195.4
1104700 1191.2
1104710 1182.1
1104720 1182.1
1104730 1173.5
1104740 1167.6
1104750 1167.6
1104760 1169.0
1104770 1166.9
1104780 1166.9
1104790 1170.5
1104800 1180.9
1104810 1190.3
1104820 1190.3
1104830 1197.9
1104840 1204.5
1104850 1204.5
1104860 1212.9
1104870 1220.9
1104880 1220.9
1104890 1226.9
1104900 1231.2
1104910 1231.2
1104920 1234.4
1104930 1236.9
1104940 1236.9
1104950 1238.9
1104960 1240.9
1104970 1240.9
1104980 1244.7
1104990 1250.1
1105000 1255.9
1105010 1260.8
1105020 1264.6
1105030 1264.6
1105040 1267.7
1105050 1270.8
1105060 1270.8
1105070 1272.8
1105080 1271.9
1105090 1271.9
1105100 1268.9
1105110 1269.3
1105120 1276.4
1105130 1276.4
1105140 1284.3
1105150 1288.0
1105160 1288.0
1105170 1289.6
1105180 1296.2
1105190 1296.2
1105200 1299.6
1105210 1301.8
1105220 1301.8
1105230 1304.1
1105240 1306.0
1105250 1306.0
1105260 1308.2
1105270 1310.9
1105280 1310.9
1105290 1314.9
1105300 1319.8
1105310 1319.8
1105320 1325.2
1105330 1329.5
1105340 1335.4
1105350 1338.7
1105360 1339.4
1105370 1339.4
1105380 1338.6
1105390 1334.6
1105400 1331.0
1105410 1331.0
1105420 1329.4
1105430 1327.5
1105440 1327.5
1105450 1325.7
1105460 1322.5
1105470 1322.5
1105480 1319.5
1105490 1317.3
1105500 1317.3
1105510 1315.7
1105520 1313.8
1105530 1313.8
1105540 1312.7
1105550 1312.1
1105560 1312.1
1105570 1310.3
1105580 1308.6
1105590 1308.6
1105600 1307.1
1105610 1308.6
1105620 1308.6
1105630 1314.6
1105640 1321.8
1105650 1321.8
1105660 1326.0
1105670 1343.7
1105680 1357.6
1105690 1364.4
1105700 1368.2
1105710 1369.3
1105720 1369.3
1105730 1370.6
1105740 1372.1
1105750 1372.1
1105760 1373.1
1105770 1374.4
1105780 1374.4
1105790 1376.8
1105800 1381.2
1105810 1381.2
1105820 1386.0
1105830 1394.3
1105840 1394.3
1105850 1399.4
1105860 1403.4
1105870 1403.4
1105880 1402.0
1105890 1404.1
1105900 1404.1
1105910 1409.7
1105920 1413.8
1105930 1413.8
1105940 1419.2
1105950 1426.1
1105960 1426.1
1105970 1431.8
1105980 1436.4
1105990 1442.5
1106000 1442.5
1106010 1472.4
1106020 1480.3
1106030 1480.3
1106040 1485.3
1106050 1485.7
1106060 1485.7
1106070 1483.6
1106080 1483.0
1106090 1483.0
1106100 1484.6
1106110 1485.8
1106120 1485.8
1106130 1488.9
1106140 1491.9
1106150 1491.9
1106160 1499.4
1106170 1509.6
1106180 1509.6
1106190 1521.6
1106200 1531.1
1106210 1531.1
1106220 1540.4
1106230 1545.7
1106240 1545.7
1106250 1553.1
1106260 1552.5
1106270 1552.5
1106280 1550.2
1106290 1547.8
1106300 1551.5
1106310 1551.5
1106320 1559.2
1106330 1560.9
1106340 1560.9
1106350 1579.0
1106360 1552.7
1106370 1552.7
1106380 1544.3
1106390 1541.2
1106400 1541.2
1106410 1540.7
1106420 1541.6
1106430 1541.6
1106440 1530.6
1106450 1517.4
1106460 1517.4
1106470 1515.3
1106480 1517.1
1106490 1517.1
1106500 1531.1
1106510 1541.2
1106520 1541.2
1106530 1546.3
1106540 1547.9
1106550 1547.9
1106560 1547.3
1106570 1544.1
1106580 1539.5
1106590 1539.5
1106600 1535.7
1106610 1531.4
1106620 1531.4
1106630 1526.8
1106640 1521.6
1106650 1521.6
1106660 1517.1
1106670 1513.4
1106680 1513.4
1106690 1518.4
1106700 1518.1
1106710 1518.1
1106720 1519.3
1106730 1521.8
1106740 1521.8
1106750 1524.2
1106760 1527.9
1106770 1527.9
1106780 1532.6
1106790 1538.2
1106800 1538.2
1106810 1543.1
1106820 1544.0
1106830 1544.0
1106840 1545.7
1106850 1546.7
1106860 1546.7
1106870 1540.9
1106880 1541.7
1106890 1551.3
1106900 1551.3
1106910 1560.1
1106920 1564.9
1106930 1564.9
1106940 1567.8
1106950 1568.6
1106960 1568.6
1106970 1566.5
1106980 1560.5
1106990 1560.5
1107000 1557.8
1107010 1558.6
1107020 1573.7
1107030 1573.8
1107040 1573.4
1107050 1573.4
1107060 1572.9
1107070 1572.8
1107080 1572.8
1107090 1578.7
1107100 1595.9
1107110 1595.9
1107120 1617.0
1107130 1629.2
1107140 1629.2
1107150 1646.6
1107160 1652.8
1107170 1660.3
1107180 1660.3
1107190 1659.8
1107200 1656.6
1107210 1656.6
1107220 1655.1
1107230 1649.3
1107240 1649.3
1107250 1641.4
1107260 1636.5
1107270 1636.5
1107280 1638.6
1107290 1647.7
1107300 1647.7
1107310 1652.8
1107320 1647.7
1107330 1647.7
1107340 1652.8
1107350 1658.9
1107360 1666.7
1107370 1668.5
1107380 1670.6
1107390 1670.6
1107400 1676.2
1107410 1679.7
1107420 1679.7
1107430 1684.7
1107440 1692.7
1107450 1697.2
1107460 1697.2
1107470 1693.4
1107480 1693.3
1107490 1693.3
1107500 1689.3
1107510 1686.3
1107520 1686.3
1107530 1681.0
1107540 1681.7
1107550 1681.7
1107560 1683.6
1107570 1684.2
1107580 1684.2
1107590 1684.2
1107600 1679.0
1107610 1679.0
1107620 1675.3
1107630 1662.8
1107640 1662.8
1107650 1621.7
1107660 1582.3
1107670 1582.3
1107680 1567.2
1107690 1540.1
1107700 1588.6
1107710 1576.0
1107720 1557.0
1107730 1557.0
1107740 1510.3
1107750 1495.6
1107760 1483.6
1107770 1483.6
1107780 1454.8
1107790 1421.3
1107800 1421.3
1107810 1398.0
1107820 1376.7
1107830 1376.7
1107840 1371.0
1107850 1366.3
1107860 1366.3
1107870 1361.0
1107880 1354.5
1107890 1354.5
1107900 1347.0
1107910 1341.8
1107920 1341.8
1107930 1336.1
1107940 1329.8
1107950 1329.8
1107960 1323.8
1107970 1319.2
1107980 1319.2
1107990 1318.6
1108000 1317.6
1108010 1317.6
1108020 1313.7
1108030 1310.5
1108040 1315.4
1108050 1315.4
1108060 1312.4
1108070 1308.9
1108080 1308.9
1108090 1304.7
1108100 1299.8
1108110 1299.8
1108120 1295.0
1108130 1288.7
1108140 1288.7
1108150 1286.3
1108160 1286.4
1108170 1286.4
1108180 1281.8
1108190 1276.2
1108200 1276.2
1108210 1267.0
1108220 1254.3
1108230 1254.3
1108240 1244.0
1108250 1234.4
1108260 1234.4
1108270 1211.2
1108280 1192.8
1108290 1192.8
1108300 1166.2
1108310 1152.1
1108320 1152.1
1108330 1141.8
1108340 1133.6
1108350 1126.1
1108360 1126.1
1108370 1118.8
1108380 1124.6
1108390 1124.6
1108400 1110.3
1108410 1099.3
1108420 1099.3
1108430 1091.1
1108440 1081.6
1108450 1081.6
1108460 1073.3
1108470 1066.5
1108480 1066.5
1108490 1059.3
1108500 1051.9
1108510 1051.9
1108520 1044.4
1108530 1036.8
1108540 1036.8
1108550 1029.7
1108560 1022.3
1108570 1022.3
1108580 1015.1
1108590 1008.1
1108600 1008.1
1108610 1001.4
1108620 994.9
1108630 988.3
1108640 988.3
1108650 981.6
1108660 974.9
1108670 974.9
1108680 968.5
1108690 962.1
1108700 962.1
1108710 955.9
1108720 948.8
1108730 948.8
1108740 942.7
1108750 936.6
1108760 936.6
1108770 930.4
1108780 924.2
1108790 924.2
1108800 918.4
1108810 912.8
1108820 912.8
1108830 906.9
1108840 901.5
1108850 901.5
1108860 895.9
1108870 890.0
1108880 890.0
1108890 883.9
1108900 877.7
1108910 877.7
1108920 871.7
1108930 865.5
1108940 859.3
1108950 859.3
1108960 853.4
1108970 847.8
1108980 847.8
1108990 842.0
1109000 836.0
1109010 836.0
1109020 830.2
1109030 825.1
1109040 825.1
1109050 820.3
1109060 815.4
1109070 815.4
1109080 810.5
1109090 805.9
1109100 805.9
1109110 801.9
1109120 798.0
1109130 798.0
1109140 793.6
1109150 786.8
1109160 786.8
1109170 778.8
1109180 771.3
1109190 771.3
1109200 764.2
1109210 759.3
1109220 758.9
1109230 758.9
1109240 758.6
1109250 758.6
1109260 758.6
1109270 759.1
1109280 759.0
1109290 759.0
1109300 757.6
1109310 757.2
1109320 757.2
1109330 757.2
1109340 757.3
1109350 757.3
1109360 757.4
1109370 757.4
1109380 757.4
1109390 757.9
1109400 757.7
1109410 757.7
1109420 757.9
1109430 758.2
1109440 758.2
1109450 759.2
1109460 759.2
1109470 759.2
1109480 760.4
1109490 761.9
1109500 761.9
1109510 762.2
1109520 762.9
1109530 764.8
1109540 764.8
1109550 770.4
1109560 774.7
1109570 774.7
1109580 776.1
1109590 777.4
1109600 777.4
1109610 778.8
1109620 780.8
1109630 780.8
1109640 782.4
1109650 788.4
1109660 788.4
1109670 795.5
1109680 802.8
1109690 802.8
1109700 809.4
1109710 814.6
1109720 814.6
1109730 818.6
1109740 820.1
1109750 820.1
1109760 823.3
1109770 825.9
1109780 825.9
1109790 828.7
1109800 829.6
1109810 832.4
1109820 832.4
1109830 834.9
1109840 838.0
1109850 838.0
1109860 841.8
1109870 846.0
1109880 846.0
1109890 850.3
1109900 854.2
1109910 854.2
1109920 857.3
1109930 861.9
1109940 861.9
1109950 867.2
1109960 871.6
1109970 871.6
1109980 876.5
1109990 882.1
1110000 882.1
1110010 888.1
1110020 893.8
1110030 893.8
1110040 899.8
1110050 905.5
1110060 905.5
1110070 911.7
1110080 914.0
1110090 919.5
1110100 919.5
1110110 924.9
1110120 930.0
1110130 930.0
1110140 934.5
1110150 938.3
1110160 938.3
1110170 943.3
1110180 948.1
1110190 948.1
1110200 953.8
1110210 959.6
1110220 959.6
1110230 965.2
1110240 970.6
1110250 970.6
1110260 976.4
1110270 982.2
1110280 982.2
1110290 988.0
1110300 993.1
1110310 993.1
1110320 997.5
1110330 1001.9
1110340 1001.9
1110350 1005.7
1110360 1009.5
1110370 1009.5
1110380 1012.7
1110390 1015.6
1110400 1019.3
1110410 1019.3
1110420 1019.9
1110430 1024.5
1110440 1024.5
1110450 1029.6
1110460 1033.4
1110470 1033.4
1110480 1037.3
1110490 1043.0
1110500 1043.0
1110510 1048.1
1110520 1056.2
1110530 1056.2
1110540 1063.2
1110550 1071.8
1110560 1071.8
1110570 1077.6
1110580 1082.9
1110590 1082.9
1110600 1089.0
1110610 1093.6
1110620 1093.6
1110630 1100.1
1110640 1103.7
1110650 1103.7
1110660 1106.8
1110670 1111.7
1110680 1116.2
1110690 1116.2
1110700 1121.0
1110710 1127.3
1110720 1127.3
1110730 1133.4
1110740 1139.2
1110750 1139.2
1110760 1147.9
1110770 1158.6
1110780 1158.6
1110790 1168.7
1110800 1184.3
1110810 1184.3
1110820 1209.4
1110830 1298.2
1110840 1298.2
1110850 1410.5
1110860 1448.5
1110870 1448.5
1110880 1474.1
1110890 1489.0
1110900 1489.0
1110910 1505.9
1110920 1515.2
1110930 1515.2
1110940 1523.3
1110950 1531.5
1110960 1531.5
1110970 1539.6
1110980 1547.3
1110990 1555.5
1111000 1555.5
1111010 1562.9
1111020 1564.5
1111030 1564.5
1111040 1561.8
1111050 1556.8
1111060 1556.8
1111070 1553.4
1111080 1555.2
1111090 1555.2
1111100 1557.1
1111110 1561.4
1111120 1561.4
1111130 1566.7
1111140 1570.9
1111150 1570.9
1111160 1574.8
1111170 1579.2
1111180 1579.2
1111190 1584.9
1111200 1591.7
1111210 1591.7
1111220 1598.1
1111230 1604.6
1111240 1604.6
1111250 1610.2
1111260 1614.4
1111270 1616.6
1111280 1616.6
1111290 1617.1
1111300 1620.7
1111310 1620.7
1111320 1623.8
1111330 1623.2
1111340 1623.2
1111350 1623.4
1111360 1622.1
1111370 1622.1
1111380 1619.7
1111390 1618.1
1111400 1618.1
1111410 1616.7
1111420 1615.0
1111430 1615.0
1111440 1610.6
1111450 1608.9
1111460 1608.9
1111470 1607.6
1111480 1606.6
1111490 1606.6
1111500 1605.0
1111510 1602.3
1111520 1602.3
1111530 1599.7
1111540 1597.8
1111550 1597.8
1111560 1596.7
1111570 1595.4
1111580 1594.1
1111590 1594.1
1111600 1592.6
1111610 1590.8
1111620 1590.8
1111630 1588.4
1111640 1587.7
1111650 1587.7
1111660 1587.1
1111670 1586.0
1111680 1586.0
1111690 1584.5
1111700 1582.7
1111710 1582.7
1111720 1581.1
1111730 1579.8
1111740 1579.8
1111750 1578.3
1111760 1573.1
1111770 1573.1
1111780 1557.0
1111790 1553.2
1111800 1553.2
1111810 1549.9
1111820 1547.7
1111830 1547.7
1111840 1547.4
1111850 1546.8
1111860 1546.3
1111870 1546.3
1111880 1545.1
1111890 1542.8
1111900 1542.8
1111910 1541.4
1111920 1540.0
1111930 1540.0
1111940 1539.1
1111950 1538.0
1111960 1538.0
1111970 1533.7
1111980 1528.3
1111990 1528.3
1112000 1524.8
1112010 1523.4
1112020 1523.4
1112030 1523.1
1112040 1521.4
1112050 1521.4
1112060 1517.7
1112070 1511.3
1112080 1511.3
1112090 1506.2
1112100 1506.2
1112110 1506.2
1112120 1504.5
1112130 1503.4
1112140 1503.0
1112150 1503.0
1112160 1501.8
1112170 1500.9
1112180 1500.9
1112190 1501.1
1112200 1500.7
1112210 1500.7
1112220 1499.0
1112230 1494.0
1112240 1494.0
1112250 1486.1
1112260 1478.2
1112270 1478.2
1112280 1468.8
1112290 1463.5
1112300 1463.5
1112310 1457.7
1112320 1452.4
1112330 1452.4
1112340 1449.2
1112350 1441.9
1112360 1441.9
1112370 1432.6
1112380 1427.9
1112390 1427.9
1112400 1417.5
1112410 1408.6
1112420 1408.6
1112430 1402.7
1112440 1397.6
1112450 1391.8
1112460 1391.8
1112470 1380.6
1112480 1376.5
1112490 1376.5
1112500 1372.4
1112510 1368.7
1112520 1368.7
1112530 1364.3
1112540 1359.7
1112550 1359.7
1112560 1355.6
1112570 1352.0
1112580 1352.0
1112590 1349.3
1112600 1346.7
1112610 1346.7
1112620 1345.2
1112630 1344.3
1112640 1344.3
1112650 1342.8
1112660 1343.4
1112670 1343.4
1112680 1343.7
1112690 1344.3
1112700 1344.3
1112710 1344.0
1112720 1343.5
1112730 1343.6
1112740 1343.6
1112750 1345.8
1112760 1348.8
1112770 1348.8
1112780 1350.7
1112790 1352.4
1112800 1352.4
1112810 1349.8
1112820 1349.7
1112830 1349.7
1112840 1350.3
1112850 1350.9
1112860 1350.9
1112870 1352.2
1112880 1352.8
1112890 1352.8
1112900 1352.3
1112910 1352.7
1112920 1352.7
1112930 1352.6
1112940 1352.6
1112950 1352.6
1112960 1352.5
1112970 1352.5
1112980 1352.5
1112990 1352.5
1113000 1353.1
1113010 1353.1
1113020 1353.6
1113030 1353.6
1113040 1353.0
1113050 1353.0
1113060 1352.1
1113070 1351.7
1113080 1351.7
1113090 1351.3
1113100 1351.1
1113110 1351.1
1113120 1350.6
1113130 1350.4
1113140 1350.4
1113150 1343.6
1113160 1342.2
1113170 1342.2
1113180 1341.7
1113190 1341.2
1113200 1341.2
1113210 1340.8
1113220 1339.9
1113230 1339.9
1113240 1337.8
1113250 1336.0
1113260 1336.0
1113270 1336.5
1113280 1336.9
1113290 1336.9
1113300 1336.6
1113310 1335.8
1113320 1335.4
1113330 1335.4
1113340 1335.2
1113350 1335.0
1113360 1335.0
1113370 1334.6
1113380 1333.5
1113390 1333.5
1113400 1330.6
1113410 1328.0
1113420 1328.0
1113430 1326.9
1113440 1325.4
1113450 1325.4
1113460 1323.6
1113470 1322.1
1113480 1322.1
1113490 1312.0
1113500 1309.6
1113510 1309.6
1113520 1307.2
1113530 1304.7
1113540 1304.7
1113550 1302.6
1113560 1299.1
1113570 1299.1
1113580 1294.4
1113590 1290.6
1113600 1287.1
1113610 1287.1
1113620 1282.4
1113630 1276.9
1113640 1276.9
1113650 1271.1
1113660 1266.2
1113670 1266.2
1113680 1263.6
1113690 1262.2
1113700 1262.2
1113710 1260.2
1113720 1257.2
1113730 1257.2
1113740 1253.8
1113750 1250.3
1113760 1250.3
1113770 1247.0
1113780 1244.4
1113790 1244.4
1113800 1242.1
1113810 1240.7
1113820 1240.7
1113830 1239.1
1113840 1235.5
1113850 1235.5
1113860 1234.7
1113870 1233.4
1113880 1233.4
1113890 1231.9
1113900 1230.5
1113910 1229.7
1113920 1229.7
1113930 1227.2
1113940 1223.7
1113950 1223.7
1113960 1218.5
1113970 1213.4
1113980 1213.4
1113990 1210.8
1114000 1213.6
1114010 1213.6
1114020 1222.0
1114030 1229.2
1114040 1229.2
1114050 1235.7
1114060 1241.2
1114070 1241.2
1114080 1244.7
1114090 1246.9
1114100 1246.9
1114110 1249.3
1114120 1252.1
1114130 1252.1
1114140 1254.6
1114150 1257.4
1114160 1257.4
1114170 1259.9
1114180 1262.1
1114190 1264.5
1114200 1264.5
1114210 1267.4
1114220 1270.9
1114230 1270.9
1114240 1274.0
1114250 1277.2
1114260 1277.2
1114270 1281.2
1114280 1285.7
1114290 1285.7
1114300 1290.6
1114310 1295.8
1114320 1295.8
1114330 1302.0
1114340 1308.4
1114350 1308.4
1114360 1314.5
1114370 1321.3
1114380 1321.3
1114390 1327.9
1114400 1335.3
1114410 1335.3
1114420 1341.7
1114430 1348.4
1114440 1348.4
1114450 1355.1
1114460 1361.1
1114470 1361.1
1114480 1368.8
1114490 1381.2
1114500 1394.1
1114510 1394.1
1114520 1405.6
1114530 1429.1
1114540 1429.1
1114550 1438.7
1114560 1446.8
1114570 1446.8
1114580 1453.7
1114590 1458.1
1114600 1458.1
1114610 1460.6
1114620 1461.0
1114630 1461.0
1114640 1463.7
1114650 1467.8
1114660 1467.8
1114670 1469.9
1114680 1474.0
1114690 1474.0
1114700 1473.1
1114710 1466.7
1114720 1466.7
1114730 1462.8
1114740 1470.1
1114750 1470.1
1114760 1478.6
1114770 1478.0
1114780 1483.0
1114790 1483.0
1114800 1491.6
1114810 1498.4
1114820 1498.4
1114830 1501.6
1114840 1502.8
1114850 1502.8
1114860 1510.0
1114870 1525.9
1114880 1525.9
1114890 1539.6
1114900 1544.6
1114910 1544.6
1114920 1548.0
1114930 1549.1
1114940 1549.1
1114950 1558.3
1114960 1568.0
1114970 1568.0
1114980 1579.5
1114990 1590.3
1115000 1590.3
1115010 1601.6
1115020 1610.3
1115030 1610.3
1115040 1618.2
1115050 1627.9
1115060 1627.9
1115070 1634.8
1115080 1644.4
1115090 1655.0
1115100 1655.0
1115110 1663.7
1115120 1669.0
1115130 1669.0
1115140 1677.7
1115150 1688.0
1115160 1688.0
1115170 1696.9
1115180 1704.7
1115190 1704.7
1115200 1712.1
1115210 1719.4
1115220 1721.8
1115230 1729.9
1115240 1738.8
1115250 1738.8
1115260 1748.8
1115270 1758.6
1115280 1758.6
1115290 1769.0
1115300 1780.4
1115310 1780.4
1115320 1793.0
1115330 1808.2
1115340 1808.2
1115350 1814.3
1115360 1820.9
1115370 1828.4
1115380 1828.4
1115390 1837.0
1115400 1844.8
1115410 1844.8
1115420 1851.1
1115430 1850.0
1115440 1850.0
1115450 1842.7
1115460 1835.4
1115470 1835.4
1115480 1827.9
1115490 1818.3
1115500 1818.3
1115510 1809.4
1115520 1803.0
1115530 1803.0
1115540 1797.7
1115550 1793.2
1115560 1792.1
1115570 1788.3
1115580 1788.6
1115590 1788.6
1115600 1788.9
1115610 1787.2
1115620 1787.2
1115630 1784.5
1115640 1781.4
1115650 1775.7
1115660 1775.7
1115670 1769.2
1115680 1762.5
1115690 1762.5
1115700 1756.1
1115710 1752.8
1115720 1752.8
1115730 1749.1
1115740 1746.7
1115750 1746.7
1115760 1744.9
1115770 1744.1
1115780 1744.1
1115790 1745.9
1115800 1750.2
1115810 1750.2
1115820 1754.8
1115830 1757.9
1115840 1757.9
1115850 1758.4
1115860 1757.0
1115870 1757.0
1115880 1756.6
1115890 1758.5
1115900 1758.5
1115910 1755.6
1115920 1752.9
1115930 1752.9
1115940 1746.4
1115950 1739.3
1115960 1747.0
1115970 1747.0
1115980 1758.0
1115990 1763.8
1116000 1763.8
1116010 1766.8
1116020 1766.1
1116030 1766.1
1116040 1763.0
1116050 1760.2
1116060 1760.2
1116070 1758.1
1116080 1756.4
1116090 1756.4
1116100 1754.9
1116110 1753.5
1116120 1753.5
1116130 1752.2
1116140 1751.0
1116150 1751.0
1116160 1750.1
1116170 1749.8
1116180 1749.8
1116190 1750.3
1116200 1752.0
1116210 1752.0
1116220 1756.0
1116230 1759.3
1116240 1761.8
1116250 1759.1
1116260 1761.3
1116270 1762.7
1116280 1762.7
1116290 1762.2
1116300 1761.6
1116310 1761.6
1116320 1761.4
1116330 1760.1
1116340 1760.1
1116350 1758.9
1116360 1757.8
1116370 1757.8
1116380 1755.4
1116390 1755.2
1116400 1755.2
1116410 1756.6
1116420 1757.2
1116430 1757.2
1116440 1756.9
1116450 1756.0
1116460 1756.0
1116470 1758.3
1116480 1762.1
1116490 1762.1
1116500 1766.4
1116510 1766.8
1116520 1766.8
1116530 1765.7
1116540 1763.9
1116550 1762.7
1116560 1762.7
1116570 1761.2
1116580 1761.5
1116590 1761.5
1116600 1759.4
1116610 1760.0
1116620 1760.0
1116630 1760.4
1116640 1759.4
1116650 1759.4
1116660 1757.6
1116670 1757.4
1116680 1757.4
1116690 1757.1
1116700 1756.9
1116710 1756.9
1116720 1755.5
1116730 1753.1
1116740 1753.1
1116750 1751.2
1116760 1749.8
1116770 1749.8
1116780 1748.5
1116790 1746.0
1116800 1746.0
1116810 1741.9
1116820 1738.2
1116830 1735.5
1116840 1735.5
1116850 1731.9
1116860 1725.7
1116870 1725.7
1116880 1721.1
1116890 1716.0
1116900 1716.0
1116910 1712.2
1116920 1710.5
1116930 1710.5
1116940 1709.7
1116950 1705.5
1116960 1705.5
1116970 1705.3
1116980 1705.6
1116990 1705.6
1117000 1704.7
1117010 1702.0
1117020 1702.0
1117030 1701.7
1117040 1704.0
1117050 1704.0
1117060 1704.1
1117070 1702.2
1117080 1702.2
1117090 1700.1
1117100 1699.0
1117110 1698.4
1117120 1698.4
1117130 1696.4
1117140 1692.7
1117150 1692.7
1117160 1691.4
1117170 1693.7
1117180 1693.7
1117190 1694.8
1117200 1696.1
1117210 1696.1
1117220 1696.6
1117230 1694.4
1117240 1694.4
1117250 1692.7
1117260 1694.3
1117270 1694.3
1117280 1694.4
1117290 1690.2
1117300 1690.2
1117310 1690.8
1117320 1690.6
1117330 1690.6
1117340 1689.2
1117350 1688.4
1117360 1688.4
1117370 1688.8
1117380 1691.2
1117390 1691.2
1117400 1692.6
1117410 1694.0
1117420 1695.1
1117430 1695.1
1117440 1696.7
1117450 1698.7
1117460 1698.7
1117470 1700.1
1117480 1701.0
1117490 1701.0
1117500 1701.2
1117510 1701.8
1117520 1701.8
1117530 1704.8
1117540 1705.4
1117550 1705.4
1117560 1705.3
1117570 1705.2
1117580 1705.2
1117590 1706.1
1117600 1705.0
1117610 1705.0
1117620 1699.5
1117630 1694.3
1117640 1688.8
1117650 1684.8
1117660 1683.0
1117670 1683.0
1117680 1682.4
1117690 1682.0
1117700 1686.5
1117710 1686.5
1117720 1693.3
1117730 1699.5
1117740 1699.5
1117750 1704.1
1117760 1707.6
1117770 1707.6
1117780 1710.8
1117790 1713.8
1117800 1713.8
1117810 1716.3
1117820 1719.3
1117830 1719.3
1117840 1721.5
1117850 1723.4
1117860 1723.4
1117870 1727.9
1117880 1733.6
1117890 1733.6
1117900 1738.0
1117910 1739.1
1117920 1739.1
1117930 1736.4
1117940 1738.9
1117950 1738.9
1117960 1742.8
1117970 1745.8
1117980 1745.8
1117990 1747.6
1118000 1749.8
1118010 1752.4
1118020 1752.4
1118030 1755.9
1118040 1759.1
1118050 1759.1
1118060 1762.8
1118070 1767.6
1118080 1767.6
1118090 1772.2
1118100 1777.3
1118110 1777.3
1118120 1782.8
1118130 1789.0
1118140 1789.0
1118150 1795.3
1118160 1801.5
1118170 1801.5
1118180 1808.5
1118190 1815.4
1118200 1815.4
1118210 1821.5
1118220 1827.8
1118230 1827.8
1118240 1833.5
1118250 1838.5
1118260 1838.5
1118270 1842.7
1118280 1848.3
1118290 1853.8
1118300 1853.8
1118310 1854.9
1118320 1846.2
1118330 1846.2
1118340 1840.5
1118350 1832.3
1118360 1832.3
1118370 1824.6
1118380 1817.6
1118390 1817.6
1118400 1811.1
1118410 1804.8
1118420 1804.8
1118430 1799.1
1118440 1794.3
1118450 1794.3
1118460 1789.9
1118470 1786.4
1118480 1786.4
1118490 1784.9
1118500 1784.0
1118510 1784.0
1118520 1782.4
1118530 1779.6
1118540 1779.6
1118550 1776.8
1118560 1775.1
1118570 1775.1
1118580 1772.9
1118590 1770.2
1118600 1768.9
1118610 1768.9
1118620 1767.3
1118630 1764.3
1118640 1764.3
1118650 1763.1
1118660 1763.0
1118670 1763.0
1118680 1762.8
1118690 1761.9
1118700 1761.9
1118710 1760.9
1118720 1759.9
1118730 1759.9
1118740 1759.6
1118750 1759.6
1118760 1759.6
1118770 1759.6
1118780 1758.6
1118790 1758.6
1118800 1757.3
1118810 1755.8
1118820 1755.8
1118830 1753.4
1118840 1751.8
1118850 1751.8
1118860 1751.2
1118870 1752.4
1118880 1753.1
1118890 1753.1
1118900 1754.2
1118910 1755.4
1118920 1755.4
1118930 1755.6
1118940 1755.1
1118950 1755.1
1118960 1755.4
1118970 1755.2
1118980 1755.2
1118990 1754.4
1119000 1754.9
1119010 1754.9
1119020 1755.8
1119030 1756.3
1119040 1756.3
1119050 1756.8
1119060 1756.5
1119070 1756.5
1119080 1756.1
1119090 1757.4
1119100 1757.4
1119110 1757.5
1119120 1758.0
1119130 1758.0
1119140 1759.1
1119150 1759.8
1119160 1761.3
1119170 1761.3
1119180 1764.0
1119190 1766.0
1119200 1766.0
1119210 1768.7
1119220 1771.2
1119230 1771.2
1119240 1774.5
1119250 1777.8
1119260 1777.8
1119270 1779.4
1119280 1781.8
1119290 1781.8
1119300 1786.1
1119310 1789.3
1119320 1789.3
1119330 1791.6
1119340 1791.7
1119350 1791.7
1119360 1790.6
1119370 1789.4
1119380 1789.1
1119390 1788.2
1119400 1787.2
1119410 1787.2
1119420 1785.6
1119430 1783.9
1119440 1783.9
1119450 1782.4
1119460 1781.5
1119470 1781.0
1119480 1781.0
1119490 1779.7
1119500 1776.8
1119510 1776.8
1119520 1774.1
1119530 1771.6
1119540 1771.6
1119550 1769.7
1119560 1770.3
1119570 1770.3
1119580 1771.3
1119590 1770.3
1119600 1770.3
1119610 1768.3
1119620 1766.1
1119630 1766.1
1119640 1762.9
1119650 1758.4
1119660 1758.4
1119670 1755.2
1119680 1752.4
1119690 1752.4
1119700 1749.4
1119710 1748.0
1119720 1748.0
1119730 1747.1
1119740 1744.3
1119750 1739.7
1119760 1739.7
1119770 1739.8
1119780 1742.9
1119790 1742.9
1119800 1741.0
1119810 1738.4
1119820 1738.4
1119830 1737.2
1119840 1736.3
1119850 1736.3
1119860 1733.2
1119870 1731.3
1119880 1731.3
1119890 1728.3
1119900 1725.4
1119910 1725.4
1119920 1724.7
1119930 1719.2
1119940 1719.2
1119950 1714.8
1119960 1714.5
1119970 1714.5
1119980 1714.0
1119990 1712.1
