1100000 710.9
1100010 710.3
1100020 710.3
1100030 709.8
1100040 709.6
1100050 709.6
1100060 709.7
1100070 709.9
1100080 709.9
1100090 709.7
1100100 710.1
1100110 710.1
1100120 709.8
1100130 708.3
1100140 708.3
1100150 707.4
1100160 707.1
1100170 707.1
1100180 707.0
1100190 707.6
1100200 707.6
1100210 707.7
1100220 707.5
1100230 708.4
1100240 708.2
1100250 708.2
1100260 708.2
1100270 708.0
1100280 707.9
1100290 707.9
1100300 707.9
1100310 707.7
1100320 707.3
1100330 707.3
1100340 706.8
1100350 706.7
1100360 706.7
1100370 707.1
1100380 707.2
1100390 707.2
1100400 706.9
1100410 706.8
1100420 706.8
1100430 706.6
1100440 706.8
1100450 706.8
1100460 706.7
1100470 706.5
1100480 706.5
1100490 705.8
1100500 705.4
1100510 705.4
1100520 704.6
1100530 704.7
1100540 704.7
1100550 704.6
1100560 705.4
1100570 705.4
1100580 705.3
1100590 704.9
1100600 704.6
1100610 704.6
1100620 704.2
1100630 703.8
1100640 703.8
1100650 703.7
1100660 703.6
1100670 703.6
1100680 703.1
1100690 701.9
1100700 701.9
1100710 701.3
1100720 701.4
1100730 701.4
1100740 701.2
1100750 701.4
1100760 701.4
1100770 701.8
1100780 702.2
1100790 702.2
1100800 702.4
1100810 702.8
1100820 702.8
1100830 702.7
1100840 702.8
1100850 702.8
1100860 703.0
1100870 702.9
1100880 702.2
1100890 702.2
1100900 697.0
1100910 698.1
1100920 698.1
1100930 700.7
1100940 700.7
1100950 700.7
1100960 699.9
1100970 699.1
1100980 699.1
1100990 697.8
1101000 696.4
1101010 696.4
1101020 695.5
1101030 694.7
1101040 694.7
1101050 694.0
1101060 693.1
1101070 693.1
1101080 692.2
1101090 691.3
1101100 691.3
1101110 690.3
1101120 689.5
1101130 689.5
1101140 689.1
1101150 689.1
1101160 689.1
1101170 689.1
1101180 689.2
1101190 689.4
1101200 689.4
1101210 688.1
1101220 688.3
1101230 688.9
1101240 688.4
1101250 688.3
1101260 688.3
1101270 688.3
1101280 688.5
1101290 688.5
1101300 688.6
1101310 688.7
1101320 688.7
1101330 688.8
1101340 689.0
1101350 689.0
1101360 689.8
1101370 689.0
1101380 689.0
1101390 689.3
1101400 689.4
1101410 689.4
1101420 689.5
1101430 689.6
1101440 689.6
1101450 689.8
1101460 689.9
1101470 690.0
1101480 690.0
1101490 690.0
1101500 690.1
1101510 690.1
1101520 690.3
1101530 690.5
1101540 690.5
1101550 690.6
1101560 690.7
1101570 690.7
1101580 690.8
1101590 690.8
1101600 690.8
1101610 691.0
1101620 691.0
1101630 691.0
1101640 691.1
1101650 690.9
1101660 690.9
1101670 691.1
1101680 691.3
1101690 691.3
1101700 691.4
1101710 691.5
1101720 691.5
1101730 691.5
1101740 691.6
1101750 691.6
1101760 691.4
1101770 691.5
1101780 691.5
1101790 691.5
1101800 691.9
1101810 692.6
1101820 692.6
1101830 692.1
1101840 692.1
1101850 692.1
1101860 692.1
1101870 692.3
1101880 692.3
1101890 692.3
1101900 692.3
1101910 692.3
1101920 692.6
1101930 693.0
1101940 693.0
1101950 692.9
1101960 693.2
1101970 693.2
1101980 693.1
1101990 693.1
1102000 693.1
1102010 693.1
1102020 693.3
1102030 693.3
1102040 693.4
1102050 693.5
1102060 693.6
1102070 693.6
1102080 693.7
1102090 694.2
1102100 694.2
1102110 694.1
1102120 694.0
1102130 694.0
1102140 693.7
1102150 693.9
1102160 693.9
1102170 694.1
1102180 694.2
1102190 694.2
1102200 694.3
1102210 694.4
1102220 694.4
1102230 694.4
1102240 694.5
1102250 694.5
1102260 695.6
1102270 695.0
1102280 695.0
1102290 695.0
1102300 695.2
1102310 695.2
1102320 695.3
1102330 695.3
1102340 695.3
1102350 695.4
1102360 695.5
1102370 695.6
1102380 695.6
1102390 696.0
1102400 696.5
1102410 696.5
1102420 695.8
1102430 695.6
1102440 695.6
1102450 695.7
1102460 695.8
1102470 695.8
1102480 695.8
1102490 696.1
1102500 696.1
1102510 696.5
1102520 696.7
1102530 696.7
1102540 696.8
1102550 697.0
1102560 697.0
1102570 698.1
1102580 697.2
1102590 697.2
1102600 697.1
1102610 697.3
1102620 697.3
1102630 697.4
1102640 697.5
1102650 697.5
1102660 697.8
1102670 698.2
1102680 699.0
1102690 699.0
1102700 698.0
1102710 697.4
1102720 697.4
1102730 697.2
1102740 697.2
1102750 697.2
1102760 697.1
1102770 697.1
1102780 697.1
1102790 697.0
1102800 697.0
1102810 697.0
1102820 697.1
1102830 697.2
1102840 697.2
1102850 697.3
1102860 697.5
1102870 697.5
1102880 697.8
1102890 698.1
1102900 697.7
1102910 697.8
1102920 697.9
1102930 697.9
1102940 698.1
1102950 698.3
1102960 698.5
1102970 698.5
1102980 698.6
1102990 698.9
1103000 698.9
1103010 699.2
1103020 699.4
1103030 699.4
1103040 699.5
1103050 699.4
1103060 699.4
1103070 699.4
1103080 699.4
1103090 699.4
1103100 699.4
1103110 699.5
1103120 699.5
1103130 699.7
1103140 699.8
1103150 699.8
1103160 700.0
1103170 700.1
1103180 700.1
1103190 700.2
1103200 700.4
1103210 700.4
1103220 700.4
1103230 700.8
1103240 700.8
1103250 701.2
1103260 701.5
1103270 701.7
1103280 701.7
1103290 701.8
1103300 701.9
1103310 701.9
1103320 702.0
1103330 702.1
1103340 702.1
1103350 702.2
1103360 702.1
1103370 702.1
1103380 702.2
1103390 702.4
1103400 702.4
1103410 702.6
1103420 703.1
1103430 703.1
1103440 703.9
1103450 703.7
1103460 703.7
1103470 703.2
1103480 703.6
1103490 703.6
1103500 703.8
1103510 703.9
1103520 703.9
1103530 703.9
1103540 704.1
1103550 704.1
1103560 705.4
1103570 706.1
1103580 707.0
1103590 707.0
1103600 705.9
1103610 704.7
1103620 704.7
1103630 704.8
1103640 704.9
1103650 704.9
1103660 705.0
1103670 705.1
1103680 705.1
1103690 705.3
1103700 705.7
1103710 705.7
1103720 706.4
1103730 707.1
1103740 707.1
1103750 706.5
1103760 706.1
1103770 706.1
1103780 706.2
1103790 706.3
1103800 706.3
1103810 706.3
1103820 705.9
1103830 705.9
1103840 705.5
1103850 706.0
1103860 707.8
1103870 707.8
1103880 708.6
1103890 706.4
1103900 707.8
1103910 706.9
1103920 706.7
1103930 706.7
1103940 706.7
1103950 706.8
1103960 706.8
1103970 707.1
1103980 707.5
1103990 707.5
1104000 708.0
1104010 708.7
1104020 708.7
1104030 709.1
1104040 708.2
1104050 708.2
1104060 708.2
1104070 708.1
1104080 708.1
1104090 708.2
1104100 708.1
1104110 708.1
1104120 708.3
1104130 708.5
1104140 708.9
1104150 708.9
1104160 709.1
1104170 709.3
1104180 709.3
1104190 708.2
1104200 708.0
1104210 708.0
1104220 708.0
1104230 709.7
1104240 709.7
1104250 710.0
1104260 710.2
1104270 710.2
1104280 710.4
1104290 710.6
1104300 710.6
1104310 711.2
1104320 711.0
1104330 711.0
1104340 710.0
1104350 709.6
1104360 709.6
1104370 709.5
1104380 709.6
1104390 709.6
1104400 709.8
1104410 710.1
1104420 710.1
1104430 710.5
1104440 710.6
1104450 711.2
1104460 711.2
1104470 711.0
1104480 710.2
1104490 710.2
1104500 710.0
1104510 709.9
1104520 709.9
1104530 710.0
1104540 710.0
1104550 710.0
1104560 710.1
1104570 712.4
1104580 712.4
1104590 712.6
1104600 713.7
1104610 713.7
1104620 713.7
1104630 712.6
1104640 712.6
1104650 712.5
1104660 712.6
1104670 712.6
1104680 712.7
1104690 712.8
1104700 712.8
1104710 713.0
1104720 713.3
1104730 713.3
1104740 713.3
1104750 713.7
1104760 713.1
1104770 713.1
1104780 712.0
1104790 712.1
1104800 712.1
1104810 712.1
1104820 712.1
1104830 712.1
1104840 712.1
1104850 712.2
1104860 712.2
1104870 712.4
1104880 712.5
1104890 712.5
1104900 712.3
1104910 715.4
1104920 715.4
1104930 714.1
1104940 713.2
1104950 713.2
1104960 713.2
1104970 713.6
1104980 713.6
1104990 714.2
1105000 714.4
1105010 714.4
1105020 714.9
1105030 715.3
1105040 715.5
1105050 715.5
1105060 715.1
1105070 714.2
1105080 714.2
1105090 713.7
1105100 713.8
1105110 713.8
1105120 713.8
1105130 714.0
1105140 714.0
1105150 714.3
1105160 714.8
1105170 714.8
1105180 715.2
1105190 715.4
1105200 715.4
1105210 715.4
1105220 714.7
1105230 714.7
1105240 716.7
1105250 716.1
1105260 716.1
1105270 716.1
1105280 716.4
1105290 716.4
1105300 717.1
1105310 717.3
1105320 717.3
1105330 717.4
1105340 717.0
1105350 716.2
1105360 716.2
1105370 716.1
1105380 716.2
1105390 716.2
1105400 716.3
1105410 716.6
1105420 716.6
1105430 716.9
1105440 717.0
1105450 717.0
1105460 716.9
1105470 716.9
1105480 716.9
1105490 717.0
1105500 717.0
1105510 717.0
1105520 717.0
1105530 717.2
1105540 717.2
1105550 717.3
1105560 717.4
1105570 717.4
1105580 717.6
1105590 717.8
1105600 717.8
1105610 718.0
1105620 718.1
1105630 718.3
1105640 718.3
1105650 718.4
1105660 718.4
1105670 718.4
1105680 718.5
1105690 718.6
1105700 718.6
1105710 718.7
1105720 718.8
1105730 718.8
1105740 718.9
1105750 718.9
1105760 718.9
1105770 719.1
1105780 719.2
1105790 719.2
1105800 719.3
1105810 719.4
1105820 719.4
1105830 719.5
1105840 719.6
1105850 719.6
1105860 719.7
1105870 719.8
1105880 719.8
1105890 719.9
1105900 719.9
1105910 721.5
1105920 721.6
1105930 721.5
1105940 720.9
1105950 720.9
1105960 720.7
1105970 720.8
1105980 720.8
1105990 720.9
1106000 721.0
1106010 721.0
1106020 721.0
1106030 721.1
1106040 721.1
1106050 721.2
1106060 721.2
1106070 721.2
1106080 721.2
1106090 721.3
1106100 721.3
1106110 721.3
1106120 721.4
1106130 721.4
1106140 721.5
1106150 721.6
1106160 721.6
1106170 721.8
1106180 722.0
1106190 722.0
1106200 722.1
1106210 722.2
1106220 722.3
1106230 722.3
1106240 722.3
1106250 722.7
1106260 722.7
1106270 722.9
1106280 723.2
1106290 723.2
1106300 723.6
1106310 723.6
1106320 723.6
1106330 723.9
1106340 724.4
1106350 724.4
1106360 724.6
1106370 724.6
1106380 724.6
1106390 725.1
1106400 727.0
1106410 727.0
1106420 729.3
1106430 729.6
1106440 729.6
1106450 729.7
1106460 729.8
1106470 729.8
1106480 729.8
1106490 730.3
1106500 730.3
1106510 730.0
1106520 730.0
1106530 730.0
1106540 730.0
1106550 730.0
1106560 730.1
1106570 730.1
1106580 730.1
1106590 730.2
1106600 730.2
1106610 730.3
1106620 730.4
1106630 730.4
1106640 730.5
1106650 731.4
1106660 731.4
1106670 732.2
1106680 732.8
1106690 732.8
1106700 732.3
1106710 732.1
1106720 732.1
1106730 735.2
1106740 740.0
1106750 740.0
1106760 742.0
1106770 742.4
1106780 742.4
1106790 744.1
1106800 749.2
1106810 751.0
1106820 751.0
1106830 751.4
1106840 751.9
1106850 751.9
1106860 752.7
1106870 756.6
1106880 756.6
1106890 765.2
1106900 772.1
1106910 772.1
1106920 777.4
1106930 777.9
1106940 777.9
1106950 783.4
1106960 787.4
1106970 787.4
1106980 790.3
1106990 792.0
1107000 792.0
1107010 794.1
1107020 796.4
1107030 796.4
1107040 800.0
1107050 803.6
1107060 803.6
1107070 806.0
1107080 808.4
1107090 808.4
1107100 810.4
1107110 813.6
1107120 817.4
1107130 817.4
1107140 820.9
1107150 824.9
1107160 824.9
1107170 829.2
1107180 832.6
1107190 832.6
1107200 834.4
1107210 835.3
1107220 835.3
1107230 835.5
1107240 836.0
1107250 836.0
1107260 839.6
1107270 840.0
1107280 840.0
1107290 840.1
1107300 840.4
1107310 840.4
1107320 841.2
1107330 842.4
1107340 842.4
1107350 842.6
1107360 843.2
1107370 843.2
1107380 844.6
1107390 845.0
1107400 844.7
1107410 844.7
1107420 843.0
1107430 839.2
1107440 839.2
1107450 832.7
1107460 826.9
1107470 826.9
1107480 820.4
1107490 813.6
1107500 813.6
1107510 804.6
1107520 795.8
1107530 795.8
1107540 788.5
1107550 783.4
1107560 783.4
1107570 780.0
1107580 776.4
1107590 776.4
1107600 780.9
1107610 776.5
1107620 776.5
1107630 765.2
1107640 759.3
1107650 759.3
1107660 752.6
1107670 746.7
1107680 746.7
1107690 742.9
1107700 741.7
1107710 741.6
1107720 741.6
1107730 741.8
1107740 741.9
1107750 741.9
1107760 742.1
1107770 742.3
1107780 742.3
1107790 742.5
1107800 742.4
1107810 742.4
1107820 742.3
1107830 742.0
1107840 742.0
1107850 741.7
1107860 741.7
1107870 741.7
1107880 741.9
1107890 741.9
1107900 741.9
1107910 741.0
1107920 740.3
1107930 740.3
1107940 740.5
1107950 740.5
1107960 740.5
1107970 741.5
1107980 744.1
1107990 744.6
1108000 744.6
1108010 744.4
1108020 744.8
1108030 744.8
1108040 745.1
1108050 745.1
1108060 745.1
1108070 745.2
1108080 745.4
1108090 745.4
1108100 745.3
1108110 745.1
1108120 745.1
1108130 745.1
1108140 746.7
1108150 746.7
1108160 751.0
1108170 755.6
1108180 755.6
1108190 760.3
1108200 764.4
1108210 764.4
1108220 767.9
1108230 769.8
1108240 769.8
1108250 769.9
1108260 768.0
1108270 768.0
1108280 775.4
1108290 770.2
1108300 768.4
1108310 768.4
1108320 768.9
1108330 771.1
1108340 771.1
1108350 773.3
1108360 775.1
1108370 775.1
1108380 775.3
1108390 776.8
1108400 776.8
1108410 778.8
1108420 779.9
1108430 779.9
1108440 779.8
1108450 778.8
1108460 778.8
1108470 781.8
1108480 785.4
1108490 785.4
1108500 788.8
1108510 790.6
1108520 790.6
1108530 792.9
1108540 794.8
1108550 794.8
1108560 798.3
1108570 802.6
1108580 802.6
1108590 806.9
1108600 812.5
1108610 817.4
1108620 826.8
1108630 830.1
1108640 834.8
1108650 834.8
1108660 839.3
1108670 843.0
1108680 843.0
1108690 845.9
1108700 849.5
1108710 849.5
1108720 853.2
1108730 856.8
1108740 856.8
1108750 859.8
1108760 861.2
1108770 861.2
1108780 862.4
1108790 865.6
1108800 865.6
1108810 870.0
1108820 874.0
1108830 874.0
1108840 879.3
1108850 887.4
1108860 887.4
1108870 891.3
1108880 894.6
1108890 899.7
1108900 899.7
1108910 904.6
1108920 909.9
1108930 909.9
1108940 912.7
1108950 914.3
1108960 919.3
1108970 920.0
1108980 924.0
1108990 924.0
1109000 929.6
1109010 934.1
1109020 934.1
1109030 940.5
1109040 947.4
1109050 947.4
1109060 953.5
1109070 956.6
1109080 956.6
1109090 959.8
1109100 965.6
1109110 965.6
1109120 970.8
1109130 973.2
1109140 973.2
1109150 974.9
1109160 978.3
1109170 978.3
1109180 983.0
1109190 987.9
1109200 993.0
1109210 993.0
1109220 998.1
1109230 1002.9
1109240 1002.9
1109250 1008.0
1109260 1013.6
1109270 1013.6
1109280 1017.9
1109290 1022.2
1109300 1022.5
1109310 1028.5
1109320 1033.3
1109330 1033.3
1109340 1036.8
1109350 1040.8
1109360 1040.8
1109370 1044.0
1109380 1046.9
1109390 1046.9
1109400 1050.2
1109410 1055.0
1109420 1055.0
1109430 1061.4
1109440 1065.6
1109450 1065.6
1109460 1069.9
1109470 1076.8
1109480 1084.2
1109490 1084.2
1109500 1090.0
1109510 1091.5
1109520 1091.5
1109530 1096.1
1109540 1101.7
1109550 1101.7
1109560 1106.7
1109570 1112.0
1109580 1112.0
1109590 1117.6
1109600 1123.5
1109610 1123.5
1109620 1128.4
1109630 1130.7
1109640 1132.7
1109650 1136.5
1109660 1138.4
1109670 1138.4
1109680 1141.8
1109690 1145.5
1109700 1145.5
1109710 1150.1
1109720 1154.1
1109730 1154.1
1109740 1154.3
1109750 1154.3
1109760 1154.3
1109770 1157.4
1109780 1161.8
1109790 1165.5
1109800 1165.5
1109810 1169.5
1109820 1174.1
1109830 1174.1
1109840 1179.2
1109850 1185.1
1109860 1185.1
1109870 1188.7
1109880 1191.6
1109890 1191.6
1109900 1196.1
1109910 1202.5
1109920 1202.5
1109930 1208.9
1109940 1215.1
1109950 1215.1
1109960 1221.4
1109970 1228.7
1109980 1226.1
1109990 1231.2
1110000 1236.1
1110010 1236.1
1110020 1240.2
1110030 1243.2
1110040 1243.2
1110050 1245.8
1110060 1248.9
1110070 1254.2
1110080 1254.2
1110090 1258.3
1110100 1258.4
1110110 1258.4
1110120 1259.8
1110130 1263.2
1110140 1263.2
1110150 1265.5
1110160 1266.0
1110170 1266.0
1110180 1265.5
1110190 1265.3
1110200 1265.3
1110210 1265.9
1110220 1267.1
1110230 1267.1
1110240 1268.8
1110250 1270.2
1110260 1270.2
1110270 1271.2
1110280 1271.8
1110290 1271.8
1110300 1272.7
1110310 1273.9
1110320 1265.8
1110330 1267.3
1110340 1269.1
1110350 1269.1
1110360 1271.1
1110370 1272.6
1110380 1274.0
1110390 1274.0
1110400 1275.0
1110410 1275.3
1110420 1275.3
1110430 1274.6
1110440 1274.0
1110450 1274.0
1110460 1275.4
1110470 1277.9
1110480 1277.9
1110490 1280.4
1110500 1282.9
1110510 1282.9
1110520 1286.4
1110530 1290.1
1110540 1290.1
1110550 1294.2
1110560 1298.2
1110570 1298.2
1110580 1302.1
1110590 1306.0
1110600 1306.0
1110610 1310.0
1110620 1313.6
1110630 1313.6
1110640 1316.2
1110650 1318.4
1110660 1315.2
1110670 1315.2
1110680 1316.4
1110690 1317.5
1110700 1317.5
1110710 1319.3
1110720 1320.9
1110730 1320.9
1110740 1321.0
1110750 1318.9
1110760 1318.9
1110770 1315.8
1110780 1315.4
1110790 1315.4
1110800 1314.3
1110810 1311.5
1110820 1311.5
1110830 1308.7
1110840 1306.9
1110850 1306.9
1110860 1305.3
1110870 1304.1
1110880 1304.1
1110890 1304.0
1110900 1304.9
1110910 1304.9
1110920 1306.9
1110930 1308.6
1110940 1308.6
1110950 1308.4
1110960 1308.5
1110970 1309.6
1110980 1309.6
1110990 1311.4
1111000 1305.6
1111010 1305.6
1111020 1307.0
1111030 1307.2
1111040 1307.2
1111050 1307.8
1111060 1305.6
1111070 1305.6
1111080 1303.0
1111090 1301.2
1111100 1301.2
1111110 1298.0
1111120 1295.3
1111130 1295.3
1111140 1292.9
1111150 1288.9
1111160 1288.9
1111170 1285.9
1111180 1282.8
1111190 1282.8
1111200 1279.4
1111210 1273.5
1111220 1273.5
1111230 1268.9
1111240 1265.5
1111250 1262.4
1111260 1262.4
1111270 1259.9
1111280 1257.2
1111290 1257.2
1111300 1255.4
1111310 1254.9
1111320 1254.9
1111330 1254.5
1111340 1249.3
1111350 1249.3
1111360 1250.8
1111370 1251.4
1111380 1251.4
1111390 1250.4
1111400 1249.6
1111410 1249.6
1111420 1251.1
1111430 1258.7
1111440 1258.7
1111450 1267.8
1111460 1272.6
1111470 1272.6
1111480 1276.7
1111490 1279.5
1111500 1279.5
1111510 1278.7
1111520 1276.7
1111530 1276.7
1111540 1276.3
1111550 1275.9
1111560 1273.7
1111570 1273.7
1111580 1268.3
1111590 1263.5
1111600 1263.5
1111610 1259.6
1111620 1258.0
1111630 1258.0
1111640 1258.0
1111650 1256.8
1111660 1256.8
1111670 1252.3
1111680 1238.3
1111690 1238.3
1111700 1236.7
1111710 1235.5
1111720 1235.5
1111730 1234.3
1111740 1232.8
1111750 1232.8
1111760 1231.3
1111770 1230.2
1111780 1230.2
1111790 1229.7
1111800 1229.8
1111810 1229.8
1111820 1230.4
1111830 1230.9
1111840 1230.5
1111850 1230.5
1111860 1229.1
1111870 1227.6
1111880 1227.6
1111890 1226.5
1111900 1227.0
1111910 1227.0
1111920 1228.7
1111930 1230.1
1111940 1230.1
1111950 1231.2
1111960 1232.1
1111970 1232.1
1111980 1233.5
1111990 1235.8
1112000 1235.8
1112010 1237.4
1112020 1233.8
1112030 1233.8
1112040 1235.0
1112050 1236.0
1112060 1236.0
1112070 1237.3
1112080 1238.3
1112090 1238.3
1112100 1238.8
1112110 1239.4
1112120 1239.4
1112130 1239.5
1112140 1238.5
1112150 1235.7
1112160 1235.7
1112170 1235.6
1112180 1237.7
1112190 1237.7
1112200 1240.8
1112210 1244.0
1112220 1244.0
1112230 1246.3
1112240 1248.4
1112250 1248.4
1112260 1250.7
1112270 1252.4
1112280 1252.4
1112290 1253.7
1112300 1254.9
1112310 1254.9
1112320 1256.1
1112330 1257.7
1112340 1257.7
1112350 1260.2
1112360 1263.2
1112370 1254.5
1112380 1257.1
1112390 1259.9
1112400 1259.9
1112410 1262.3
1112420 1263.4
1112430 1264.9
1112440 1264.9
1112450 1267.1
1112460 1269.1
1112470 1269.1
1112480 1271.2
1112490 1272.9
1112500 1272.9
1112510 1274.3
1112520 1275.8
1112530 1275.8
1112540 1278.2
1112550 1279.3
1112560 1279.3
1112570 1280.4
1112580 1281.4
1112590 1281.4
1112600 1282.2
1112610 1283.1
1112620 1283.1
1112630 1283.8
1112640 1284.1
1112650 1284.1
1112660 1283.6
1112670 1283.1
1112680 1283.1
1112690 1283.5
1112700 1283.4
1112710 1275.7
1112720 1276.3
1112730 1277.2
1112740 1277.6
1112750 1277.6
1112760 1277.6
1112770 1276.1
1112780 1276.1
1112790 1275.6
1112800 1275.2
1112810 1275.2
1112820 1273.6
1112830 1271.4
1112840 1271.4
1112850 1267.7
1112860 1266.1
1112870 1266.1
1112880 1266.2
1112890 1267.7
1112900 1267.7
1112910 1269.9
1112920 1271.7
1112930 1271.7
1112940 1274.3
1112950 1279.0
1112960 1279.0
1112970 1283.4
1112980 1287.7
1112990 1287.7
1113000 1295.8
1113010 1302.1
1113020 1306.8
1113030 1306.8
1113040 1310.2
1113050 1317.1
1113060 1317.1
1113070 1320.9
1113080 1324.0
1113090 1324.0
1113100 1328.2
1113110 1333.1
1113120 1333.1
1113130 1337.8
1113140 1341.9
1113150 1341.9
1113160 1345.4
1113170 1348.1
1113180 1348.1
1113190 1351.4
1113200 1355.8
1113210 1355.8
1113220 1361.5
1113230 1365.6
1113240 1365.6
1113250 1367.2
1113260 1372.4
1113270 1372.4
1113280 1376.0
1113290 1381.7
1113300 1381.7
1113310 1384.8
1113320 1387.5
1113330 1389.7
1113340 1389.7
1113350 1391.6
1113360 1392.5
1113370 1392.5
1113380 1394.3
1113390 1403.3
1113400 1403.3
1113410 1406.1
1113420 1407.2
1113430 1407.2
1113440 1408.4
1113450 1409.0
1113460 1409.0
1113470 1410.1
1113480 1410.9
1113490 1410.9
1113500 1413.2
1113510 1418.8
1113520 1418.8
1113530 1421.5
1113540 1422.2
1113550 1422.2
1113560 1424.5
1113570 1427.8
1113580 1427.8
1113590 1433.0
1113600 1440.5
1113610 1448.2
1113620 1448.2
1113630 1452.8
1113640 1455.3
1113650 1455.3
1113660 1456.5
1113670 1456.0
1113680 1456.0
1113690 1455.3
1113700 1453.8
1113710 1453.8
1113720 1453.3
1113730 1451.9
1113740 1455.0
1113750 1453.3
1113760 1456.2
1113770 1456.2
1113780 1460.7
1113790 1461.1
1113800 1461.1
1113810 1460.1
1113820 1461.4
1113830 1461.4
1113840 1462.0
1113850 1463.9
1113860 1463.9
1113870 1464.3
1113880 1462.6
1113890 1462.6
1113900 1459.2
1113910 1453.7
1113920 1450.6
1113930 1450.6
1113940 1448.6
1113950 1445.8
1113960 1445.8
1113970 1436.0
1113980 1425.3
1113990 1425.3
1114000 1418.9
1114010 1418.4
1114020 1418.4
1114030 1419.5
1114040 1421.2
1114050 1421.2
1114060 1423.6
1114070 1423.0
1114080 1424.6
1114090 1421.9
1114100 1418.4
1114110 1418.4
1114120 1416.7
1114130 1418.2
1114140 1418.2
1114150 1420.7
1114160 1423.3
1114170 1423.3
1114180 1426.5
1114190 1429.8
1114200 1433.1
1114210 1433.1
1114220 1435.8
1114230 1436.5
1114240 1436.5
1114250 1439.8
1114260 1442.6
1114270 1442.6
1114280 1443.3
1114290 1441.3
1114300 1441.3
1114310 1438.9
1114320 1439.0
1114330 1439.0
1114340 1437.9
1114350 1432.4
1114360 1432.4
1114370 1424.3
1114380 1417.9
1114390 1417.9
1114400 1411.9
1114410 1408.3
1114420 1408.3
1114430 1406.1
1114440 1407.9
1114450 1407.9
1114460 1408.9
1114470 1410.7
1114480 1410.7
1114490 1412.8
1114500 1414.6
1114510 1416.7
1114520 1416.7
1114530 1419.3
1114540 1422.1
1114550 1422.1
1114560 1424.8
1114570 1427.2
1114580 1427.2
1114590 1429.2
1114600 1431.4
1114610 1431.4
1114620 1433.4
1114630 1435.5
1114640 1435.5
1114650 1438.5
1114660 1442.6
1114670 1442.6
1114680 1447.4
1114690 1451.2
1114700 1451.2
1114710 1452.6
1114720 1454.1
1114730 1454.1
1114740 1456.2
1114750 1458.6
1114760 1458.6
1114770 1461.3
1114780 1464.1
1114790 1467.0
1114800 1467.0
1114810 1469.7
1114820 1471.3
1114830 1471.3
1114840 1473.9
1114850 1475.6
1114860 1475.6
1114870 1479.5
1114880 1483.0
1114890 1483.0
1114900 1486.6
1114910 1491.6
1114920 1491.6
1114930 1498.2
1114940 1505.2
1114950 1505.2
1114960 1510.5
1114970 1515.7
1114980 1515.7
1114990 1518.8
1115000 1521.5
1115010 1521.5
1115020 1524.0
1115030 1525.5
1115040 1525.5
1115050 1526.9
1115060 1529.1
1115070 1529.1
1115080 1531.8
1115090 1534.4
1115100 1539.0
1115110 1539.0
1115120 1544.6
1115130 1551.0
1115140 1551.0
1115150 1557.6
1115160 1564.6
1115170 1564.6
1115180 1570.6
1115190 1575.8
1115200 1575.8
1115210 1582.7
1115220 1591.6
1115230 1591.6
1115240 1601.6
1115250 1612.3
1115260 1612.3
1115270 1636.0
1115280 1665.2
1115290 1665.2
1115300 1677.2
1115310 1688.5
1115320 1688.5
1115330 1715.8
1115340 1731.7
1115350 1731.7
1115360 1739.9
1115370 1749.2
1115380 1749.2
1115390 1757.5
1115400 1763.9
1115410 1769.8
1115420 1769.8
1115430 1774.8
1115440 1779.0
1115450 1779.0
1115460 1779.2
1115470 1785.3
1115480 1785.3
1115490 1791.0
1115500 1797.2
1115510 1797.2
1115520 1803.9
1115530 1809.1
1115540 1809.1
1115550 1812.8
1115560 1818.4
1115570 1818.4
1115580 1825.6
1115590 1833.7
1115600 1833.7
1115610 1842.3
1115620 1851.5
1115630 1851.5
1115640 1860.2
1115650 1868.7
1115660 1868.7
1115670 1877.6
1115680 1886.1
1115690 1894.3
1115700 1894.3
1115710 1902.6
1115720 1910.3
1115730 1910.3
1115740 1921.5
1115750 1929.6
1115760 1929.6
1115770 1937.4
1115780 1944.8
1115790 1944.8
1115800 1953.0
1115810 1961.6
1115820 1961.6
1115830 1970.2
1115840 1978.7
1115850 1978.7
1115860 1987.5
1115870 1996.2
1115880 1996.2
1115890 2004.6
1115900 2012.4
1115910 2012.4
1115920 2020.1
1115930 2027.3
1115940 2027.3
1115950 2034.0
1115960 2040.9
1115970 2040.9
1115980 2048.3
1115990 2057.8
1116000 2071.9
1116010 2071.9
1116020 2079.7
1116030 2081.3
1116040 2081.3
1116050 2079.5
1116060 2075.8
1116070 2075.8
1116080 2071.7
1116090 2068.8
1116100 2068.8
1116110 2066.9
1116120 2064.6
1116130 2064.6
1116140 2061.6
1116150 2056.4
1116160 2056.4
1116170 2054.0
1116180 2050.9
1116190 2050.9
1116200 2049.7
1116210 2048.2
1116220 2048.2
1116230 2046.7
1116240 2044.5
1116250 2044.5
1116260 2043.6
1116270 2042.6
1116280 2041.4
1116290 2041.4
1116300 2039.5
1116310 2038.4
1116320 2038.4
1116330 2036.6
1116340 2035.5
1116350 2035.5
1116360 2036.0
1116370 2037.6
1116380 2037.6
1116390 2038.0
1116400 2037.9
1116410 2037.9
1116420 2036.4
1116430 2033.6
1116440 2033.6
1116450 2031.6
1116460 2029.5
1116470 2029.5
1116480 2027.5
1116490 2026.3
1116500 2023.2
1116510 2022.4
1116520 2022.1
1116530 2022.1
1116540 2022.6
1116550 2023.0
1116560 2023.0
1116570 2023.3
1116580 2023.2
1116590 2023.0
1116600 2023.0
1116610 2022.3
1116620 2019.7
1116630 2019.7
1116640 2014.8
1116650 2011.6
1116660 2011.6
1116670 2009.5
1116680 2009.7
1116690 2009.7
1116700 2009.2
1116710 2007.1
1116720 2007.1
1116730 2004.3
1116740 2003.6
1116750 2003.6
1116760 2003.0
1116770 2001.8
1116780 2001.8
1116790 2001.3
1116800 1999.8
1116810 1999.8
1116820 1998.3
1116830 1997.6
1116840 1997.6
1116850 1994.1
1116860 1992.1
1116870 1990.7
1116880 1990.7
1116890 1986.9
1116900 1976.4
1116910 1976.4
1116920 1963.9
1116930 1954.3
1116940 1954.3
1116950 1938.5
1116960 1915.8
1116970 1915.8
1116980 1901.2
1116990 1889.9
1117000 1889.9
1117010 1878.3
1117020 1865.1
1117030 1865.1
1117040 1854.1
1117050 1843.0
1117060 1843.0
1117070 1833.9
1117080 1826.2
1117090 1826.2
1117100 1819.5
1117110 1813.4
1117120 1813.4
1117130 1807.1
1117140 1800.9
1117150 1800.9
1117160 1794.0
1117170 1788.1
1117180 1782.0
1117190 1782.2
1117200 1775.9
1117210 1769.9
1117220 1769.9
1117230 1764.1
1117240 1758.4
1117250 1758.4
1117260 1752.4
1117270 1746.4
1117280 1746.4
1117290 1740.7
1117300 1734.8
1117310 1734.8
1117320 1729.1
1117330 1723.5
1117340 1723.5
1117350 1717.8
1117360 1712.3
1117370 1712.3
1117380 1706.9
1117390 1701.7
1117400 1701.7
1117410 1696.4
1117420 1691.2
1117430 1691.2
1117440 1686.1
1117450 1681.2
1117460 1676.0
1117470 1676.0
1117480 1670.8
1117490 1666.0
1117500 1666.0
1117510 1661.8
1117520 1657.2
1117530 1657.2
1117540 1652.0
1117550 1647.5
1117560 1647.5
1117570 1643.1
1117580 1639.0
1117590 1639.0
1117600 1634.7
1117610 1630.6
1117620 1630.6
1117630 1626.5
1117640 1622.8
1117650 1622.8
1117660 1619.1
1117670 1615.3
1117680 1615.3
1117690 1611.9
1117700 1608.1
1117710 1608.1
1117720 1604.9
1117730 1601.5
1117740 1601.5
1117750 1597.9
1117760 1593.5
1117770 1589.4
1117780 1589.4
1117790 1586.7
1117800 1583.8
1117810 1583.8
1117820 1580.4
1117830 1577.1
1117840 1577.1
1117850 1574.8
1117860 1572.0
1117870 1572.0
1117880 1569.0
1117890 1565.8
1117900 1565.8
1117910 1562.9
1117920 1560.1
1117930 1560.1
1117940 1556.6
1117950 1554.0
1117960 1554.0
1117970 1551.6
1117980 1549.9
1117990 1549.9
1118000 1548.1
1118010 1546.0
1118020 1546.0
1118030 1544.2
1118040 1543.3
1118050 1539.6
1118060 1539.6
1118070 1535.6
1118080 1534.2
1118090 1534.2
1118100 1533.6
1118110 1536.2
1118120 1536.2
1118130 1538.5
1118140 1539.2
1118150 1539.2
1118160 1538.5
1118170 1535.4
1118180 1535.4
1118190 1532.5
1118200 1528.8
1118210 1528.8
1118220 1522.7
1118230 1516.1
1118240 1518.0
1118250 1512.0
1118260 1506.3
1118270 1506.3
1118280 1501.0
1118290 1496.1
1118300 1496.1
1118310 1492.3
1118320 1488.5
1118330 1488.5
1118340 1483.9
1118350 1478.7
1118360 1472.7
1118370 1472.7
1118380 1466.3
1118390 1461.6
1118400 1461.6
1118410 1457.4
1118420 1453.5
1118430 1453.5
1118440 1450.0
1118450 1446.0
1118460 1446.0
1118470 1442.3
1118480 1438.7
1118490 1438.7
1118500 1434.8
1118510 1430.3
1118520 1430.3
1118530 1424.5
1118540 1418.2
1118550 1418.2
1118560 1411.5
1118570 1404.5
1118580 1410.1
1118590 1402.1
1118600 1394.6
1118610 1394.6
1118620 1389.3
1118630 1381.9
1118640 1372.9
1118650 1372.9
1118660 1365.7
1118670 1359.5
1118680 1359.5
1118690 1352.0
1118700 1345.1
1118710 1345.1
1118720 1337.7
1118730 1330.5
1118740 1330.5
1118750 1323.5
1118760 1317.5
1118770 1317.5
1118780 1312.3
1118790 1306.9
1118800 1306.9
1118810 1301.4
1118820 1295.2
1118830 1295.2
1118840 1288.6
1118850 1282.7
1118860 1282.7
1118870 1277.7
1118880 1273.1
1118890 1273.1
1118900 1269.4
1118910 1265.7
1118920 1265.7
1118930 1267.7
1118940 1263.9
1118950 1259.9
1118960 1259.9
1118970 1257.1
1118980 1255.4
1118990 1255.4
1119000 1254.5
1119010 1254.0
1119020 1254.0
1119030 1251.9
1119040 1249.7
1119050 1249.7
1119060 1248.0
1119070 1246.4
1119080 1246.4
1119090 1244.9
1119100 1243.4
1119110 1243.4
1119120 1242.8
1119130 1243.2
1119140 1243.2
1119150 1242.9
1119160 1242.0
1119170 1242.0
1119180 1245.9
1119190 1248.6
1119200 1248.6
1119210 1251.2
1119220 1253.8
1119230 1257.0
1119240 1257.0
1119250 1260.2
1119260 1263.2
1119270 1263.2
1119280 1266.6
1119290 1270.2
1119300 1270.2
1119310 1273.4
1119320 1276.6
1119330 1276.6
1119340 1279.7
1119350 1283.0
1119360 1283.0
1119370 1286.2
1119380 1289.5
1119390 1289.5
1119400 1293.0
1119410 1296.4
1119420 1296.4
1119430 1300.2
1119440 1303.6
1119450 1303.6
1119460 1306.9
1119470 1310.0
1119480 1310.0
1119490 1313.7
1119500 1317.0
1119510 1317.0
1119520 1320.5
1119530 1324.2
1119540 1327.6
1119550 1327.6
1119560 1330.9
1119570 1334.0
1119580 1334.0
1119590 1336.9
1119600 1339.8
1119610 1339.8
1119620 1342.9
1119630 1348.6
1119640 1348.6
1119650 1351.4
1119660 1354.9
1119670 1354.9
1119680 1359.1
1119690 1363.7
1119700 1363.7
1119710 1369.7
1119720 1375.3
1119730 1375.3
1119740 1380.8
1119750 1385.1
1119760 1385.1
1119770 1387.5
1119780 1392.1
1119790 1392.1
1119800 1396.4
1119810 1400.6
1119820 1404.3
1119830 1404.3
1119840 1409.0
1119850 1413.9
1119860 1413.9
1119870 1419.1
1119880 1425.3
1119890 1425.3
1119900 1431.0
1119910 1434.5
1119920 1434.5
1119930 1438.1
1119940 1441.8
1119950 1441.8
1119960 1445.4
1119970 1449.9
1119980 1453.6
1119990 1458.7
