1100000 688.5
1100010 688.5
1100020 688.4
1100030 688.5
1100040 688.5
1100050 689.0
1100060 689.5
1100070 689.5
1100080 689.7
1100090 689.6
1100100 689.6
1100110 689.6
1100120 691.6
1100130 691.6
1100140 690.8
1100150 689.2
1100160 689.2
1100170 688.9
1100180 688.9
1100190 688.6
1100200 688.6
1100210 688.4
1100220 688.0
1100230 688.0
1100240 687.4
1100250 687.2
1100260 687.2
1100270 687.2
1100280 686.9
1100290 686.9
1100300 685.4
1100310 684.7
1100320 684.7
1100330 683.5
1100340 682.8
1100350 682.8
1100360 683.7
1100370 684.0
1100380 684.0
1100390 683.4
1100400 681.3
1100410 681.3
1100420 679.0
1100430 678.8
1100440 678.8
1100450 678.9
1100460 680.5
1100470 680.5
1100480 683.7
1100490 684.2
1100500 684.5
1100510 684.5
1100520 684.2
1100530 687.3
1100540 687.3
1100550 692.3
1100560 695.7
1100570 695.7
1100580 700.3
1100590 702.6
1100600 702.6
1100610 704.2
1100620 707.1
1100630 707.1
1100640 710.6
1100650 713.5
1100660 713.5
1100670 716.5
1100680 719.7
1100690 719.7
1100700 722.7
1100710 725.9
1100720 725.9
1100730 729.6
1100740 733.2
1100750 733.2
1100760 736.8
1100770 739.8
1100780 741.5
1100790 741.5
1100800 743.3
1100810 745.0
1100820 745.0
1100830 746.4
1100840 747.9
1100850 744.6
1100860 746.1
1100870 747.7
1100880 747.7
1100890 749.5
1100900 751.8
1100910 751.8
1100920 753.7
1100930 754.5
1100940 754.5
1100950 755.0
1100960 756.4
1100970 756.4
1100980 760.0
1100990 763.4
1101000 763.4
1101010 766.5
1101020 770.3
1101030 770.3
1101040 772.3
1101050 774.4
1101060 774.4
1101070 777.3
1101080 778.9
1101090 780.7
1101100 780.7
1101110 782.0
1101120 782.0
1101130 782.0
1101140 780.1
1101150 780.1
1101160 780.1
1101170 780.5
1101180 783.6
1101190 778.9
1101200 781.6
1101210 784.5
1101220 784.5
1101230 787.8
1101240 791.6
1101250 791.6
1101260 795.4
1101270 798.0
1101280 798.0
1101290 800.8
1101300 805.0
1101310 805.0
1101320 809.7
1101330 813.9
1101340 813.9
1101350 817.6
1101360 821.1
1101370 821.1
1101380 824.6
1101390 827.9
1101400 830.4
1101410 830.4
1101420 830.8
1101430 830.9
1101440 830.9
1101450 832.4
1101460 833.9
1101470 833.9
1101480 835.0
1101490 836.2
1101500 836.2
1101510 838.2
1101520 835.8
1101530 835.8
1101540 838.0
1101550 840.0
1101560 840.0
1101570 841.7
1101580 842.6
1101590 842.6
1101600 842.9
1101610 843.1
1101620 843.1
1101630 843.1
1101640 842.6
1101650 842.6
1101660 842.0
1101670 841.1
1101680 840.3
1101690 840.3
1101700 840.5
1101710 841.4
1101720 841.4
1101730 842.7
1101740 843.8
1101750 843.8
1101760 843.8
1101770 841.8
1101780 841.8
1101790 838.9
1101800 836.7
1101810 836.7
1101820 835.4
1101830 834.3
1101840 834.3
1101850 825.5
1101860 824.1
1101870 824.1
1101880 822.5
1101890 821.4
1101900 821.4
1101910 821.4
1101920 821.3
1101930 821.3
1101940 820.5
1101950 819.7
1101960 819.7
1101970 820.2
1101980 820.4
1101990 819.4
1102000 819.4
1102010 820.3
1102020 823.9
1102030 823.9
1102040 828.2
1102050 832.4
1102060 832.4
1102070 836.7
1102080 838.3
1102090 838.3
1102100 836.7
1102110 835.3
1102120 835.3
1102130 834.4
1102140 833.4
1102150 833.4
1102160 834.2
1102170 836.4
1102180 830.4
1102190 832.4
1102200 834.1
1102210 834.1
1102220 834.1
1102230 833.8
1102240 833.8
1102250 835.3
1102260 835.9
1102270 837.5
1102280 837.5
1102290 839.1
1102300 840.0
1102310 840.0
1102320 840.8
1102330 842.4
1102340 842.4
1102350 843.3
1102360 845.6
1102370 845.6
1102380 847.5
1102390 846.3
1102400 846.3
1102410 845.0
1102420 843.8
1102430 843.8
1102440 842.4
1102450 840.6
1102460 840.6
1102470 838.8
1102480 837.0
1102490 837.0
1102500 835.6
1102510 833.9
1102520 828.8
1102530 827.4
1102540 827.2
1102550 827.2
1102560 826.0
1102570 822.2
1102580 818.9
1102590 818.9
1102600 818.0
1102610 816.5
1102620 816.5
1102630 812.8
1102640 813.7
1102650 813.7
1102660 811.3
1102670 797.7
1102680 797.7
1102690 787.9
1102700 781.4
1102710 781.4
1102720 776.3
1102730 772.5
1102740 772.5
1102750 769.4
1102760 768.7
1102770 768.7
1102780 771.0
1102790 773.3
1102800 773.3
1102810 774.0
1102820 774.2
1102830 774.2
1102840 775.5
1102850 773.7
1102860 773.7
1102870 776.3
1102880 778.9
1102890 780.4
1102900 780.4
1102910 780.1
1102920 775.0
1102930 775.0
1102940 770.9
1102950 768.1
1102960 768.1
1102970 766.0
1102980 766.0
1102990 766.0
1103000 766.0
1103010 768.6
1103020 768.6
1103030 772.4
1103040 771.1
1103050 771.1
1103060 767.2
1103070 764.1
1103080 764.1
1103090 761.4
1103100 759.9
1103110 759.9
1103120 759.4
1103130 758.9
1103140 758.9
1103150 758.3
1103160 758.3
1103170 757.0
1103180 757.0
1103190 748.9
1103200 744.2
1103210 744.2
1103220 740.2
1103230 736.3
1103240 736.3
1103250 731.8
1103260 730.0
1103270 730.0
1103280 728.8
1103290 727.9
1103300 727.9
1103310 726.4
1103320 725.4
1103330 725.4
1103340 724.4
1103350 722.2
1103360 722.2
1103370 719.7
1103380 717.0
1103390 717.0
1103400 714.7
1103410 713.2
1103420 713.2
1103430 711.9
1103440 711.0
1103450 711.0
1103460 710.3
1103470 709.4
1103480 708.3
1103490 708.3
1103500 707.2
1103510 707.1
1103520 706.9
1103530 707.3
1103540 707.5
1103550 707.5
1103560 707.3
1103570 707.4
1103580 707.4
1103590 707.5
1103600 707.2
1103610 707.2
1103620 707.3
1103630 707.4
1103640 707.4
1103650 707.5
1103660 707.5
1103670 707.5
1103680 707.6
1103690 707.6
1103700 707.6
1103710 707.7
1103720 707.7
1103730 707.7
1103740 708.0
1103750 708.0
1103760 708.1
1103770 708.1
1103780 708.1
1103790 708.2
1103800 708.2
1103810 708.3
1103820 708.5
1103830 708.5
1103840 708.6
1103850 708.8
1103860 708.7
1103870 708.9
1103880 709.1
1103890 709.1
1103900 709.2
1103910 709.4
1103920 709.4
1103930 709.7
1103940 709.7
1103950 709.7
1103960 709.9
1103970 710.0
1103980 710.0
1103990 710.1
1104000 710.2
1104010 710.2
1104020 710.3
1104030 710.5
1104040 710.5
1104050 710.6
1104060 710.8
1104070 710.9
1104080 710.9
1104090 711.1
1104100 711.2
1104110 711.2
1104120 711.5
1104130 711.7
1104140 711.7
1104150 711.7
1104160 711.8
1104170 711.8
1104180 711.9
1104190 712.2
1104200 712.2
1104210 712.4
1104220 712.5
1104230 712.5
1104240 712.7
1104250 712.9
1104260 712.9
1104270 713.0
1104280 713.3
1104290 713.3
1104300 713.5
1104310 713.4
1104320 713.4
1104330 713.5
1104340 713.5
1104350 713.5
1104360 713.7
1104370 713.8
1104380 713.9
1104390 713.9
1104400 714.1
1104410 714.5
1104420 714.5
1104430 714.6
1104440 714.6
1104450 714.6
1104460 714.7
1104470 714.6
1104480 714.6
1104490 714.8
1104500 714.9
1104510 714.9
1104520 715.0
1104530 715.1
1104540 715.1
1104550 715.2
1104560 715.2
1104570 715.2
1104580 715.1
1104590 715.0
1104600 715.0
1104610 715.0
1104620 715.2
1104630 715.2
1104640 715.4
1104650 715.7
1104660 715.8
1104670 715.8
1104680 716.0
1104690 716.0
1104700 716.0
1104710 716.0
1104720 716.3
1104730 716.3
1104740 716.4
1104750 716.5
1104760 716.5
1104770 716.5
1104780 716.5
1104790 716.5
1104800 716.6
1104810 716.7
1104820 716.7
1104830 716.7
1104840 716.8
1104850 716.8
1104860 716.9
1104870 717.0
1104880 717.0
1104890 717.1
1104900 717.2
1104910 717.2
1104920 717.3
1104930 717.4
1104940 717.4
1104950 717.5
1104960 717.6
1104970 717.7
1104980 717.7
1104990 717.8
1105000 717.8
1105010 717.8
1105020 717.8
1105030 717.8
1105040 717.8
1105050 718.0
1105060 718.2
1105070 718.2
1105080 718.4
1105090 718.6
1105100 718.6
1105110 718.8
1105120 718.9
1105130 718.9
1105140 719.1
1105150 719.3
1105160 719.3
1105170 719.4
1105180 719.3
1105190 719.3
1105200 719.4
1105210 719.6
1105220 719.6
1105230 719.8
1105240 720.0
1105250 720.2
1105260 720.2
1105270 720.2
1105280 720.2
1105290 720.2
1105300 720.6
1105310 720.8
1105320 720.8
1105330 720.9
1105340 720.9
1105350 720.9
1105360 721.0
1105370 721.2
1105380 721.2
1105390 721.3
1105400 721.3
1105410 721.3
1105420 721.5
1105430 721.6
1105440 721.6
1105450 721.8
1105460 721.9
1105470 721.9
1105480 722.1
1105490 722.3
1105500 722.3
1105510 722.4
1105520 722.5
1105530 722.6
1105540 722.7
1105550 722.8
1105560 723.0
1105570 723.0
1105580 723.1
1105590 723.2
1105600 723.2
1105610 723.3
1105620 723.5
1105630 723.5
1105640 723.7
1105650 723.8
1105660 723.8
1105670 723.9
1105680 724.1
1105690 724.1
1105700 724.4
1105710 724.6
1105720 724.6
1105730 724.8
1105740 725.0
1105750 725.0
1105760 725.1
1105770 725.3
1105780 725.3
1105790 725.5
1105800 725.7
1105810 725.7
1105820 725.9
1105830 726.1
1105840 726.1
1105850 726.2
1105860 726.3
1105870 726.1
1105880 726.1
1105890 726.2
1105900 726.3
1105910 726.3
1105920 726.3
1105930 726.2
1105940 726.2
1105950 726.2
1105960 726.2
1105970 726.2
1105980 726.5
1105990 726.7
1106000 726.7
1106010 726.5
1106020 726.9
1106030 726.9
1106040 727.3
1106050 727.0
1106060 727.0
1106070 727.1
1106080 727.4
1106090 727.4
1106100 727.6
1106110 727.8
1106120 727.8
1106130 727.9
1106140 728.1
1106150 728.3
1106160 728.3
1106170 728.3
1106180 728.4
1106190 728.4
1106200 728.5
1106210 728.7
1106220 728.7
1106230 728.9
1106240 729.0
1106250 729.0
1106260 729.1
1106270 728.9
1106280 728.9
1106290 729.0
1106300 729.2
1106310 729.2
1106320 729.2
1106330 729.3
1106340 729.3
1106350 729.4
1106360 729.5
1106370 729.5
1106380 729.6
1106390 729.8
1106400 729.8
1106410 729.9
1106420 730.1
1106430 730.1
1106440 730.2
1106450 730.3
1106460 730.4
1106470 730.4
1106480 730.5
1106490 730.7
1106500 730.7
1106510 730.7
1106520 730.8
1106530 730.8
1106540 731.0
1106550 731.2
1106560 731.2
1106570 731.3
1106580 731.4
1106590 731.4
1106600 731.5
1106610 731.6
1106620 731.6
1106630 731.6
1106640 731.7
1106650 731.7
1106660 731.6
1106670 731.5
1106680 731.5
1106690 731.5
1106700 731.5
1106710 731.5
1106720 731.6
1106730 731.7
1106740 731.8
1106750 731.8
1106760 732.0
1106770 732.1
1106780 732.1
1106790 732.2
1106800 732.4
1106810 732.4
1106820 732.7
1106830 733.0
1106840 733.0
1106850 733.2
1106860 733.4
1106870 733.4
1106880 733.5
1106890 733.6
1106900 733.6
1106910 733.7
1106920 733.8
1106930 733.8
1106940 733.9
1106950 734.0
1106960 734.0
1106970 734.2
1106980 734.4
1106990 734.4
1107000 734.5
1107010 734.5
1107020 734.5
1107030 734.6
1107040 734.8
1107050 735.0
1107060 735.0
1107070 735.2
1107080 735.4
1107090 735.4
1107100 735.2
1107110 735.2
1107120 735.2
1107130 735.2
1107140 735.3
1107150 735.3
1107160 735.3
1107170 735.4
1107180 735.4
1107190 735.5
1107200 735.6
1107210 735.6
1107220 735.8
1107230 735.9
1107240 735.9
1107250 736.1
1107260 736.2
1107270 736.2
1107280 736.4
1107290 736.5
1107300 736.5
1107310 736.5
1107320 736.6
1107330 736.6
1107340 736.7
1107350 736.7
1107360 736.8
1107370 736.8
1107380 736.9
1107390 737.0
1107400 737.0
1107410 736.9
1107420 737.0
1107430 737.0
1107440 737.1
1107450 737.2
1107460 737.2
1107470 737.4
1107480 737.6
1107490 737.6
1107500 737.6
1107510 737.6
1107520 737.6
1107530 737.8
1107540 738.0
1107550 738.0
1107560 738.4
1107570 738.0
1107580 738.0
1107590 737.8
1107600 737.9
1107610 737.9
1107620 738.0
1107630 738.0
1107640 738.0
1107650 738.0
1107660 737.6
1107670 737.9
1107680 737.9
1107690 738.2
1107700 738.7
1107710 738.7
1107720 739.1
1107730 739.4
1107740 739.4
1107750 739.6
1107760 739.6
1107770 739.6
1107780 739.6
1107790 739.7
1107800 739.7
1107810 739.8
1107820 739.7
1107830 739.7
1107840 739.5
1107850 739.3
1107860 739.3
1107870 739.3
1107880 739.3
1107890 739.3
1107900 739.4
1107910 739.5
1107920 739.5
1107930 739.7
1107940 739.8
1107950 739.8
1107960 739.8
1107970 739.9
1107980 740.0
1107990 740.0
1108000 740.4
1108010 740.6
1108020 740.6
1108030 740.7
1108040 740.6
1108050 740.6
1108060 740.7
1108070 740.8
1108080 740.8
1108090 741.0
1108100 741.0
1108110 741.0
1108120 741.1
1108130 741.4
1108140 741.4
1108150 741.8
1108160 742.3
1108170 742.3
1108180 742.7
1108190 742.9
1108200 742.9
1108210 743.3
1108220 743.7
1108230 743.8
1108240 743.6
1108250 743.9
1108260 744.2
1108270 744.2
1108280 744.6
1108290 745.0
1108300 745.0
1108310 745.6
1108320 746.1
1108330 746.1
1108340 746.8
1108350 747.3
1108360 747.3
1108370 747.7
1108380 748.6
1108390 748.6
1108400 748.6
1108410 750.7
1108420 750.7
1108430 756.9
1108440 764.4
1108450 764.4
1108460 772.2
1108470 805.5
1108480 805.5
1108490 828.0
1108500 837.1
1108510 837.1
1108520 842.8
1108530 847.7
1108540 852.1
1108550 852.1
1108560 854.6
1108570 855.9
1108580 855.9
1108590 858.1
1108600 860.1
1108610 860.1
1108620 860.8
1108630 862.4
1108640 862.4
1108650 863.3
1108660 862.3
1108670 862.3
1108680 862.5
1108690 863.2
1108700 863.2
1108710 863.7
1108720 864.9
1108730 864.9
1108740 865.9
1108750 867.1
1108760 867.1
1108770 868.3
1108780 870.7
1108790 870.7
1108800 873.8
1108810 876.5
1108820 877.8
1108830 877.8
1108840 879.3
1108850 881.5
1108860 881.5
1108870 884.6
1108880 887.8
1108890 887.8
1108900 890.6
1108910 893.5
1108920 893.5
1108930 896.5
1108940 898.7
1108950 898.7
1108960 900.9
1108970 901.9
1108980 901.9
1108990 902.5
1109000 903.7
1109010 903.7
1109020 903.6
1109030 903.3
1109040 903.3
1109050 903.6
1109060 905.5
1109070 905.5
1109080 909.4
1109090 912.9
1109100 912.9
1109110 916.7
1109120 921.3
1109130 925.1
1109140 925.1
1109150 926.5
1109160 929.8
1109170 929.8
1109180 933.9
1109190 938.0
1109200 938.0
1109210 942.6
1109220 945.9
1109230 945.9
1109240 949.8
1109250 956.7
1109260 956.7
1109270 959.0
1109280 960.1
1109290 960.1
1109300 962.3
1109310 965.4
1109320 965.4
1109330 970.0
1109340 975.6
1109350 975.6
1109360 982.0
1109370 988.7
1109380 988.7
1109390 995.8
1109400 1001.6
1109410 1001.6
1109420 1005.8
1109430 1009.4
1109440 1013.9
1109450 1013.9
1109460 1017.8
1109470 1020.7
1109480 1020.7
1109490 1024.9
1109500 1028.9
1109510 1028.9
1109520 1032.9
1109530 1037.0
1109540 1037.0
1109550 1041.5
1109560 1046.7
1109570 1046.7
1109580 1050.3
1109590 1060.8
1109600 1060.8
1109610 1063.5
1109620 1067.8
1109630 1067.8
1109640 1072.4
1109650 1076.8
1109660 1076.8
1109670 1080.7
1109680 1084.7
1109690 1084.7
1109700 1087.9
1109710 1091.4
1109720 1095.1
1109730 1095.1
1109740 1098.3
1109750 1102.5
1109760 1102.5
1109770 1107.3
1109780 1113.2
1109790 1113.2
1109800 1120.7
1109810 1128.6
1109820 1128.6
1109830 1136.8
1109840 1143.0
1109850 1143.0
1109860 1147.6
1109870 1151.7
1109880 1151.7
1109890 1155.5
1109900 1159.5
1109910 1159.5
1109920 1163.7
1109930 1173.2
1109940 1173.2
1109950 1176.8
1109960 1180.1
1109970 1180.1
1109980 1183.7
1109990 1187.7
1110000 1187.7
1110010 1191.9
1110020 1196.4
1110030 1200.8
1110040 1200.8
1110050 1204.7
1110060 1208.5
1110070 1208.5
1110080 1211.6
1110090 1213.4
1110100 1213.4
1110110 1215.0
1110120 1216.1
1110130 1216.1
1110140 1217.8
1110150 1220.4
1110160 1220.4
1110170 1223.4
1110180 1227.0
1110190 1227.0
1110200 1230.2
1110210 1233.5
1110220 1233.5
1110230 1237.2
1110240 1241.8
1110250 1241.8
1110260 1247.7
1110270 1259.1
1110280 1259.1
1110290 1266.2
1110300 1273.9
1110310 1280.0
1110320 1280.0
1110330 1288.3
1110340 1296.0
1110350 1296.0
1110360 1303.5
1110370 1309.5
1110380 1309.5
1110390 1311.8
1110400 1314.7
1110410 1314.7
1110420 1317.4
1110430 1321.1
1110440 1321.1
1110450 1326.3
1110460 1330.6
1110470 1330.6
1110480 1332.7
1110490 1334.4
1110500 1334.4
1110510 1336.3
1110520 1337.1
1110530 1337.1
1110540 1340.1
1110550 1345.9
1110560 1345.9
1110570 1351.5
1110580 1356.2
1110590 1356.2
1110600 1361.2
1110610 1371.6
1110620 1376.8
1110630 1376.8
1110640 1382.5
1110650 1389.6
1110660 1389.6
1110670 1398.3
1110680 1404.5
1110690 1404.5
1110700 1410.5
1110710 1416.9
1110720 1416.9
1110730 1423.1
1110740 1428.8
1110750 1428.8
1110760 1434.0
1110770 1439.2
1110780 1439.2
1110790 1443.9
1110800 1448.9
1110810 1448.9
1110820 1452.8
1110830 1456.5
1110840 1456.5
1110850 1459.0
1110860 1460.8
1110870 1460.8
1110880 1464.0
1110890 1466.4
1110900 1470.3
1110910 1470.3
1110920 1475.0
1110930 1480.8
1110940 1480.8
1110950 1487.4
1110960 1492.5
1110970 1492.5
1110980 1500.0
1110990 1507.2
1111000 1507.2
1111010 1512.3
1111020 1516.5
1111030 1516.5
1111040 1520.4
1111050 1525.0
1111060 1525.0
1111070 1528.6
1111080 1531.3
1111090 1531.3
1111100 1534.4
1111110 1537.5
1111120 1537.5
1111130 1539.8
1111140 1541.7
1111150 1541.7
1111160 1542.6
1111170 1544.6
1111180 1544.6
1111190 1545.4
1111200 1545.1
1111210 1548.2
1111220 1548.2
1111230 1553.4
1111240 1558.6
1111250 1558.6
1111260 1562.8
1111270 1565.4
1111280 1565.4
1111290 1568.2
1111300 1559.5
1111310 1559.5
1111320 1560.7
1111330 1561.1
1111340 1561.1
1111350 1560.9
1111360 1559.9
1111370 1559.9
1111380 1556.3
1111390 1552.1
1111400 1552.1
1111410 1547.6
1111420 1544.4
1111430 1544.4
1111440 1544.4
1111450 1545.5
1111460 1545.5
1111470 1546.8
1111480 1550.5
1111490 1555.7
1111500 1555.7
1111510 1559.8
1111520 1562.3
1111530 1562.3
1111540 1562.5
1111550 1562.2
1111560 1562.2
1111570 1562.8
1111580 1562.0
1111590 1562.0
1111600 1557.5
1111610 1554.1
1111620 1554.1
1111630 1548.7
1111640 1531.7
1111650 1531.7
1111660 1527.1
1111670 1523.2
1111680 1523.2
1111690 1519.6
1111700 1516.0
1111710 1516.0
1111720 1512.7
1111730 1509.8
1111740 1509.8
1111750 1505.6
1111760 1501.3
1111770 1501.3
1111780 1498.4
1111790 1495.4
1111800 1494.5
1111810 1494.5
1111820 1495.6
1111830 1495.0
1111840 1495.0
1111850 1493.4
1111860 1489.7
1111870 1489.7
1111880 1487.6
1111890 1485.6
1111900 1485.6
1111910 1481.6
1111920 1477.2
1111930 1477.2
1111940 1473.2
1111950 1471.3
1111960 1471.3
1111970 1471.0
1111980 1468.8
1111990 1468.8
1112000 1466.6
1112010 1465.9
1112020 1465.9
1112030 1465.6
1112040 1467.5
1112050 1467.5
1112060 1469.2
1112070 1470.8
1112080 1470.8
1112090 1472.0
1112100 1473.8
1112110 1475.8
1112120 1475.8
1112130 1476.2
1112140 1477.1
1112150 1477.1
1112160 1478.5
1112170 1480.6
1112180 1480.6
1112190 1483.3
1112200 1486.2
1112210 1486.2
1112220 1490.0
1112230 1494.7
1112240 1494.7
1112250 1500.2
1112260 1505.8
1112270 1505.8
1112280 1510.7
1112290 1514.9
1112300 1514.9
1112310 1518.8
1112320 1518.3
1112330 1518.3
1112340 1521.3
1112350 1522.7
1112360 1522.7
1112370 1524.4
1112380 1525.8
1112390 1526.8
1112400 1526.8
1112410 1527.3
1112420 1528.5
1112430 1528.5
1112440 1529.5
1112450 1530.2
1112460 1530.2
1112470 1531.3
1112480 1532.8
1112490 1532.8
1112500 1534.7
1112510 1536.8
1112520 1536.8
1112530 1539.6
1112540 1543.2
1112550 1543.2
1112560 1546.0
1112570 1547.0
1112580 1547.0
1112590 1547.6
1112600 1549.2
1112610 1549.2
1112620 1551.2
1112630 1552.0
1112640 1552.0
1112650 1554.5
1112660 1557.5
1112670 1552.9
1112680 1555.4
1112690 1557.8
1112700 1559.6
1112710 1559.6
1112720 1561.6
1112730 1563.8
1112740 1563.8
1112750 1566.0
1112760 1567.9
1112770 1567.9
1112780 1568.4
1112790 1568.8
1112800 1568.8
1112810 1569.6
1112820 1570.3
1112830 1570.3
1112840 1570.7
1112850 1571.1
1112860 1571.1
1112870 1571.3
1112880 1571.2
1112890 1571.2
1112900 1570.4
1112910 1567.4
1112920 1567.4
1112930 1565.6
1112940 1564.4
1112950 1564.4
1112960 1562.1
1112970 1546.2
1112980 1537.3
1112990 1537.3
1113000 1536.9
1113010 1532.6
1113020 1532.6
1113030 1533.7
1113040 1535.0
1113050 1535.0
1113060 1530.5
1113070 1529.6
1113080 1529.6
1113090 1531.0
1113100 1532.3
1113110 1532.3
1113120 1533.7
1113130 1534.7
1113140 1534.7
1113150 1534.1
1113160 1528.6
1113170 1528.6
1113180 1519.9
1113190 1507.3
1113200 1507.3
1113210 1493.1
1113220 1484.1
1113230 1484.1
1113240 1478.2
1113250 1469.9
1113260 1469.9
1113270 1464.4
1113280 1460.0
1113290 1452.4
1113300 1452.4
1113310 1446.1
1113320 1439.4
1113330 1439.4
1113340 1435.5
1113350 1422.3
1113360 1422.3
1113370 1416.9
1113380 1404.6
1113390 1404.6
1113400 1385.1
1113410 1380.4
1113420 1380.4
1113430 1375.9
1113440 1373.0
1113450 1373.0
1113460 1370.8
1113470 1368.5
1113480 1368.5
1113490 1365.6
1113500 1362.4
1113510 1362.4
1113520 1358.8
1113530 1355.6
1113540 1355.6
1113550 1352.5
1113560 1349.6
1113570 1347.9
1113580 1347.9
1113590 1345.9
1113600 1343.3
1113610 1343.3
1113620 1340.8
1113630 1338.4
1113640 1338.4
1113650 1336.5
1113660 1334.8
1113670 1334.8
1113680 1335.3
1113690 1335.9
1113700 1332.8
1113710 1334.2
1113720 1334.6
1113730 1334.6
1113740 1332.1
1113750 1332.4
1113760 1332.4
1113770 1335.5
1113780 1336.1
1113790 1336.1
1113800 1337.3
1113810 1338.9
1113820 1338.9
1113830 1339.7
1113840 1339.7
1113850 1339.7
1113860 1339.1
1113870 1337.9
1113880 1335.3
1113890 1335.3
1113900 1334.8
1113910 1334.8
1113920 1334.8
1113930 1335.2
1113940 1335.3
1113950 1335.3
1113960 1335.8
1113970 1337.1
1113980 1337.1
1113990 1337.9
1114000 1338.8
1114010 1338.8
1114020 1340.0
1114030 1340.5
1114040 1339.9
1114050 1340.9
1114060 1341.9
1114070 1341.9
1114080 1343.9
1114090 1345.2
1114100 1345.2
1114110 1346.4
1114120 1347.7
1114130 1347.7
1114140 1348.9
1114150 1350.2
1114160 1350.2
1114170 1351.5
1114180 1353.2
1114190 1355.0
1114200 1355.0
1114210 1357.6
1114220 1362.3
1114230 1362.3
1114240 1367.2
1114250 1372.6
1114260 1372.6
1114270 1377.3
1114280 1378.1
1114290 1378.1
1114300 1378.9
1114310 1379.5
1114320 1379.5
1114330 1381.4
1114340 1384.3
1114350 1384.3
1114360 1386.8
1114370 1389.4
1114380 1393.9
1114390 1394.6
1114400 1396.1
1114410 1396.1
1114420 1397.5
1114430 1399.5
1114440 1399.5
1114450 1402.3
1114460 1404.5
1114470 1406.5
1114480 1406.5
1114490 1409.4
1114500 1410.7
1114510 1410.7
1114520 1410.6
1114530 1411.0
1114540 1411.0
1114550 1412.5
1114560 1414.3
1114570 1414.3
1114580 1415.9
1114590 1417.4
1114600 1417.4
1114610 1419.9
1114620 1423.4
1114630 1423.4
1114640 1427.8
1114650 1434.1
1114660 1434.1
1114670 1441.1
1114680 1447.4
1114690 1447.4
1114700 1453.3
1114710 1457.2
1114720 1457.2
1114730 1463.6
1114740 1469.6
1114750 1469.6
1114760 1474.5
1114770 1479.2
1114780 1483.4
1114790 1483.4
1114800 1487.1
1114810 1489.6
1114820 1489.6
1114830 1491.4
1114840 1494.2
1114850 1494.2
1114860 1497.0
1114870 1496.7
1114880 1496.7
1114890 1499.0
1114900 1501.5
1114910 1501.5
1114920 1502.8
1114930 1504.0
1114940 1504.0
1114950 1505.7
1114960 1507.1
1114970 1507.1
1114980 1508.5
1114990 1509.2
1115000 1509.2
1115010 1512.2
1115020 1515.5
1115030 1515.5
1115040 1517.9
1115050 1520.8
1115060 1524.3
1115070 1525.1
1115080 1527.6
1115090 1530.2
1115100 1530.2
1115110 1533.8
1115120 1539.7
1115130 1539.7
1115140 1546.8
1115150 1552.8
1115160 1552.8
1115170 1558.2
1115180 1562.0
1115190 1562.0
1115200 1564.7
1115210 1567.6
1115220 1567.6
1115230 1570.3
1115240 1572.8
1115250 1572.8
1115260 1575.3
1115270 1578.1
1115280 1578.1
1115290 1581.0
1115300 1584.0
1115310 1584.0
1115320 1587.8
1115330 1592.5
1115340 1592.5
1115350 1597.3
1115360 1602.5
1115370 1607.0
1115380 1607.0
1115390 1610.7
1115400 1614.5
1115410 1614.5
1115420 1617.8
1115430 1621.3
1115440 1621.3
1115450 1625.0
1115460 1628.7
1115470 1628.7
1115480 1632.4
1115490 1636.1
1115500 1636.1
1115510 1640.0
1115520 1644.3
1115530 1644.3
1115540 1648.9
1115550 1653.1
1115560 1653.1
1115570 1657.5
1115580 1662.0
1115590 1662.0
1115600 1665.8
1115610 1668.8
1115620 1668.8
1115630 1670.5
1115640 1670.9
1115650 1672.8
1115660 1672.8
1115670 1680.7
1115680 1687.0
1115690 1687.0
1115700 1692.8
1115710 1701.5
1115720 1701.5
1115730 1714.2
1115740 1724.9
1115750 1724.9
1115760 1740.5
1115770 1745.9
1115780 1745.9
1115790 1756.1
1115800 1760.8
1115810 1760.8
1115820 1762.5
1115830 1772.4
1115840 1772.4
1115850 1781.8
1115860 1789.0
1115870 1789.0
1115880 1791.3
1115890 1789.6
1115900 1789.6
1115910 1786.9
1115920 1782.0
1115930 1782.0
1115940 1773.1
1115950 1765.1
1115960 1758.1
1115970 1758.1
1115980 1751.6
1115990 1745.4
1116000 1745.4
1116010 1742.5
1116020 1743.1
1116030 1743.1
1116040 1735.3
1116050 1739.1
1116060 1739.1
1116070 1754.1
1116080 1763.4
1116090 1763.4
1116100 1770.4
1116110 1779.0
1116120 1779.0
1116130 1789.1
1116140 1793.2
1116150 1793.2
1116160 1792.4
1116170 1791.5
1116180 1791.5
1116190 1790.2
1116200 1788.3
1116210 1788.3
1116220 1786.6
1116230 1785.0
1116240 1782.6
1116250 1782.6
1116260 1780.3
1116270 1778.0
1116280 1778.0
1116290 1775.2
1116300 1769.3
1116310 1769.3
1116320 1760.6
1116330 1753.3
1116340 1753.3
1116350 1751.3
1116360 1753.8
1116370 1753.8
1116380 1750.2
1116390 1748.0
1116400 1748.0
1116410 1755.7
1116420 1761.2
1116430 1761.2
1116440 1762.9
1116450 1758.9
1116460 1770.7
1116470 1771.8
1116480 1774.7
1116490 1774.7
1116500 1770.7
1116510 1767.8
1116520 1767.8
1116530 1765.3
1116540 1760.0
1116550 1758.3
1116560 1758.3
1116570 1758.2
1116580 1753.4
1116590 1753.4
1116600 1753.3
1116610 1755.9
1116620 1755.9
1116630 1761.4
1116640 1770.8
1116650 1770.8
1116660 1773.9
1116670 1782.1
1116680 1782.1
1116690 1791.9
1116700 1791.9
1116710 1791.9
1116720 1791.6
1116730 1793.9
1116740 1793.9
1116750 1796.6
1116760 1807.1
1116770 1807.1
1116780 1812.5
1116790 1820.4
1116800 1826.8
1116810 1831.2
1116820 1845.2
1116830 1845.2
1116840 1860.5
1116850 1874.6
1116860 1886.1
1116870 1886.1
1116880 1886.1
1116890 1877.8
1116900 1877.8
1116910 1869.0
1116920 1870.5
1116930 1870.5
1116940 1869.9
1116950 1869.2
1116960 1869.2
1116970 1874.7
1116980 1883.0
1116990 1883.0
1117000 1889.5
1117010 1886.4
1117020 1886.4
1117030 1878.7
1117040 1871.7
1117050 1871.7
1117060 1864.8
1117070 1859.5
1117080 1859.5
1117090 1854.4
1117100 1850.2
1117110 1850.2
1117120 1842.8
1117130 1835.9
1117140 1830.2
1117150 1823.1
1117160 1813.2
1117170 1805.3
1117180 1805.3
1117190 1798.4
1117200 1791.7
1117210 1791.7
1117220 1786.0
1117230 1780.5
1117240 1780.5
1117250 1774.7
1117260 1769.0
1117270 1769.0
1117280 1763.7
1117290 1757.9
1117300 1757.9
1117310 1752.0
1117320 1747.1
1117330 1747.1
1117340 1743.7
1117350 1739.5
1117360 1739.5
1117370 1734.9
1117380 1730.5
1117390 1730.5
1117400 1725.7
1117410 1719.1
1117420 1719.1
1117430 1714.7
1117440 1709.9
1117450 1704.0
1117460 1704.0
1117470 1698.1
1117480 1691.7
1117490 1691.7
1117500 1683.6
1117510 1678.5
1117520 1678.5
1117530 1672.7
1117540 1665.7
1117550 1665.7
1117560 1659.0
1117570 1652.2
1117580 1652.2
1117590 1646.3
1117600 1640.8
1117610 1640.8
1117620 1634.8
1117630 1630.2
1117640 1630.2
1117650 1626.2
1117660 1621.3
1117670 1621.3
1117680 1614.9
1117690 1607.2
1117700 1607.2
1117710 1600.8
1117720 1595.2
1117730 1590.6
1117740 1590.6
1117750 1585.2
1117760 1580.0
1117770 1580.0
1117780 1575.0
1117790 1569.6
1117800 1569.6
1117810 1564.7
1117820 1559.4
1117830 1559.4
1117840 1551.8
1117850 1547.2
1117860 1547.2
1117870 1542.0
1117880 1537.0
1117890 1537.0
1117900 1531.5
1117910 1525.2
1117920 1525.2
1117930 1519.6
1117940 1516.3
1117950 1516.3
1117960 1513.7
1117970 1510.3
1117980 1510.3
1117990 1506.6
1118000 1503.0
1118010 1503.0
1118020 1497.5
1118030 1486.8
1118040 1472.6
1118050 1472.6
1118060 1473.0
1118070 1453.8
1118080 1453.8
1118090 1457.1
1118100 1447.2
1118110 1447.2
1118120 1444.7
1118130 1441.4
1118140 1441.4
1118150 1434.3
1118160 1426.6
1118170 1426.6
1118180 1421.8
1118190 1423.9
1118200 1423.9
1118210 1412.3
1118220 1407.5
1118230 1407.5
1118240 1401.1
1118250 1396.0
1118260 1396.0
1118270 1391.5
1118280 1385.3
1118290 1385.3
1118300 1379.9
1118310 1374.8
1118320 1367.7
1118330 1367.7
1118340 1361.7
1118350 1356.5
1118360 1356.5
1118370 1352.7
1118380 1350.1
1118390 1350.1
1118400 1347.8
1118410 1345.0
1118420 1345.0
1118430 1343.7
1118440 1341.0
1118450 1341.0
1118460 1334.9
1118470 1329.4
1118480 1329.4
1118490 1324.1
1118500 1315.9
1118510 1315.9
1118520 1308.6
1118530 1304.2
1118540 1301.4
1118550 1298.1
1118560 1295.6
1118570 1295.6
1118580 1293.5
1118590 1291.8
1118600 1291.8
1118610 1290.8
1118620 1290.2
1118630 1288.4
1118640 1288.4
1118650 1285.3
1118660 1282.0
1118670 1282.0
1118680 1279.8
1118690 1276.8
1118700 1276.8
1118710 1273.4
1118720 1269.4
1118730 1269.4
1118740 1266.9
1118750 1265.0
1118760 1265.0
1118770 1262.4
1118780 1259.3
1118790 1259.3
1118800 1257.0
1118810 1254.7
1118820 1254.7
1118830 1252.4
1118840 1250.1
1118850 1250.1
1118860 1248.5
1118870 1247.3
1118880 1247.3
1118890 1245.1
1118900 1241.7
1118910 1238.0
1118920 1238.0
1118930 1235.1
1118940 1231.9
1118950 1231.9
1118960 1229.0
1118970 1227.7
1118980 1227.7
1118990 1226.0
1119000 1223.0
1119010 1223.0
1119020 1222.1
1119030 1222.1
1119040 1222.1
1119050 1222.2
1119060 1224.0
1119070 1224.0
1119080 1226.9
1119090 1228.2
1119100 1228.2
1119110 1229.7
1119120 1231.2
1119130 1231.2
1119140 1232.9
1119150 1234.6
1119160 1234.6
1119170 1237.1
1119180 1239.8
1119190 1239.8
1119200 1242.1
1119210 1243.1
1119220 1243.4
1119230 1243.4
1119240 1244.9
1119250 1246.1
1119260 1246.1
1119270 1247.6
1119280 1249.2
1119290 1249.2
1119300 1251.1
1119310 1252.5
1119320 1252.5
1119330 1254.2
1119340 1256.1
1119350 1256.1
1119360 1258.1
1119370 1259.8
1119380 1259.8
1119390 1261.8
1119400 1263.8
1119410 1263.8
1119420 1264.7
1119430 1266.4
1119440 1266.4
1119450 1268.4
1119460 1270.6
1119470 1270.6
1119480 1273.0
1119490 1275.4
1119500 1275.4
1119510 1278.5
1119520 1281.3
1119530 1285.1
1119540 1285.1
1119550 1288.3
1119560 1291.9
1119570 1291.9
1119580 1296.0
1119590 1300.5
1119600 1300.5
1119610 1303.6
1119620 1305.7
1119630 1305.7
1119640 1307.2
1119650 1309.3
1119660 1309.3
1119670 1311.1
1119680 1312.5
1119690 1312.5
1119700 1313.8
1119710 1315.7
1119720 1315.7
1119730 1317.0
1119740 1318.1
1119750 1318.1
1119760 1319.3
1119770 1321.9
1119780 1321.9
1119790 1327.2
1119800 1332.3
1119810 1337.0
1119820 1337.0
1119830 1341.0
1119840 1344.2
1119850 1344.2
1119860 1347.2
1119870 1349.3
1119880 1349.3
1119890 1351.0
1119900 1352.2
1119910 1352.2
1119920 1351.5
1119930 1354.0
1119940 1357.6
1119950 1358.7
1119960 1360.5
1119970 1360.5
1119980 1362.1
1119990 1364.6
