1100000 691.6
1100010 692.6
1100020 693.3
1100030 693.3
1100040 693.4
1100050 693.5
1100060 693.2
1100070 693.2
1100080 693.4
1100090 693.8
1100100 693.8
1100110 693.3
1100120 693.5
1100130 693.5
1100140 693.2
1100150 692.3
1100160 692.3
1100170 693.4
1100180 693.1
1100190 693.1
1100200 692.4
1100210 690.9
1100220 690.9
1100230 689.2
1100240 688.9
1100250 688.9
1100260 688.7
1100270 688.2
1100280 688.2
1100290 688.1
1100300 688.0
1100310 688.0
1100320 687.9
1100330 687.9
1100340 687.9
1100350 686.3
1100360 683.8
1100370 683.9
1100380 683.9
1100390 684.3
1100400 683.8
1100410 683.8
1100420 684.3
1100430 684.4
1100440 684.4
1100450 683.4
1100460 680.5
1100470 680.5
1100480 679.2
1100490 679.2
1100500 679.4
1100510 679.3
1100520 679.3
1100530 679.3
1100540 681.1
1100550 684.0
1100560 684.0
1100570 684.3
1100580 684.3
1100590 684.3
1100600 684.4
1100610 686.7
1100620 686.7
1100630 695.0
1100640 700.4
1100650 704.2
1100660 704.2
1100670 708.2
1100680 712.4
1100690 712.4
1100700 715.5
1100710 718.8
1100720 718.8
1100730 721.6
1100740 723.4
1100750 723.4
1100760 724.8
1100770 726.4
1100780 726.4
1100790 728.0
1100800 730.9
1100810 730.9
1100820 733.9
1100830 731.4
1100840 731.4
1100850 732.8
1100860 733.4
1100870 733.4
1100880 734.5
1100890 735.8
1100900 735.8
1100910 737.2
1100920 739.3
1100930 739.3
1100940 740.3
1100950 741.5
1100960 743.5
1100970 743.5
1100980 745.5
1100990 746.0
1101000 746.0
1101010 745.2
1101020 745.4
1101030 745.4
1101040 747.6
1101050 750.8
1101060 750.8
1101070 752.0
1101080 750.3
1101090 750.3
1101100 749.1
1101110 751.8
1101120 751.8
1101130 753.8
1101140 758.6
1101150 758.6
1101160 761.6
1101170 762.1
1101180 762.1
1101190 765.4
1101200 769.5
1101210 769.5
1101220 773.7
1101230 777.3
1101240 780.2
1101250 780.2
1101260 783.0
1101270 785.8
1101280 785.8
1101290 789.0
1101300 792.5
1101310 792.5
1101320 795.9
1101330 799.5
1101340 799.5
1101350 802.3
1101360 804.6
1101370 804.6
1101380 807.2
1101390 809.8
1101400 809.8
1101410 811.8
1101420 813.7
1101430 813.7
1101440 815.7
1101450 817.5
1101460 817.5
1101470 819.3
1101480 821.4
1101490 821.4
1101500 818.8
1101510 820.8
1101520 820.8
1101530 822.1
1101540 822.5
1101550 822.9
1101560 822.9
1101570 823.5
1101580 823.5
1101590 823.5
1101600 822.7
1101610 821.8
1101620 821.8
1101630 821.2
1101640 821.0
1101650 821.0
1101660 820.3
1101670 820.3
1101680 820.3
1101690 820.5
1101700 820.6
1101710 820.6
1101720 820.9
1101730 821.2
1101740 821.2
1101750 821.3
1101760 820.3
1101770 820.3
1101780 817.2
1101790 815.4
1101800 815.4
1101810 812.8
1101820 809.5
1101830 805.1
1101840 802.5
1101850 801.5
1101860 800.5
1101870 800.5
1101880 798.9
1101890 799.1
1101900 799.1
1101910 799.5
1101920 800.1
1101930 800.1
1101940 800.8
1101950 801.2
1101960 801.2
1101970 801.4
1101980 801.3
1101990 801.3
1102000 801.0
1102010 801.7
1102020 801.7
1102030 804.6
1102040 806.8
1102050 806.8
1102060 809.0
1102070 810.8
1102080 810.8
1102090 812.3
1102100 814.0
1102110 814.0
1102120 816.0
1102130 817.3
1102140 817.4
1102150 817.4
1102160 817.2
1102170 812.8
1102180 812.8
1102190 814.5
1102200 815.8
1102210 815.8
1102220 816.0
1102230 816.3
1102240 816.3
1102250 817.6
1102260 817.6
1102270 817.6
1102280 816.3
1102290 815.9
1102300 815.9
1102310 817.0
1102320 820.1
1102330 820.1
1102340 823.6
1102350 824.2
1102360 824.2
1102370 822.4
1102380 821.1
1102390 821.1
1102400 822.9
1102410 824.6
1102420 824.6
1102430 825.1
1102440 824.4
1102450 825.7
1102460 825.7
1102470 828.6
1102480 829.8
1102490 829.8
1102500 824.6
1102510 819.6
1102520 819.6
1102530 817.5
1102540 817.7
1102550 817.7
1102560 816.7
1102570 812.3
1102580 812.3
1102590 808.5
1102600 807.3
1102610 807.3
1102620 805.6
1102630 801.0
1102640 801.0
1102650 797.8
1102660 785.4
1102670 785.4
1102680 777.1
1102690 770.6
1102700 770.6
1102710 764.3
1102720 758.6
1102730 754.1
1102740 754.1
1102750 751.5
1102760 751.4
1102770 751.4
1102780 753.9
1102790 755.2
1102800 755.2
1102810 757.2
1102820 759.6
1102830 753.7
1102840 756.0
1102850 758.6
1102860 758.6
1102870 760.8
1102880 762.2
1102890 762.2
1102900 761.8
1102910 758.2
1102920 758.2
1102930 752.7
1102940 750.0
1102950 750.0
1102960 750.6
1102970 751.5
1102980 751.5
1102990 753.2
1103000 757.7
1103010 757.7
1103020 761.1
1103030 760.7
1103040 759.7
1103050 759.7
1103060 757.9
1103070 754.0
1103080 754.0
1103090 750.5
1103100 750.2
1103110 750.2
1103120 750.0
1103130 749.0
1103140 749.0
1103150 747.0
1103160 742.7
1103170 742.4
1103180 736.3
1103190 732.4
1103200 732.4
1103210 730.5
1103220 725.9
1103230 725.9
1103240 721.4
1103250 719.4
1103260 719.4
1103270 718.7
1103280 718.2
1103290 718.2
1103300 717.4
1103310 716.6
1103320 716.6
1103330 716.1
1103340 715.7
1103350 715.0
1103360 715.0
1103370 714.2
1103380 713.5
1103390 713.5
1103400 713.2
1103410 712.3
1103420 712.3
1103430 711.5
1103440 711.1
1103450 711.1
1103460 710.0
1103470 709.0
1103480 709.0
1103490 708.2
1103500 707.4
1103510 707.4
1103520 707.2
1103530 707.1
1103540 707.1
1103550 707.0
1103560 707.3
1103570 707.3
1103580 706.2
1103590 705.8
1103600 705.8
1103610 706.0
1103620 706.1
1103630 706.2
1103640 706.2
1103650 706.4
1103660 706.5
1103670 706.5
1103680 706.6
1103690 706.8
1103700 706.8
1103710 706.9
1103720 707.0
1103730 707.0
1103740 707.3
1103750 707.7
1103760 707.7
1103770 707.2
1103780 707.2
1103790 707.2
1103800 707.3
1103810 707.5
1103820 707.5
1103830 707.6
1103840 707.7
1103850 707.7
1103860 707.9
1103870 708.0
1103880 708.0
1103890 708.2
1103900 708.4
1103910 708.4
1103920 708.4
1103930 708.5
1103940 708.7
1103950 708.7
1103960 708.8
1103970 709.3
1103980 709.3
1103990 709.7
1104000 710.0
1104010 710.0
1104020 710.2
1104030 710.3
1104040 710.3
1104050 710.4
1104060 710.5
1104070 710.5
1104080 710.7
1104090 710.9
1104100 710.9
1104110 711.4
1104120 711.2
1104130 711.2
1104140 710.8
1104150 710.7
1104160 710.7
1104170 710.8
1104180 711.0
1104190 711.0
1104200 711.2
1104210 711.5
1104220 711.7
1104230 711.7
1104240 711.8
1104250 711.7
1104260 711.7
1104270 711.9
1104280 712.0
1104290 712.0
1104300 712.2
1104310 712.5
1104320 712.5
1104330 712.7
1104340 712.9
1104350 712.9
1104360 713.1
1104370 713.2
1104380 713.2
1104390 713.4
1104400 713.9
1104410 713.9
1104420 714.1
1104430 714.1
1104440 714.1
1104450 714.1
1104460 714.4
1104470 714.4
1104480 714.6
1104490 714.8
1104500 714.8
1104510 715.5
1104520 715.7
1104530 715.6
1104540 715.6
1104550 714.9
1104560 714.8
1104570 714.8
1104580 714.9
1104590 715.1
1104600 715.1
1104610 715.2
1104620 715.3
1104630 715.3
1104640 715.3
1104650 715.4
1104660 715.4
1104670 715.5
1104680 715.6
1104690 715.6
1104700 715.8
1104710 715.9
1104720 715.9
1104730 716.1
1104740 716.2
1104750 716.2
1104760 716.3
1104770 716.4
1104780 716.4
1104790 716.4
1104800 716.5
1104810 716.5
1104820 716.5
1104830 716.5
1104840 716.3
1104850 716.3
1104860 716.5
1104870 716.6
1104880 716.6
1104890 716.8
1104900 717.0
1104910 717.0
1104920 717.2
1104930 717.5
1104940 717.5
1104950 717.7
1104960 717.8
1104970 717.8
1104980 717.9
1104990 717.9
1105000 717.9
1105010 718.0
1105020 718.2
1105030 718.2
1105040 718.3
1105050 718.3
1105060 718.3
1105070 718.4
1105080 718.5
1105090 718.5
1105100 718.7
1105110 718.9
1105120 719.0
1105130 719.0
1105140 718.9
1105150 719.1
1105160 719.1
1105170 719.2
1105180 719.2
1105190 719.2
1105200 719.3
1105210 719.4
1105220 719.4
1105230 719.5
1105240 719.6
1105250 719.6
1105260 719.8
1105270 720.0
1105280 720.0
1105290 720.2
1105300 720.5
1105310 720.5
1105320 720.7
1105330 720.8
1105340 720.8
1105350 721.0
1105360 721.3
1105370 721.3
1105380 721.2
1105390 721.2
1105400 721.2
1105410 721.3
1105420 721.4
1105430 721.4
1105440 721.4
1105450 721.7
1105460 721.8
1105470 721.8
1105480 722.0
1105490 722.1
1105500 722.1
1105510 722.3
1105520 722.2
1105530 722.2
1105540 722.4
1105550 722.6
1105560 722.6
1105570 722.8
1105580 723.0
1105590 723.0
1105600 723.1
1105610 723.2
1105620 723.2
1105630 723.4
1105640 723.6
1105650 723.6
1105660 723.8
1105670 724.0
1105680 724.0
1105690 724.2
1105700 724.4
1105710 724.3
1105720 724.3
1105730 724.4
1105740 724.4
1105750 724.4
1105760 724.5
1105770 724.6
1105780 724.6
1105790 724.9
1105800 725.3
1105810 725.3
1105820 725.5
1105830 725.6
1105840 725.6
1105850 725.4
1105860 725.5
1105870 725.5
1105880 725.7
1105890 725.9
1105900 725.9
1105910 726.1
1105920 726.4
1105930 726.4
1105940 726.5
1105950 726.5
1105960 726.5
1105970 726.4
1105980 726.2
1105990 726.2
1106000 726.6
1106010 726.9
1106020 727.1
1106030 727.1
1106040 727.4
1106050 727.5
1106060 727.5
1106070 727.6
1106080 727.7
1106090 727.7
1106100 727.9
1106110 728.1
1106120 728.1
1106130 728.1
1106140 728.1
1106150 728.1
1106160 728.1
1106170 728.2
1106180 728.2
1106190 728.2
1106200 728.3
1106210 728.3
1106220 728.3
1106230 728.4
1106240 728.4
1106250 728.5
1106260 728.6
1106270 728.6
1106280 728.7
1106290 728.9
1106300 728.9
1106310 729.0
1106320 729.2
1106330 729.4
1106340 729.4
1106350 729.5
1106360 729.6
1106370 729.6
1106380 729.7
1106390 729.8
1106400 729.8
1106410 729.9
1106420 729.9
1106430 729.9
1106440 730.1
1106450 730.2
1106460 730.2
1106470 730.5
1106480 730.6
1106490 730.6
1106500 730.8
1106510 730.9
1106520 730.9
1106530 731.0
1106540 731.0
1106550 731.0
1106560 731.2
1106570 731.3
1106580 731.3
1106590 731.4
1106600 731.6
1106610 731.7
1106620 731.7
1106630 731.7
1106640 731.8
1106650 731.8
1106660 731.9
1106670 731.9
1106680 731.9
1106690 731.8
1106700 731.9
1106710 731.9
1106720 732.0
1106730 732.1
1106740 732.1
1106750 732.3
1106760 732.4
1106770 732.4
1106780 732.4
1106790 732.6
1106800 732.6
1106810 732.8
1106820 732.9
1106830 732.9
1106840 732.9
1106850 733.3
1106860 733.6
1106870 733.4
1106880 733.3
1106890 733.3
1106900 733.4
1106910 733.6
1106920 733.8
1106930 733.8
1106940 733.9
1106950 734.0
1106960 734.0
1106970 734.0
1106980 734.2
1106990 734.2
1107000 734.4
1107010 734.5
1107020 734.5
1107030 734.6
1107040 734.7
1107050 734.7
1107060 734.8
1107070 735.0
1107080 735.0
1107090 735.5
1107100 735.2
1107110 735.2
1107120 735.2
1107130 735.3
1107140 735.3
1107150 735.4
1107160 735.4
1107170 735.4
1107180 735.5
1107190 735.6
1107200 735.8
1107210 735.8
1107220 735.9
1107230 736.0
1107240 736.0
1107250 736.0
1107260 736.1
1107270 736.1
1107280 736.1
1107290 736.1
1107300 736.1
1107310 736.2
1107320 736.3
1107330 736.3
1107340 736.4
1107350 736.6
1107360 736.6
1107370 736.7
1107380 736.8
1107390 736.8
1107400 736.9
1107410 737.0
1107420 737.0
1107430 737.2
1107440 737.2
1107450 737.2
1107460 737.3
1107470 737.3
1107480 737.3
1107490 737.3
1107500 737.4
1107510 737.4
1107520 737.4
1107530 737.5
1107540 737.6
1107550 737.6
1107560 738.1
1107570 739.0
1107580 739.0
1107590 738.9
1107600 738.6
1107610 738.6
1107620 738.3
1107630 738.4
1107640 738.4
1107650 738.4
1107660 738.2
1107670 738.2
1107680 738.5
1107690 738.6
1107700 738.6
1107710 739.0
1107720 739.5
1107730 739.5
1107740 740.0
1107750 740.3
1107760 740.3
1107770 740.3
1107780 740.3
1107790 740.2
1107800 740.2
1107810 740.2
1107820 740.1
1107830 740.1
1107840 740.0
1107850 740.0
1107860 740.0
1107870 739.8
1107880 745.6
1107890 745.6
1107900 745.7
1107910 749.1
1107920 749.1
1107930 747.8
1107940 743.9
1107950 743.9
1107960 742.2
1107970 741.2
1107980 741.2
1107990 741.2
1108000 741.4
1108010 741.4
1108020 741.3
1108030 741.1
1108040 741.1
1108050 741.2
1108060 741.2
1108070 741.2
1108080 741.2
1108090 741.2
1108100 741.1
1108110 741.1
1108120 741.1
1108130 741.1
1108140 741.1
1108150 741.2
1108160 741.4
1108170 741.4
1108180 741.8
1108190 741.8
1108200 741.8
1108210 741.8
1108220 741.9
1108230 741.9
1108240 741.9
1108250 742.3
1108260 742.3
1108270 743.3
1108280 743.8
1108290 743.8
1108300 744.3
1108310 744.8
1108320 744.8
1108330 745.1
1108340 745.6
1108350 745.6
1108360 746.6
1108370 747.7
1108380 747.7
1108390 749.1
1108400 755.8
1108410 760.1
1108420 760.1
1108430 763.6
1108440 767.7
1108450 767.7
1108460 772.5
1108470 779.8
1108480 779.8
1108490 804.0
1108500 831.8
1108510 831.8
1108520 840.8
1108530 849.5
1108540 849.5
1108550 854.0
1108560 858.0
1108570 858.0
1108580 859.1
1108590 859.4
1108600 859.4
1108610 860.2
1108620 861.0
1108630 861.0
1108640 862.8
1108650 865.0
1108660 865.0
1108670 866.4
1108680 869.6
1108690 871.1
1108700 871.1
1108710 871.7
1108720 872.1
1108730 872.1
1108740 871.7
1108750 872.2
1108760 872.2
1108770 874.0
1108780 876.3
1108790 876.3
1108800 878.0
1108810 879.9
1108820 879.9
1108830 881.7
1108840 883.0
1108850 883.0
1108860 883.5
1108870 885.1
1108880 885.1
1108890 887.4
1108900 888.4
1108910 888.4
1108920 889.6
1108930 891.7
1108940 891.7
1108950 893.3
1108960 895.2
1108970 895.2
1108980 897.7
1108990 899.7
1109000 902.1
1109010 902.1
1109020 905.1
1109030 908.5
1109040 908.5
1109050 912.0
1109060 916.0
1109070 916.0
1109080 920.2
1109090 924.4
1109100 924.4
1109110 927.3
1109120 929.2
1109130 929.2
1109140 931.7
1109150 934.0
1109160 934.0
1109170 936.3
1109180 938.8
1109190 938.8
1109200 941.8
1109210 945.7
1109220 945.7
1109230 951.1
1109240 956.7
1109250 956.7
1109260 960.6
1109270 963.9
1109280 967.9
1109290 967.9
1109300 972.2
1109310 976.7
1109320 976.7
1109330 982.0
1109340 988.4
1109350 988.4
1109360 995.5
1109370 1002.9
1109380 1002.9
1109390 1010.7
1109400 1019.0
1109410 1019.0
1109420 1029.7
1109430 1037.7
1109440 1037.7
1109450 1043.9
1109460 1049.5
1109470 1049.5
1109480 1054.6
1109490 1058.9
1109500 1058.9
1109510 1061.9
1109520 1065.2
1109530 1065.2
1109540 1068.3
1109550 1070.3
1109560 1070.3
1109570 1073.5
1109580 1075.0
1109590 1077.8
1109600 1077.8
1109610 1081.8
1109620 1085.9
1109630 1085.9
1109640 1089.5
1109650 1092.9
1109660 1092.9
1109670 1098.2
1109680 1103.3
1109690 1103.3
1109700 1107.6
1109710 1111.3
1109720 1111.3
1109730 1116.5
1109740 1123.2
1109750 1123.2
1109760 1127.9
1109770 1132.1
1109780 1132.1
1109790 1136.6
1109800 1141.1
1109810 1141.1
1109820 1146.2
1109830 1150.6
1109840 1150.6
1109850 1154.2
1109860 1158.9
1109870 1164.3
1109880 1164.3
1109890 1169.1
1109900 1173.6
1109910 1178.4
1109920 1181.9
1109930 1185.9
1109940 1185.9
1109950 1190.5
1109960 1194.4
1109970 1194.4
1109980 1198.2
1109990 1202.7
1110000 1202.7
1110010 1210.0
1110020 1214.9
1110030 1214.9
1110040 1218.7
1110050 1222.1
1110060 1222.1
1110070 1225.5
1110080 1228.4
1110090 1228.4
1110100 1231.1
1110110 1235.1
1110120 1235.1
1110130 1239.2
1110140 1242.9
1110150 1242.9
1110160 1246.3
1110170 1248.6
1110180 1251.2
1110190 1251.2
1110200 1253.9
1110210 1256.8
1110220 1256.8
1110230 1260.3
1110240 1264.3
1110250 1264.3
1110260 1287.5
1110270 1297.0
1110280 1297.0
1110290 1307.5
1110300 1314.4
1110310 1314.4
1110320 1319.3
1110330 1319.9
1110340 1319.9
1110350 1319.1
1110360 1319.3
1110370 1319.3
1110380 1319.7
1110390 1322.1
1110400 1322.1
1110410 1323.6
1110420 1325.2
1110430 1325.2
1110440 1327.9
1110450 1328.9
1110460 1330.2
1110470 1330.2
1110480 1332.2
1110490 1337.1
1110500 1337.1
1110510 1343.1
1110520 1348.0
1110530 1348.0
1110540 1352.4
1110550 1356.4
1110560 1356.4
1110570 1361.9
1110580 1367.2
1110590 1367.2
1110600 1373.2
1110610 1378.7
1110620 1378.7
1110630 1383.8
1110640 1388.0
1110650 1388.0
1110660 1391.0
1110670 1393.2
1110680 1393.2
1110690 1398.7
1110700 1405.0
1110710 1405.0
1110720 1411.1
1110730 1416.1
1110740 1416.1
1110750 1420.7
1110760 1425.1
1110770 1429.7
1110780 1429.7
1110790 1434.0
1110800 1437.7
1110810 1437.7
1110820 1439.6
1110830 1440.6
1110840 1440.6
1110850 1441.8
1110860 1444.0
1110870 1444.0
1110880 1446.6
1110890 1449.8
1110900 1449.8
1110910 1454.0
1110920 1458.0
1110930 1458.0
1110940 1456.6
1110950 1461.4
1110960 1461.4
1110970 1467.0
1110980 1472.9
1110990 1472.9
1111000 1478.7
1111010 1484.8
1111020 1484.8
1111030 1490.6
1111040 1496.2
1111050 1496.2
1111060 1501.0
1111070 1506.0
1111080 1510.9
1111090 1510.9
1111100 1515.5
1111110 1519.3
1111120 1519.3
1111130 1522.1
1111140 1523.9
1111150 1523.9
1111160 1524.5
1111170 1525.0
1111180 1525.0
1111190 1526.5
1111200 1528.3
1111210 1528.3
1111220 1528.8
1111230 1529.1
1111240 1529.1
1111250 1530.7
1111260 1534.0
1111270 1534.0
1111280 1527.6
1111290 1528.7
1111300 1528.7
1111310 1530.4
1111320 1532.8
1111330 1532.8
1111340 1535.3
1111350 1537.8
1111360 1539.6
1111370 1539.6
1111380 1540.4
1111390 1540.0
1111400 1540.0
1111410 1539.6
1111420 1537.6
1111430 1537.6
1111440 1537.2
1111450 1538.5
1111460 1538.5
1111470 1538.8
1111480 1536.2
1111490 1536.2
1111500 1534.5
1111510 1534.3
1111520 1534.3
1111530 1532.4
1111540 1526.6
1111550 1526.6
1111560 1518.1
1111570 1514.6
1111580 1514.6
1111590 1512.3
1111600 1510.5
1111610 1510.5
1111620 1500.7
1111630 1498.8
1111640 1498.8
1111650 1496.3
1111660 1493.1
1111670 1489.3
1111680 1489.3
1111690 1486.7
1111700 1483.5
1111710 1483.5
1111720 1480.9
1111730 1478.1
1111740 1478.1
1111750 1477.0
1111760 1475.2
1111770 1475.2
1111780 1472.8
1111790 1470.4
1111800 1470.4
1111810 1468.5
1111820 1467.9
1111830 1467.9
1111840 1466.5
1111850 1463.9
1111860 1463.9
1111870 1462.8
1111880 1463.5
1111890 1463.5
1111900 1463.5
1111910 1461.8
1111920 1461.8
1111930 1459.6
1111940 1458.7
1111950 1458.5
1111960 1456.4
1111970 1454.2
1111980 1450.9
1111990 1450.9
1112000 1448.9
1112010 1449.1
1112020 1449.1
1112030 1451.9
1112040 1456.5
1112050 1456.5
1112060 1460.9
1112070 1463.8
1112080 1463.8
1112090 1466.6
1112100 1469.1
1112110 1469.1
1112120 1469.5
1112130 1468.3
1112140 1468.3
1112150 1464.8
1112160 1462.9
1112170 1462.9
1112180 1465.2
1112190 1468.0
1112200 1468.0
1112210 1471.2
1112220 1474.5
1112230 1474.5
1112240 1478.2
1112250 1481.0
1112260 1483.8
1112270 1483.8
1112280 1487.2
1112290 1491.3
1112300 1486.8
1112310 1493.0
1112320 1499.7
1112330 1499.7
1112340 1503.6
1112350 1506.2
1112360 1506.2
1112370 1506.8
1112380 1508.0
1112390 1508.0
1112400 1509.6
1112410 1511.4
1112420 1511.4
1112430 1513.1
1112440 1514.2
1112450 1514.2
1112460 1514.8
1112470 1515.7
1112480 1515.7
1112490 1516.8
1112500 1518.1
1112510 1518.1
1112520 1520.1
1112530 1521.7
1112540 1521.7
1112550 1521.7
1112560 1523.0
1112570 1525.1
1112580 1525.1
1112590 1527.0
1112600 1530.2
1112610 1530.2
1112620 1533.2
1112630 1536.4
1112640 1536.4
1112650 1534.9
1112660 1536.4
1112670 1536.4
1112680 1537.9
1112690 1540.5
1112700 1540.5
1112710 1543.6
1112720 1545.5
1112730 1545.5
1112740 1546.7
1112750 1546.8
1112760 1546.8
1112770 1547.7
1112780 1547.6
1112790 1547.6
1112800 1547.4
1112810 1547.2
1112820 1547.2
1112830 1546.4
1112840 1544.9
1112850 1543.2
1112860 1543.2
1112870 1540.8
1112880 1539.9
1112890 1539.9
1112900 1539.2
1112910 1538.6
1112920 1538.6
1112930 1538.1
1112940 1535.7
1112950 1535.7
1112960 1519.7
1112970 1510.2
1112980 1510.2
1112990 1504.9
1113000 1505.3
1113010 1505.3
1113020 1506.0
1113030 1503.6
1113040 1503.6
1113050 1503.0
1113060 1501.3
1113070 1501.3
1113080 1498.3
1113090 1496.4
1113100 1496.4
1113110 1497.2
1113120 1494.2
1113130 1485.0
1113140 1485.0
1113150 1479.0
1113160 1475.0
1113170 1475.0
1113180 1470.2
1113190 1463.0
1113200 1463.0
1113210 1454.0
1113220 1444.7
1113230 1444.7
1113240 1439.6
1113250 1434.6
1113260 1434.6
1113270 1427.3
1113280 1422.3
1113290 1422.3
1113300 1416.6
1113310 1408.5
1113320 1408.5
1113330 1385.1
1113340 1377.4
1113350 1377.4
1113360 1372.3
1113370 1367.4
1113380 1367.4
1113390 1364.0
1113400 1360.7
1113410 1360.7
1113420 1356.9
1113430 1352.9
1113440 1348.9
1113450 1348.9
1113460 1345.5
1113470 1343.4
1113480 1343.4
1113490 1341.7
1113500 1339.6
1113510 1339.6
1113520 1337.0
1113530 1334.4
1113540 1334.4
1113550 1331.9
1113560 1329.8
1113570 1329.8
1113580 1328.2
1113590 1327.0
1113600 1327.0
1113610 1326.0
1113620 1325.3
1113630 1325.3
1113640 1324.8
1113650 1324.7
1113660 1324.7
1113670 1325.0
1113680 1324.6
1113690 1324.6
1113700 1325.6
1113710 1325.7
1113720 1325.7
1113730 1324.5
1113740 1326.4
1113750 1327.5
1113760 1327.5
1113770 1327.5
1113780 1328.3
1113790 1328.3
1113800 1329.0
1113810 1328.6
1113820 1328.6
1113830 1328.0
1113840 1328.4
1113850 1328.4
1113860 1329.3
1113870 1331.5
1113880 1331.5
1113890 1334.4
1113900 1337.1
1113910 1337.1
1113920 1338.3
1113930 1339.3
1113940 1339.3
1113950 1340.2
1113960 1341.2
1113970 1341.2
1113980 1342.2
1113990 1342.8
1114000 1342.8
1114010 1343.4
1114020 1346.7
1114030 1347.7
1114040 1347.7
1114050 1347.9
1114060 1348.0
1114070 1348.0
1114080 1348.0
1114090 1348.0
1114100 1348.0
1114110 1349.7
1114120 1351.6
1114130 1351.6
1114140 1353.9
1114150 1356.8
1114160 1356.8
1114170 1358.9
1114180 1361.0
1114190 1361.0
1114200 1363.8
1114210 1366.6
1114220 1366.6
1114230 1370.2
1114240 1375.3
1114250 1375.3
1114260 1379.3
1114270 1382.0
1114280 1382.0
1114290 1385.0
1114300 1388.3
1114310 1388.3
1114320 1391.7
1114330 1395.4
1114340 1400.0
1114350 1400.0
1114360 1403.9
1114370 1406.3
1114380 1406.3
1114390 1408.6
1114400 1410.0
1114410 1410.0
1114420 1410.5
1114430 1410.9
1114440 1410.9
1114450 1411.0
1114460 1410.8
1114470 1410.8
1114480 1409.7
1114490 1412.0
1114500 1412.0
1114510 1414.5
1114520 1416.6
1114530 1416.6
1114540 1417.2
1114550 1417.9
1114560 1417.9
1114570 1419.2
1114580 1421.4
1114590 1421.4
1114600 1423.3
1114610 1424.9
1114620 1426.6
1114630 1426.6
1114640 1429.0
1114650 1433.0
1114660 1433.0
1114670 1438.1
1114680 1443.8
1114690 1443.8
1114700 1451.0
1114710 1456.3
1114720 1456.3
1114730 1460.8
1114740 1468.0
1114750 1468.0
1114760 1475.2
1114770 1480.5
1114780 1480.5
1114790 1484.5
1114800 1489.9
1114810 1489.9
1114820 1494.0
1114830 1498.4
1114840 1498.4
1114850 1502.0
1114860 1503.2
1114870 1503.2
1114880 1503.6
1114890 1504.3
1114900 1504.3
1114910 1505.5
1114920 1506.5
1114930 1507.6
1114940 1507.6
1114950 1510.0
1114960 1512.5
1114970 1512.5
1114980 1514.9
1114990 1516.9
1115000 1516.9
1115010 1519.1
1115020 1521.8
1115030 1521.8
1115040 1524.4
1115050 1528.8
1115060 1528.8
1115070 1531.3
1115080 1533.1
1115090 1533.1
1115100 1535.2
1115110 1537.4
1115120 1537.4
1115130 1541.2
1115140 1545.1
1115150 1545.1
1115160 1551.3
1115170 1557.1
1115180 1557.1
1115190 1561.5
1115200 1565.3
1115210 1568.0
1115220 1568.0
1115230 1570.8
1115240 1574.2
1115250 1574.2
1115260 1577.8
1115270 1581.2
1115280 1581.2
1115290 1584.5
1115300 1588.0
1115310 1588.0
1115320 1591.6
1115330 1595.0
1115340 1595.0
1115350 1598.6
1115360 1602.1
1115370 1602.1
1115380 1606.1
1115390 1610.3
1115400 1611.0
1115410 1614.4
1115420 1617.6
1115430 1617.6
1115440 1620.9
1115450 1624.5
1115460 1624.5
1115470 1628.4
1115480 1632.7
1115490 1632.7
1115500 1637.4
1115510 1641.7
1115520 1646.8
1115530 1646.8
1115540 1653.5
1115550 1660.0
1115560 1660.0
1115570 1665.0
1115580 1670.4
1115590 1670.4
1115600 1678.8
1115610 1687.9
1115620 1687.9
1115630 1692.3
1115640 1695.0
1115650 1695.0
1115660 1699.2
1115670 1708.9
1115680 1708.9
1115690 1721.9
1115700 1730.7
1115710 1730.7
1115720 1738.4
1115730 1746.7
1115740 1743.8
1115750 1754.8
1115760 1764.6
1115770 1764.6
1115780 1773.4
1115790 1778.9
1115800 1783.2
1115810 1783.2
1115820 1788.2
1115830 1794.1
1115840 1794.1
1115850 1797.9
1115860 1802.0
1115870 1802.0
1115880 1806.0
1115890 1801.9
1115900 1801.9
1115910 1795.0
1115920 1788.6
1115930 1788.6
1115940 1784.4
1115950 1782.7
1115960 1782.7
1115970 1781.1
1115980 1781.6
1115990 1781.6
1116000 1788.4
1116010 1791.7
1116020 1791.7
1116030 1781.3
1116040 1769.7
1116050 1769.7
1116060 1770.3
1116070 1775.0
1116080 1775.0
1116090 1785.5
1116100 1793.0
1116110 1801.4
1116120 1801.4
1116130 1804.6
1116140 1807.7
1116150 1807.7
1116160 1810.9
1116170 1809.8
1116180 1809.8
1116190 1808.4
1116200 1806.4
1116210 1806.4
1116220 1804.6
1116230 1802.8
1116240 1802.8
1116250 1800.7
1116260 1797.8
1116270 1797.8
1116280 1790.1
1116290 1781.4
1116300 1781.4
1116310 1778.7
1116320 1780.5
1116330 1780.5
1116340 1782.0
1116350 1781.3
1116360 1781.3
1116370 1777.9
1116380 1775.1
1116390 1775.1
1116400 1774.7
1116410 1781.5
1116420 1789.6
1116430 1789.6
1116440 1800.1
1116450 1801.0
1116460 1801.0
1116470 1799.5
1116480 1794.4
1116490 1794.4
1116500 1792.2
1116510 1790.6
1116520 1790.6
1116530 1788.0
1116540 1788.1
1116550 1788.1
1116560 1787.8
1116570 1783.8
1116580 1783.8
1116590 1788.0
1116600 1792.8
1116610 1792.8
1116620 1793.6
1116630 1798.2
1116640 1798.2
1116650 1798.6
1116660 1802.5
1116670 1802.5
1116680 1806.7
1116690 1813.3
1116700 1824.9
1116710 1824.9
1116720 1837.2
1116730 1843.2
1116740 1843.2
1116750 1837.0
1116760 1832.3
1116770 1832.3
1116780 1844.8
1116790 1855.4
1116800 1855.4
1116810 1865.7
1116820 1879.4
1116830 1879.4
1116840 1891.7
1116850 1897.1
1116860 1897.1
1116870 1901.9
1116880 1901.0
1116890 1901.0
1116900 1905.0
1116910 1914.2
1116920 1914.2
1116930 1918.6
1116940 1916.9
1116950 1916.9
1116960 1914.9
1116970 1906.5
1116980 1906.5
1116990 1897.4
1117000 1887.2
1117010 1878.7
1117020 1878.7
1117030 1872.3
1117040 1866.7
1117050 1866.7
1117060 1858.8
1117070 1851.3
1117080 1851.3
1117090 1845.8
1117100 1841.9
1117110 1841.9
1117120 1835.9
1117130 1824.5
1117140 1824.5
1117150 1813.9
1117160 1805.5
1117170 1805.5
1117180 1797.4
1117190 1788.8
1117200 1788.8
1117210 1782.5
1117220 1776.9
1117230 1776.9
1117240 1770.8
1117250 1764.6
1117260 1764.6
1117270 1758.2
1117280 1752.0
1117290 1746.1
1117300 1746.1
1117310 1740.5
1117320 1735.1
1117330 1735.1
1117340 1730.9
1117350 1728.5
1117360 1728.5
1117370 1724.0
1117380 1719.6
1117390 1719.6
1117400 1715.6
1117410 1709.9
1117420 1709.9
1117430 1703.7
1117440 1698.1
1117450 1698.1
1117460 1694.9
1117470 1689.4
1117480 1685.6
1117490 1680.6
1117500 1675.1
1117510 1675.1
1117520 1668.8
1117530 1662.7
1117540 1662.7
1117550 1656.3
1117560 1650.7
1117570 1650.7
1117580 1647.0
1117590 1642.2
1117600 1634.1
1117610 1634.1
1117620 1627.6
1117630 1621.2
1117640 1621.2
1117650 1615.1
1117660 1609.3
1117670 1609.3
1117680 1602.9
1117690 1596.8
1117700 1596.8
1117710 1591.0
1117720 1585.2
1117730 1585.2
1117740 1580.5
1117750 1575.8
1117760 1575.8
1117770 1571.3
1117780 1566.2
1117790 1566.2
1117800 1561.8
1117810 1557.9
1117820 1556.0
1117830 1552.1
1117840 1547.7
1117850 1547.7
1117860 1543.6
1117870 1539.6
1117880 1535.6
1117890 1535.6
1117900 1531.8
1117910 1527.7
1117920 1527.7
1117930 1523.4
1117940 1519.4
1117950 1519.4
1117960 1515.5
1117970 1512.0
1117980 1512.0
1117990 1509.4
1118000 1507.2
1118010 1507.2
1118020 1504.0
1118030 1500.6
1118040 1500.6
1118050 1502.6
1118060 1502.5
1118070 1502.5
1118080 1499.8
1118090 1496.0
1118100 1496.0
1118110 1487.3
1118120 1479.1
1118130 1479.1
1118140 1472.6
1118150 1468.7
1118160 1468.7
1118170 1464.1
1118180 1459.1
1118190 1454.8
1118200 1454.8
1118210 1448.3
1118220 1423.4
1118230 1423.4
1118240 1411.9
1118250 1404.2
1118260 1404.2
1118270 1395.9
1118280 1388.3
1118290 1388.3
1118300 1380.4
1118310 1374.7
1118320 1374.7
1118330 1370.2
1118340 1364.3
1118350 1364.3
1118360 1359.0
1118370 1355.2
1118380 1355.2
1118390 1351.4
1118400 1347.1
1118410 1347.1
1118420 1341.3
1118430 1335.0
1118440 1335.0
1118450 1331.1
1118460 1328.7
1118470 1324.4
1118480 1324.4
1118490 1316.7
1118500 1309.2
1118510 1309.2
1118520 1307.8
1118530 1306.1
1118540 1306.1
1118550 1304.2
1118560 1301.5
1118570 1301.5
1118580 1298.8
1118590 1297.2
1118600 1297.2
1118610 1295.5
1118620 1294.5
1118630 1294.5
1118640 1293.2
1118650 1291.6
1118660 1291.6
1118670 1289.0
1118680 1284.8
1118690 1284.8
1118700 1280.8
1118710 1277.4
1118720 1277.4
1118730 1272.8
1118740 1267.3
1118750 1267.3
1118760 1262.6
1118770 1259.2
1118780 1256.3
1118790 1256.3
1118800 1254.4
1118810 1252.3
1118820 1252.3
1118830 1249.9
1118840 1248.2
1118850 1248.2
1118860 1247.0
1118870 1245.9
1118880 1245.9
1118890 1244.8
1118900 1242.8
1118910 1242.8
1118920 1241.1
1118930 1238.8
1118940 1238.8
1118950 1236.4
1118960 1233.3
1118970 1233.3
1118980 1231.5
1118990 1229.7
1119000 1229.7
1119010 1226.9
1119020 1224.5
1119030 1224.5
1119040 1223.8
1119050 1223.6
1119060 1223.6
1119070 1225.1
1119080 1227.0
1119090 1228.7
1119100 1228.7
1119110 1230.2
1119120 1231.8
1119130 1231.8
1119140 1233.6
1119150 1235.0
1119160 1235.0
1119170 1236.3
1119180 1238.0
1119190 1238.0
1119200 1240.0
1119210 1241.3
1119220 1242.2
1119230 1243.8
1119240 1246.0
1119250 1246.0
1119260 1247.3
1119270 1249.0
1119280 1249.0
1119290 1250.5
1119300 1251.3
1119310 1251.3
1119320 1252.7
1119330 1254.1
1119340 1254.1
1119350 1255.9
1119360 1257.7
1119370 1259.0
1119380 1259.0
1119390 1260.1
1119400 1261.8
1119410 1261.8
1119420 1263.7
1119430 1266.4
1119440 1266.4
1119450 1269.4
1119460 1272.7
1119470 1272.7
1119480 1277.3
1119490 1280.8
1119500 1280.8
1119510 1283.2
1119520 1285.9
1119530 1285.9
1119540 1289.1
1119550 1293.3
1119560 1293.3
1119570 1294.8
1119580 1297.1
1119590 1297.1
1119600 1298.5
1119610 1300.1
1119620 1300.1
1119630 1302.8
1119640 1306.1
1119650 1306.1
1119660 1308.4
1119670 1309.9
1119680 1311.5
1119690 1311.5
1119700 1314.3
1119710 1317.7
1119720 1317.7
1119730 1320.7
1119740 1324.9
1119750 1324.9
1119760 1330.2
1119770 1335.8
1119780 1335.8
1119790 1340.4
1119800 1344.8
1119810 1344.8
1119820 1347.8
1119830 1349.7
1119840 1349.7
1119850 1351.8
1119860 1356.5
1119870 1356.5
1119880 1360.0
1119890 1361.5
1119900 1361.5
1119910 1363.1
1119920 1369.2
1119930 1369.2
1119940 1370.4
1119950 1373.9
1119960 1375.7
1119970 1375.7
1119980 1375.6
1119990 1379.7
