1100000 688.3
1100010 688.3
1100020 688.2
1100030 688.1
1100040 688.1
1100050 688.5
1100060 689.4
1100070 689.4
1100080 689.5
1100090 689.5
1100100 689.5
1100110 689.3
1100120 689.2
1100130 689.0
1100140 689.0
1100150 689.2
1100160 689.2
1100170 689.2
1100180 688.8
1100190 688.0
1100200 688.0
1100210 687.8
1100220 687.4
1100230 687.4
1100240 687.0
1100250 686.7
1100260 686.7
1100270 686.7
1100280 686.9
1100290 686.9
1100300 686.2
1100310 684.5
1100320 684.5
1100330 683.4
1100340 683.5
1100350 683.5
1100360 683.9
1100370 683.4
1100380 683.4
1100390 680.8
1100400 678.9
1100410 678.9
1100420 678.8
1100430 678.9
1100440 680.9
1100450 680.9
1100460 683.9
1100470 684.4
1100480 684.4
1100490 685.9
1100500 687.6
1100510 687.6
1100520 690.6
1100530 696.3
1100540 696.3
1100550 702.8
1100560 706.1
1100570 706.1
1100580 707.7
1100590 708.8
1100600 708.8
1100610 710.7
1100620 713.0
1100630 713.0
1100640 713.4
1100650 716.3
1100660 716.3
1100670 719.8
1100680 722.8
1100690 722.8
1100700 726.3
1100710 730.1
1100720 730.1
1100730 733.8
1100740 737.5
1100750 740.7
1100760 740.7
1100770 743.1
1100780 745.1
1100790 745.1
1100800 746.8
1100810 748.8
1100820 748.8
1100830 751.1
1100840 753.1
1100850 753.1
1100860 754.9
1100870 756.9
1100880 756.9
1100890 759.2
1100900 761.3
1100910 761.3
1100920 762.9
1100930 764.4
1100940 764.4
1100950 766.0
1100960 767.4
1100970 761.4
1100980 764.1
1100990 767.4
1101000 767.4
1101010 771.6
1101020 774.8
1101030 776.5
1101040 776.5
1101050 778.4
1101060 780.9
1101070 780.9
1101080 781.7
1101090 783.4
1101100 783.4
1101110 785.9
1101120 786.6
1101130 786.6
1101140 785.8
1101150 785.3
1101160 785.3
1101170 786.0
1101180 788.9
1101190 788.9
1101200 791.5
1101210 793.6
1101220 793.6
1101230 795.7
1101240 798.9
1101250 798.9
1101260 802.9
1101270 807.0
1101280 807.0
1101290 810.4
1101300 809.0
1101310 809.0
1101320 813.6
1101330 818.1
1101340 822.0
1101350 822.0
1101360 825.4
1101370 828.5
1101380 828.5
1101390 830.0
1101400 831.0
1101410 831.0
1101420 832.1
1101430 835.0
1101440 835.0
1101450 837.6
1101460 839.8
1101470 839.8
1101480 841.1
1101490 842.3
1101500 842.3
1101510 843.9
1101520 845.9
1101530 845.9
1101540 847.5
1101550 849.6
1101560 849.6
1101570 851.7
1101580 853.5
1101590 853.5
1101600 855.1
1101610 856.1
1101620 856.5
1101630 856.5
1101640 848.4
1101650 848.0
1101660 848.0
1101670 847.3
1101680 846.7
1101690 846.7
1101700 846.9
1101710 848.1
1101720 848.1
1101730 848.8
1101740 849.2
1101750 849.2
1101760 849.0
1101770 847.5
1101780 847.5
1101790 844.5
1101800 842.5
1101810 842.5
1101820 842.2
1101830 842.2
1101840 842.2
1101850 841.8
1101860 841.3
1101870 841.3
1101880 839.9
1101890 837.7
1101900 837.7
1101910 835.8
1101920 835.3
1101930 834.3
1101940 834.3
1101950 833.1
1101960 831.3
1101970 825.2
1101980 824.5
1101990 823.9
1102000 823.9
1102010 825.8
1102020 829.5
1102030 829.5
1102040 834.3
1102050 841.1
1102060 841.1
1102070 845.1
1102080 849.2
1102090 849.2
1102100 845.0
1102110 840.1
1102120 840.1
1102130 840.1
1102140 839.4
1102150 839.4
1102160 839.7
1102170 841.6
1102180 841.6
1102190 842.3
1102200 843.0
1102210 843.0
1102220 843.2
1102230 842.7
1102240 843.8
1102250 843.8
1102260 844.1
1102270 844.7
1102280 844.7
1102290 846.2
1102300 844.5
1102310 844.5
1102320 846.0
1102330 847.7
1102340 847.7
1102350 849.4
1102360 851.0
1102370 851.0
1102380 853.1
1102390 853.3
1102400 853.3
1102410 851.5
1102420 849.2
1102430 849.2
1102440 846.9
1102450 844.3
1102460 844.3
1102470 841.9
1102480 839.5
1102490 839.5
1102500 836.9
1102510 836.0
1102520 834.6
1102530 834.6
1102540 831.9
1102550 830.9
1102560 830.9
1102570 830.3
1102580 828.3
1102590 828.3
1102600 825.9
1102610 822.9
1102620 822.9
1102630 819.0
1102640 812.5
1102650 812.5
1102660 810.8
1102670 801.7
1102680 801.7
1102690 792.4
1102700 786.1
1102710 786.1
1102720 781.7
1102730 777.8
1102740 777.8
1102750 775.2
1102760 773.7
1102770 773.7
1102780 775.0
1102790 777.5
1102800 777.5
1102810 778.6
1102820 778.9
1102830 779.8
1102840 779.8
1102850 781.6
1102860 783.9
1102870 783.9
1102880 786.9
1102890 790.5
1102900 790.5
1102910 789.8
1102920 785.4
1102930 785.4
1102940 781.2
1102950 776.8
1102960 776.8
1102970 770.0
1102980 771.2
1102990 771.2
1103000 770.9
1103010 773.0
1103020 773.0
1103030 774.8
1103040 772.3
1103050 772.3
1103060 768.5
1103070 765.7
1103080 765.7
1103090 763.5
1103100 763.3
1103110 763.1
1103120 763.1
1103130 762.4
1103140 762.6
1103150 762.6
1103160 762.6
1103170 761.5
1103180 761.5
1103190 756.3
1103200 750.9
1103210 750.9
1103220 746.4
1103230 741.7
1103240 741.7
1103250 737.4
1103260 736.3
1103270 736.3
1103280 735.1
1103290 734.3
1103300 731.0
1103310 729.5
1103320 728.0
1103330 728.0
1103340 725.9
1103350 723.5
1103360 723.5
1103370 720.7
1103380 717.5
1103390 717.5
1103400 715.0
1103410 713.2
1103420 711.6
1103430 711.6
1103440 710.4
1103450 709.8
1103460 709.8
1103470 708.9
1103480 708.0
1103490 708.0
1103500 707.4
1103510 707.1
1103520 707.1
1103530 707.3
1103540 707.4
1103550 707.4
1103560 707.6
1103570 707.5
1103580 707.5
1103590 707.4
1103600 707.2
1103610 707.2
1103620 707.3
1103630 707.4
1103640 707.5
1103650 707.6
1103660 707.6
1103670 707.6
1103680 707.7
1103690 707.7
1103700 707.7
1103710 707.8
1103720 707.9
1103730 708.1
1103740 708.1
1103750 708.1
1103760 708.1
1103770 708.1
1103780 708.2
1103790 708.3
1103800 708.3
1103810 708.4
1103820 708.6
1103830 708.6
1103840 708.7
1103850 708.9
1103860 708.9
1103870 708.9
1103880 709.0
1103890 709.0
1103900 709.2
1103910 709.4
1103920 709.4
1103930 709.6
1103940 709.7
1103950 709.7
1103960 709.9
1103970 710.1
1103980 710.1
1103990 710.3
1104000 710.4
1104010 710.4
1104020 710.4
1104030 710.6
1104040 710.7
1104050 710.7
1104060 710.9
1104070 710.9
1104080 710.9
1104090 711.0
1104100 711.2
1104110 711.2
1104120 711.4
1104130 711.7
1104140 711.7
1104150 711.7
1104160 711.7
1104170 711.7
1104180 711.9
1104190 712.2
1104200 712.2
1104210 712.4
1104220 712.5
1104230 712.5
1104240 712.6
1104250 712.8
1104260 712.8
1104270 712.9
1104280 713.2
1104290 713.2
1104300 713.5
1104310 713.5
1104320 713.6
1104330 713.6
1104340 713.6
1104350 713.8
1104360 713.8
1104370 714.0
1104380 714.2
1104390 714.2
1104400 714.3
1104410 714.6
1104420 714.6
1104430 714.7
1104440 714.7
1104450 714.7
1104460 714.8
1104470 714.7
1104480 714.7
1104490 714.9
1104500 714.9
1104510 714.9
1104520 715.0
1104530 715.1
1104540 715.1
1104550 715.2
1104560 715.3
1104570 715.3
1104580 715.4
1104590 715.4
1104600 715.5
1104610 715.5
1104620 715.5
1104630 715.5
1104640 715.3
1104650 715.4
1104660 715.7
1104670 715.7
1104680 715.8
1104690 715.9
1104700 715.9
1104710 716.0
1104720 716.2
1104730 716.2
1104740 716.3
1104750 716.4
1104760 716.4
1104770 716.4
1104780 716.4
1104790 716.4
1104800 716.5
1104810 716.6
1104820 716.6
1104830 716.7
1104840 716.9
1104850 716.9
1104860 717.0
1104870 717.2
1104880 717.2
1104890 717.4
1104900 717.5
1104910 717.7
1104920 717.7
1104930 717.7
1104940 717.8
1104950 717.8
1104960 717.7
1104970 717.7
1104980 717.7
1104990 717.8
1105000 717.9
1105010 717.9
1105020 717.9
1105030 717.9
1105040 717.9
1105050 717.9
1105060 718.1
1105070 718.1
1105080 718.2
1105090 718.5
1105100 718.5
1105110 718.7
1105120 718.9
1105130 718.9
1105140 719.3
1105150 719.3
1105160 719.3
1105170 719.6
1105180 719.7
1105190 719.7
1105200 719.6
1105210 719.7
1105220 719.8
1105230 719.8
1105240 720.1
1105250 720.4
1105260 720.4
1105270 720.4
1105280 720.4
1105290 720.4
1105300 720.5
1105310 720.8
1105320 721.2
1105330 721.3
1105340 721.1
1105350 721.1
1105360 721.1
1105370 721.3
1105380 721.3
1105390 721.4
1105400 721.4
1105410 721.4
1105420 721.5
1105430 721.6
1105440 721.6
1105450 721.7
1105460 721.9
1105470 721.9
1105480 722.0
1105490 722.2
1105500 722.4
1105510 722.4
1105520 722.5
1105530 722.7
1105540 722.7
1105550 722.8
1105560 723.0
1105570 723.0
1105580 723.1
1105590 723.3
1105600 723.3
1105610 723.4
1105620 723.5
1105630 723.5
1105640 723.6
1105650 723.6
1105660 723.6
1105670 723.8
1105680 724.2
1105690 724.2
1105700 724.4
1105710 724.4
1105720 724.4
1105730 724.6
1105740 724.8
1105750 724.8
1105760 725.0
1105770 725.1
1105780 725.1
1105790 725.2
1105800 725.4
1105810 725.6
1105820 725.6
1105830 725.8
1105840 725.8
1105850 725.8
1105860 725.7
1105870 725.6
1105880 725.6
1105890 725.7
1105900 725.9
1105910 725.9
1105920 726.0
1105930 726.2
1105940 726.2
1105950 726.3
1105960 726.4
1105970 726.4
1105980 726.4
1105990 726.4
1106000 726.4
1106010 726.5
1106020 726.8
1106030 726.8
1106040 727.0
1106050 727.0
1106060 727.0
1106070 727.0
1106080 727.4
1106090 727.7
1106100 727.7
1106110 727.9
1106120 728.1
1106130 728.1
1106140 728.2
1106150 728.3
1106160 728.3
1106170 728.3
1106180 728.3
1106190 728.3
1106200 728.3
1106210 728.5
1106220 728.5
1106230 728.7
1106240 728.7
1106250 728.7
1106260 728.7
1106270 728.8
1106280 728.8
1106290 728.8
1106300 728.9
1106310 728.9
1106320 729.1
1106330 729.2
1106340 729.2
1106350 729.3
1106360 729.4
1106370 729.4
1106380 729.6
1106390 729.8
1106400 729.9
1106410 729.9
1106420 730.1
1106430 730.2
1106440 730.2
1106450 730.3
1106460 730.4
1106470 730.4
1106480 730.5
1106490 730.7
1106500 730.7
1106510 730.7
1106520 730.7
1106530 730.7
1106540 730.9
1106550 731.0
1106560 731.0
1106570 731.0
1106580 731.1
1106590 731.1
1106600 731.2
1106610 731.4
1106620 731.4
1106630 731.4
1106640 731.4
1106650 731.4
1106660 731.5
1106670 731.3
1106680 731.3
1106690 731.3
1106700 731.4
1106710 731.5
1106720 731.5
1106730 731.6
1106740 731.7
1106750 731.7
1106760 731.9
1106770 732.0
1106780 732.0
1106790 732.2
1106800 732.5
1106810 732.5
1106820 732.8
1106830 733.1
1106840 733.1
1106850 733.2
1106860 733.3
1106870 733.3
1106880 733.5
1106890 733.6
1106900 733.6
1106910 733.7
1106920 733.9
1106930 733.9
1106940 734.1
1106950 734.2
1106960 734.2
1106970 734.4
1106980 734.6
1106990 734.7
1107000 734.6
1107010 734.6
1107020 734.9
1107030 734.9
1107040 735.0
1107050 735.1
1107060 735.1
1107070 735.2
1107080 735.3
1107090 735.3
1107100 735.1
1107110 735.0
1107120 735.0
1107130 735.1
1107140 735.2
1107150 735.2
1107160 735.3
1107170 735.4
1107180 735.4
1107190 735.4
1107200 735.6
1107210 735.6
1107220 735.7
1107230 735.9
1107240 735.9
1107250 736.0
1107260 736.1
1107270 736.1
1107280 736.1
1107290 736.1
1107300 736.2
1107310 736.2
1107320 736.2
1107330 736.4
1107340 736.5
1107350 736.7
1107360 736.8
1107370 736.8
1107380 736.8
1107390 736.7
1107400 736.7
1107410 736.8
1107420 736.9
1107430 736.9
1107440 737.0
1107450 737.1
1107460 737.1
1107470 737.4
1107480 737.6
1107490 737.6
1107500 737.6
1107510 737.6
1107520 737.6
1107530 737.8
1107540 738.0
1107550 738.0
1107560 737.9
1107570 737.5
1107580 737.5
1107590 737.5
1107600 737.6
1107610 737.7
1107620 737.7
1107630 737.8
1107640 737.7
1107650 737.7
1107660 737.5
1107670 737.8
1107680 737.8
1107690 738.1
1107700 738.6
1107710 738.6
1107720 739.0
1107730 739.3
1107740 739.3
1107750 739.3
1107760 739.5
1107770 739.5
1107780 739.5
1107790 739.6
1107800 739.6
1107810 739.6
1107820 739.5
1107830 739.5
1107840 739.3
1107850 739.1
1107860 739.1
1107870 739.0
1107880 739.1
1107890 739.2
1107900 739.2
1107910 739.3
1107920 739.3
1107930 739.3
1107940 739.5
1107950 739.7
1107960 739.7
1107970 739.8
1107980 740.0
1107990 740.0
1108000 740.1
1108010 740.3
1108020 740.4
1108030 740.5
1108040 740.6
1108050 740.6
1108060 740.8
1108070 740.9
1108080 740.9
1108090 740.8
1108100 741.0
1108110 741.0
1108120 741.3
1108130 741.8
1108140 741.8
1108150 742.1
1108160 742.6
1108170 742.6
1108180 743.0
1108190 743.3
1108200 743.6
1108210 743.6
1108220 743.9
1108230 744.1
1108240 744.1
1108250 744.4
1108260 744.7
1108270 744.7
1108280 745.1
1108290 745.6
1108300 745.6
1108310 746.0
1108320 746.4
1108330 746.4
1108340 746.7
1108350 747.1
1108360 747.1
1108370 747.4
1108380 748.4
1108390 748.4
1108400 748.5
1108410 750.5
1108420 750.5
1108430 757.5
1108440 765.2
1108450 765.2
1108460 774.6
1108470 812.5
1108480 833.0
1108490 833.0
1108500 840.6
1108510 846.5
1108520 846.5
1108530 851.5
1108540 853.6
1108550 853.6
1108560 854.5
1108570 854.8
1108580 854.8
1108590 856.9
1108600 857.9
1108610 857.9
1108620 859.4
1108630 861.8
1108640 861.8
1108650 861.5
1108660 859.9
1108670 859.9
1108680 858.8
1108690 860.7
1108700 860.7
1108710 861.5
1108720 862.7
1108730 862.7
1108740 863.7
1108750 865.1
1108760 865.1
1108770 866.9
1108780 871.3
1108790 874.0
1108800 874.0
1108810 875.7
1108820 876.3
1108830 876.3
1108840 878.5
1108850 881.2
1108860 881.2
1108870 884.1
1108880 886.1
1108890 886.1
1108900 889.1
1108910 892.1
1108920 892.1
1108930 895.3
1108940 898.3
1108950 898.3
1108960 900.7
1108970 902.0
1108980 902.0
1108990 900.7
1109000 899.7
1109010 899.7
1109020 900.4
1109030 902.2
1109040 902.2
1109050 902.4
1109060 905.2
1109070 908.6
1109080 908.6
1109090 910.8
1109100 914.2
1109110 914.2
1109120 917.1
1109130 919.2
1109140 919.2
1109150 923.0
1109160 927.5
1109170 927.5
1109180 931.3
1109190 936.1
1109200 936.1
1109210 940.0
1109220 942.4
1109230 942.4
1109240 946.2
1109250 950.6
1109260 950.6
1109270 955.0
1109280 955.9
1109290 955.9
1109300 956.4
1109310 958.7
1109320 958.7
1109330 963.1
1109340 969.2
1109350 969.2
1109360 974.7
1109370 984.5
1109380 990.5
1109390 990.5
1109400 995.0
1109410 999.1
1109420 999.1
1109430 1002.1
1109440 1004.6
1109450 1004.6
1109460 1008.2
1109470 1013.1
1109480 1013.1
1109490 1018.7
1109500 1023.9
1109510 1023.9
1109520 1027.6
1109530 1031.7
1109540 1031.7
1109550 1035.8
1109560 1039.7
1109570 1039.7
1109580 1042.4
1109590 1047.4
1109600 1047.4
1109610 1054.8
1109620 1060.3
1109630 1060.3
1109640 1066.0
1109650 1071.5
1109660 1075.6
1109670 1075.6
1109680 1078.8
1109690 1081.4
1109700 1081.4
1109710 1087.8
1109720 1091.3
1109730 1091.3
1109740 1095.0
1109750 1099.1
1109760 1099.1
1109770 1104.4
1109780 1111.1
1109790 1111.1
1109800 1118.5
1109810 1126.3
1109820 1126.3
1109830 1134.3
1109840 1140.4
1109850 1140.4
1109860 1144.3
1109870 1148.1
1109880 1148.1
1109890 1151.7
1109900 1154.9
1109910 1154.9
1109920 1158.9
1109930 1164.3
1109940 1164.3
1109950 1169.8
1109960 1173.6
1109970 1177.0
1109980 1177.0
1109990 1180.2
1110000 1184.3
1110010 1184.3
1110020 1189.5
1110030 1194.4
1110040 1194.4
1110050 1201.2
1110060 1205.0
1110070 1205.0
1110080 1209.7
1110090 1211.0
1110100 1211.0
1110110 1212.6
1110120 1214.0
1110130 1214.0
1110140 1215.7
1110150 1218.8
1110160 1218.8
1110170 1220.8
1110180 1223.7
1110190 1223.7
1110200 1226.4
1110210 1229.5
1110220 1229.5
1110230 1234.0
1110240 1238.9
1110250 1238.9
1110260 1244.9
1110270 1250.9
1110280 1256.7
1110290 1256.7
1110300 1263.3
1110310 1270.7
1110320 1270.7
1110330 1278.3
1110340 1286.2
1110350 1286.2
1110360 1291.5
1110370 1295.9
1110380 1295.9
1110390 1306.5
1110400 1310.9
1110410 1310.9
1110420 1315.5
1110430 1319.6
1110440 1319.6
1110450 1323.1
1110460 1328.4
1110470 1328.4
1110480 1332.0
1110490 1333.2
1110500 1333.2
1110510 1334.8
1110520 1335.2
1110530 1335.2
1110540 1336.3
1110550 1341.2
1110560 1347.2
1110570 1347.2
1110580 1352.2
1110590 1357.0
1110600 1357.0
1110610 1362.9
1110620 1370.1
1110630 1370.1
1110640 1377.9
1110650 1384.4
1110660 1384.4
1110670 1392.4
1110680 1397.8
1110690 1397.8
1110700 1402.9
1110710 1408.7
1110720 1408.7
1110730 1420.2
1110740 1425.9
1110750 1425.9
1110760 1431.8
1110770 1437.9
1110780 1437.9
1110790 1443.7
1110800 1448.4
1110810 1448.4
1110820 1453.0
1110830 1456.1
1110840 1456.1
1110850 1458.8
1110860 1461.3
1110870 1464.0
1110880 1464.0
1110890 1466.9
1110900 1471.0
1110910 1471.0
1110920 1475.6
1110930 1481.3
1110940 1481.3
1110950 1488.0
1110960 1494.7
1110970 1494.7
1110980 1501.9
1110990 1508.6
1111000 1508.6
1111010 1514.3
1111020 1520.4
1111030 1520.4
1111040 1525.3
1111050 1528.9
1111060 1528.9
1111070 1533.2
1111080 1532.3
1111090 1532.3
1111100 1535.1
1111110 1537.6
1111120 1537.6
1111130 1539.0
1111140 1541.0
1111150 1542.7
1111160 1542.7
1111170 1545.2
1111180 1546.0
1111190 1546.0
1111200 1546.7
1111210 1551.2
1111220 1551.2
1111230 1555.8
1111240 1559.6
1111250 1559.6
1111260 1562.8
1111270 1566.5
1111280 1566.5
1111290 1570.7
1111300 1573.4
1111310 1573.4
1111320 1575.3
1111330 1575.5
1111340 1575.5
1111350 1571.0
1111360 1564.0
1111370 1564.0
1111380 1559.2
1111390 1555.2
1111400 1555.2
1111410 1552.2
1111420 1547.4
1111430 1547.4
1111440 1548.8
1111450 1549.5
1111460 1551.2
1111470 1551.2
1111480 1554.9
1111490 1559.0
1111500 1559.0
1111510 1561.5
1111520 1562.4
1111530 1562.4
1111540 1562.6
1111550 1565.9
1111560 1565.9
1111570 1568.6
1111580 1566.4
1111590 1566.4
1111600 1562.0
1111610 1561.0
1111620 1561.0
1111630 1557.9
1111640 1551.1
1111650 1551.1
1111660 1546.2
1111670 1542.3
1111680 1542.3
1111690 1538.6
1111700 1536.5
1111710 1536.5
1111720 1531.1
1111730 1524.8
1111740 1521.1
1111750 1521.1
1111760 1507.9
1111770 1505.8
1111780 1505.8
1111790 1504.8
1111800 1504.8
1111810 1504.8
1111820 1504.2
1111830 1499.5
1111840 1499.5
1111850 1495.5
1111860 1490.5
1111870 1490.5
1111880 1489.9
1111890 1488.0
1111900 1488.0
1111910 1484.2
1111920 1478.5
1111930 1478.5
1111940 1474.9
1111950 1474.0
1111960 1474.0
1111970 1473.5
1111980 1472.1
1111990 1472.1
1112000 1472.6
1112010 1473.6
1112020 1473.6
1112030 1473.5
1112040 1474.0
1112050 1474.7
1112060 1474.7
1112070 1475.5
1112080 1476.4
1112090 1476.4
1112100 1475.8
1112110 1478.3
1112120 1478.3
1112130 1479.3
1112140 1479.6
1112150 1479.6
1112160 1481.1
1112170 1482.9
1112180 1482.9
1112190 1485.7
1112200 1489.5
1112210 1489.5
1112220 1494.1
1112230 1499.5
1112240 1499.5
1112250 1505.6
1112260 1510.4
1112270 1510.4
1112280 1514.3
1112290 1517.4
1112300 1517.4
1112310 1519.9
1112320 1522.5
1112330 1525.6
1112340 1525.6
1112350 1529.0
1112360 1533.0
1112370 1533.0
1112380 1537.0
1112390 1539.1
1112400 1539.1
1112410 1540.1
1112420 1540.4
1112430 1540.4
1112440 1534.4
1112450 1534.8
1112460 1534.8
1112470 1535.6
1112480 1537.4
1112490 1537.4
1112500 1539.6
1112510 1542.3
1112520 1542.3
1112530 1544.8
1112540 1547.0
1112550 1547.0
1112560 1548.6
1112570 1550.2
1112580 1550.2
1112590 1552.1
1112600 1554.6
1112610 1554.6
1112620 1556.5
1112630 1557.4
1112640 1560.1
1112650 1560.1
1112660 1563.6
1112670 1567.1
1112680 1567.1
1112690 1570.2
1112700 1572.4
1112710 1572.4
1112720 1574.2
1112730 1575.9
1112740 1575.9
1112750 1577.1
1112760 1578.2
1112770 1578.2
1112780 1579.1
1112790 1574.8
1112800 1574.8
1112810 1575.7
1112820 1576.2
1112830 1576.2
1112840 1577.1
1112850 1578.1
1112860 1578.1
1112870 1579.0
1112880 1579.0
1112890 1579.0
1112900 1578.6
1112910 1577.9
1112920 1577.9
1112930 1573.2
1112940 1571.5
1112950 1570.4
1112960 1570.4
1112970 1559.6
1112980 1544.9
1112990 1544.9
1113000 1543.9
1113010 1544.3
1113020 1544.3
1113030 1546.2
1113040 1548.5
1113050 1548.5
1113060 1547.8
1113070 1544.9
1113080 1544.9
1113090 1546.0
1113100 1547.5
1113110 1547.5
1113120 1548.4
1113130 1542.5
1113140 1542.5
1113150 1542.6
1113160 1540.1
1113170 1540.1
1113180 1526.6
1113190 1512.0
1113200 1512.0
1113210 1499.2
1113220 1491.8
1113230 1489.6
1113240 1489.6
1113250 1484.6
1113260 1475.0
1113270 1475.0
1113280 1469.0
1113290 1463.4
1113300 1463.4
1113310 1456.4
1113320 1448.6
1113330 1448.6
1113340 1444.5
1113350 1439.1
1113360 1439.1
1113370 1433.7
1113380 1426.6
1113390 1426.6
1113400 1415.4
1113410 1399.8
1113420 1399.8
1113430 1390.0
1113440 1386.7
1113450 1386.7
1113460 1384.3
1113470 1374.8
1113480 1374.8
1113490 1371.7
1113500 1368.1
1113510 1368.1
1113520 1364.7
1113530 1361.1
1113540 1357.7
1113550 1357.7
1113560 1354.9
1113570 1353.0
1113580 1353.0
1113590 1350.6
1113600 1348.1
1113610 1348.1
1113620 1345.2
1113630 1342.4
1113640 1342.4
1113650 1340.3
1113660 1338.1
1113670 1338.1
1113680 1337.3
1113690 1338.1
1113700 1338.1
1113710 1338.9
1113720 1338.8
1113730 1338.8
1113740 1337.7
1113750 1334.5
1113760 1334.5
1113770 1337.1
1113780 1338.7
1113790 1338.7
1113800 1339.3
1113810 1340.6
1113820 1341.3
1113830 1341.3
1113840 1341.7
1113850 1341.0
1113860 1341.0
1113870 1339.4
1113880 1337.3
1113890 1337.3
1113900 1337.1
1113910 1338.2
1113920 1338.2
1113930 1338.4
1113940 1338.0
1113950 1338.0
1113960 1337.7
1113970 1338.2
1113980 1338.2
1113990 1339.1
1114000 1340.0
1114010 1340.0
1114020 1340.8
1114030 1341.6
1114040 1341.6
1114050 1342.1
1114060 1343.1
1114070 1343.1
1114080 1344.3
1114090 1345.0
1114100 1345.0
1114110 1345.9
1114120 1347.0
1114130 1348.2
1114140 1348.2
1114150 1349.5
1114160 1351.2
1114170 1351.2
1114180 1352.8
1114190 1354.8
1114200 1354.8
1114210 1356.6
1114220 1359.6
1114230 1359.6
1114240 1362.9
1114250 1368.0
1114260 1368.0
1114270 1372.5
1114280 1370.4
1114290 1370.4
1114300 1373.2
1114310 1378.9
1114320 1378.9
1114330 1384.0
1114340 1387.3
1114350 1387.3
1114360 1389.9
1114370 1393.4
1114380 1393.4
1114390 1395.4
1114400 1396.9
1114410 1398.1
1114420 1398.1
1114430 1399.4
1114440 1401.5
1114450 1401.5
1114460 1404.1
1114470 1406.6
1114480 1406.6
1114490 1408.7
1114500 1410.8
1114510 1410.8
1114520 1410.7
1114530 1410.7
1114540 1410.7
1114550 1411.7
1114560 1413.1
1114570 1413.1
1114580 1414.1
1114590 1416.1
1114600 1416.1
1114610 1419.2
1114620 1424.1
1114630 1424.1
1114640 1430.0
1114650 1435.2
1114660 1435.2
1114670 1442.2
1114680 1446.1
1114690 1446.1
1114700 1449.6
1114710 1454.4
1114720 1458.8
1114730 1458.8
1114740 1461.1
1114750 1463.3
1114760 1463.3
1114770 1469.4
1114780 1478.1
1114790 1478.1
1114800 1481.6
1114810 1484.6
1114820 1484.6
1114830 1487.6
1114840 1490.3
1114850 1491.8
1114860 1493.3
1114870 1496.3
1114880 1496.3
1114890 1499.0
1114900 1500.2
1114910 1500.2
1114920 1501.1
1114930 1502.3
1114940 1502.3
1114950 1504.1
1114960 1505.4
1114970 1505.4
1114980 1506.0
1114990 1507.2
1115000 1511.0
1115010 1511.0
1115020 1513.6
1115030 1516.0
1115040 1516.0
1115050 1519.5
1115060 1523.6
1115070 1523.6
1115080 1526.1
1115090 1529.8
1115100 1529.8
1115110 1533.0
1115120 1537.9
1115130 1537.9
1115140 1544.4
1115150 1551.1
1115160 1551.1
1115170 1557.1
1115180 1560.9
1115190 1561.6
1115200 1564.4
1115210 1567.0
1115220 1567.0
1115230 1569.4
1115240 1571.8
1115250 1571.8
1115260 1574.1
1115270 1576.9
1115280 1576.9
1115290 1580.0
1115300 1583.8
1115310 1587.8
1115320 1587.8
1115330 1592.1
1115340 1596.7
1115350 1596.7
1115360 1601.8
1115370 1606.4
1115380 1606.4
1115390 1610.4
1115400 1614.2
1115410 1614.2
1115420 1618.1
1115430 1621.5
1115440 1621.5
1115450 1624.7
1115460 1627.8
1115470 1627.8
1115480 1630.9
1115490 1634.3
1115500 1634.3
1115510 1637.9
1115520 1641.4
1115530 1641.4
1115540 1647.3
1115550 1651.4
1115560 1651.4
1115570 1655.4
1115580 1658.9
1115590 1658.9
1115600 1661.8
1115610 1664.1
1115620 1665.7
1115630 1665.7
1115640 1665.5
1115650 1666.1
1115660 1666.1
1115670 1671.4
1115680 1677.9
1115690 1677.9
1115700 1684.3
1115710 1691.8
1115720 1691.8
1115730 1701.5
1115740 1712.1
1115750 1712.1
1115760 1726.1
1115770 1736.8
1115780 1736.8
1115790 1741.9
1115800 1744.0
1115810 1744.0
1115820 1753.9
1115830 1763.2
1115840 1763.2
1115850 1769.5
1115860 1774.2
1115870 1774.2
1115880 1783.3
1115890 1783.3
1115900 1782.5
1115910 1782.5
1115920 1780.3
1115930 1773.0
1115940 1773.0
1115950 1765.7
1115960 1758.3
1115970 1758.3
1115980 1749.8
1115990 1742.8
1116000 1742.8
1116010 1736.0
1116020 1731.0
1116030 1731.0
1116040 1726.3
1116050 1730.4
1116060 1730.4
1116070 1750.9
1116080 1762.8
1116090 1762.8
1116100 1772.6
1116110 1777.1
1116120 1777.1
1116130 1779.7
1116140 1786.3
1116150 1786.3
1116160 1791.0
1116170 1789.1
1116180 1789.1
1116190 1785.1
1116200 1781.7
1116210 1779.4
1116220 1779.4
1116230 1781.1
1116240 1779.3
1116250 1779.3
1116260 1777.0
1116270 1774.8
1116280 1774.8
1116290 1772.4
1116300 1768.3
1116310 1768.3
1116320 1760.2
1116330 1751.4
1116340 1751.4
1116350 1745.0
1116360 1745.3
1116370 1745.3
1116380 1745.0
1116390 1740.6
1116400 1740.6
1116410 1741.2
1116420 1750.1
1116430 1750.1
1116440 1752.0
1116450 1746.7
1116460 1746.7
1116470 1756.0
1116480 1758.9
1116490 1747.8
1116500 1747.8
1116510 1739.6
1116520 1735.5
1116530 1735.5
1116540 1738.0
1116550 1748.0
1116560 1748.0
1116570 1749.0
1116580 1750.3
1116590 1750.3
1116600 1744.9
1116610 1748.8
1116620 1748.8
1116630 1761.2
1116640 1765.0
1116650 1765.0
1116660 1766.3
1116670 1774.8
1116680 1774.8
1116690 1782.8
1116700 1781.7
1116710 1781.7
1116720 1782.0
1116730 1785.3
1116740 1785.3
1116750 1791.0
1116760 1799.5
1116770 1799.5
1116780 1810.3
1116790 1824.8
1116800 1837.3
1116810 1837.3
1116820 1852.1
1116830 1862.1
1116840 1862.1
1116850 1864.7
1116860 1859.4
1116870 1859.4
1116880 1849.7
1116890 1842.9
1116900 1842.9
1116910 1838.3
1116920 1852.6
1116930 1852.6
1116940 1852.8
1116950 1853.7
1116960 1853.7
1116970 1859.0
1116980 1871.4
1116990 1871.4
1117000 1882.4
1117010 1883.2
1117020 1883.2
1117030 1877.9
1117040 1873.5
1117050 1873.5
1117060 1869.9
1117070 1866.7
1117080 1863.5
1117090 1863.5
1117100 1856.9
1117110 1847.8
1117120 1847.8
1117130 1839.3
1117140 1829.3
1117150 1829.3
1117160 1820.2
1117170 1811.8
1117180 1811.8
1117190 1803.5
1117200 1798.0
1117210 1798.0
1117220 1792.3
1117230 1785.5
1117240 1785.5
1117250 1778.9
1117260 1771.9
1117270 1771.1
1117280 1765.1
1117290 1759.6
1117300 1759.6
1117310 1754.2
1117320 1749.5
1117330 1749.5
1117340 1745.9
1117350 1741.6
1117360 1741.6
1117370 1737.0
1117380 1733.0
1117390 1728.0
1117400 1728.0
1117410 1722.0
1117420 1716.9
1117430 1716.9
1117440 1711.2
1117450 1705.2
1117460 1705.2
1117470 1699.2
1117480 1692.9
1117490 1692.9
1117500 1687.2
1117510 1681.2
1117520 1681.2
1117530 1675.1
1117540 1669.0
1117550 1669.0
1117560 1662.0
1117570 1656.2
1117580 1656.2
1117590 1651.2
1117600 1646.8
1117610 1646.8
1117620 1638.3
1117630 1632.7
1117640 1632.7
1117650 1627.6
1117660 1622.5
1117670 1622.5
1117680 1616.1
1117690 1608.5
1117700 1602.0
1117710 1602.0
1117720 1597.1
1117730 1592.0
1117740 1592.0
1117750 1587.8
1117760 1582.9
1117770 1582.9
1117780 1577.8
1117790 1573.6
1117800 1573.6
1117810 1569.5
1117820 1564.4
1117830 1564.4
1117840 1558.1
1117850 1551.6
1117860 1551.6
1117870 1545.6
1117880 1539.3
1117890 1539.3
1117900 1532.8
1117910 1527.3
1117920 1527.3
1117930 1522.3
1117940 1518.1
1117950 1518.1
1117960 1514.4
1117970 1510.3
1117980 1506.3
1117990 1506.3
1118000 1502.5
1118010 1498.7
1118020 1498.7
1118030 1488.2
1118040 1469.4
1118050 1469.4
1118060 1459.6
1118070 1445.6
1118080 1445.6
1118090 1437.5
1118100 1437.4
1118110 1437.4
1118120 1434.9
1118130 1430.2
1118140 1430.2
1118150 1424.4
1118160 1419.1
1118170 1419.1
1118180 1413.7
1118190 1407.7
1118200 1407.7
1118210 1401.7
1118220 1397.6
1118230 1397.6
1118240 1393.3
1118250 1385.8
1118260 1385.8
1118270 1378.9
1118280 1374.2
1118290 1370.5
1118300 1370.5
1118310 1374.6
1118320 1369.3
1118330 1369.3
1118340 1361.6
1118350 1354.4
1118360 1354.4
1118370 1350.9
1118380 1348.5
1118390 1348.5
1118400 1345.1
1118410 1342.1
1118420 1342.1
1118430 1341.2
1118440 1338.6
1118450 1338.6
1118460 1333.4
1118470 1329.0
1118480 1329.0
1118490 1324.9
1118500 1318.0
1118510 1318.0
1118520 1311.7
1118530 1306.7
1118540 1306.7
1118550 1299.2
1118560 1295.2
1118570 1293.0
1118580 1293.0
1118590 1290.6
1118600 1288.9
1118610 1288.9
1118620 1288.1
1118630 1286.4
1118640 1286.4
1118650 1284.5
1118660 1282.4
1118670 1282.4
1118680 1279.9
1118690 1277.1
1118700 1277.1
1118710 1273.7
1118720 1270.4
1118730 1270.4
1118740 1267.9
1118750 1265.4
1118760 1265.4
1118770 1262.8
1118780 1259.2
1118790 1259.2
1118800 1256.3
1118810 1254.8
1118820 1254.8
1118830 1252.5
1118840 1250.0
1118850 1250.0
1118860 1248.2
1118870 1246.7
1118880 1244.0
1118890 1244.0
1118900 1239.9
1118910 1235.7
1118920 1235.7
1118930 1232.8
1118940 1231.1
1118950 1231.1
1118960 1229.5
1118970 1227.8
1118980 1227.8
1118990 1225.7
1119000 1223.7
1119010 1222.8
1119020 1221.7
1119030 1221.6
1119040 1221.6
1119050 1221.8
1119060 1223.4
1119070 1223.4
1119080 1226.3
1119090 1227.6
1119100 1227.6
1119110 1229.1
1119120 1230.6
1119130 1230.6
1119140 1232.2
1119150 1234.4
1119160 1237.3
1119170 1237.3
1119180 1239.8
1119190 1241.5
1119200 1241.5
1119210 1242.5
1119220 1243.0
1119230 1243.0
1119240 1243.8
1119250 1245.5
1119260 1245.5
1119270 1247.5
1119280 1250.0
1119290 1250.0
1119300 1252.6
1119310 1254.7
1119320 1254.7
1119330 1256.6
1119340 1259.0
1119350 1259.0
1119360 1260.1
1119370 1261.3
1119380 1261.3
1119390 1262.0
1119400 1263.8
1119410 1263.8
1119420 1265.5
1119430 1267.5
1119440 1267.5
1119450 1269.1
1119460 1270.9
1119470 1272.9
1119480 1272.9
1119490 1275.3
1119500 1277.3
1119510 1277.3
1119520 1279.7
1119530 1282.7
1119540 1282.7
1119550 1286.3
1119560 1290.4
1119570 1290.4
1119580 1295.0
1119590 1299.1
1119600 1299.1
1119610 1302.2
1119620 1304.6
1119630 1304.6
1119640 1306.4
1119650 1307.5
1119660 1307.5
1119670 1308.5
1119680 1309.6
1119690 1309.6
1119700 1311.3
1119710 1313.7
1119720 1313.7
1119730 1315.1
1119740 1316.0
1119750 1317.9
1119760 1317.9
1119770 1321.0
1119780 1326.4
1119790 1326.4
1119800 1329.9
1119810 1334.1
1119820 1334.1
1119830 1337.5
1119840 1340.5
1119850 1340.5
1119860 1342.8
1119870 1344.3
1119880 1344.3
1119890 1345.8
1119900 1347.5
1119910 1347.5
1119920 1349.1
1119930 1350.5
1119940 1350.5
1119950 1352.0
1119960 1353.8
1119970 1353.8
1119980 1356.3
1119990 1359.7
