1100000 679.5
1100010 679.5
1100020 679.2
1100030 674.7
1100040 674.7
1100050 673.5
1100060 674.3
1100070 674.3
1100080 677.9
1100090 678.3
1100100 678.3
1100110 678.2
1100120 678.6
1100130 678.6
1100140 680.7
1100150 683.1
1100160 685.7
1100170 685.2
1100180 687.9
1100190 690.2
1100200 690.2
1100210 692.8
1100220 696.2
1100230 696.2
1100240 699.4
1100250 703.9
1100260 703.9
1100270 705.1
1100280 708.8
1100290 708.8
1100300 714.7
1100310 720.4
1100320 720.4
1100330 727.6
1100340 736.3
1100350 736.3
1100360 743.0
1100370 749.7
1100380 749.7
1100390 756.2
1100400 762.9
1100410 762.9
1100420 769.5
1100430 774.6
1100440 774.6
1100450 779.0
1100460 782.8
1100470 786.8
1100480 786.8
1100490 791.3
1100500 788.6
1100510 788.6
1100520 792.9
1100530 797.4
1100540 797.4
1100550 800.6
1100560 805.5
1100570 805.5
1100580 811.4
1100590 815.9
1100600 815.9
1100610 819.1
1100620 821.2
1100630 821.2
1100640 823.0
1100650 825.2
1100660 825.2
1100670 827.5
1100680 829.8
1100690 829.8
1100700 831.4
1100710 833.0
1100720 833.0
1100730 835.2
1100740 838.0
1100750 840.9
1100760 840.9
1100770 843.9
1100780 847.8
1100790 847.8
1100800 851.9
1100810 856.1
1100820 856.1
1100830 861.4
1100840 868.1
1100850 868.1
1100860 873.2
1100870 877.7
1100880 877.7
1100890 881.7
1100900 885.1
1100910 885.1
1100920 888.3
1100930 891.5
1100940 891.5
1100950 894.1
1100960 897.1
1100970 897.1
1100980 900.1
1100990 903.2
1101000 903.2
1101010 906.6
1101020 910.0
1101030 910.0
1101040 912.6
1101050 914.8
1101060 918.2
1101070 918.2
1101080 922.3
1101090 925.9
1101100 925.9
1101110 929.7
1101120 933.4
1101130 933.4
1101140 937.1
1101150 940.6
1101160 940.6
1101170 941.8
1101180 945.4
1101190 945.4
1101200 950.0
1101210 957.2
1101220 957.2
1101230 963.9
1101240 969.4
1101250 969.4
1101260 973.9
1101270 979.8
1101280 979.8
1101290 984.6
1101300 988.4
1101310 988.4
1101320 992.2
1101330 996.1
1101340 996.1
1101350 997.5
1101360 998.6
1101370 1000.6
1101380 1000.6
1101390 1002.7
1101400 1006.2
1101410 1006.2
1101420 1010.6
1101430 1014.6
1101440 1014.6
1101450 1017.1
1101460 1018.5
1101470 1018.5
1101480 1019.4
1101490 1019.5
1101500 1014.7
1101510 1013.6
1101520 1016.3
1101530 1016.3
1101540 1023.9
1101550 1034.9
1101560 1034.9
1101570 1042.4
1101580 1049.9
1101590 1049.9
1101600 1055.8
1101610 1057.7
1101620 1057.7
1101630 1059.4
1101640 1060.0
1101650 1059.3
1101660 1059.3
1101670 1058.3
1101680 1058.7
1101690 1058.7
1101700 1060.8
1101710 1064.5
1101720 1064.5
1101730 1067.9
1101740 1069.7
1101750 1069.7
1101760 1071.6
1101770 1072.1
1101780 1072.1
1101790 1071.5
1101800 1070.2
1101810 1070.2
1101820 1069.0
1101830 1065.4
1101840 1065.4
1101850 1066.9
1101860 1067.9
1101870 1067.9
1101880 1068.3
1101890 1068.0
1101900 1068.0
1101910 1068.4
1101920 1070.9
1101930 1070.9
1101940 1072.9
1101950 1073.9
1101960 1075.2
1101970 1075.2
1101980 1075.1
1101990 1073.9
1102000 1073.9
1102010 1072.4
1102020 1069.8
1102030 1069.8
1102040 1069.8
1102050 1069.9
1102060 1069.9
1102070 1070.8
1102080 1072.0
1102090 1072.0
1102100 1071.3
1102110 1069.4
1102120 1069.4
1102130 1067.9
1102140 1067.4
1102150 1067.4
1102160 1066.5
1102170 1062.3
1102180 1062.3
1102190 1061.6
1102200 1060.6
1102210 1060.6
1102220 1059.7
1102230 1058.8
1102240 1057.9
1102250 1057.9
1102260 1056.6
1102270 1055.0
1102280 1055.0
1102290 1052.5
1102300 1051.3
1102310 1051.3
1102320 1050.5
1102330 1048.9
1102340 1048.9
1102350 1046.4
1102360 1043.8
1102370 1043.8
1102380 1042.1
1102390 1040.2
1102400 1040.2
1102410 1038.8
1102420 1037.6
1102430 1037.6
1102440 1035.7
1102450 1033.3
1102460 1033.3
1102470 1030.6
1102480 1027.9
1102490 1027.9
1102500 1021.6
1102510 1020.9
1102520 1020.9
1102530 1020.1
1102540 1019.0
1102550 1017.6
1102560 1017.6
1102570 1015.3
1102580 1011.9
1102590 1011.9
1102600 1007.1
1102610 1000.9
1102620 1000.9
1102630 995.2
1102640 990.9
1102650 990.9
1102660 986.7
1102670 981.7
1102680 981.7
1102690 977.9
1102700 972.4
1102710 972.4
1102720 966.9
1102730 962.0
1102740 962.0
1102750 958.7
1102760 956.1
1102770 956.1
1102780 954.2
1102790 951.8
1102800 951.8
1102810 951.0
1102820 951.4
1102830 951.4
1102840 945.4
1102850 945.8
1102860 945.6
1102870 945.6
1102880 945.7
1102890 945.2
1102900 945.2
1102910 945.1
1102920 945.6
1102930 945.6
1102940 945.4
1102950 944.2
1102960 944.2
1102970 942.6
1102980 939.9
1102990 939.9
1103000 937.0
1103010 935.9
1103020 935.9
1103030 935.9
1103040 935.0
1103050 935.0
1103060 932.8
1103070 931.1
1103080 931.1
1103090 933.6
1103100 936.8
1103110 936.8
1103120 940.2
1103130 943.8
1103140 945.8
1103150 945.8
1103160 947.1
1103170 942.1
1103180 942.1
1103190 940.5
1103200 937.6
1103210 937.6
1103220 936.2
1103230 936.5
1103240 936.5
1103250 936.2
1103260 935.2
1103270 935.2
1103280 931.8
1103290 927.6
1103300 927.6
1103310 925.0
1103320 924.9
1103330 924.9
1103340 925.6
1103350 926.3
1103360 926.3
1103370 927.2
1103380 927.9
1103390 927.9
1103400 928.1
1103410 927.6
1103420 927.6
1103430 927.5
1103440 926.2
1103450 924.0
1103460 924.0
1103470 924.3
1103480 924.0
1103490 924.0
1103500 917.9
1103510 915.6
1103520 915.6
1103530 912.1
1103540 908.4
1103550 908.4
1103560 903.6
1103570 898.4
1103580 898.4
1103590 895.1
1103600 891.5
1103610 891.5
1103620 890.0
1103630 892.9
1103640 892.9
1103650 892.7
1103660 892.3
1103670 892.3
1103680 889.6
1103690 883.2
1103700 883.2
1103710 879.1
1103720 877.4
1103730 877.4
1103740 876.4
1103750 876.3
1103760 876.9
1103770 876.9
1103780 877.8
1103790 879.7
1103800 879.7
1103810 882.0
1103820 883.9
1103830 883.9
1103840 878.2
1103850 879.2
1103860 879.2
1103870 879.9
1103880 881.1
1103890 881.1
1103900 883.2
1103910 885.2
1103920 885.2
1103930 887.2
1103940 889.2
1103950 889.2
1103960 890.3
1103970 891.7
1103980 891.7
1103990 894.1
1104000 896.7
1104010 896.7
1104020 899.2
1104030 901.3
1104040 902.6
1104050 902.6
1104060 903.5
1104070 904.3
1104080 904.3
1104090 904.3
1104100 902.4
1104110 902.4
1104120 900.1
1104130 901.2
1104140 901.2
1104150 903.7
1104160 903.9
1104170 891.9
1104180 889.7
1104190 885.4
1104200 885.4
1104210 884.1
1104220 884.1
1104230 884.1
1104240 884.1
1104250 884.5
1104260 884.5
1104270 885.9
1104280 886.7
1104290 886.7
1104300 887.2
1104310 887.9
1104320 887.9
1104330 888.8
1104340 888.8
1104350 888.6
1104360 888.6
1104370 889.0
1104380 888.4
1104390 888.4
1104400 888.3
1104410 887.6
1104420 887.6
1104430 887.0
1104440 887.2
1104450 887.2
1104460 886.6
1104470 884.9
1104480 884.9
1104490 883.9
1104500 884.4
1104510 881.7
1104520 883.0
1104530 885.2
1104540 885.2
1104550 887.2
1104560 888.7
1104570 888.7
1104580 889.7
1104590 890.2
1104600 890.2
1104610 890.4
1104620 890.2
1104630 890.2
1104640 891.0
1104650 894.1
1104660 895.3
1104670 895.3
1104680 895.0
1104690 894.9
1104700 894.9
1104710 894.2
1104720 892.7
1104730 892.7
1104740 890.6
1104750 887.2
1104760 887.2
1104770 884.8
1104780 882.5
1104790 882.5
1104800 878.7
1104810 874.2
1104820 874.2
1104830 870.8
1104840 869.5
1104850 865.5
1104860 867.3
1104870 869.0
1104880 869.0
1104890 868.8
1104900 864.3
1104910 864.3
1104920 860.2
1104930 858.8
1104940 859.0
1104950 859.0
1104960 859.0
1104970 859.3
1104980 859.3
1104990 858.6
1105000 858.0
1105010 858.0
1105020 857.0
1105030 856.0
1105040 856.0
1105050 854.9
1105060 853.9
1105070 853.9
1105080 853.5
1105090 853.5
1105100 853.5
1105110 853.5
1105120 853.0
1105130 853.0
1105140 852.9
1105150 852.6
1105160 852.6
1105170 852.2
1105180 844.3
1105190 844.3
1105200 843.9
1105210 843.3
1105220 843.3
1105230 843.3
1105240 843.1
1105250 843.1
1105260 843.1
1105270 844.1
1105280 844.9
1105290 844.9
1105300 845.3
1105310 844.7
1105320 844.7
1105330 843.3
1105340 841.9
1105350 841.9
1105360 840.6
1105370 839.4
1105380 839.4
1105390 838.3
1105400 837.9
1105410 837.9
1105420 838.4
1105430 839.8
1105440 839.8
1105450 842.0
1105460 843.5
1105470 843.5
1105480 844.9
1105490 845.7
1105500 845.7
1105510 846.3
1105520 839.3
1105530 839.3
1105540 840.3
1105550 841.4
1105560 842.2
1105570 842.2
1105580 842.4
1105590 841.8
1105600 841.8
1105610 840.6
1105620 839.5
1105630 839.5
1105640 839.0
1105650 838.5
1105660 838.5
1105670 837.9
1105680 836.7
1105690 836.7
1105700 835.3
1105710 834.0
1105720 834.0
1105730 832.6
1105740 831.1
1105750 831.1
1105760 831.2
1105770 832.2
1105780 832.2
1105790 833.0
1105800 834.5
1105810 834.5
1105820 836.6
1105830 839.0
1105840 841.2
1105850 834.6
1105860 836.8
1105870 839.0
1105880 839.0
1105890 840.7
1105900 842.1
1105910 842.1
1105920 843.4
1105930 844.4
1105940 844.4
1105950 845.5
1105960 847.0
1105970 847.0
1105980 848.3
1105990 849.5
1106000 849.5
1106010 850.4
1106020 851.2
1106030 851.2
1106040 852.2
1106050 853.5
1106060 853.5
1106070 854.8
1106080 855.8
1106090 855.8
1106100 856.9
1106110 858.8
1106120 858.8
1106130 861.1
1106140 863.0
1106150 864.7
1106160 864.7
1106170 866.4
1106180 868.1
1106190 861.6
1106200 863.2
1106210 864.7
1106220 864.7
1106230 865.9
1106240 867.5
1106250 867.5
1106260 868.5
1106270 869.0
1106280 869.0
1106290 869.1
1106300 869.2
1106310 869.2
1106320 868.8
1106330 866.9
1106340 866.9
1106350 865.2
1106360 865.2
1106370 865.2
1106380 865.6
1106390 866.0
1106400 866.0
1106410 866.2
1106420 867.2
1106430 867.2
1106440 869.0
1106450 869.6
1106460 869.6
1106470 869.6
1106480 869.9
1106490 869.9
1106500 869.9
1106510 869.5
1106520 868.6
1106530 865.8
1106540 865.3
1106550 865.1
1106560 865.1
1106570 864.8
1106580 864.1
1106590 864.1
1106600 862.8
1106610 860.9
1106620 860.9
1106630 859.3
1106640 858.0
1106650 858.0
1106660 857.2
1106670 856.4
1106680 856.4
1106690 855.7
1106700 855.2
1106710 855.2
1106720 855.2
1106730 854.6
1106740 853.5
1106750 853.5
1106760 851.7
1106770 849.5
1106780 849.5
1106790 847.8
1106800 847.2
1106810 847.2
1106820 847.7
1106830 848.8
1106840 848.8
1106850 850.4
1106860 852.8
1106870 847.0
1106880 848.7
1106890 850.0
1106900 850.0
1106910 850.9
1106920 852.0
1106930 852.0
1106940 853.3
1106950 855.1
1106960 855.1
1106970 856.0
1106980 855.9
1106990 855.9
1107000 855.1
1107010 855.1
1107020 855.1
1107030 856.3
1107040 857.9
1107050 859.4
1107060 859.4
1107070 860.3
1107080 861.0
1107090 861.0
1107100 862.0
1107110 863.2
1107120 863.2
1107130 864.8
1107140 866.0
1107150 866.0
1107160 866.1
1107170 865.8
1107180 865.8
1107190 865.4
1107200 864.6
1107210 864.6
1107220 864.0
1107230 863.2
1107240 863.2
1107250 862.5
1107260 861.9
1107270 861.9
1107280 861.2
1107290 860.1
1107300 860.1
1107310 858.1
1107320 855.7
1107330 853.9
1107340 853.9
1107350 851.1
1107360 846.7
1107370 846.7
1107380 842.7
1107390 838.6
1107400 838.6
1107410 835.1
1107420 832.0
1107430 832.0
1107440 828.6
1107450 824.4
1107460 824.4
1107470 820.2
1107480 816.9
1107490 816.9
1107500 814.4
1107510 812.1
1107520 812.1
1107530 809.9
1107540 809.1
1107550 809.1
1107560 808.7
1107570 808.1
1107580 808.1
1107590 807.9
1107600 807.8
1107610 807.8
1107620 807.7
1107630 807.6
1107640 807.4
1107650 807.4
1107660 807.9
1107670 808.8
1107680 808.8
1107690 810.4
1107700 812.6
1107710 812.6
1107720 814.8
1107730 817.7
1107740 817.7
1107750 820.8
1107760 823.4
1107770 823.4
1107780 826.3
1107790 829.2
1107800 829.2
1107810 833.2
1107820 837.7
1107830 837.7
1107840 841.3
1107850 845.5
1107860 845.5
1107870 850.5
1107880 852.2
1107890 852.2
1107900 851.8
1107910 849.6
1107920 849.6
1107930 849.3
1107940 851.9
1107950 853.3
1107960 853.3
1107970 852.4
1107980 853.7
1107990 853.7
1108000 852.5
1108010 851.8
1108020 851.8
1108030 852.6
1108040 849.9
1108050 849.9
1108060 844.8
1108070 840.2
1108080 840.2
1108090 841.1
1108100 841.5
1108110 841.5
1108120 841.3
1108130 841.6
1108140 841.6
1108150 844.0
1108160 847.0
1108170 847.0
1108180 850.3
1108190 853.1
1108200 853.1
1108210 854.7
1108220 848.6
1108230 848.7
1108240 848.7
1108250 848.7
1108260 849.2
1108270 849.2
1108280 852.1
1108290 854.9
1108300 854.9
1108310 857.0
1108320 859.6
1108330 859.6
1108340 863.7
1108350 864.8
1108360 864.8
1108370 865.0
1108380 865.9
1108390 865.9
1108400 867.7
1108410 871.8
1108420 871.8
1108430 875.9
1108440 878.6
1108450 878.6
1108460 880.2
1108470 881.3
1108480 881.3
1108490 883.7
1108500 887.9
1108510 887.9
1108520 890.4
1108530 892.1
1108540 893.7
1108550 893.7
1108560 892.0
1108570 893.8
1108580 893.8
1108590 894.4
1108600 895.3
1108610 895.3
1108620 895.8
1108630 894.3
1108640 894.3
1108650 890.0
1108660 887.5
1108670 887.5
1108680 892.2
1108690 896.1
1108700 896.1
1108710 897.7
1108720 899.0
1108730 899.0
1108740 903.1
1108750 907.7
1108760 907.7
1108770 910.4
1108780 912.8
1108790 912.8
1108800 915.4
1108810 919.0
1108820 923.0
1108830 923.0
1108840 926.5
1108850 929.4
1108860 929.4
1108870 932.5
1108880 935.3
1108890 935.3
1108900 931.4
1108910 933.3
1108920 933.3
1108930 936.8
1108940 939.9
1108950 939.9
1108960 942.9
1108970 946.7
1108980 946.7
1108990 951.5
1109000 956.1
1109010 956.1
1109020 961.8
1109030 967.8
1109040 967.8
1109050 972.5
1109060 975.9
1109070 975.9
1109080 979.7
1109090 984.0
1109100 984.0
1109110 987.8
1109120 990.2
1109130 993.7
1109140 993.7
1109150 995.8
1109160 996.0
1109170 996.0
1109180 995.2
1109190 995.1
1109200 995.1
1109210 996.1
1109220 996.5
1109230 996.5
1109240 986.3
1109250 983.4
1109260 983.4
1109270 994.3
1109280 1005.9
1109290 1005.9
1109300 1014.6
1109310 1022.3
1109320 1022.3
1109330 1028.4
1109340 1033.1
1109350 1033.1
1109360 1038.1
1109370 1043.8
1109380 1043.8
1109390 1048.0
1109400 1050.5
1109410 1050.5
1109420 1052.7
1109430 1055.3
1109440 1058.3
1109450 1058.3
1109460 1061.4
1109470 1064.6
1109480 1064.6
1109490 1066.9
1109500 1068.1
1109510 1068.1
1109520 1070.3
1109530 1073.1
1109540 1073.1
1109550 1076.2
1109560 1076.9
1109570 1076.9
1109580 1074.7
1109590 1077.9
1109600 1077.9
1109610 1081.2
1109620 1085.3
1109630 1085.3
1109640 1089.6
1109650 1093.5
1109660 1093.5
1109670 1096.5
1109680 1098.4
1109690 1098.4
1109700 1096.4
1109710 1098.4
1109720 1104.8
1109730 1104.8
1109740 1109.4
1109750 1111.1
1109760 1111.1
1109770 1114.6
1109780 1116.6
1109790 1116.6
1109800 1119.5
1109810 1122.2
1109820 1122.2
1109830 1124.6
1109840 1126.6
1109850 1126.6
1109860 1128.6
1109870 1130.3
1109880 1130.3
1109890 1131.8
1109900 1133.6
1109910 1133.6
1109920 1130.1
1109930 1133.3
1109940 1133.3
1109950 1136.6
1109960 1138.6
1109970 1138.6
1109980 1140.9
1109990 1141.6
1110000 1141.6
1110010 1140.6
1110020 1143.5
1110030 1147.6
1110040 1147.6
1110050 1144.0
1110060 1139.8
1110070 1139.8
1110080 1136.8
1110090 1136.8
1110100 1136.8
1110110 1140.4
1110120 1144.7
1110130 1144.7
1110140 1148.3
1110150 1156.1
1110160 1156.1
1110170 1163.7
1110180 1168.4
1110190 1168.4
1110200 1171.6
1110210 1172.1
1110220 1172.1
1110230 1173.2
1110240 1175.3
1110250 1175.3
1110260 1176.2
1110270 1177.8
1110280 1177.8
1110290 1179.1
1110300 1180.7
1110310 1180.7
1110320 1183.5
1110330 1186.6
1110340 1189.0
1110350 1189.0
1110360 1189.7
1110370 1190.2
1110380 1190.2
1110390 1192.7
1110400 1195.2
1110410 1195.2
1110420 1196.7
1110430 1198.8
1110440 1198.8
1110450 1200.3
1110460 1202.6
1110470 1202.6
1110480 1205.5
1110490 1208.0
1110500 1208.0
1110510 1211.5
1110520 1215.0
1110530 1215.0
1110540 1217.4
1110550 1218.6
1110560 1218.6
1110570 1219.7
1110580 1221.7
1110590 1221.7
1110600 1218.9
1110610 1220.4
1110620 1221.7
1110630 1221.7
1110640 1222.8
1110650 1224.8
1110660 1224.8
1110670 1226.2
1110680 1228.8
1110690 1228.8
1110700 1232.4
1110710 1236.3
1110720 1236.3
1110730 1239.8
1110740 1240.9
1110750 1240.9
1110760 1244.5
1110770 1250.2
1110780 1250.2
1110790 1251.9
1110800 1253.5
1110810 1253.5
1110820 1259.3
1110830 1264.5
1110840 1264.5
1110850 1265.6
1110860 1266.1
1110870 1266.1
1110880 1272.1
1110890 1275.7
1110900 1275.7
1110910 1277.4
1110920 1279.5
1110930 1282.7
1110940 1277.7
1110950 1278.2
1110960 1282.0
1110970 1282.0
1110980 1287.3
1110990 1289.9
1111000 1289.9
1111010 1292.7
1111020 1295.8
1111030 1295.8
1111040 1298.6
1111050 1304.0
1111060 1304.0
1111070 1310.4
1111080 1313.4
1111090 1313.4
1111100 1315.4
1111110 1317.6
1111120 1317.6
1111130 1321.1
1111140 1323.3
1111150 1323.3
1111160 1323.6
1111170 1325.2
1111180 1325.2
1111190 1326.3
1111200 1328.1
1111210 1330.0
1111220 1330.0
1111230 1330.6
1111240 1332.5
1111250 1332.5
1111260 1335.3
1111270 1337.6
1111280 1335.5
1111290 1337.5
1111300 1339.2
1111310 1339.2
1111320 1340.6
1111330 1341.4
1111340 1341.4
1111350 1342.0
1111360 1344.2
1111370 1344.2
1111380 1346.3
1111390 1347.9
1111400 1347.9
1111410 1349.0
1111420 1349.9
1111430 1349.9
1111440 1351.1
1111450 1352.3
1111460 1352.3
1111470 1353.1
1111480 1353.5
1111490 1353.5
1111500 1353.9
1111510 1354.4
1111520 1354.9
1111530 1354.9
1111540 1355.3
1111550 1355.6
1111560 1355.6
1111570 1356.0
1111580 1356.9
1111590 1356.9
1111600 1358.4
1111610 1359.6
1111620 1359.6
1111630 1361.2
1111640 1363.1
1111650 1363.1
1111660 1365.0
1111670 1367.0
1111680 1367.0
1111690 1368.8
1111700 1370.7
1111710 1370.7
1111720 1373.2
1111730 1375.3
1111740 1375.3
1111750 1378.0
1111760 1381.0
1111770 1381.0
1111780 1383.8
1111790 1386.5
1111800 1386.5
1111810 1390.3
1111820 1393.4
1111830 1395.7
1111840 1395.7
1111850 1398.3
1111860 1399.8
1111870 1399.8
1111880 1401.6
1111890 1404.7
1111900 1404.7
1111910 1407.6
1111920 1410.4
1111930 1410.4
1111940 1413.6
1111950 1418.2
1111960 1422.3
1111970 1424.7
1111980 1425.2
1111990 1425.2
1112000 1424.9
1112010 1424.3
1112020 1424.3
1112030 1423.4
1112040 1418.9
1112050 1418.9
1112060 1416.1
1112070 1416.8
1112080 1416.8
1112090 1417.4
1112100 1417.8
1112110 1418.3
1112120 1418.3
1112130 1418.9
1112140 1419.6
1112150 1419.6
1112160 1420.7
1112170 1421.9
1112180 1421.9
1112190 1423.0
1112200 1423.8
1112210 1423.8
1112220 1425.0
1112230 1425.6
1112240 1425.6
1112250 1427.1
1112260 1430.1
1112270 1430.1
1112280 1433.3
1112290 1437.4
1112300 1437.4
1112310 1445.0
1112320 1451.7
1112330 1451.7
1112340 1456.7
1112350 1460.6
1112360 1460.6
1112370 1463.9
1112380 1466.6
1112390 1466.6
1112400 1470.0
1112410 1473.5
1112420 1476.7
1112430 1476.7
1112440 1479.9
1112450 1483.2
1112460 1483.2
1112470 1486.9
1112480 1491.7
1112490 1491.7
1112500 1496.5
1112510 1500.6
1112520 1500.6
1112530 1505.4
1112540 1511.0
1112550 1511.0
1112560 1516.4
1112570 1521.1
1112580 1521.1
1112590 1527.6
1112600 1534.9
1112610 1534.9
1112620 1541.4
1112630 1547.4
1112640 1547.4
1112650 1557.5
1112660 1563.0
1112670 1563.0
1112680 1568.4
1112690 1572.9
1112700 1577.1
1112710 1577.1
1112720 1582.0
1112730 1586.9
1112740 1586.9
1112750 1591.7
1112760 1596.5
1112770 1596.5
1112780 1600.8
1112790 1604.8
1112800 1604.8
1112810 1608.9
1112820 1612.6
1112830 1612.6
1112840 1615.7
1112850 1616.9
1112860 1616.9
1112870 1615.3
1112880 1613.0
1112890 1613.0
1112900 1611.7
1112910 1613.1
1112920 1613.1
1112930 1615.4
1112940 1618.3
1112950 1618.3
1112960 1621.1
1112970 1622.1
1112980 1622.1
1112990 1629.6
1113000 1631.5
1113010 1633.7
1113020 1633.7
1113030 1636.4
1113040 1639.2
1113050 1639.2
1113060 1641.9
1113070 1644.7
1113080 1644.7
1113090 1647.8
1113100 1651.1
1113110 1651.1
1113120 1654.1
1113130 1656.1
1113140 1656.1
1113150 1655.8
1113160 1655.4
1113170 1655.4
1113180 1653.1
1113190 1646.0
1113200 1646.0
1113210 1637.5
1113220 1635.6
1113230 1635.6
1113240 1637.8
1113250 1637.9
1113260 1637.9
1113270 1637.2
1113280 1635.9
1113290 1635.9
1113300 1635.7
1113310 1639.4
1113320 1641.1
1113330 1641.1
1113340 1642.5
1113350 1641.1
1113360 1641.1
1113370 1640.4
1113380 1636.4
1113390 1636.4
1113400 1631.5
1113410 1626.7
1113420 1626.7
1113430 1621.9
1113440 1618.5
1113450 1618.5
1113460 1616.0
1113470 1613.7
1113480 1613.7
1113490 1610.1
1113500 1606.1
1113510 1606.1
1113520 1602.7
1113530 1599.2
1113540 1599.2
1113550 1594.9
1113560 1589.9
1113570 1589.9
1113580 1583.9
1113590 1579.6
1113600 1574.0
1113610 1574.0
1113620 1569.6
1113630 1564.1
1113640 1564.1
1113650 1558.3
1113660 1552.3
1113670 1552.3
1113680 1543.6
1113690 1537.1
1113700 1537.1
1113710 1529.3
1113720 1521.1
1113730 1521.1
1113740 1513.3
1113750 1507.1
1113760 1507.1
1113770 1501.8
1113780 1498.1
1113790 1498.1
1113800 1494.8
1113810 1491.3
1113820 1491.3
1113830 1488.4
1113840 1485.0
1113850 1485.0
1113860 1479.9
1113870 1473.7
1113880 1473.7
1113890 1468.9
1113900 1467.0
1113910 1462.6
1113920 1462.6
1113930 1462.3
1113940 1470.3
1113950 1470.3
1113960 1473.0
1113970 1473.7
1113980 1473.7
1113990 1473.0
1114000 1471.9
1114010 1471.9
1114020 1468.0
1114030 1463.2
1114040 1463.2
1114050 1455.9
1114060 1448.9
1114070 1448.9
1114080 1441.4
1114090 1435.2
1114100 1435.2
1114110 1431.4
1114120 1427.6
1114130 1427.6
1114140 1422.9
1114150 1417.3
1114160 1417.3
1114170 1413.9
1114180 1408.1
1114190 1401.3
1114200 1401.3
1114210 1397.3
1114220 1388.8
1114230 1388.8
1114240 1381.1
1114250 1374.5
1114260 1374.5
1114270 1367.3
1114280 1361.7
1114290 1361.7
1114300 1358.4
1114310 1356.9
1114320 1356.9
1114330 1352.4
1114340 1347.0
1114350 1347.0
1114360 1339.0
1114370 1336.9
1114380 1336.9
1114390 1332.9
1114400 1327.7
1114410 1327.7
1114420 1327.2
1114430 1326.9
1114440 1326.9
1114450 1326.3
1114460 1325.7
1114470 1325.7
1114480 1326.7
1114490 1327.9
1114500 1328.9
1114510 1328.9
1114520 1329.4
1114530 1330.1
1114540 1330.1
1114550 1331.4
1114560 1333.3
1114570 1333.3
1114580 1336.2
1114590 1339.7
1114600 1339.7
1114610 1342.7
1114620 1346.5
1114630 1346.5
1114640 1349.7
1114650 1354.9
1114660 1354.9
1114670 1358.5
1114680 1360.8
1114690 1360.8
1114700 1362.7
1114710 1369.7
1114720 1369.7
1114730 1370.5
1114740 1375.1
1114750 1375.1
1114760 1378.6
1114770 1383.0
1114780 1383.0
1114790 1385.7
1114800 1387.3
1114810 1390.8
1114820 1390.8
1114830 1395.1
1114840 1400.2
1114850 1400.2
1114860 1404.2
1114870 1405.0
1114880 1405.0
1114890 1406.6
1114900 1411.6
1114910 1411.6
1114920 1414.4
1114930 1413.3
1114940 1413.3
1114950 1413.6
1114960 1417.8
1114970 1417.8
1114980 1422.3
1114990 1422.5
1115000 1422.5
1115010 1425.2
1115020 1430.0
1115030 1430.0
1115040 1432.7
1115050 1436.0
1115060 1439.2
1115070 1443.0
1115080 1446.7
1115090 1451.7
1115100 1451.7
1115110 1455.1
1115120 1458.6
1115130 1458.6
1115140 1461.7
1115150 1463.0
1115160 1463.0
1115170 1463.2
1115180 1463.2
1115190 1463.2
1115200 1464.3
1115210 1466.0
1115220 1466.0
1115230 1467.2
1115240 1467.8
1115250 1467.8
1115260 1468.2
1115270 1470.0
1115280 1470.0
1115290 1473.1
1115300 1476.3
1115310 1476.3
1115320 1478.3
1115330 1480.7
1115340 1480.7
1115350 1483.3
1115360 1488.8
1115370 1488.8
1115380 1493.4
1115390 1497.6
1115400 1505.7
1115410 1505.7
1115420 1510.0
1115430 1512.9
1115440 1512.9
1115450 1517.7
1115460 1519.6
1115470 1519.6
1115480 1521.1
1115490 1524.8
1115500 1524.8
1115510 1528.3
1115520 1532.7
1115530 1532.7
1115540 1538.0
1115550 1543.4
1115560 1543.4
1115570 1548.2
1115580 1551.5
1115590 1551.5
1115600 1554.4
1115610 1556.6
1115620 1556.6
1115630 1559.3
1115640 1562.8
1115650 1562.8
1115660 1565.6
1115670 1569.7
1115680 1576.4
1115690 1576.4
1115700 1588.1
1115710 1603.3
1115720 1603.3
1115730 1600.7
1115740 1593.6
1115750 1594.8
1115760 1589.3
1115770 1593.5
1115780 1593.5
1115790 1599.8
1115800 1602.8
1115810 1602.8
1115820 1608.2
1115830 1612.2
1115840 1612.2
1115850 1612.5
1115860 1610.0
1115870 1610.0
1115880 1606.3
1115890 1601.5
1115900 1601.5
1115910 1597.2
1115920 1592.2
1115930 1592.2
1115940 1587.1
1115950 1582.7
1115960 1582.7
1115970 1578.3
1115980 1573.9
1115990 1570.6
1116000 1570.6
1116010 1568.2
1116020 1565.3
1116030 1565.3
1116040 1561.7
1116050 1557.7
1116060 1557.7
1116070 1554.5
1116080 1551.9
1116090 1552.4
1116100 1548.2
1116110 1545.7
1116120 1545.7
1116130 1542.8
1116140 1539.7
1116150 1539.7
1116160 1537.3
1116170 1534.6
1116180 1534.6
1116190 1532.1
1116200 1530.5
1116210 1530.5
1116220 1528.5
1116230 1525.3
1116240 1525.3
1116250 1524.0
1116260 1525.8
1116270 1525.8
1116280 1524.8
1116290 1524.6
1116300 1524.4
1116310 1524.4
1116320 1523.9
1116330 1522.6
1116340 1522.6
1116350 1522.1
1116360 1521.8
1116370 1521.8
1116380 1522.1
1116390 1521.8
1116400 1521.8
1116410 1521.2
1116420 1521.8
1116430 1521.8
1116440 1524.5
1116450 1523.4
1116460 1523.4
1116470 1522.3
1116480 1522.1
1116490 1522.1
1116500 1521.4
1116510 1520.9
1116520 1520.9
1116530 1519.2
1116540 1517.7
1116550 1517.7
1116560 1516.0
1116570 1515.2
1116580 1514.2
1116590 1514.2
1116600 1513.9
1116610 1513.6
1116620 1513.6
1116630 1514.2
1116640 1514.4
1116650 1514.4
1116660 1514.8
1116670 1515.3
1116680 1515.3
1116690 1516.4
1116700 1516.6
1116710 1516.6
1116720 1517.4
1116730 1518.4
1116740 1518.4
1116750 1519.4
1116760 1519.3
1116770 1519.3
1116780 1521.2
1116790 1526.6
1116800 1526.6
1116810 1528.3
1116820 1532.0
1116830 1532.0
1116840 1536.8
1116850 1542.1
1116860 1542.1
1116870 1547.0
1116880 1553.2
1116890 1559.0
1116900 1559.0
1116910 1564.2
1116920 1567.6
1116930 1567.6
1116940 1573.6
1116950 1595.4
1116960 1595.4
1116970 1628.5
1116980 1642.8
1116990 1642.8
1117000 1655.5
1117010 1673.4
1117020 1673.4
1117030 1683.8
1117040 1686.6
1117050 1686.6
1117060 1685.9
1117070 1683.9
1117080 1683.9
1117090 1681.9
1117100 1678.5
1117110 1678.5
1117120 1686.7
1117130 1695.6
1117140 1695.6
1117150 1704.4
1117160 1715.4
1117170 1715.4
1117180 1718.6
1117190 1711.9
1117200 1705.3
1117210 1705.3
1117220 1689.4
1117230 1653.9
1117240 1653.9
1117250 1622.9
1117260 1613.6
1117270 1613.6
1117280 1606.1
1117290 1599.1
1117300 1599.1
1117310 1592.9
1117320 1585.7
1117330 1585.7
1117340 1579.3
1117350 1575.2
1117360 1575.2
1117370 1572.2
1117380 1569.1
1117390 1569.1
1117400 1560.8
1117410 1552.2
1117420 1552.2
1117430 1544.2
1117440 1537.5
1117450 1537.5
1117460 1529.4
1117470 1523.9
1117480 1532.4
1117490 1532.4
1117500 1523.2
1117510 1515.2
1117520 1515.2
1117530 1507.7
1117540 1500.8
1117550 1500.8
1117560 1495.8
1117570 1489.9
1117580 1489.9
1117590 1482.7
1117600 1477.7
1117610 1477.7
1117620 1472.5
1117630 1469.4
1117640 1469.4
1117650 1464.6
1117660 1461.0
1117670 1461.0
1117680 1457.6
1117690 1454.5
1117700 1454.5
1117710 1452.2
1117720 1450.7
1117730 1450.7
1117740 1446.9
1117750 1444.1
1117760 1444.1
1117770 1441.4
1117780 1438.7
1117790 1435.3
1117800 1435.3
1117810 1431.0
1117820 1425.8
1117830 1429.2
1117840 1424.8
1117850 1421.2
1117860 1421.2
1117870 1418.4
1117880 1416.6
1117890 1416.6
1117900 1414.1
1117910 1409.7
1117920 1409.7
1117930 1405.3
1117940 1404.2
1117950 1404.2
1117960 1402.3
1117970 1402.0
1117980 1402.0
1117990 1399.9
1118000 1397.5
1118010 1397.5
1118020 1394.2
1118030 1390.7
1118040 1390.7
1118050 1388.2
1118060 1388.8
1118070 1386.9
1118080 1386.9
1118090 1379.6
1118100 1373.7
1118110 1373.7
1118120 1368.4
1118130 1363.8
1118140 1363.8
1118150 1360.4
1118160 1358.6
1118170 1358.6
1118180 1356.7
1118190 1350.8
1118200 1350.8
1118210 1349.0
1118220 1349.9
1118230 1349.9
1118240 1348.6
1118250 1344.2
1118260 1344.2
1118270 1338.9
1118280 1334.3
1118290 1334.3
1118300 1331.1
1118310 1328.3
1118320 1328.3
1118330 1327.0
1118340 1325.4
1118350 1325.4
1118360 1322.1
1118370 1320.7
1118380 1318.7
1118390 1318.7
1118400 1314.7
1118410 1313.4
1118420 1313.4
1118430 1311.2
1118440 1308.1
1118450 1308.1
1118460 1305.9
1118470 1303.9
1118480 1303.9
1118490 1302.5
1118500 1301.4
1118510 1301.4
1118520 1303.4
1118530 1300.4
1118540 1300.4
1118550 1295.9
1118560 1291.8
1118570 1291.8
1118580 1289.5
1118590 1287.2
1118600 1287.2
1118610 1285.0
1118620 1282.3
1118630 1282.3
1118640 1279.3
1118650 1278.2
1118660 1278.2
1118670 1275.9
1118680 1273.4
1118690 1270.1
1118700 1270.1
1118710 1267.7
1118720 1265.5
1118730 1265.5
1118740 1263.9
1118750 1262.6
1118760 1262.6
1118770 1261.3
1118780 1260.0
1118790 1260.0
1118800 1259.2
1118810 1258.5
1118820 1258.5
1118830 1257.5
1118840 1256.6
1118850 1256.6
1118860 1256.1
1118870 1253.6
1118880 1253.6
1118890 1250.8
1118900 1247.1
1118910 1247.1
1118920 1243.0
1118930 1239.3
1118940 1239.3
1118950 1235.0
1118960 1231.4
1118970 1228.1
1118980 1228.1
1118990 1224.1
1119000 1220.1
1119010 1220.1
1119020 1216.6
1119030 1214.1
1119040 1214.1
1119050 1211.9
1119060 1209.2
1119070 1209.2
1119080 1206.8
1119090 1205.5
1119100 1205.5
1119110 1205.2
1119120 1205.3
1119130 1205.3
1119140 1206.8
1119150 1207.1
1119160 1207.1
1119170 1207.0
1119180 1206.8
1119190 1206.8
1119200 1207.4
1119210 1208.1
1119220 1209.4
1119230 1209.9
1119240 1210.3
1119250 1210.3
1119260 1210.6
1119270 1213.4
1119280 1219.9
1119290 1219.9
1119300 1226.6
1119310 1234.7
1119320 1234.7
1119330 1242.1
1119340 1249.4
1119350 1249.4
1119360 1254.5
1119370 1254.3
1119380 1254.3
1119390 1252.2
1119400 1251.5
1119410 1251.5
1119420 1252.2
1119430 1254.3
1119440 1254.3
1119450 1257.0
1119460 1259.8
1119470 1259.8
1119480 1262.9
1119490 1266.8
1119500 1266.8
1119510 1271.2
1119520 1275.2
1119530 1275.2
1119540 1279.7
1119550 1282.7
1119560 1284.6
1119570 1287.9
1119580 1292.5
1119590 1296.3
1119600 1296.3
1119610 1297.8
1119620 1299.2
1119630 1299.2
1119640 1299.9
1119650 1300.9
1119660 1300.9
1119670 1302.9
1119680 1306.2
1119690 1306.2
1119700 1310.9
1119710 1315.9
1119720 1315.9
1119730 1319.7
1119740 1321.7
1119750 1321.7
1119760 1324.9
1119770 1328.7
1119780 1328.7
1119790 1332.7
1119800 1339.0
1119810 1339.0
1119820 1346.1
1119830 1352.4
1119840 1352.4
1119850 1357.1
1119860 1360.3
1119870 1362.3
1119880 1362.3
1119890 1364.3
1119900 1365.9
1119910 1365.9
1119920 1369.6
1119930 1372.3
1119940 1372.3
1119950 1374.0
1119960 1374.8
1119970 1374.8
1119980 1375.5
1119990 1376.4
