1100000 706.3
1100010 711.1
1100020 711.1
1100030 714.4
1100040 717.4
1100050 717.4
1100060 720.3
1100070 723.0
1100080 723.0
1100090 725.8
1100100 729.2
1100110 729.2
1100120 732.5
1100130 735.4
1100140 735.4
1100150 737.7
1100160 740.1
1100170 743.5
1100180 743.5
1100190 746.8
1100200 750.7
1100210 750.7
1100220 754.8
1100230 758.5
1100240 758.5
1100250 761.7
1100260 766.0
1100270 766.0
1100280 765.5
1100290 770.3
1100300 770.3
1100310 773.6
1100320 776.6
1100330 776.6
1100340 781.7
1100350 786.8
1100360 786.8
1100370 790.2
1100380 792.2
1100390 792.2
1100400 793.1
1100410 797.0
1100420 797.0
1100430 802.0
1100440 808.2
1100450 808.2
1100460 813.0
1100470 815.2
1100480 816.6
1100490 816.6
1100500 818.5
1100510 820.8
1100520 820.8
1100530 823.0
1100540 824.0
1100550 824.0
1100560 822.2
1100570 822.8
1100580 822.8
1100590 824.3
1100600 827.6
1100610 835.4
1100620 837.0
1100630 842.8
1100640 842.8
1100650 850.0
1100660 854.7
1100670 854.7
1100680 858.7
1100690 860.3
1100700 860.3
1100710 862.1
1100720 866.6
1100730 866.6
1100740 868.7
1100750 871.8
1100760 871.8
1100770 873.2
1100780 872.6
1100790 872.8
1100800 872.8
1100810 874.1
1100820 875.0
1100830 875.0
1100840 874.7
1100850 875.1
1100860 875.1
1100870 879.7
1100880 885.4
1100890 885.4
1100900 891.9
1100910 900.1
1100920 900.1
1100930 909.8
1100940 911.3
1100950 911.3
1100960 918.4
1100970 924.7
1100980 924.7
1100990 929.2
1101000 932.8
1101010 932.8
1101020 936.1
1101030 939.7
1101040 939.7
1101050 941.9
1101060 941.3
1101070 941.3
1101080 942.6
1101090 946.9
1101100 951.3
1101110 951.3
1101120 955.7
1101130 961.0
1101140 961.0
1101150 968.2
1101160 976.1
1101170 976.1
1101180 982.4
1101190 987.2
1101200 987.2
1101210 993.6
1101220 1001.5
1101230 1001.5
1101240 1009.0
1101250 1016.1
1101260 1016.1
1101270 1025.0
1101280 1028.6
1101290 1028.6
1101300 1035.2
1101310 1039.8
1101320 1039.8
1101330 1044.7
1101340 1048.8
1101350 1048.8
1101360 1053.3
1101370 1058.1
1101380 1062.5
1101390 1062.5
1101400 1067.4
1101410 1073.3
1101420 1073.3
1101430 1078.5
1101440 1084.2
1101450 1084.2
1101460 1089.6
1101470 1094.3
1101480 1094.3
1101490 1099.4
1101500 1104.0
1101510 1104.0
1101520 1109.0
1101530 1112.9
1101540 1112.9
1101550 1118.3
1101560 1123.9
1101570 1123.9
1101580 1127.6
1101590 1131.0
1101600 1131.0
1101610 1134.3
1101620 1141.9
1101630 1141.9
1101640 1147.9
1101650 1151.7
1101660 1151.7
1101670 1153.4
1101680 1153.7
1101690 1153.3
1101700 1153.3
1101710 1152.4
1101720 1151.0
1101730 1151.0
1101740 1149.2
1101750 1147.2
1101760 1147.2
1101770 1144.9
1101780 1143.3
1101790 1143.3
1101800 1142.0
1101810 1140.3
1101820 1140.3
1101830 1138.0
1101840 1136.1
1101850 1136.1
1101860 1134.5
1101870 1132.4
1101880 1132.4
1101890 1130.9
1101900 1128.7
1101910 1128.7
1101920 1125.7
1101930 1122.9
1101940 1127.3
1101950 1125.2
1101960 1123.5
1101970 1123.5
1101980 1122.0
1101990 1120.5
1102000 1118.5
1102010 1118.5
1102020 1116.6
1102030 1114.3
1102040 1114.3
1102050 1110.9
1102060 1107.0
1102070 1107.0
1102080 1103.0
1102090 1098.9
1102100 1098.9
1102110 1094.6
1102120 1090.6
1102130 1090.6
1102140 1087.0
1102150 1083.5
1102160 1083.5
1102170 1079.8
1102180 1077.0
1102190 1077.0
1102200 1074.1
1102210 1070.9
1102220 1070.9
1102230 1066.7
1102240 1062.2
1102250 1062.2
1102260 1057.9
1102270 1054.1
1102280 1057.6
1102290 1053.9
1102300 1050.2
1102310 1046.6
1102320 1046.6
1102330 1042.7
1102340 1038.2
1102350 1038.2
1102360 1034.8
1102370 1033.0
1102380 1033.0
1102390 1031.1
1102400 1028.8
1102410 1028.8
1102420 1026.4
1102430 1023.9
1102440 1023.9
1102450 1021.9
1102460 1020.8
1102470 1020.8
1102480 1019.4
1102490 1017.0
1102500 1017.0
1102510 1013.5
1102520 1010.2
1102530 1010.2
1102540 1006.2
1102550 1001.5
1102560 1001.5
1102570 999.6
1102580 997.9
1102590 995.1
1102600 995.1
1102610 993.8
1102620 987.5
1102630 987.5
1102640 981.8
1102650 978.3
1102660 978.3
1102670 975.8
1102680 974.0
1102690 974.0
1102700 972.2
1102710 970.8
1102720 970.8
1102730 969.4
1102740 967.2
1102750 967.2
1102760 963.7
1102770 958.5
1102780 958.5
1102790 950.9
1102800 948.1
1102810 948.1
1102820 947.4
1102830 945.9
1102840 945.9
1102850 948.7
1102860 948.2
1102870 948.2
1102880 944.3
1102890 939.1
1102900 935.8
1102910 935.8
1102920 933.9
1102930 930.7
1102940 932.3
1102950 929.6
1102960 927.0
1102970 927.0
1102980 925.4
1102990 924.0
1103000 924.0
1103010 922.5
1103020 920.9
1103030 920.9
1103040 919.3
1103050 917.7
1103060 917.7
1103070 915.9
1103080 914.2
1103090 914.2
1103100 912.6
1103110 911.1
1103120 911.1
1103130 909.5
1103140 907.6
1103150 907.6
1103160 905.7
1103170 903.4
1103180 903.4
1103190 900.1
1103200 902.1
1103210 902.0
1103220 902.0
1103230 901.7
1103240 901.1
1103250 901.1
1103260 900.4
1103270 899.6
1103280 897.9
1103290 896.4
1103300 895.2
1103310 895.2
1103320 894.3
1103330 893.1
1103340 893.1
1103350 891.2
1103360 888.4
1103370 888.4
1103380 887.3
1103390 886.2
1103400 886.2
1103410 885.4
1103420 885.0
1103430 885.0
1103440 883.8
1103450 880.5
1103460 880.5
1103470 878.1
1103480 877.1
1103490 876.8
1103500 876.8
1103510 876.6
1103520 876.5
1103530 876.5
1103540 876.7
1103550 876.3
1103560 876.3
1103570 875.5
1103580 874.2
1103590 874.2
1103600 872.3
1103610 869.4
1103620 869.4
1103630 867.5
1103640 865.2
1103650 865.2
1103660 862.6
1103670 860.4
1103680 860.4
1103690 858.6
1103700 858.5
1103710 858.5
1103720 858.0
1103730 856.1
1103740 856.1
1103750 853.2
1103760 849.4
1103770 849.4
1103780 846.1
1103790 843.3
1103800 840.3
1103810 840.3
1103820 837.4
1103830 834.7
1103840 834.7
1103850 831.8
1103860 829.7
1103870 829.7
1103880 827.9
1103890 826.3
1103900 826.3
1103910 825.0
1103920 824.0
1103930 824.0
1103940 823.2
1103950 821.9
1103960 821.9
1103970 821.0
1103980 818.7
1103990 818.7
1104000 816.2
1104010 814.1
1104020 814.1
1104030 812.3
1104040 809.8
1104050 809.8
1104060 806.2
1104070 802.4
1104080 802.4
1104090 800.1
1104100 797.2
1104110 793.0
1104120 793.0
1104130 786.6
1104140 778.6
1104150 778.6
1104160 771.8
1104170 766.2
1104180 766.2
1104190 760.2
1104200 751.1
1104210 751.1
1104220 747.8
1104230 746.2
1104240 746.2
1104250 744.6
1104260 743.8
1104270 743.8
1104280 738.4
1104290 737.0
1104300 737.0
1104310 735.9
1104320 737.5
1104330 737.5
1104340 740.0
1104350 742.9
1104360 742.9
1104370 743.2
1104380 740.9
1104390 740.9
1104400 736.3
1104410 733.5
1104420 731.6
1104430 731.6
1104440 728.4
1104450 723.1
1104460 723.1
1104470 719.0
1104480 715.1
1104490 715.1
1104500 711.7
1104510 710.8
1104520 710.8
1104530 709.8
1104540 708.7
1104550 708.7
1104560 708.5
1104570 707.5
1104580 707.5
1104590 705.9
1104600 704.3
1104610 704.3
1104620 703.7
1104630 704.6
1104640 704.6
1104650 704.9
1104660 704.3
1104670 704.3
1104680 709.4
1104690 711.7
1104700 712.2
1104710 712.2
1104720 711.8
1104730 711.0
1104740 711.0
1104750 710.7
1104760 709.7
1104770 709.7
1104780 707.5
1104790 705.3
1104800 705.3
1104810 703.4
1104820 701.1
1104830 701.1
1104840 699.2
1104850 696.9
1104860 696.9
1104870 695.8
1104880 695.2
1104890 695.2
1104900 694.7
1104910 694.3
1104920 694.3
1104930 693.8
1104940 693.4
1104950 693.5
1104960 692.9
1104970 692.2
1104980 692.2
1104990 691.6
1105000 691.0
1105010 690.6
1105020 690.6
1105030 689.9
1105040 689.4
1105050 689.4
1105060 689.1
1105070 688.8
1105080 688.8
1105090 688.5
1105100 688.2
1105110 688.2
1105120 687.7
1105130 687.2
1105140 687.2
1105150 686.6
1105160 686.1
1105170 686.1
1105180 685.6
1105190 685.2
1105200 685.2
1105210 684.8
1105220 684.6
1105230 684.6
1105240 684.2
1105250 683.9
1105260 683.9
1105270 683.6
1105280 683.2
1105290 683.3
1105300 682.9
1105310 682.3
1105320 681.6
1105330 681.6
1105340 681.2
1105350 680.8
1105360 680.8
1105370 680.5
1105380 680.2
1105390 680.2
1105400 679.9
1105410 679.4
1105420 679.4
1105430 678.9
1105440 678.5
1105450 678.5
1105460 678.0
1105470 677.5
1105480 677.5
1105490 677.1
1105500 676.8
1105510 676.8
1105520 676.7
1105530 676.5
1105540 676.5
1105550 676.4
1105560 676.2
1105570 676.2
1105580 676.0
1105590 675.9
1105600 675.9
1105610 675.9
1105620 675.9
1105630 676.1
1105640 676.1
1105650 676.1
1105660 676.0
1105670 676.0
1105680 676.2
1105690 676.3
1105700 676.3
1105710 676.6
1105720 676.8
1105730 676.8
1105740 676.9
1105750 677.1
1105760 677.1
1105770 677.2
1105780 677.3
1105790 677.3
1105800 677.4
1105810 677.5
1105820 677.5
1105830 677.5
1105840 677.6
1105850 677.6
1105860 677.7
1105870 677.8
1105880 677.8
1105890 677.8
1105900 677.8
1105910 677.9
1105920 677.9
1105930 677.9
1105940 678.0
1105950 678.0
1105960 678.2
1105970 678.3
1105980 678.3
1105990 678.6
1106000 678.6
1106010 678.6
1106020 678.7
1106030 678.8
1106040 678.8
1106050 678.8
1106060 678.9
1106070 678.9
1106080 679.0
1106090 679.1
1106100 679.1
1106110 679.2
1106120 679.2
1106130 679.2
1106140 679.3
1106150 679.3
1106160 679.3
1106170 679.4
1106180 679.6
1106190 679.6
1106200 679.7
1106210 679.8
1106220 679.9
1106230 679.9
1106240 680.2
1106250 680.5
1106260 680.5
1106270 680.7
1106280 680.6
1106290 680.6
1106300 680.6
1106310 681.0
1106320 681.0
1106330 681.8
1106340 682.9
1106350 682.9
1106360 683.8
1106370 685.2
1106380 685.2
1106390 688.4
1106400 693.4
1106410 693.4
1106420 698.3
1106430 703.0
1106440 703.0
1106450 709.5
1106460 716.4
1106470 716.4
1106480 722.9
1106490 732.3
1106500 732.3
1106510 737.9
1106520 741.8
1106530 748.3
1106540 748.3
1106550 755.2
1106560 761.5
1106570 761.5
1106580 767.8
1106590 773.8
1106600 773.8
1106610 779.5
1106620 785.2
1106630 785.2
1106640 794.2
1106650 798.6
1106660 798.6
1106670 799.9
1106680 802.9
1106690 802.9
1106700 805.7
1106710 809.0
1106720 809.0
1106730 811.8
1106740 814.0
1106750 814.0
1106760 817.7
1106770 820.7
1106780 820.7
1106790 822.9
1106800 823.0
1106810 824.8
1106820 824.8
1106830 828.5
1106840 829.4
1106850 829.4
1106860 829.2
1106870 830.7
1106880 830.7
1106890 831.7
1106900 835.8
1106910 835.8
1106920 839.6
1106930 840.7
1106940 840.7
1106950 841.5
1106960 842.9
1106970 842.9
1106980 853.9
1106990 856.6
1107000 856.6
1107010 860.1
1107020 866.0
1107030 866.0
1107040 875.4
1107050 880.7
1107060 880.7
1107070 884.7
1107080 886.2
1107090 886.2
1107100 887.8
1107110 889.6
1107120 892.3
1107130 892.3
1107140 894.4
1107150 896.4
1107160 896.4
1107170 898.3
1107180 900.4
1107190 900.4
1107200 903.2
1107210 905.7
1107220 905.7
1107230 907.9
1107240 909.7
1107250 909.7
1107260 910.4
1107270 911.6
1107280 911.6
1107290 915.8
1107300 920.0
1107310 925.7
1107320 926.6
1107330 928.4
1107340 928.4
1107350 928.0
1107360 929.3
1107370 929.3
1107380 928.9
1107390 928.7
1107400 928.7
1107410 932.0
1107420 937.0
1107430 940.2
1107440 940.2
1107450 941.8
1107460 943.8
1107470 943.8
1107480 945.5
1107490 947.9
1107500 947.9
1107510 950.5
1107520 953.3
1107530 953.3
1107540 956.7
1107550 961.3
1107560 961.3
1107570 966.2
1107580 970.3
1107590 970.3
1107600 973.9
1107610 978.4
1107620 978.4
1107630 982.6
1107640 987.0
1107650 989.9
1107660 994.0
1107670 996.8
1107680 996.8
1107690 999.1
1107700 1001.4
1107710 1005.9
1107720 1005.9
1107730 1008.3
1107740 1011.5
1107750 1011.5
1107760 1016.1
1107770 1018.5
1107780 1018.5
1107790 1020.1
1107800 1024.5
1107810 1024.5
1107820 1029.2
1107830 1033.2
1107840 1033.2
1107850 1036.7
1107860 1037.7
1107870 1037.7
1107880 1041.6
1107890 1047.0
1107900 1047.0
1107910 1050.6
1107920 1054.6
1107930 1054.6
1107940 1058.4
1107950 1061.0
1107960 1061.0
1107970 1062.3
1107980 1063.6
1107990 1064.6
1108000 1065.0
1108010 1066.9
1108020 1069.2
1108030 1069.2
1108040 1069.7
1108050 1070.1
1108060 1070.1
1108070 1073.3
1108080 1075.7
1108090 1075.7
1108100 1076.8
1108110 1080.2
1108120 1080.2
1108130 1086.3
1108140 1090.7
1108150 1090.7
1108160 1094.1
1108170 1096.2
1108180 1096.2
1108190 1097.9
1108200 1100.8
1108210 1100.8
1108220 1103.9
1108230 1106.8
1108240 1106.8
1108250 1110.1
1108260 1112.7
1108270 1112.7
1108280 1115.1
1108290 1119.5
1108300 1119.5
1108310 1123.8
1108320 1125.4
1108330 1127.9
1108340 1127.9
1108350 1130.3
1108360 1133.7
1108370 1133.7
1108380 1135.7
1108390 1136.9
1108400 1136.9
1108410 1137.8
1108420 1139.5
1108430 1139.5
1108440 1140.9
1108450 1141.8
1108460 1141.8
1108470 1144.1
1108480 1148.7
1108490 1148.7
1108500 1152.1
1108510 1153.1
1108520 1153.1
1108530 1156.2
1108540 1161.8
1108550 1161.8
1108560 1167.3
1108570 1171.6
1108580 1171.6
1108590 1173.8
1108600 1173.9
1108610 1173.9
1108620 1172.5
1108630 1172.0
1108640 1173.8
1108650 1173.8
1108660 1177.9
1108670 1186.9
1108680 1186.9
1108690 1187.3
1108700 1187.4
1108710 1187.4
1108720 1187.8
1108730 1187.6
1108740 1187.6
1108750 1191.2
1108760 1196.1
1108770 1196.1
1108780 1199.6
1108790 1202.9
1108800 1202.9
1108810 1207.0
1108820 1206.0
1108830 1206.0
1108840 1207.8
1108850 1212.7
1108860 1212.7
1108870 1215.8
1108880 1216.6
1108890 1216.6
1108900 1219.6
1108910 1220.1
1108920 1224.3
1108930 1224.3
1108940 1230.6
1108950 1234.8
1108960 1234.8
1108970 1232.5
1108980 1234.8
1108990 1234.8
1109000 1239.1
1109010 1240.6
1109020 1240.6
1109030 1238.8
1109040 1239.3
1109050 1239.3
1109060 1243.1
1109070 1248.2
1109080 1248.2
1109090 1253.0
1109100 1258.6
1109110 1258.6
1109120 1264.6
1109130 1270.9
1109140 1270.9
1109150 1277.8
1109160 1283.8
1109170 1283.8
1109180 1289.0
1109190 1293.8
1109200 1293.8
1109210 1299.8
1109220 1305.9
1109230 1310.7
1109240 1310.7
1109250 1315.2
1109260 1320.0
1109270 1320.0
1109280 1325.7
1109290 1332.1
1109300 1332.1
1109310 1339.4
1109320 1347.1
1109330 1347.1
1109340 1356.0
1109350 1362.7
1109360 1362.7
1109370 1364.1
1109380 1366.3
1109390 1366.3
1109400 1371.0
1109410 1376.5
1109420 1376.5
1109430 1378.7
1109440 1379.3
1109450 1379.3
1109460 1377.7
1109470 1377.7
1109480 1377.7
1109490 1379.6
1109500 1381.2
1109510 1381.2
1109520 1384.6
1109530 1389.3
1109540 1394.1
1109550 1394.1
1109560 1397.0
1109570 1397.0
1109580 1397.0
1109590 1394.8
1109600 1394.2
1109610 1394.2
1109620 1395.1
1109630 1395.0
1109640 1395.0
1109650 1397.2
1109660 1401.1
1109670 1401.1
1109680 1405.8
1109690 1411.0
1109700 1411.0
1109710 1415.0
1109720 1420.1
1109730 1420.1
1109740 1424.5
1109750 1427.0
1109760 1427.0
1109770 1427.4
1109780 1429.3
1109790 1429.3
1109800 1430.9
1109810 1434.3
1109820 1439.3
1109830 1439.3
1109840 1443.0
1109850 1445.0
1109860 1445.0
1109870 1447.1
1109880 1448.0
1109890 1448.0
1109900 1447.0
1109910 1446.5
1109920 1446.5
1109930 1447.6
1109940 1450.5
1109950 1450.5
1109960 1453.2
1109970 1456.0
1109980 1456.0
1109990 1459.3
1110000 1461.1
1110010 1461.1
1110020 1462.8
1110030 1465.4
1110040 1465.4
1110050 1467.1
1110060 1470.6
1110070 1470.6
1110080 1475.1
1110090 1475.1
1110100 1475.1
1110110 1476.7
1110120 1479.9
1110130 1483.7
1110140 1483.7
1110150 1488.9
1110160 1493.6
1110170 1493.6
1110180 1496.6
1110190 1499.5
1110200 1499.5
1110210 1502.9
1110220 1505.9
1110230 1505.9
1110240 1509.1
1110250 1512.9
1110260 1512.9
1110270 1516.4
1110280 1520.3
1110290 1520.3
1110300 1521.5
1110310 1520.2
1110320 1520.2
1110330 1517.8
1110340 1515.2
1110350 1515.2
1110360 1512.2
1110370 1509.1
1110380 1509.1
1110390 1510.0
1110400 1511.4
1110410 1511.4
1110420 1512.7
1110430 1513.6
1110440 1515.0
1110450 1515.0
1110460 1516.6
1110470 1518.0
1110480 1518.0
1110490 1519.3
1110500 1521.3
1110510 1521.3
1110520 1523.4
1110530 1525.0
1110540 1525.0
1110550 1526.4
1110560 1526.8
1110570 1526.8
1110580 1527.0
1110590 1528.3
1110600 1528.3
1110610 1529.9
1110620 1531.1
1110630 1531.1
1110640 1531.7
1110650 1533.3
1110660 1533.3
1110670 1534.9
1110680 1536.7
1110690 1536.7
1110700 1539.0
1110710 1538.4
1110720 1540.0
1110730 1540.0
1110740 1541.1
1110750 1541.8
1110760 1541.8
1110770 1541.7
1110780 1541.7
1110790 1541.7
1110800 1542.5
1110810 1544.7
1110820 1544.7
1110830 1547.0
1110840 1548.9
1110850 1548.9
1110860 1550.9
1110870 1552.4
1110880 1552.4
1110890 1553.9
1110900 1555.2
1110910 1555.2
1110920 1556.5
1110930 1557.9
1110940 1557.9
1110950 1559.4
1110960 1560.8
1110970 1560.8
1110980 1562.3
1110990 1563.7
1111000 1563.7
1111010 1565.3
1111020 1566.4
1111030 1568.0
1111040 1568.0
1111050 1566.0
1111060 1567.7
1111070 1567.7
1111080 1569.8
1111090 1573.1
1111100 1573.1
1111110 1576.9
1111120 1578.9
1111130 1578.9
1111140 1580.8
1111150 1582.6
1111160 1582.6
1111170 1584.4
1111180 1585.9
1111190 1585.9
1111200 1587.5
1111210 1588.3
1111220 1588.3
1111230 1588.3
1111240 1590.2
1111250 1590.2
1111260 1591.7
1111270 1594.6
1111280 1594.6
1111290 1597.0
1111300 1599.3
1111310 1599.3
1111320 1600.6
1111330 1602.8
1111340 1604.7
1111350 1604.7
1111360 1605.9
1111370 1607.7
1111380 1607.7
1111390 1611.1
1111400 1613.3
1111410 1613.3
1111420 1615.2
1111430 1618.1
1111440 1618.1
1111450 1620.1
1111460 1622.0
1111470 1622.0
1111480 1624.1
1111490 1625.9
1111500 1625.9
1111510 1627.5
1111520 1629.0
1111530 1629.0
1111540 1630.8
1111550 1631.9
1111560 1631.9
1111570 1633.4
1111580 1634.6
1111590 1634.6
1111600 1635.9
1111610 1636.3
1111620 1635.7
1111630 1635.7
1111640 1633.4
1111650 1630.8
1111660 1630.8
1111670 1627.5
1111680 1624.5
1111690 1624.5
1111700 1619.9
1111710 1614.7
1111720 1614.7
1111730 1621.3
1111740 1623.4
1111750 1623.4
1111760 1627.4
1111770 1628.9
1111780 1628.9
1111790 1630.6
1111800 1631.7
1111810 1631.7
1111820 1633.8
1111830 1635.4
1111840 1635.4
1111850 1637.0
1111860 1639.0
1111870 1639.0
1111880 1643.4
1111890 1647.6
1111900 1647.6
1111910 1651.2
1111920 1654.7
1111930 1658.1
1111940 1658.1
1111950 1661.0
1111960 1661.9
1111970 1661.9
1111980 1657.0
1111990 1647.3
1112000 1647.3
1112010 1639.9
1112020 1637.0
1112030 1637.0
1112040 1636.1
1112050 1633.8
1112060 1633.8
1112070 1633.5
1112080 1643.3
1112090 1643.3
1112100 1643.3
1112110 1641.1
1112120 1641.1
1112130 1630.9
1112140 1622.7
1112150 1622.7
1112160 1623.5
1112170 1620.5
1112180 1620.5
1112190 1620.0
1112200 1618.1
1112210 1618.1
1112220 1617.2
1112230 1621.8
1112240 1629.4
1112250 1629.4
1112260 1633.0
1112270 1631.8
1112280 1631.8
1112290 1631.2
1112300 1633.7
1112310 1633.7
1112320 1634.7
1112330 1639.6
1112340 1639.6
1112350 1645.4
1112360 1649.8
1112370 1649.8
1112380 1651.7
1112390 1648.0
1112400 1648.0
1112410 1644.5
1112420 1653.3
1112430 1653.3
1112440 1655.5
1112450 1654.0
1112460 1654.0
1112470 1650.9
1112480 1647.8
1112490 1647.8
1112500 1644.5
1112510 1641.0
1112520 1637.1
1112530 1637.1
1112540 1633.8
1112550 1630.0
1112560 1630.0
1112570 1625.7
1112580 1622.5
1112590 1622.5
1112600 1620.9
1112610 1620.9
1112620 1620.9
1112630 1621.0
1112640 1619.5
1112650 1619.5
1112660 1618.2
1112670 1619.2
1112680 1619.2
1112690 1621.5
1112700 1624.9
1112710 1624.9
1112720 1629.1
1112730 1633.5
1112740 1633.5
1112750 1638.0
1112760 1647.7
1112770 1647.7
1112780 1652.7
1112790 1657.5
1112800 1657.5
1112810 1661.6
1112820 1664.7
1112830 1668.3
1112840 1668.3
1112850 1673.6
1112860 1680.6
1112870 1680.6
1112880 1690.0
1112890 1699.5
1112900 1699.5
1112910 1705.1
1112920 1708.7
1112930 1708.7
1112940 1708.1
1112950 1701.9
1112960 1701.9
1112970 1696.3
1112980 1690.9
1112990 1690.9
1113000 1686.9
1113010 1682.6
1113020 1682.6
1113030 1677.9
1113040 1674.3
1113050 1674.3
1113060 1672.0
1113070 1670.8
1113080 1670.8
1113090 1668.9
1113100 1669.8
1113110 1669.8
1113120 1666.4
1113130 1664.2
1113140 1661.7
1113150 1661.7
1113160 1660.1
1113170 1660.0
1113180 1660.0
1113190 1660.9
1113200 1661.5
1113210 1661.5
1113220 1660.5
1113230 1658.4
1113240 1658.4
1113250 1656.1
1113260 1653.9
1113270 1653.9
1113280 1652.7
1113290 1650.6
1113300 1650.6
1113310 1648.9
1113320 1648.2
1113330 1648.2
1113340 1647.7
1113350 1648.3
1113360 1648.3
1113370 1649.3
1113380 1650.0
1113390 1650.0
1113400 1650.5
1113410 1652.0
1113420 1652.0
1113430 1651.8
1113440 1648.6
1113450 1659.3
1113460 1659.3
1113470 1657.6
1113480 1655.8
1113490 1655.8
1113500 1655.4
1113510 1656.0
1113520 1656.0
1113530 1657.4
1113540 1658.0
1113550 1658.0
1113560 1657.5
1113570 1658.2
1113580 1658.2
1113590 1662.1
1113600 1665.7
1113610 1665.7
1113620 1667.8
1113630 1668.4
1113640 1668.4
1113650 1669.9
1113660 1670.3
1113670 1670.3
1113680 1673.2
1113690 1676.6
1113700 1676.6
1113710 1677.2
1113720 1681.1
1113730 1679.2
1113740 1679.2
1113750 1676.4
1113760 1676.9
1113770 1676.9
1113780 1676.8
1113790 1686.1
1113800 1686.1
1113810 1688.1
1113820 1691.7
1113830 1691.7
1113840 1699.7
1113850 1709.2
1113860 1709.2
1113870 1722.3
1113880 1727.5
1113890 1727.5
1113900 1733.8
1113910 1738.9
1113920 1738.9
1113930 1740.5
1113940 1736.6
1113950 1736.6
1113960 1733.5
1113970 1729.8
1113980 1729.8
1113990 1725.4
1114000 1717.2
1114010 1717.2
1114020 1705.9
1114030 1697.5
1114040 1689.1
1114050 1689.1
1114060 1684.8
1114070 1679.5
1114080 1679.5
1114090 1675.7
1114100 1670.2
1114110 1670.2
1114120 1657.8
1114130 1648.8
1114140 1641.8
1114150 1638.7
1114160 1633.3
1114170 1633.3
1114180 1627.2
1114190 1622.5
1114200 1622.5
1114210 1609.6
1114220 1596.5
1114230 1596.5
1114240 1586.8
1114250 1581.1
1114260 1581.1
1114270 1573.5
1114280 1562.1
1114290 1562.1
1114300 1552.7
1114310 1540.4
1114320 1540.4
1114330 1531.7
1114340 1530.4
1114350 1527.5
1114360 1527.5
1114370 1518.4
1114380 1511.1
1114390 1511.1
1114400 1502.4
1114410 1491.8
1114420 1491.8
1114430 1481.3
1114440 1469.7
1114450 1469.7
1114460 1460.8
1114470 1454.4
1114480 1447.3
1114490 1437.9
1114500 1429.5
1114510 1429.5
1114520 1419.1
1114530 1407.4
1114540 1407.4
1114550 1397.0
1114560 1392.3
1114570 1392.3
1114580 1387.2
1114590 1381.9
1114600 1381.9
1114610 1376.2
1114620 1370.2
1114630 1363.6
1114640 1363.6
1114650 1357.5
1114660 1351.3
1114670 1351.3
1114680 1344.8
1114690 1338.0
1114700 1338.0
1114710 1331.4
1114720 1325.8
1114730 1325.8
1114740 1319.5
1114750 1312.3
1114760 1312.3
1114770 1305.2
1114780 1298.4
1114790 1298.4
1114800 1292.8
1114810 1288.5
1114820 1288.5
1114830 1283.4
1114840 1279.5
1114850 1279.5
1114860 1276.0
1114870 1272.5
1114880 1272.5
1114890 1268.9
1114900 1264.9
1114910 1264.9
1114920 1260.6
1114930 1255.5
1114940 1253.7
1114950 1253.7
1114960 1251.8
1114970 1251.3
1114980 1251.3
1114990 1250.5
1115000 1249.0
1115010 1249.0
1115020 1249.1
1115030 1249.6
1115040 1249.6
1115050 1254.6
1115060 1258.9
1115070 1258.9
1115080 1261.6
1115090 1262.8
1115100 1262.8
1115110 1263.1
1115120 1263.8
1115130 1263.8
1115140 1265.2
1115150 1266.1
1115160 1266.1
1115170 1269.8
1115180 1270.0
1115190 1270.0
1115200 1269.9
1115210 1272.1
1115220 1272.1
1115230 1279.0
1115240 1288.8
1115250 1297.9
1115260 1297.9
1115270 1307.8
1115280 1317.0
1115290 1317.0
1115300 1325.4
1115310 1334.0
1115320 1334.0
1115330 1342.4
1115340 1349.9
1115350 1349.9
1115360 1350.8
1115370 1352.2
1115380 1352.2
1115390 1357.1
1115400 1362.9
1115410 1362.9
1115420 1368.4
1115430 1373.1
1115440 1373.1
1115450 1378.5
1115460 1384.9
1115470 1384.9
1115480 1391.7
1115490 1398.9
1115500 1398.9
1115510 1404.7
1115520 1412.5
1115530 1415.1
1115540 1415.1
1115550 1416.9
1115560 1418.9
1115570 1418.9
1115580 1423.1
1115590 1427.8
1115600 1427.8
1115610 1432.7
1115620 1435.5
1115630 1435.5
1115640 1438.2
1115650 1442.6
1115660 1442.6
1115670 1447.2
1115680 1453.4
1115690 1453.4
1115700 1458.9
1115710 1463.6
1115720 1463.6
1115730 1467.5
1115740 1473.7
1115750 1473.7
1115760 1481.2
1115770 1490.4
1115780 1490.4
1115790 1501.6
1115800 1508.8
1115810 1508.8
1115820 1514.0
1115830 1521.7
1115840 1530.8
1115850 1530.8
1115860 1552.7
1115870 1559.0
1115880 1559.0
1115890 1567.2
1115900 1566.4
1115910 1566.4
1115920 1569.8
1115930 1581.9
1115940 1581.9
1115950 1596.9
1115960 1601.4
1115970 1601.4
1115980 1595.4
1115990 1594.7
1116000 1594.7
1116010 1587.7
1116020 1579.5
1116030 1579.5
1116040 1570.4
1116050 1557.0
1116060 1557.0
1116070 1545.7
1116080 1537.2
1116090 1537.2
1116100 1531.8
1116110 1521.6
1116120 1521.6
1116130 1502.0
1116140 1491.7
1116150 1484.6
1116160 1484.6
1116170 1476.9
1116180 1469.0
1116190 1469.0
1116200 1461.4
1116210 1455.1
1116220 1455.1
1116230 1447.6
1116240 1440.4
1116250 1440.4
1116260 1432.9
1116270 1425.5
1116280 1425.5
1116290 1419.5
1116300 1413.3
1116310 1413.3
1116320 1407.6
1116330 1402.5
1116340 1402.5
1116350 1398.2
1116360 1394.6
1116370 1394.6
1116380 1391.9
1116390 1391.5
1116400 1391.5
1116410 1394.9
1116420 1397.5
1116430 1397.7
1116440 1397.7
1116450 1396.6
1116460 1394.9
1116470 1394.9
1116480 1393.3
1116490 1393.3
1116500 1393.3
1116510 1392.4
1116520 1391.3
1116530 1391.3
1116540 1389.9
1116550 1386.8
1116560 1386.8
1116570 1385.0
1116580 1384.6
1116590 1384.6
1116600 1384.1
1116610 1382.2
1116620 1382.2
1116630 1379.7
1116640 1377.0
1116650 1377.0
1116660 1374.4
1116670 1371.7
1116680 1371.7
1116690 1368.0
1116700 1362.9
1116710 1362.9
1116720 1359.6
1116730 1358.1
1116740 1358.7
1116750 1358.7
1116760 1361.1
1116770 1369.4
1116780 1369.4
1116790 1374.3
1116800 1378.4
1116810 1378.4
1116820 1382.7
1116830 1387.2
1116840 1387.2
1116850 1391.9
1116860 1396.6
1116870 1396.6
1116880 1401.6
1116890 1406.8
1116900 1407.6
1116910 1412.9
1116920 1418.2
1116930 1418.2
1116940 1423.6
1116950 1429.1
1116960 1429.1
1116970 1434.5
1116980 1440.0
1116990 1440.0
1117000 1445.5
1117010 1451.3
1117020 1451.3
1117030 1457.1
1117040 1462.9
1117050 1469.2
1117060 1469.2
1117070 1476.8
1117080 1485.1
1117090 1485.1
1117100 1492.8
1117110 1500.5
1117120 1500.5
1117130 1507.1
1117140 1512.2
1117150 1512.2
1117160 1514.4
1117170 1517.7
1117180 1517.7
1117190 1521.5
1117200 1525.9
1117210 1525.9
1117220 1531.5
1117230 1539.1
1117240 1539.1
1117250 1553.1
1117260 1558.0
1117270 1558.0
1117280 1566.7
1117290 1579.7
1117300 1579.7
1117310 1591.3
1117320 1601.8
1117330 1613.5
1117340 1613.5
1117350 1625.4
1117360 1629.4
1117370 1629.4
1117380 1624.8
1117390 1620.6
1117400 1620.6
1117410 1615.7
1117420 1609.2
1117430 1609.2
1117440 1597.1
1117450 1580.8
1117460 1580.8
1117470 1562.4
1117480 1548.1
1117490 1548.1
1117500 1538.9
1117510 1531.0
1117520 1531.0
1117530 1523.2
1117540 1516.1
1117550 1516.1
1117560 1510.2
1117570 1504.3
1117580 1504.3
1117590 1497.9
1117600 1489.2
1117610 1489.2
1117620 1482.8
1117630 1477.6
1117640 1472.4
1117650 1472.4
1117660 1466.8
1117670 1461.5
1117680 1461.5
1117690 1456.1
1117700 1451.0
1117710 1451.0
1117720 1446.0
1117730 1441.1
1117740 1441.1
1117750 1436.3
1117760 1432.1
1117770 1432.1
1117780 1427.6
1117790 1422.5
1117800 1422.5
1117810 1418.1
1117820 1414.1
1117830 1414.1
1117840 1410.2
1117850 1406.7
1117860 1406.7
1117870 1403.1
1117880 1399.9
1117890 1399.9
1117900 1397.0
1117910 1394.2
1117920 1394.2
1117930 1391.6
1117940 1390.9
1117950 1388.1
1117960 1388.1
1117970 1385.0
1117980 1383.0
1117990 1383.0
1118000 1381.5
1118010 1380.1
1118020 1380.1
1118030 1378.3
1118040 1376.5
1118050 1376.5
1118060 1375.4
1118070 1374.4
1118080 1374.4
1118090 1374.7
1118100 1376.9
1118110 1376.9
1118120 1378.0
1118130 1378.5
1118140 1378.5
1118150 1378.7
1118160 1377.3
1118170 1377.3
1118180 1374.4
1118190 1373.5
1118200 1373.5
1118210 1370.4
1118220 1369.4
1118230 1367.2
1118240 1367.2
1118250 1365.0
1118260 1357.2
1118270 1357.2
1118280 1347.4
1118290 1344.4
1118300 1344.4
1118310 1339.9
1118320 1336.8
1118330 1336.8
1118340 1336.1
1118350 1335.0
1118360 1335.0
1118370 1329.5
1118380 1323.2
1118390 1323.2
1118400 1320.1
1118410 1319.4
1118420 1319.4
1118430 1319.2
1118440 1320.0
1118450 1320.0
1118460 1318.6
1118470 1314.1
1118480 1314.1
1118490 1313.5
1118500 1309.7
1118510 1309.7
1118520 1305.2
1118530 1300.0
1118540 1295.2
1118550 1295.2
1118560 1289.5
1118570 1282.8
1118580 1282.8
1118590 1276.3
1118600 1270.3
1118610 1270.3
1118620 1266.0
1118630 1261.9
1118640 1264.4
1118650 1259.2
1118660 1258.1
1118670 1258.1
1118680 1257.2
1118690 1254.8
1118700 1254.8
1118710 1252.7
1118720 1250.6
1118730 1250.6
1118740 1245.3
1118750 1242.1
1118760 1242.1
1118770 1243.7
1118780 1241.9
1118790 1241.9
1118800 1236.1
1118810 1229.0
1118820 1229.0
1118830 1221.4
1118840 1214.1
1118850 1208.9
1118860 1208.9
1118870 1204.6
1118880 1199.4
1118890 1199.4
1118900 1196.4
1118910 1195.9
1118920 1195.9
1118930 1193.3
1118940 1188.8
1118950 1188.8
1118960 1184.3
1118970 1180.8
1118980 1180.8
1118990 1175.4
1119000 1173.8
1119010 1173.8
1119020 1169.6
1119030 1166.0
1119040 1166.0
1119050 1163.4
1119060 1161.6
1119070 1161.6
1119080 1161.0
1119090 1161.0
1119100 1161.0
1119110 1162.6
1119120 1164.8
1119130 1166.3
1119140 1166.3
1119150 1168.5
1119160 1170.9
1119170 1170.9
1119180 1173.3
1119190 1173.8
1119200 1173.8
1119210 1174.1
1119220 1176.2
1119230 1176.2
1119240 1179.6
1119250 1184.1
1119260 1184.1
1119270 1188.8
1119280 1191.7
1119290 1191.7
1119300 1195.1
1119310 1199.0
1119320 1199.0
1119330 1202.0
1119340 1205.1
1119350 1205.1
1119360 1207.4
1119370 1209.4
1119380 1209.4
1119390 1212.5
1119400 1215.5
1119410 1215.5
1119420 1218.6
1119430 1221.5
1119440 1224.8
1119450 1224.8
1119460 1227.8
1119470 1229.6
1119480 1229.6
1119490 1231.6
1119500 1233.9
1119510 1233.9
1119520 1236.8
1119530 1239.7
1119540 1239.7
1119550 1242.2
1119560 1244.1
1119570 1244.1
1119580 1246.0
1119590 1249.1
1119600 1249.1
1119610 1252.4
1119620 1254.6
1119630 1254.6
1119640 1255.9
1119650 1257.3
1119660 1257.3
1119670 1258.6
1119680 1259.2
1119690 1256.5
1119700 1258.0
1119710 1260.2
1119720 1260.2
1119730 1262.3
1119740 1264.6
1119750 1266.4
1119760 1266.4
1119770 1268.0
1119780 1269.8
1119790 1269.8
1119800 1272.2
1119810 1273.9
1119820 1273.9
1119830 1275.3
1119840 1278.0
1119850 1278.0
1119860 1281.1
1119870 1284.3
1119880 1284.3
1119890 1286.3
1119900 1288.8
1119910 1288.8
1119920 1291.2
1119930 1294.0
1119940 1294.0
1119950 1296.8
1119960 1299.1
1119970 1299.1
1119980 1300.6
1119990 1301.7
