1100000 658.6
1100010 658.8
1100020 660.5
1100030 660.5
1100040 663.1
1100050 665.8
1100060 666.9
1100070 667.5
1100080 669.5
1100090 669.5
1100100 672.0
1100110 672.7
1100120 672.7
1100130 673.1
1100140 673.5
1100150 673.5
1100160 673.8
1100170 674.1
1100180 674.1
1100190 674.4
1100200 674.9
1100210 674.9
1100220 675.6
1100230 676.1
1100240 676.6
1100250 676.6
1100260 676.9
1100270 677.3
1100280 677.3
1100290 677.2
1100300 677.3
1100310 677.3
1100320 678.2
1100330 679.8
1100340 679.8
1100350 681.8
1100360 684.4
1100370 684.4
1100380 687.0
1100390 687.2
1100400 687.2
1100410 690.3
1100420 693.8
1100430 693.8
1100440 697.7
1100450 701.8
1100460 701.8
1100470 706.2
1100480 710.5
1100490 710.5
1100500 714.7
1100510 718.4
1100520 721.2
1100530 721.2
1100540 724.6
1100550 728.7
1100560 728.7
1100570 732.3
1100580 735.0
1100590 735.0
1100600 738.6
1100610 743.9
1100620 743.9
1100630 750.0
1100640 755.3
1100650 755.3
1100660 756.8
1100670 758.9
1100680 758.9
1100690 762.6
1100700 766.2
1100710 766.2
1100720 769.9
1100730 775.1
1100740 775.1
1100750 779.7
1100760 784.5
1100770 784.5
1100780 790.0
1100790 795.6
1100800 795.6
1100810 801.6
1100820 807.4
1100830 813.1
1100840 813.1
1100850 816.4
1100860 818.9
1100870 818.9
1100880 822.8
1100890 827.2
1100900 827.2
1100910 831.3
1100920 835.4
1100930 835.4
1100940 839.9
1100950 844.9
1100960 844.9
1100970 850.5
1100980 855.8
1100990 855.8
1101000 861.3
1101010 866.9
1101020 866.9
1101030 870.7
1101040 871.9
1101050 871.9
1101060 877.6
1101070 878.8
1101080 878.8
1101090 879.0
1101100 880.7
1101110 880.7
1101120 882.5
1101130 883.7
1101140 884.8
1101150 884.8
1101160 883.9
1101170 882.6
1101180 882.6
1101190 880.9
1101200 880.1
1101210 880.1
1101220 879.5
1101230 874.7
1101240 874.7
1101250 870.3
1101260 869.8
1101270 869.8
1101280 869.6
1101290 869.5
1101300 869.5
1101310 869.7
1101320 869.6
1101330 869.6
1101340 869.1
1101350 868.0
1101360 868.0
1101370 867.0
1101380 865.4
1101390 872.6
1101400 872.6
1101410 872.1
1101420 872.1
1101430 869.9
1101440 867.3
1101450 865.5
1101460 865.5
1101470 864.8
1101480 864.0
1101490 864.0
1101500 863.0
1101510 861.9
1101520 861.9
1101530 861.2
1101540 860.1
1101550 860.1
1101560 859.7
1101570 858.4
1101580 858.4
1101590 855.9
1101600 852.6
1101610 852.6
1101620 851.2
1101630 849.8
1101640 849.8
1101650 848.5
1101660 847.8
1101670 847.8
1101680 846.4
1101690 845.5
1101700 845.5
1101710 844.8
1101720 848.7
1101730 848.7
1101740 847.6
1101750 846.6
1101760 847.0
1101770 847.0
1101780 848.6
1101790 850.6
1101800 850.6
1101810 850.0
1101820 847.3
1101830 847.3
1101840 845.0
1101850 842.7
1101860 842.7
1101870 839.8
1101880 836.0
1101890 836.0
1101900 833.8
1101910 833.1
1101920 833.1
1101930 831.8
1101940 830.3
1101950 830.3
1101960 828.0
1101970 826.1
1101980 826.1
1101990 825.1
1102000 824.0
1102010 824.0
1102020 823.5
1102030 822.3
1102040 821.2
1102050 821.2
1102060 827.1
1102070 825.5
1102080 825.5
1102090 824.5
1102100 823.9
1102110 823.9
1102120 822.1
1102130 820.0
1102140 820.0
1102150 818.6
1102160 816.3
1102170 816.3
1102180 813.9
1102190 812.1
1102200 812.1
1102210 809.6
1102220 807.0
1102230 807.0
1102240 804.1
1102250 800.5
1102260 800.5
1102270 795.7
1102280 792.1
1102290 792.1
1102300 790.3
1102310 789.2
1102320 789.2
1102330 788.2
1102340 787.3
1102350 786.5
1102360 786.5
1102370 786.1
1102380 784.8
1102390 790.3
1102400 788.2
1102410 785.2
1102420 785.2
1102430 782.6
1102440 781.0
1102450 781.0
1102460 779.5
1102470 778.0
1102480 778.0
1102490 776.4
1102500 774.6
1102510 774.6
1102520 773.2
1102530 771.6
1102540 771.6
1102550 770.0
1102560 768.1
1102570 768.1
1102580 765.6
1102590 763.8
1102600 763.8
1102610 762.5
1102620 761.3
1102630 761.3
1102640 760.4
1102650 760.0
1102660 759.4
1102670 759.4
1102680 758.7
1102690 758.6
1102700 758.6
1102710 758.6
1102720 759.2
1102730 763.5
1102740 763.0
1102750 761.1
1102760 761.1
1102770 759.5
1102780 758.3
1102790 758.3
1102800 757.2
1102810 756.5
1102820 756.5
1102830 756.4
1102840 756.6
1102850 756.6
1102860 757.1
1102870 757.7
1102880 757.7
1102890 759.1
1102900 762.5
1102910 762.5
1102920 766.4
1102930 771.0
1102940 771.0
1102950 777.2
1102960 784.0
1102970 791.2
1102980 791.2
1102990 798.6
1103000 806.4
1103010 806.4
1103020 814.1
1103030 821.6
1103040 821.6
1103050 830.6
1103060 846.0
1103070 846.0
1103080 855.8
1103090 858.6
1103100 858.6
1103110 860.6
1103120 861.1
1103130 861.1
1103140 859.7
1103150 855.5
1103160 855.5
1103170 850.5
1103180 845.7
1103190 845.7
1103200 843.9
1103210 841.0
1103220 841.0
1103230 838.8
1103240 838.4
1103250 842.5
1103260 842.5
1103270 848.0
1103280 850.8
1103290 850.8
1103300 850.5
1103310 850.4
1103320 850.4
1103330 849.0
1103340 845.4
1103350 845.4
1103360 842.9
1103370 843.1
1103380 843.1
1103390 853.9
1103400 858.1
1103410 858.1
1103420 857.2
1103430 855.4
1103440 855.4
1103450 853.2
1103460 850.9
1103470 850.9
1103480 848.2
1103490 844.7
1103500 844.7
1103510 840.5
1103520 833.3
1103530 833.3
1103540 825.3
1103550 822.1
1103560 819.3
1103570 819.3
1103580 817.4
1103590 815.1
1103600 815.1
1103610 818.0
1103620 823.0
1103630 823.0
1103640 824.5
1103650 822.6
1103660 822.6
1103670 818.7
1103680 814.9
1103690 814.9
1103700 813.7
1103710 812.1
1103720 812.1
1103730 813.8
1103740 810.9
1103750 810.9
1103760 809.3
1103770 806.3
1103780 806.3
1103790 801.6
1103800 798.3
1103810 798.3
1103820 795.8
1103830 793.6
1103840 793.6
1103850 791.3
1103860 788.7
1103870 786.1
1103880 786.1
1103890 781.8
1103900 778.7
1103910 778.7
1103920 777.1
1103930 773.9
1103940 773.9
1103950 770.1
1103960 767.6
1103970 767.6
1103980 767.3
1103990 763.5
1104000 763.5
1104010 758.6
1104020 748.7
1104030 748.7
1104040 739.9
1104050 730.6
1104060 745.1
1104070 738.9
1104080 737.0
1104090 737.0
1104100 735.4
1104110 733.4
1104120 733.4
1104130 731.8
1104140 735.9
1104150 735.9
1104160 738.3
1104170 737.7
1104180 736.5
1104190 736.5
1104200 734.5
1104210 729.8
1104220 729.8
1104230 725.0
1104240 721.6
1104250 721.6
1104260 718.6
1104270 716.5
1104280 716.5
1104290 715.3
1104300 713.0
1104310 713.0
1104320 707.3
1104330 698.5
1104340 698.5
1104350 690.7
1104360 691.8
1104370 691.8
1104380 688.8
1104390 682.9
1104400 694.5
1104410 687.6
1104420 681.9
1104430 681.9
1104440 677.2
1104450 674.0
1104460 674.0
1104470 672.4
1104480 671.2
1104490 670.4
1104500 670.4
1104510 669.1
1104520 668.4
1104530 668.4
1104540 667.6
1104550 667.3
1104560 667.3
1104570 667.1
1104580 667.0
1104590 667.0
1104600 667.2
1104610 667.5
1104620 667.5
1104630 667.7
1104640 667.8
1104650 667.8
1104660 668.0
1104670 668.2
1104680 668.2
1104690 668.2
1104700 668.3
1104710 668.3
1104720 668.4
1104730 668.6
1104740 668.6
1104750 669.0
1104760 669.3
1104770 669.5
1104780 669.5
1104790 669.7
1104800 670.0
1104810 670.0
1104820 670.4
1104830 670.9
1104840 670.9
1104850 671.0
1104860 671.0
1104870 671.0
1104880 671.1
1104890 671.6
1104900 671.6
1104910 672.0
1104920 672.3
1104930 672.3
1104940 672.5
1104950 672.7
1104960 672.7
1104970 672.9
1104980 673.1
1104990 673.1
1105000 673.2
1105010 673.5
1105020 673.5
1105030 673.6
1105040 673.8
1105050 673.8
1105060 673.8
1105070 673.9
1105080 674.2
1105090 674.2
1105100 674.6
1105110 675.0
1105120 675.0
1105130 675.3
1105140 675.6
1105150 675.6
1105160 676.0
1105170 676.3
1105180 676.3
1105190 676.5
1105200 676.4
1105210 676.4
1105220 676.3
1105230 676.6
1105240 676.6
1105250 676.9
1105260 677.4
1105270 677.4
1105280 677.9
1105290 678.3
1105300 678.3
1105310 678.6
1105320 679.0
1105330 679.0
1105340 679.2
1105350 679.4
1105360 679.4
1105370 679.7
1105380 680.0
1105390 680.2
1105400 680.2
1105410 680.2
1105420 680.5
1105430 680.5
1105440 680.8
1105450 681.0
1105460 681.0
1105470 681.3
1105480 681.5
1105490 681.5
1105500 681.6
1105510 681.4
1105520 681.4
1105530 681.2
1105540 681.6
1105550 681.6
1105560 682.4
1105570 682.7
1105580 682.7
1105590 683.0
1105600 683.3
1105610 683.3
1105620 683.7
1105630 684.0
1105640 684.0
1105650 684.3
1105660 684.7
1105670 684.7
1105680 685.2
1105690 685.5
1105700 685.7
1105710 685.7
1105720 686.2
1105730 686.5
1105740 686.4
1105750 686.7
1105760 686.9
1105770 686.9
1105780 687.2
1105790 687.5
1105800 687.5
1105810 687.9
1105820 688.1
1105830 688.1
1105840 688.1
1105850 688.0
1105860 688.0
1105870 688.3
1105880 688.7
1105890 688.7
1105900 689.0
1105910 688.8
1105920 688.8
1105930 688.6
1105940 688.8
1105950 688.8
1105960 689.4
1105970 689.9
1105980 690.1
1105990 690.1
1106000 690.3
1106010 690.3
1106020 690.3
1106030 690.5
1106040 690.6
1106050 690.6
1106060 690.6
1106070 690.4
1106080 690.0
1106090 690.1
1106100 690.4
1106110 690.4
1106120 690.7
1106130 691.1
1106140 691.1
1106150 691.4
1106160 691.6
1106170 691.6
1106180 691.8
1106190 692.0
1106200 692.0
1106210 692.6
1106220 696.4
1106230 696.4
1106240 704.2
1106250 706.5
1106260 706.5
1106270 704.8
1106280 703.6
1106290 703.4
1106300 703.4
1106310 702.9
1106320 702.0
1106330 702.0
1106340 700.5
1106350 698.9
1106360 698.9
1106370 697.7
1106380 696.8
1106390 696.8
1106400 696.6
1106410 697.1
1106420 697.7
1106430 697.7
1106440 698.1
1106450 698.1
1106460 699.3
1106470 700.6
1106480 700.6
1106490 702.4
1106500 704.3
1106510 704.3
1106520 705.9
1106530 707.3
1106540 707.3
1106550 707.9
1106560 708.2
1106570 708.2
1106580 708.2
1106590 708.0
1106600 708.7
1106610 708.7
1106620 708.2
1106630 706.0
1106640 706.0
1106650 705.8
1106660 707.7
1106670 707.7
1106680 711.1
1106690 716.3
1106700 716.3
1106710 719.6
1106720 721.9
1106730 721.9
1106740 725.8
1106750 737.5
1106760 737.5
1106770 740.4
1106780 743.5
1106790 743.5
1106800 747.3
1106810 751.2
1106820 751.2
1106830 754.3
1106840 757.2
1106850 757.2
1106860 760.2
1106870 762.9
1106880 762.9
1106890 765.6
1106900 768.1
1106910 770.2
1106920 770.2
1106930 771.5
1106940 773.0
1106950 773.0
1106960 775.5
1106970 776.7
1106980 776.7
1106990 776.8
1107000 777.0
1107010 777.0
1107020 777.1
1107030 776.9
1107040 776.9
1107050 776.4
1107060 775.6
1107070 775.6
1107080 774.2
1107090 781.3
1107100 781.3
1107110 783.5
1107120 787.0
1107130 787.0
1107140 791.0
1107150 793.7
1107160 793.7
1107170 795.4
1107180 800.3
1107190 806.3
1107200 806.3
1107210 811.8
1107220 816.4
1107230 816.4
1107240 820.2
1107250 823.0
1107260 823.0
1107270 825.0
1107280 827.3
1107290 827.3
1107300 828.9
1107310 828.6
1107320 828.6
1107330 827.4
1107340 826.1
1107350 826.1
1107360 826.2
1107370 825.9
1107380 825.9
1107390 824.5
1107400 822.5
1107410 822.5
1107420 820.6
1107430 815.1
1107440 815.1
1107450 814.4
1107460 812.9
1107470 812.9
1107480 812.5
1107490 812.4
1107500 812.4
1107510 812.4
1107520 812.9
1107530 813.4
1107540 813.4
1107550 813.7
1107560 813.9
1107570 813.9
1107580 814.2
1107590 814.2
1107600 814.2
1107610 815.1
1107620 816.3
1107630 816.3
1107640 817.8
1107650 819.4
1107660 819.4
1107670 821.3
1107680 823.1
1107690 823.1
1107700 824.4
1107710 826.7
1107720 826.7
1107730 829.7
1107740 831.9
1107750 831.9
1107760 832.3
1107770 835.3
1107780 835.3
1107790 837.3
1107800 837.8
1107810 836.9
1107820 836.9
1107830 836.9
1107840 838.8
1107850 838.8
1107860 841.1
1107870 843.4
1107880 843.4
1107890 846.2
1107900 848.4
1107910 848.4
1107920 850.2
1107930 852.3
1107940 852.3
1107950 854.5
1107960 856.7
1107970 856.7
1107980 858.9
1107990 861.1
1108000 861.1
1108010 863.3
1108020 865.6
1108030 865.6
1108040 868.1
1108050 870.9
1108060 870.9
1108070 874.5
1108080 877.7
1108090 877.7
1108100 881.3
1108110 878.4
1108120 878.7
1108130 878.7
1108140 879.8
1108150 881.7
1108160 881.7
1108170 884.2
1108180 886.1
1108190 886.1
1108200 889.3
1108210 891.1
1108220 891.1
1108230 893.2
1108240 895.8
1108250 895.8
1108260 900.4
1108270 905.0
1108280 905.0
1108290 908.1
1108300 909.5
1108310 909.5
1108320 912.3
1108330 916.4
1108340 916.4
1108350 919.5
1108360 923.5
1108370 923.5
1108380 925.6
1108390 927.2
1108400 929.9
1108410 929.9
1108420 931.4
1108430 933.4
1108440 933.4
1108450 943.5
1108460 949.9
1108470 949.9
1108480 954.7
1108490 959.3
1108500 959.3
1108510 962.8
1108520 965.7
1108530 965.7
1108540 969.2
1108550 973.5
1108560 973.5
1108570 979.0
1108580 985.3
1108590 985.3
1108600 991.4
1108610 997.4
1108620 997.4
1108630 1003.0
1108640 1006.4
1108650 1006.4
1108660 1009.0
1108670 1011.6
1108680 1011.6
1108690 1014.2
1108700 1016.9
1108710 1018.9
1108720 1018.9
1108730 1021.4
1108740 1023.9
1108750 1023.9
1108760 1026.4
1108770 1029.4
1108780 1029.4
1108790 1033.1
1108800 1036.8
1108810 1036.8
1108820 1040.2
1108830 1043.8
1108840 1043.8
1108850 1047.9
1108860 1051.9
1108870 1051.9
1108880 1056.8
1108890 1063.3
1108900 1063.3
1108910 1068.1
1108920 1074.3
1108930 1074.3
1108940 1078.7
1108950 1082.5
1108960 1082.5
1108970 1086.0
1108980 1089.8
1108990 1089.8
1109000 1093.2
1109010 1096.7
1109020 1100.2
1109030 1100.2
1109040 1103.5
1109050 1106.7
1109060 1106.7
1109070 1109.7
1109080 1113.6
1109090 1113.6
1109100 1116.0
1109110 1118.7
1109120 1118.7
1109130 1124.6
1109140 1128.0
1109150 1128.0
1109160 1131.4
1109170 1134.3
1109180 1134.3
1109190 1138.3
1109200 1140.9
1109210 1140.9
1109220 1143.0
1109230 1144.7
1109240 1144.7
1109250 1146.3
1109260 1149.9
1109270 1149.9
1109280 1152.5
1109290 1153.9
1109300 1153.9
1109310 1155.0
1109320 1156.0
1109330 1157.0
1109340 1157.0
1109350 1156.1
1109360 1155.6
1109370 1155.6
1109380 1154.7
1109390 1153.8
1109400 1153.8
1109410 1154.7
1109420 1155.1
1109430 1155.1
1109440 1159.5
1109450 1160.9
1109460 1160.9
1109470 1175.9
1109480 1178.9
1109490 1178.9
1109500 1182.0
1109510 1185.1
1109520 1185.1
1109530 1185.6
1109540 1185.2
1109550 1185.2
1109560 1185.1
1109570 1185.6
1109580 1185.6
1109590 1187.3
1109600 1189.5
1109610 1191.4
1109620 1191.4
1109630 1192.7
1109640 1193.6
1109650 1193.6
1109660 1193.0
1109670 1190.4
1109680 1190.4
1109690 1187.6
1109700 1196.8
1109710 1196.8
1109720 1199.3
1109730 1199.8
1109740 1199.8
1109750 1197.4
1109760 1190.3
1109770 1190.3
1109780 1194.7
1109790 1197.5
1109800 1197.5
1109810 1218.7
1109820 1220.1
1109830 1220.1
1109840 1220.2
1109850 1224.1
1109860 1224.1
1109870 1229.7
1109880 1231.5
1109890 1231.5
1109900 1233.5
1109910 1233.8
1109920 1235.1
1109930 1235.1
1109940 1233.6
1109950 1225.9
1109960 1225.9
1109970 1237.8
1109980 1246.6
1109990 1246.6
1110000 1252.6
1110010 1255.4
1110020 1255.4
1110030 1255.2
1110040 1251.2
1110050 1251.2
1110060 1242.3
1110070 1231.9
1110080 1231.9
1110090 1231.6
1110100 1237.8
1110110 1237.8
1110120 1245.1
1110130 1249.5
1110140 1249.5
1110150 1268.6
1110160 1276.1
1110170 1276.1
1110180 1284.3
1110190 1289.5
1110200 1289.5
1110210 1293.0
1110220 1294.8
1110230 1298.2
1110240 1298.2
1110250 1302.0
1110260 1306.9
1110270 1306.9
1110280 1310.5
1110290 1312.7
1110300 1312.7
1110310 1315.0
1110320 1317.7
1110330 1317.7
1110340 1319.4
1110350 1325.7
1110360 1325.7
1110370 1322.7
1110380 1321.9
1110390 1321.9
1110400 1331.5
1110410 1339.2
1110420 1339.2
1110430 1344.5
1110440 1345.9
1110450 1345.9
1110460 1347.8
1110470 1350.2
1110480 1350.2
1110490 1362.9
1110500 1366.7
1110510 1366.7
1110520 1368.0
1110530 1370.0
1110540 1373.4
1110550 1373.4
1110560 1376.2
1110570 1378.7
1110580 1378.7
1110590 1380.9
1110600 1382.7
1110610 1382.7
1110620 1383.0
1110630 1385.0
1110640 1385.0
1110650 1390.3
1110660 1395.8
1110670 1395.8
1110680 1398.4
1110690 1397.8
1110700 1397.8
1110710 1403.2
1110720 1409.0
1110730 1409.0
1110740 1410.8
1110750 1409.3
1110760 1409.3
1110770 1396.1
1110780 1382.6
1110790 1382.6
1110800 1365.8
1110810 1350.9
1110820 1330.6
1110830 1323.8
1110840 1311.8
1110850 1303.4
1110860 1303.4
1110870 1296.3
1110880 1289.7
1110890 1289.7
1110900 1282.4
1110910 1275.7
1110920 1275.7
1110930 1270.5
1110940 1265.7
1110950 1265.7
1110960 1260.9
1110970 1255.9
1110980 1255.9
1110990 1250.8
1111000 1246.3
1111010 1246.3
1111020 1242.2
1111030 1238.6
1111040 1238.6
1111050 1235.0
1111060 1231.8
1111070 1231.8
1111080 1229.2
1111090 1227.7
1111100 1227.7
1111110 1227.4
1111120 1227.9
1111130 1227.4
1111140 1227.4
1111150 1227.0
1111160 1227.3
1111170 1231.7
1111180 1235.9
1111190 1240.0
1111200 1240.0
1111210 1245.9
1111220 1250.0
1111230 1250.0
1111240 1251.9
1111250 1252.6
1111260 1252.6
1111270 1253.3
1111280 1254.3
1111290 1254.3
1111300 1257.4
1111310 1261.1
1111320 1261.1
1111330 1263.2
1111340 1259.6
1111350 1259.6
1111360 1248.5
1111370 1239.8
1111380 1239.8
1111390 1228.6
1111400 1224.9
1111410 1224.9
1111420 1230.2
1111430 1232.1
1111440 1237.2
1111450 1237.2
1111460 1243.2
1111470 1246.5
1111480 1246.5
1111490 1249.5
1111500 1253.5
1111510 1260.0
1111520 1262.6
1111530 1265.2
1111540 1265.2
1111550 1268.0
1111560 1270.5
1111570 1270.5
1111580 1272.5
1111590 1275.1
1111600 1275.1
1111610 1279.1
1111620 1282.5
1111630 1282.5
1111640 1283.4
1111650 1285.1
1111660 1285.1
1111670 1287.8
1111680 1291.0
1111690 1291.0
1111700 1292.6
1111710 1294.2
1111720 1294.2
1111730 1296.9
1111740 1300.8
1111750 1306.5
1111760 1306.5
1111770 1312.5
1111780 1318.2
1111790 1318.2
1111800 1322.9
1111810 1323.1
1111820 1323.1
1111830 1318.8
1111840 1315.3
1111850 1320.0
1111860 1316.3
1111870 1313.4
1111880 1313.4
1111890 1310.8
1111900 1305.8
1111910 1305.8
1111920 1300.1
1111930 1295.7
1111940 1295.7
1111950 1291.9
1111960 1288.3
1111970 1288.3
1111980 1284.9
1111990 1282.6
1112000 1282.6
1112010 1280.3
1112020 1277.8
1112030 1274.6
1112040 1274.6
1112050 1270.6
1112060 1271.1
1112070 1271.1
1112080 1271.6
1112090 1271.1
1112100 1271.1
1112110 1271.6
1112120 1272.4
1112130 1272.4
1112140 1272.3
1112150 1271.2
1112160 1271.2
1112170 1268.3
1112180 1269.3
1112190 1269.3
1112200 1273.9
1112210 1275.2
1112220 1275.2
1112230 1275.8
1112240 1279.0
1112250 1279.0
1112260 1282.1
1112270 1284.4
1112280 1284.4
1112290 1286.4
1112300 1288.0
1112310 1288.0
1112320 1290.2
1112330 1293.1
1112340 1295.7
1112350 1295.7
1112360 1298.5
1112370 1302.8
1112380 1302.8
1112390 1309.2
1112400 1314.7
1112410 1314.7
1112420 1318.5
1112430 1322.0
1112440 1322.0
1112450 1326.7
1112460 1333.1
1112470 1333.1
1112480 1339.1
1112490 1344.1
1112500 1344.1
1112510 1345.0
1112520 1346.0
1112530 1346.0
1112540 1353.1
1112550 1355.8
1112560 1355.8
1112570 1357.0
1112580 1358.5
1112590 1358.5
1112600 1360.5
1112610 1362.0
1112620 1362.0
1112630 1364.6
1112640 1367.3
1112650 1369.8
1112660 1369.8
1112670 1371.9
1112680 1373.0
1112690 1373.0
1112700 1372.9
1112710 1374.2
1112720 1374.2
1112730 1377.1
1112740 1379.9
1112750 1379.9
1112760 1381.2
1112770 1382.8
1112780 1382.8
1112790 1383.5
1112800 1383.9
1112810 1383.9
1112820 1385.1
1112830 1386.7
1112840 1386.7
1112850 1387.8
1112860 1389.5
1112870 1389.5
1112880 1401.7
1112890 1401.5
1112900 1401.5
1112910 1398.2
1112920 1395.9
1112930 1395.9
1112940 1391.5
1112950 1384.8
1112960 1379.2
1112970 1379.2
1112980 1374.6
1112990 1369.5
1113000 1369.5
1113010 1366.1
1113020 1364.6
1113030 1364.6
1113040 1364.5
1113050 1367.3
1113060 1367.3
1113070 1368.3
1113080 1367.7
1113090 1367.7
1113100 1366.6
1113110 1362.5
1113120 1362.5
1113130 1357.3
1113140 1352.3
1113150 1352.3
1113160 1354.6
1113170 1358.9
1113180 1358.9
1113190 1361.0
1113200 1359.2
1113210 1359.2
1113220 1370.3
1113230 1373.3
1113240 1371.9
1113250 1371.9
1113260 1370.9
1113270 1372.0
1113280 1372.0
1113290 1371.8
1113300 1370.0
1113310 1370.0
1113320 1369.0
1113330 1368.7
1113340 1368.7
1113350 1369.1
1113360 1371.3
1113370 1371.3
1113380 1371.6
1113390 1371.1
1113400 1371.1
1113410 1369.6
1113420 1366.9
1113430 1366.9
1113440 1361.8
1113450 1359.3
1113460 1359.3
1113470 1357.1
1113480 1356.0
1113490 1356.0
1113500 1357.4
1113510 1355.8
1113520 1355.8
1113530 1360.8
1113540 1366.6
1113550 1369.7
1113560 1369.7
1113570 1376.2
1113580 1378.6
1113590 1378.6
1113600 1381.3
1113610 1383.5
1113620 1383.5
1113630 1385.3
1113640 1387.5
1113650 1387.5
1113660 1390.9
1113670 1394.6
1113680 1394.6
1113690 1398.2
1113700 1402.0
1113710 1402.0
1113720 1404.5
1113730 1406.1
1113740 1406.1
1113750 1408.0
1113760 1410.4
1113770 1410.4
1113780 1412.6
1113790 1413.9
1113800 1413.9
1113810 1412.8
1113820 1410.2
1113830 1410.2
1113840 1407.2
1113850 1405.5
1113860 1404.2
1113870 1404.2
1113880 1402.4
1113890 1401.2
1113900 1401.2
1113910 1407.0
1113920 1405.9
1113930 1405.9
1113940 1404.4
1113950 1403.6
1113960 1403.6
1113970 1403.5
1113980 1403.3
1113990 1403.3
1114000 1402.5
1114010 1400.3
1114020 1400.3
1114030 1397.0
1114040 1393.8
1114050 1393.8
1114060 1390.3
1114070 1386.4
1114080 1386.4
1114090 1382.6
1114100 1377.4
1114110 1377.4
1114120 1372.3
1114130 1368.1
1114140 1368.1
1114150 1365.8
1114160 1364.0
1114170 1362.5
1114180 1362.5
1114190 1359.9
1114200 1356.8
1114210 1356.8
1114220 1354.6
1114230 1352.2
1114240 1352.2
1114250 1348.7
1114260 1352.0
1114270 1352.0
1114280 1348.6
1114290 1344.1
1114300 1344.1
1114310 1339.7
1114320 1337.7
1114330 1337.7
1114340 1336.1
1114350 1335.4
1114360 1335.4
1114370 1334.6
1114380 1333.3
1114390 1333.3
1114400 1333.1
1114410 1333.1
1114420 1333.1
1114430 1334.5
1114440 1336.5
1114450 1337.4
1114460 1337.4
1114470 1339.4
1114480 1342.2
1114490 1342.2
1114500 1345.2
1114510 1349.0
1114520 1349.0
1114530 1354.2
1114540 1359.5
1114550 1359.5
1114560 1365.2
1114570 1371.0
1114580 1371.0
1114590 1376.6
1114600 1387.8
1114610 1387.8
1114620 1394.1
1114630 1401.9
1114640 1401.9
1114650 1418.8
1114660 1441.0
1114670 1441.0
1114680 1452.8
1114690 1459.4
1114700 1459.4
1114710 1463.3
1114720 1462.8
1114730 1462.8
1114740 1462.6
1114750 1461.1
1114760 1456.7
1114770 1456.7
1114780 1450.4
1114790 1439.7
1114800 1439.7
1114810 1408.1
1114820 1388.3
1114830 1388.3
1114840 1380.9
1114850 1370.0
1114860 1370.0
1114870 1362.6
1114880 1355.1
1114890 1355.1
1114900 1348.2
1114910 1340.9
1114920 1340.9
1114930 1334.0
1114940 1327.6
1114950 1330.0
1114960 1329.0
1114970 1324.7
1114980 1324.7
1114990 1321.2
1115000 1321.4
1115010 1321.4
1115020 1321.8
1115030 1321.3
1115040 1321.3
1115050 1317.4
1115060 1306.4
1115070 1296.4
1115080 1296.4
1115090 1292.1
1115100 1292.2
1115110 1292.2
1115120 1292.1
1115130 1292.6
1115140 1292.6
1115150 1291.3
1115160 1288.8
1115170 1288.8
1115180 1286.7
1115190 1283.6
1115200 1283.6
1115210 1280.3
1115220 1273.9
1115230 1273.9
1115240 1261.8
1115250 1235.8
1115260 1235.8
1115270 1216.0
1115280 1207.0
1115290 1207.7
1115300 1201.2
1115310 1193.3
1115320 1193.3
1115330 1196.9
1115340 1198.2
1115350 1198.2
1115360 1199.4
1115370 1202.0
1115380 1203.8
1115390 1203.8
1115400 1205.1
1115410 1205.7
1115420 1205.7
1115430 1206.2
1115440 1207.1
1115450 1207.1
1115460 1208.0
1115470 1208.8
1115480 1208.8
1115490 1209.6
1115500 1210.5
1115510 1210.5
1115520 1211.6
1115530 1213.1
1115540 1213.1
1115550 1214.9
1115560 1216.6
1115570 1216.6
1115580 1218.3
1115590 1220.0
1115600 1220.0
1115610 1221.4
1115620 1223.0
1115630 1223.0
1115640 1227.9
1115650 1230.5
1115660 1233.5
1115670 1233.5
1115680 1237.2
1115690 1241.2
1115700 1241.2
1115710 1245.2
1115720 1248.2
1115730 1248.2
1115740 1251.8
1115750 1256.4
1115760 1256.4
1115770 1260.9
1115780 1265.6
1115790 1265.6
1115800 1270.5
1115810 1274.7
1115820 1274.7
1115830 1279.1
1115840 1282.9
1115850 1282.9
1115860 1286.2
1115870 1288.4
1115880 1288.4
1115890 1290.7
1115900 1294.8
1115910 1294.8
1115920 1300.8
1115930 1307.3
1115940 1307.3
1115950 1314.6
1115960 1322.4
1115970 1329.2
1115980 1332.1
1115990 1338.2
1116000 1342.8
1116010 1342.8
1116020 1348.9
1116030 1361.9
1116040 1361.9
1116050 1375.7
1116060 1375.1
1116070 1375.1
1116080 1375.7
1116090 1382.2
1116100 1382.2
1116110 1385.0
1116120 1388.9
1116130 1388.9
1116140 1396.8
1116150 1404.8
1116160 1404.8
1116170 1417.4
1116180 1429.9
1116190 1429.9
1116200 1428.4
1116210 1423.9
1116220 1423.9
1116230 1420.2
1116240 1417.7
1116250 1417.7
1116260 1415.4
1116270 1413.3
1116280 1410.8
1116290 1410.8
1116300 1408.3
1116310 1406.4
1116320 1406.4
1116330 1401.5
1116340 1399.2
1116350 1399.2
1116360 1397.9
1116370 1397.3
1116380 1397.3
1116390 1396.3
1116400 1393.0
1116410 1393.0
1116420 1388.6
1116430 1383.4
1116440 1383.4
1116450 1378.2
1116460 1373.3
1116470 1373.3
1116480 1367.5
1116490 1362.5
1116500 1362.5
1116510 1358.9
1116520 1353.8
1116530 1353.8
1116540 1348.1
1116550 1343.1
1116560 1337.8
1116570 1337.8
1116580 1332.9
1116590 1328.2
1116600 1328.2
1116610 1323.5
1116620 1320.1
1116630 1320.1
1116640 1317.0
1116650 1313.9
1116660 1313.9
1116670 1311.4
1116680 1312.8
1116690 1312.8
1116700 1310.3
1116710 1308.8
1116720 1308.8
1116730 1308.8
1116740 1309.0
1116750 1309.0
1116760 1308.0
1116770 1309.0
1116780 1309.0
1116790 1310.3
1116800 1310.3
1116810 1310.3
1116820 1308.1
1116830 1304.9
1116840 1304.9
1116850 1305.1
1116860 1305.3
1116870 1305.7
1116880 1305.7
1116890 1306.8
1116900 1310.3
1116910 1310.3
1116920 1316.8
1116930 1323.7
1116940 1323.7
1116950 1330.2
1116960 1336.2
1116970 1336.2
1116980 1340.8
1116990 1348.0
1117000 1348.0
1117010 1355.9
1117020 1367.7
1117030 1367.7
1117040 1372.4
1117050 1377.1
1117060 1377.1
1117070 1380.1
1117080 1382.4
1117090 1382.4
1117100 1385.9
1117110 1388.7
1117120 1388.7
1117130 1390.7
1117140 1391.9
1117150 1391.9
1117160 1393.9
1117170 1395.6
1117180 1397.8
1117190 1397.8
1117200 1400.9
1117210 1403.5
1117220 1403.5
1117230 1406.8
1117240 1411.1
1117250 1411.1
1117260 1417.2
1117270 1424.2
1117280 1424.2
1117290 1440.9
1117300 1457.7
1117310 1457.7
1117320 1468.2
1117330 1477.0
1117340 1477.0
1117350 1486.9
1117360 1497.2
1117370 1496.8
1117380 1505.0
1117390 1513.0
1117400 1513.0
1117410 1521.2
1117420 1529.9
1117430 1529.9
1117440 1537.6
1117450 1542.9
1117460 1542.9
1117470 1550.1
1117480 1551.0
1117490 1536.4
1117500 1536.4
1117510 1522.3
1117520 1514.4
1117530 1514.4
1117540 1489.7
1117550 1449.4
1117560 1449.4
1117570 1413.3
1117580 1392.9
1117590 1392.9
1117600 1386.1
1117610 1378.6
1117620 1378.6
1117630 1371.8
1117640 1367.8
1117650 1367.8
1117660 1366.3
1117670 1364.0
1117680 1364.0
1117690 1362.3
1117700 1360.4
1117710 1360.4
1117720 1362.4
1117730 1357.8
1117740 1357.8
1117750 1354.7
1117760 1350.0
1117770 1345.2
1117780 1345.2
1117790 1341.6
1117800 1337.7
1117810 1337.7
1117820 1334.4
1117830 1331.4
1117840 1331.4
1117850 1329.3
1117860 1327.5
1117870 1327.5
1117880 1324.6
1117890 1322.4
1117900 1322.4
1117910 1321.5
1117920 1320.7
1117930 1320.7
1117940 1320.6
1117950 1321.1
1117960 1321.1
1117970 1321.2
1117980 1320.2
1117990 1320.2
1118000 1318.9
1118010 1317.2
1118020 1317.2
1118030 1315.6
1118040 1313.9
1118050 1313.9
1118060 1316.7
1118070 1314.6
1118080 1312.8
1118090 1312.8
1118100 1309.7
1118110 1306.0
1118120 1306.0
1118130 1298.3
1118140 1290.6
1118150 1290.6
1118160 1285.7
1118170 1281.3
1118180 1281.3
1118190 1275.3
1118200 1269.4
1118210 1269.4
1118220 1265.9
1118230 1262.7
1118240 1262.7
1118250 1257.1
1118260 1252.7
1118270 1252.7
1118280 1250.1
1118290 1247.4
1118300 1247.4
1118310 1244.5
1118320 1240.7
1118330 1240.7
1118340 1236.2
1118350 1232.3
1118360 1232.3
1118370 1229.1
1118380 1225.3
1118390 1220.5
1118400 1220.5
1118410 1215.5
1118420 1210.6
1118430 1210.6
1118440 1206.9
1118450 1204.5
1118460 1204.5
1118470 1203.0
1118480 1202.3
1118490 1202.3
1118500 1200.5
1118510 1198.3
1118520 1198.3
1118530 1195.2
1118540 1191.7
1118550 1191.7
1118560 1188.5
1118570 1185.7
1118580 1185.7
1118590 1181.6
1118600 1182.2
1118610 1182.2
1118620 1183.6
1118630 1181.8
1118640 1181.8
1118650 1174.9
1118660 1168.7
1118670 1168.7
1118680 1164.3
1118690 1160.1
1118700 1155.8
1118710 1155.8
1118720 1152.1
1118730 1147.9
1118740 1147.9
1118750 1142.4
1118760 1141.6
1118770 1141.6
1118780 1140.6
1118790 1136.2
1118800 1136.2
1118810 1128.4
1118820 1127.7
1118830 1127.7
1118840 1132.6
1118850 1134.1
1118860 1134.1
1118870 1135.5
1118880 1138.2
1118890 1138.2
1118900 1141.4
1118910 1145.4
1118920 1145.4
1118930 1150.0
1118940 1154.7
1118950 1154.7
1118960 1158.6
1118970 1162.8
1118980 1166.8
1118990 1166.8
1119000 1170.3
1119010 1173.0
1119020 1173.0
1119030 1175.8
1119040 1179.2
1119050 1179.2
1119060 1181.7
1119070 1183.0
1119080 1183.0
1119090 1185.5
1119100 1188.4
1119110 1187.3
1119120 1189.4
1119130 1191.5
1119140 1191.5
1119150 1193.9
1119160 1197.2
1119170 1197.2
1119180 1201.1
1119190 1205.1
1119200 1205.1
1119210 1210.0
1119220 1213.1
1119230 1213.1
1119240 1215.2
1119250 1219.9
1119260 1219.9
1119270 1222.5
1119280 1223.8
1119290 1225.2
1119300 1225.2
1119310 1227.2
1119320 1230.4
1119330 1230.4
1119340 1234.6
1119350 1237.1
1119360 1237.1
1119370 1239.2
1119380 1241.4
1119390 1241.4
1119400 1243.4
1119410 1245.9
1119420 1245.9
1119430 1247.3
1119440 1249.1
1119450 1249.1
1119460 1251.8
1119470 1256.1
1119480 1256.1
1119490 1260.9
1119500 1264.1
1119510 1264.1
1119520 1266.1
1119530 1268.7
1119540 1268.7
1119550 1271.9
1119560 1276.4
1119570 1276.4
1119580 1281.5
1119590 1285.4
1119600 1290.4
1119610 1290.4
1119620 1295.2
1119630 1299.2
1119640 1299.2
1119650 1304.3
1119660 1309.7
1119670 1309.7
1119680 1314.1
1119690 1318.8
1119700 1318.8
1119710 1321.6
1119720 1324.5
1119730 1324.5
1119740 1328.5
1119750 1331.3
1119760 1331.3
1119770 1333.0
1119780 1334.2
1119790 1334.2
1119800 1334.1
1119810 1339.0
1119820 1339.0
1119830 1340.3
1119840 1341.9
1119850 1341.9
1119860 1343.4
1119870 1344.9
1119880 1346.2
1119890 1346.2
1119900 1346.8
1119910 1347.3
1119920 1347.3
1119930 1348.8
1119940 1350.5
1119950 1350.5
1119960 1351.9
1119970 1353.0
1119980 1353.0
1119990 1354.1
