1100000 655.4
1100010 655.9
1100020 656.2
1100030 656.2
1100040 655.9
1100050 658.9
1100060 658.9
1100070 666.7
1100080 673.1
1100090 673.1
1100100 675.8
1100110 678.9
1100120 678.9
1100130 681.5
1100140 681.6
1100150 681.6
1100160 680.2
1100170 680.6
1100180 680.6
1100190 683.0
1100200 686.7
1100210 686.7
1100220 691.4
1100230 696.0
1100240 699.6
1100250 699.6
1100260 702.5
1100270 705.2
1100280 705.2
1100290 707.2
1100300 708.7
1100310 708.7
1100320 709.4
1100330 710.4
1100340 710.4
1100350 711.4
1100360 711.9
1100370 711.9
1100380 712.4
1100390 712.7
1100400 712.7
1100410 712.9
1100420 713.4
1100430 713.4
1100440 713.8
1100450 713.6
1100460 713.6
1100470 712.7
1100480 711.5
1100490 714.9
1100500 713.7
1100510 712.1
1100520 712.1
1100530 710.8
1100540 709.9
1100550 709.3
1100560 709.3
1100570 708.9
1100580 708.9
1100590 708.9
1100600 709.1
1100610 709.5
1100620 709.5
1100630 709.9
1100640 710.5
1100650 710.5
1100660 711.4
1100670 711.8
1100680 711.8
1100690 712.1
1100700 713.2
1100710 713.2
1100720 714.3
1100730 715.5
1100740 715.5
1100750 717.1
1100760 718.4
1100770 718.4
1100780 719.8
1100790 721.9
1100800 721.9
1100810 724.0
1100820 729.3
1100830 730.3
1100840 730.3
1100850 731.8
1100860 733.9
1100870 733.9
1100880 736.4
1100890 739.2
1100900 739.2
1100910 741.4
1100920 742.8
1100930 742.8
1100940 741.2
1100950 739.4
1100960 739.4
1100970 739.0
1100980 739.1
1100990 739.1
1101000 739.4
1101010 738.6
1101020 738.6
1101030 737.1
1101040 738.0
1101050 738.0
1101060 739.0
1101070 739.4
1101080 739.4
1101090 739.2
1101100 739.8
1101110 739.8
1101120 740.0
1101130 742.4
1101140 745.3
1101150 745.3
1101160 752.5
1101170 752.2
1101180 752.2
1101190 750.8
1101200 746.6
1101210 746.6
1101220 742.0
1101230 737.4
1101240 737.4
1101250 736.7
1101260 740.4
1101270 740.4
1101280 739.7
1101290 740.1
1101300 740.1
1101310 738.6
1101320 734.9
1101330 734.9
1101340 730.1
1101350 728.9
1101360 728.9
1101370 728.7
1101380 728.8
1101390 728.8
1101400 727.3
1101410 725.0
1101420 725.0
1101430 721.8
1101440 720.9
1101450 719.1
1101460 719.1
1101470 717.2
1101480 716.7
1101490 723.1
1101500 722.0
1101510 722.0
1101520 722.0
1101530 723.5
1101540 723.1
1101550 723.1
1101560 726.1
1101570 729.9
1101580 729.9
1101590 732.9
1101600 732.9
1101610 732.9
1101620 727.4
1101630 725.6
1101640 725.6
1101650 726.2
1101660 727.4
1101670 727.4
1101680 729.2
1101690 733.0
1101700 733.0
1101710 737.4
1101720 739.4
1101730 739.4
1101740 740.0
1101750 740.6
1101760 740.6
1101770 740.6
1101780 739.7
1101790 738.3
1101800 738.3
1101810 737.4
1101820 741.0
1101830 741.0
1101840 740.4
1101850 739.5
1101860 739.5
1101870 738.6
1101880 737.2
1101890 737.2
1101900 734.3
1101910 729.0
1101920 729.0
1101930 724.9
1101940 725.8
1101950 725.8
1101960 724.3
1101970 721.2
1101980 721.2
1101990 727.7
1102000 732.4
1102010 732.4
1102020 733.5
1102030 734.0
1102040 734.0
1102050 727.4
1102060 732.3
1102070 733.0
1102080 733.0
1102090 732.4
1102100 731.1
1102110 731.1
1102120 730.2
1102130 729.0
1102140 729.0
1102150 724.9
1102160 722.4
1102170 722.4
1102180 710.3
1102190 716.6
1102200 716.6
1102210 717.5
1102220 717.8
1102230 717.8
1102240 716.0
1102250 714.4
1102260 714.4
1102270 712.7
1102280 706.5
1102290 706.5
1102300 701.8
1102310 704.6
1102320 704.6
1102330 699.7
1102340 695.0
1102350 695.0
1102360 694.6
1102370 689.7
1102380 684.2
1102390 684.2
1102400 683.6
1102410 680.7
1102420 680.7
1102430 679.7
1102440 676.2
1102450 676.2
1102460 668.8
1102470 662.5
1102480 662.5
1102490 662.1
1102500 660.3
1102510 660.3
1102520 660.8
1102530 660.1
1102540 660.1
1102550 659.0
1102560 658.5
1102570 658.5
1102580 658.0
1102590 657.1
1102600 657.1
1102610 656.2
1102620 655.2
1102630 655.2
1102640 655.3
1102650 654.9
1102660 654.3
1102670 654.3
1102680 654.0
1102690 655.0
1102700 655.0
1102710 654.7
1102720 653.9
1102730 653.9
1102740 653.0
1102750 653.3
1102760 653.3
1102770 652.3
1102780 652.0
1102790 652.0
1102800 652.2
1102810 652.1
1102820 652.3
1102830 652.3
1102840 652.3
1102850 652.3
1102860 652.5
1102870 652.7
1102880 652.7
1102890 652.8
1102900 652.8
1102910 652.8
1102920 652.8
1102930 652.9
1102940 652.9
1102950 653.0
1102960 653.0
1102970 653.2
1102980 653.2
1102990 653.4
1103000 653.6
1103010 653.6
1103020 653.8
1103030 653.9
1103040 653.9
1103050 654.0
1103060 654.2
1103070 654.2
1103080 654.2
1103090 654.3
1103100 654.3
1103110 654.5
1103120 654.7
1103130 654.7
1103140 654.8
1103150 655.1
1103160 655.2
1103170 654.9
1103180 654.9
1103190 654.9
1103200 654.9
1103210 655.0
1103220 655.0
1103230 655.1
1103240 655.2
1103250 655.2
1103260 655.2
1103270 655.3
1103280 655.4
1103290 655.4
1103300 655.5
1103310 655.6
1103320 655.6
1103330 655.6
1103340 655.7
1103350 655.7
1103360 655.7
1103370 655.8
1103380 655.8
1103390 655.8
1103400 656.0
1103410 656.0
1103420 656.3
1103430 656.5
1103440 656.5
1103450 656.5
1103460 656.5
1103470 656.5
1103480 656.6
1103490 656.8
1103500 656.8
1103510 656.9
1103520 656.9
1103530 656.9
1103540 657.0
1103550 657.1
1103560 657.1
1103570 657.1
1103580 657.3
1103590 657.5
1103600 657.5
1103610 657.6
1103620 657.6
1103630 657.6
1103640 657.7
1103650 657.9
1103660 657.9
1103670 658.0
1103680 658.0
1103690 658.0
1103700 658.1
1103710 658.1
1103720 658.1
1103730 658.2
1103740 658.3
1103750 658.3
1103760 658.4
1103770 658.5
1103780 658.5
1103790 658.6
1103800 658.7
1103810 658.7
1103820 658.8
1103830 659.0
1103840 659.0
1103850 659.2
1103860 659.3
1103870 659.3
1103880 659.5
1103890 659.6
1103900 659.8
1103910 659.8
1103920 659.8
1103930 660.0
1103940 660.0
1103950 660.2
1103960 660.5
1103970 660.5
1103980 660.6
1103990 660.7
1104000 660.7
1104010 660.8
1104020 660.8
1104030 660.8
1104040 660.9
1104050 661.1
1104060 661.1
1104070 661.2
1104080 661.3
1104090 661.3
1104100 661.4
1104110 661.6
1104120 661.6
1104130 661.7
1104140 661.9
1104150 661.9
1104160 661.9
1104170 662.1
1104180 662.3
1104190 662.3
1104200 662.4
1104210 662.5
1104220 662.5
1104230 662.7
1104240 662.8
1104250 662.8
1104260 663.0
1104270 663.2
1104280 663.2
1104290 663.5
1104300 663.7
1104310 663.7
1104320 663.9
1104330 664.1
1104340 664.1
1104350 664.3
1104360 664.3
1104370 664.3
1104380 664.4
1104390 664.4
1104400 664.4
1104410 664.4
1104420 664.5
1104430 664.5
1104440 664.8
1104450 665.2
1104460 665.2
1104470 665.6
1104480 665.7
1104490 665.9
1104500 666.1
1104510 666.2
1104520 666.2
1104530 666.2
1104540 666.3
1104550 666.6
1104560 666.6
1104570 667.0
1104580 667.4
1104590 667.4
1104600 667.6
1104610 667.8
1104620 667.8
1104630 668.0
1104640 668.2
1104650 668.2
1104660 668.4
1104670 668.6
1104680 668.6
1104690 668.9
1104700 669.5
1104710 669.5
1104720 669.8
1104730 670.1
1104740 670.1
1104750 670.5
1104760 670.9
1104770 670.9
1104780 671.2
1104790 671.5
1104800 671.9
1104810 671.9
1104820 672.3
1104830 672.4
1104840 672.4
1104850 672.8
1104860 673.1
1104870 673.1
1104880 673.5
1104890 673.6
1104900 673.6
1104910 673.5
1104920 673.9
1104930 673.9
1104940 674.4
1104950 674.9
1104960 674.9
1104970 675.2
1104980 675.6
1104990 675.6
1105000 676.1
1105010 676.5
1105020 676.5
1105030 676.6
1105040 676.6
1105050 676.6
1105060 676.6
1105070 676.7
1105080 676.7
1105090 677.1
1105100 677.4
1105110 677.5
1105120 677.5
1105130 677.7
1105140 677.9
1105150 677.9
1105160 678.3
1105170 679.0
1105180 679.0
1105190 679.4
1105200 679.5
1105210 679.5
1105220 679.6
1105230 679.6
1105240 679.6
1105250 680.1
1105260 680.5
1105270 680.5
1105280 680.4
1105290 681.4
1105300 681.4
1105310 682.0
1105320 682.4
1105330 682.4
1105340 682.8
1105350 683.2
1105360 683.2
1105370 683.5
1105380 683.9
1105390 683.9
1105400 684.4
1105410 684.8
1105420 685.1
1105430 685.1
1105440 685.2
1105450 685.3
1105460 685.3
1105470 685.3
1105480 685.4
1105490 685.4
1105500 685.5
1105510 685.8
1105520 685.8
1105530 686.2
1105540 686.6
1105550 686.6
1105560 687.1
1105570 687.4
1105580 687.4
1105590 687.8
1105600 688.1
1105610 688.1
1105620 688.4
1105630 688.4
1105640 688.4
1105650 688.6
1105660 689.1
1105670 689.1
1105680 689.3
1105690 689.9
1105700 690.2
1105710 690.2
1105720 690.6
1105730 691.0
1105740 691.0
1105750 691.3
1105760 691.5
1105770 691.5
1105780 691.9
1105790 692.3
1105800 692.3
1105810 692.6
1105820 692.9
1105830 692.9
1105840 693.1
1105850 693.5
1105860 693.5
1105870 693.8
1105880 694.0
1105890 694.0
1105900 694.2
1105910 694.5
1105920 694.5
1105930 694.8
1105940 695.0
1105950 695.0
1105960 695.1
1105970 695.8
1105980 695.8
1105990 696.0
1106000 696.4
1106010 696.7
1106020 696.7
1106030 697.2
1106040 697.4
1106050 697.4
1106060 697.7
1106070 698.0
1106080 698.0
1106090 698.4
1106100 698.8
1106110 698.8
1106120 699.8
1106130 700.4
1106140 700.4
1106150 700.5
1106160 700.8
1106170 700.8
1106180 700.5
1106190 700.6
1106200 700.6
1106210 700.7
1106220 701.0
1106230 701.0
1106240 701.4
1106250 701.3
1106260 701.3
1106270 701.4
1106280 701.5
1106290 701.5
1106300 701.5
1106310 701.4
1106320 701.3
1106330 701.3
1106340 701.3
1106350 701.2
1106360 701.2
1106370 701.4
1106380 702.3
1106390 702.3
1106400 703.6
1106410 705.4
1106420 705.4
1106430 707.5
1106440 711.5
1106450 711.5
1106460 715.7
1106470 719.3
1106480 719.3
1106490 722.4
1106500 725.9
1106510 725.9
1106520 734.7
1106530 740.9
1106540 740.9
1106550 747.1
1106560 754.6
1106570 754.6
1106580 762.8
1106590 765.9
1106600 765.9
1106610 764.7
1106620 761.6
1106630 758.1
1106640 758.1
1106650 755.2
1106660 753.3
1106670 753.3
1106680 752.6
1106690 754.1
1106700 754.1
1106710 755.2
1106720 756.4
1106730 756.4
1106740 758.7
1106750 760.5
1106760 760.5
1106770 762.4
1106780 764.6
1106790 764.6
1106800 766.2
1106810 767.3
1106820 767.3
1106830 768.6
1106840 770.5
1106850 776.7
1106860 780.1
1106870 783.4
1106880 783.4
1106890 785.8
1106900 787.2
1106910 787.2
1106920 788.7
1106930 790.2
1106940 791.4
1106950 791.4
1106960 792.2
1106970 792.5
1106980 792.5
1106990 792.0
1107000 792.3
1107010 792.3
1107020 792.1
1107030 790.5
1107040 790.5
1107050 787.8
1107060 785.3
1107070 785.3
1107080 783.8
1107090 783.2
1107100 783.2
1107110 783.4
1107120 784.0
1107130 784.0
1107140 783.8
1107150 782.7
1107160 782.7
1107170 781.3
1107180 779.6
1107190 775.3
1107200 772.1
1107210 778.3
1107220 781.2
1107230 781.2
1107240 781.9
1107250 781.7
1107260 781.7
1107270 780.6
1107280 780.0
1107290 780.0
1107300 780.7
1107310 781.5
1107320 781.5
1107330 781.3
1107340 782.7
1107350 782.7
1107360 783.4
1107370 783.6
1107380 783.6
1107390 784.1
1107400 784.9
1107410 784.9
1107420 785.5
1107430 785.7
1107440 785.7
1107450 786.1
1107460 786.6
1107470 786.6
1107480 786.9
1107490 787.2
1107500 787.2
1107510 787.7
1107520 788.1
1107530 788.4
1107540 788.4
1107550 789.1
1107560 789.6
1107570 789.6
1107580 790.4
1107590 791.2
1107600 791.2
1107610 792.2
1107620 793.2
1107630 793.2
1107640 794.2
1107650 795.3
1107660 795.3
1107670 796.5
1107680 797.7
1107690 797.7
1107700 799.2
1107710 800.2
1107720 800.2
1107730 801.6
1107740 803.3
1107750 803.3
1107760 805.9
1107770 810.5
1107780 810.5
1107790 814.6
1107800 818.9
1107810 818.9
1107820 822.2
1107830 825.8
1107840 829.7
1107850 829.7
1107860 833.1
1107870 835.5
1107880 835.5
1107890 838.0
1107900 840.8
1107910 840.8
1107920 843.8
1107930 846.7
1107940 846.7
1107950 849.5
1107960 852.3
1107970 852.3
1107980 855.6
1107990 858.8
1108000 858.8
1108010 862.1
1108020 864.9
1108030 864.9
1108040 866.8
1108050 868.5
1108060 868.5
1108070 869.8
1108080 870.7
1108090 870.7
1108100 871.6
1108110 873.1
1108120 873.1
1108130 875.4
1108140 878.1
1108150 881.1
1108160 881.1
1108170 883.9
1108180 887.2
1108190 887.2
1108200 889.1
1108210 894.5
1108220 894.5
1108230 896.5
1108240 897.8
1108250 897.8
1108260 899.5
1108270 901.7
1108280 901.7
1108290 904.5
1108300 907.4
1108310 907.4
1108320 910.5
1108330 913.6
1108340 913.6
1108350 917.5
1108360 921.8
1108370 921.8
1108380 926.9
1108390 931.9
1108400 931.9
1108410 936.9
1108420 941.8
1108430 946.0
1108440 946.0
1108450 950.1
1108460 954.0
1108470 954.0
1108480 958.1
1108490 962.0
1108500 962.0
1108510 965.8
1108520 969.0
1108530 969.0
1108540 970.3
1108550 971.1
1108560 971.1
1108570 973.2
1108580 975.3
1108590 975.3
1108600 978.0
1108610 979.9
1108620 979.9
1108630 981.2
1108640 982.7
1108650 982.7
1108660 984.5
1108670 986.3
1108680 986.3
1108690 988.5
1108700 990.0
1108710 990.0
1108720 991.2
1108730 992.9
1108740 995.8
1108750 995.8
1108760 998.9
1108770 1000.1
1108780 1000.1
1108790 1000.2
1108800 999.5
1108810 999.5
1108820 995.8
1108830 995.4
1108840 995.4
1108850 1001.0
1108860 1003.2
1108870 1003.2
1108880 1004.3
1108890 1009.1
1108900 1009.1
1108910 1009.7
1108920 1010.6
1108930 1010.6
1108940 1012.1
1108950 1012.9
1108960 1012.9
1108970 1012.9
1108980 1013.0
1108990 1013.0
1109000 1013.2
1109010 1013.5
1109020 1013.5
1109030 1014.0
1109040 1015.5
1109050 1016.2
1109060 1016.2
1109070 1016.9
1109080 1017.3
1109090 1017.3
1109100 1018.2
1109110 1019.6
1109120 1019.6
1109130 1021.1
1109140 1022.2
1109150 1022.2
1109160 1023.0
1109170 1024.7
1109180 1024.7
1109190 1025.9
1109200 1026.5
1109210 1026.5
1109220 1026.2
1109230 1030.3
1109240 1030.3
1109250 1029.8
1109260 1029.0
1109270 1029.0
1109280 1029.1
1109290 1028.9
1109300 1028.9
1109310 1028.2
1109320 1029.4
1109330 1029.4
1109340 1031.6
1109350 1032.7
1109360 1035.1
1109370 1035.1
1109380 1036.7
1109390 1036.3
1109400 1036.3
1109410 1038.1
1109420 1039.0
1109430 1039.0
1109440 1039.4
1109450 1039.9
1109460 1039.9
1109470 1040.9
1109480 1042.1
1109490 1042.1
1109500 1044.0
1109510 1045.4
1109520 1045.4
1109530 1046.2
1109540 1047.7
1109550 1047.7
1109560 1047.5
1109570 1049.6
1109580 1049.6
1109590 1048.6
1109600 1048.2
1109610 1048.2
1109620 1045.9
1109630 1042.0
1109640 1039.4
1109650 1039.4
1109660 1038.4
1109670 1038.9
1109680 1038.9
1109690 1039.4
1109700 1039.1
1109710 1039.1
1109720 1038.8
1109730 1038.3
1109740 1038.3
1109750 1038.7
1109760 1040.1
1109770 1040.1
1109780 1043.1
1109790 1045.0
1109800 1045.0
1109810 1042.8
1109820 1041.7
1109830 1041.7
1109840 1041.2
1109850 1040.4
1109860 1040.4
1109870 1038.0
1109880 1035.4
1109890 1035.4
1109900 1035.3
1109910 1040.4
1109920 1040.4
1109930 1041.0
1109940 1041.5
1109950 1043.0
1109960 1043.0
1109970 1044.1
1109980 1045.5
1109990 1045.5
1110000 1047.2
1110010 1049.2
1110020 1049.2
1110030 1053.1
1110040 1059.1
1110050 1059.1
1110060 1064.2
1110070 1067.0
1110080 1067.0
1110090 1067.4
1110100 1067.4
1110110 1067.4
1110120 1065.5
1110130 1061.1
1110140 1061.1
1110150 1058.5
1110160 1059.3
1110170 1059.3
1110180 1061.4
1110190 1063.9
1110200 1063.9
1110210 1067.7
1110220 1073.3
1110230 1073.3
1110240 1077.7
1110250 1084.7
1110260 1084.8
1110270 1084.8
1110280 1083.8
1110290 1084.4
1110300 1084.4
1110310 1085.9
1110320 1088.4
1110330 1088.4
1110340 1092.3
1110350 1095.7
1110360 1095.7
1110370 1097.3
1110380 1096.6
1110390 1096.6
1110400 1095.4
1110410 1094.1
1110420 1094.1
1110430 1095.0
1110440 1097.1
1110450 1097.1
1110460 1099.0
1110470 1101.5
1110480 1101.5
1110490 1104.5
1110500 1107.6
1110510 1107.6
1110520 1111.1
1110530 1113.8
1110540 1113.8
1110550 1115.2
1110560 1117.8
1110570 1120.7
1110580 1120.7
1110590 1131.4
1110600 1134.3
1110610 1134.3
1110620 1138.1
1110630 1143.1
1110640 1143.1
1110650 1148.5
1110660 1153.6
1110670 1153.6
1110680 1156.0
1110690 1158.4
1110700 1158.4
1110710 1162.6
1110720 1172.0
1110730 1172.0
1110740 1178.7
1110750 1183.7
1110760 1183.7
1110770 1186.3
1110780 1187.9
1110790 1187.9
1110800 1187.8
1110810 1182.6
1110820 1182.6
1110830 1174.2
1110840 1168.0
1110850 1162.7
1110860 1162.7
1110870 1161.4
1110880 1159.8
1110890 1159.8
1110900 1157.6
1110910 1154.6
1110920 1154.6
1110930 1157.7
1110940 1155.7
1110950 1155.7
1110960 1154.1
1110970 1152.6
1110980 1152.6
1110990 1152.3
1111000 1151.8
1111010 1151.8
1111020 1152.5
1111030 1151.5
1111040 1151.5
1111050 1146.6
1111060 1139.4
1111070 1139.4
1111080 1133.7
1111090 1128.3
1111100 1128.3
1111110 1124.0
1111120 1122.1
1111130 1122.1
1111140 1120.9
1111150 1117.9
1111160 1112.1
1111170 1112.1
1111180 1112.6
1111190 1115.1
1111200 1115.1
1111210 1116.5
1111220 1117.5
1111230 1117.5
1111240 1117.3
1111250 1114.9
1111260 1114.9
1111270 1120.2
1111280 1115.1
1111290 1115.1
1111300 1112.5
1111310 1112.0
1111320 1112.0
1111330 1112.5
1111340 1112.8
1111350 1112.8
1111360 1108.6
1111370 1108.7
1111380 1108.7
1111390 1107.3
1111400 1107.2
1111410 1107.2
1111420 1111.9
1111430 1122.4
1111440 1122.4
1111450 1131.9
1111460 1141.2
1111470 1149.7
1111480 1149.7
1111490 1157.1
1111500 1161.8
1111510 1161.8
1111520 1163.0
1111530 1163.5
1111540 1163.5
1111550 1164.2
1111560 1165.1
1111570 1165.1
1111580 1165.8
1111590 1166.6
1111600 1166.6
1111610 1170.1
1111620 1170.7
1111630 1170.7
1111640 1171.9
1111650 1173.8
1111660 1173.8
1111670 1177.0
1111680 1182.4
1111690 1182.4
1111700 1188.1
1111710 1194.6
1111720 1194.6
1111730 1200.9
1111740 1204.0
1111750 1204.0
1111760 1204.6
1111770 1205.7
1111780 1206.1
1111790 1206.1
1111800 1205.3
1111810 1205.3
1111820 1205.3
1111830 1207.2
1111840 1209.1
1111850 1209.1
1111860 1207.8
1111870 1204.5
1111880 1204.5
1111890 1203.5
1111900 1205.5
1111910 1205.5
1111920 1209.2
1111930 1210.0
1111940 1210.0
1111950 1211.1
1111960 1207.3
1111970 1207.3
1111980 1203.1
1111990 1197.3
1112000 1197.3
1112010 1190.3
1112020 1185.0
1112030 1185.0
1112040 1181.0
1112050 1176.5
1112060 1176.5
1112070 1172.8
1112080 1166.6
1112090 1157.6
1112100 1157.6
1112110 1155.7
1112120 1156.3
1112130 1156.3
1112140 1158.6
1112150 1162.5
1112160 1162.5
1112170 1166.8
1112180 1174.9
1112190 1174.9
1112200 1184.2
1112210 1191.4
1112220 1191.4
1112230 1198.4
1112240 1205.3
1112250 1205.3
1112260 1212.3
1112270 1216.9
1112280 1216.9
1112290 1217.7
1112300 1222.3
1112310 1222.3
1112320 1227.6
1112330 1231.2
1112340 1231.2
1112350 1231.7
1112360 1232.5
1112370 1236.9
1112380 1236.9
1112390 1241.8
1112400 1246.3
1112410 1246.3
1112420 1249.8
1112430 1250.7
1112440 1250.7
1112450 1251.6
1112460 1252.8
1112470 1252.8
1112480 1253.7
1112490 1253.4
1112500 1253.4
1112510 1255.0
1112520 1258.4
1112530 1258.4
1112540 1260.6
1112550 1264.4
1112560 1264.4
1112570 1266.5
1112580 1267.3
1112590 1267.3
1112600 1267.8
1112610 1269.2
1112620 1269.2
1112630 1271.0
1112640 1277.1
1112650 1277.1
1112660 1279.1
1112670 1280.8
1112680 1282.3
1112690 1282.3
1112700 1283.6
1112710 1284.4
1112720 1284.4
1112730 1284.8
1112740 1284.7
1112750 1284.7
1112760 1283.8
1112770 1282.7
1112780 1282.7
1112790 1281.4
1112800 1280.4
1112810 1280.4
1112820 1279.7
1112830 1278.8
1112840 1278.8
1112850 1277.1
1112860 1274.4
1112870 1274.4
1112880 1269.8
1112890 1269.5
1112900 1269.5
1112910 1269.9
1112920 1272.1
1112930 1272.1
1112940 1274.5
1112950 1276.6
1112960 1276.6
1112970 1280.4
1112980 1287.1
1112990 1282.3
1113000 1282.3
1113010 1275.2
1113020 1268.0
1113030 1268.0
1113040 1260.2
1113050 1251.3
1113060 1251.3
1113070 1242.5
1113080 1235.4
1113090 1235.4
1113100 1233.5
1113110 1233.1
1113120 1233.1
1113130 1232.2
1113140 1230.2
1113150 1230.2
1113160 1227.0
1113170 1221.2
1113180 1221.2
1113190 1218.1
1113200 1216.7
1113210 1216.7
1113220 1215.9
1113230 1214.8
1113240 1214.8
1113250 1212.9
1113260 1210.9
1113270 1210.9
1113280 1209.6
1113290 1207.0
1113300 1203.2
1113310 1203.2
1113320 1200.0
1113330 1201.6
1113340 1201.6
1113350 1200.1
1113360 1198.3
1113370 1198.3
1113380 1196.4
1113390 1193.8
1113400 1193.8
1113410 1195.0
1113420 1196.1
1113430 1196.1
1113440 1196.4
1113450 1195.6
1113460 1195.6
1113470 1195.3
1113480 1196.3
1113490 1196.3
1113500 1197.5
1113510 1198.7
1113520 1198.7
1113530 1200.0
1113540 1201.0
1113550 1201.0
1113560 1201.9
1113570 1202.8
1113580 1203.7
1113590 1203.7
1113600 1204.3
1113610 1206.6
1113620 1206.6
1113630 1208.6
1113640 1208.6
1113650 1208.6
1113660 1210.7
1113670 1215.5
1113680 1215.5
1113690 1217.2
1113700 1217.9
1113710 1217.9
1113720 1218.6
1113730 1219.7
1113740 1219.7
1113750 1220.8
1113760 1222.4
1113770 1222.4
1113780 1225.1
1113790 1226.0
1113800 1226.0
1113810 1228.5
1113820 1231.5
1113830 1231.5
1113840 1233.0
1113850 1235.1
1113860 1235.1
1113870 1235.6
1113880 1235.9
1113890 1237.4
1113900 1237.4
1113910 1238.0
1113920 1236.9
1113930 1236.9
1113940 1236.2
1113950 1234.0
1113960 1234.0
1113970 1233.3
1113980 1234.8
1113990 1234.8
1114000 1236.3
1114010 1245.2
1114020 1245.2
1114030 1250.0
1114040 1256.0
1114050 1256.0
1114060 1260.1
1114070 1265.4
1114080 1265.4
1114090 1271.0
1114100 1272.8
1114110 1272.8
1114120 1273.2
1114130 1273.9
1114140 1273.9
1114150 1277.4
1114160 1279.7
1114170 1279.7
1114180 1273.6
1114190 1262.1
1114200 1258.5
1114210 1258.5
1114220 1259.5
1114230 1261.2
1114240 1261.2
1114250 1259.3
1114260 1256.5
1114270 1256.5
1114280 1258.4
1114290 1260.9
1114300 1260.9
1114310 1257.4
1114320 1256.2
1114330 1256.2
1114340 1258.0
1114350 1260.6
1114360 1306.6
1114370 1304.8
1114380 1302.3
1114390 1302.3
1114400 1296.9
1114410 1294.2
1114420 1294.2
1114430 1292.6
1114440 1290.2
1114450 1290.2
1114460 1291.2
1114470 1292.5
1114480 1292.5
1114490 1292.5
1114500 1292.3
1114510 1291.4
1114520 1291.4
1114530 1289.9
1114540 1287.4
1114550 1287.4
1114560 1287.6
1114570 1286.6
1114580 1286.6
1114590 1286.6
1114600 1289.4
1114610 1289.4
1114620 1292.7
1114630 1295.6
1114640 1295.6
1114650 1297.4
1114660 1297.6
1114670 1297.6
1114680 1298.0
1114690 1298.5
1114700 1304.1
1114710 1304.7
1114720 1304.0
1114730 1304.0
1114740 1302.4
1114750 1300.1
1114760 1300.1
1114770 1297.0
1114780 1294.5
1114790 1290.8
1114800 1290.8
1114810 1281.6
1114820 1275.3
1114830 1275.3
1114840 1265.0
1114850 1257.2
1114860 1257.2
1114870 1262.8
1114880 1266.1
1114890 1266.1
1114900 1259.9
1114910 1241.2
1114920 1241.2
1114930 1220.9
1114940 1215.6
1114950 1215.6
1114960 1221.6
1114970 1229.3
1114980 1229.3
1114990 1234.8
1115000 1233.1
1115010 1233.1
1115020 1230.0
1115030 1227.0
1115040 1227.0
1115050 1226.8
1115060 1222.6
1115070 1222.6
1115080 1220.3
1115090 1214.8
1115100 1208.4
1115110 1208.4
1115120 1202.6
1115130 1193.2
1115140 1193.2
1115150 1182.8
1115160 1175.9
1115170 1175.9
1115180 1172.8
1115190 1167.8
1115200 1167.8
1115210 1166.4
1115220 1168.5
1115230 1168.5
1115240 1167.0
1115250 1165.5
1115260 1165.5
1115270 1167.2
1115280 1168.6
1115290 1168.6
1115300 1169.7
1115310 1171.6
1115320 1171.6
1115330 1166.7
1115340 1157.0
1115350 1157.0
1115360 1146.7
1115370 1136.4
1115380 1136.4
1115390 1135.5
1115400 1145.3
1115410 1155.4
1115420 1155.4
1115430 1161.2
1115440 1163.2
1115450 1163.2
1115460 1166.2
1115470 1169.2
1115480 1169.2
1115490 1172.1
1115500 1177.5
1115510 1177.5
1115520 1182.2
1115530 1184.3
1115540 1184.3
1115550 1183.2
1115560 1180.7
1115570 1180.7
1115580 1179.8
1115590 1180.9
1115600 1180.9
1115610 1180.2
1115620 1175.0
1115630 1175.0
1115640 1170.5
1115650 1170.5
1115660 1170.5
1115670 1171.3
1115680 1173.0
1115690 1173.0
1115700 1177.1
1115710 1181.3
1115720 1185.2
1115730 1185.2
1115740 1189.4
1115750 1192.8
1115760 1192.8
1115770 1198.2
1115780 1203.9
1115790 1203.9
1115800 1209.9
1115810 1216.2
1115820 1216.2
1115830 1220.7
1115840 1224.7
1115850 1224.7
1115860 1228.0
1115870 1231.1
1115880 1231.1
1115890 1233.5
1115900 1236.8
1115910 1236.8
1115920 1240.1
1115930 1242.8
1115940 1242.8
1115950 1246.0
1115960 1249.2
1115970 1249.2
1115980 1253.5
1115990 1258.4
1116000 1258.4
1116010 1263.3
1116020 1267.8
1116030 1271.7
1116040 1271.7
1116050 1274.4
1116060 1275.7
1116070 1275.7
1116080 1276.3
1116090 1278.9
1116100 1278.9
1116110 1278.9
1116120 1278.3
1116130 1278.3
1116140 1281.4
1116150 1285.1
1116160 1285.1
1116170 1288.7
1116180 1290.6
1116190 1290.6
1116200 1291.6
1116210 1292.1
1116220 1292.1
1116230 1291.6
1116240 1291.0
1116250 1291.0
1116260 1290.3
1116270 1289.5
1116280 1289.5
1116290 1288.4
1116300 1287.2
1116310 1286.2
1116320 1286.2
1116330 1284.6
1116340 1283.9
1116350 1283.9
1116360 1284.5
1116370 1284.5
1116380 1284.5
1116390 1282.5
1116400 1280.1
1116410 1280.1
1116420 1278.2
1116430 1277.4
1116440 1277.4
1116450 1273.1
1116460 1267.9
1116470 1267.9
1116480 1264.0
1116490 1261.0
1116500 1261.0
1116510 1257.6
1116520 1254.8
1116530 1254.8
1116540 1252.1
1116550 1249.9
1116560 1249.9
1116570 1247.8
1116580 1245.4
1116590 1245.4
1116600 1243.5
1116610 1241.5
1116620 1238.7
1116630 1238.7
1116640 1236.4
1116650 1234.3
1116660 1234.3
1116670 1231.8
1116680 1229.0
1116690 1229.0
1116700 1226.2
1116710 1220.7
1116720 1220.7
1116730 1212.8
1116740 1208.8
1116750 1208.8
1116760 1208.2
1116770 1213.9
1116780 1213.7
1116790 1219.5
1116800 1225.8
1116810 1225.8
1116820 1232.8
1116830 1239.7
1116840 1239.7
1116850 1246.7
1116860 1254.2
1116870 1254.2
1116880 1261.7
1116890 1267.6
1116900 1267.6
1116910 1271.9
1116920 1273.7
1116930 1275.1
1116940 1275.1
1116950 1277.6
1116960 1280.7
1116970 1280.7
1116980 1283.2
1116990 1285.7
1117000 1285.7
1117010 1288.0
1117020 1290.4
1117030 1290.4
1117040 1292.7
1117050 1296.3
1117060 1296.3
1117070 1300.4
1117080 1305.6
1117090 1305.6
1117100 1310.8
1117110 1314.6
1117120 1314.7
1117130 1317.7
1117140 1321.7
1117150 1321.7
1117160 1327.1
1117170 1331.6
1117180 1331.6
1117190 1334.5
1117200 1337.7
1117210 1337.7
1117220 1341.4
1117230 1345.6
1117240 1349.9
1117250 1349.9
1117260 1353.9
1117270 1357.2
1117280 1357.2
1117290 1358.7
1117300 1359.8
1117310 1359.8
1117320 1361.3
1117330 1363.5
1117340 1363.5
1117350 1366.6
1117360 1369.8
1117370 1369.8
1117380 1372.3
1117390 1378.1
1117400 1378.1
1117410 1384.4
1117420 1387.4
1117430 1387.4
1117440 1386.9
1117450 1381.4
1117460 1381.4
1117470 1380.5
1117480 1376.1
1117490 1376.1
1117500 1371.3
1117510 1365.2
1117520 1359.8
1117530 1359.8
1117540 1355.9
1117550 1353.3
1117560 1353.3
1117570 1350.2
1117580 1347.1
1117590 1347.1
1117600 1344.7
1117610 1342.2
1117620 1342.2
1117630 1339.4
1117640 1336.0
1117650 1336.0
1117660 1331.8
1117670 1325.8
1117680 1325.8
1117690 1318.4
1117700 1311.2
1117710 1311.2
1117720 1304.0
1117730 1301.3
1117740 1301.3
1117750 1298.3
1117760 1291.3
1117770 1291.3
1117780 1284.1
1117790 1278.8
1117800 1278.8
1117810 1274.5
1117820 1272.3
1117830 1267.2
1117840 1267.2
1117850 1265.3
1117860 1264.4
1117870 1264.4
1117880 1261.7
1117890 1256.5
1117900 1256.5
1117910 1252.5
1117920 1248.8
1117930 1248.8
1117940 1244.6
1117950 1242.0
1117960 1242.0
1117970 1241.6
1117980 1241.9
1117990 1241.9
1118000 1242.8
1118010 1241.9
1118020 1241.9
1118030 1241.4
1118040 1240.7
1118050 1240.7
1118060 1238.6
1118070 1235.5
1118080 1235.5
1118090 1232.3
1118100 1229.5
1118110 1229.5
1118120 1227.3
1118130 1223.6
1118140 1221.0
1118150 1221.0
1118160 1217.2
1118170 1214.4
1118180 1214.4
1118190 1210.1
1118200 1207.7
1118210 1207.7
1118220 1204.6
1118230 1202.0
1118240 1202.0
1118250 1197.9
1118260 1193.7
1118270 1193.7
1118280 1188.4
1118290 1183.0
1118300 1183.0
1118310 1181.0
1118320 1182.4
1118330 1182.4
1118340 1183.0
1118350 1182.9
1118360 1182.9
1118370 1183.1
1118380 1183.2
1118390 1183.2
1118400 1182.4
1118410 1179.9
1118420 1179.9
1118430 1175.6
1118440 1170.1
1118450 1166.7
1118460 1166.7
1118470 1164.0
1118480 1158.1
1118490 1158.1
1118500 1150.2
1118510 1145.1
1118520 1151.3
1118530 1146.3
1118540 1142.3
1118550 1142.3
1118560 1138.3
1118570 1136.6
1118580 1136.6
1118590 1135.1
1118600 1133.1
1118610 1133.1
1118620 1131.3
1118630 1130.0
1118640 1130.0
1118650 1128.6
1118660 1127.9
1118670 1127.9
1118680 1128.8
1118690 1130.6
1118700 1130.6
1118710 1132.2
1118720 1133.0
1118730 1131.3
1118740 1131.3
1118750 1124.6
1118760 1123.8
1118770 1123.8
1118780 1122.5
1118790 1113.6
1118800 1113.6
1118810 1106.1
1118820 1104.2
1118830 1104.2
1118840 1102.8
1118850 1108.2
1118860 1114.3
1118870 1120.3
1118880 1125.6
1118890 1125.6
1118900 1130.7
1118910 1134.6
1118920 1134.6
1118930 1138.6
1118940 1144.3
1118950 1144.3
1118960 1147.2
1118970 1148.4
1118980 1148.4
1118990 1151.6
1119000 1152.8
1119010 1152.8
1119020 1153.5
1119030 1153.1
1119040 1153.8
1119050 1153.8
1119060 1155.4
1119070 1157.3
1119080 1157.3
1119090 1159.8
1119100 1163.1
1119110 1163.1
1119120 1167.7
1119130 1171.1
1119140 1171.1
1119150 1174.9
1119160 1178.9
1119170 1178.9
1119180 1181.8
1119190 1185.2
1119200 1185.2
1119210 1194.6
1119220 1198.3
1119230 1198.3
1119240 1201.9
1119250 1207.6
1119260 1207.6
1119270 1212.4
1119280 1216.8
1119290 1216.8
1119300 1222.4
1119310 1229.1
1119320 1229.1
1119330 1233.5
1119340 1237.1
1119350 1240.8
1119360 1240.8
1119370 1244.0
1119380 1247.9
1119390 1247.9
1119400 1251.7
1119410 1254.9
1119420 1254.9
1119430 1258.0
1119440 1261.0
1119450 1261.0
1119460 1264.3
1119470 1268.7
1119480 1268.7
1119490 1273.3
1119500 1277.0
1119510 1277.0
1119520 1279.7
1119530 1281.9
1119540 1281.9
1119550 1284.0
1119560 1285.2
1119570 1285.2
1119580 1287.2
1119590 1289.9
1119600 1289.9
1119610 1292.8
1119620 1294.8
1119630 1297.3
1119640 1297.3
1119650 1301.2
1119660 1305.4
1119670 1305.4
1119680 1308.8
1119690 1311.6
1119700 1311.6
1119710 1314.2
1119720 1316.8
1119730 1316.8
1119740 1319.1
1119750 1324.4
1119760 1324.4
1119770 1330.0
1119780 1336.6
1119790 1336.6
1119800 1343.1
1119810 1349.3
1119820 1349.3
1119830 1354.5
1119840 1358.9
1119850 1358.9
1119860 1362.6
1119870 1366.0
1119880 1366.0
1119890 1369.4
1119900 1373.2
1119910 1374.3
1119920 1377.3
1119930 1382.7
1119940 1390.3
1119950 1390.3
1119960 1394.7
1119970 1399.7
1119980 1399.7
1119990 1401.7
