1100000 826.8
1100010 826.4
1100020 830.3
1100030 830.3
1100040 829.2
1100050 826.8
1100060 822.2
1100070 822.2
1100080 818.3
1100090 816.6
1100100 816.6
1100110 814.7
1100120 812.6
1100130 812.6
1100140 810.9
1100150 808.6
1100160 808.6
1100170 805.6
1100180 805.8
1100190 805.8
1100200 803.8
1100210 800.0
1100220 800.0
1100230 797.2
1100240 794.0
1100250 794.0
1100260 790.2
1100270 785.6
1100280 785.6
1100290 782.3
1100300 779.9
1100310 779.9
1100320 776.3
1100330 772.5
1100340 769.3
1100350 771.8
1100360 767.5
1100370 762.6
1100380 762.6
1100390 759.5
1100400 756.6
1100410 756.6
1100420 752.6
1100430 746.6
1100440 746.6
1100450 741.0
1100460 736.2
1100470 736.2
1100480 730.6
1100490 725.2
1100500 725.2
1100510 720.0
1100520 714.9
1100530 714.9
1100540 710.0
1100550 705.7
1100560 705.7
1100570 702.8
1100580 700.7
1100590 700.7
1100600 698.0
1100610 694.2
1100620 694.2
1100630 689.0
1100640 683.1
1100650 677.0
1100660 677.0
1100670 670.4
1100680 664.1
1100690 664.1
1100700 658.5
1100710 653.2
1100720 653.2
1100730 649.6
1100740 647.4
1100750 647.4
1100760 646.5
1100770 645.1
1100780 645.1
1100790 643.6
1100800 643.0
1100810 643.0
1100820 642.3
1100830 641.6
1100840 641.6
1100850 641.5
1100860 640.8
1100870 640.8
1100880 638.7
1100890 638.2
1100900 638.2
1100910 636.7
1100920 634.4
1100930 634.4
1100940 634.2
1100950 634.3
1100960 635.5
1100970 635.5
1100980 638.1
1100990 638.0
1101000 638.0
1101010 637.2
1101020 636.9
1101030 636.9
1101040 637.4
1101050 637.7
1101060 637.7
1101070 637.9
1101080 638.0
1101090 638.0
1101100 638.6
1101110 639.9
1101120 639.9
1101130 639.3
1101140 638.1
1101150 638.1
1101160 638.1
1101170 638.1
1101180 638.1
1101190 638.3
1101200 638.3
1101210 638.3
1101220 638.5
1101230 638.6
1101240 638.6
1101250 638.5
1101260 638.3
1101270 638.4
1101280 638.4
1101290 638.4
1101300 638.4
1101310 638.4
1101320 638.2
1101330 638.0
1101340 638.0
1101350 638.3
1101360 638.6
1101370 638.6
1101380 638.7
1101390 638.6
1101400 638.6
1101410 638.4
1101420 638.5
1101430 638.5
1101440 638.6
1101450 638.8
1101460 638.8
1101470 638.8
1101480 638.9
1101490 638.9
1101500 638.9
1101510 638.9
1101520 638.9
1101530 639.0
1101540 638.9
1101550 638.9
1101560 639.0
1101570 639.0
1101580 639.8
1101590 639.8
1101600 641.7
1101610 642.2
1101620 642.2
1101630 642.3
1101640 642.4
1101650 642.4
1101660 642.4
1101670 642.4
1101680 642.4
1101690 642.2
1101700 642.1
1101710 642.1
1101720 641.9
1101730 641.8
1101740 641.8
1101750 641.7
1101760 641.6
1101770 641.6
1101780 641.5
1101790 641.4
1101800 641.4
1101810 641.3
1101820 641.5
1101830 641.5
1101840 641.6
1101850 641.6
1101860 641.6
1101870 641.6
1101880 641.9
1101890 643.2
1101900 643.2
1101910 644.9
1101920 648.1
1101930 648.1
1101940 652.5
1101950 655.5
1101960 655.5
1101970 657.6
1101980 659.0
1101990 659.0
1102000 661.0
1102010 668.5
1102020 668.5
1102030 673.8
1102040 678.7
1102050 678.7
1102060 681.3
1102070 682.7
1102080 682.7
1102090 684.6
1102100 686.5
1102110 686.5
1102120 689.1
1102130 692.7
1102140 692.7
1102150 697.9
1102160 703.4
1102170 703.4
1102180 709.2
1102190 715.5
1102200 721.7
1102210 721.7
1102220 729.6
1102230 746.6
1102240 746.6
1102250 776.7
1102260 782.7
1102270 782.7
1102280 782.6
1102290 787.6
1102300 787.6
1102310 792.3
1102320 797.5
1102330 797.5
1102340 804.6
1102350 808.9
1102360 808.9
1102370 810.0
1102380 810.8
1102390 810.8
1102400 810.6
1102410 810.8
1102420 810.8
1102430 810.8
1102440 809.9
1102450 809.9
1102460 809.3
1102470 808.6
1102480 808.6
1102490 808.6
1102500 809.6
1102510 810.8
1102520 810.8
1102530 812.3
1102540 813.1
1102550 813.1
1102560 813.3
1102570 814.2
1102580 814.2
1102590 815.2
1102600 816.6
1102610 816.6
1102620 817.2
1102630 817.3
1102640 817.3
1102650 816.4
1102660 816.7
1102670 816.7
1102680 815.1
1102690 815.6
1102700 815.6
1102710 817.0
1102720 817.9
1102730 817.9
1102740 819.3
1102750 820.3
1102760 820.3
1102770 821.9
1102780 822.8
1102790 822.8
1102800 822.3
1102810 823.9
1102820 825.5
1102830 825.5
1102840 827.0
1102850 829.0
1102860 829.0
1102870 831.2
1102880 832.6
1102890 832.6
1102900 832.9
1102910 833.8
1102920 833.8
1102930 835.2
1102940 836.4
1102950 836.4
1102960 836.7
1102970 839.0
1102980 839.0
1102990 841.0
1103000 842.8
1103010 839.7
1103020 840.8
1103030 842.3
1103040 842.3
1103050 843.3
1103060 845.6
1103070 845.6
1103080 845.3
1103090 842.9
1103100 842.9
1103110 841.1
1103120 841.9
1103130 846.4
1103140 846.4
1103150 848.4
1103160 849.4
1103170 849.4
1103180 851.8
1103190 852.3
1103200 852.3
1103210 853.3
1103220 854.0
1103230 854.0
1103240 855.3
1103250 857.9
1103260 857.9
1103270 861.4
1103280 862.9
1103290 862.9
1103300 863.0
1103310 863.6
1103320 863.6
1103330 864.3
1103340 864.5
1103350 863.0
1103360 864.8
1103370 868.3
1103380 868.3
1103390 870.9
1103400 873.2
1103410 873.2
1103420 874.1
1103430 874.5
1103440 876.4
1103450 876.4
1103460 877.0
1103470 877.7
1103480 877.7
1103490 878.3
1103500 876.5
1103510 876.5
1103520 872.7
1103530 871.7
1103540 871.7
1103550 864.3
1103560 840.8
1103570 840.8
1103580 827.1
1103590 825.8
1103600 825.8
1103610 825.4
1103620 822.6
1103630 822.6
1103640 819.8
1103650 817.9
1103660 817.9
1103670 816.6
1103680 823.8
1103690 823.8
1103700 824.7
1103710 826.2
1103720 834.7
1103730 834.7
1103740 843.9
1103750 846.8
1103760 846.8
1103770 851.1
1103780 853.7
1103790 853.7
1103800 855.7
1103810 857.3
1103820 857.3
1103830 859.5
1103840 860.4
1103850 860.4
1103860 862.7
1103870 864.1
1103880 864.1
1103890 866.2
1103900 865.3
1103910 865.3
1103920 866.7
1103930 871.0
1103940 871.0
1103950 874.3
1103960 876.3
1103970 876.3
1103980 879.6
1103990 885.2
1104000 885.2
1104010 889.4
1104020 888.3
1104030 890.1
1104040 890.1
1104050 893.8
1104060 895.3
1104070 895.3
1104080 893.5
1104090 894.2
1104100 894.2
1104110 895.4
1104120 896.8
1104130 896.8
1104140 897.5
1104150 898.9
1104160 898.9
1104170 899.9
1104180 901.3
1104190 901.3
1104200 903.9
1104210 905.8
1104220 905.8
1104230 906.7
1104240 911.0
1104250 911.0
1104260 915.5
1104270 919.6
1104280 919.6
1104290 926.0
1104300 930.5
1104310 930.5
1104320 932.0
1104330 935.8
1104340 939.8
1104350 934.2
1104360 938.8
1104370 942.2
1104380 942.2
1104390 945.1
1104400 945.6
1104410 945.6
1104420 949.8
1104430 953.8
1104440 953.8
1104450 956.4
1104460 959.3
1104470 959.3
1104480 959.7
1104490 957.0
1104500 957.0
1104510 956.6
1104520 959.7
1104530 959.7
1104540 962.4
1104550 964.6
1104560 964.6
1104570 965.8
1104580 968.5
1104590 968.5
1104600 971.5
1104610 973.9
1104620 973.9
1104630 975.1
1104640 976.2
1104650 978.0
1104660 978.0
1104670 980.3
1104680 982.9
1104690 979.7
1104700 981.2
1104710 984.1
1104720 984.1
1104730 984.8
1104740 984.0
1104750 984.0
1104760 982.4
1104770 978.8
1104780 978.8
1104790 977.7
1104800 976.6
1104810 976.6
1104820 968.5
1104830 954.4
1104840 954.4
1104850 946.0
1104860 939.2
1104870 939.2
1104880 932.8
1104890 928.1
1104900 928.1
1104910 924.1
1104920 920.1
1104930 920.1
1104940 916.6
1104950 913.3
1104960 909.3
1104970 909.3
1104980 903.7
1104990 897.4
1105000 897.4
1105010 894.9
1105020 896.9
1105030 896.9
1105040 892.2
1105050 888.2
1105060 888.2
1105070 885.3
1105080 883.0
1105090 883.0
1105100 879.9
1105110 877.3
1105120 877.3
1105130 874.7
1105140 873.4
1105150 873.4
1105160 872.8
1105170 872.8
1105180 872.8
1105190 873.0
1105200 873.0
1105210 873.0
1105220 872.6
1105230 871.8
1105240 871.8
1105250 870.9
1105260 869.6
1105270 868.4
1105280 868.4
1105290 867.5
1105300 867.7
1105310 867.7
1105320 868.2
1105330 868.9
1105340 868.9
1105350 869.3
1105360 869.7
1105370 869.7
1105380 870.0
1105390 870.7
1105400 870.7
1105410 872.6
1105420 875.8
1105430 875.8
1105440 880.3
1105450 884.8
1105460 884.8
1105470 888.6
1105480 892.4
1105490 892.4
1105500 895.9
1105510 898.4
1105520 898.4
1105530 900.3
1105540 903.3
1105550 903.3
1105560 902.0
1105570 900.8
1105580 905.6
1105590 905.6
1105600 909.7
1105610 911.0
1105620 911.0
1105630 910.9
1105640 912.1
1105650 912.1
1105660 914.8
1105670 915.4
1105680 915.4
1105690 917.1
1105700 916.9
1105710 916.9
1105720 913.6
1105730 909.9
1105740 909.9
1105750 907.0
1105760 905.0
1105770 905.0
1105780 904.0
1105790 904.6
1105800 904.6
1105810 907.2
1105820 909.4
1105830 909.4
1105840 910.1
1105850 909.4
1105860 909.4
1105870 908.0
1105880 908.3
1105890 908.8
1105900 908.8
1105910 908.6
1105920 908.1
1105930 908.1
1105940 907.8
1105950 906.9
1105960 906.9
1105970 905.9
1105980 904.9
1105990 904.9
1106000 904.1
1106010 903.9
1106020 903.9
1106030 903.6
1106040 906.2
1106050 906.2
1106060 907.9
1106070 908.5
1106080 908.5
1106090 908.5
1106100 908.6
1106110 908.6
1106120 908.5
1106130 908.6
1106140 908.6
1106150 908.7
1106160 908.2
1106170 908.2
1106180 907.6
1106190 907.2
1106200 907.0
1106210 907.0
1106220 906.6
1106230 906.6
1106240 906.6
1106250 906.7
1106260 906.7
1106270 906.7
1106280 906.7
1106290 907.3
1106300 907.3
1106310 907.6
1106320 907.7
1106330 907.7
1106340 907.3
1106350 907.0
1106360 907.0
1106370 904.6
1106380 904.4
1106390 904.4
1106400 904.4
1106410 904.4
1106420 904.4
1106430 904.4
1106440 904.5
1106450 904.5
1106460 904.8
1106470 906.3
1106480 906.3
1106490 908.6
1106500 910.9
1106510 913.3
1106520 913.3
1106530 915.0
1106540 916.8
1106550 916.8
1106560 918.5
1106570 919.3
1106580 919.3
1106590 921.5
1106600 924.3
1106610 924.3
1106620 926.3
1106630 927.6
1106640 927.6
1106650 928.1
1106660 928.7
1106670 928.7
1106680 928.9
1106690 928.4
1106700 928.4
1106710 933.6
1106720 933.3
1106730 933.3
1106740 932.5
1106750 931.2
1106760 931.2
1106770 929.6
1106780 927.4
1106790 923.7
1106800 923.7
1106810 921.3
1106820 919.3
1106830 919.3
1106840 917.9
1106850 917.7
1106860 917.7
1106870 918.5
1106880 919.1
1106890 919.1
1106900 918.6
1106910 917.0
1106920 917.0
1106930 915.2
1106940 915.2
1106950 915.2
1106960 915.2
1106970 914.3
1106980 914.3
1106990 913.1
1107000 912.0
1107010 912.0
1107020 910.0
1107030 908.9
1107040 908.9
1107050 910.0
1107060 908.8
1107070 908.8
1107080 907.6
1107090 906.2
1107100 906.0
1107110 906.0
1107120 906.3
1107130 906.9
1107140 906.9
1107150 907.7
1107160 908.8
1107170 908.8
1107180 910.1
1107190 911.2
1107200 911.2
1107210 912.1
1107220 912.9
1107230 912.9
1107240 913.3
1107250 913.1
1107260 913.1
1107270 912.2
1107280 910.8
1107290 910.8
1107300 909.1
1107310 906.9
1107320 906.9
1107330 903.9
1107340 900.3
1107350 900.3
1107360 895.7
1107370 891.0
1107380 891.7
1107390 887.3
1107400 883.7
1107410 881.5
1107420 881.5
1107430 880.4
1107440 880.4
1107450 880.4
1107460 880.6
1107470 881.0
1107480 881.0
1107490 881.6
1107500 882.0
1107510 882.0
1107520 883.8
1107530 888.8
1107540 888.8
1107550 895.2
1107560 902.5
1107570 902.5
1107580 909.3
1107590 917.0
1107600 917.0
1107610 924.8
1107620 931.8
1107630 931.8
1107640 939.6
1107650 946.8
1107660 946.8
1107670 954.7
1107680 962.8
1107690 962.8
1107700 970.7
1107710 991.5
1107720 1013.8
1107730 1013.8
1107740 1014.4
1107750 1014.7
1107760 1014.7
1107770 1014.8
1107780 1015.7
1107790 1015.7
1107800 1017.5
1107810 1019.6
1107820 1019.6
1107830 1022.1
1107840 1025.1
1107850 1025.1
1107860 1028.1
1107870 1030.5
1107880 1030.5
1107890 1032.2
1107900 1034.3
1107910 1034.3
1107920 1036.7
1107930 1039.7
1107940 1039.7
1107950 1043.3
1107960 1044.9
1107970 1044.9
1107980 1044.5
1107990 1044.9
1108000 1044.9
1108010 1046.6
1108020 1049.4
1108030 1052.2
1108040 1052.2
1108050 1052.2
1108060 1044.4
1108070 1044.4
1108080 1044.4
1108090 1043.0
1108100 1043.0
1108110 1041.1
1108120 1040.6
1108130 1040.6
1108140 1039.3
1108150 1037.4
1108160 1037.4
1108170 1036.5
1108180 1035.9
1108190 1035.9
1108200 1035.2
1108210 1033.9
1108220 1033.9
1108230 1032.9
1108240 1031.8
1108250 1031.8
1108260 1028.4
1108270 1021.4
1108280 1021.4
1108290 1012.9
1108300 1006.7
1108310 1006.7
1108320 1006.2
1108330 1008.0
1108340 1008.0
1108350 1008.0
1108360 1009.8
1108370 1011.2
1108380 1011.2
1108390 1010.9
1108400 1000.6
1108410 1000.6
1108420 1003.1
1108430 1010.9
1108440 1010.9
1108450 1016.7
1108460 1018.1
1108470 1018.1
1108480 1017.5
1108490 1016.3
1108500 1016.3
1108510 1013.9
1108520 1012.2
1108530 1012.2
1108540 1011.9
1108550 1011.9
1108560 1011.9
1108570 1015.0
1108580 1019.2
1108590 1019.2
1108600 1021.7
1108610 1022.8
1108620 1022.8
1108630 1023.9
1108640 1026.1
1108650 1027.0
1108660 1027.0
1108670 1029.5
1108680 1032.4
1108690 1032.4
1108700 1035.3
1108710 1038.5
1108720 1038.5
1108730 1040.0
1108740 1031.2
1108750 1031.2
1108760 1031.9
1108770 1032.7
1108780 1032.7
1108790 1033.3
1108800 1034.2
1108810 1034.2
1108820 1033.3
1108830 1031.8
1108840 1031.8
1108850 1029.5
1108860 1029.1
1108870 1029.1
1108880 1030.3
1108890 1030.7
1108900 1030.7
1108910 1029.9
1108920 1031.1
1108930 1031.1
1108940 1033.9
1108950 1037.6
1108960 1038.9
1108970 1038.9
1108980 1037.4
1108990 1036.3
1109000 1036.3
1109010 1034.6
1109020 1032.8
1109030 1032.8
1109040 1034.8
1109050 1035.0
1109060 1035.0
1109070 1034.0
1109080 1020.9
1109090 1020.9
1109100 1017.7
1109110 1018.4
1109120 1018.4
1109130 1025.0
1109140 1029.7
1109150 1029.7
1109160 1035.9
1109170 1037.4
1109180 1037.4
1109190 1039.0
1109200 1040.4
1109210 1040.4
1109220 1041.0
1109230 1040.0
1109240 1040.5
1109250 1040.5
1109260 1042.9
1109270 1045.5
1109280 1045.5
1109290 1048.3
1109300 1049.3
1109310 1049.3
1109320 1050.9
1109330 1050.9
1109340 1050.9
1109350 1051.6
1109360 1052.6
1109370 1052.6
1109380 1054.0
1109390 1056.8
1109400 1056.8
1109410 1057.7
1109420 1044.7
1109430 1044.7
1109440 1042.1
1109450 1039.3
1109460 1039.3
1109470 1030.0
1109480 1024.1
1109490 1024.1
1109500 1021.6
1109510 1022.5
1109520 1022.5
1109530 1034.8
1109540 1044.2
1109550 1050.4
1109560 1050.4
1109570 1055.7
1109580 1056.7
1109590 1056.7
1109600 1056.5
1109610 1054.9
1109620 1054.9
1109630 1054.1
1109640 1057.7
1109650 1057.7
1109660 1061.6
1109670 1062.8
1109680 1062.8
1109690 1062.3
1109700 1060.0
1109710 1060.0
1109720 1056.5
1109730 1053.1
1109740 1053.1
1109750 1049.4
1109760 1043.3
1109770 1043.3
1109780 1040.7
1109790 1036.1
1109800 1036.1
1109810 1030.6
1109820 1028.6
1109830 1028.6
1109840 1026.5
1109850 1023.4
1109860 1019.3
1109870 1019.3
1109880 1014.7
1109890 1013.1
1109900 1013.1
1109910 1011.2
1109920 1009.7
1109930 1009.7
1109940 1009.1
1109950 1004.6
1109960 1004.6
1109970 997.7
1109980 1001.4
1109990 1001.4
1110000 1002.4
1110010 1006.5
1110020 1006.5
1110030 1015.0
1110040 1023.2
1110050 1023.2
1110060 1030.9
1110070 1037.4
1110080 1037.4
1110090 1039.4
1110100 1036.1
1110110 1036.1
1110120 1033.6
1110130 1030.6
1110140 1030.6
1110150 1028.4
1110160 1028.9
1110170 1029.0
1110180 1029.0
1110190 1025.8
1110200 1021.7
1110210 1021.7
1110220 1023.4
1110230 1025.3
1110240 1025.3
1110250 1030.4
1110260 1033.1
1110270 1033.1
1110280 1033.1
1110290 1033.4
1110300 1033.4
1110310 1036.9
1110320 1041.1
1110330 1041.1
1110340 1043.8
1110350 1045.8
1110360 1045.8
1110370 1047.4
1110380 1049.2
1110390 1049.2
1110400 1050.3
1110410 1051.8
1110420 1051.8
1110430 1052.9
1110440 1045.9
1110450 1045.9
1110460 1045.0
1110470 1042.9
1110480 1036.1
1110490 1036.1
1110500 1037.4
1110510 1048.8
1110520 1048.8
1110530 1056.9
1110540 1065.1
1110550 1065.1
1110560 1074.3
1110570 1083.3
1110580 1083.3
1110590 1088.7
1110600 1092.9
1110610 1092.9
1110620 1096.7
1110630 1100.2
1110640 1100.2
1110650 1103.9
1110660 1107.1
1110670 1107.1
1110680 1110.4
1110690 1113.9
1110700 1113.9
1110710 1117.0
1110720 1120.1
1110730 1120.1
1110740 1123.1
1110750 1126.4
1110760 1126.4
1110770 1129.3
1110780 1126.4
1110790 1130.7
1110800 1130.7
1110810 1134.5
1110820 1137.1
1110830 1137.1
1110840 1140.0
1110850 1142.8
1110860 1142.8
1110870 1143.9
1110880 1144.3
1110890 1144.3
1110900 1143.2
1110910 1143.0
1110920 1143.0
1110930 1144.7
1110940 1146.8
1110950 1146.8
1110960 1149.1
1110970 1150.2
1110980 1150.2
1110990 1151.3
1111000 1154.5
1111010 1154.5
1111020 1157.8
1111030 1160.7
1111040 1160.7
1111050 1161.9
1111060 1160.6
1111070 1160.6
1111080 1159.0
1111090 1157.2
1111100 1155.9
1111110 1155.9
1111120 1152.0
1111130 1152.0
1111140 1152.0
1111150 1151.3
1111160 1147.5
1111170 1147.5
1111180 1142.9
1111190 1138.3
1111200 1138.3
1111210 1136.8
1111220 1138.3
1111230 1138.3
1111240 1138.7
1111250 1136.2
1111260 1136.2
1111270 1133.4
1111280 1130.7
1111290 1130.7
1111300 1131.6
1111310 1134.1
1111320 1134.1
1111330 1136.7
1111340 1139.3
1111350 1139.3
1111360 1140.3
1111370 1140.9
1111380 1140.9
1111390 1140.6
1111400 1138.4
1111410 1135.4
1111420 1135.4
1111430 1131.7
1111440 1128.8
1111450 1128.8
1111460 1129.1
1111470 1127.6
1111480 1127.6
1111490 1129.9
1111500 1127.8
1111510 1127.8
1111520 1126.3
1111530 1125.4
1111540 1125.4
1111550 1123.9
1111560 1121.9
1111570 1121.9
1111580 1120.7
1111590 1121.1
1111600 1121.1
1111610 1124.8
1111620 1129.0
1111630 1129.0
1111640 1131.9
1111650 1132.2
1111660 1132.2
1111670 1131.9
1111680 1131.1
1111690 1128.5
1111700 1128.5
1111710 1125.2
1111720 1122.4
1111730 1122.4
1111740 1123.5
1111750 1127.8
1111760 1127.8
1111770 1128.1
1111780 1125.5
1111790 1125.5
1111800 1128.3
1111810 1123.8
1111820 1123.8
1111830 1122.1
1111840 1122.0
1111850 1122.0
1111860 1121.9
1111870 1121.3
1111880 1121.3
1111890 1120.8
1111900 1120.2
1111910 1120.2
1111920 1118.2
1111930 1118.2
1111940 1118.2
1111950 1117.8
1111960 1117.6
1111970 1117.6
1111980 1118.2
1111990 1118.8
1112000 1119.1
1112010 1119.1
1112020 1118.2
1112030 1118.2
1112040 1118.2
1112050 1117.5
1112060 1116.0
1112070 1116.0
1112080 1114.2
1112090 1113.4
1112100 1113.4
1112110 1113.6
1112120 1114.1
1112130 1114.1
1112140 1115.0
1112150 1112.1
1112160 1112.1
1112170 1111.3
1112180 1105.1
1112190 1105.1
1112200 1099.5
1112210 1094.3
1112220 1094.3
1112230 1086.2
1112240 1085.8
1112250 1085.8
1112260 1094.8
1112270 1104.1
1112280 1104.1
1112290 1110.8
1112300 1117.8
1112310 1121.8
1112320 1121.8
1112330 1124.0
1112340 1125.5
1112350 1125.5
1112360 1127.0
1112370 1128.5
1112380 1128.5
1112390 1129.9
1112400 1130.8
1112410 1130.8
1112420 1132.0
1112430 1131.3
1112440 1131.3
1112450 1124.1
1112460 1116.7
1112470 1116.7
1112480 1110.6
1112490 1115.3
1112500 1115.3
1112510 1123.9
1112520 1130.7
1112530 1130.7
1112540 1133.4
1112550 1134.3
1112560 1134.3
1112570 1134.8
1112580 1134.9
1112590 1134.9
1112600 1135.3
1112610 1135.6
1112620 1135.9
1112630 1135.9
1112640 1135.7
1112650 1135.5
1112660 1135.5
1112670 1132.9
1112680 1126.8
1112690 1126.8
1112700 1122.4
1112710 1126.1
1112720 1126.1
1112730 1127.2
1112740 1125.2
1112750 1125.2
1112760 1126.3
1112770 1136.6
1112780 1136.6
1112790 1139.8
1112800 1140.0
1112810 1140.0
1112820 1139.9
1112830 1139.6
1112840 1136.2
1112850 1136.7
1112860 1136.5
1112870 1136.5
1112880 1136.5
1112890 1136.8
1112900 1136.8
1112910 1136.9
1112920 1137.3
1112930 1137.6
1112940 1137.6
1112950 1137.2
1112960 1136.0
1112970 1136.0
1112980 1134.3
1112990 1132.9
1113000 1132.9
1113010 1132.3
1113020 1132.7
1113030 1132.7
1113040 1133.0
1113050 1133.3
1113060 1133.3
1113070 1133.7
1113080 1135.1
1113090 1135.1
1113100 1135.9
1113110 1135.6
1113120 1135.6
1113130 1134.9
1113140 1135.1
1113150 1135.1
1113160 1135.6
1113170 1135.5
1113180 1132.7
1113190 1131.8
1113200 1133.0
1113210 1133.0
1113220 1134.6
1113230 1135.4
1113240 1136.9
1113250 1136.9
1113260 1138.2
1113270 1139.2
1113280 1139.2
1113290 1140.4
1113300 1141.8
1113310 1141.8
1113320 1142.4
1113330 1142.9
1113340 1142.9
1113350 1143.3
1113360 1143.6
1113370 1143.6
1113380 1143.3
1113390 1142.8
1113400 1142.8
1113410 1139.4
1113420 1132.3
1113430 1132.3
1113440 1125.2
1113450 1123.3
1113460 1123.3
1113470 1128.1
1113480 1134.0
1113490 1134.0
1113500 1137.7
1113510 1140.5
1113520 1134.1
1113530 1134.2
1113540 1134.1
1113550 1133.4
1113560 1133.4
1113570 1131.2
1113580 1129.4
1113590 1129.4
1113600 1127.6
1113610 1126.9
1113620 1126.9
1113630 1126.6
1113640 1125.7
1113650 1125.7
1113660 1125.1
1113670 1124.8
1113680 1124.8
1113690 1124.7
1113700 1125.0
1113710 1125.0
1113720 1123.9
1113730 1124.2
1113740 1124.2
1113750 1125.1
1113760 1126.0
1113770 1126.0
1113780 1122.7
1113790 1118.8
1113800 1118.8
1113810 1114.3
1113820 1109.0
1113830 1109.0
1113840 1107.5
1113850 1107.0
1113860 1104.4
1113870 1101.7
1113880 1108.8
1113890 1113.0
1113900 1113.0
1113910 1115.0
1113920 1115.8
1113930 1115.8
1113940 1114.7
1113950 1112.5
1113960 1112.5
1113970 1111.3
1113980 1116.9
1113990 1116.9
1114000 1118.9
1114010 1119.1
1114020 1119.1
1114030 1118.6
1114040 1113.7
1114050 1113.7
1114060 1107.1
1114070 1108.5
1114080 1108.5
1114090 1109.9
1114100 1109.4
1114110 1109.4
1114120 1112.1
1114130 1115.2
1114140 1111.5
1114150 1111.5
1114160 1109.5
1114170 1110.8
1114180 1110.8
1114190 1111.5
1114200 1108.0
1114210 1101.9
1114220 1097.3
1114230 1098.8
1114240 1098.8
1114250 1099.5
1114260 1099.7
1114270 1099.7
1114280 1099.4
1114290 1097.3
1114300 1097.3
1114310 1099.0
1114320 1101.3
1114330 1101.3
1114340 1103.2
1114350 1105.4
1114360 1105.4
1114370 1107.9
1114380 1111.8
1114390 1111.8
1114400 1113.7
1114410 1116.2
1114420 1116.2
1114430 1119.9
1114440 1123.1
1114450 1124.6
1114460 1124.6
1114470 1125.7
1114480 1122.8
1114490 1122.8
1114500 1117.6
1114510 1109.7
1114520 1109.7
1114530 1107.1
1114540 1110.0
1114550 1110.0
1114560 1101.1
1114570 1104.3
1114580 1104.3
1114590 1102.3
1114600 1098.5
1114610 1098.5
1114620 1099.6
1114630 1099.5
1114640 1099.5
1114650 1102.1
1114660 1101.6
1114670 1101.6
1114680 1102.2
1114690 1099.7
1114700 1099.7
1114710 1097.1
1114720 1095.1
1114730 1095.1
1114740 1094.2
1114750 1093.1
1114760 1090.5
1114770 1090.5
1114780 1090.2
1114790 1089.5
1114800 1089.5
1114810 1091.7
1114820 1094.1
1114830 1094.1
1114840 1094.5
1114850 1094.5
1114860 1094.5
1114870 1094.4
1114880 1094.5
1114890 1094.5
1114900 1092.9
1114910 1092.9
1114920 1092.9
1114930 1093.2
1114940 1093.6
1114950 1093.6
1114960 1094.7
1114970 1095.0
1114980 1095.0
1114990 1094.9
1115000 1094.7
1115010 1094.7
1115020 1094.1
1115030 1093.0
1115040 1093.0
1115050 1091.7
1115060 1090.6
1115070 1090.0
1115080 1090.0
1115090 1087.6
1115100 1083.0
1115110 1083.0
1115120 1079.6
1115130 1076.9
1115140 1076.9
1115150 1074.8
1115160 1074.2
1115170 1074.2
1115180 1074.1
1115190 1073.6
1115200 1073.6
1115210 1072.4
1115220 1067.9
1115230 1067.9
1115240 1063.5
1115250 1060.3
1115260 1060.3
1115270 1058.3
1115280 1055.5
1115290 1055.5
1115300 1053.1
1115310 1053.5
1115320 1053.5
1115330 1055.5
1115340 1055.9
1115350 1055.9
1115360 1056.7
1115370 1058.8
1115380 1060.0
1115390 1060.0
1115400 1060.2
1115410 1059.5
1115420 1059.5
1115430 1057.5
1115440 1056.0
1115450 1056.0
1115460 1055.6
1115470 1056.8
1115480 1056.8
1115490 1058.6
1115500 1059.0
1115510 1059.0
1115520 1059.2
1115530 1060.7
1115540 1060.7
1115550 1061.1
1115560 1059.0
1115570 1059.0
1115580 1059.2
1115590 1054.7
1115600 1054.7
1115610 1054.6
1115620 1053.9
1115630 1053.9
1115640 1052.6
1115650 1050.4
1115660 1050.4
1115670 1047.8
1115680 1044.7
1115690 1043.8
1115700 1043.8
1115710 1043.0
1115720 1041.0
1115730 1041.0
1115740 1039.0
1115750 1035.9
1115760 1035.9
1115770 1033.9
1115780 1032.2
1115790 1032.2
1115800 1029.8
1115810 1027.6
1115820 1027.6
1115830 1026.5
1115840 1025.7
1115850 1025.7
1115860 1025.1
1115870 1024.2
1115880 1024.2
1115890 1023.4
1115900 1023.0
1115910 1023.0
1115920 1022.4
1115930 1021.5
1115940 1021.4
1115950 1020.4
1115960 1019.7
1115970 1019.7
1115980 1019.3
1115990 1018.5
1116000 1017.7
1116010 1017.7
1116020 1016.7
1116030 1016.5
1116040 1016.5
1116050 1016.3
1116060 1016.2
1116070 1016.2
1116080 1016.1
1116090 1015.9
1116100 1015.9
1116110 1015.7
1116120 1015.4
1116130 1015.4
1116140 1016.1
1116150 1016.5
1116160 1016.5
1116170 1016.1
1116180 1015.1
1116190 1015.1
1116200 1015.1
1116210 1014.9
1116220 1014.9
1116230 1014.8
1116240 1014.7
1116250 1014.7
1116260 1015.0
1116270 1015.8
1116280 1017.3
1116290 1017.3
1116300 1017.4
1116310 1017.5
1116320 1017.5
1116330 1017.9
1116340 1018.4
1116350 1018.4
1116360 1018.2
1116370 1017.7
1116380 1017.7
1116390 1017.5
1116400 1017.5
1116410 1017.5
1116420 1017.3
1116430 1017.2
1116440 1017.2
1116450 1017.6
1116460 1017.6
1116470 1017.6
1116480 1017.2
1116490 1016.9
1116500 1016.9
1116510 1016.6
1116520 1016.0
1116530 1016.0
1116540 1016.1
1116550 1016.7
1116560 1016.7
1116570 1016.5
1116580 1016.2
1116590 1016.0
1116600 1016.0
1116610 1015.8
1116620 1015.5
1116630 1016.1
1116640 1015.8
1116650 1015.4
1116660 1015.4
1116670 1015.1
1116680 1014.6
1116690 1014.6
1116700 1014.6
1116710 1014.7
1116720 1014.7
1116730 1014.6
1116740 1014.5
1116750 1014.5
1116760 1014.7
1116770 1014.5
1116780 1014.5
1116790 1014.2
1116800 1014.2
1116810 1014.2
1116820 1014.1
1116830 1013.7
1116840 1013.7
1116850 1013.4
1116860 1013.4
1116870 1013.4
1116880 1013.4
1116890 1013.3
1116900 1012.9
1116910 1012.9
1116920 1012.7
1116930 1012.4
1116940 1012.4
1116950 1013.1
1116960 1012.9
1116970 1012.9
1116980 1013.1
1116990 1013.1
1117000 1013.1
1117010 1013.7
1117020 1014.0
1117030 1014.0
1117040 1014.2
1117050 1014.6
1117060 1014.6
1117070 1015.2
1117080 1016.0
1117090 1016.0
1117100 1016.8
1117110 1018.7
1117120 1018.7
1117130 1021.5
1117140 1022.7
1117150 1022.7
1117160 1023.4
1117170 1023.7
1117180 1023.7
1117190 1024.2
1117200 1025.0
1117210 1026.2
1117220 1026.2
1117230 1027.4
1117240 1027.9
1117250 1027.9
1117260 1028.0
1117270 1028.4
1117280 1028.4
1117290 1029.1
1117300 1029.9
1117310 1029.9
1117320 1031.1
1117330 1032.3
1117340 1032.3
1117350 1033.4
1117360 1034.1
1117370 1034.1
1117380 1034.8
1117390 1035.8
1117400 1035.8
1117410 1036.9
1117420 1037.5
1117430 1037.5
1117440 1038.2
1117450 1038.9
1117460 1038.9
1117470 1039.5
1117480 1040.3
1117490 1040.3
1117500 1041.6
1117510 1042.9
1117520 1043.9
1117530 1043.9
1117540 1044.4
1117550 1044.4
1117560 1044.4
1117570 1042.8
1117580 1041.2
1117590 1041.2
1117600 1039.5
1117610 1038.2
1117620 1038.2
1117630 1036.4
1117640 1033.9
1117650 1033.9
1117660 1029.2
1117670 1029.5
1117680 1029.5
1117690 1025.4
1117700 1019.9
1117710 1019.9
1117720 1018.2
1117730 1018.2
1117740 1018.2
1117750 1018.3
1117760 1018.1
1117770 1018.1
1117780 1018.0
1117790 1018.2
1117800 1018.2
1117810 1018.6
1117820 1019.0
1117830 1019.1
1117840 1019.1
1117850 1019.3
1117860 1020.0
1117870 1020.0
1117880 1020.3
1117890 1020.3
1117900 1020.3
1117910 1020.5
1117920 1020.7
1117930 1020.7
1117940 1021.0
1117950 1021.3
1117960 1021.3
1117970 1021.2
1117980 1021.4
1117990 1021.4
1118000 1021.2
1118010 1021.4
1118020 1021.5
1118030 1022.3
1118040 1022.5
1118050 1022.5
1118060 1022.8
1118070 1022.9
1118080 1022.9
1118090 1022.8
1118100 1023.0
1118110 1023.1
1118120 1023.1
1118130 1023.4
1118140 1024.0
1118150 1024.0
1118160 1024.7
1118170 1025.1
1118180 1025.1
1118190 1025.0
1118200 1024.9
1118210 1024.9
1118220 1025.2
1118230 1025.2
1118240 1025.2
1118250 1025.3
1118260 1025.4
1118270 1025.4
1118280 1025.5
1118290 1025.5
1118300 1025.5
1118310 1026.0
1118320 1026.4
1118330 1026.4
1118340 1027.2
1118350 1027.6
1118360 1027.6
1118370 1027.9
1118380 1028.1
1118390 1028.1
1118400 1028.3
1118410 1028.0
1118420 1027.5
1118430 1027.5
1118440 1027.1
1118450 1027.3
1118460 1027.3
1118470 1027.7
1118480 1028.0
1118490 1028.0
1118500 1028.5
1118510 1028.9
1118520 1028.9
1118530 1029.0
1118540 1028.8
1118550 1028.8
1118560 1028.8
1118570 1028.4
1118580 1028.4
1118590 1028.6
1118600 1028.3
1118610 1028.3
1118620 1027.7
1118630 1027.1
1118640 1027.1
1118650 1026.7
1118660 1026.6
1118670 1026.6
1118680 1027.5
1118690 1028.8
1118700 1028.8
1118710 1030.7
1118720 1032.0
1118730 1033.8
1118740 1033.8
1118750 1034.0
1118760 1035.5
1118770 1035.5
1118780 1037.7
1118790 1039.8
1118800 1039.8
1118810 1041.4
1118820 1041.6
1118830 1041.6
1118840 1041.1
1118850 1042.4
1118860 1042.4
1118870 1045.1
1118880 1047.2
1118890 1047.2
1118900 1048.6
1118910 1049.7
1118920 1049.7
1118930 1051.1
1118940 1052.5
1118950 1052.5
1118960 1053.8
1118970 1054.9
1118980 1054.9
1118990 1056.0
1119000 1057.1
1119010 1057.1
1119020 1058.3
1119030 1059.4
1119040 1060.4
1119050 1060.4
1119060 1061.8
1119070 1063.2
1119080 1063.2
1119090 1064.1
1119100 1064.6
1119110 1064.6
1119120 1064.6
1119130 1064.1
1119140 1064.1
1119150 1064.8
1119160 1065.8
1119170 1065.8
1119180 1066.2
1119190 1065.5
1119200 1065.5
1119210 1064.5
1119220 1064.9
1119230 1064.9
1119240 1065.9
1119250 1067.3
1119260 1067.3
1119270 1068.2
1119280 1069.0
1119290 1069.0
1119300 1069.5
1119310 1071.3
1119320 1071.3
1119330 1072.8
1119340 1074.3
1119350 1076.4
1119360 1076.4
1119370 1079.2
1119380 1081.0
1119390 1081.0
1119400 1080.6
1119410 1079.7
1119420 1079.7
1119430 1081.0
1119440 1081.4
1119450 1081.4
1119460 1080.4
1119470 1080.7
1119480 1080.7
1119490 1082.9
1119500 1084.3
1119510 1084.3
1119520 1085.5
1119530 1086.1
1119540 1086.1
1119550 1087.1
1119560 1088.5
1119570 1088.5
1119580 1089.8
1119590 1091.6
1119600 1091.6
1119610 1094.3
1119620 1097.7
1119630 1097.7
1119640 1100.9
1119650 1103.4
1119660 1106.9
1119670 1106.9
1119680 1110.0
1119690 1112.3
1119700 1112.3
1119710 1115.6
1119720 1119.1
1119730 1119.1
1119740 1123.3
1119750 1127.8
1119760 1125.7
1119770 1128.9
1119780 1132.2
1119790 1132.2
1119800 1136.7
1119810 1141.1
1119820 1141.1
1119830 1143.7
1119840 1146.6
1119850 1146.6
1119860 1149.6
1119870 1152.6
1119880 1152.6
1119890 1154.7
1119900 1155.8
1119910 1155.8
1119920 1156.8
1119930 1157.9
1119940 1157.9
1119950 1158.2
1119960 1158.3
1119970 1158.5
1119980 1158.5
1119990 1157.9
