1100000 906.0
1100010 900.3
1100020 900.3
1100030 895.1
1100040 890.1
1100050 884.2
1100060 884.2
1100070 877.8
1100080 874.8
1100090 874.8
1100100 871.7
1100110 867.2
1100120 867.2
1100130 862.5
1100140 858.5
1100150 858.5
1100160 855.6
1100170 851.1
1100180 851.1
1100190 845.6
1100200 842.0
1100210 842.0
1100220 836.1
1100230 832.3
1100240 832.3
1100250 828.1
1100260 824.7
1100270 824.7
1100280 821.0
1100290 816.3
1100300 816.3
1100310 812.0
1100320 808.0
1100330 808.0
1100340 802.5
1100350 795.5
1100360 789.5
1100370 789.5
1100380 784.5
1100390 779.6
1100400 779.6
1100410 773.8
1100420 768.5
1100430 768.5
1100440 763.6
1100450 757.2
1100460 757.2
1100470 750.2
1100480 743.2
1100490 743.2
1100500 737.0
1100510 731.8
1100520 731.8
1100530 726.4
1100540 720.3
1100550 718.3
1100560 712.5
1100570 709.0
1100580 709.0
1100590 704.5
1100600 698.0
1100610 698.0
1100620 691.9
1100630 686.7
1100640 686.7
1100650 682.2
1100660 677.3
1100670 673.2
1100680 673.2
1100690 668.3
1100700 665.9
1100710 665.9
1100720 664.7
1100730 660.7
1100740 660.7
1100750 656.2
1100760 651.9
1100770 651.9
1100780 647.3
1100790 643.9
1100800 643.9
1100810 641.9
1100820 642.0
1100830 642.0
1100840 642.5
1100850 641.9
1100860 641.9
1100870 640.7
1100880 640.8
1100890 640.8
1100900 640.8
1100910 640.8
1100920 640.8
1100930 640.8
1100940 640.8
1100950 640.8
1100960 640.8
1100970 640.9
1100980 640.8
1100990 640.8
1101000 640.4
1101010 641.1
1101020 641.1
1101030 641.1
1101040 640.6
1101050 640.6
1101060 640.5
1101070 640.5
1101080 640.5
1101090 640.6
1101100 640.8
1101110 640.8
1101120 639.4
1101130 637.9
1101140 637.9
1101150 637.9
1101160 637.9
1101170 637.9
1101180 638.0
1101190 638.7
1101200 638.7
1101210 640.4
1101220 642.2
1101230 642.2
1101240 641.0
1101250 640.6
1101260 640.6
1101270 640.7
1101280 640.6
1101290 640.9
1101300 640.9
1101310 641.7
1101320 641.5
1101330 641.5
1101340 640.8
1101350 640.7
1101360 640.7
1101370 641.2
1101380 641.2
1101390 641.2
1101400 641.0
1101410 641.0
1101420 641.0
1101430 640.6
1101440 640.5
1101450 640.5
1101460 641.1
1101470 641.3
1101480 641.3
1101490 641.2
1101500 641.0
1101510 641.0
1101520 641.3
1101530 641.5
1101540 641.5
1101550 641.6
1101560 641.5
1101570 641.5
1101580 641.1
1101590 642.0
1101600 643.9
1101610 643.9
1101620 645.2
1101630 646.3
1101640 646.3
1101650 650.8
1101660 664.9
1101670 664.9
1101680 679.1
1101690 690.8
1101700 690.8
1101710 696.7
1101720 701.3
1101730 701.3
1101740 705.1
1101750 708.0
1101760 708.0
1101770 709.2
1101780 709.7
1101790 709.7
1101800 709.8
1101810 710.9
1101820 710.9
1101830 712.7
1101840 714.5
1101850 714.5
1101860 714.9
1101870 714.3
1101880 709.8
1101890 707.9
1101900 706.2
1101910 704.3
1101920 704.3
1101930 703.2
1101940 703.2
1101950 703.2
1101960 702.9
1101970 702.8
1101980 702.8
1101990 702.1
1102000 701.2
1102010 701.2
1102020 700.4
1102030 699.7
1102040 699.7
1102050 698.6
1102060 697.5
1102070 697.5
1102080 696.8
1102090 696.6
1102100 696.6
1102110 696.7
1102120 696.5
1102130 696.5
1102140 696.2
1102150 695.3
1102160 695.3
1102170 694.5
1102180 693.9
1102190 693.9
1102200 691.9
1102210 682.4
1102220 681.3
1102230 681.3
1102240 680.9
1102250 681.9
1102260 681.9
1102270 683.8
1102280 685.1
1102290 685.1
1102300 685.8
1102310 686.2
1102320 686.2
1102330 686.1
1102340 686.0
1102350 686.0
1102360 685.9
1102370 686.1
1102380 686.1
1102390 686.2
1102400 686.3
1102410 686.3
1102420 686.3
1102430 685.3
1102440 685.3
1102450 683.9
1102460 684.1
1102470 684.1
1102480 685.5
1102490 686.9
1102500 688.4
1102510 688.4
1102520 689.3
1102530 689.4
1102540 689.4
1102550 684.6
1102560 685.5
1102570 685.5
1102580 686.8
1102590 688.8
1102600 688.8
1102610 691.3
1102620 691.9
1102630 691.9
1102640 691.9
1102650 692.3
1102660 692.3
1102670 692.9
1102680 693.7
1102690 693.7
1102700 694.3
1102710 694.6
1102720 694.6
1102730 695.2
1102740 696.0
1102750 696.0
1102760 697.2
1102770 699.2
1102780 699.2
1102790 700.9
1102800 702.6
1102810 703.8
1102820 703.8
1102830 705.0
1102840 707.5
1102850 707.5
1102860 709.0
1102870 709.5
1102880 704.2
1102890 704.8
1102900 705.5
1102910 705.5
1102920 706.3
1102930 707.4
1102940 707.4
1102950 708.4
1102960 709.6
1102970 709.6
1102980 710.5
1102990 713.4
1103000 713.4
1103010 716.8
1103020 719.9
1103030 719.9
1103040 721.4
1103050 721.8
1103060 721.8
1103070 722.1
1103080 722.7
1103090 722.7
1103100 723.4
1103110 724.1
1103120 725.0
1103130 725.0
1103140 725.8
1103150 726.4
1103160 726.4
1103170 726.8
1103180 726.1
1103190 726.1
1103200 727.0
1103210 728.0
1103220 721.4
1103230 721.9
1103240 723.1
1103250 723.1
1103260 724.1
1103270 724.2
1103280 724.2
1103290 724.0
1103300 724.1
1103310 724.1
1103320 724.5
1103330 725.0
1103340 725.0
1103350 726.3
1103360 727.8
1103370 727.8
1103380 728.9
1103390 730.1
1103400 730.1
1103410 731.2
1103420 732.3
1103430 732.8
1103440 732.8
1103450 732.0
1103460 730.2
1103470 730.2
1103480 729.5
1103490 729.2
1103500 729.2
1103510 729.6
1103520 730.4
1103530 730.4
1103540 729.5
1103550 722.4
1103560 722.4
1103570 722.6
1103580 723.8
1103590 723.8
1103600 724.8
1103610 726.0
1103620 726.0
1103630 726.9
1103640 728.5
1103650 728.5
1103660 730.3
1103670 731.3
1103680 731.3
1103690 730.9
1103700 729.8
1103710 729.8
1103720 728.1
1103730 728.0
1103740 728.9
1103750 728.9
1103760 731.1
1103770 733.3
1103780 733.3
1103790 735.6
1103800 737.7
1103810 737.7
1103820 739.5
1103830 741.7
1103840 741.7
1103850 742.0
1103860 741.5
1103870 741.5
1103880 740.0
1103890 741.6
1103900 741.6
1103910 740.4
1103920 734.2
1103930 734.2
1103940 729.4
1103950 730.4
1103960 730.4
1103970 733.1
1103980 736.0
1103990 736.0
1104000 737.2
1104010 736.2
1104020 736.2
1104030 736.4
1104040 737.5
1104050 738.4
1104060 738.4
1104070 738.4
1104080 739.0
1104090 739.0
1104100 741.8
1104110 748.7
1104120 748.7
1104130 753.3
1104140 756.1
1104150 756.1
1104160 760.4
1104170 760.8
1104180 760.8
1104190 761.8
1104200 765.1
1104210 765.1
1104220 762.3
1104230 762.8
1104240 762.8
1104250 763.3
1104260 765.7
1104270 765.7
1104280 767.7
1104290 769.8
1104300 769.8
1104310 771.7
1104320 773.5
1104330 773.5
1104340 774.9
1104350 775.2
1104360 775.7
1104370 775.7
1104380 776.8
1104390 779.4
1104400 779.4
1104410 782.3
1104420 784.1
1104430 784.1
1104440 785.3
1104450 789.1
1104460 789.1
1104470 792.7
1104480 795.3
1104490 795.3
1104500 798.4
1104510 802.9
1104520 802.9
1104530 807.1
1104540 810.6
1104550 810.6
1104560 806.4
1104570 807.2
1104580 807.2
1104590 808.0
1104600 808.1
1104610 808.1
1104620 807.7
1104630 808.1
1104640 808.1
1104650 811.8
1104660 815.2
1104670 817.5
1104680 817.5
1104690 817.1
1104700 817.9
1104710 817.9
1104720 818.0
1104730 821.2
1104740 821.2
1104750 824.3
1104760 825.4
1104770 825.4
1104780 827.8
1104790 831.1
1104800 831.1
1104810 832.8
1104820 832.9
1104830 832.9
1104840 832.6
1104850 835.5
1104860 835.5
1104870 837.5
1104880 839.2
1104890 831.7
1104900 834.2
1104910 837.2
1104920 837.2
1104930 839.3
1104940 839.4
1104950 838.8
1104960 838.8
1104970 838.4
1104980 838.4
1104990 838.4
1105000 839.4
1105010 840.3
1105020 840.3
1105030 840.9
1105040 842.5
1105050 842.5
1105060 847.8
1105070 851.9
1105080 851.9
1105090 851.3
1105100 851.3
1105110 851.3
1105120 851.7
1105130 852.5
1105140 852.5
1105150 853.1
1105160 853.0
1105170 853.0
1105180 853.7
1105190 855.2
1105200 855.2
1105210 856.7
1105220 860.5
1105230 851.3
1105240 853.8
1105250 853.9
1105260 853.4
1105270 853.4
1105280 853.4
1105290 853.1
1105300 853.1
1105310 852.8
1105320 853.6
1105330 853.6
1105340 856.6
1105350 857.1
1105360 857.1
1105370 858.6
1105380 860.1
1105390 860.1
1105400 861.0
1105410 861.7
1105420 861.7
1105430 861.9
1105440 864.1
1105450 864.1
1105460 868.2
1105470 873.7
1105480 873.7
1105490 878.4
1105500 879.7
1105510 879.7
1105520 879.7
1105530 879.3
1105540 879.3
1105550 879.5
1105560 872.9
1105570 875.4
1105580 875.4
1105590 876.5
1105600 877.7
1105610 877.7
1105620 879.1
1105630 879.2
1105640 879.2
1105650 878.5
1105660 877.0
1105670 877.0
1105680 875.6
1105690 874.8
1105700 874.8
1105710 874.3
1105720 873.2
1105730 873.2
1105740 871.4
1105750 868.6
1105760 868.6
1105770 865.5
1105780 861.8
1105790 861.8
1105800 857.3
1105810 854.1
1105820 854.1
1105830 852.1
1105840 851.4
1105850 851.4
1105860 852.7
1105870 855.3
1105880 856.1
1105890 856.1
1105900 845.2
1105910 844.9
1105920 844.9
1105930 843.7
1105940 842.2
1105950 842.2
1105960 840.5
1105970 840.7
1105980 840.7
1105990 840.3
1106000 839.5
1106010 839.5
1106020 840.0
1106030 840.3
1106040 840.3
1106050 841.8
1106060 844.7
1106070 844.7
1106080 847.0
1106090 848.1
1106100 848.1
1106110 849.8
1106120 851.0
1106130 851.0
1106140 851.2
1106150 851.8
1106160 851.8
1106170 852.9
1106180 855.0
1106190 856.2
1106200 856.2
1106210 859.0
1106220 861.4
1106230 861.4
1106240 856.1
1106250 859.4
1106260 859.4
1106270 863.1
1106280 866.9
1106290 866.9
1106300 869.1
1106310 871.1
1106320 871.1
1106330 872.6
1106340 873.6
1106350 873.6
1106360 874.6
1106370 874.7
1106380 874.7
1106390 875.4
1106400 876.6
1106410 876.6
1106420 878.2
1106430 879.3
1106440 879.3
1106450 880.5
1106460 881.6
1106470 881.6
1106480 882.6
1106490 883.8
1106500 884.1
1106510 884.1
1106520 884.3
1106530 884.1
1106540 884.1
1106550 884.4
1106560 885.2
1106570 881.0
1106580 881.9
1106590 882.7
1106600 882.7
1106610 883.2
1106620 883.6
1106630 883.6
1106640 884.3
1106650 884.6
1106660 884.6
1106670 884.5
1106680 884.0
1106690 884.0
1106700 883.2
1106710 882.5
1106720 882.5
1106730 881.3
1106740 879.7
1106750 879.7
1106760 878.1
1106770 876.2
1106780 876.2
1106790 873.5
1106800 870.3
1106810 867.6
1106820 867.6
1106830 866.0
1106840 863.0
1106850 863.0
1106860 861.8
1106870 863.6
1106880 863.6
1106890 864.7
1106900 866.8
1106910 861.0
1106920 864.8
1106930 866.9
1106940 866.9
1106950 867.9
1106960 868.7
1106970 868.7
1106980 867.1
1106990 864.3
1107000 864.3
1107010 857.6
1107020 855.7
1107030 855.7
1107040 854.3
1107050 851.6
1107060 851.6
1107070 849.9
1107080 847.5
1107090 845.7
1107100 845.7
1107110 844.1
1107120 842.7
1107130 842.7
1107140 842.1
1107150 841.7
1107160 841.7
1107170 841.4
1107180 841.5
1107190 841.5
1107200 842.2
1107210 842.6
1107220 842.6
1107230 843.1
1107240 845.1
1107250 841.0
1107260 842.9
1107270 845.0
1107280 845.0
1107290 845.8
1107300 845.4
1107310 845.4
1107320 848.6
1107330 851.3
1107340 851.3
1107350 853.4
1107360 855.5
1107370 855.5
1107380 857.5
1107390 859.9
1107400 862.2
1107410 862.2
1107420 864.2
1107430 865.7
1107440 865.7
1107450 867.2
1107460 865.5
1107470 865.5
1107480 859.8
1107490 856.0
1107500 856.0
1107510 853.2
1107520 849.3
1107530 849.3
1107540 846.3
1107550 844.6
1107560 844.6
1107570 843.9
1107580 841.6
1107590 839.6
1107600 836.9
1107610 833.8
1107620 833.8
1107630 830.5
1107640 828.1
1107650 828.1
1107660 825.8
1107670 824.1
1107680 824.1
1107690 823.3
1107700 822.5
1107710 822.2
1107720 822.2
1107730 821.6
1107740 820.9
1107750 820.9
1107760 819.8
1107770 818.3
1107780 818.3
1107790 816.1
1107800 813.6
1107810 813.6
1107820 811.3
1107830 809.0
1107840 809.0
1107850 808.1
1107860 808.1
1107870 808.1
1107880 808.8
1107890 810.3
1107900 810.3
1107910 810.8
1107920 810.8
1107930 805.6
1107940 807.1
1107950 808.1
1107960 808.1
1107970 807.7
1107980 806.0
1107990 806.0
1108000 804.6
1108010 804.4
1108020 804.7
1108030 804.7
1108040 804.0
1108050 804.3
1108060 804.3
1108070 805.2
1108080 806.7
1108090 806.7
1108100 806.1
1108110 804.2
1108120 804.2
1108130 803.5
1108140 802.6
1108150 802.6
1108160 799.6
1108170 796.3
1108180 796.3
1108190 794.1
1108200 790.5
1108210 790.5
1108220 788.2
1108230 786.1
1108240 786.1
1108250 785.3
1108260 785.5
1108270 781.2
1108280 781.6
1108290 783.4
1108300 783.4
1108310 784.8
1108320 787.8
1108330 792.6
1108340 792.6
1108350 794.9
1108360 795.1
1108370 795.1
1108380 798.5
1108390 799.2
1108400 799.2
1108410 801.2
1108420 803.5
1108430 803.5
1108440 806.0
1108450 806.5
1108460 806.5
1108470 808.0
1108480 810.4
1108490 810.4
1108500 812.7
1108510 815.0
1108520 815.0
1108530 815.9
1108540 816.1
1108550 816.1
1108560 816.3
1108570 816.0
1108580 816.0
1108590 816.0
1108600 816.5
1108610 814.1
1108620 815.3
1108630 814.6
1108640 814.2
1108650 814.2
1108660 815.8
1108670 818.3
1108680 818.3
1108690 819.1
1108700 819.4
1108710 819.4
1108720 819.7
1108730 819.9
1108740 819.9
1108750 821.1
1108760 821.7
1108770 821.7
1108780 820.1
1108790 816.2
1108800 816.2
1108810 813.8
1108820 811.6
1108830 811.6
1108840 809.0
1108850 805.9
1108860 805.9
1108870 805.1
1108880 802.8
1108890 802.8
1108900 798.5
1108910 796.7
1108920 796.7
1108930 795.9
1108940 794.4
1108950 795.3
1108960 795.3
1108970 795.8
1108980 795.9
1108990 795.9
1109000 795.6
1109010 797.2
1109020 797.2
1109030 798.6
1109040 799.6
1109050 799.6
1109060 801.3
1109070 803.2
1109080 803.2
1109090 804.3
1109100 805.3
1109110 805.3
1109120 806.3
1109130 807.0
1109140 807.0
1109150 807.6
1109160 808.4
1109170 808.4
1109180 809.2
1109190 809.8
1109200 809.8
1109210 810.4
1109220 811.6
1109230 812.3
1109240 812.3
1109250 814.4
1109260 815.5
1109270 815.5
1109280 813.2
1109290 814.1
1109300 814.1
1109310 815.1
1109320 815.8
1109330 815.8
1109340 817.1
1109350 818.4
1109360 818.4
1109370 819.7
1109380 820.7
1109390 820.7
1109400 822.5
1109410 824.7
1109420 824.7
1109430 826.7
1109440 826.8
1109450 826.8
1109460 827.3
1109470 827.4
1109480 827.4
1109490 828.1
1109500 829.5
1109510 829.5
1109520 831.7
1109530 834.2
1109540 834.7
1109550 834.7
1109560 834.9
1109570 836.6
1109580 836.6
1109590 838.7
1109600 839.0
1109610 839.0
1109620 835.0
1109630 840.0
1109640 840.0
1109650 843.0
1109660 845.9
1109670 845.9
1109680 849.2
1109690 851.9
1109700 851.9
1109710 853.6
1109720 856.7
1109730 856.7
1109740 859.4
1109750 861.9
1109760 861.9
1109770 863.9
1109780 865.4
1109790 865.4
1109800 867.3
1109810 868.9
1109820 868.9
1109830 871.4
1109840 875.4
1109850 880.0
1109860 880.0
1109870 881.1
1109880 880.6
1109890 880.6
1109900 874.5
1109910 870.3
1109920 870.3
1109930 868.9
1109940 867.2
1109950 867.2
1109960 872.7
1109970 870.2
1109980 870.2
1109990 874.0
1110000 876.1
1110010 876.1
1110020 878.9
1110030 882.1
1110040 882.1
1110050 884.9
1110060 886.7
1110070 886.7
1110080 889.3
1110090 891.4
1110100 891.4
1110110 892.2
1110120 891.8
1110130 891.8
1110140 891.2
1110150 889.4
1110160 886.0
1110170 886.0
1110180 884.0
1110190 883.8
1110200 883.8
1110210 886.0
1110220 891.1
1110230 891.1
1110240 896.5
1110250 900.7
1110260 900.7
1110270 904.3
1110280 908.5
1110290 908.5
1110300 914.1
1110310 915.2
1110320 915.2
1110330 920.3
1110340 925.4
1110350 925.4
1110360 931.1
1110370 936.8
1110380 936.8
1110390 940.4
1110400 946.8
1110410 946.8
1110420 951.8
1110430 954.9
1110440 954.9
1110450 951.8
1110460 944.6
1110470 940.3
1110480 940.3
1110490 945.0
1110500 950.3
1110510 950.3
1110520 955.1
1110530 960.4
1110540 960.4
1110550 960.1
1110560 958.7
1110570 958.7
1110580 958.9
1110590 960.7
1110600 960.7
1110610 961.6
1110620 963.0
1110630 963.0
1110640 967.3
1110650 963.1
1110660 963.1
1110670 964.6
1110680 965.2
1110690 965.2
1110700 964.9
1110710 962.9
1110720 962.9
1110730 960.7
1110740 959.3
1110750 959.3
1110760 958.3
1110770 957.1
1110780 955.8
1110790 955.8
1110800 953.9
1110810 953.6
1110820 953.6
1110830 951.9
1110840 949.7
1110850 949.7
1110860 949.2
1110870 949.8
1110880 949.8
1110890 952.0
1110900 953.5
1110910 953.5
1110920 954.7
1110930 955.8
1110940 955.8
1110950 958.6
1110960 963.0
1110970 963.0
1110980 966.3
1110990 960.3
1111000 960.3
1111010 958.9
1111020 958.0
1111030 958.0
1111040 958.4
1111050 958.3
1111060 958.5
1111070 958.5
1111080 957.1
1111090 955.0
1111100 955.0
1111110 957.5
1111120 963.7
1111130 963.7
1111140 963.9
1111150 966.4
1111160 966.4
1111170 968.3
1111180 969.3
1111190 969.3
1111200 966.7
1111210 962.2
1111220 962.2
1111230 963.8
1111240 965.4
1111250 965.4
1111260 968.3
1111270 972.3
1111280 972.3
1111290 974.3
1111300 976.4
1111310 976.4
1111320 977.9
1111330 972.4
1111340 972.4
1111350 974.0
1111360 975.0
1111370 974.4
1111380 974.4
1111390 973.8
1111400 974.6
1111410 974.6
1111420 976.3
1111430 977.0
1111440 977.0
1111450 978.8
1111460 980.2
1111470 980.2
1111480 980.7
1111490 980.4
1111500 980.4
1111510 978.3
1111520 975.3
1111530 975.3
1111540 973.1
1111550 974.1
1111560 974.1
1111570 977.1
1111580 979.2
1111590 979.2
1111600 980.1
1111610 980.1
1111620 980.1
1111630 979.5
1111640 979.6
1111650 979.6
1111660 980.2
1111670 981.1
1111680 983.7
1111690 983.7
1111700 984.7
1111710 984.5
1111720 984.5
1111730 983.8
1111740 982.3
1111750 982.3
1111760 981.0
1111770 981.0
1111780 981.0
1111790 980.9
1111800 980.8
1111810 980.8
1111820 980.9
1111830 980.8
1111840 980.8
1111850 980.7
1111860 980.3
1111870 980.3
1111880 979.9
1111890 979.0
1111900 979.0
1111910 977.2
1111920 975.9
1111930 975.9
1111940 974.1
1111950 973.6
1111960 973.6
1111970 974.2
1111980 974.2
1111990 974.4
1112000 974.4
1112010 973.2
1112020 974.7
1112030 974.7
1112040 978.4
1112050 980.7
1112060 980.7
1112070 983.2
1112080 985.2
1112090 985.2
1112100 987.6
1112110 990.2
1112120 990.2
1112130 991.7
1112140 993.1
1112150 993.1
1112160 994.4
1112170 995.9
1112180 995.9
1112190 998.5
1112200 1000.1
1112210 1000.1
1112220 1001.6
1112230 1002.2
1112240 1002.2
1112250 1002.5
1112260 1002.5
1112270 1002.5
1112280 1002.1
1112290 1001.9
1112300 1002.5
1112310 1002.5
1112320 1003.3
1112330 1004.7
1112340 1004.7
1112350 1007.5
1112360 1008.4
1112370 1008.4
1112380 1011.5
1112390 1012.6
1112400 1012.6
1112410 1011.5
1112420 1009.7
1112430 1009.7
1112440 1009.9
1112450 1010.9
1112460 1010.9
1112470 1012.1
1112480 1012.4
1112490 1012.4
1112500 1011.6
1112510 1010.1
1112520 1010.1
1112530 1010.4
1112540 1010.2
1112550 1010.2
1112560 1009.7
1112570 1009.7
1112580 1009.7
1112590 1010.0
1112600 1009.8
1112610 1010.9
1112620 1010.9
1112630 1012.6
1112640 1013.8
1112650 1013.8
1112660 1014.3
1112670 1014.6
1112680 1014.6
1112690 1014.2
1112700 1010.2
1112710 1010.2
1112720 1011.7
1112730 1011.5
1112740 1011.5
1112750 1010.5
1112760 1009.8
1112770 1009.8
1112780 1009.9
1112790 1010.7
1112800 1010.7
1112810 1011.5
1112820 1011.6
1112830 1011.6
1112840 1010.8
1112850 1011.1
1112860 1011.1
1112870 1012.4
1112880 1012.9
1112890 1013.1
1112900 1013.1
1112910 1012.7
1112920 1013.2
1112930 1013.2
1112940 1014.4
1112950 1015.0
1112960 1015.0
1112970 1015.5
1112980 1017.3
1112990 1017.3
1113000 1017.8
1113010 1018.3
1113020 1018.3
1113030 1018.6
1113040 1014.9
1113050 1014.9
1113060 1015.2
1113070 1016.1
1113080 1016.1
1113090 1017.2
1113100 1017.7
1113110 1017.7
1113120 1018.5
1113130 1020.6
1113140 1020.6
1113150 1022.7
1113160 1023.9
1113170 1023.9
1113180 1024.2
1113190 1025.3
1113200 1027.3
1113210 1027.3
1113220 1028.8
1113230 1030.2
1113240 1030.2
1113250 1031.3
1113260 1034.0
1113270 1034.0
1113280 1035.6
1113290 1037.0
1113300 1037.0
1113310 1039.2
1113320 1037.1
1113330 1037.1
1113340 1039.3
1113350 1040.9
1113360 1040.9
1113370 1039.5
1113380 1039.0
1113390 1031.7
1113400 1031.5
1113410 1030.3
1113420 1030.3
1113430 1027.7
1113440 1028.0
1113450 1028.0
1113460 1028.1
1113470 1027.7
1113480 1027.7
1113490 1027.2
1113500 1027.1
1113510 1027.0
1113520 1027.0
1113530 1028.0
1113540 1028.4
1113550 1028.4
1113560 1028.3
1113570 1027.7
1113580 1027.7
1113590 1027.3
1113600 1027.3
1113610 1027.3
1113620 1027.2
1113630 1026.8
1113640 1026.8
1113650 1026.3
1113660 1025.9
1113670 1025.9
1113680 1026.4
1113690 1028.5
1113700 1028.5
1113710 1030.1
1113720 1032.6
1113730 1028.0
1113740 1031.4
1113750 1030.1
1113760 1030.1
1113770 1029.4
1113780 1030.4
1113790 1030.4
1113800 1033.0
1113810 1034.7
1113820 1035.7
1113830 1035.7
1113840 1036.0
1113850 1034.2
1113860 1034.2
1113870 1032.4
1113880 1032.1
1113890 1032.1
1113900 1032.4
1113910 1035.2
1113920 1035.2
1113930 1036.4
1113940 1037.4
1113950 1037.4
1113960 1038.5
1113970 1039.2
1113980 1039.2
1113990 1040.2
1114000 1041.5
1114010 1041.5
1114020 1042.2
1114030 1042.3
1114040 1042.3
1114050 1042.7
1114060 1043.0
1114070 1043.0
1114080 1044.3
1114090 1044.8
1114100 1044.8
1114110 1045.2
1114120 1045.8
1114130 1046.4
1114140 1046.4
1114150 1046.8
1114160 1046.9
1114170 1046.9
1114180 1046.9
1114190 1047.1
1114200 1047.1
1114210 1047.0
1114220 1047.2
1114230 1047.2
1114240 1047.2
1114250 1047.0
1114260 1047.0
1114270 1047.0
1114280 1047.1
1114290 1047.1
1114300 1046.3
1114310 1045.6
1114320 1045.6
1114330 1045.5
1114340 1045.2
1114350 1045.2
1114360 1044.8
1114370 1044.6
1114380 1044.6
1114390 1043.9
1114400 1042.8
1114410 1042.8
1114420 1042.5
1114430 1040.9
1114440 1040.5
1114450 1040.5
1114460 1040.4
1114470 1039.7
1114480 1039.7
1114490 1040.0
1114500 1040.8
1114510 1040.8
1114520 1040.7
1114530 1041.1
1114540 1041.1
1114550 1042.8
1114560 1044.1
1114570 1044.1
1114580 1047.1
1114590 1051.9
1114600 1051.9
1114610 1053.8
1114620 1051.4
1114630 1051.4
1114640 1047.0
1114650 1043.4
1114660 1043.4
1114670 1039.9
1114680 1036.6
1114690 1036.6
1114700 1034.0
1114710 1032.5
1114720 1032.0
1114730 1032.0
1114740 1031.9
1114750 1031.9
1114760 1031.9
1114770 1031.9
1114780 1031.9
1114790 1031.9
1114800 1032.0
1114810 1032.0
1114820 1032.0
1114830 1032.1
1114840 1032.3
1114850 1032.3
1114860 1032.4
1114870 1032.6
1114880 1032.6
1114890 1032.8
1114900 1033.2
1114910 1033.2
1114920 1033.4
1114930 1033.6
1114940 1033.6
1114950 1032.9
1114960 1032.2
1114970 1032.2
1114980 1031.7
1114990 1031.2
1115000 1031.2
1115010 1030.9
1115020 1030.7
1115030 1030.3
1115040 1030.3
1115050 1029.9
1115060 1029.6
1115070 1029.6
1115080 1029.4
1115090 1029.2
1115100 1029.2
1115110 1029.4
1115120 1029.3
1115130 1029.3
1115140 1029.1
1115150 1028.9
1115160 1028.9
1115170 1028.5
1115180 1028.2
1115190 1028.2
1115200 1028.0
1115210 1027.7
1115220 1027.7
1115230 1027.5
1115240 1027.3
1115250 1027.3
1115260 1027.2
1115270 1027.2
1115280 1027.2
1115290 1027.1
1115300 1026.9
1115310 1026.9
1115320 1026.6
1115330 1026.5
1115340 1026.6
1115350 1026.6
1115360 1026.6
1115370 1026.4
1115380 1026.4
1115390 1026.3
1115400 1026.4
1115410 1026.4
1115420 1026.6
1115430 1026.7
1115440 1026.7
1115450 1027.0
1115460 1027.3
1115470 1027.3
1115480 1027.4
1115490 1027.4
1115500 1027.4
1115510 1027.3
1115520 1027.2
1115530 1027.2
1115540 1027.0
1115550 1026.8
1115560 1026.8
1115570 1026.6
1115580 1026.4
1115590 1026.4
1115600 1026.1
1115610 1026.2
1115620 1026.2
1115630 1025.9
1115640 1025.5
1115650 1025.1
1115660 1025.1
1115670 1024.9
1115680 1024.8
1115690 1024.8
1115700 1024.5
1115710 1024.3
1115720 1024.3
1115730 1024.2
1115740 1023.7
1115750 1023.7
1115760 1023.5
1115770 1023.2
1115780 1023.2
1115790 1021.1
1115800 1020.6
1115810 1020.6
1115820 1021.3
1115830 1021.7
1115840 1021.7
1115850 1021.6
1115860 1021.2
1115870 1021.2
1115880 1021.0
1115890 1021.0
1115900 1021.0
1115910 1020.8
1115920 1020.5
1115930 1020.5
1115940 1020.4
1115950 1021.0
1115960 1021.9
1115970 1021.9
1115980 1023.1
1115990 1024.6
1116000 1024.6
1116010 1027.8
1116020 1030.0
1116030 1030.0
1116040 1029.3
1116050 1028.7
1116060 1028.7
1116070 1029.5
1116080 1030.9
1116090 1030.9
1116100 1033.6
1116110 1037.0
1116120 1037.0
1116130 1038.4
1116140 1038.4
1116150 1043.7
1116160 1042.2
1116170 1040.7
1116180 1040.7
1116190 1039.5
1116200 1037.4
1116210 1037.4
1116220 1036.0
1116230 1037.3
1116240 1037.3
1116250 1037.9
1116260 1037.9
1116270 1038.1
1116280 1038.1
1116290 1038.4
1116300 1037.2
1116310 1037.2
1116320 1037.5
1116330 1039.1
1116340 1039.1
1116350 1040.9
1116360 1041.0
1116370 1041.0
1116380 1039.3
1116390 1038.4
1116400 1038.4
1116410 1039.2
1116420 1039.5
1116430 1039.5
1116440 1039.8
1116450 1039.7
1116460 1039.7
1116470 1039.3
1116480 1038.6
1116490 1038.9
1116500 1038.4
1116510 1037.9
1116520 1037.9
1116530 1036.5
1116540 1036.4
1116550 1039.4
1116560 1039.4
1116570 1044.9
1116580 1050.9
1116590 1050.9
1116600 1051.8
1116610 1051.1
1116620 1051.1
1116630 1053.0
1116640 1055.6
1116650 1055.6
1116660 1058.8
1116670 1061.2
1116680 1061.2
1116690 1062.7
1116700 1064.1
1116710 1064.1
1116720 1064.6
1116730 1066.2
1116740 1066.2
1116750 1067.6
1116760 1068.5
1116770 1068.5
1116780 1070.3
1116790 1071.0
1116800 1071.0
1116810 1072.1
1116820 1072.1
1116830 1072.1
1116840 1077.4
1116850 1078.3
1116860 1077.9
1116870 1077.9
1116880 1077.6
1116890 1080.8
1116900 1080.8
1116910 1082.3
1116920 1080.4
1116930 1080.4
1116940 1079.5
1116950 1080.5
1116960 1080.5
1116970 1082.7
1116980 1084.1
1116990 1084.1
1117000 1085.7
1117010 1086.6
1117020 1086.6
1117030 1087.6
1117040 1088.0
1117050 1088.0
1117060 1090.5
1117070 1093.1
1117080 1093.1
1117090 1093.4
1117100 1094.0
1117110 1094.0
1117120 1096.1
1117130 1098.4
1117140 1098.4
1117150 1097.8
1117160 1098.3
1117170 1101.2
1117180 1101.2
1117190 1110.7
1117200 1115.6
1117210 1115.6
1117220 1118.0
1117230 1119.0
1117240 1119.0
1117250 1121.4
1117260 1123.6
1117270 1123.6
1117280 1123.9
1117290 1126.1
1117300 1126.1
1117310 1128.8
1117320 1129.9
1117330 1129.9
1117340 1133.8
1117350 1135.2
1117360 1135.2
1117370 1138.7
1117380 1141.2
1117390 1141.2
1117400 1143.3
1117410 1145.8
1117420 1145.8
1117430 1147.5
1117440 1148.0
1117450 1148.0
1117460 1148.2
1117470 1148.5
1117480 1148.0
1117490 1148.0
1117500 1146.7
1117510 1145.4
1117520 1145.4
1117530 1146.8
1117540 1144.1
1117550 1144.1
1117560 1141.4
1117570 1139.5
1117580 1139.5
1117590 1135.7
1117600 1131.2
1117610 1131.2
1117620 1126.0
1117630 1121.1
1117640 1121.1
1117650 1115.1
1117660 1108.4
1117670 1108.4
1117680 1101.5
1117690 1096.1
1117700 1096.1
1117710 1092.8
1117720 1089.5
1117730 1089.5
1117740 1086.0
1117750 1082.8
1117760 1082.8
1117770 1079.9
1117780 1075.8
1117790 1072.6
1117800 1072.6
1117810 1069.6
1117820 1066.3
1117830 1066.3
1117840 1062.6
1117850 1060.0
1117860 1060.0
1117870 1057.0
1117880 1057.8
1117890 1057.8
1117900 1054.8
1117910 1052.1
1117920 1052.1
1117930 1048.9
1117940 1045.8
1117950 1045.8
1117960 1043.6
1117970 1040.0
1117980 1040.0
1117990 1037.7
1118000 1034.6
1118010 1034.6
1118020 1032.9
1118030 1033.1
1118040 1033.1
1118050 1033.4
1118060 1033.6
1118070 1034.0
1118080 1034.0
1118090 1034.3
1118100 1034.4
1118110 1034.4
1118120 1034.7
1118130 1035.1
1118140 1035.1
1118150 1035.2
1118160 1035.2
1118170 1035.2
1118180 1035.4
1118190 1035.8
1118200 1035.8
1118210 1036.1
1118220 1036.3
1118230 1036.9
1118240 1037.4
1118250 1037.5
1118260 1037.5
1118270 1037.8
1118280 1038.3
1118290 1038.3
1118300 1038.9
1118310 1039.3
1118320 1039.3
1118330 1039.7
1118340 1039.2
1118350 1039.2
1118360 1037.8
1118370 1037.8
1118380 1039.3
1118390 1039.3
1118400 1040.6
1118410 1041.0
1118420 1041.0
1118430 1043.1
1118440 1043.5
1118450 1043.5
1118460 1043.1
1118470 1043.4
1118480 1043.4
1118490 1043.5
1118500 1044.0
1118510 1044.0
1118520 1045.2
1118530 1045.6
1118540 1045.6
1118550 1046.0
1118560 1046.1
1118570 1046.1
1118580 1046.3
1118590 1045.9
1118600 1045.9
1118610 1045.9
1118620 1047.1
1118630 1047.1
1118640 1050.7
1118650 1054.1
1118660 1054.1
1118670 1056.1
1118680 1057.3
1118690 1059.9
1118700 1059.9
1118710 1062.0
1118720 1063.7
1118730 1063.7
1118740 1066.3
1118750 1068.2
1118760 1068.2
1118770 1069.4
1118780 1071.3
1118790 1071.3
1118800 1073.5
1118810 1075.6
1118820 1075.6
1118830 1078.3
1118840 1081.7
1118850 1081.7
1118860 1084.5
1118870 1087.6
1118880 1087.6
1118890 1090.1
1118900 1092.1
1118910 1092.1
1118920 1092.5
1118930 1095.8
1118940 1095.8
1118950 1097.3
1118960 1099.2
1118970 1099.2
1118980 1100.8
1118990 1102.4
1119000 1104.0
1119010 1104.0
1119020 1105.7
1119030 1107.9
1119040 1107.9
1119050 1109.6
1119060 1111.3
1119070 1111.3
1119080 1112.5
1119090 1113.5
1119100 1113.5
1119110 1114.5
1119120 1117.2
1119130 1117.2
1119140 1120.4
1119150 1123.5
1119160 1123.5
1119170 1126.3
1119180 1128.4
1119190 1128.4
1119200 1131.0
1119210 1133.7
1119220 1133.7
1119230 1136.1
1119240 1138.3
1119250 1138.3
1119260 1140.5
1119270 1143.2
1119280 1148.0
1119290 1151.5
1119300 1155.6
1119310 1159.9
1119320 1159.9
1119330 1164.2
1119340 1168.3
1119350 1168.3
1119360 1172.2
1119370 1175.5
1119380 1175.5
1119390 1179.1
1119400 1182.6
1119410 1182.6
1119420 1186.2
1119430 1189.7
1119440 1189.7
1119450 1192.4
1119460 1195.4
1119470 1195.4
1119480 1198.2
1119490 1201.6
1119500 1201.6
1119510 1205.1
1119520 1208.7
1119530 1208.7
1119540 1212.3
1119550 1215.3
1119560 1215.3
1119570 1218.8
1119580 1222.8
1119590 1222.8
1119600 1226.6
1119610 1231.6
1119620 1242.5
1119630 1242.5
1119640 1252.5
1119650 1256.9
1119660 1256.9
1119670 1260.7
1119680 1264.2
1119690 1264.2
1119700 1266.4
1119710 1268.0
1119720 1268.0
1119730 1270.8
1119740 1272.7
1119750 1272.7
1119760 1273.3
1119770 1274.7
1119780 1274.7
1119790 1276.3
1119800 1277.8
1119810 1277.8
1119820 1279.9
1119830 1280.3
1119840 1280.3
1119850 1282.0
1119860 1283.3
1119870 1283.3
1119880 1287.3
1119890 1291.1
1119900 1299.4
1119910 1299.4
1119920 1305.2
1119930 1307.0
1119940 1307.0
1119950 1308.0
1119960 1309.1
1119970 1318.9
1119980 1319.8
1119990 1314.1
