1100000 859.6
1100010 854.6
1100020 850.2
1100030 850.2
1100040 846.3
1100050 843.8
1100060 843.8
1100070 840.7
1100080 837.2
1100090 837.2
1100100 834.0
1100110 833.0
1100120 833.0
1100130 832.8
1100140 830.1
1100150 830.1
1100160 827.1
1100170 824.5
1100180 824.5
1100190 822.5
1100200 820.6
1100210 824.2
1100220 820.8
1100230 816.8
1100240 816.8
1100250 814.3
1100260 812.1
1100270 808.4
1100280 808.4
1100290 803.3
1100300 798.4
1100310 798.4
1100320 793.8
1100330 788.1
1100340 788.1
1100350 782.9
1100360 778.2
1100370 778.2
1100380 773.4
1100390 768.5
1100400 768.5
1100410 763.1
1100420 756.7
1100430 756.7
1100440 750.1
1100450 743.5
1100460 743.5
1100470 737.5
1100480 732.0
1100490 732.0
1100500 727.7
1100510 723.9
1100520 723.9
1100530 718.2
1100540 711.6
1100550 710.2
1100560 703.1
1100570 697.7
1100580 692.9
1100590 692.9
1100600 689.5
1100610 685.5
1100620 685.5
1100630 682.8
1100640 679.5
1100650 679.5
1100660 674.9
1100670 670.5
1100680 670.5
1100690 665.8
1100700 661.6
1100710 661.6
1100720 657.6
1100730 653.6
1100740 653.6
1100750 651.2
1100760 650.2
1100770 650.2
1100780 648.6
1100790 647.3
1100800 647.3
1100810 646.4
1100820 645.5
1100830 645.5
1100840 644.4
1100850 641.5
1100860 641.5
1100870 642.1
1100880 642.2
1100890 641.4
1100900 641.4
1100910 640.6
1100920 640.1
1100930 640.1
1100940 638.1
1100950 635.2
1100960 635.2
1100970 635.0
1100980 635.1
1100990 635.1
1101000 635.8
1101010 638.9
1101020 638.9
1101030 638.5
1101040 637.5
1101050 637.5
1101060 637.4
1101070 637.5
1101080 637.5
1101090 638.6
1101100 638.8
1101110 638.8
1101120 639.0
1101130 639.2
1101140 639.2
1101150 639.9
1101160 638.8
1101170 638.8
1101180 638.7
1101190 638.7
1101200 638.8
1101210 638.8
1101220 639.1
1101230 639.2
1101240 639.2
1101250 639.1
1101260 639.2
1101270 639.2
1101280 639.2
1101290 638.9
1101300 638.9
1101310 638.7
1101320 638.7
1101330 638.7
1101340 638.7
1101350 638.7
1101360 638.7
1101370 638.7
1101380 639.0
1101390 639.0
1101400 638.9
1101410 638.9
1101420 638.9
1101430 639.0
1101440 639.1
1101450 639.1
1101460 639.1
1101470 639.1
1101480 639.1
1101490 639.1
1101500 639.1
1101510 639.2
1101520 639.2
1101530 639.1
1101540 638.8
1101550 638.8
1101560 638.8
1101570 639.2
1101580 639.2
1101590 639.3
1101600 641.6
1101610 641.6
1101620 642.7
1101630 642.8
1101640 642.8
1101650 642.6
1101660 642.5
1101670 642.5
1101680 642.5
1101690 642.4
1101700 642.4
1101710 642.2
1101720 641.8
1101730 641.8
1101740 642.0
1101750 641.8
1101760 641.8
1101770 641.5
1101780 641.4
1101790 641.4
1101800 641.4
1101810 641.6
1101820 641.9
1101830 641.9
1101840 643.8
1101850 648.6
1101860 648.6
1101870 652.2
1101880 652.9
1101890 652.9
1101900 655.4
1101910 658.1
1101920 658.1
1101930 660.8
1101940 663.8
1101950 663.8
1101960 667.7
1101970 671.2
1101980 671.2
1101990 673.9
1102000 676.8
1102010 676.8
1102020 677.4
1102030 678.1
1102040 678.1
1102050 681.7
1102060 686.7
1102070 686.7
1102080 691.5
1102090 696.6
1102100 702.2
1102110 702.2
1102120 709.1
1102130 714.6
1102140 714.6
1102150 720.8
1102160 726.9
1102170 726.9
1102180 745.7
1102190 766.6
1102200 766.6
1102210 773.2
1102220 777.7
1102230 777.7
1102240 782.9
1102250 786.2
1102260 786.2
1102270 789.3
1102280 791.7
1102290 791.7
1102300 792.5
1102310 793.4
1102320 793.4
1102330 794.4
1102340 795.6
1102350 795.6
1102360 796.2
1102370 795.8
1102380 795.8
1102390 794.5
1102400 793.9
1102410 793.6
1102420 793.6
1102430 791.1
1102440 791.2
1102450 791.2
1102460 792.5
1102470 793.3
1102480 793.3
1102490 794.0
1102500 794.9
1102510 794.9
1102520 796.1
1102530 796.8
1102540 792.0
1102550 792.8
1102560 793.1
1102570 793.1
1102580 793.0
1102590 793.3
1102600 793.3
1102610 794.5
1102620 795.7
1102630 795.7
1102640 795.8
1102650 796.4
1102660 796.4
1102670 798.1
1102680 798.9
1102690 798.9
1102700 799.3
1102710 800.0
1102720 799.9
1102730 799.9
1102740 802.2
1102750 805.3
1102760 805.3
1102770 806.8
1102780 808.7
1102790 808.7
1102800 810.1
1102810 811.3
1102820 811.3
1102830 812.4
1102840 813.3
1102850 813.3
1102860 814.2
1102870 816.2
1102880 812.1
1102890 812.2
1102900 812.0
1102910 812.0
1102920 812.4
1102930 813.0
1102940 813.0
1102950 814.4
1102960 815.6
1102970 815.6
1102980 817.2
1102990 819.5
1103000 819.5
1103010 821.8
1103020 823.4
1103030 825.0
1103040 825.0
1103050 825.2
1103060 824.9
1103070 824.9
1103080 826.5
1103090 829.6
1103100 829.6
1103110 832.4
1103120 832.5
1103130 832.5
1103140 832.4
1103150 836.2
1103160 836.2
1103170 838.6
1103180 839.8
1103190 839.8
1103200 840.1
1103210 837.3
1103220 837.3
1103230 837.6
1103240 839.8
1103250 839.8
1103260 840.6
1103270 841.9
1103280 841.9
1103290 844.7
1103300 847.6
1103310 847.6
1103320 850.0
1103330 852.5
1103340 855.0
1103350 855.0
1103360 856.0
1103370 857.8
1103380 857.8
1103390 859.2
1103400 860.5
1103410 860.5
1103420 860.8
1103430 859.1
1103440 859.1
1103450 857.2
1103460 857.9
1103470 857.9
1103480 859.3
1103490 860.0
1103500 860.0
1103510 861.3
1103520 863.9
1103530 863.9
1103540 864.4
1103550 861.9
1103560 861.9
1103570 862.6
1103580 862.8
1103590 862.8
1103600 863.6
1103610 862.7
1103620 862.7
1103630 864.0
1103640 866.0
1103650 865.8
1103660 865.8
1103670 860.7
1103680 852.5
1103690 852.5
1103700 845.9
1103710 839.7
1103720 839.7
1103730 838.1
1103740 836.8
1103750 836.8
1103760 834.0
1103770 832.8
1103780 832.8
1103790 834.8
1103800 835.0
1103810 835.0
1103820 835.3
1103830 837.1
1103840 837.1
1103850 838.4
1103860 840.1
1103870 840.1
1103880 837.6
1103890 839.8
1103900 839.8
1103910 841.4
1103920 843.6
1103930 843.6
1103940 848.0
1103950 852.1
1103960 855.8
1103970 855.8
1103980 860.7
1103990 864.2
1104000 864.2
1104010 866.5
1104020 868.2
1104030 868.2
1104040 868.5
1104050 869.8
1104060 869.8
1104070 871.2
1104080 875.1
1104090 875.1
1104100 879.3
1104110 880.6
1104120 880.6
1104130 881.4
1104140 883.3
1104150 883.3
1104160 885.0
1104170 885.0
1104180 885.0
1104190 885.9
1104200 888.3
1104210 888.3
1104220 885.7
1104230 888.9
1104240 888.9
1104250 892.7
1104260 896.0
1104270 898.3
1104280 898.3
1104290 899.5
1104300 900.3
1104310 900.3
1104320 903.1
1104330 905.2
1104340 905.2
1104350 908.2
1104360 912.0
1104370 912.0
1104380 914.5
1104390 916.1
1104400 916.1
1104410 916.6
1104420 917.6
1104430 917.6
1104440 920.5
1104450 922.1
1104460 922.1
1104470 924.8
1104480 928.1
1104490 928.1
1104500 930.2
1104510 932.4
1104520 932.4
1104530 935.7
1104540 939.2
1104550 934.1
1104560 937.9
1104570 940.5
1104580 942.5
1104590 942.5
1104600 944.8
1104610 946.0
1104620 946.0
1104630 946.9
1104640 950.0
1104650 950.0
1104660 952.3
1104670 953.9
1104680 953.9
1104690 954.9
1104700 955.5
1104710 955.5
1104720 955.7
1104730 958.8
1104740 958.8
1104750 960.9
1104760 962.7
1104770 962.7
1104780 963.7
1104790 965.5
1104800 965.5
1104810 967.0
1104820 968.2
1104830 968.2
1104840 968.9
1104850 971.7
1104860 972.2
1104870 972.2
1104880 973.3
1104890 972.0
1104900 972.0
1104910 963.6
1104920 950.2
1104930 950.2
1104940 940.8
1104950 934.4
1104960 934.4
1104970 929.3
1104980 925.1
1104990 925.1
1105000 920.6
1105010 917.0
1105020 917.0
1105030 915.0
1105040 912.3
1105050 912.3
1105060 909.4
1105070 905.7
1105080 905.7
1105090 901.8
1105100 898.8
1105110 898.8
1105120 896.3
1105130 894.3
1105140 894.3
1105150 892.3
1105160 890.2
1105170 887.7
1105180 887.7
1105190 884.2
1105200 880.7
1105210 880.7
1105220 881.3
1105230 878.6
1105240 878.6
1105250 876.5
1105260 875.8
1105270 875.8
1105280 875.3
1105290 874.6
1105300 874.6
1105310 873.7
1105320 873.1
1105330 873.1
1105340 872.6
1105350 872.3
1105360 872.3
1105370 872.6
1105380 872.8
1105390 872.8
1105400 873.7
1105410 876.1
1105420 876.1
1105430 880.1
1105440 884.2
1105450 884.2
1105460 886.0
1105470 887.1
1105480 888.3
1105490 888.3
1105500 889.4
1105510 889.8
1105520 889.8
1105530 889.6
1105540 889.2
1105550 889.2
1105560 890.5
1105570 891.6
1105580 891.6
1105590 892.3
1105600 892.5
1105610 892.5
1105620 892.9
1105630 893.5
1105640 893.5
1105650 894.1
1105660 894.9
1105670 894.9
1105680 896.8
1105690 900.6
1105700 900.6
1105710 905.0
1105720 907.8
1105730 907.8
1105740 909.8
1105750 910.5
1105760 910.5
1105770 908.6
1105780 907.0
1105790 906.1
1105800 906.1
1105810 904.1
1105820 900.7
1105830 900.7
1105840 895.3
1105850 893.7
1105860 893.7
1105870 893.8
1105880 894.5
1105890 894.5
1105900 892.4
1105910 893.2
1105920 893.2
1105930 894.7
1105940 895.2
1105950 895.2
1105960 895.8
1105970 896.1
1105980 896.1
1105990 895.6
1106000 894.9
1106010 894.9
1106020 895.4
1106030 897.4
1106040 897.4
1106050 900.0
1106060 901.8
1106070 901.8
1106080 902.7
1106090 902.8
1106100 902.8
1106110 902.8
1106120 903.2
1106130 903.5
1106140 903.5
1106150 903.7
1106160 903.9
1106170 903.9
1106180 904.0
1106190 904.1
1106200 904.1
1106210 904.1
1106220 904.2
1106230 904.1
1106240 903.9
1106250 903.5
1106260 903.5
1106270 903.1
1106280 902.5
1106290 902.5
1106300 902.5
1106310 902.6
1106320 902.6
1106330 902.7
1106340 902.9
1106350 902.9
1106360 903.0
1106370 903.1
1106380 903.1
1106390 903.3
1106400 903.5
1106410 903.7
1106420 903.7
1106430 903.8
1106440 904.0
1106450 904.0
1106460 904.6
1106470 907.1
1106480 907.1
1106490 909.3
1106500 910.7
1106510 910.7
1106520 913.4
1106530 916.8
1106540 916.8
1106550 921.1
1106560 926.4
1106570 931.6
1106580 937.9
1106590 946.1
1106600 946.1
1106610 963.0
1106620 975.9
1106630 975.9
1106640 979.2
1106650 984.1
1106660 984.1
1106670 987.7
1106680 988.3
1106690 988.3
1106700 988.6
1106710 990.0
1106720 992.6
1106730 992.6
1106740 994.6
1106750 995.7
1106760 995.7
1106770 996.1
1106780 995.6
1106790 995.6
1106800 994.4
1106810 993.7
1106820 993.7
1106830 992.2
1106840 990.7
1106850 990.7
1106860 989.4
1106870 989.4
1106880 989.4
1106890 988.8
1106900 985.9
1106910 987.4
1106920 986.6
1106930 985.2
1106940 985.2
1106950 983.7
1106960 979.0
1106970 979.0
1106980 974.7
1106990 966.3
1107000 966.3
1107010 970.1
1107020 971.9
1107030 968.5
1107040 968.5
1107050 959.8
1107060 949.9
1107070 949.9
1107080 936.2
1107090 923.8
1107100 923.8
1107110 919.4
1107120 911.8
1107130 911.8
1107140 905.5
1107150 902.6
1107160 902.6
1107170 901.2
1107180 900.8
1107190 900.8
1107200 900.9
1107210 900.8
1107220 900.8
1107230 900.6
1107240 900.6
1107250 899.1
1107260 899.1
1107270 899.9
1107280 899.9
1107290 901.1
1107300 902.1
1107310 902.1
1107320 902.4
1107330 902.2
1107340 901.2
1107350 901.2
1107360 900.8
1107370 900.9
1107380 900.9
1107390 897.7
1107400 893.9
1107410 893.9
1107420 889.7
1107430 884.6
1107440 884.6
1107450 880.4
1107460 879.5
1107470 879.5
1107480 879.4
1107490 879.3
1107500 879.3
1107510 879.2
1107520 879.8
1107530 879.8
1107540 884.1
1107550 890.3
1107560 890.3
1107570 897.3
1107580 905.0
1107590 904.3
1107600 912.4
1107610 920.0
1107620 927.8
1107630 927.8
1107640 935.9
1107650 949.0
1107660 949.0
1107670 963.3
1107680 981.6
1107690 981.6
1107700 992.6
1107710 994.0
1107720 994.0
1107730 995.1
1107740 996.9
1107750 996.9
1107760 998.6
1107770 1001.1
1107780 1001.1
1107790 1003.4
1107800 1005.4
1107810 1005.4
1107820 1007.2
1107830 1008.1
1107840 1008.1
1107850 1009.0
1107860 1009.6
1107870 1009.6
1107880 1010.6
1107890 1012.2
1107900 1012.2
1107910 1014.3
1107920 1011.3
1107930 1014.0
1107940 1014.0
1107950 1014.2
1107960 1014.0
1107970 1014.0
1107980 1015.3
1107990 1014.9
1108000 1014.9
1108010 1012.9
1108020 1011.0
1108030 1011.0
1108040 1009.0
1108050 1008.5
1108060 1008.5
1108070 1007.9
1108080 1007.1
1108090 1007.1
1108100 1006.8
1108110 1006.4
1108120 1006.4
1108130 1005.5
1108140 1004.2
1108150 1004.2
1108160 1003.7
1108170 1003.1
1108180 1003.1
1108190 1002.6
1108200 1001.7
1108210 1001.7
1108220 1000.6
1108230 999.1
1108240 997.4
1108250 997.4
1108260 987.8
1108270 986.7
1108280 986.7
1108290 983.2
1108300 978.0
1108310 978.0
1108320 971.2
1108330 962.7
1108340 962.7
1108350 963.8
1108360 964.3
1108370 964.3
1108380 964.1
1108390 964.4
1108400 964.4
1108410 970.3
1108420 976.2
1108430 976.2
1108440 979.4
1108450 981.4
1108460 981.4
1108470 983.2
1108480 983.4
1108490 983.4
1108500 982.6
1108510 981.4
1108520 981.4
1108530 979.2
1108540 975.7
1108550 972.1
1108560 972.1
1108570 969.2
1108580 971.9
1108590 971.9
1108600 964.3
1108610 964.7
1108620 964.7
1108630 964.9
1108640 964.4
1108650 964.4
1108660 964.9
1108670 964.4
1108680 964.4
1108690 963.0
1108700 961.7
1108710 961.7
1108720 961.2
1108730 961.5
1108740 961.5
1108750 961.9
1108760 962.6
1108770 962.6
1108780 963.3
1108790 963.7
1108800 963.7
1108810 963.4
1108820 963.3
1108830 963.3
1108840 963.6
1108850 965.9
1108860 966.9
1108870 966.9
1108880 967.5
1108890 968.5
1108900 968.5
1108910 969.2
1108920 969.0
1108930 969.0
1108940 960.2
1108950 960.3
1108960 960.3
1108970 961.9
1108980 963.4
1108990 963.4
1109000 965.0
1109010 966.3
1109020 966.3
1109030 967.5
1109040 967.9
1109050 967.9
1109060 968.4
1109070 970.0
1109080 970.0
1109090 972.6
1109100 973.8
1109110 973.8
1109120 974.5
1109130 974.3
1109140 974.3
1109150 974.7
1109160 976.5
1109170 979.4
1109180 979.4
1109190 981.3
1109200 981.4
1109210 981.4
1109220 981.2
1109230 982.4
1109240 982.4
1109250 982.7
1109260 983.1
1109270 983.1
1109280 974.9
1109290 975.4
1109300 975.4
1109310 975.9
1109320 974.3
1109330 974.3
1109340 972.6
1109350 974.1
1109360 974.1
1109370 974.8
1109380 975.5
1109390 975.5
1109400 977.2
1109410 979.2
1109420 979.2
1109430 980.0
1109440 979.0
1109450 979.0
1109460 978.9
1109470 980.8
1109480 980.6
1109490 980.6
1109500 978.8
1109510 980.9
1109520 980.9
1109530 984.7
1109540 988.9
1109550 988.9
1109560 991.7
1109570 993.5
1109580 993.5
1109590 995.1
1109600 997.4
1109610 997.4
1109620 991.4
1109630 993.8
1109640 993.8
1109650 996.4
1109660 999.3
1109670 999.3
1109680 1001.9
1109690 1004.4
1109700 1004.4
1109710 1006.4
1109720 1007.6
1109730 1007.6
1109740 1009.9
1109750 1008.4
1109760 1006.6
1109770 1006.6
1109780 1004.6
1109790 1002.7
1109800 1002.7
1109810 1000.8
1109820 1000.3
1109830 1000.3
1109840 1000.1
1109850 998.5
1109860 998.5
1109870 995.9
1109880 994.9
1109890 994.9
1109900 994.5
1109910 993.9
1109920 993.9
1109930 993.1
1109940 991.8
1109950 991.8
1109960 986.0
1109970 984.1
1109980 984.1
1109990 985.3
1110000 986.4
1110010 986.4
1110020 990.9
1110030 998.5
1110040 998.5
1110050 1006.0
1110060 1011.6
1110070 1012.7
1110080 1012.7
1110090 1011.2
1110100 1009.1
1110110 1009.1
1110120 1007.1
1110130 1005.4
1110140 1005.4
1110150 1004.1
1110160 1003.6
1110170 1003.6
1110180 1001.3
1110190 1000.3
1110200 1000.3
1110210 1004.3
1110220 1008.4
1110230 1008.4
1110240 1008.3
1110250 1007.9
1110260 1007.9
1110270 1012.9
1110280 1016.6
1110290 1016.6
1110300 1013.7
1110310 1014.9
1110320 1014.9
1110330 1016.1
1110340 1018.8
1110350 1018.8
1110360 1015.2
1110370 1012.8
1110380 1009.9
1110390 1009.9
1110400 1005.8
1110410 1003.1
1110420 1003.1
1110430 1001.6
1110440 1005.1
1110450 1005.1
1110460 1013.8
1110470 1022.7
1110480 1022.7
1110490 1032.2
1110500 1042.3
1110510 1042.3
1110520 1047.6
1110530 1049.8
1110540 1049.8
1110550 1051.8
1110560 1053.3
1110570 1053.3
1110580 1054.7
1110590 1057.5
1110600 1057.5
1110610 1061.8
1110620 1067.4
1110630 1067.4
1110640 1066.4
1110650 1070.9
1110660 1070.9
1110670 1075.5
1110680 1079.7
1110690 1082.9
1110700 1082.9
1110710 1087.5
1110720 1090.1
1110730 1090.1
1110740 1090.0
1110750 1091.5
1110760 1091.5
1110770 1093.3
1110780 1095.7
1110790 1095.7
1110800 1099.2
1110810 1103.2
1110820 1103.2
1110830 1105.8
1110840 1108.2
1110850 1108.2
1110860 1110.6
1110870 1112.8
1110880 1112.8
1110890 1114.2
1110900 1115.1
1110910 1115.1
1110920 1116.6
1110930 1117.9
1110940 1117.9
1110950 1120.7
1110960 1121.5
1110970 1121.5
1110980 1120.6
1110990 1117.2
1111000 1119.7
1111010 1119.7
1111020 1121.4
1111030 1123.4
1111040 1123.4
1111050 1124.7
1111060 1124.6
1111070 1124.6
1111080 1125.0
1111090 1125.6
1111100 1125.6
1111110 1124.1
1111120 1121.8
1111130 1121.8
1111140 1120.2
1111150 1118.7
1111160 1118.7
1111170 1117.0
1111180 1114.1
1111190 1114.1
1111200 1110.5
1111210 1109.7
1111220 1109.7
1111230 1113.0
1111240 1114.7
1111250 1114.7
1111260 1115.3
1111270 1115.5
1111280 1115.5
1111290 1113.5
1111300 1106.7
1111310 1112.7
1111320 1112.7
1111330 1110.9
1111340 1110.7
1111350 1110.7
1111360 1108.2
1111370 1104.7
1111380 1104.7
1111390 1103.6
1111400 1104.1
1111410 1104.1
1111420 1100.9
1111430 1096.2
1111440 1096.2
1111450 1097.7
1111460 1099.6
1111470 1099.6
1111480 1100.2
1111490 1099.7
1111500 1099.7
1111510 1098.0
1111520 1099.6
1111530 1099.6
1111540 1100.9
1111550 1101.1
1111560 1101.1
1111570 1101.0
1111580 1102.6
1111590 1102.6
1111600 1105.4
1111610 1107.7
1111620 1109.0
1111630 1109.0
1111640 1110.1
1111650 1109.1
1111660 1109.1
1111670 1102.7
1111680 1101.3
1111690 1101.3
1111700 1097.8
1111710 1093.4
1111720 1093.4
1111730 1088.0
1111740 1089.4
1111750 1089.4
1111760 1090.4
1111770 1091.6
1111780 1091.6
1111790 1090.5
1111800 1088.8
1111810 1088.8
1111820 1088.6
1111830 1089.4
1111840 1089.4
1111850 1089.3
1111860 1088.7
1111870 1088.7
1111880 1090.5
1111890 1092.3
1111900 1092.3
1111910 1095.3
1111920 1097.9
1111930 1099.2
1111940 1099.2
1111950 1098.5
1111960 1096.7
1111970 1096.7
1111980 1095.6
1111990 1097.4
1112000 1097.4
1112010 1096.9
1112020 1097.8
1112030 1097.8
1112040 1098.8
1112050 1100.3
1112060 1100.3
1112070 1100.8
1112080 1102.1
1112090 1102.1
1112100 1104.5
1112110 1106.2
1112120 1106.2
1112130 1107.4
1112140 1105.8
1112150 1105.8
1112160 1096.9
1112170 1087.2
1112180 1087.2
1112190 1078.4
1112200 1070.1
1112210 1069.3
1112220 1069.3
1112230 1075.6
1112240 1083.5
1112250 1083.5
1112260 1091.1
1112270 1099.4
1112280 1099.4
1112290 1105.5
1112300 1108.5
1112310 1108.5
1112320 1109.2
1112330 1109.8
1112340 1109.8
1112350 1108.6
1112360 1108.9
1112370 1108.9
1112380 1108.7
1112390 1109.3
1112400 1109.3
1112410 1109.8
1112420 1109.6
1112430 1109.6
1112440 1103.8
1112450 1096.2
1112460 1096.2
1112470 1090.7
1112480 1086.3
1112490 1086.3
1112500 1091.4
1112510 1098.4
1112520 1104.2
1112530 1104.2
1112540 1107.8
1112550 1110.0
1112560 1110.0
1112570 1114.0
1112580 1119.9
1112590 1119.9
1112600 1120.8
1112610 1121.4
1112620 1121.4
1112630 1122.4
1112640 1121.7
1112650 1121.7
1112660 1115.2
1112670 1105.3
1112680 1105.3
1112690 1098.4
1112700 1093.7
1112710 1093.7
1112720 1099.6
1112730 1107.3
1112740 1107.3
1112750 1114.6
1112760 1123.5
1112770 1123.5
1112780 1125.5
1112790 1125.4
1112800 1125.4
1112810 1125.3
1112820 1125.0
1112830 1124.0
1112840 1124.0
1112850 1122.8
1112860 1122.9
1112870 1122.9
1112880 1122.5
1112890 1122.1
1112900 1122.1
1112910 1122.0
1112920 1121.8
1112930 1121.8
1112940 1121.6
1112950 1121.4
1112960 1121.4
1112970 1121.5
1112980 1121.9
1112990 1121.9
1113000 1121.9
1113010 1122.1
1113020 1122.1
1113030 1122.5
1113040 1119.9
1113050 1119.9
1113060 1119.6
1113070 1119.4
1113080 1119.4
1113090 1119.4
1113100 1118.6
1113110 1118.6
1113120 1117.9
1113130 1117.7
1113140 1118.4
1113150 1118.4
1113160 1118.8
1113170 1119.0
1113180 1119.0
1113190 1122.0
1113200 1123.7
1113210 1123.7
1113220 1123.6
1113230 1124.0
1113240 1124.0
1113250 1124.6
1113260 1124.9
1113270 1124.9
1113280 1125.2
1113290 1124.8
1113300 1124.8
1113310 1124.3
1113320 1124.2
1113330 1124.2
1113340 1124.2
1113350 1123.3
1113360 1123.3
1113370 1122.3
1113380 1116.7
1113390 1116.7
1113400 1117.4
1113410 1116.5
1113420 1116.5
1113430 1115.1
1113440 1110.2
1113450 1104.2
1113460 1104.2
1113470 1097.2
1113480 1096.8
1113490 1096.8
1113500 1105.8
1113510 1109.8
1113520 1109.8
1113530 1112.7
1113540 1114.1
1113550 1114.1
1113560 1116.0
1113570 1115.7
1113580 1115.7
1113590 1112.9
1113600 1110.7
1113610 1110.7
1113620 1111.4
1113630 1111.8
1113640 1111.8
1113650 1110.9
1113660 1110.1
1113670 1110.1
1113680 1109.0
1113690 1106.2
1113700 1106.2
1113710 1102.3
1113720 1102.9
1113730 1098.0
1113740 1098.6
1113750 1098.4
1113760 1099.3
1113770 1099.3
1113780 1096.8
1113790 1095.0
1113800 1095.0
1113810 1094.1
1113820 1091.6
1113830 1091.6
1113840 1085.2
1113850 1089.8
1113860 1089.8
1113870 1094.9
1113880 1096.6
1113890 1096.6
1113900 1097.4
1113910 1097.1
1113920 1097.1
1113930 1094.4
1113940 1092.8
1113950 1092.8
1113960 1094.6
1113970 1096.3
1113980 1096.3
1113990 1097.5
1114000 1098.3
1114010 1098.3
1114020 1097.6
1114030 1098.5
1114040 1098.5
1114050 1097.7
1114060 1092.5
1114070 1081.9
1114080 1081.9
1114090 1078.3
1114100 1082.4
1114110 1082.4
1114120 1083.4
1114130 1080.8
1114140 1080.8
1114150 1079.1
1114160 1078.2
1114170 1078.2
1114180 1077.0
1114190 1075.5
1114200 1075.5
1114210 1074.5
1114220 1073.2
1114230 1073.2
1114240 1071.8
1114250 1070.6
1114260 1070.6
1114270 1069.9
1114280 1068.9
1114290 1068.9
1114300 1067.7
1114310 1065.5
1114320 1065.5
1114330 1063.5
1114340 1062.6
1114350 1062.6
1114360 1062.6
1114370 1062.1
1114380 1061.9
1114390 1061.9
1114400 1062.5
1114410 1063.2
1114420 1055.9
1114430 1058.0
1114440 1059.7
1114450 1059.7
1114460 1060.7
1114470 1061.3
1114480 1061.3
1114490 1062.1
1114500 1062.6
1114510 1062.6
1114520 1064.7
1114530 1066.7
1114540 1066.7
1114550 1066.7
1114560 1065.9
1114570 1065.9
1114580 1064.6
1114590 1063.8
1114600 1063.8
1114610 1064.6
1114620 1066.5
1114630 1066.5
1114640 1067.2
1114650 1067.2
1114660 1068.7
1114670 1068.7
1114680 1070.6
1114690 1071.7
1114700 1071.7
1114710 1071.8
1114720 1069.8
1114730 1069.8
1114740 1073.0
1114750 1077.4
1114760 1077.8
1114770 1078.6
1114780 1079.5
1114790 1079.5
1114800 1079.4
1114810 1078.8
1114820 1078.8
1114830 1077.8
1114840 1077.8
1114850 1077.8
1114860 1078.0
1114870 1078.4
1114880 1078.4
1114890 1079.4
1114900 1081.5
1114910 1081.5
1114920 1083.8
1114930 1085.0
1114940 1085.0
1114950 1085.3
1114960 1086.4
1114970 1087.1
1114980 1087.1
1114990 1085.3
1115000 1081.8
1115010 1081.8
1115020 1077.0
1115030 1072.8
1115040 1072.8
1115050 1070.0
1115060 1068.5
1115070 1068.5
1115080 1068.1
1115090 1066.4
1115100 1066.4
1115110 1060.7
1115120 1059.9
1115130 1059.9
1115140 1059.3
1115150 1058.7
1115160 1058.7
1115170 1058.3
1115180 1057.0
1115190 1057.0
1115200 1056.1
1115210 1055.1
1115220 1055.1
1115230 1052.4
1115240 1047.5
1115250 1047.5
1115260 1043.9
1115270 1042.9
1115280 1042.4
1115290 1042.4
1115300 1041.9
1115310 1039.7
1115320 1039.7
1115330 1036.8
1115340 1034.6
1115350 1034.6
1115360 1033.9
1115370 1035.7
1115380 1035.7
1115390 1036.8
1115400 1037.3
1115410 1037.3
1115420 1038.0
1115430 1039.0
1115440 1039.0
1115450 1036.0
1115460 1036.5
1115470 1036.5
1115480 1036.1
1115490 1035.2
1115500 1035.2
1115510 1034.6
1115520 1034.3
1115530 1034.3
1115540 1033.3
1115550 1031.3
1115560 1031.3
1115570 1029.2
1115580 1029.0
1115590 1029.5
1115600 1029.5
1115610 1029.9
1115620 1029.4
1115630 1029.4
1115640 1028.1
1115650 1027.3
1115660 1027.3
1115670 1027.0
1115680 1025.5
1115690 1025.5
1115700 1024.8
1115710 1024.8
1115720 1024.8
1115730 1024.7
1115740 1024.9
1115750 1024.9
1115760 1024.9
1115770 1024.9
1115780 1024.9
1115790 1024.8
1115800 1024.3
1115810 1024.3
1115820 1023.8
1115830 1023.4
1115840 1023.4
1115850 1023.0
1115860 1022.7
1115870 1022.7
1115880 1022.3
1115890 1021.9
1115900 1021.3
1115910 1021.3
1115920 1020.7
1115930 1020.0
1115940 1020.0
1115950 1019.1
1115960 1018.3
1115970 1018.3
1115980 1017.5
1115990 1016.8
1116000 1016.8
1116010 1016.7
1116020 1016.8
1116030 1016.8
1116040 1016.9
1116050 1016.6
1116060 1016.6
1116070 1016.1
1116080 1016.2
1116090 1016.2
1116100 1017.9
1116110 1018.7
1116120 1018.7
1116130 1018.6
1116140 1019.0
1116150 1019.0
1116160 1019.2
1116170 1019.1
1116180 1019.1
1116190 1018.9
1116200 1018.6
1116210 1018.7
1116220 1018.7
1116230 1018.8
1116240 1019.1
1116250 1019.1
1116260 1019.3
1116270 1019.4
1116280 1019.4
1116290 1019.5
1116300 1019.7
1116310 1019.7
1116320 1019.5
1116330 1019.3
1116340 1019.3
1116350 1019.5
1116360 1019.9
1116370 1019.9
1116380 1019.9
1116390 1019.8
1116400 1019.8
1116410 1020.0
1116420 1020.1
1116430 1020.1
1116440 1020.2
1116450 1019.9
1116460 1019.9
1116470 1019.7
1116480 1019.4
1116490 1020.1
1116500 1020.1
1116510 1020.0
1116520 1019.8
1116530 1019.8
1116540 1019.8
1116550 1019.9
1116560 1019.9
1116570 1019.2
1116580 1018.9
1116590 1018.9
1116600 1018.8
1116610 1018.6
1116620 1018.6
1116630 1018.4
1116640 1018.1
1116650 1018.1
1116660 1017.7
1116670 1017.5
1116680 1017.5
1116690 1017.3
1116700 1016.9
1116710 1016.9
1116720 1015.9
1116730 1016.6
1116740 1016.6
1116750 1016.7
1116760 1016.5
1116770 1016.5
1116780 1016.3
1116790 1016.2
1116800 1016.1
1116810 1016.1
1116820 1015.8
1116830 1015.4
1116840 1015.8
1116850 1015.6
1116860 1015.6
1116870 1015.6
1116880 1015.2
1116890 1015.5
1116900 1015.5
1116910 1015.7
1116920 1016.1
1116930 1016.1
1116940 1016.1
1116950 1016.5
1116960 1016.5
1116970 1017.0
1116980 1017.7
1116990 1017.7
1117000 1018.4
1117010 1019.0
1117020 1019.0
1117030 1020.3
1117040 1021.7
1117050 1021.7
1117060 1021.5
1117070 1022.1
1117080 1022.1
1117090 1022.8
1117100 1024.1
1117110 1025.7
1117120 1025.7
1117130 1027.5
1117140 1029.4
1117150 1029.4
1117160 1031.1
1117170 1033.1
1117180 1033.9
1117190 1035.4
1117200 1037.5
1117210 1037.5
1117220 1039.7
1117230 1041.5
1117240 1041.5
1117250 1043.6
1117260 1046.5
1117270 1046.5
1117280 1049.6
1117290 1050.2
1117300 1050.2
1117310 1049.9
1117320 1051.2
1117330 1051.2
1117340 1052.9
1117350 1053.8
1117360 1053.8
1117370 1055.0
1117380 1056.7
1117390 1056.7
1117400 1056.6
1117410 1055.6
1117420 1057.6
1117430 1057.6
1117440 1061.0
1117450 1063.6
1117460 1063.6
1117470 1062.9
1117480 1062.9
1117490 1062.9
1117500 1062.9
1117510 1060.6
1117520 1060.6
1117530 1063.2
1117540 1060.5
1117550 1060.5
1117560 1054.7
1117570 1050.5
1117580 1050.5
1117590 1047.8
1117600 1046.7
1117610 1046.7
1117620 1047.2
1117630 1047.0
1117640 1047.0
1117650 1044.8
1117660 1042.2
1117670 1042.2
1117680 1040.9
1117690 1038.0
1117700 1038.0
1117710 1034.5
1117720 1029.0
1117730 1022.8
1117740 1022.8
1117750 1019.8
1117760 1019.7
1117770 1019.7
1117780 1019.7
1117790 1019.9
1117800 1019.9
1117810 1019.8
1117820 1020.8
1117830 1020.8
1117840 1020.7
1117850 1020.9
1117860 1020.9
1117870 1021.8
1117880 1022.8
1117890 1022.8
1117900 1022.4
1117910 1022.4
1117920 1022.4
1117930 1022.7
1117940 1023.0
1117950 1023.0
1117960 1023.3
1117970 1023.6
1117980 1023.6
1117990 1023.6
1118000 1023.4
1118010 1023.4
1118020 1024.0
1118030 1024.3
1118040 1024.6
1118050 1024.6
1118060 1024.6
1118070 1024.4
1118080 1024.4
1118090 1024.5
1118100 1024.7
1118110 1024.7
1118120 1025.4
1118130 1025.9
1118140 1025.9
1118150 1026.0
1118160 1026.3
1118170 1026.3
1118180 1027.8
1118190 1028.0
1118200 1028.0
1118210 1027.0
1118220 1027.2
1118230 1027.5
1118240 1027.3
1118250 1027.4
1118260 1027.4
1118270 1028.0
1118280 1027.9
1118290 1027.9
1118300 1028.7
1118310 1027.8
1118320 1028.9
1118330 1028.9
1118340 1029.2
1118350 1029.8
1118360 1029.8
1118370 1030.3
1118380 1030.8
1118390 1030.8
1118400 1030.6
1118410 1030.6
1118420 1030.6
1118430 1030.4
1118440 1029.8
1118450 1029.8
1118460 1029.7
1118470 1030.7
1118480 1030.7
1118490 1030.6
1118500 1030.6
1118510 1030.6
1118520 1030.8
1118530 1030.7
1118540 1030.7
1118550 1030.7
1118560 1030.8
1118570 1030.8
1118580 1031.9
1118590 1032.3
1118600 1032.3
1118610 1032.4
1118620 1032.2
1118630 1032.3
1118640 1032.3
1118650 1032.5
1118660 1031.8
1118670 1031.8
1118680 1031.0
1118690 1028.3
1118700 1028.3
1118710 1028.9
1118720 1029.4
1118730 1029.4
1118740 1030.1
1118750 1032.4
1118760 1032.4
1118770 1035.1
1118780 1037.0
1118790 1037.0
1118800 1039.1
1118810 1041.0
1118820 1041.0
1118830 1042.6
1118840 1044.3
1118850 1044.3
1118860 1047.3
1118870 1048.8
1118880 1048.8
1118890 1049.4
1118900 1050.7
1118910 1050.7
1118920 1051.8
1118930 1052.2
1118940 1052.2
1118950 1052.2
1118960 1052.6
1118970 1052.5
1118980 1052.5
1118990 1052.8
1119000 1053.1
1119010 1053.1
1119020 1053.6
1119030 1053.9
1119040 1053.9
1119050 1054.6
1119060 1055.2
1119070 1055.2
1119080 1055.8
1119090 1056.4
1119100 1056.4
1119110 1056.6
1119120 1057.6
1119130 1057.6
1119140 1058.6
1119150 1058.8
1119160 1058.8
1119170 1059.7
1119180 1060.3
1119190 1060.3
1119200 1058.1
1119210 1051.0
1119220 1051.0
1119230 1048.9
1119240 1048.0
1119250 1042.7
1119260 1042.7
1119270 1043.4
1119280 1043.2
1119290 1043.2
1119300 1042.7
1119310 1043.2
1119320 1043.2
1119330 1043.8
1119340 1045.2
1119350 1045.2
1119360 1047.1
1119370 1047.3
1119380 1047.3
1119390 1046.9
1119400 1046.9
1119410 1046.9
1119420 1047.6
1119430 1048.2
1119440 1048.2
1119450 1049.3
1119460 1050.1
1119470 1050.1
1119480 1052.7
1119490 1064.8
1119500 1064.8
1119510 1072.3
1119520 1071.2
1119530 1071.2
1119540 1074.7
1119550 1079.4
1119560 1081.9
1119570 1081.9
1119580 1083.4
1119590 1084.6
1119600 1084.6
1119610 1085.7
1119620 1086.6
1119630 1086.6
1119640 1090.4
1119650 1092.7
1119660 1092.7
1119670 1095.1
1119680 1099.0
1119690 1099.0
1119700 1102.3
1119710 1105.3
1119720 1105.3
1119730 1107.9
1119740 1110.6
1119750 1110.6
1119760 1113.9
1119770 1117.3
1119780 1117.3
1119790 1120.8
1119800 1123.5
1119810 1123.5
1119820 1125.9
1119830 1128.9
1119840 1128.9
1119850 1130.4
1119860 1131.9
1119870 1132.9
1119880 1132.9
1119890 1133.5
1119900 1133.8
1119910 1133.8
1119920 1133.5
1119930 1133.9
1119940 1133.9
1119950 1133.1
1119960 1132.3
1119970 1127.4
1119980 1126.7
1119990 1126.1
