1100000 868.3
1100010 864.2
1100020 864.2
1100030 860.6
1100040 858.5
1100050 858.5
1100060 856.2
1100070 852.8
1100080 852.8
1100090 854.8
1100100 852.9
1100110 850.8
1100120 850.8
1100130 847.7
1100140 845.1
1100150 845.1
1100160 843.3
1100170 841.9
1100180 841.9
1100190 839.1
1100200 834.3
1100210 834.3
1100220 829.9
1100230 826.9
1100240 826.9
1100250 825.1
1100260 822.1
1100270 822.1
1100280 817.4
1100290 811.8
1100300 811.8
1100310 807.3
1100320 801.9
1100330 801.9
1100340 795.8
1100350 788.6
1100360 788.6
1100370 782.0
1100380 776.2
1100390 776.2
1100400 769.8
1100410 762.8
1100420 756.6
1100430 756.6
1100440 750.4
1100450 745.2
1100460 745.2
1100470 739.2
1100480 733.0
1100490 733.0
1100500 725.7
1100510 720.1
1100520 720.1
1100530 714.8
1100540 709.7
1100550 709.7
1100560 705.1
1100570 701.2
1100580 701.2
1100590 697.7
1100600 693.4
1100610 693.4
1100620 689.0
1100630 684.7
1100640 684.7
1100650 680.4
1100660 675.9
1100670 675.9
1100680 671.9
1100690 668.1
1100700 664.7
1100710 664.7
1100720 661.0
1100730 658.0
1100740 658.0
1100750 656.3
1100760 654.6
1100770 654.6
1100780 653.2
1100790 651.6
1100800 651.6
1100810 649.7
1100820 647.1
1100830 647.1
1100840 644.1
1100850 641.9
1100860 641.9
1100870 641.1
1100880 640.9
1100890 640.9
1100900 640.7
1100910 640.8
1100920 640.8
1100930 640.5
1100940 639.9
1100950 639.9
1100960 638.3
1100970 635.5
1100980 635.5
1100990 635.5
1101000 635.5
1101010 636.1
1101020 636.1
1101030 639.2
1101040 639.2
1101050 639.2
1101060 637.9
1101070 637.7
1101080 637.7
1101090 637.8
1101100 637.8
1101110 637.8
1101120 637.6
1101130 638.3
1101140 638.3
1101150 639.0
1101160 639.7
1101170 639.7
1101180 639.5
1101190 639.2
1101200 639.2
1101210 639.0
1101220 639.1
1101230 639.1
1101240 639.4
1101250 639.5
1101260 639.5
1101270 639.6
1101280 639.6
1101290 639.6
1101300 639.7
1101310 639.7
1101320 639.5
1101330 639.5
1101340 638.9
1101350 639.0
1101360 639.0
1101370 638.9
1101380 638.9
1101390 638.9
1101400 639.0
1101410 639.2
1101420 639.4
1101430 639.3
1101440 639.3
1101450 639.3
1101460 639.4
1101470 639.4
1101480 639.4
1101490 639.6
1101500 639.8
1101510 639.8
1101520 639.9
1101530 639.8
1101540 639.8
1101550 639.7
1101560 639.4
1101570 639.4
1101580 639.4
1101590 639.4
1101600 639.4
1101610 639.7
1101620 640.7
1101630 642.0
1101640 642.0
1101650 642.8
1101660 642.8
1101670 642.8
1101680 642.4
1101690 642.2
1101700 642.2
1101710 642.2
1101720 642.1
1101730 642.1
1101740 641.8
1101750 642.0
1101760 642.0
1101770 642.0
1101780 642.0
1101790 642.0
1101800 642.1
1101810 642.3
1101820 642.3
1101830 643.9
1101840 647.9
1101850 647.9
1101860 653.5
1101870 658.1
1101880 658.1
1101890 660.7
1101900 661.9
1101910 661.9
1101920 663.5
1101930 665.4
1101940 667.2
1101950 667.2
1101960 670.9
1101970 675.8
1101980 675.8
1101990 679.0
1102000 681.9
1102010 681.9
1102020 683.9
1102030 687.5
1102040 687.5
1102050 692.4
1102060 697.0
1102070 697.0
1102080 708.2
1102090 724.6
1102100 724.6
1102110 750.2
1102120 755.3
1102130 755.3
1102140 758.8
1102150 761.0
1102160 761.0
1102170 764.2
1102180 769.2
1102190 769.2
1102200 772.8
1102210 776.1
1102220 776.1
1102230 778.8
1102240 780.0
1102250 780.8
1102260 780.8
1102270 781.3
1102280 782.0
1102290 782.0
1102300 782.5
1102310 783.1
1102320 783.1
1102330 783.7
1102340 784.0
1102350 784.0
1102360 783.4
1102370 782.0
1102380 782.0
1102390 781.3
1102400 780.3
1102410 780.3
1102420 776.9
1102430 774.9
1102440 774.9
1102450 774.1
1102460 775.9
1102470 775.9
1102480 777.8
1102490 778.6
1102500 778.6
1102510 779.5
1102520 780.3
1102530 780.3
1102540 780.7
1102550 780.4
1102560 779.9
1102570 779.9
1102580 780.2
1102590 781.0
1102600 781.0
1102610 781.6
1102620 782.1
1102630 782.1
1102640 783.1
1102650 784.9
1102660 784.9
1102670 786.0
1102680 787.4
1102690 787.4
1102700 788.6
1102710 789.0
1102720 789.0
1102730 789.7
1102740 792.5
1102750 787.2
1102760 789.7
1102770 791.2
1102780 791.2
1102790 792.5
1102800 794.3
1102810 794.3
1102820 797.1
1102830 798.4
1102840 798.4
1102850 799.0
1102860 799.1
1102870 800.3
1102880 800.3
1102890 801.4
1102900 802.0
1102910 802.0
1102920 803.5
1102930 804.8
1102940 804.8
1102950 806.7
1102960 807.9
1102970 807.9
1102980 808.7
1102990 809.1
1103000 809.1
1103010 810.7
1103020 811.3
1103030 811.3
1103040 813.0
1103050 815.5
1103060 815.5
1103070 817.3
1103080 818.9
1103090 815.0
1103100 817.2
1103110 818.7
1103120 818.7
1103130 818.6
1103140 821.8
1103150 821.8
1103160 823.8
1103170 824.7
1103180 825.6
1103190 825.6
1103200 826.1
1103210 826.8
1103220 826.8
1103230 827.2
1103240 827.7
1103250 827.7
1103260 829.9
1103270 832.0
1103280 832.0
1103290 833.5
1103300 835.1
1103310 835.1
1103320 838.3
1103330 840.8
1103340 840.8
1103350 842.5
1103360 844.9
1103370 844.9
1103380 846.5
1103390 847.2
1103400 847.2
1103410 848.2
1103420 841.5
1103430 841.5
1103440 840.3
1103450 841.1
1103460 841.1
1103470 843.2
1103480 845.3
1103490 847.0
1103500 847.0
1103510 850.3
1103520 854.0
1103530 854.0
1103540 855.0
1103550 854.3
1103560 854.3
1103570 853.1
1103580 853.2
1103590 853.2
1103600 852.5
1103610 852.4
1103620 852.4
1103630 852.3
1103640 854.9
1103650 854.9
1103660 855.9
1103670 854.1
1103680 854.1
1103690 849.1
1103700 842.2
1103710 842.2
1103720 836.0
1103730 828.6
1103740 828.6
1103750 825.4
1103760 821.9
1103770 817.8
1103780 817.8
1103790 816.1
1103800 815.8
1103810 815.8
1103820 818.2
1103830 820.7
1103840 820.7
1103850 823.2
1103860 824.4
1103870 824.4
1103880 826.0
1103890 828.2
1103900 828.2
1103910 831.0
1103920 832.4
1103930 832.4
1103940 834.6
1103950 837.7
1103960 837.7
1103970 842.1
1103980 846.8
1103990 846.8
1104000 850.1
1104010 851.6
1104020 851.6
1104030 853.9
1104040 854.5
1104050 854.5
1104060 854.2
1104070 857.9
1104080 861.6
1104090 858.4
1104100 860.9
1104110 863.3
1104120 863.3
1104130 865.0
1104140 866.6
1104150 866.6
1104160 869.0
1104170 869.1
1104180 869.1
1104190 871.6
1104200 872.9
1104210 872.9
1104220 875.9
1104230 879.2
1104240 879.2
1104250 880.5
1104260 882.5
1104270 882.5
1104280 885.6
1104290 886.7
1104300 886.7
1104310 888.2
1104320 890.3
1104330 890.3
1104340 892.1
1104350 893.7
1104360 893.7
1104370 895.5
1104380 897.9
1104390 898.5
1104400 898.5
1104410 900.1
1104420 902.8
1104430 898.5
1104440 899.6
1104450 900.8
1104460 900.8
1104470 903.5
1104480 908.1
1104490 908.1
1104500 911.9
1104510 915.7
1104520 915.7
1104530 918.7
1104540 921.1
1104550 921.1
1104560 923.2
1104570 926.0
1104580 926.0
1104590 928.6
1104600 930.0
1104610 930.0
1104620 930.4
1104630 933.2
1104640 933.2
1104650 938.4
1104660 939.2
1104670 939.2
1104680 939.6
1104690 939.2
1104700 938.4
1104710 938.4
1104720 939.5
1104730 940.1
1104740 940.1
1104750 943.1
1104760 940.2
1104770 940.2
1104780 943.3
1104790 947.0
1104800 947.0
1104810 949.5
1104820 951.2
1104830 951.2
1104840 953.6
1104850 956.1
1104860 956.1
1104870 960.1
1104880 964.2
1104890 964.2
1104900 965.7
1104910 966.1
1104920 966.1
1104930 965.6
1104940 961.9
1104950 961.9
1104960 958.1
1104970 953.9
1104980 953.9
1104990 946.8
1105000 942.0
1105010 936.3
1105020 936.3
1105030 930.7
1105040 926.8
1105050 926.8
1105060 922.8
1105070 918.9
1105080 918.9
1105090 915.3
1105100 918.2
1105110 918.2
1105120 915.1
1105130 911.5
1105140 911.5
1105150 907.2
1105160 902.9
1105170 902.9
1105180 899.3
1105190 897.0
1105200 897.0
1105210 894.9
1105220 893.0
1105230 893.0
1105240 890.4
1105250 887.0
1105260 887.0
1105270 884.4
1105280 884.2
1105290 884.2
1105300 884.6
1105310 884.5
1105320 883.8
1105330 883.8
1105340 882.4
1105350 883.0
1105360 883.0
1105370 884.7
1105380 886.7
1105390 886.7
1105400 889.8
1105410 892.8
1105420 892.8
1105430 900.0
1105440 900.1
1105450 900.1
1105460 899.7
1105470 899.1
1105480 899.1
1105490 898.5
1105500 897.3
1105510 897.3
1105520 896.6
1105530 895.2
1105540 895.2
1105550 894.5
1105560 894.5
1105570 894.5
1105580 894.4
1105590 894.1
1105600 894.1
1105610 894.2
1105620 894.8
1105630 895.0
1105640 895.0
1105650 895.3
1105660 895.3
1105670 895.3
1105680 895.0
1105690 894.7
1105700 894.7
1105710 894.3
1105720 893.8
1105730 893.8
1105740 893.6
1105750 893.6
1105760 893.6
1105770 892.9
1105780 892.9
1105790 892.9
1105800 892.8
1105810 892.4
1105820 892.4
1105830 892.1
1105840 891.6
1105850 891.6
1105860 891.3
1105870 891.5
1105880 891.5
1105890 891.9
1105900 892.3
1105910 892.3
1105920 892.8
1105930 893.1
1105940 893.5
1105950 893.5
1105960 894.0
1105970 894.4
1105980 894.4
1105990 894.5
1106000 895.5
1106010 895.5
1106020 898.9
1106030 901.8
1106040 901.8
1106050 903.5
1106060 904.0
1106070 904.0
1106080 904.0
1106090 903.9
1106100 903.9
1106110 905.5
1106120 906.2
1106130 906.2
1106140 907.3
1106150 908.1
1106160 908.1
1106170 908.4
1106180 908.4
1106190 908.4
1106200 908.1
1106210 907.0
1106220 907.0
1106230 904.2
1106240 901.9
1106250 901.4
1106260 901.4
1106270 901.3
1106280 900.6
1106290 900.6
1106300 901.1
1106310 901.2
1106320 901.2
1106330 901.6
1106340 901.9
1106350 901.9
1106360 902.3
1106370 902.8
1106380 902.8
1106390 904.1
1106400 905.8
1106410 905.8
1106420 907.3
1106430 909.9
1106440 916.2
1106450 919.1
1106460 922.1
1106470 922.1
1106480 925.9
1106490 930.0
1106500 930.0
1106510 933.7
1106520 936.8
1106530 939.2
1106540 939.2
1106550 942.6
1106560 949.5
1106570 949.5
1106580 967.1
1106590 974.7
1106600 974.7
1106610 978.5
1106620 979.6
1106630 979.6
1106640 980.6
1106650 981.8
1106660 981.8
1106670 982.3
1106680 982.6
1106690 982.6
1106700 984.7
1106710 987.1
1106720 987.1
1106730 988.1
1106740 987.6
1106750 987.6
1106760 986.9
1106770 987.6
1106780 984.4
1106790 984.6
1106800 983.7
1106810 983.7
1106820 983.8
1106830 984.9
1106840 985.4
1106850 985.4
1106860 986.1
1106870 986.2
1106880 986.2
1106890 985.5
1106900 984.5
1106910 984.5
1106920 982.2
1106930 980.5
1106940 980.5
1106950 979.0
1106960 976.3
1106970 976.3
1106980 971.8
1106990 968.6
1107000 968.6
1107010 968.9
1107020 968.3
1107030 968.3
1107040 966.7
1107050 965.8
1107060 965.8
1107070 963.6
1107080 959.3
1107090 959.3
1107100 958.1
1107110 955.0
1107120 958.8
1107130 954.4
1107140 947.6
1107150 937.5
1107160 937.5
1107170 921.5
1107180 906.8
1107190 906.8
1107200 902.5
1107210 900.4
1107220 900.4
1107230 898.9
1107240 897.8
1107250 897.8
1107260 896.7
1107270 896.1
1107280 896.1
1107290 896.4
1107300 897.5
1107310 897.5
1107320 898.7
1107330 899.5
1107340 899.5
1107350 899.8
1107360 899.8
1107370 899.8
1107380 899.1
1107390 897.8
1107400 897.8
1107410 896.6
1107420 894.8
1107430 894.8
1107440 891.7
1107450 886.8
1107460 880.7
1107470 880.7
1107480 879.0
1107490 879.0
1107500 879.0
1107510 879.0
1107520 880.6
1107530 880.6
1107540 886.5
1107550 893.3
1107560 893.3
1107570 900.4
1107580 908.1
1107590 908.1
1107600 916.4
1107610 925.2
1107620 925.2
1107630 939.9
1107640 956.5
1107650 956.5
1107660 966.0
1107670 968.3
1107680 968.3
1107690 974.0
1107700 979.2
1107710 979.2
1107720 981.0
1107730 982.7
1107740 982.7
1107750 984.6
1107760 986.9
1107770 988.5
1107780 988.5
1107790 990.2
1107800 987.6
1107810 987.6
1107820 988.5
1107830 988.7
1107840 988.7
1107850 988.6
1107860 988.3
1107870 988.3
1107880 988.7
1107890 989.5
1107900 989.5
1107910 990.3
1107920 990.4
1107930 990.4
1107940 990.8
1107950 991.3
1107960 991.3
1107970 991.4
1107980 991.3
1107990 991.3
1108000 990.7
1108010 989.9
1108020 989.9
1108030 988.6
1108040 986.6
1108050 986.6
1108060 985.6
1108070 984.4
1108080 982.9
1108090 982.9
1108100 982.2
1108110 981.4
1108120 981.4
1108130 980.6
1108140 970.3
1108150 970.3
1108160 970.3
1108170 970.2
1108180 970.2
1108190 969.7
1108200 969.7
1108210 969.7
1108220 969.0
1108230 967.1
1108240 967.1
1108250 965.5
1108260 963.1
1108270 963.1
1108280 960.7
1108290 957.8
1108300 957.8
1108310 954.2
1108320 951.0
1108330 951.0
1108340 946.2
1108350 941.1
1108360 941.1
1108370 935.7
1108380 940.2
1108390 948.7
1108400 948.7
1108410 955.4
1108420 957.1
1108430 957.1
1108440 955.6
1108450 953.7
1108460 953.7
1108470 943.9
1108480 943.0
1108490 943.0
1108500 943.1
1108510 942.0
1108520 942.0
1108530 940.4
1108540 934.8
1108550 934.8
1108560 928.6
1108570 928.7
1108580 928.7
1108590 931.7
1108600 930.5
1108610 930.5
1108620 925.7
1108630 921.9
1108640 921.9
1108650 920.9
1108660 920.9
1108670 920.9
1108680 921.1
1108690 921.6
1108700 922.9
1108710 922.9
1108720 925.1
1108730 927.4
1108740 927.4
1108750 928.9
1108760 929.6
1108770 929.6
1108780 930.8
1108790 933.0
1108800 933.0
1108810 925.5
1108820 928.5
1108830 928.5
1108840 929.7
1108850 927.9
1108860 927.9
1108870 928.1
1108880 930.7
1108890 930.7
1108900 933.0
1108910 934.5
1108920 934.5
1108930 935.1
1108940 935.2
1108950 935.2
1108960 934.3
1108970 936.7
1108980 939.5
1108990 939.5
1109000 940.8
1109010 941.7
1109020 941.7
1109030 942.3
1109040 943.2
1109050 943.2
1109060 944.7
1109070 946.9
1109080 946.9
1109090 949.0
1109100 950.3
1109110 950.3
1109120 950.7
1109130 949.9
1109140 949.9
1109150 942.6
1109160 944.0
1109170 944.0
1109180 945.1
1109190 946.6
1109200 946.6
1109210 946.9
1109220 947.3
1109230 947.3
1109240 948.5
1109250 949.5
1109260 949.5
1109270 950.2
1109280 950.5
1109290 950.5
1109300 950.5
1109310 950.3
1109320 950.5
1109330 950.5
1109340 949.4
1109350 947.8
1109360 947.8
1109370 950.1
1109380 951.4
1109390 951.4
1109400 952.7
1109410 954.1
1109420 954.1
1109430 954.8
1109440 955.4
1109450 955.4
1109460 956.3
1109470 956.2
1109480 956.2
1109490 947.0
1109500 946.3
1109510 946.3
1109520 949.6
1109530 957.0
1109540 957.0
1109550 960.2
1109560 962.0
1109570 962.0
1109580 964.1
1109590 966.0
1109600 967.3
1109610 967.3
1109620 968.7
1109630 970.6
1109640 970.6
1109650 973.4
1109660 975.9
1109670 975.9
1109680 977.6
1109690 978.9
1109700 978.9
1109710 980.6
1109720 981.7
1109730 981.7
1109740 982.0
1109750 983.0
1109760 983.0
1109770 983.3
1109780 983.0
1109790 983.0
1109800 982.4
1109810 983.0
1109820 983.0
1109830 979.0
1109840 978.9
1109850 978.9
1109860 978.4
1109870 978.8
1109880 978.8
1109890 979.5
1109900 979.3
1109910 979.6
1109920 979.6
1109930 980.9
1109940 980.9
1109950 980.9
1109960 978.1
1109970 977.5
1109980 977.5
1109990 978.3
1110000 978.9
1110010 978.9
1110020 984.7
1110030 992.4
1110040 992.4
1110050 999.6
1110060 1002.4
1110070 1002.4
1110080 1001.5
1110090 998.8
1110100 998.8
1110110 995.6
1110120 992.6
1110130 992.6
1110140 989.9
1110150 989.5
1110160 989.5
1110170 987.2
1110180 990.2
1110190 990.2
1110200 992.5
1110210 993.0
1110220 992.3
1110230 992.3
1110240 989.8
1110250 993.9
1110260 993.9
1110270 997.3
1110280 999.7
1110290 999.7
1110300 1001.7
1110310 1002.7
1110320 1002.7
1110330 1001.4
1110340 997.7
1110350 997.7
1110360 992.3
1110370 987.4
1110380 987.4
1110390 986.2
1110400 989.8
1110410 989.8
1110420 996.9
1110430 1004.2
1110440 1004.2
1110450 1011.4
1110460 1019.7
1110470 1019.7
1110480 1027.9
1110490 1032.1
1110500 1032.1
1110510 1032.0
1110520 1028.5
1110530 1029.9
1110540 1029.9
1110550 1031.5
1110560 1033.6
1110570 1033.6
1110580 1036.5
1110590 1039.6
1110600 1039.6
1110610 1042.5
1110620 1045.5
1110630 1045.5
1110640 1049.4
1110650 1054.2
1110660 1054.2
1110670 1058.2
1110680 1061.7
1110690 1061.7
1110700 1064.6
1110710 1068.1
1110720 1068.1
1110730 1071.1
1110740 1072.9
1110750 1072.9
1110760 1074.7
1110770 1077.6
1110780 1077.6
1110790 1080.5
1110800 1082.5
1110810 1082.5
1110820 1084.2
1110830 1087.5
1110840 1091.0
1110850 1091.0
1110860 1086.8
1110870 1089.3
1110880 1089.3
1110890 1091.4
1110900 1093.7
1110910 1093.7
1110920 1095.9
1110930 1098.5
1110940 1098.5
1110950 1100.4
1110960 1101.8
1110970 1101.8
1110980 1103.0
1110990 1103.9
1111000 1103.9
1111010 1106.4
1111020 1108.7
1111030 1108.7
1111040 1110.5
1111050 1110.7
1111060 1110.7
1111070 1110.1
1111080 1109.8
1111090 1109.8
1111100 1109.5
1111110 1107.5
1111120 1104.3
1111130 1104.3
1111140 1101.5
1111150 1099.0
1111160 1099.0
1111170 1095.4
1111180 1093.0
1111190 1093.0
1111200 1093.2
1111210 1095.6
1111220 1095.6
1111230 1097.1
1111240 1098.2
1111250 1098.2
1111260 1098.7
1111270 1099.0
1111280 1099.0
1111290 1097.5
1111300 1089.0
1111310 1089.0
1111320 1081.5
1111330 1090.8
1111340 1090.8
1111350 1094.2
1111360 1092.7
1111370 1092.7
1111380 1090.6
1111390 1086.3
1111400 1086.3
1111410 1083.4
1111420 1082.6
1111430 1080.1
1111440 1080.1
1111450 1083.6
1111460 1084.2
1111470 1084.2
1111480 1082.8
1111490 1080.3
1111500 1080.3
1111510 1079.2
1111520 1079.7
1111530 1079.7
1111540 1074.7
1111550 1076.6
1111560 1076.6
1111570 1077.2
1111580 1080.1
1111590 1080.1
1111600 1082.8
1111610 1084.3
1111620 1084.3
1111630 1084.1
1111640 1082.3
1111650 1082.3
1111660 1081.1
1111670 1080.3
1111680 1080.3
1111690 1081.3
1111700 1082.1
1111710 1082.1
1111720 1079.6
1111730 1076.1
1111740 1071.4
1111750 1071.4
1111760 1073.8
1111770 1073.6
1111780 1073.6
1111790 1072.9
1111800 1070.5
1111810 1070.5
1111820 1070.3
1111830 1070.7
1111840 1070.7
1111850 1069.7
1111860 1069.4
1111870 1069.4
1111880 1072.5
1111890 1078.6
1111900 1078.6
1111910 1082.9
1111920 1083.2
1111930 1083.2
1111940 1081.8
1111950 1078.7
1111960 1078.7
1111970 1074.2
1111980 1081.1
1111990 1081.1
1112000 1087.3
1112010 1091.2
1112020 1091.2
1112030 1091.4
1112040 1092.7
1112050 1094.5
1112060 1094.5
1112070 1096.1
1112080 1097.1
1112090 1097.1
1112100 1097.6
1112110 1097.5
1112120 1097.5
1112130 1097.6
1112140 1096.1
1112150 1096.1
1112160 1088.5
1112170 1078.8
1112180 1078.8
1112190 1070.0
1112200 1061.1
1112210 1061.1
1112220 1064.3
1112230 1063.9
1112240 1063.9
1112250 1069.1
1112260 1074.5
1112270 1074.5
1112280 1079.5
1112290 1082.9
1112300 1082.9
1112310 1088.3
1112320 1092.9
1112330 1092.9
1112340 1099.5
1112350 1105.3
1112360 1106.1
1112370 1106.1
1112380 1105.8
1112390 1106.0
1112400 1106.0
1112410 1104.7
1112420 1097.4
1112430 1097.4
1112440 1088.2
1112450 1082.8
1112460 1082.8
1112470 1077.7
1112480 1075.1
1112490 1075.1
1112500 1079.8
1112510 1082.5
1112520 1082.5
1112530 1085.6
1112540 1089.1
1112550 1089.1
1112560 1095.5
1112570 1102.1
1112580 1102.1
1112590 1104.9
1112600 1107.2
1112610 1107.2
1112620 1106.0
1112630 1103.4
1112640 1103.4
1112650 1097.0
1112660 1088.5
1112670 1082.2
1112680 1082.2
1112690 1081.7
1112700 1089.1
1112710 1089.1
1112720 1096.9
1112730 1105.2
1112740 1105.2
1112750 1111.2
1112760 1114.7
1112770 1114.7
1112780 1116.3
1112790 1116.5
1112800 1116.5
1112810 1116.4
1112820 1116.5
1112830 1116.5
1112840 1115.5
1112850 1115.1
1112860 1115.1
1112870 1114.8
1112880 1113.7
1112890 1113.7
1112900 1113.0
1112910 1111.5
1112920 1111.5
1112930 1112.4
1112940 1113.6
1112950 1113.6
1112960 1114.2
1112970 1113.9
1112980 1113.6
1112990 1113.6
1113000 1112.9
1113010 1112.2
1113020 1112.2
1113030 1111.4
1113040 1110.8
1113050 1110.8
1113060 1110.3
1113070 1109.2
1113080 1109.2
1113090 1108.0
1113100 1107.7
1113110 1107.7
1113120 1107.1
1113130 1106.4
1113140 1106.4
1113150 1105.6
1113160 1108.1
1113170 1108.1
1113180 1109.5
1113190 1111.1
1113200 1111.1
1113210 1111.8
1113220 1111.4
1113230 1111.4
1113240 1110.6
1113250 1110.1
1113260 1103.9
1113270 1103.9
1113280 1103.6
1113290 1103.5
1113300 1103.5
1113310 1102.9
1113320 1102.5
1113330 1102.5
1113340 1102.4
1113350 1102.6
1113360 1102.6
1113370 1103.7
1113380 1104.0
1113390 1104.0
1113400 1104.4
1113410 1105.1
1113420 1105.1
1113430 1105.5
1113440 1105.5
1113450 1105.5
1113460 1103.1
1113470 1096.6
1113480 1096.6
1113490 1089.1
1113500 1085.5
1113510 1085.5
1113520 1089.7
1113530 1094.4
1113540 1094.4
1113550 1097.8
1113560 1101.5
1113570 1099.0
1113580 1099.0
1113590 1096.2
1113600 1088.9
1113610 1088.9
1113620 1089.1
1113630 1089.7
1113640 1089.7
1113650 1090.3
1113660 1089.8
1113670 1089.8
1113680 1088.3
1113690 1087.2
1113700 1087.2
1113710 1083.9
1113720 1085.6
1113730 1085.6
1113740 1086.0
1113750 1083.1
1113760 1083.1
1113770 1084.4
1113780 1088.0
1113790 1088.0
1113800 1089.3
1113810 1085.8
1113820 1085.8
1113830 1079.4
1113840 1076.4
1113850 1076.4
1113860 1083.1
1113870 1089.3
1113880 1090.3
1113890 1090.3
1113900 1090.3
1113910 1089.9
1113920 1089.9
1113930 1088.4
1113940 1082.4
1113950 1082.4
1113960 1081.2
1113970 1080.9
1113980 1080.9
1113990 1079.1
1114000 1078.3
1114010 1078.3
1114020 1077.4
1114030 1076.2
1114040 1076.2
1114050 1075.2
1114060 1074.5
1114070 1074.5
1114080 1074.0
1114090 1069.4
1114100 1069.4
1114110 1067.8
1114120 1068.3
1114130 1068.3
1114140 1066.3
1114150 1065.0
1114160 1065.0
1114170 1064.5
1114180 1064.4
1114190 1064.4
1114200 1064.4
1114210 1062.9
1114220 1062.2
1114230 1062.2
1114240 1061.7
1114250 1061.5
1114260 1061.5
1114270 1060.8
1114280 1060.2
1114290 1057.5
1114300 1057.1
1114310 1056.3
1114320 1056.3
1114330 1055.0
1114340 1053.8
1114350 1053.8
1114360 1051.9
1114370 1049.0
1114380 1049.0
1114390 1045.9
1114400 1044.5
1114410 1044.5
1114420 1044.0
1114430 1044.5
1114440 1044.5
1114450 1046.0
1114460 1047.9
1114470 1047.9
1114480 1050.1
1114490 1052.7
1114500 1054.8
1114510 1054.8
1114520 1056.5
1114530 1058.0
1114540 1058.0
1114550 1058.3
1114560 1058.3
1114570 1058.3
1114580 1058.4
1114590 1058.6
1114600 1058.6
1114610 1058.6
1114620 1058.4
1114630 1056.2
1114640 1056.2
1114650 1056.6
1114660 1056.6
1114670 1056.6
1114680 1057.2
1114690 1057.2
1114700 1058.4
1114710 1060.3
1114720 1060.3
1114730 1064.8
1114740 1069.6
1114750 1069.6
1114760 1072.0
1114770 1073.8
1114780 1073.8
1114790 1074.4
1114800 1073.9
1114810 1074.4
1114820 1074.4
1114830 1075.5
1114840 1075.5
1114850 1075.5
1114860 1075.0
1114870 1074.0
1114880 1074.0
1114890 1073.7
1114900 1075.1
1114910 1075.1
1114920 1075.5
1114930 1075.7
1114940 1075.7
1114950 1075.9
1114960 1076.1
1114970 1076.1
1114980 1072.2
1114990 1071.4
1115000 1071.4
1115010 1068.2
1115020 1063.7
1115030 1063.7
1115040 1061.0
1115050 1060.7
1115060 1060.7
1115070 1060.1
1115080 1059.4
1115090 1059.4
1115100 1059.3
1115110 1057.9
1115120 1056.3
1115130 1056.3
1115140 1055.2
1115150 1054.2
1115160 1054.2
1115170 1051.9
1115180 1048.9
1115190 1048.9
1115200 1046.1
1115210 1044.9
1115220 1044.9
1115230 1043.6
1115240 1041.2
1115250 1041.2
1115260 1039.2
1115270 1037.8
1115280 1037.8
1115290 1036.0
1115300 1034.1
1115310 1034.1
1115320 1031.0
1115330 1029.3
1115340 1029.3
1115350 1027.2
1115360 1026.1
1115370 1026.1
1115380 1025.9
1115390 1026.0
1115400 1026.6
1115410 1026.6
1115420 1026.6
1115430 1026.0
1115440 1026.0
1115450 1025.9
1115460 1026.6
1115470 1026.6
1115480 1027.8
1115490 1028.6
1115500 1028.6
1115510 1028.9
1115520 1028.7
1115530 1028.7
1115540 1027.2
1115550 1026.6
1115560 1026.6
1115570 1026.4
1115580 1026.2
1115590 1026.2
1115600 1025.9
1115610 1025.7
1115620 1025.7
1115630 1025.6
1115640 1025.3
1115650 1025.3
1115660 1025.0
1115670 1024.3
1115680 1024.3
1115690 1023.7
1115700 1023.5
1115710 1023.7
1115720 1023.7
1115730 1023.9
1115740 1024.2
1115750 1024.2
1115760 1024.4
1115770 1024.3
1115780 1024.3
1115790 1024.0
1115800 1023.3
1115810 1023.3
1115820 1023.0
1115830 1022.7
1115840 1022.7
1115850 1022.2
1115860 1021.6
1115870 1021.6
1115880 1021.0
1115890 1020.6
1115900 1020.6
1115910 1020.1
1115920 1019.6
1115930 1019.6
1115940 1019.0
1115950 1018.6
1115960 1018.6
1115970 1018.0
1115980 1017.6
1115990 1017.6
1116000 1017.4
1116010 1017.3
1116020 1017.1
1116030 1017.1
1116040 1017.0
1116050 1017.2
1116060 1017.2
1116070 1018.6
1116080 1018.9
1116090 1018.9
1116100 1019.3
1116110 1019.8
1116120 1019.8
1116130 1020.2
1116140 1020.3
1116150 1020.3
1116160 1020.1
1116170 1020.3
1116180 1020.3
1116190 1020.5
1116200 1020.2
1116210 1020.2
1116220 1020.1
1116230 1020.4
1116240 1020.4
1116250 1020.6
1116260 1020.7
1116270 1020.7
1116280 1020.8
1116290 1020.8
1116300 1020.8
1116310 1020.7
1116320 1020.6
1116330 1021.0
1116340 1021.0
1116350 1021.2
1116360 1021.9
1116370 1021.9
1116380 1021.8
1116390 1022.1
1116400 1022.1
1116410 1022.1
1116420 1021.9
1116430 1021.9
1116440 1022.1
1116450 1022.2
1116460 1022.2
1116470 1022.2
1116480 1021.9
1116490 1021.9
1116500 1021.6
1116510 1021.4
1116520 1021.4
1116530 1021.3
1116540 1021.5
1116550 1021.5
1116560 1021.1
1116570 1020.8
1116580 1020.8
1116590 1020.6
1116600 1020.6
1116610 1020.6
1116620 1020.4
1116630 1020.2
1116640 1019.7
1116650 1019.7
1116660 1019.1
1116670 1018.2
1116680 1018.2
1116690 1017.7
1116700 1017.8
1116710 1018.9
1116720 1018.9
1116730 1018.6
1116740 1018.6
1116750 1018.5
1116760 1018.3
1116770 1018.3
1116780 1018.0
1116790 1017.8
1116800 1017.8
1116810 1017.7
1116820 1017.5
1116830 1017.5
1116840 1017.1
1116850 1016.6
1116860 1016.6
1116870 1016.0
1116880 1016.5
1116890 1016.5
1116900 1016.3
1116910 1016.9
1116920 1016.9
1116930 1017.3
1116940 1018.0
1116950 1019.2
1116960 1019.2
1116970 1019.8
1116980 1020.5
1116990 1020.5
1117000 1021.4
1117010 1022.0
1117020 1022.0
1117030 1022.6
1117040 1023.5
1117050 1024.9
1117060 1026.0
1117070 1026.9
1117080 1026.9
1117090 1027.7
1117100 1029.4
1117110 1029.4
1117120 1030.6
1117130 1031.3
1117140 1031.3
1117150 1035.2
1117160 1038.6
1117170 1038.6
1117180 1040.1
1117190 1041.4
1117200 1041.4
1117210 1043.0
1117220 1044.9
1117230 1044.9
1117240 1046.7
1117250 1048.9
1117260 1050.5
1117270 1050.5
1117280 1052.3
1117290 1054.0
1117300 1054.0
1117310 1056.0
1117320 1059.0
1117330 1059.0
1117340 1062.0
1117350 1063.6
1117360 1063.6
1117370 1063.6
1117380 1064.3
1117390 1064.3
1117400 1070.6
1117410 1072.4
1117420 1072.4
1117430 1075.0
1117440 1077.0
1117450 1077.0
1117460 1078.3
1117470 1078.5
1117480 1078.5
1117490 1077.0
1117500 1073.4
1117510 1073.4
1117520 1070.2
1117530 1068.9
1117540 1067.4
1117550 1067.4
1117560 1067.4
1117570 1064.5
1117580 1064.5
1117590 1058.6
1117600 1054.2
1117610 1054.2
1117620 1051.8
1117630 1049.1
1117640 1049.1
1117650 1046.4
1117660 1043.8
1117670 1043.8
1117680 1041.9
1117690 1041.5
1117700 1041.5
1117710 1040.2
1117720 1036.8
1117730 1036.8
1117740 1031.2
1117750 1027.2
1117760 1027.2
1117770 1022.6
1117780 1021.1
1117790 1021.1
1117800 1021.2
1117810 1021.2
1117820 1021.2
1117830 1021.6
1117840 1021.7
1117850 1021.8
1117860 1021.8
1117870 1022.2
1117880 1022.6
1117890 1022.6
1117900 1023.1
1117910 1023.4
1117920 1023.4
1117930 1023.6
1117940 1024.0
1117950 1024.0
1117960 1024.2
1117970 1024.6
1117980 1024.6
1117990 1024.6
1118000 1024.2
1118010 1024.2
1118020 1024.7
1118030 1024.9
1118040 1024.9
1118050 1025.2
1118060 1025.8
1118070 1025.8
1118080 1026.1
1118090 1026.1
1118100 1026.7
1118110 1026.3
1118120 1026.2
1118130 1026.2
1118140 1026.9
1118150 1028.8
1118160 1027.7
1118170 1027.7
1118180 1027.6
1118190 1027.8
1118200 1027.8
1118210 1028.3
1118220 1029.3
1118230 1029.3
1118240 1029.5
1118250 1029.6
1118260 1029.6
1118270 1029.5
1118280 1030.4
1118290 1030.4
1118300 1030.9
1118310 1030.7
1118320 1030.7
1118330 1029.4
1118340 1029.4
1118350 1029.4
1118360 1030.4
1118370 1031.2
1118380 1031.2
1118390 1031.7
1118400 1032.0
1118410 1032.0
1118420 1031.9
1118430 1032.0
1118440 1032.6
1118450 1032.5
1118460 1032.3
1118470 1032.6
1118480 1032.6
1118490 1032.9
1118500 1033.2
1118510 1033.2
1118520 1032.8
1118530 1032.8
1118540 1032.8
1118550 1032.9
1118560 1033.2
1118570 1033.2
1118580 1033.5
1118590 1033.7
1118600 1033.7
1118610 1033.7
1118620 1033.6
1118630 1033.6
1118640 1033.0
1118650 1033.5
1118660 1033.5
1118670 1033.8
1118680 1033.8
1118690 1033.8
1118700 1032.9
1118710 1031.6
1118720 1031.6
1118730 1029.8
1118740 1029.6
1118750 1029.6
1118760 1029.2
1118770 1030.1
1118780 1031.1
1118790 1030.6
1118800 1030.5
1118810 1030.6
1118820 1030.6
1118830 1031.4
1118840 1032.1
1118850 1032.1
1118860 1032.9
1118870 1033.1
1118880 1033.1
1118890 1033.3
1118900 1035.1
1118910 1035.1
1118920 1038.8
1118930 1044.1
1118940 1044.1
1118950 1049.1
1118960 1052.1
1118970 1052.1
1118980 1053.2
1118990 1050.2
1119000 1050.2
1119010 1046.5
1119020 1045.2
1119030 1045.2
1119040 1046.1
1119050 1044.8
1119060 1044.8
1119070 1044.7
1119080 1050.6
1119090 1055.3
1119100 1055.3
1119110 1056.1
1119120 1056.5
1119130 1056.5
1119140 1047.9
1119150 1042.1
1119160 1042.1
1119170 1039.3
1119180 1038.5
1119190 1038.5
1119200 1038.9
1119210 1042.1
1119220 1042.1
1119230 1048.6
1119240 1054.2
1119250 1054.2
1119260 1057.2
1119270 1059.7
1119280 1059.7
1119290 1061.7
1119300 1059.0
1119310 1059.0
1119320 1059.5
1119330 1061.5
1119340 1061.5
1119350 1063.2
1119360 1063.5
1119370 1064.2
1119380 1064.2
1119390 1066.3
1119400 1067.6
1119410 1067.6
1119420 1067.9
1119430 1070.4
1119440 1070.4
1119450 1071.8
1119460 1073.8
1119470 1073.8
1119480 1075.2
1119490 1078.7
1119500 1078.7
1119510 1079.8
1119520 1080.8
1119530 1080.8
1119540 1081.9
1119550 1083.1
1119560 1083.1
1119570 1084.0
1119580 1084.7
1119590 1084.7
1119600 1085.4
1119610 1085.7
1119620 1085.7
1119630 1086.5
1119640 1087.8
1119650 1087.8
1119660 1089.0
1119670 1089.8
1119680 1091.1
1119690 1091.1
1119700 1091.9
1119710 1091.9
1119720 1091.9
1119730 1091.7
1119740 1093.0
1119750 1093.0
1119760 1094.1
1119770 1096.5
1119780 1096.5
1119790 1098.6
1119800 1104.1
1119810 1104.1
1119820 1112.6
1119830 1118.2
1119840 1112.4
1119850 1115.6
1119860 1116.7
1119870 1116.7
1119880 1113.5
1119890 1111.7
1119900 1111.7
1119910 1110.5
1119920 1109.9
1119930 1109.9
1119940 1111.3
1119950 1113.9
1119960 1113.9
1119970 1115.1
1119980 1114.9
1119990 1114.1
