1100000 631.4
1100010 631.1
1100020 630.7
1100030 630.7
1100040 630.3
1100050 629.8
1100060 629.8
1100070 629.4
1100080 629.2
1100090 629.2
1100100 629.2
1100110 629.3
1100120 629.3
1100130 629.3
1100140 629.3
1100150 629.3
1100160 629.4
1100170 629.5
1100180 629.5
1100190 629.6
1100200 629.6
1100210 629.6
1100220 629.3
1100230 629.3
1100240 629.3
1100250 629.2
1100260 629.4
1100270 629.4
1100280 629.6
1100290 629.7
1100300 629.7
1100310 629.7
1100320 629.7
1100330 629.4
1100340 629.4
1100350 629.7
1100360 630.0
1100370 630.0
1100380 630.2
1100390 630.4
1100400 630.4
1100410 630.6
1100420 630.1
1100430 630.1
1100440 629.7
1100450 629.8
1100460 629.8
1100470 629.8
1100480 629.9
1100490 629.9
1100500 630.0
1100510 630.1
1100520 630.1
1100530 630.3
1100540 630.3
1100550 630.3
1100560 631.7
1100570 632.1
1100580 632.1
1100590 630.8
1100600 629.2
1100610 629.2
1100620 629.2
1100630 629.3
1100640 629.4
1100650 629.4
1100660 629.6
1100670 631.4
1100680 631.4
1100690 632.5
1100700 632.4
1100710 632.4
1100720 631.9
1100730 631.1
1100740 631.1
1100750 630.6
1100760 630.9
1100770 630.9
1100780 630.9
1100790 631.0
1100800 631.0
1100810 631.7
1100820 632.8
1100830 633.5
1100840 634.2
1100850 634.5
1100860 634.5
1100870 634.6
1100880 634.8
1100890 634.8
1100900 635.0
1100910 635.1
1100920 634.7
1100930 634.7
1100940 634.7
1100950 634.8
1100960 634.8
1100970 635.5
1100980 636.4
1100990 636.4
1101000 636.7
1101010 636.8
1101020 636.8
1101030 636.9
1101040 636.8
1101050 636.8
1101060 636.7
1101070 636.6
1101080 636.6
1101090 636.8
1101100 636.9
1101110 636.9
1101120 636.9
1101130 636.9
1101140 636.9
1101150 636.9
1101160 636.9
1101170 636.8
1101180 636.8
1101190 636.6
1101200 636.6
1101210 636.6
1101220 636.7
1101230 636.8
1101240 636.8
1101250 637.0
1101260 637.2
1101270 637.2
1101280 637.3
1101290 637.4
1101300 637.4
1101310 637.5
1101320 637.7
1101330 637.7
1101340 637.8
1101350 637.9
1101360 637.9
1101370 638.0
1101380 638.0
1101390 638.0
1101400 638.1
1101410 638.2
1101420 638.2
1101430 638.3
1101440 638.5
1101450 638.5
1101460 638.7
1101470 638.7
1101480 638.7
1101490 638.8
1101500 638.9
1101510 638.9
1101520 639.0
1101530 639.0
1101540 639.0
1101550 639.0
1101560 639.0
1101570 639.0
1101580 639.0
1101590 639.1
1101600 639.2
1101610 639.2
1101620 639.4
1101630 639.8
1101640 639.8
1101650 640.1
1101660 640.4
1101670 640.4
1101680 640.9
1101690 641.2
1101700 641.2
1101710 641.1
1101720 641.2
1101730 641.2
1101740 641.5
1101750 641.5
1101760 641.5
1101770 641.7
1101780 642.0
1101790 642.0
1101800 642.3
1101810 642.3
1101820 642.3
1101830 642.5
1101840 642.7
1101850 642.6
1101860 642.6
1101870 642.3
1101880 642.2
1101890 642.2
1101900 642.3
1101910 642.4
1101920 642.4
1101930 642.7
1101940 643.0
1101950 643.0
1101960 643.3
1101970 643.6
1101980 643.6
1101990 643.7
1102000 643.9
1102010 643.9
1102020 644.1
1102030 644.4
1102040 644.4
1102050 644.6
1102060 644.6
1102070 644.6
1102080 644.7
1102090 644.8
1102100 644.8
1102110 645.3
1102120 645.5
1102130 645.5
1102140 645.7
1102150 645.7
1102160 645.8
1102170 645.8
1102180 645.9
1102190 646.1
1102200 646.1
1102210 646.4
1102220 646.7
1102230 646.7
1102240 647.0
1102250 647.3
1102260 647.3
1102270 647.8
1102280 648.5
1102290 648.5
1102300 649.4
1102310 651.0
1102320 651.0
1102330 651.5
1102340 651.8
1102350 651.8
1102360 652.7
1102370 653.0
1102380 653.0
1102390 654.1
1102400 654.8
1102410 654.8
1102420 654.8
1102430 660.9
1102440 660.9
1102450 664.7
1102460 665.9
1102470 666.7
1102480 666.7
1102490 666.4
1102500 675.3
1102510 675.3
1102520 677.1
1102530 679.6
1102540 679.6
1102550 682.9
1102560 684.7
1102570 684.7
1102580 685.3
1102590 685.0
1102600 685.0
1102610 683.7
1102620 681.6
1102630 681.6
1102640 680.0
1102650 676.7
1102660 676.7
1102670 670.1
1102680 663.3
1102690 663.3
1102700 658.3
1102710 655.7
1102720 655.7
1102730 655.5
1102740 655.5
1102750 655.5
1102760 655.8
1102770 656.2
1102780 656.6
1102790 656.6
1102800 656.9
1102810 657.3
1102820 657.3
1102830 659.4
1102840 658.5
1102850 658.5
1102860 658.2
1102870 658.2
1102880 658.2
1102890 658.2
1102900 658.3
1102910 658.3
1102920 658.5
1102930 658.6
1102940 658.6
1102950 658.8
1102960 659.3
1102970 659.3
1102980 659.7
1102990 660.1
1103000 660.1
1103010 660.5
1103020 660.9
1103030 660.9
1103040 661.1
1103050 661.2
1103060 661.2
1103070 661.5
1103080 662.0
1103090 662.3
1103100 662.3
1103110 662.5
1103120 662.6
1103130 662.6
1103140 662.9
1103150 663.2
1103160 663.2
1103170 663.4
1103180 663.5
1103190 663.5
1103200 663.7
1103210 663.9
1103220 663.9
1103230 664.2
1103240 664.6
1103250 664.6
1103260 664.9
1103270 665.4
1103280 665.4
1103290 665.9
1103300 666.3
1103310 666.3
1103320 666.6
1103330 666.8
1103340 666.8
1103350 667.1
1103360 667.4
1103370 667.4
1103380 668.7
1103390 672.8
1103400 676.0
1103410 676.0
1103420 676.4
1103430 675.1
1103440 675.1
1103450 676.6
1103460 679.7
1103470 679.7
1103480 681.1
1103490 681.8
1103500 683.6
1103510 685.0
1103520 687.6
1103530 687.6
1103540 690.5
1103550 692.0
1103560 692.0
1103570 693.0
1103580 694.6
1103590 694.6
1103600 695.6
1103610 696.2
1103620 696.2
1103630 696.4
1103640 696.7
1103650 696.7
1103660 696.9
1103670 696.9
1103680 697.5
1103690 697.5
1103700 698.3
1103710 698.8
1103720 698.8
1103730 699.5
1103740 699.9
1103750 699.9
1103760 700.1
1103770 700.2
1103780 700.2
1103790 700.2
1103800 700.3
1103810 700.3
1103820 700.5
1103830 700.2
1103840 698.5
1103850 697.7
1103860 697.4
1103870 697.4
1103880 696.7
1103890 696.4
1103900 696.4
1103910 696.2
1103920 696.0
1103930 696.0
1103940 696.1
1103950 696.6
1103960 696.6
1103970 696.7
1103980 696.0
1103990 693.5
1104000 693.5
1104010 689.2
1104020 686.0
1104030 686.0
1104040 685.0
1104050 685.0
1104060 685.0
1104070 685.2
1104080 685.6
1104090 685.6
1104100 686.1
1104110 686.7
1104120 686.7
1104130 687.4
1104140 687.8
1104150 687.8
1104160 687.5
1104170 688.1
1104180 688.1
1104190 687.9
1104200 688.9
1104210 688.9
1104220 692.9
1104230 698.6
1104240 698.6
1104250 703.8
1104260 707.8
1104270 707.8
1104280 711.1
1104290 714.5
1104300 718.4
1104310 718.4
1104320 721.2
1104330 723.2
1104340 723.2
1104350 726.5
1104360 730.1
1104370 730.1
1104380 734.1
1104390 738.3
1104400 738.3
1104410 742.6
1104420 747.2
1104430 747.2
1104440 755.9
1104450 764.5
1104460 764.5
1104470 770.9
1104480 776.6
1104490 776.6
1104500 781.4
1104510 781.6
1104520 781.6
1104530 786.0
1104540 789.3
1104550 789.3
1104560 793.7
1104570 798.1
1104580 798.1
1104590 803.7
1104600 809.4
1104610 813.5
1104620 813.5
1104630 817.8
1104640 821.2
1104650 821.2
1104660 825.1
1104670 829.5
1104680 829.5
1104690 835.5
1104700 839.7
1104710 839.7
1104720 842.4
1104730 845.0
1104740 845.0
1104750 848.3
1104760 851.1
1104770 851.1
1104780 855.3
1104790 860.9
1104800 860.9
1104810 866.7
1104820 870.7
1104830 870.7
1104840 870.3
1104850 870.0
1104860 870.0
1104870 869.4
1104880 871.6
1104890 871.6
1104900 873.6
1104910 874.4
1104920 874.5
1104930 874.5
1104940 875.6
1104950 875.9
1104960 875.9
1104970 873.3
1104980 869.1
1104990 869.1
1105000 865.5
1105010 863.1
1105020 863.1
1105030 862.4
1105040 861.7
1105050 861.7
1105060 861.2
1105070 860.2
1105080 860.2
1105090 859.2
1105100 858.5
1105110 858.5
1105120 857.3
1105130 857.4
1105140 857.4
1105150 858.4
1105160 860.4
1105170 860.4
1105180 859.2
1105190 859.2
1105200 859.2
1105210 858.8
1105220 858.9
1105230 859.4
1105240 859.4
1105250 859.6
1105260 859.4
1105270 859.4
1105280 859.4
1105290 860.1
1105300 860.1
1105310 861.4
1105320 862.3
1105330 862.3
1105340 862.2
1105350 861.5
1105360 861.5
1105370 860.9
1105380 861.0
1105390 861.0
1105400 861.5
1105410 861.9
1105420 861.9
1105430 862.2
1105440 862.3
1105450 862.3
1105460 862.1
1105470 862.0
1105480 862.0
1105490 862.1
1105500 862.1
1105510 862.1
1105520 862.2
1105530 862.6
1105540 863.0
1105550 863.0
1105560 863.8
1105570 865.4
1105580 865.4
1105590 867.3
1105600 869.2
1105610 869.2
1105620 870.7
1105630 871.6
1105640 871.6
1105650 873.6
1105660 876.4
1105670 876.4
1105680 878.8
1105690 880.9
1105700 880.9
1105710 882.8
1105720 884.9
1105730 884.9
1105740 888.1
1105750 891.3
1105760 891.3
1105770 894.3
1105780 896.6
1105790 896.6
1105800 897.9
1105810 898.5
1105820 898.5
1105830 899.2
1105840 900.4
1105850 903.2
1105860 903.2
1105870 904.5
1105880 906.1
1105890 906.1
1105900 906.5
1105910 908.5
1105920 908.5
1105930 911.1
1105940 913.3
1105950 913.3
1105960 915.2
1105970 916.4
1105980 916.4
1105990 916.8
1106000 917.9
1106010 917.9
1106020 920.0
1106030 922.3
1106040 922.3
1106050 924.3
1106060 926.6
1106070 926.6
1106080 928.9
1106090 930.7
1106100 930.7
1106110 932.1
1106120 933.4
1106130 933.4
1106140 934.4
1106150 935.2
1106160 936.0
1106170 936.0
1106180 937.0
1106190 937.1
1106200 937.1
1106210 937.9
1106220 938.3
1106230 938.3
1106240 938.6
1106250 938.9
1106260 938.9
1106270 939.0
1106280 939.1
1106290 939.1
1106300 939.7
1106310 940.0
1106320 940.0
1106330 939.4
1106340 938.9
1106350 938.9
1106360 939.2
1106370 939.9
1106380 939.9
1106390 941.0
1106400 942.3
1106410 942.3
1106420 943.9
1106430 946.0
1106440 946.0
1106450 948.5
1106460 950.0
1106470 951.3
1106480 951.3
1106490 952.6
1106500 953.5
1106510 953.5
1106520 955.7
1106530 954.4
1106540 954.4
1106550 955.8
1106560 957.8
1106570 957.8
1106580 960.1
1106590 962.2
1106600 962.2
1106610 964.1
1106620 965.6
1106630 965.6
1106640 967.0
1106650 968.3
1106660 968.3
1106670 969.2
1106680 970.1
1106690 970.1
1106700 970.9
1106710 971.8
1106720 971.8
1106730 972.8
1106740 973.7
1106750 973.7
1106760 974.9
1106770 976.4
1106780 977.7
1106790 977.7
1106800 979.1
1106810 980.7
1106820 980.7
1106830 981.8
1106840 983.8
1106850 983.8
1106860 986.7
1106870 990.2
1106880 990.2
1106890 993.4
1106900 997.7
1106910 997.7
1106920 1003.3
1106930 1008.4
1106940 1008.4
1106950 1012.0
1106960 1014.9
1106970 1014.9
1106980 1017.6
1106990 1020.4
1107000 1020.4
1107010 1023.1
1107020 1025.5
1107030 1025.5
1107040 1028.4
1107050 1033.2
1107060 1033.2
1107070 1035.5
1107080 1036.7
1107090 1039.8
1107100 1039.8
1107110 1042.7
1107120 1044.9
1107130 1044.9
1107140 1046.9
1107150 1048.4
1107160 1048.4
1107170 1049.6
1107180 1050.9
1107190 1050.9
1107200 1047.3
1107210 1048.2
1107220 1048.2
1107230 1049.5
1107240 1050.7
1107250 1050.7
1107260 1051.4
1107270 1053.2
1107280 1053.2
1107290 1054.5
1107300 1057.8
1107310 1057.8
1107320 1062.2
1107330 1064.7
1107340 1064.7
1107350 1066.6
1107360 1067.2
1107370 1067.2
1107380 1070.5
1107390 1075.5
1107400 1080.2
1107410 1080.2
1107420 1085.0
1107430 1089.8
1107440 1089.8
1107450 1094.7
1107460 1097.2
1107470 1097.2
1107480 1099.2
1107490 1101.1
1107500 1101.1
1107510 1103.2
1107520 1106.0
1107530 1106.0
1107540 1102.6
1107550 1094.8
1107560 1094.8
1107570 1083.8
1107580 1079.0
1107590 1079.0
1107600 1078.5
1107610 1080.8
1107620 1080.8
1107630 1076.8
1107640 1073.2
1107650 1073.2
1107660 1076.0
1107670 1084.1
1107680 1084.1
1107690 1093.6
1107700 1101.2
1107710 1108.1
1107720 1108.1
1107730 1113.8
1107740 1115.0
1107750 1115.0
1107760 1116.0
1107770 1119.0
1107780 1119.0
1107790 1121.4
1107800 1123.6
1107810 1123.6
1107820 1130.1
1107830 1139.2
1107840 1139.2
1107850 1147.8
1107860 1154.6
1107870 1154.6
1107880 1154.3
1107890 1159.7
1107900 1159.7
1107910 1164.6
1107920 1167.9
1107930 1167.9
1107940 1170.2
1107950 1175.2
1107960 1175.2
1107970 1180.0
1107980 1184.4
1107990 1184.4
1108000 1188.1
1108010 1193.3
1108020 1200.7
1108030 1200.7
1108040 1209.9
1108050 1219.4
1108060 1219.4
1108070 1228.4
1108080 1237.0
1108090 1237.0
1108100 1256.1
1108110 1271.5
1108120 1271.5
1108130 1275.2
1108140 1276.7
1108150 1276.7
1108160 1278.3
1108170 1281.5
1108180 1281.5
1108190 1284.4
1108200 1286.5
1108210 1286.5
1108220 1280.9
1108230 1281.6
1108240 1281.6
1108250 1283.5
1108260 1286.7
1108270 1286.7
1108280 1287.8
1108290 1289.5
1108300 1289.5
1108310 1289.5
1108320 1287.2
1108330 1282.1
1108340 1282.1
1108350 1280.5
1108360 1281.6
1108370 1281.6
1108380 1281.4
1108390 1280.3
1108400 1280.3
1108410 1278.8
1108420 1278.2
1108430 1278.2
1108440 1283.3
1108450 1287.5
1108460 1287.5
1108470 1293.0
1108480 1295.6
1108490 1295.6
1108500 1296.8
1108510 1296.7
1108520 1296.7
1108530 1295.1
1108540 1293.2
1108550 1293.2
1108560 1285.9
1108570 1285.5
1108580 1285.5
1108590 1286.8
1108600 1288.9
1108610 1288.9
1108620 1291.5
1108630 1294.8
1108640 1298.8
1108650 1298.8
1108660 1301.4
1108670 1303.2
1108680 1303.2
1108690 1304.7
1108700 1307.6
1108710 1307.6
1108720 1309.6
1108730 1312.0
1108740 1312.0
1108750 1313.9
1108760 1315.4
1108770 1315.4
1108780 1317.8
1108790 1319.9
1108800 1319.9
1108810 1321.6
1108820 1324.1
1108830 1324.1
1108840 1326.5
1108850 1328.5
1108860 1328.5
1108870 1329.4
1108880 1331.0
1108890 1331.0
1108900 1326.9
1108910 1329.0
1108920 1329.0
1108930 1331.3
1108940 1332.7
1108950 1334.0
1108960 1334.0
1108970 1334.4
1108980 1336.0
1108990 1336.0
1109000 1337.6
1109010 1339.6
1109020 1339.6
1109030 1342.0
1109040 1344.4
1109050 1344.4
1109060 1346.7
1109070 1349.4
1109080 1349.4
1109090 1352.7
1109100 1354.3
1109110 1354.3
1109120 1355.5
1109130 1357.6
1109140 1357.6
1109150 1360.2
1109160 1362.6
1109170 1362.6
1109180 1365.1
1109190 1368.6
1109200 1368.6
1109210 1372.0
1109220 1374.8
1109230 1374.8
1109240 1372.4
1109250 1374.8
1109260 1376.6
1109270 1376.6
1109280 1377.7
1109290 1377.9
1109300 1377.9
1109310 1378.9
1109320 1380.8
1109330 1380.8
1109340 1383.3
1109350 1385.5
1109360 1385.5
1109370 1387.5
1109380 1389.4
1109390 1389.4
1109400 1391.2
1109410 1393.0
1109420 1393.0
1109430 1394.1
1109440 1392.9
1109450 1392.9
1109460 1391.3
1109470 1389.1
1109480 1389.1
1109490 1387.6
1109500 1386.0
1109510 1386.0
1109520 1385.4
1109530 1388.3
1109540 1388.3
1109550 1397.2
1109560 1401.0
1109570 1397.4
1109580 1376.5
1109590 1377.9
1109600 1377.2
1109610 1377.2
1109620 1371.4
1109630 1365.5
1109640 1365.5
1109650 1363.0
1109660 1360.7
1109670 1360.7
1109680 1360.4
1109690 1369.0
1109700 1369.0
1109710 1380.9
1109720 1387.1
1109730 1387.1
1109740 1382.3
1109750 1374.9
1109760 1374.9
1109770 1352.4
1109780 1352.1
1109790 1352.1
1109800 1352.9
1109810 1347.7
1109820 1347.7
1109830 1344.0
1109840 1353.6
1109850 1353.6
1109860 1358.8
1109870 1354.5
1109880 1366.4
1109890 1366.4
1109900 1368.8
1109910 1377.5
1109920 1362.7
1109930 1367.4
1109940 1368.7
1109950 1368.7
1109960 1359.1
1109970 1349.1
1109980 1349.1
1109990 1335.7
1110000 1325.5
1110010 1325.5
1110020 1312.1
1110030 1302.2
1110040 1302.2
1110050 1294.1
1110060 1287.0
1110070 1287.0
1110080 1281.5
1110090 1279.2
1110100 1279.2
1110110 1274.4
1110120 1273.4
1110130 1273.4
1110140 1279.9
1110150 1286.1
1110160 1286.1
1110170 1288.4
1110180 1288.1
1110190 1293.0
1110200 1293.0
1110210 1299.2
1110220 1304.7
1110230 1304.7
1110240 1309.7
1110250 1316.1
1110260 1312.6
1110270 1319.7
1110280 1326.6
1110290 1326.6
1110300 1334.1
1110310 1340.5
1110320 1340.5
1110330 1347.4
1110340 1354.4
1110350 1354.4
1110360 1361.3
1110370 1367.4
1110380 1367.4
1110390 1373.5
1110400 1378.6
1110410 1378.6
1110420 1379.2
1110430 1375.8
1110440 1375.8
1110450 1372.2
1110460 1369.0
1110470 1367.6
1110480 1367.6
1110490 1365.8
1110500 1365.3
1110510 1365.3
1110520 1366.7
1110530 1368.1
1110540 1368.1
1110550 1369.8
1110560 1372.1
1110570 1372.1
1110580 1374.0
1110590 1376.2
1110600 1371.7
1110610 1373.5
1110620 1374.5
1110630 1374.5
1110640 1374.5
1110650 1374.6
1110660 1374.6
1110670 1374.3
1110680 1373.0
1110690 1373.0
1110700 1371.2
1110710 1369.7
1110720 1369.7
1110730 1368.8
1110740 1369.2
1110750 1369.2
1110760 1368.9
1110770 1368.1
1110780 1368.3
1110790 1368.3
1110800 1368.2
1110810 1369.0
1110820 1369.0
1110830 1369.7
1110840 1370.2
1110850 1370.2
1110860 1370.7
1110870 1370.6
1110880 1370.6
1110890 1370.4
1110900 1370.6
1110910 1370.6
1110920 1370.4
1110930 1369.7
1110940 1362.8
1110950 1364.3
1110960 1364.5
1110970 1364.5
1110980 1363.1
1110990 1360.6
1111000 1360.6
1111010 1358.9
1111020 1358.0
1111030 1358.0
1111040 1355.9
1111050 1353.8
1111060 1353.8
1111070 1352.2
1111080 1352.3
1111090 1352.5
1111100 1352.5
1111110 1352.4
1111120 1351.7
1111130 1351.7
1111140 1351.5
1111150 1352.2
1111160 1352.2
1111170 1352.4
1111180 1352.0
1111190 1352.0
1111200 1351.6
1111210 1351.1
1111220 1351.1
1111230 1350.4
1111240 1349.7
1111250 1349.7
1111260 1349.1
1111270 1348.6
1111280 1346.7
1111290 1346.7
1111300 1346.7
1111310 1346.7
1111320 1346.4
1111330 1346.2
1111340 1346.2
1111350 1346.4
1111360 1346.8
1111370 1346.8
1111380 1348.2
1111390 1349.8
1111400 1348.8
1111410 1348.8
1111420 1349.9
1111430 1354.9
1111440 1354.9
1111450 1358.0
1111460 1359.9
1111470 1359.9
1111480 1361.1
1111490 1361.9
1111500 1361.9
1111510 1362.7
1111520 1364.0
1111530 1364.0
1111540 1365.0
1111550 1366.6
1111560 1366.6
1111570 1367.6
1111580 1368.2
1111590 1368.2
1111600 1368.8
1111610 1369.4
1111620 1367.3
1111630 1367.6
1111640 1367.6
1111650 1367.6
1111660 1367.4
1111670 1367.7
1111680 1367.7
1111690 1367.5
1111700 1367.0
1111710 1366.5
1111720 1366.5
1111730 1365.7
1111740 1364.7
1111750 1364.7
1111760 1363.5
1111770 1361.6
1111780 1361.6
1111790 1359.2
1111800 1356.7
1111810 1356.7
1111820 1353.9
1111830 1351.4
1111840 1351.4
1111850 1348.8
1111860 1344.9
1111870 1344.9
1111880 1342.0
1111890 1340.9
1111900 1340.9
1111910 1339.1
1111920 1336.5
1111930 1336.5
1111940 1333.5
1111950 1333.0
1111960 1333.0
1111970 1329.8
1111980 1329.3
1111990 1329.3
1112000 1327.2
1112010 1324.6
1112020 1323.0
1112030 1323.0
1112040 1322.2
1112050 1321.1
1112060 1321.1
1112070 1320.0
1112080 1319.1
1112090 1319.1
1112100 1319.5
1112110 1319.9
1112120 1319.9
1112130 1320.1
1112140 1319.9
1112150 1319.9
1112160 1319.0
1112170 1317.5
1112180 1317.5
1112190 1316.6
1112200 1316.1
1112210 1316.1
1112220 1317.5
1112230 1319.4
1112240 1319.4
1112250 1320.5
1112260 1321.8
1112270 1321.8
1112280 1322.6
1112290 1322.9
1112300 1322.9
1112310 1319.2
1112320 1318.8
1112330 1318.1
1112340 1318.1
1112350 1317.0
1112360 1315.3
1112370 1315.3
1112380 1314.8
1112390 1314.3
1112400 1314.3
1112410 1314.5
1112420 1315.8
1112430 1315.8
1112440 1315.5
1112450 1315.8
1112460 1315.8
1112470 1315.3
1112480 1313.2
1112490 1313.2
1112500 1311.5
1112510 1311.8
1112520 1311.8
1112530 1314.8
1112540 1317.3
1112550 1317.3
1112560 1319.0
1112570 1318.5
1112580 1318.5
1112590 1316.9
1112600 1312.8
1112610 1312.8
1112620 1312.3
1112630 1312.6
1112640 1314.3
1112650 1309.7
1112660 1313.4
1112670 1315.9
1112680 1315.9
1112690 1317.1
1112700 1317.2
1112710 1317.2
1112720 1316.7
1112730 1315.5
1112740 1315.5
1112750 1315.4
1112760 1315.7
1112770 1315.7
1112780 1315.2
1112790 1313.4
1112800 1313.4
1112810 1314.0
1112820 1315.6
1112830 1315.6
1112840 1316.1
1112850 1316.2
1112860 1316.2
1112870 1315.7
1112880 1315.2
1112890 1315.2
1112900 1315.3
1112910 1315.5
1112920 1315.5
1112930 1315.4
1112940 1316.4
1112950 1318.7
1112960 1318.7
1112970 1320.6
1112980 1322.5
1112990 1322.5
1113000 1322.3
1113010 1324.6
1113020 1324.6
1113030 1326.2
1113040 1327.7
1113050 1327.7
1113060 1329.0
1113070 1330.1
1113080 1330.1
1113090 1330.5
1113100 1330.7
1113110 1330.7
1113120 1330.6
1113130 1330.2
1113140 1330.2
1113150 1331.7
1113160 1333.2
1113170 1333.2
1113180 1333.8
1113190 1334.6
1113200 1334.6
1113210 1335.6
1113220 1336.1
1113230 1336.1
1113240 1336.8
1113250 1337.1
1113260 1336.8
1113270 1336.8
1113280 1336.5
1113290 1336.1
1113300 1336.1
1113310 1333.6
1113320 1331.1
1113330 1331.1
1113340 1329.5
1113350 1324.5
1113360 1324.5
1113370 1322.0
1113380 1319.4
1113390 1319.4
1113400 1318.2
1113410 1317.3
1113420 1317.3
1113430 1315.6
1113440 1315.9
1113450 1315.9
1113460 1317.8
1113470 1320.3
1113480 1320.3
1113490 1323.0
1113500 1325.7
1113510 1325.7
1113520 1327.9
1113530 1328.7
1113540 1328.7
1113550 1329.7
1113560 1329.9
1113570 1330.1
1113580 1330.1
1113590 1330.2
1113600 1329.9
1113610 1329.9
1113620 1330.1
1113630 1333.2
1113640 1333.2
1113650 1334.8
1113660 1336.4
1113670 1336.4
1113680 1333.2
1113690 1335.4
1113700 1335.4
1113710 1337.3
1113720 1337.5
1113730 1337.5
1113740 1337.1
1113750 1337.0
1113760 1337.0
1113770 1337.1
1113780 1337.8
1113790 1337.8
1113800 1340.2
1113810 1341.8
1113820 1341.8
1113830 1342.7
1113840 1342.8
1113850 1342.8
1113860 1343.5
1113870 1344.3
1113880 1346.3
1113890 1346.3
1113900 1346.3
1113910 1344.3
1113920 1344.3
1113930 1342.4
1113940 1341.2
1113950 1341.2
1113960 1340.5
1113970 1339.8
1113980 1339.8
1113990 1338.9
1114000 1338.9
1114010 1338.9
1114020 1338.6
1114030 1335.5
1114040 1335.5
1114050 1334.9
1114060 1333.9
1114070 1333.9
1114080 1333.9
1114090 1334.6
1114100 1334.6
1114110 1335.5
1114120 1335.7
1114130 1335.7
1114140 1335.6
1114150 1335.5
1114160 1335.5
1114170 1334.9
1114180 1334.7
1114190 1335.4
1114200 1335.4
1114210 1336.0
1114220 1337.7
1114230 1337.7
1114240 1338.0
1114250 1337.0
1114260 1337.0
1114270 1337.4
1114280 1338.6
1114290 1338.6
1114300 1338.7
1114310 1338.3
1114320 1338.3
1114330 1339.4
1114340 1341.2
1114350 1341.2
1114360 1342.1
1114370 1339.3
1114380 1339.3
1114390 1339.9
1114400 1340.7
1114410 1340.7
1114420 1341.2
1114430 1341.6
1114440 1341.6
1114450 1342.0
1114460 1340.0
1114470 1340.0
1114480 1337.7
1114490 1339.8
1114500 1341.3
1114510 1341.3
1114520 1342.8
1114530 1342.2
1114540 1342.2
1114550 1341.0
1114560 1338.8
1114570 1338.8
1114580 1339.1
1114590 1342.4
1114600 1342.4
1114610 1343.2
1114620 1342.7
1114630 1342.7
1114640 1343.2
1114650 1342.7
1114660 1342.7
1114670 1344.7
1114680 1347.0
1114690 1347.0
1114700 1348.8
1114710 1350.3
1114720 1345.0
1114730 1344.9
1114740 1343.1
1114750 1343.1
1114760 1342.9
1114770 1345.6
1114780 1345.6
1114790 1346.3
1114800 1345.4
1114810 1344.8
1114820 1344.8
1114830 1345.5
1114840 1348.2
1114850 1348.2
1114860 1350.7
1114870 1352.6
1114880 1352.6
1114890 1353.2
1114900 1352.4
1114910 1352.4
1114920 1351.6
1114930 1350.0
1114940 1350.0
1114950 1350.1
1114960 1349.8
1114970 1349.8
1114980 1347.9
1114990 1345.7
1115000 1345.7
1115010 1345.5
1115020 1346.8
1115030 1346.8
1115040 1348.3
1115050 1350.0
1115060 1343.0
1115070 1343.4
1115080 1343.5
1115090 1343.5
1115100 1343.1
1115110 1341.8
1115120 1340.3
1115130 1340.3
1115140 1339.9
1115150 1340.2
1115160 1340.2
1115170 1340.2
1115180 1339.8
1115190 1339.8
1115200 1340.1
1115210 1341.1
1115220 1341.1
1115230 1341.7
1115240 1342.0
1115250 1342.0
1115260 1341.7
1115270 1341.7
1115280 1341.7
1115290 1340.9
1115300 1340.1
1115310 1340.1
1115320 1337.0
1115330 1333.0
1115340 1333.0
1115350 1326.2
1115360 1316.0
1115370 1316.0
1115380 1308.6
1115390 1304.1
1115400 1301.6
1115410 1300.7
1115420 1295.0
1115430 1291.1
1115440 1291.1
1115450 1293.5
1115460 1295.0
1115470 1295.0
1115480 1296.5
1115490 1296.6
1115500 1296.6
1115510 1295.1
1115520 1293.8
1115530 1293.8
1115540 1291.8
1115550 1291.2
1115560 1291.2
1115570 1292.4
1115580 1291.9
1115590 1291.9
1115600 1290.9
1115610 1289.3
1115620 1289.3
1115630 1286.3
1115640 1283.4
1115650 1283.4
1115660 1281.1
1115670 1279.3
1115680 1279.3
1115690 1277.7
1115700 1275.9
1115710 1272.8
1115720 1272.8
1115730 1270.6
1115740 1267.0
1115750 1264.5
1115760 1260.3
1115770 1256.9
1115780 1256.9
1115790 1253.3
1115800 1249.2
1115810 1249.2
1115820 1244.5
1115830 1240.2
1115840 1240.2
1115850 1236.8
1115860 1235.2
1115870 1235.2
1115880 1233.0
1115890 1229.8
1115900 1229.8
1115910 1225.7
1115920 1221.5
1115930 1221.5
1115940 1219.1
1115950 1211.3
1115960 1211.3
1115970 1201.0
1115980 1196.0
1115990 1196.0
1116000 1194.1
1116010 1190.3
1116020 1183.6
1116030 1183.6
1116040 1181.8
1116050 1183.7
1116060 1183.7
1116070 1182.5
1116080 1179.3
1116090 1179.3
1116100 1169.9
1116110 1167.6
1116120 1167.6
1116130 1167.8
1116140 1167.7
1116150 1167.7
1116160 1174.8
1116170 1177.8
1116180 1177.8
1116190 1176.0
1116200 1174.8
1116210 1174.8
1116220 1174.0
1116230 1172.8
1116240 1172.8
1116250 1171.4
1116260 1169.4
1116270 1169.4
1116280 1167.4
1116290 1164.2
1116300 1164.2
1116310 1160.2
1116320 1156.9
1116330 1154.1
1116340 1154.1
1116350 1148.4
1116360 1142.4
1116370 1142.4
1116380 1137.2
1116390 1134.8
1116400 1134.8
1116410 1131.3
1116420 1127.3
1116430 1127.3
1116440 1123.3
1116450 1114.1
1116460 1114.1
1116470 1110.3
1116480 1110.1
1116490 1110.1
1116500 1109.3
1116510 1105.5
1116520 1105.5
1116530 1102.9
1116540 1099.5
1116550 1099.5
1116560 1096.4
1116570 1094.0
1116580 1094.0
1116590 1090.3
1116600 1086.1
1116610 1086.1
1116620 1083.2
1116630 1080.2
1116640 1077.1
1116650 1077.1
1116660 1075.2
1116670 1073.2
1116680 1073.2
1116690 1070.5
1116700 1066.8
1116710 1066.8
1116720 1062.1
1116730 1059.3
1116740 1059.3
1116750 1057.0
1116760 1055.8
1116770 1055.8
1116780 1052.1
1116790 1044.1
1116800 1044.1
1116810 1041.8
1116820 1040.7
1116830 1040.7
1116840 1038.1
1116850 1035.0
1116860 1035.0
1116870 1032.2
1116880 1029.8
1116890 1029.8
1116900 1027.9
1116910 1026.2
1116920 1026.2
1116930 1024.4
1116940 1022.2
1116950 1019.7
1116960 1019.7
1116970 1017.3
1116980 1014.2
1116990 1014.2
1117000 1011.8
1117010 1010.0
1117020 1010.0
1117030 1008.2
1117040 1006.9
1117050 1006.9
1117060 1005.9
1117070 1005.0
1117080 1005.0
1117090 1000.5
1117100 997.7
1117110 997.7
1117120 996.4
1117130 996.2
1117140 996.5
1117150 996.2
1117160 996.4
1117170 996.4
1117180 996.7
1117190 996.9
1117200 996.9
1117210 997.3
1117220 997.3
1117230 997.3
1117240 997.0
1117250 996.8
1117260 996.5
1117270 996.5
1117280 996.3
1117290 996.3
1117300 996.3
1117310 996.5
1117320 996.6
1117330 996.6
1117340 996.2
1117350 995.8
1117360 995.8
1117370 996.4
1117380 998.4
1117390 998.4
1117400 1003.0
1117410 1006.0
1117420 1006.0
1117430 1004.4
1117440 1001.7
1117450 1001.7
1117460 1001.6
1117470 1001.4
1117480 1001.4
1117490 1001.8
1117500 1002.1
1117510 1002.1
1117520 1004.0
1117530 1007.5
1117540 1007.5
1117550 1010.7
1117560 1013.8
1117570 1014.7
1117580 1014.7
1117590 1015.0
1117600 1015.4
1117610 1015.4
1117620 1014.2
1117630 1015.4
1117640 1015.4
1117650 1019.0
1117660 1022.2
1117670 1022.2
1117680 1023.4
1117690 1022.7
1117700 1022.7
1117710 1021.6
1117720 1022.0
1117730 1022.0
1117740 1022.0
1117750 1021.8
1117760 1021.8
1117770 1022.1
1117780 1023.2
1117790 1023.2
1117800 1024.5
1117810 1025.6
1117820 1025.6
1117830 1030.2
1117840 1033.7
1117850 1033.7
1117860 1037.5
1117870 1040.6
1117880 1042.9
1117890 1042.9
1117900 1043.9
1117910 1041.7
1117920 1041.7
1117930 1040.6
1117940 1039.4
1117950 1039.4
1117960 1038.2
1117970 1035.4
1117980 1035.4
1117990 1032.2
1118000 1029.7
1118010 1029.7
1118020 1028.5
1118030 1027.5
1118040 1027.5
1118050 1027.2
1118060 1026.8
1118070 1026.8
1118080 1024.4
1118090 1021.7
1118100 1021.7
1118110 1020.3
1118120 1019.8
1118130 1019.8
1118140 1020.3
1118150 1021.9
1118160 1021.9
1118170 1021.8
1118180 1023.2
1118190 1024.0
1118200 1024.0
1118210 1024.6
1118220 1029.4
1118230 1029.4
1118240 1033.4
1118250 1049.0
1118260 1049.0
1118270 1065.1
1118280 1080.2
1118290 1080.2
1118300 1091.1
1118310 1097.5
1118320 1097.5
1118330 1102.9
1118340 1107.9
1118350 1107.9
1118360 1112.8
1118370 1117.0
1118380 1117.0
1118390 1121.0
1118400 1124.6
1118410 1124.6
1118420 1126.9
1118430 1127.7
1118440 1127.7
1118450 1129.4
1118460 1128.1
1118470 1128.1
1118480 1127.1
1118490 1127.4
1118500 1124.8
1118510 1124.8
1118520 1122.7
1118530 1126.9
1118540 1126.9
1118550 1124.7
1118560 1122.8
1118570 1122.8
1118580 1118.4
1118590 1103.0
1118600 1103.0
1118610 1084.1
1118620 1076.3
1118630 1076.3
1118640 1073.3
1118650 1071.3
1118660 1071.3
1118670 1071.3
1118680 1073.8
1118690 1073.8
1118700 1078.1
1118710 1083.1
1118720 1083.1
1118730 1088.6
1118740 1093.9
1118750 1093.9
1118760 1099.7
1118770 1105.7
1118780 1111.9
1118790 1111.9
1118800 1118.5
1118810 1125.3
1118820 1125.3
1118830 1132.3
1118840 1139.2
1118850 1139.2
1118860 1146.7
1118870 1155.3
1118880 1157.1
1118890 1163.8
1118900 1170.1
1118910 1170.1
1118920 1176.6
1118930 1184.2
1118940 1184.2
1118950 1192.3
1118960 1200.7
1118970 1200.7
1118980 1210.5
1118990 1218.8
1119000 1218.8
1119010 1227.0
1119020 1235.6
1119030 1235.6
1119040 1256.2
1119050 1281.6
1119060 1281.6
1119070 1291.8
1119080 1298.8
1119090 1304.6
1119100 1304.6
1119110 1311.1
1119120 1317.5
1119130 1317.5
1119140 1325.9
1119150 1337.8
1119160 1337.8
1119170 1343.8
1119180 1350.4
1119190 1350.4
1119200 1360.6
1119210 1367.7
1119220 1367.7
1119230 1366.8
1119240 1366.5
1119250 1366.5
1119260 1362.5
1119270 1363.2
1119280 1363.2
1119290 1365.7
1119300 1369.1
1119310 1369.1
1119320 1373.0
1119330 1377.2
1119340 1377.2
1119350 1381.3
1119360 1384.2
1119370 1384.2
1119380 1387.8
1119390 1391.8
1119400 1395.7
1119410 1395.7
1119420 1400.4
1119430 1405.1
1119440 1405.1
1119450 1410.8
1119460 1416.4
1119470 1416.4
1119480 1418.8
1119490 1420.8
1119500 1420.8
1119510 1417.8
1119520 1416.4
1119530 1416.4
1119540 1415.8
1119550 1416.5
1119560 1416.5
1119570 1418.3
1119580 1416.3
1119590 1416.3
1119600 1418.6
1119610 1421.1
1119620 1421.1
1119630 1423.4
1119640 1424.3
1119650 1424.3
1119660 1424.8
1119670 1423.9
1119680 1423.9
1119690 1422.6
1119700 1421.8
1119710 1421.3
1119720 1421.3
1119730 1421.7
1119740 1422.2
1119750 1422.2
1119760 1423.1
1119770 1424.3
1119780 1424.3
1119790 1425.7
1119800 1427.0
1119810 1427.0
1119820 1429.1
1119830 1431.0
1119840 1431.0
1119850 1432.7
1119860 1434.3
1119870 1434.3
1119880 1436.0
1119890 1437.9
1119900 1437.9
1119910 1439.4
1119920 1440.3
1119930 1437.6
1119940 1438.7
1119950 1439.8
1119960 1439.8
1119970 1441.3
1119980 1443.1
1119990 1443.1
