1100000 621.6
1100010 621.6
1100020 621.6
1100030 622.0
1100040 621.3
1100050 621.3
1100060 620.9
1100070 620.7
1100080 620.7
1100090 620.8
1100100 620.9
1100110 620.9
1100120 620.9
1100130 620.8
1100140 620.8
1100150 620.7
1100160 620.7
1100170 620.7
1100180 620.9
1100190 621.2
1100200 621.2
1100210 621.2
1100220 621.1
1100230 621.4
1100240 621.4
1100250 620.7
1100260 618.8
1100270 618.8
1100280 618.0
1100290 619.2
1100300 620.1
1100310 619.2
1100320 619.0
1100330 619.0
1100340 619.0
1100350 619.0
1100360 619.0
1100370 619.1
1100380 619.1
1100390 619.1
1100400 619.1
1100410 619.1
1100420 619.1
1100430 618.4
1100440 617.1
1100450 617.1
1100460 613.8
1100470 615.9
1100480 615.9
1100490 617.7
1100500 618.4
1100510 618.8
1100520 618.8
1100530 619.5
1100540 620.4
1100550 620.4
1100560 621.5
1100570 622.5
1100580 622.5
1100590 623.1
1100600 623.1
1100610 623.1
1100620 622.9
1100630 623.5
1100640 623.5
1100650 623.7
1100660 623.8
1100670 623.8
1100680 623.8
1100690 624.1
1100700 624.1
1100710 624.2
1100720 624.2
1100730 624.2
1100740 624.2
1100750 624.7
1100760 624.7
1100770 625.4
1100780 626.0
1100790 626.0
1100800 626.5
1100810 626.5
1100820 626.5
1100830 626.5
1100840 627.3
1100850 629.0
1100860 629.0
1100870 630.6
1100880 632.2
1100890 632.2
1100900 633.8
1100910 635.3
1100920 635.3
1100930 636.7
1100940 637.2
1100950 637.2
1100960 637.8
1100970 642.0
1100980 642.0
1100990 644.4
1101000 647.1
1101010 647.1
1101020 649.5
1101030 651.0
1101040 651.0
1101050 651.8
1101060 651.9
1101070 651.9
1101080 651.3
1101090 649.0
1101100 649.0
1101110 646.3
1101120 644.5
1101130 644.0
1101140 644.0
1101150 643.9
1101160 645.6
1101170 645.6
1101180 648.4
1101190 650.7
1101200 650.7
1101210 652.6
1101220 655.0
1101230 655.0
1101240 656.6
1101250 657.1
1101260 657.1
1101270 657.0
1101280 656.7
1101290 656.7
1101300 657.1
1101310 654.7
1101320 654.7
1101330 652.0
1101340 650.0
1101350 650.0
1101360 650.5
1101370 651.8
1101380 651.8
1101390 651.6
1101400 650.4
1101410 650.4
1101420 649.3
1101430 648.7
1101440 648.7
1101450 648.5
1101460 648.6
1101470 648.4
1101480 648.4
1101490 648.0
1101500 648.6
1101510 648.6
1101520 650.8
1101530 654.2
1101540 654.2
1101550 657.9
1101560 663.1
1101570 663.1
1101580 667.6
1101590 671.0
1101600 671.0
1101610 674.3
1101620 678.2
1101630 679.1
1101640 681.8
1101650 684.7
1101660 684.7
1101670 687.4
1101680 689.8
1101690 689.8
1101700 691.1
1101710 691.9
1101720 691.9
1101730 692.3
1101740 692.4
1101750 692.4
1101760 691.4
1101770 690.5
1101780 689.5
1101790 689.5
1101800 689.2
1101810 689.9
1101820 689.9
1101830 690.6
1101840 691.1
1101850 691.1
1101860 691.9
1101870 693.2
1101880 693.2
1101890 694.6
1101900 695.6
1101910 695.6
1101920 696.9
1101930 699.4
1101940 699.4
1101950 700.5
1101960 701.7
1101970 706.9
1101980 708.2
1101990 708.8
1102000 708.8
1102010 708.9
1102020 709.7
1102030 709.7
1102040 710.8
1102050 712.0
1102060 712.0
1102070 712.9
1102080 713.0
1102090 713.0
1102100 713.0
1102110 713.4
1102120 714.3
1102130 714.3
1102140 714.9
1102150 715.8
1102160 715.8
1102170 717.5
1102180 719.5
1102190 719.5
1102200 721.2
1102210 723.3
1102220 723.3
1102230 725.2
1102240 726.9
1102250 726.9
1102260 729.1
1102270 731.8
1102280 731.8
1102290 734.7
1102300 742.3
1102310 742.3
1102320 744.6
1102330 746.8
1102340 746.8
1102350 749.1
1102360 750.8
1102370 750.8
1102380 753.0
1102390 756.4
1102400 760.5
1102410 760.5
1102420 764.8
1102430 768.9
1102440 768.9
1102450 773.0
1102460 777.0
1102470 777.0
1102480 780.8
1102490 784.6
1102500 784.6
1102510 788.0
1102520 791.0
1102530 791.0
1102540 793.5
1102550 796.0
1102560 796.0
1102570 799.4
1102580 801.9
1102590 801.9
1102600 803.7
1102610 806.6
1102620 806.6
1102630 821.4
1102640 823.1
1102650 823.1
1102660 825.4
1102670 829.3
1102680 829.3
1102690 832.8
1102700 835.0
1102710 835.0
1102720 835.8
1102730 835.3
1102740 834.6
1102750 834.6
1102760 834.2
1102770 834.9
1102780 834.9
1102790 836.2
1102800 838.2
1102810 838.2
1102820 840.8
1102830 843.4
1102840 843.4
1102850 844.9
1102860 846.1
1102870 846.1
1102880 847.1
1102890 848.5
1102900 848.5
1102910 850.4
1102920 852.9
1102930 852.9
1102940 855.9
1102950 858.2
1102960 858.2
1102970 866.0
1102980 867.8
1102990 867.8
1103000 868.6
1103010 868.9
1103020 868.9
1103030 871.1
1103040 873.6
1103050 876.0
1103060 876.0
1103070 878.0
1103080 880.3
1103090 880.3
1103100 883.8
1103110 886.5
1103120 886.5
1103130 889.8
1103140 893.6
1103150 893.6
1103160 897.2
1103170 903.5
1103180 903.5
1103190 909.3
1103200 915.0
1103210 915.0
1103220 920.2
1103230 926.1
1103240 926.1
1103250 931.5
1103260 936.8
1103270 936.8
1103280 941.5
1103290 945.9
1103300 948.5
1103310 952.4
1103320 956.2
1103330 956.2
1103340 959.6
1103350 962.4
1103360 965.3
1103370 965.3
1103380 968.4
1103390 971.8
1103400 971.8
1103410 975.0
1103420 977.5
1103430 977.5
1103440 979.8
1103450 982.2
1103460 982.2
1103470 984.8
1103480 987.7
1103490 987.7
1103500 991.1
1103510 994.8
1103520 994.8
1103530 1000.9
1103540 1004.9
1103550 1004.9
1103560 1007.7
1103570 1010.5
1103580 1010.5
1103590 1013.2
1103600 1016.3
1103610 1016.3
1103620 1019.2
1103630 1021.9
1103640 1030.8
1103650 1032.2
1103660 1032.6
1103670 1033.5
1103680 1033.5
1103690 1035.2
1103700 1036.6
1103710 1036.6
1103720 1037.4
1103730 1039.2
1103740 1039.2
1103750 1041.7
1103760 1044.5
1103770 1044.5
1103780 1048.0
1103790 1050.5
1103800 1050.5
1103810 1049.7
1103820 1049.1
1103830 1049.1
1103840 1050.9
1103850 1052.5
1103860 1052.5
1103870 1053.6
1103880 1054.8
1103890 1054.8
1103900 1056.6
1103910 1057.5
1103920 1057.5
1103930 1057.8
1103940 1057.8
1103950 1057.8
1103960 1057.6
1103970 1065.1
1103980 1065.1
1103990 1066.2
1104000 1068.2
1104010 1071.5
1104020 1071.5
1104030 1071.8
1104040 1066.5
1104050 1066.5
1104060 1059.3
1104070 1054.2
1104080 1054.2
1104090 1048.9
1104100 1045.9
1104110 1045.9
1104120 1041.9
1104130 1031.5
1104140 1031.5
1104150 1016.7
1104160 1011.0
1104170 1011.0
1104180 1010.0
1104190 1009.9
1104200 1009.9
1104210 1010.6
1104220 1012.8
1104230 1012.8
1104240 1016.6
1104250 1019.8
1104260 1019.8
1104270 1023.6
1104280 1026.1
1104290 1026.1
1104300 1026.5
1104310 1033.7
1104320 1032.9
1104330 1032.9
1104340 1032.8
1104350 1034.0
1104360 1034.0
1104370 1037.2
1104380 1040.2
1104390 1040.2
1104400 1041.7
1104410 1044.1
1104420 1044.1
1104430 1046.8
1104440 1050.1
1104450 1050.1
1104460 1051.9
1104470 1054.9
1104480 1054.9
1104490 1058.7
1104500 1061.6
1104510 1061.6
1104520 1066.5
1104530 1074.9
1104540 1074.9
1104550 1083.7
1104560 1091.3
1104570 1091.3
1104580 1097.8
1104590 1103.5
1104600 1103.5
1104610 1107.5
1104620 1110.7
1104630 1113.9
1104640 1115.2
1104650 1118.5
1104660 1122.7
1104670 1122.7
1104680 1124.8
1104690 1124.3
1104700 1124.3
1104710 1122.8
1104720 1120.0
1104730 1120.0
1104740 1121.0
1104750 1126.6
1104760 1126.6
1104770 1132.8
1104780 1139.8
1104790 1139.8
1104800 1146.9
1104810 1153.4
1104820 1153.4
1104830 1159.9
1104840 1166.3
1104850 1166.3
1104860 1173.0
1104870 1179.1
1104880 1179.1
1104890 1184.2
1104900 1190.1
1104910 1190.1
1104920 1196.7
1104930 1203.6
1104940 1210.8
1104950 1210.8
1104960 1215.1
1104970 1218.8
1104980 1214.5
1104990 1218.8
1105000 1223.8
1105010 1223.8
1105020 1229.3
1105030 1234.5
1105040 1234.5
1105050 1240.1
1105060 1246.8
1105070 1246.8
1105080 1253.6
1105090 1260.1
1105100 1260.1
1105110 1266.5
1105120 1271.2
1105130 1271.2
1105140 1277.2
1105150 1284.8
1105160 1284.8
1105170 1291.3
1105180 1296.1
1105190 1296.1
1105200 1300.4
1105210 1304.3
1105220 1304.3
1105230 1308.0
1105240 1311.9
1105250 1316.5
1105260 1316.5
1105270 1321.2
1105280 1325.0
1105290 1325.0
1105300 1327.9
1105310 1330.6
1105320 1329.2
1105330 1332.0
1105340 1334.4
1105350 1334.4
1105360 1337.0
1105370 1339.8
1105380 1339.8
1105390 1342.2
1105400 1345.5
1105410 1345.5
1105420 1349.4
1105430 1353.1
1105440 1353.1
1105450 1355.7
1105460 1358.4
1105470 1358.4
1105480 1361.5
1105490 1365.0
1105500 1365.0
1105510 1369.8
1105520 1374.3
1105530 1374.3
1105540 1378.4
1105550 1382.3
1105560 1382.3
1105570 1387.4
1105580 1393.1
1105590 1397.6
1105600 1397.6
1105610 1401.5
1105620 1405.7
1105630 1405.7
1105640 1409.7
1105650 1412.3
1105660 1412.3
1105670 1417.2
1105680 1420.8
1105690 1420.8
1105700 1424.1
1105710 1427.5
1105720 1427.5
1105730 1431.0
1105740 1434.7
1105750 1434.7
1105760 1438.3
1105770 1441.8
1105780 1441.8
1105790 1445.7
1105800 1449.6
1105810 1449.6
1105820 1452.8
1105830 1456.0
1105840 1456.0
1105850 1459.4
1105860 1463.1
1105870 1463.1
1105880 1466.7
1105890 1472.3
1105900 1480.1
1105910 1480.1
1105920 1486.5
1105930 1491.6
1105940 1491.6
1105950 1497.0
1105960 1500.9
1105970 1500.9
1105980 1504.3
1105990 1506.4
1106000 1506.4
1106010 1509.9
1106020 1513.9
1106030 1513.9
1106040 1518.9
1106050 1524.9
1106060 1524.9
1106070 1530.0
1106080 1533.6
1106090 1533.6
1106100 1536.9
1106110 1540.3
1106120 1540.3
1106130 1543.8
1106140 1547.2
1106150 1547.2
1106160 1550.0
1106170 1552.8
1106180 1552.8
1106190 1555.5
1106200 1557.8
1106210 1559.8
1106220 1559.8
1106230 1562.2
1106240 1564.5
1106250 1564.5
1106260 1566.9
1106270 1569.3
1106280 1569.3
1106290 1571.4
1106300 1573.3
1106310 1573.3
1106320 1575.2
1106330 1577.4
1106340 1577.4
1106350 1579.1
1106360 1580.9
1106370 1580.9
1106380 1582.8
1106390 1584.3
1106400 1584.3
1106410 1585.1
1106420 1585.7
1106430 1585.7
1106440 1586.2
1106450 1587.2
1106460 1587.2
1106470 1588.6
1106480 1589.9
1106490 1589.9
1106500 1591.0
1106510 1592.3
1106520 1593.1
1106530 1593.1
1106540 1593.8
1106550 1594.8
1106560 1594.8
1106570 1595.7
1106580 1597.1
1106590 1597.1
1106600 1598.1
1106610 1599.1
1106620 1599.1
1106630 1600.3
1106640 1601.5
1106650 1601.5
1106660 1602.0
1106670 1603.3
1106680 1603.3
1106690 1604.4
1106700 1605.8
1106710 1605.8
1106720 1607.1
1106730 1608.1
1106740 1608.1
1106750 1609.5
1106760 1611.1
1106770 1611.1
1106780 1613.1
1106790 1614.8
1106800 1614.8
1106810 1615.6
1106820 1616.5
1106830 1616.5
1106840 1618.0
1106850 1619.8
1106860 1621.6
1106870 1621.6
1106880 1623.4
1106890 1625.1
1106900 1625.1
1106910 1627.1
1106920 1628.6
1106930 1628.6
1106940 1630.5
1106950 1632.2
1106960 1632.2
1106970 1633.9
1106980 1635.7
1106990 1635.7
1107000 1637.4
1107010 1639.1
1107020 1639.1
1107030 1640.9
1107040 1643.0
1107050 1643.0
1107060 1644.6
1107070 1644.4
1107080 1644.4
1107090 1638.1
1107100 1629.5
1107110 1629.5
1107120 1625.8
1107130 1618.9
1107140 1618.9
1107150 1594.9
1107160 1579.7
1107170 1571.8
1107180 1571.8
1107190 1575.1
1107200 1588.6
1107210 1588.6
1107220 1593.7
1107230 1577.1
1107240 1577.1
1107250 1553.3
1107260 1546.3
1107270 1546.3
1107280 1545.9
1107290 1545.8
1107300 1545.8
1107310 1542.5
1107320 1536.7
1107330 1536.7
1107340 1530.0
1107350 1522.6
1107360 1522.6
1107370 1512.8
1107380 1503.1
1107390 1503.1
1107400 1504.1
1107410 1506.9
1107420 1506.9
1107430 1503.0
1107440 1498.1
1107450 1498.1
1107460 1500.3
1107470 1501.2
1107480 1500.6
1107490 1500.6
1107500 1499.1
1107510 1495.8
1107520 1495.8
1107530 1492.0
1107540 1483.9
1107550 1483.9
1107560 1484.0
1107570 1483.9
1107580 1483.9
1107590 1476.8
1107600 1473.7
1107610 1473.7
1107620 1473.2
1107630 1470.2
1107640 1470.2
1107650 1465.2
1107660 1461.8
1107670 1461.8
1107680 1469.3
1107690 1469.4
1107700 1469.4
1107710 1469.5
1107720 1468.8
1107730 1468.8
1107740 1468.8
1107750 1468.9
1107760 1468.9
1107770 1465.4
1107780 1463.4
1107790 1464.3
1107800 1464.3
1107810 1464.2
1107820 1462.9
1107830 1462.9
1107840 1460.9
1107850 1461.4
1107860 1461.4
1107870 1458.6
1107880 1457.4
1107890 1457.4
1107900 1462.9
1107910 1465.8
1107920 1465.8
1107930 1463.2
1107940 1465.8
1107950 1465.8
1107960 1468.4
1107970 1470.4
1107980 1470.4
1107990 1471.7
1108000 1473.3
1108010 1473.3
1108020 1478.8
1108030 1470.3
1108040 1470.3
1108050 1461.3
1108060 1454.0
1108070 1454.0
1108080 1449.1
1108090 1444.3
1108100 1444.3
1108110 1441.6
1108120 1444.4
1108130 1445.8
1108140 1445.8
1108150 1447.7
1108160 1451.0
1108170 1451.0
1108180 1454.8
1108190 1458.0
1108200 1458.0
1108210 1457.4
1108220 1451.1
1108230 1451.1
1108240 1434.7
1108250 1410.0
1108260 1410.0
1108270 1400.7
1108280 1393.0
1108290 1393.0
1108300 1386.1
1108310 1380.7
1108320 1380.7
1108330 1376.1
1108340 1370.7
1108350 1370.7
1108360 1372.6
1108370 1368.6
1108380 1368.6
1108390 1366.8
1108400 1364.2
1108410 1364.2
1108420 1354.3
1108430 1354.8
1108440 1354.3
1108450 1354.3
1108460 1346.2
1108470 1343.4
1108480 1343.4
1108490 1337.3
1108500 1332.3
1108510 1332.3
1108520 1330.8
1108530 1333.9
1108540 1333.9
1108550 1339.1
1108560 1343.7
1108570 1343.7
1108580 1347.6
1108590 1351.8
1108600 1351.8
1108610 1356.3
1108620 1361.7
1108630 1361.7
1108640 1366.5
1108650 1372.6
1108660 1372.6
1108670 1381.2
1108680 1391.4
1108690 1391.4
1108700 1400.4
1108710 1407.0
1108720 1407.0
1108730 1413.3
1108740 1419.8
1108750 1426.6
1108760 1426.6
1108770 1433.4
1108780 1445.3
1108790 1445.3
1108800 1453.2
1108810 1461.3
1108820 1461.3
1108830 1471.2
1108840 1481.0
1108850 1481.0
1108860 1489.7
1108870 1496.9
1108880 1496.9
1108890 1503.6
1108900 1509.9
1108910 1509.9
1108920 1516.3
1108930 1522.0
1108940 1522.0
1108950 1527.9
1108960 1533.9
1108970 1533.9
1108980 1540.4
1108990 1546.3
1109000 1546.3
1109010 1552.7
1109020 1558.8
1109030 1558.8
1109040 1563.9
1109050 1569.9
1109060 1575.2
1109070 1575.2
1109080 1581.3
1109090 1589.3
1109100 1589.3
1109110 1596.3
1109120 1603.2
1109130 1603.2
1109140 1610.3
1109150 1617.1
1109160 1617.1
1109170 1624.0
1109180 1631.0
1109190 1631.0
1109200 1637.5
1109210 1644.0
1109220 1644.0
1109230 1650.3
1109240 1657.2
1109250 1657.2
1109260 1663.7
1109270 1669.3
1109280 1669.3
1109290 1672.2
1109300 1665.0
1109310 1665.0
1109320 1654.4
1109330 1645.6
1109340 1645.6
1109350 1639.1
1109360 1636.8
1109370 1635.4
1109380 1639.3
1109390 1638.9
1109400 1637.8
1109410 1637.8
1109420 1636.0
1109430 1636.2
1109440 1636.2
1109450 1636.4
1109460 1634.0
1109470 1634.0
1109480 1633.1
1109490 1634.3
1109500 1634.3
1109510 1636.8
1109520 1640.8
1109530 1640.8
1109540 1644.0
1109550 1644.8
1109560 1644.8
1109570 1644.0
1109580 1644.0
1109590 1644.0
1109600 1644.7
1109610 1644.5
1109620 1644.5
1109630 1645.6
1109640 1646.5
1109650 1646.5
1109660 1646.4
1109670 1645.4
1109680 1645.4
1109690 1644.3
1109700 1643.3
1109710 1641.7
1109720 1647.9
1109730 1646.6
1109740 1642.5
1109750 1642.5
1109760 1638.2
1109770 1637.6
1109780 1637.6
1109790 1634.9
1109800 1627.4
1109810 1627.4
1109820 1618.0
1109830 1608.7
1109840 1608.7
1109850 1601.1
1109860 1594.2
1109870 1594.2
1109880 1587.8
1109890 1582.0
1109900 1582.0
1109910 1571.6
1109920 1563.5
1109930 1563.5
1109940 1555.7
1109950 1546.6
1109960 1546.6
1109970 1539.6
1109980 1531.9
1109990 1531.9
1110000 1518.8
1110010 1508.2
1110020 1501.6
1110030 1501.6
1110040 1495.2
1110050 1488.2
1110060 1490.0
1110070 1485.9
1110080 1480.6
1110090 1480.6
1110100 1475.2
1110110 1470.3
1110120 1470.3
1110130 1465.4
1110140 1460.3
1110150 1460.3
1110160 1456.7
1110170 1452.5
1110180 1452.5
1110190 1446.1
1110200 1439.4
1110210 1439.4
1110220 1431.7
1110230 1423.5
1110240 1423.5
1110250 1422.2
1110260 1421.8
1110270 1421.8
1110280 1421.0
1110290 1418.5
1110300 1418.5
1110310 1415.0
1110320 1414.7
1110330 1418.7
1110340 1418.7
1110350 1424.0
1110360 1428.2
1110370 1428.2
1110380 1429.3
1110390 1431.4
1110400 1437.7
1110410 1440.4
1110420 1442.3
1110430 1442.3
1110440 1443.6
1110450 1444.9
1110460 1444.9
1110470 1447.3
1110480 1450.4
1110490 1450.4
1110500 1453.6
1110510 1456.0
1110520 1456.0
1110530 1456.9
1110540 1457.0
1110550 1457.0
1110560 1461.7
1110570 1466.2
1110580 1466.2
1110590 1470.0
1110600 1473.0
1110610 1473.0
1110620 1474.1
1110630 1481.7
1110640 1501.0
1110650 1501.0
1110660 1508.9
1110670 1512.0
1110680 1512.0
1110690 1516.2
1110700 1521.2
1110710 1521.2
1110720 1524.9
1110730 1526.3
1110740 1535.4
1110750 1533.6
1110760 1528.1
1110770 1528.1
1110780 1516.1
1110790 1504.5
1110800 1504.5
1110810 1509.1
1110820 1515.7
1110830 1515.7
1110840 1524.6
1110850 1534.2
1110860 1534.2
1110870 1543.3
1110880 1551.1
1110890 1551.1
1110900 1561.8
1110910 1573.0
1110920 1573.0
1110930 1582.2
1110940 1589.7
1110950 1594.1
1110960 1594.1
1110970 1594.9
1110980 1593.2
1110990 1593.2
1111000 1583.5
1111010 1577.8
1111020 1577.8
1111030 1573.7
1111040 1570.9
1111050 1570.9
1111060 1566.9
1111070 1562.9
1111080 1573.9
1111090 1567.6
1111100 1564.5
1111110 1564.5
1111120 1561.4
1111130 1558.6
1111140 1558.6
1111150 1556.4
1111160 1555.5
1111170 1555.5
1111180 1554.3
1111190 1553.5
1111200 1553.5
1111210 1552.7
1111220 1551.5
1111230 1551.5
1111240 1549.8
1111250 1546.7
1111260 1546.7
1111270 1546.1
1111280 1545.0
1111290 1544.0
1111300 1544.0
1111310 1542.1
1111320 1538.4
1111330 1538.4
1111340 1535.5
1111350 1532.8
1111360 1532.8
1111370 1530.1
1111380 1523.9
1111390 1523.9
1111400 1511.8
1111410 1499.9
1111420 1504.6
1111430 1495.5
1111440 1485.5
1111450 1485.5
1111460 1473.4
1111470 1461.2
1111480 1461.2
1111490 1451.8
1111500 1442.4
1111510 1442.4
1111520 1435.0
1111530 1431.1
1111540 1431.1
1111550 1427.1
1111560 1424.2
1111570 1424.2
1111580 1420.8
1111590 1415.9
1111600 1410.7
1111610 1410.7
1111620 1407.4
1111630 1404.0
1111640 1404.0
1111650 1400.4
1111660 1396.8
1111670 1396.8
1111680 1392.3
1111690 1387.8
1111700 1387.8
1111710 1383.2
1111720 1378.8
1111730 1378.8
1111740 1374.7
1111750 1370.2
1111760 1370.2
1111770 1366.6
1111780 1363.0
1111790 1363.0
1111800 1358.9
1111810 1355.0
1111820 1355.0
1111830 1350.7
1111840 1347.4
1111850 1347.4
1111860 1342.4
1111870 1337.6
1111880 1337.6
1111890 1334.0
1111900 1330.4
1111910 1326.4
1111920 1326.4
1111930 1322.8
1111940 1319.2
1111950 1319.2
1111960 1315.2
1111970 1311.2
1111980 1311.2
1111990 1307.2
1112000 1303.3
1112010 1303.3
1112020 1298.9
1112030 1295.3
1112040 1295.3
1112050 1291.7
1112060 1288.4
1112070 1288.4
1112080 1285.6
1112090 1282.6
1112100 1282.6
1112110 1280.0
1112120 1278.2
1112130 1278.2
1112140 1277.7
1112150 1277.7
1112160 1277.7
1112170 1277.0
1112180 1275.2
1112190 1275.2
1112200 1273.7
1112210 1271.9
1112220 1269.8
1112230 1269.8
1112240 1267.8
1112250 1265.8
1112260 1265.8
1112270 1263.6
1112280 1261.3
1112290 1261.3
1112300 1258.7
1112310 1256.4
1112320 1256.4
1112330 1254.1
1112340 1251.8
1112350 1251.8
1112360 1249.6
1112370 1247.6
1112380 1247.6
1112390 1245.0
1112400 1243.7
1112410 1243.7
1112420 1241.1
1112430 1238.3
1112440 1238.3
1112450 1237.3
1112460 1235.3
1112470 1235.3
1112480 1233.8
1112490 1232.9
1112500 1232.9
1112510 1232.0
1112520 1230.6
1112530 1230.6
1112540 1227.8
1112550 1226.0
1112560 1224.4
1112570 1224.4
1112580 1222.9
1112590 1221.5
1112600 1221.5
1112610 1219.9
1112620 1218.0
1112630 1218.0
1112640 1216.4
1112650 1215.3
1112660 1215.3
1112670 1214.9
1112680 1214.6
1112690 1214.6
1112700 1214.0
1112710 1213.4
1112720 1213.4
1112730 1212.8
1112740 1211.7
1112750 1211.7
1112760 1210.2
1112770 1208.3
1112780 1208.3
1112790 1206.5
1112800 1206.8
1112810 1206.8
1112820 1204.6
1112830 1205.3
1112840 1205.3
1112850 1206.4
1112860 1206.5
1112870 1206.4
1112880 1206.4
1112890 1206.6
1112900 1205.9
1112910 1205.9
1112920 1205.4
1112930 1205.4
1112940 1205.4
1112950 1206.0
1112960 1206.7
1112970 1206.7
1112980 1207.7
1112990 1208.9
1113000 1208.9
1113010 1209.1
1113020 1207.9
1113030 1207.9
1113040 1207.5
1113050 1207.1
1113060 1207.1
1113070 1208.0
1113080 1208.6
1113090 1208.6
1113100 1208.7
1113110 1207.6
1113120 1207.6
1113130 1206.8
1113140 1210.7
1113150 1210.7
1113160 1212.7
1113170 1215.0
1113180 1217.4
1113190 1217.4
1113200 1220.7
1113210 1223.8
1113220 1223.8
1113230 1226.3
1113240 1228.3
1113250 1228.3
1113260 1231.0
1113270 1235.5
1113280 1235.5
1113290 1240.1
1113300 1244.5
1113310 1244.5
1113320 1248.7
1113330 1252.0
1113340 1252.0
1113350 1254.8
1113360 1257.5
1113370 1257.5
1113380 1262.4
1113390 1267.2
1113400 1267.2
1113410 1271.5
1113420 1277.5
1113430 1277.5
1113440 1281.1
1113450 1284.1
1113460 1284.1
1113470 1287.1
1113480 1311.4
1113490 1312.9
1113500 1312.9
1113510 1315.0
1113520 1315.4
1113530 1315.4
1113540 1325.4
1113550 1335.5
1113560 1335.5
1113570 1334.2
1113580 1334.3
1113590 1334.3
1113600 1340.6
1113610 1340.3
1113620 1340.3
1113630 1338.8
1113640 1337.7
1113650 1337.7
1113660 1339.4
1113670 1341.8
1113680 1341.8
1113690 1343.7
1113700 1345.8
1113710 1345.8
1113720 1347.5
1113730 1349.1
1113740 1349.1
1113750 1350.4
1113760 1351.2
1113770 1351.2
1113780 1351.9
1113790 1352.7
1113800 1353.0
1113810 1353.0
1113820 1353.6
1113830 1356.8
1113840 1356.8
1113850 1357.6
1113860 1359.0
1113870 1359.0
1113880 1359.2
1113890 1359.3
1113900 1359.3
1113910 1359.5
1113920 1359.3
1113930 1359.3
1113940 1358.4
1113950 1356.3
1113960 1356.3
1113970 1353.1
1113980 1349.8
1113990 1349.8
1114000 1347.4
1114010 1347.0
1114020 1347.0
1114030 1347.7
1114040 1349.4
1114050 1349.4
1114060 1350.9
1114070 1351.3
1114080 1351.3
1114090 1347.1
1114100 1344.2
1114110 1344.2
1114120 1342.3
1114130 1336.1
1114140 1337.6
1114150 1337.6
1114160 1345.9
1114170 1356.6
1114180 1356.6
1114190 1358.8
1114200 1357.9
1114210 1357.9
1114220 1357.1
1114230 1355.4
1114240 1355.4
1114250 1353.3
1114260 1352.6
1114270 1352.6
1114280 1352.6
1114290 1351.6
1114300 1351.6
1114310 1351.6
1114320 1352.4
1114330 1352.4
1114340 1353.2
1114350 1353.5
1114360 1353.5
1114370 1354.3
1114380 1353.2
1114390 1353.2
1114400 1353.0
1114410 1354.2
1114420 1354.2
1114430 1355.5
1114440 1355.5
1114450 1355.1
1114460 1355.1
1114470 1357.4
1114480 1359.9
1114490 1359.9
1114500 1359.8
1114510 1359.4
1114520 1363.1
1114530 1363.4
1114540 1364.4
1114550 1364.4
1114560 1366.4
1114570 1368.2
1114580 1368.2
1114590 1368.4
1114600 1362.3
1114610 1362.3
1114620 1353.9
1114630 1346.9
1114640 1346.9
1114650 1342.8
1114660 1340.2
1114670 1340.2
1114680 1337.6
1114690 1335.7
1114700 1335.7
1114710 1333.4
1114720 1330.5
1114730 1330.5
1114740 1328.0
1114750 1323.8
1114760 1319.4
1114770 1319.4
1114780 1315.0
1114790 1310.0
1114800 1310.0
1114810 1305.8
1114820 1303.1
1114830 1303.1
1114840 1298.8
1114850 1296.1
1114860 1299.5
1114870 1299.1
1114880 1296.2
1114890 1296.2
1114900 1291.4
1114910 1287.0
1114920 1287.0
1114930 1282.6
1114940 1281.1
1114950 1281.1
1114960 1280.0
1114970 1278.4
1114980 1278.4
1114990 1276.4
1115000 1274.2
1115010 1274.2
1115020 1271.7
1115030 1270.7
1115040 1270.7
1115050 1268.5
1115060 1265.8
1115070 1263.3
1115080 1263.3
1115090 1261.1
1115100 1258.4
1115110 1258.4
1115120 1256.4
1115130 1254.3
1115140 1254.3
1115150 1251.9
1115160 1249.9
1115170 1249.9
1115180 1248.7
1115190 1247.4
1115200 1247.4
1115210 1245.4
1115220 1244.5
1115230 1244.5
1115240 1243.2
1115250 1241.9
1115260 1241.9
1115270 1241.0
1115280 1240.7
1115290 1240.7
1115300 1240.1
1115310 1239.3
1115320 1239.3
1115330 1238.2
1115340 1236.8
1115350 1236.8
1115360 1235.6
1115370 1234.5
1115380 1233.2
1115390 1233.2
1115400 1232.2
1115410 1231.3
1115420 1231.3
1115430 1230.5
1115440 1229.7
1115450 1229.7
1115460 1228.9
1115470 1228.1
1115480 1228.1
1115490 1227.8
1115500 1227.3
1115510 1227.3
1115520 1225.7
1115530 1225.5
1115540 1225.5
1115550 1223.8
1115560 1223.0
1115570 1223.0
1115580 1222.4
1115590 1221.6
1115600 1221.6
1115610 1221.4
1115620 1221.8
1115630 1221.8
1115640 1222.7
1115650 1223.6
1115660 1223.6
1115670 1224.8
1115680 1226.4
1115690 1226.4
1115700 1227.9
1115710 1228.8
1115720 1229.8
1115730 1229.8
1115740 1230.6
1115750 1230.6
1115760 1230.6
1115770 1230.6
1115780 1232.0
1115790 1232.0
1115800 1233.6
1115810 1235.9
1115820 1235.9
1115830 1238.6
1115840 1241.0
1115850 1241.0
1115860 1243.3
1115870 1245.5
1115880 1245.5
1115890 1247.7
1115900 1242.9
1115910 1242.9
1115920 1244.7
1115930 1246.4
1115940 1246.4
1115950 1249.3
1115960 1252.3
1115970 1252.3
1115980 1255.6
1115990 1258.4
1116000 1258.4
1116010 1260.4
1116020 1261.6
1116030 1262.5
1116040 1262.5
1116050 1262.4
1116060 1257.3
1116070 1257.3
1116080 1258.6
1116090 1261.9
1116100 1261.9
1116110 1262.1
1116120 1254.5
1116130 1254.5
1116140 1247.0
1116150 1243.1
1116160 1243.1
1116170 1242.4
1116180 1240.6
1116190 1240.6
1116200 1234.5
1116210 1230.7
1116220 1230.7
1116230 1233.1
1116240 1235.9
1116250 1227.2
1116260 1228.8
1116270 1229.1
1116280 1229.1
1116290 1230.6
1116300 1236.9
1116310 1236.9
1116320 1244.8
1116330 1251.3
1116340 1246.7
1116350 1246.7
1116360 1222.4
1116370 1212.7
1116380 1212.7
1116390 1205.0
1116400 1196.0
1116410 1196.0
1116420 1184.4
1116430 1174.8
1116440 1174.8
1116450 1170.0
1116460 1163.9
1116470 1163.9
1116480 1159.1
1116490 1154.2
1116500 1154.2
1116510 1154.5
1116520 1158.4
1116530 1158.4
1116540 1156.9
1116550 1143.3
1116560 1143.3
1116570 1122.9
1116580 1090.3
1116590 1110.1
1116600 1087.1
1116610 1067.9
1116620 1067.9
1116630 1053.9
1116640 1041.5
1116650 1028.6
1116660 1028.6
1116670 1022.2
1116680 1018.0
1116690 1018.0
1116700 1013.7
1116710 1009.0
1116720 1009.0
1116730 1003.6
1116740 998.8
1116750 998.8
1116760 993.6
1116770 988.1
1116780 988.1
1116790 982.5
1116800 977.2
1116810 977.2
1116820 972.0
1116830 966.7
1116840 966.7
1116850 961.2
1116860 956.2
1116870 956.2
1116880 951.6
1116890 947.0
1116900 947.0
1116910 942.9
1116920 938.8
1116930 938.8
1116940 934.9
1116950 928.9
1116960 920.1
1116970 920.1
1116980 912.6
1116990 905.7
1117000 905.7
1117010 899.6
1117020 893.3
1117030 893.3
1117040 886.4
1117050 881.5
1117060 881.5
1117070 877.1
1117080 873.3
1117090 873.3
1117100 870.2
1117110 868.5
1117120 868.5
1117130 867.2
1117140 864.7
1117150 864.7
1117160 861.8
1117170 861.0
1117180 861.0
1117190 860.9
1117200 861.0
1117210 861.0
1117220 862.8
1117230 868.1
1117240 868.1
1117250 876.8
1117260 887.4
1117270 887.4
1117280 896.5
1117290 896.3
1117300 901.8
1117310 901.8
1117320 908.0
1117330 914.5
1117340 914.5
1117350 921.2
1117360 927.9
1117370 927.9
1117380 934.6
1117390 942.0
1117400 942.0
1117410 947.3
1117420 950.9
1117430 950.9
1117440 953.7
1117450 956.1
1117460 956.1
1117470 958.2
1117480 959.4
1117490 959.4
1117500 959.4
1117510 959.3
1117520 959.3
1117530 957.9
1117540 957.9
1117550 957.9
1117560 958.2
1117570 960.5
1117580 960.5
1117590 962.9
1117600 966.7
1117610 974.0
1117620 974.0
1117630 986.4
1117640 991.7
1117650 991.7
1117660 996.9
1117670 998.1
1117680 998.1
1117690 996.9
1117700 997.0
1117710 997.0
1117720 998.0
1117730 998.5
1117740 998.5
1117750 999.9
1117760 1002.8
1117770 1002.8
1117780 1006.4
1117790 1008.7
1117800 1008.7
1117810 1008.9
1117820 1009.7
1117830 1009.7
1117840 1011.5
1117850 1013.5
1117860 1013.5
1117870 1014.7
1117880 1015.4
1117890 1015.4
1117900 1016.7
1117910 1018.3
1117920 1019.2
1117930 1019.2
1117940 1018.3
1117950 1014.9
1117960 1014.9
1117970 1009.4
1117980 1000.1
1117990 1000.1
1118000 995.7
1118010 991.2
1118020 991.2
1118030 988.4
1118040 987.0
1118050 987.0
1118060 986.1
1118070 985.4
1118080 985.4
1118090 985.1
1118100 984.4
1118110 984.4
1118120 983.5
1118130 982.5
1118140 982.5
1118150 980.0
1118160 976.9
1118170 976.9
1118180 974.9
1118190 974.1
1118200 974.1
1118210 973.9
1118220 974.8
1118230 976.3
1118240 976.3
1118250 977.8
1118260 978.5
1118270 978.5
1118280 978.5
1118290 976.9
1118300 976.9
1118310 974.5
1118320 972.4
1118330 972.8
1118340 969.4
1118350 968.1
1118360 968.1
1118370 968.5
1118380 969.2
1118390 969.2
1118400 969.9
1118410 970.7
1118420 970.7
1118430 971.7
1118440 972.5
1118450 972.5
1118460 973.7
1118470 975.4
1118480 975.4
1118490 977.2
1118500 980.1
1118510 980.1
1118520 983.1
1118530 985.7
1118540 987.4
1118550 987.4
1118560 988.7
1118570 989.1
1118580 989.1
1118590 990.5
1118600 993.4
1118610 993.4
1118620 994.7
1118630 996.4
1118640 996.4
1118650 999.8
1118660 1001.9
1118670 1001.9
1118680 997.0
1118690 1002.2
1118700 1002.2
1118710 1008.2
1118720 1012.7
1118730 1012.7
1118740 1015.5
1118750 1018.1
1118760 1018.1
1118770 1020.2
1118780 1022.5
1118790 1022.5
1118800 1024.4
1118810 1025.3
1118820 1025.3
1118830 1026.1
1118840 1028.1
1118850 1028.1
1118860 1030.0
1118870 1031.5
1118880 1032.0
1118890 1032.0
1118900 1034.4
1118910 1038.1
1118920 1038.1
1118930 1040.4
1118940 1043.1
1118950 1043.1
1118960 1044.8
1118970 1045.0
1118980 1045.0
1118990 1046.9
1119000 1048.3
1119010 1048.3
1119020 1049.6
1119030 1053.5
1119040 1053.5
1119050 1056.4
1119060 1059.0
1119070 1059.0
1119080 1061.5
1119090 1063.4
1119100 1063.4
1119110 1066.5
1119120 1071.9
1119130 1071.9
1119140 1075.6
1119150 1078.8
1119160 1078.8
1119170 1081.1
1119180 1083.8
1119190 1086.6
1119200 1086.6
1119210 1088.8
1119220 1091.6
1119230 1091.6
1119240 1094.7
1119250 1097.0
1119260 1097.0
1119270 1098.2
1119280 1099.0
1119290 1099.0
1119300 1100.6
1119310 1103.7
1119320 1103.7
1119330 1107.4
1119340 1110.7
1119350 1110.7
1119360 1114.4
1119370 1117.8
1119380 1117.2
1119390 1120.6
1119400 1123.7
1119410 1123.7
1119420 1126.6
1119430 1128.9
1119440 1128.9
1119450 1130.6
1119460 1133.2
1119470 1133.2
1119480 1136.4
1119490 1139.4
1119500 1141.4
1119510 1141.4
1119520 1143.8
1119530 1146.4
1119540 1146.4
1119550 1148.9
1119560 1151.5
1119570 1151.5
1119580 1156.5
1119590 1159.4
1119600 1159.4
1119610 1162.9
1119620 1167.9
1119630 1167.9
1119640 1171.8
1119650 1172.1
1119660 1172.1
1119670 1169.5
1119680 1167.2
1119690 1167.2
1119700 1165.6
1119710 1164.3
1119720 1164.3
1119730 1166.7
1119740 1162.3
1119750 1162.3
1119760 1158.8
1119770 1155.8
1119780 1155.8
1119790 1154.5
1119800 1152.8
1119810 1152.2
1119820 1152.2
1119830 1151.4
1119840 1152.7
1119850 1152.7
1119860 1153.7
1119870 1152.5
1119880 1152.5
1119890 1150.6
1119900 1148.7
1119910 1148.7
1119920 1145.1
1119930 1141.5
1119940 1141.5
1119950 1140.6
1119960 1139.8
1119970 1139.8
1119980 1136.1
1119990 1133.2
