1100000 597.3
1100010 597.8
1100020 597.8
1100030 598.1
1100040 598.5
1100050 600.6
1100060 601.3
1100070 601.7
1100080 601.8
1100090 601.8
1100100 601.8
1100110 601.5
1100120 601.5
1100130 601.6
1100140 601.5
1100150 601.5
1100160 601.4
1100170 601.1
1100180 601.1
1100190 601.5
1100200 603.5
1100210 603.5
1100220 605.5
1100230 607.6
1100240 607.6
1100250 610.0
1100260 612.0
1100270 612.0
1100280 613.4
1100290 614.1
1100300 614.1
1100310 615.5
1100320 617.2
1100330 617.2
1100340 618.1
1100350 618.4
1100360 618.4
1100370 618.4
1100380 618.3
1100390 618.4
1100400 618.2
1100410 618.2
1100420 618.1
1100430 618.1
1100440 618.1
1100450 618.1
1100460 618.1
1100470 618.0
1100480 617.9
1100490 617.9
1100500 617.9
1100510 618.0
1100520 618.0
1100530 618.0
1100540 617.9
1100550 617.9
1100560 617.9
1100570 617.9
1100580 617.9
1100590 617.7
1100600 617.8
1100610 617.8
1100620 617.9
1100630 618.0
1100640 618.0
1100650 618.0
1100660 618.0
1100670 618.0
1100680 617.9
1100690 617.9
1100700 617.9
1100710 617.9
1100720 618.0
1100730 618.2
1100740 618.2
1100750 618.2
1100760 618.0
1100770 618.0
1100780 617.4
1100790 617.3
1100800 617.3
1100810 617.3
1100820 617.3
1100830 617.3
1100840 617.2
1100850 617.1
1100860 617.1
1100870 617.0
1100880 617.0
1100890 617.0
1100900 615.7
1100910 614.2
1100920 614.2
1100930 614.0
1100940 613.3
1100950 613.3
1100960 612.2
1100970 610.9
1100980 610.9
1100990 609.9
1101000 609.2
1101010 609.2
1101020 609.1
1101030 609.7
1101040 611.2
1101050 611.2
1101060 613.2
1101070 614.3
1101080 614.3
1101090 614.7
1101100 615.0
1101110 615.0
1101120 615.2
1101130 615.3
1101140 615.3
1101150 615.3
1101160 615.3
1101170 615.3
1101180 615.4
1101190 615.5
1101200 615.5
1101210 615.5
1101220 615.5
1101230 615.5
1101240 615.6
1101250 615.5
1101260 615.5
1101270 615.4
1101280 615.3
1101290 615.3
1101300 614.8
1101310 614.4
1101320 614.4
1101330 613.3
1101340 612.2
1101350 612.2
1101360 612.5
1101370 613.8
1101380 614.9
1101390 614.9
1101400 615.0
1101410 614.9
1101420 614.9
1101430 614.8
1101440 614.7
1101450 614.7
1101460 614.5
1101470 614.3
1101480 614.3
1101490 614.1
1101500 613.9
1101510 613.9
1101520 613.5
1101530 612.3
1101540 612.3
1101550 612.0
1101560 613.2
1101570 613.2
1101580 614.8
1101590 614.7
1101600 614.7
1101610 614.3
1101620 614.2
1101630 614.2
1101640 614.5
1101650 615.0
1101660 615.0
1101670 615.0
1101680 615.3
1101690 616.9
1101700 616.9
1101710 618.2
1101720 620.6
1101730 620.6
1101740 621.7
1101750 624.8
1101760 624.8
1101770 628.3
1101780 631.3
1101790 631.3
1101800 633.7
1101810 635.6
1101820 635.6
1101830 637.6
1101840 639.5
1101850 639.5
1101860 641.6
1101870 643.7
1101880 643.7
1101890 645.6
1101900 646.7
1101910 646.7
1101920 648.0
1101930 649.5
1101940 649.5
1101950 651.0
1101960 652.6
1101970 652.6
1101980 653.8
1101990 653.9
1102000 654.7
1102010 654.7
1102020 657.3
1102030 658.3
1102040 658.3
1102050 660.0
1102060 660.6
1102070 660.6
1102080 661.4
1102090 662.6
1102100 662.6
1102110 663.7
1102120 665.3
1102130 665.3
1102140 667.4
1102150 669.6
1102160 669.6
1102170 672.3
1102180 674.7
1102190 674.7
1102200 676.5
1102210 677.6
1102220 677.6
1102230 678.3
1102240 678.7
1102250 678.7
1102260 678.7
1102270 678.5
1102280 678.5
1102290 678.1
1102300 677.6
1102310 677.6
1102320 677.5
1102330 677.6
1102340 677.9
1102350 677.9
1102360 678.0
1102370 677.4
1102380 676.9
1102390 675.0
1102400 674.2
1102410 674.2
1102420 674.2
1102430 674.3
1102440 674.3
1102450 674.9
1102460 675.4
1102470 675.4
1102480 675.7
1102490 676.0
1102500 676.0
1102510 676.3
1102520 676.5
1102530 676.5
1102540 676.5
1102550 676.4
1102560 676.4
1102570 676.5
1102580 676.7
1102590 676.7
1102600 677.1
1102610 677.6
1102620 677.6
1102630 678.0
1102640 678.5
1102650 679.2
1102660 679.2
1102670 679.8
1102680 680.1
1102690 680.1
1102700 680.4
1102710 680.8
1102720 682.2
1102730 683.2
1102740 684.1
1102750 684.1
1102760 684.6
1102770 685.0
1102780 685.0
1102790 686.9
1102800 689.4
1102810 689.4
1102820 691.3
1102830 693.0
1102840 693.0
1102850 695.0
1102860 697.5
1102870 697.5
1102880 700.7
1102890 704.0
1102900 704.0
1102910 707.0
1102920 710.1
1102930 710.1
1102940 713.0
1102950 714.1
1102960 714.0
1102970 714.0
1102980 714.1
1102990 715.1
1103000 715.1
1103010 716.1
1103020 718.1
1103030 718.1
1103040 719.5
1103050 723.1
1103060 723.1
1103070 723.0
1103080 723.2
1103090 723.2
1103100 724.1
1103110 725.2
1103120 725.2
1103130 726.5
1103140 727.8
1103150 727.8
1103160 731.1
1103170 734.7
1103180 734.7
1103190 738.2
1103200 741.4
1103210 741.4
1103220 745.9
1103230 752.3
1103240 752.3
1103250 759.5
1103260 765.7
1103270 770.1
1103280 770.1
1103290 773.7
1103300 776.7
1103310 776.7
1103320 777.8
1103330 780.2
1103340 780.2
1103350 783.8
1103360 788.1
1103370 788.1
1103380 791.3
1103390 795.2
1103400 795.2
1103410 799.6
1103420 804.5
1103430 804.5
1103440 811.3
1103450 820.3
1103460 820.3
1103470 829.8
1103480 834.3
1103490 834.3
1103500 836.4
1103510 839.9
1103520 839.9
1103530 843.1
1103540 847.3
1103550 847.3
1103560 849.7
1103570 840.7
1103580 840.7
1103590 830.8
1103600 823.7
1103610 817.8
1103620 817.8
1103630 812.5
1103640 809.5
1103650 809.5
1103660 807.7
1103670 805.1
1103680 805.1
1103690 805.2
1103700 806.4
1103710 806.4
1103720 810.3
1103730 810.7
1103740 810.7
1103750 811.7
1103760 813.6
1103770 813.6
1103780 814.5
1103790 815.1
1103800 815.1
1103810 815.0
1103820 814.4
1103830 814.4
1103840 813.9
1103850 814.9
1103860 814.9
1103870 814.7
1103880 814.3
1103890 814.3
1103900 816.1
1103910 817.7
1103920 821.0
1103930 821.0
1103940 825.8
1103950 829.2
1103960 829.2
1103970 830.2
1103980 831.2
1103990 831.2
1104000 833.3
1104010 835.3
1104020 835.3
1104030 838.4
1104040 841.5
1104050 841.5
1104060 847.6
1104070 850.3
1104080 850.3
1104090 854.2
1104100 858.9
1104110 858.9
1104120 864.3
1104130 870.7
1104140 870.7
1104150 878.4
1104160 886.1
1104170 886.1
1104180 889.8
1104190 894.5
1104200 894.5
1104210 899.5
1104220 905.8
1104230 911.3
1104240 911.3
1104250 916.8
1104260 920.0
1104270 920.0
1104280 920.5
1104290 919.4
1104300 919.4
1104310 918.4
1104320 918.3
1104330 918.3
1104340 917.9
1104350 918.2
1104360 918.2
1104370 919.1
1104380 921.3
1104390 923.5
1104400 925.5
1104410 927.8
1104420 927.8
1104430 929.9
1104440 931.7
1104450 931.7
1104460 933.8
1104470 936.4
1104480 936.4
1104490 938.8
1104500 940.6
1104510 940.6
1104520 941.3
1104530 942.0
1104540 942.0
1104550 943.0
1104560 944.5
1104570 946.2
1104580 946.2
1104590 948.3
1104600 950.4
1104610 950.4
1104620 953.4
1104630 957.8
1104640 957.8
1104650 961.5
1104660 966.1
1104670 966.1
1104680 970.3
1104690 974.6
1104700 974.6
1104710 980.4
1104720 984.6
1104730 987.4
1104740 990.9
1104750 994.7
1104760 994.7
1104770 998.5
1104780 1001.9
1104790 1001.9
1104800 1004.9
1104810 1007.8
1104820 1007.8
1104830 1011.7
1104840 1013.4
1104850 1013.4
1104860 1018.2
1104870 1023.6
1104880 1028.1
1104890 1028.1
1104900 1034.0
1104910 1038.5
1104920 1038.5
1104930 1044.9
1104940 1049.6
1104950 1049.6
1104960 1052.8
1104970 1060.3
1104980 1060.3
1104990 1067.0
1105000 1070.3
1105010 1070.3
1105020 1074.9
1105030 1078.3
1105040 1078.3
1105050 1081.4
1105060 1084.8
1105070 1091.5
1105080 1094.4
1105090 1097.0
1105100 1097.0
1105110 1099.6
1105120 1102.4
1105130 1102.4
1105140 1106.0
1105150 1109.6
1105160 1109.6
1105170 1110.8
1105180 1111.1
1105190 1111.0
1105200 1111.0
1105210 1111.4
1105220 1112.1
1105230 1112.1
1105240 1112.9
1105250 1113.4
1105260 1113.4
1105270 1114.0
1105280 1114.4
1105290 1114.4
1105300 1117.1
1105310 1118.1
1105320 1118.1
1105330 1119.3
1105340 1120.8
1105350 1120.8
1105360 1121.9
1105370 1123.6
1105380 1123.6
1105390 1126.3
1105400 1133.9
1105410 1133.9
1105420 1136.5
1105430 1139.6
1105440 1139.6
1105450 1143.8
1105460 1147.8
1105470 1147.8
1105480 1152.0
1105490 1157.4
1105500 1161.5
1105510 1161.5
1105520 1164.4
1105530 1166.9
1105540 1166.9
1105550 1169.7
1105560 1170.8
1105570 1170.8
1105580 1171.7
1105590 1176.4
1105600 1176.4
1105610 1177.2
1105620 1178.4
1105630 1178.4
1105640 1179.3
1105650 1179.1
1105660 1179.1
1105670 1180.3
1105680 1183.8
1105690 1183.8
1105700 1186.8
1105710 1189.4
1105720 1189.4
1105730 1190.5
1105740 1197.8
1105750 1197.8
1105760 1200.4
1105770 1202.2
1105780 1202.2
1105790 1203.1
1105800 1205.7
1105810 1205.7
1105820 1208.7
1105830 1210.9
1105840 1212.6
1105850 1212.6
1105860 1211.7
1105870 1211.4
1105880 1211.4
1105890 1212.9
1105900 1215.7
1105910 1215.7
1105920 1220.7
1105930 1223.1
1105940 1223.1
1105950 1221.6
1105960 1219.4
1105970 1219.4
1105980 1221.0
1105990 1224.3
1106000 1224.3
1106010 1228.6
1106020 1231.3
1106030 1231.3
1106040 1232.0
1106050 1231.6
1106060 1231.6
1106070 1231.9
1106080 1240.0
1106090 1240.0
1106100 1242.7
1106110 1245.1
1106120 1245.1
1106130 1248.5
1106140 1250.5
1106150 1252.5
1106160 1252.5
1106170 1255.4
1106180 1259.1
1106190 1259.1
1106200 1263.6
1106210 1267.7
1106220 1267.7
1106230 1270.6
1106240 1272.8
1106250 1272.8
1106260 1274.2
1106270 1277.5
1106280 1277.5
1106290 1280.2
1106300 1282.8
1106310 1282.8
1106320 1283.5
1106330 1284.4
1106340 1284.4
1106350 1287.2
1106360 1289.8
1106370 1289.8
1106380 1287.8
1106390 1287.1
1106400 1287.1
1106410 1298.1
1106420 1302.7
1106430 1302.7
1106440 1302.3
1106450 1297.7
1106460 1300.1
1106470 1300.1
1106480 1303.2
1106490 1305.4
1106500 1305.4
1106510 1303.7
1106520 1301.0
1106530 1301.0
1106540 1301.8
1106550 1304.4
1106560 1304.4
1106570 1310.6
1106580 1316.4
1106590 1316.4
1106600 1320.2
1106610 1324.3
1106620 1324.3
1106630 1328.7
1106640 1332.1
1106650 1332.1
1106660 1333.6
1106670 1333.5
1106680 1333.5
1106690 1334.4
1106700 1337.5
1106710 1337.5
1106720 1341.6
1106730 1344.4
1106740 1344.4
1106750 1349.5
1106760 1349.8
1106770 1349.8
1106780 1350.3
1106790 1349.5
1106800 1347.4
1106810 1347.4
1106820 1343.2
1106830 1338.0
1106840 1338.0
1106850 1332.5
1106860 1327.4
1106870 1327.4
1106880 1321.9
1106890 1316.0
1106900 1316.0
1106910 1309.1
1106920 1301.9
1106930 1301.9
1106940 1294.5
1106950 1289.1
1106960 1289.1
1106970 1287.0
1106980 1284.4
1106990 1284.4
1107000 1278.3
1107010 1276.7
1107020 1276.7
1107030 1274.2
1107040 1272.1
1107050 1272.1
1107060 1270.3
1107070 1268.2
1107080 1268.2
1107090 1272.3
1107100 1269.3
1107110 1266.1
1107120 1266.1
1107130 1264.4
1107140 1265.6
1107150 1265.6
1107160 1267.4
1107170 1270.1
1107180 1270.1
1107190 1273.4
1107200 1276.8
1107210 1276.8
1107220 1280.3
1107230 1281.6
1107240 1281.6
1107250 1279.2
1107260 1273.9
1107270 1273.9
1107280 1267.9
1107290 1261.0
1107300 1261.0
1107310 1252.0
1107320 1239.1
1107330 1239.1
1107340 1230.6
1107350 1224.5
1107360 1224.5
1107370 1218.9
1107380 1214.0
1107390 1214.0
1107400 1208.7
1107410 1202.1
1107420 1196.0
1107430 1194.5
1107440 1188.1
1107450 1182.6
1107460 1182.6
1107470 1179.1
1107480 1177.0
1107490 1177.0
1107500 1174.9
1107510 1171.9
1107520 1171.9
1107530 1169.8
1107540 1166.7
1107550 1166.7
1107560 1162.9
1107570 1160.5
1107580 1160.5
1107590 1158.1
1107600 1156.0
1107610 1156.0
1107620 1154.3
1107630 1152.0
1107640 1152.0
1107650 1149.8
1107660 1147.4
1107670 1147.4
1107680 1145.2
1107690 1142.9
1107700 1142.9
1107710 1140.3
1107720 1137.6
1107730 1135.1
1107740 1135.1
1107750 1133.2
1107760 1131.2
1107770 1132.0
1107780 1129.8
1107790 1127.8
1107800 1127.8
1107810 1126.0
1107820 1124.3
1107830 1124.3
1107840 1122.9
1107850 1122.0
1107860 1122.0
1107870 1121.3
1107880 1120.5
1107890 1120.5
1107900 1119.2
1107910 1117.6
1107920 1117.6
1107930 1115.2
1107940 1111.9
1107950 1111.9
1107960 1108.3
1107970 1105.7
1107980 1105.7
1107990 1103.4
1108000 1102.0
1108010 1102.0
1108020 1101.5
1108030 1101.6
1108040 1101.6
1108050 1100.9
1108060 1099.9
1108070 1100.1
1108080 1100.1
1108090 1099.2
1108100 1098.7
1108110 1100.4
1108120 1101.3
1108130 1099.5
1108140 1099.5
1108150 1097.9
1108160 1098.2
1108170 1098.2
1108180 1098.9
1108190 1099.7
1108200 1099.7
1108210 1100.2
1108220 1100.7
1108230 1100.7
1108240 1101.8
1108250 1102.3
1108260 1102.3
1108270 1102.6
1108280 1102.8
1108290 1102.8
1108300 1101.7
1108310 1103.0
1108320 1103.0
1108330 1104.6
1108340 1105.8
1108350 1105.8
1108360 1109.0
1108370 1113.0
1108380 1117.0
1108390 1117.0
1108400 1120.9
1108410 1125.1
1108420 1125.1
1108430 1129.8
1108440 1137.6
1108450 1137.6
1108460 1143.0
1108470 1148.2
1108480 1148.2
1108490 1153.0
1108500 1157.6
1108510 1157.6
1108520 1163.0
1108530 1168.3
1108540 1168.3
1108550 1171.6
1108560 1173.8
1108570 1173.8
1108580 1177.1
1108590 1180.9
1108600 1180.9
1108610 1184.2
1108620 1188.9
1108630 1188.9
1108640 1194.2
1108650 1200.0
1108660 1200.0
1108670 1207.5
1108680 1214.1
1108690 1217.7
1108700 1217.7
1108710 1220.8
1108720 1224.1
1108730 1224.1
1108740 1227.7
1108750 1231.8
1108760 1231.8
1108770 1237.3
1108780 1249.7
1108790 1249.7
1108800 1257.0
1108810 1262.2
1108820 1262.2
1108830 1264.9
1108840 1267.0
1108850 1267.0
1108860 1274.0
1108870 1282.2
1108880 1282.2
1108890 1285.8
1108900 1288.5
1108910 1288.5
1108920 1293.6
1108930 1300.3
1108940 1300.3
1108950 1308.7
1108960 1312.7
1108970 1312.7
1108980 1315.3
1108990 1317.1
1109000 1320.6
1109010 1320.6
1109020 1322.7
1109030 1324.2
1109040 1324.2
1109050 1326.0
1109060 1327.9
1109070 1327.9
1109080 1330.0
1109090 1331.2
1109100 1331.2
1109110 1332.4
1109120 1341.5
1109130 1341.5
1109140 1344.2
1109150 1345.0
1109160 1345.0
1109170 1344.6
1109180 1343.1
1109190 1343.1
1109200 1339.8
1109210 1338.4
1109220 1338.4
1109230 1336.9
1109240 1334.4
1109250 1334.4
1109260 1334.6
1109270 1336.2
1109280 1336.2
1109290 1337.3
1109300 1338.3
1109310 1338.3
1109320 1338.9
1109330 1339.8
1109340 1340.6
1109350 1340.6
1109360 1339.0
1109370 1338.5
1109380 1338.5
1109390 1338.6
1109400 1339.1
1109410 1339.1
1109420 1340.0
1109430 1339.7
1109440 1339.7
1109450 1338.6
1109460 1342.0
1109470 1342.0
1109480 1342.0
1109490 1341.5
1109500 1341.5
1109510 1339.9
1109520 1339.1
1109530 1339.1
1109540 1337.3
1109550 1337.1
1109560 1337.1
1109570 1337.6
1109580 1338.0
1109590 1338.0
1109600 1335.8
1109610 1333.8
1109620 1333.8
1109630 1336.0
1109640 1334.9
1109650 1332.6
1109660 1332.6
1109670 1332.3
1109680 1333.7
1109690 1333.7
1109700 1334.6
1109710 1334.7
1109720 1334.7
1109730 1334.5
1109740 1333.4
1109750 1333.4
1109760 1333.1
1109770 1334.5
1109780 1334.5
1109790 1335.8
1109800 1340.9
1109810 1340.9
1109820 1340.9
1109830 1342.1
1109840 1342.1
1109850 1342.8
1109860 1344.2
1109870 1344.2
1109880 1346.3
1109890 1348.3
1109900 1348.3
1109910 1350.4
1109920 1352.3
1109930 1352.3
1109940 1354.3
1109950 1356.4
1109960 1358.2
1109970 1358.2
1109980 1359.4
1109990 1360.1
1110000 1360.1
1110010 1359.4
1110020 1355.5
1110030 1355.5
1110040 1350.1
1110050 1344.7
1110060 1344.7
1110070 1338.9
1110080 1333.4
1110090 1333.4
1110100 1327.7
1110110 1322.1
1110120 1322.1
1110130 1316.8
1110140 1311.6
1110150 1308.1
1110160 1303.1
1110170 1298.4
1110180 1298.4
1110190 1294.4
1110200 1290.3
1110210 1290.3
1110220 1285.9
1110230 1282.0
1110240 1282.0
1110250 1277.9
1110260 1274.4
1110270 1274.4
1110280 1271.0
1110290 1267.3
1110300 1264.3
1110310 1264.3
1110320 1261.6
1110330 1259.8
1110340 1259.8
1110350 1259.6
1110360 1258.9
1110370 1258.9
1110380 1258.3
1110390 1257.3
1110400 1257.3
1110410 1256.3
1110420 1255.2
1110430 1255.2
1110440 1253.6
1110450 1252.6
1110460 1252.6
1110470 1251.9
1110480 1250.8
1110490 1252.3
1110500 1251.7
1110510 1250.6
1110520 1250.6
1110530 1249.7
1110540 1248.7
1110550 1248.7
1110560 1247.6
1110570 1246.5
1110580 1246.5
1110590 1245.5
1110600 1244.4
1110610 1243.3
1110620 1243.3
1110630 1242.3
1110640 1242.0
1110650 1242.0
1110660 1241.0
1110670 1239.6
1110680 1239.6
1110690 1238.4
1110700 1237.1
1110710 1237.1
1110720 1237.2
1110730 1237.5
1110740 1237.5
1110750 1237.7
1110760 1239.2
1110770 1239.2
1110780 1241.7
1110790 1243.4
1110800 1243.4
1110810 1244.8
1110820 1246.4
1110830 1249.0
1110840 1250.2
1110850 1251.4
1110860 1251.4
1110870 1252.4
1110880 1253.5
1110890 1253.5
1110900 1254.2
1110910 1254.5
1110920 1254.5
1110930 1254.5
1110940 1254.7
1110950 1257.6
1110960 1257.6
1110970 1261.3
1110980 1264.9
1110990 1264.9
1111000 1268.3
1111010 1271.9
1111020 1271.9
1111030 1275.9
1111040 1280.1
1111050 1280.1
1111060 1282.0
1111070 1282.7
1111080 1282.7
1111090 1283.7
1111100 1284.0
1111110 1284.0
1111120 1284.5
1111130 1285.3
1111140 1285.3
1111150 1285.5
1111160 1284.9
1111170 1288.0
1111180 1286.2
1111190 1283.6
1111200 1283.6
1111210 1282.1
1111220 1281.8
1111230 1282.8
1111240 1282.8
1111250 1284.1
1111260 1283.9
1111270 1283.9
1111280 1282.6
1111290 1281.8
1111300 1281.8
1111310 1281.6
1111320 1284.0
1111330 1284.0
1111340 1285.7
1111350 1286.3
1111360 1286.3
1111370 1287.0
1111380 1286.7
1111390 1286.7
1111400 1285.6
1111410 1285.4
1111420 1285.4
1111430 1284.8
1111440 1284.9
1111450 1284.9
1111460 1285.1
1111470 1285.4
1111480 1285.4
1111490 1285.7
1111500 1285.1
1111510 1287.8
1111520 1287.2
1111530 1286.6
1111540 1286.6
1111550 1286.3
1111560 1285.7
1111570 1283.4
1111580 1283.4
1111590 1280.1
1111600 1275.6
1111610 1275.6
1111620 1272.1
1111630 1271.6
1111640 1271.6
1111650 1274.7
1111660 1275.6
1111670 1275.6
1111680 1274.7
1111690 1273.2
1111700 1273.2
1111710 1272.5
1111720 1273.3
1111730 1273.3
1111740 1277.0
1111750 1279.2
1111760 1279.2
1111770 1282.3
1111780 1283.4
1111790 1283.4
1111800 1282.6
1111810 1280.0
1111820 1280.0
1111830 1277.6
1111840 1272.6
1111850 1272.6
1111860 1271.6
1111870 1274.1
1111880 1274.9
1111890 1274.9
1111900 1269.1
1111910 1267.0
1111920 1267.0
1111930 1269.4
1111940 1274.3
1111950 1274.3
1111960 1277.0
1111970 1278.9
1111980 1278.9
1111990 1280.7
1112000 1282.0
1112010 1282.0
1112020 1283.0
1112030 1284.0
1112040 1284.0
1112050 1285.1
1112060 1286.2
1112070 1286.2
1112080 1287.4
1112090 1288.7
1112100 1288.7
1112110 1289.6
1112120 1290.6
1112130 1290.6
1112140 1292.5
1112150 1294.5
1112160 1294.5
1112170 1295.0
1112180 1294.1
1112190 1293.6
1112200 1292.8
1112210 1292.9
1112220 1292.5
1112230 1292.5
1112240 1292.3
1112250 1292.0
1112260 1292.0
1112270 1290.6
1112280 1287.8
1112290 1287.8
1112300 1285.7
1112310 1284.1
1112320 1284.1
1112330 1281.0
1112340 1277.7
1112350 1277.7
1112360 1274.4
1112370 1271.6
1112380 1271.6
1112390 1267.7
1112400 1264.1
1112410 1264.1
1112420 1261.5
1112430 1259.6
1112440 1259.6
1112450 1258.1
1112460 1256.6
1112470 1256.6
1112480 1254.3
1112490 1250.9
1112500 1247.4
1112510 1247.4
1112520 1244.4
1112530 1242.5
1112540 1241.4
1112550 1240.6
1112560 1240.1
1112570 1240.1
1112580 1239.9
1112590 1239.6
1112600 1239.6
1112610 1239.1
1112620 1239.0
1112630 1239.0
1112640 1238.5
1112650 1238.6
1112660 1238.6
1112670 1239.3
1112680 1238.7
1112690 1238.7
1112700 1236.7
1112710 1234.1
1112720 1234.1
1112730 1230.5
1112740 1225.0
1112750 1225.0
1112760 1219.9
1112770 1216.1
1112780 1216.1
1112790 1213.5
1112800 1210.8
1112810 1210.8
1112820 1208.0
1112830 1204.4
1112840 1202.1
1112850 1202.1
1112860 1201.2
1112870 1201.7
1112880 1198.3
1112890 1199.6
1112900 1199.8
1112910 1199.8
1112920 1199.5
1112930 1198.3
1112940 1198.3
1112950 1196.6
1112960 1193.7
1112970 1193.7
1112980 1189.3
1112990 1183.6
1113000 1183.6
1113010 1178.2
1113020 1173.2
1113030 1173.2
1113040 1167.7
1113050 1163.3
1113060 1163.3
1113070 1159.1
1113080 1154.6
1113090 1154.6
1113100 1152.7
1113110 1152.1
1113120 1152.1
1113130 1151.5
1113140 1151.0
1113150 1150.2
1113160 1150.2
1113170 1149.3
1113180 1148.2
1113190 1148.2
1113200 1147.3
1113210 1146.1
1113220 1146.1
1113230 1144.7
1113240 1143.5
1113250 1143.5
1113260 1142.7
1113270 1141.9
1113280 1141.9
1113290 1141.2
1113300 1140.6
1113310 1140.6
1113320 1139.7
1113330 1139.1
1113340 1139.1
1113350 1138.4
1113360 1139.1
1113370 1139.1
1113380 1139.8
1113390 1139.7
1113400 1139.7
1113410 1139.0
1113420 1139.2
1113430 1139.2
1113440 1141.2
1113450 1144.0
1113460 1145.4
1113470 1145.4
1113480 1145.3
1113490 1145.3
1113500 1145.3
1113510 1145.8
1113520 1146.5
1113530 1146.5
1113540 1148.5
1113550 1149.2
1113560 1149.2
1113570 1150.1
1113580 1151.3
1113590 1151.3
1113600 1152.0
1113610 1152.2
1113620 1152.2
1113630 1152.2
1113640 1151.6
1113650 1151.6
1113660 1150.6
1113670 1150.2
1113680 1150.2
1113690 1150.1
1113700 1150.0
1113710 1150.0
1113720 1150.3
1113730 1150.9
1113740 1150.9
1113750 1152.3
1113760 1154.3
1113770 1157.2
1113780 1157.2
1113790 1159.5
1113800 1161.3
1113810 1161.3
1113820 1163.0
1113830 1164.8
1113840 1164.8
1113850 1164.6
1113860 1162.6
1113870 1162.6
1113880 1160.8
1113890 1162.1
1113900 1162.1
1113910 1164.9
1113920 1168.0
1113930 1168.0
1113940 1171.5
1113950 1176.7
1113960 1176.7
1113970 1182.2
1113980 1186.5
1113990 1186.5
1114000 1188.7
1114010 1190.8
1114020 1190.8
1114030 1193.6
1114040 1196.6
1114050 1196.6
1114060 1199.8
1114070 1203.6
1114080 1203.6
1114090 1207.4
1114100 1209.9
1114110 1211.7
1114120 1211.7
1114130 1215.0
1114140 1218.3
1114150 1218.3
1114160 1222.3
1114170 1225.8
1114180 1225.8
1114190 1231.2
1114200 1235.7
1114210 1235.7
1114220 1238.9
1114230 1241.7
1114240 1241.7
1114250 1244.7
1114260 1249.1
1114270 1249.1
1114280 1251.3
1114290 1253.6
1114300 1253.6
1114310 1257.0
1114320 1260.8
1114330 1260.8
1114340 1266.8
1114350 1272.8
1114360 1272.8
1114370 1277.3
1114380 1281.2
1114390 1281.2
1114400 1285.3
1114410 1289.5
1114420 1294.6
1114430 1294.6
1114440 1300.4
1114450 1307.4
1114460 1307.4
1114470 1314.7
1114480 1321.1
1114490 1321.1
1114500 1327.6
1114510 1334.1
1114520 1334.1
1114530 1340.6
1114540 1346.6
1114550 1346.6
1114560 1352.0
1114570 1356.5
1114580 1356.5
1114590 1360.2
1114600 1362.8
1114610 1366.3
1114620 1367.8
1114630 1368.2
1114640 1368.2
1114650 1366.2
1114660 1361.6
1114670 1361.6
1114680 1355.9
1114690 1350.2
1114700 1350.2
1114710 1344.7
1114720 1339.0
1114730 1333.1
1114740 1333.1
1114750 1327.7
1114760 1323.8
1114770 1323.8
1114780 1321.8
1114790 1320.3
1114800 1320.3
1114810 1318.0
1114820 1315.7
1114830 1315.7
1114840 1313.4
1114850 1311.3
1114860 1311.3
1114870 1307.7
1114880 1303.5
1114890 1303.5
1114900 1299.9
1114910 1297.7
1114920 1297.7
1114930 1296.4
1114940 1294.7
1114950 1298.2
1114960 1295.4
1114970 1292.8
1114980 1292.8
1114990 1291.0
1115000 1289.4
1115010 1289.4
1115020 1287.6
1115030 1285.0
1115040 1285.0
1115050 1281.6
1115060 1277.7
1115070 1273.3
1115080 1273.3
1115090 1269.1
1115100 1266.4
1115110 1266.4
1115120 1264.8
1115130 1262.8
1115140 1262.8
1115150 1261.0
1115160 1259.0
1115170 1259.0
1115180 1256.8
1115190 1254.0
1115200 1254.0
1115210 1250.2
1115220 1246.1
1115230 1246.1
1115240 1242.0
1115250 1236.4
1115260 1236.4
1115270 1231.0
1115280 1226.5
1115290 1226.5
1115300 1226.4
1115310 1224.3
1115320 1224.3
1115330 1222.5
1115340 1220.2
1115350 1220.2
1115360 1218.0
1115370 1219.3
1115380 1219.7
1115390 1219.7
1115400 1217.1
1115410 1216.2
1115420 1216.2
1115430 1216.8
1115440 1216.9
1115450 1216.9
1115460 1216.0
1115470 1213.0
1115480 1213.0
1115490 1213.5
1115500 1213.0
1115510 1213.0
1115520 1211.7
1115530 1212.0
1115540 1212.0
1115550 1213.2
1115560 1214.3
1115570 1214.3
1115580 1213.9
1115590 1212.4
1115600 1212.4
1115610 1211.1
1115620 1209.5
1115630 1209.5
1115640 1212.8
1115650 1210.9
1115660 1210.9
1115670 1209.9
1115680 1210.1
1115690 1210.9
1115700 1210.9
1115710 1210.0
1115720 1208.4
1115730 1208.4
1115740 1208.3
1115750 1209.8
1115760 1209.8
1115770 1211.6
1115780 1213.5
1115790 1213.5
1115800 1214.4
1115810 1214.7
1115820 1214.7
1115830 1214.0
1115840 1214.8
1115850 1214.8
1115860 1216.8
1115870 1220.8
1115880 1220.8
1115890 1224.3
1115900 1225.9
1115910 1225.9
1115920 1228.0
1115930 1231.7
1115940 1231.7
1115950 1236.3
1115960 1239.8
1115970 1239.8
1115980 1235.0
1115990 1220.3
1116000 1204.6
1116010 1204.6
1116020 1187.1
1116030 1169.7
1116040 1169.7
1116050 1161.4
1116060 1154.0
1116070 1154.0
1116080 1146.9
1116090 1140.2
1116100 1140.2
1116110 1133.3
1116120 1125.6
1116130 1125.6
1116140 1119.0
1116150 1112.7
1116160 1112.7
1116170 1106.8
1116180 1100.6
1116190 1100.6
1116200 1094.3
1116210 1088.2
1116220 1088.2
1116230 1082.3
1116240 1077.6
1116250 1077.6
1116260 1071.8
1116270 1067.3
1116280 1067.3
1116290 1062.3
1116300 1055.8
1116310 1055.8
1116320 1050.6
1116330 1046.0
1116340 1041.8
1116350 1041.8
1116360 1038.4
1116370 1034.6
1116380 1034.6
1116390 1029.8
1116400 1024.3
1116410 1024.3
1116420 1018.1
1116430 1011.8
1116440 1011.8
1116450 1005.4
1116460 999.6
1116470 999.6
1116480 994.2
1116490 988.2
1116500 988.2
1116510 982.5
1116520 978.7
1116530 978.7
1116540 975.3
1116550 972.4
1116560 972.4
1116570 969.2
1116580 965.0
1116590 965.0
1116600 960.8
1116610 956.7
1116620 956.7
1116630 953.3
1116640 949.7
1116650 945.1
1116660 945.1
1116670 939.2
1116680 936.5
1116690 936.5
1116700 929.7
1116710 923.8
1116720 923.8
1116730 919.1
1116740 914.9
1116750 914.9
1116760 909.7
1116770 905.2
1116780 905.2
1116790 902.9
1116800 903.0
1116810 903.0
1116820 904.7
1116830 904.3
1116840 904.3
1116850 898.5
1116860 892.5
1116870 892.5
1116880 886.4
1116890 879.1
1116900 879.1
1116910 874.9
1116920 869.3
1116930 869.3
1116940 864.9
1116950 862.3
1116960 858.9
1116970 858.9
1116980 855.7
1116990 852.7
1117000 852.7
1117010 850.9
1117020 851.7
1117030 851.6
1117040 851.6
1117050 851.6
1117060 851.6
1117070 851.8
1117080 852.6
1117090 852.6
1117100 853.0
1117110 853.5
1117120 853.5
1117130 854.2
1117140 855.3
1117150 855.3
1117160 856.3
1117170 856.9
1117180 856.9
1117190 857.6
1117200 858.3
1117210 858.3
1117220 859.2
1117230 862.9
1117240 862.9
1117250 866.4
1117260 867.7
1117270 869.1
1117280 869.1
1117290 870.7
1117300 872.3
1117310 872.3
1117320 874.5
1117330 878.9
1117340 878.9
1117350 883.1
1117360 887.4
1117370 887.4
1117380 892.5
1117390 896.6
1117400 896.6
1117410 900.8
1117420 904.5
1117430 904.5
1117440 907.2
1117450 907.5
1117460 907.5
1117470 907.6
1117480 909.2
1117490 909.2
1117500 911.6
1117510 912.9
1117520 912.9
1117530 914.2
1117540 915.5
1117550 915.5
1117560 916.7
1117570 917.5
1117580 917.5
1117590 918.1
1117600 919.6
1117610 922.0
1117620 922.0
1117630 924.6
1117640 926.4
1117650 926.4
1117660 927.5
1117670 928.4
1117680 928.4
1117690 929.4
1117700 930.6
1117710 930.6
1117720 931.9
1117730 932.4
1117740 932.4
1117750 932.9
1117760 933.5
1117770 933.5
1117780 934.3
1117790 934.6
1117800 934.6
1117810 935.0
1117820 935.6
1117830 935.6
1117840 935.1
1117850 934.1
1117860 934.1
1117870 936.2
1117880 937.4
1117890 937.4
1117900 937.5
1117910 938.2
1117920 939.0
1117930 939.0
1117940 938.0
1117950 936.5
1117960 936.5
1117970 936.5
1117980 936.8
1117990 936.8
1118000 936.7
1118010 935.4
1118020 935.4
1118030 935.0
1118040 937.0
1118050 937.0
1118060 939.0
1118070 939.6
1118080 939.6
1118090 941.1
1118100 941.6
1118110 941.6
1118120 942.1
1118130 943.2
1118140 943.2
1118150 944.0
1118160 944.8
1118170 944.8
1118180 945.5
1118190 946.8
1118200 946.8
1118210 947.8
1118220 948.7
1118230 949.8
1118240 949.8
1118250 950.8
1118260 952.0
1118270 952.0
1118280 953.1
1118290 954.6
1118300 954.6
1118310 956.6
1118320 958.4
1118330 958.4
1118340 958.7
1118350 958.3
1118360 958.3
1118370 959.6
1118380 962.5
1118390 962.5
1118400 966.3
1118410 969.1
1118420 968.3
1118430 971.4
1118440 974.5
1118450 974.5
1118460 978.2
1118470 982.2
1118480 982.2
1118490 985.2
1118500 989.1
1118510 989.1
1118520 995.3
1118530 1000.5
1118540 1007.0
1118550 1007.0
1118560 1013.1
1118570 1021.3
1118580 1021.3
1118590 1026.7
1118600 1032.1
1118610 1032.1
1118620 1037.2
1118630 1042.2
1118640 1042.2
1118650 1046.8
1118660 1050.9
1118670 1050.9
1118680 1055.5
1118690 1059.9
1118700 1059.9
1118710 1065.5
1118720 1072.1
1118730 1072.1
1118740 1078.1
1118750 1084.8
1118760 1084.8
1118770 1100.5
1118780 1107.1
1118790 1107.1
1118800 1111.2
1118810 1115.5
1118820 1115.5
1118830 1119.4
1118840 1122.1
1118850 1122.1
1118860 1123.3
1118870 1123.5
1118880 1127.4
1118890 1127.4
1118900 1129.2
1118910 1126.9
1118920 1126.9
1118930 1125.0
1118940 1126.4
1118950 1126.4
1118960 1130.5
1118970 1134.7
1118980 1134.7
1118990 1138.4
1119000 1142.1
1119010 1142.1
1119020 1144.7
1119030 1146.1
1119040 1146.1
1119050 1146.2
1119060 1146.9
1119070 1146.9
1119080 1147.3
1119090 1147.1
1119100 1147.1
1119110 1146.8
1119120 1146.5
1119130 1146.5
1119140 1145.4
1119150 1143.6
1119160 1143.6
1119170 1142.3
1119180 1140.6
1119190 1136.8
1119200 1136.8
1119210 1133.0
1119220 1131.6
1119230 1131.6
1119240 1131.1
1119250 1129.9
1119260 1129.9
1119270 1128.1
1119280 1126.8
1119290 1126.8
1119300 1124.9
1119310 1122.6
1119320 1122.6
1119330 1118.6
1119340 1115.0
1119350 1115.0
1119360 1111.7
1119370 1109.1
1119380 1109.1
1119390 1107.1
1119400 1106.6
1119410 1106.6
1119420 1106.3
1119430 1105.7
1119440 1105.7
1119450 1104.4
1119460 1102.7
1119470 1101.6
1119480 1100.7
1119490 1099.5
1119500 1096.5
1119510 1096.5
1119520 1094.0
1119530 1092.7
1119540 1092.7
1119550 1091.8
1119560 1089.8
1119570 1089.8
1119580 1087.4
1119590 1084.5
1119600 1084.5
1119610 1082.6
1119620 1080.3
1119630 1080.3
1119640 1076.6
1119650 1073.5
1119660 1073.5
1119670 1070.7
1119680 1068.6
1119690 1068.6
1119700 1066.9
1119710 1066.1
1119720 1066.1
1119730 1064.7
1119740 1062.3
1119750 1062.3
1119760 1060.0
1119770 1057.6
1119780 1057.6
1119790 1055.1
1119800 1052.1
1119810 1048.5
1119820 1048.3
1119830 1044.2
1119840 1041.6
1119850 1041.6
1119860 1040.4
1119870 1040.1
1119880 1040.1
1119890 1039.9
1119900 1039.7
1119910 1039.7
1119920 1038.8
1119930 1037.6
1119940 1037.6
1119950 1036.4
1119960 1035.0
1119970 1035.0
1119980 1032.9
1119990 1031.1
