1100000 548.4
1100010 548.4
1100020 550.2
1100030 549.6
1100040 551.4
1100050 555.7
1100060 561.9
1100070 561.9
1100080 569.2
1100090 574.0
1100100 574.0
1100110 576.9
1100120 579.5
1100130 579.5
1100140 583.0
1100150 585.9
1100160 585.9
1100170 585.9
1100180 585.7
1100190 585.7
1100200 586.1
1100210 586.4
1100220 586.4
1100230 586.6
1100240 587.0
1100250 587.0
1100260 587.5
1100270 588.2
1100280 588.2
1100290 589.3
1100300 590.6
1100310 590.6
1100320 591.9
1100330 593.1
1100340 594.1
1100350 594.1
1100360 594.8
1100370 595.2
1100380 595.2
1100390 595.8
1100400 596.8
1100410 596.8
1100420 598.0
1100430 599.6
1100440 599.6
1100450 601.8
1100460 604.5
1100470 604.5
1100480 608.6
1100490 613.5
1100500 613.5
1100510 616.6
1100520 616.8
1100530 616.8
1100540 616.8
1100550 616.7
1100560 616.7
1100570 616.9
1100580 616.5
1100590 616.5
1100600 616.2
1100610 615.9
1100620 615.9
1100630 615.7
1100640 615.7
1100650 615.5
1100660 615.5
1100670 615.3
1100680 615.3
1100690 615.3
1100700 615.1
1100710 615.1
1100720 615.1
1100730 615.0
1100740 614.9
1100750 614.9
1100760 614.8
1100770 614.7
1100780 614.7
1100790 614.6
1100800 614.5
1100810 614.5
1100820 614.4
1100830 614.4
1100840 614.4
1100850 614.3
1100860 614.2
1100870 614.2
1100880 614.2
1100890 614.1
1100900 614.1
1100910 614.0
1100920 614.2
1100930 614.2
1100940 614.7
1100950 615.0
1100960 614.8
1100970 614.8
1100980 614.1
1100990 613.9
1101000 613.9
1101010 613.9
1101020 613.8
1101030 613.5
1101040 613.5
1101050 613.4
1101060 613.4
1101070 613.4
1101080 613.3
1101090 613.3
1101100 613.3
1101110 613.4
1101120 613.4
1101130 613.4
1101140 613.3
1101150 613.3
1101160 613.4
1101170 613.4
1101180 613.4
1101190 613.5
1101200 613.5
1101210 613.5
1101220 613.6
1101230 613.7
1101240 613.7
1101250 613.6
1101260 613.6
1101270 613.6
1101280 613.6
1101290 613.6
1101300 613.6
1101310 613.6
1101320 613.6
1101330 613.5
1101340 613.5
1101350 613.5
1101360 613.4
1101370 613.4
1101380 613.4
1101390 613.4
1101400 613.4
1101410 613.4
1101420 613.4
1101430 613.4
1101440 613.4
1101450 613.4
1101460 613.4
1101470 613.3
1101480 613.3
1101490 613.3
1101500 613.3
1101510 613.2
1101520 613.2
1101530 613.7
1101540 613.9
1101550 613.9
1101560 613.7
1101570 613.5
1101580 613.5
1101590 613.5
1101600 613.1
1101610 612.7
1101620 612.7
1101630 612.7
1101640 612.6
1101650 612.6
1101660 612.5
1101670 612.5
1101680 612.5
1101690 612.5
1101700 612.4
1101710 612.4
1101720 612.3
1101730 612.2
1101740 612.2
1101750 612.0
1101760 610.7
1101770 610.7
1101780 609.5
1101790 608.3
1101800 608.3
1101810 605.5
1101820 604.5
1101830 604.5
1101840 603.5
1101850 602.2
1101860 602.2
1101870 601.2
1101880 600.2
1101890 600.2
1101900 599.0
1101910 596.7
1101920 596.7
1101930 595.6
1101940 595.4
1101950 595.2
1101960 595.2
1101970 595.2
1101980 594.7
1101990 594.7
1102000 594.8
1102010 595.7
1102020 595.7
1102030 597.3
1102040 597.7
1102050 597.7
1102060 598.7
1102070 599.3
1102080 599.3
1102090 599.8
1102100 600.2
1102110 600.2
1102120 600.2
1102130 600.4
1102140 600.4
1102150 600.4
1102160 601.2
1102170 601.2
1102180 602.2
1102190 602.7
1102200 602.7
1102210 602.7
1102220 603.9
1102230 603.9
1102240 605.8
1102250 607.2
1102260 609.1
1102270 609.1
1102280 610.9
1102290 611.6
1102300 611.6
1102310 612.2
1102320 612.5
1102330 612.5
1102340 612.4
1102350 612.9
1102360 612.9
1102370 614.0
1102380 613.6
1102390 613.6
1102400 613.3
1102410 613.3
1102420 613.3
1102430 613.8
1102440 613.8
1102450 613.8
1102460 614.5
1102470 615.0
1102480 615.0
1102490 615.3
1102500 614.3
1102510 614.3
1102520 612.4
1102530 612.7
1102540 612.7
1102550 614.8
1102560 615.8
1102570 616.2
1102580 616.2
1102590 617.1
1102600 617.9
1102610 617.9
1102620 618.6
1102630 619.5
1102640 619.5
1102650 620.2
1102660 621.1
1102670 621.1
1102680 622.0
1102690 623.6
1102700 623.9
1102710 624.1
1102720 625.4
1102730 625.4
1102740 627.1
1102750 628.3
1102760 628.3
1102770 629.2
1102780 629.9
1102790 629.9
1102800 631.5
1102810 633.2
1102820 633.2
1102830 634.7
1102840 637.2
1102850 637.2
1102860 638.1
1102870 639.4
1102880 639.4
1102890 641.5
1102900 643.7
1102910 646.5
1102920 646.5
1102930 648.9
1102940 651.4
1102950 651.4
1102960 654.1
1102970 656.8
1102980 656.8
1102990 659.0
1103000 660.9
1103010 660.9
1103020 663.2
1103030 665.0
1103040 662.8
1103050 664.9
1103060 666.4
1103070 666.4
1103080 667.0
1103090 667.9
1103100 667.9
1103110 666.8
1103120 667.1
1103130 667.1
1103140 667.0
1103150 666.5
1103160 666.5
1103170 667.3
1103180 667.0
1103190 667.0
1103200 664.2
1103210 661.0
1103220 660.5
1103230 660.5
1103240 662.7
1103250 663.2
1103260 663.2
1103270 662.0
1103280 661.5
1103290 661.5
1103300 661.7
1103310 661.6
1103320 661.6
1103330 661.6
1103340 661.6
1103350 661.6
1103360 661.8
1103370 660.8
1103380 660.8
1103390 661.5
1103400 661.6
1103410 661.6
1103420 661.4
1103430 661.2
1103440 661.2
1103450 661.3
1103460 662.9
1103470 662.9
1103480 665.4
1103490 665.4
1103500 665.4
1103510 666.0
1103520 667.0
1103530 667.0
1103540 667.8
1103550 669.0
1103560 669.4
1103570 669.4
1103580 668.9
1103590 669.3
1103600 669.3
1103610 670.7
1103620 671.1
1103630 671.1
1103640 673.1
1103650 675.0
1103660 675.0
1103670 676.5
1103680 677.2
1103690 677.2
1103700 678.9
1103710 681.0
1103720 681.0
1103730 682.1
1103740 683.2
1103750 683.2
1103760 684.5
1103770 685.6
1103780 685.6
1103790 686.6
1103800 688.2
1103810 688.2
1103820 689.9
1103830 690.8
1103840 690.8
1103850 692.5
1103860 693.3
1103870 694.9
1103880 694.9
1103890 696.6
1103900 698.0
1103910 698.0
1103920 699.0
1103930 701.3
1103940 701.3
1103950 705.6
1103960 708.6
1103970 708.6
1103980 710.5
1103990 712.6
1104000 712.6
1104010 714.8
1104020 717.3
1104030 717.3
1104040 720.1
1104050 722.7
1104060 722.7
1104070 725.5
1104080 729.2
1104090 729.2
1104100 733.1
1104110 737.6
1104120 737.6
1104130 741.3
1104140 741.9
1104150 741.9
1104160 740.8
1104170 741.8
1104180 744.7
1104190 744.7
1104200 748.5
1104210 751.7
1104220 751.7
1104230 754.8
1104240 758.9
1104250 758.9
1104260 763.0
1104270 767.1
1104280 767.1
1104290 771.8
1104300 777.8
1104310 777.8
1104320 783.5
1104330 788.4
1104340 788.4
1104350 792.9
1104360 796.0
1104370 796.0
1104380 798.4
1104390 800.1
1104400 800.1
1104410 802.7
1104420 805.1
1104430 805.1
1104440 807.5
1104450 810.8
1104460 810.8
1104470 814.6
1104480 818.0
1104490 818.0
1104500 819.6
1104510 820.2
1104520 820.9
1104530 820.9
1104540 822.2
1104550 823.6
1104560 823.6
1104570 824.5
1104580 826.3
1104590 826.3
1104600 829.3
1104610 831.7
1104620 831.7
1104630 834.1
1104640 836.5
1104650 836.5
1104660 838.4
1104670 840.2
1104680 840.2
1104690 841.4
1104700 842.1
1104710 842.4
1104720 842.4
1104730 842.4
1104740 842.4
1104750 842.2
1104760 842.1
1104770 842.1
1104780 841.7
1104790 841.3
1104800 841.3
1104810 841.6
1104820 842.1
1104830 842.9
1104840 842.9
1104850 844.3
1104860 846.6
1104870 846.6
1104880 849.6
1104890 852.4
1104900 852.4
1104910 855.1
1104920 856.8
1104930 856.8
1104940 858.2
1104950 860.1
1104960 860.1
1104970 861.9
1104980 864.3
1104990 864.3
1105000 866.9
1105010 869.1
1105020 869.1
1105030 871.8
1105040 874.5
1105050 876.1
1105060 878.5
1105070 880.3
1105080 880.3
1105090 881.1
1105100 881.6
1105110 881.6
1105120 881.6
1105130 882.4
1105140 882.8
1105150 882.8
1105160 883.5
1105170 884.7
1105180 884.7
1105190 885.4
1105200 886.4
1105210 886.4
1105220 887.6
1105230 888.9
1105240 888.9
1105250 890.2
1105260 891.6
1105270 891.6
1105280 893.0
1105290 894.4
1105300 894.4
1105310 895.6
1105320 896.7
1105330 896.7
1105340 897.7
1105350 898.7
1105360 898.7
1105370 899.6
1105380 900.3
1105390 902.0
1105400 902.8
1105410 903.8
1105420 903.8
1105430 905.2
1105440 906.6
1105450 906.6
1105460 907.9
1105470 909.2
1105480 910.4
1105490 910.4
1105500 911.7
1105510 913.0
1105520 913.0
1105530 914.2
1105540 915.4
1105550 915.4
1105560 917.0
1105570 918.8
1105580 918.8
1105590 920.4
1105600 922.5
1105610 922.5
1105620 924.4
1105630 926.1
1105640 926.1
1105650 927.4
1105660 928.4
1105670 928.4
1105680 928.6
1105690 928.1
1105700 928.1
1105710 928.3
1105720 930.7
1105730 930.7
1105740 931.7
1105750 932.7
1105760 932.7
1105770 933.8
1105780 934.8
1105790 935.6
1105800 935.6
1105810 936.4
1105820 937.2
1105830 937.2
1105840 938.0
1105850 938.8
1105860 938.8
1105870 939.3
1105880 940.0
1105890 940.0
1105900 940.8
1105910 941.2
1105920 941.2
1105930 941.9
1105940 943.8
1105950 943.8
1105960 946.3
1105970 948.9
1105980 948.9
1105990 952.1
1106000 954.6
1106010 954.6
1106020 955.3
1106030 956.3
1106040 956.3
1106050 955.1
1106060 960.8
1106070 960.8
1106080 962.6
1106090 963.6
1106100 963.6
1106110 963.5
1106120 964.0
1106130 964.1
1106140 964.1
1106150 962.8
1106160 960.9
1106170 960.9
1106180 958.0
1106190 959.4
1106200 959.4
1106210 960.1
1106220 959.7
1106230 959.7
1106240 959.9
1106250 960.1
1106260 960.1
1106270 958.6
1106280 958.7
1106290 958.7
1106300 958.5
1106310 957.0
1106320 957.0
1106330 956.3
1106340 955.4
1106350 955.4
1106360 953.9
1106370 953.4
1106380 953.4
1106390 954.4
1106400 958.5
1106410 958.5
1106420 956.6
1106430 956.4
1106440 958.6
1106450 958.6
1106460 961.8
1106470 965.1
1106480 965.1
1106490 967.8
1106500 969.7
1106510 969.7
1106520 970.3
1106530 972.4
1106540 972.4
1106550 976.9
1106560 976.3
1106570 976.3
1106580 973.0
1106590 971.3
1106600 971.3
1106610 974.9
1106620 980.2
1106630 980.2
1106640 988.7
1106650 995.8
1106660 995.8
1106670 998.8
1106680 1000.6
1106690 1000.6
1106700 1001.5
1106710 1003.1
1106720 1003.1
1106730 1009.6
1106740 1010.2
1106750 1010.6
1106760 1010.6
1106770 1009.8
1106780 1010.3
1106790 1010.3
1106800 1011.8
1106810 1012.9
1106820 1012.9
1106830 1014.3
1106840 1015.5
1106850 1015.5
1106860 1015.0
1106870 1012.8
1106880 1012.8
1106890 1011.6
1106900 1012.0
1106910 1012.0
1106920 1013.1
1106930 1015.0
1106940 1015.0
1106950 1019.1
1106960 1022.6
1106970 1022.6
1106980 1023.0
1106990 1018.4
1107000 1018.4
1107010 1010.9
1107020 1008.2
1107030 1008.2
1107040 1015.1
1107050 1019.8
1107060 1019.8
1107070 1024.7
1107080 1026.4
1107090 1025.0
1107100 1025.0
1107110 1020.1
1107120 1014.9
1107130 1014.9
1107140 1010.2
1107150 1005.3
1107160 1005.3
1107170 1006.9
1107180 1009.2
1107190 1009.2
1107200 1010.1
1107210 1011.3
1107220 1011.3
1107230 1012.4
1107240 1013.6
1107250 1013.6
1107260 1014.5
1107270 1014.1
1107280 1014.1
1107290 1013.6
1107300 1014.0
1107310 1014.0
1107320 1014.5
1107330 1015.0
1107340 1015.0
1107350 1015.9
1107360 1016.8
1107370 1016.8
1107380 1016.7
1107390 1018.1
1107400 1021.0
1107410 1021.4
1107420 1023.8
1107430 1026.7
1107440 1026.7
1107450 1029.8
1107460 1032.2
1107470 1032.2
1107480 1034.3
1107490 1036.6
1107500 1036.6
1107510 1038.5
1107520 1039.8
1107530 1039.8
1107540 1041.1
1107550 1042.5
1107560 1042.5
1107570 1043.2
1107580 1042.6
1107590 1042.6
1107600 1040.9
1107610 1039.2
1107620 1039.2
1107630 1038.0
1107640 1037.3
1107650 1037.3
1107660 1038.2
1107670 1039.6
1107680 1039.6
1107690 1042.0
1107700 1043.2
1107710 1043.9
1107720 1043.9
1107730 1045.1
1107740 1046.3
1107750 1049.7
1107760 1050.6
1107770 1051.5
1107780 1051.5
1107790 1052.7
1107800 1054.0
1107810 1054.0
1107820 1056.7
1107830 1061.0
1107840 1061.0
1107850 1062.9
1107860 1063.0
1107870 1063.0
1107880 1061.1
1107890 1058.0
1107900 1058.0
1107910 1055.5
1107920 1054.0
1107930 1054.0
1107940 1051.3
1107950 1047.2
1107960 1047.2
1107970 1044.6
1107980 1043.9
1107990 1043.9
1108000 1042.2
1108010 1039.0
1108020 1039.0
1108030 1035.5
1108040 1031.8
1108050 1028.8
1108060 1028.8
1108070 1025.5
1108080 1023.0
1108090 1022.6
1108100 1020.3
1108110 1017.5
1108120 1017.5
1108130 1015.2
1108140 1013.5
1108150 1013.5
1108160 1011.8
1108170 1009.9
1108180 1009.9
1108190 1009.0
1108200 1009.7
1108210 1009.7
1108220 1012.2
1108230 1012.5
1108240 1012.5
1108250 1005.7
1108260 998.6
1108270 998.6
1108280 994.7
1108290 989.2
1108300 989.2
1108310 981.2
1108320 978.8
1108330 978.8
1108340 982.1
1108350 986.0
1108360 991.2
1108370 991.2
1108380 995.8
1108390 997.5
1108400 997.5
1108410 998.3
1108420 1000.0
1108430 1002.9
1108440 1004.6
1108450 1004.8
1108460 1004.8
1108470 1005.0
1108480 1006.1
1108490 1006.1
1108500 1006.8
1108510 1008.4
1108520 1008.4
1108530 1009.6
1108540 1010.9
1108550 1010.9
1108560 1014.3
1108570 1019.4
1108580 1019.4
1108590 1024.8
1108600 1031.2
1108610 1031.2
1108620 1037.1
1108630 1041.6
1108640 1041.6
1108650 1045.3
1108660 1047.3
1108670 1048.3
1108680 1048.3
1108690 1048.5
1108700 1049.4
1108710 1049.4
1108720 1050.6
1108730 1048.5
1108740 1048.5
1108750 1045.1
1108760 1045.9
1108770 1049.0
1108780 1052.2
1108790 1053.0
1108800 1053.0
1108810 1052.6
1108820 1051.8
1108830 1051.8
1108840 1052.6
1108850 1051.8
1108860 1051.8
1108870 1051.8
1108880 1052.0
1108890 1052.0
1108900 1050.9
1108910 1051.1
1108920 1051.1
1108930 1051.5
1108940 1051.7
1108950 1051.7
1108960 1051.5
1108970 1051.1
1108980 1051.1
1108990 1056.2
1109000 1061.3
1109010 1063.7
1109020 1063.7
1109030 1065.5
1109040 1066.2
1109050 1066.2
1109060 1066.4
1109070 1066.7
1109080 1066.7
1109090 1067.5
1109100 1068.4
1109110 1072.0
1109120 1072.6
1109130 1074.5
1109140 1074.5
1109150 1075.8
1109160 1074.5
1109170 1074.5
1109180 1074.8
1109190 1075.8
1109200 1075.8
1109210 1076.2
1109220 1077.2
1109230 1077.2
1109240 1078.5
1109250 1079.6
1109260 1079.6
1109270 1080.4
1109280 1080.5
1109290 1080.5
1109300 1082.0
1109310 1083.9
1109320 1086.2
1109330 1086.2
1109340 1088.8
1109350 1088.5
1109360 1088.5
1109370 1087.5
1109380 1086.1
1109390 1086.1
1109400 1085.3
1109410 1084.0
1109420 1084.0
1109430 1087.9
1109440 1089.7
1109450 1091.3
1109460 1092.2
1109470 1094.2
1109480 1094.2
1109490 1094.7
1109500 1094.2
1109510 1094.2
1109520 1095.5
1109530 1097.3
1109540 1097.3
1109550 1098.3
1109560 1100.1
1109570 1100.1
1109580 1101.1
1109590 1101.2
1109600 1101.2
1109610 1101.7
1109620 1102.3
1109630 1102.3
1109640 1103.3
1109650 1104.1
1109660 1105.6
1109670 1105.6
1109680 1107.8
1109690 1110.5
1109700 1110.5
1109710 1113.1
1109720 1115.0
1109730 1115.0
1109740 1115.4
1109750 1114.9
1109760 1114.9
1109770 1114.3
1109780 1113.7
1109790 1117.1
1109800 1116.7
1109810 1115.9
1109820 1115.9
1109830 1115.8
1109840 1117.6
1109850 1117.6
1109860 1119.5
1109870 1121.5
1109880 1121.5
1109890 1122.8
1109900 1123.0
1109910 1123.0
1109920 1123.1
1109930 1122.5
1109940 1122.5
1109950 1122.2
1109960 1122.0
1109970 1123.2
1109980 1123.2
1109990 1124.0
1110000 1122.4
1110010 1122.4
1110020 1122.8
1110030 1123.6
1110040 1123.6
1110050 1124.3
1110060 1124.8
1110070 1124.8
1110080 1124.7
1110090 1123.5
1110100 1123.5
1110110 1124.9
1110120 1127.0
1110130 1130.7
1110140 1131.8
1110150 1132.0
1110160 1132.0
1110170 1132.8
1110180 1133.8
1110190 1133.8
1110200 1134.2
1110210 1134.4
1110220 1134.4
1110230 1134.6
1110240 1135.0
1110250 1135.0
1110260 1135.8
1110270 1136.9
1110280 1138.1
1110290 1138.1
1110300 1139.5
1110310 1140.5
1110320 1140.5
1110330 1140.8
1110340 1141.0
1110350 1141.0
1110360 1141.3
1110370 1142.1
1110380 1142.1
1110390 1142.4
1110400 1142.9
1110410 1142.9
1110420 1143.5
1110430 1144.6
1110440 1144.6
1110450 1145.5
1110460 1146.4
1110470 1149.9
1110480 1149.4
1110490 1149.6
1110500 1149.6
1110510 1149.7
1110520 1151.6
1110530 1151.6
1110540 1151.9
1110550 1151.7
1110560 1151.7
1110570 1152.3
1110580 1153.1
1110590 1153.1
1110600 1153.6
1110610 1154.3
1110620 1154.6
1110630 1154.6
1110640 1155.0
1110650 1156.0
1110660 1156.0
1110670 1157.9
1110680 1159.0
1110690 1159.0
1110700 1160.4
1110710 1161.8
1110720 1161.8
1110730 1162.2
1110740 1162.5
1110750 1162.5
1110760 1163.0
1110770 1163.4
1110780 1163.4
1110790 1164.2
1110800 1165.5
1110810 1165.1
1110820 1166.0
1110830 1168.1
1110840 1168.1
1110850 1170.4
1110860 1172.2
1110870 1172.2
1110880 1173.0
1110890 1172.9
1110900 1172.9
1110910 1172.6
1110920 1172.0
1110930 1171.0
1110940 1171.0
1110950 1169.2
1110960 1166.5
1110970 1166.5
1110980 1163.7
1110990 1160.9
1111000 1160.9
1111010 1157.2
1111020 1153.1
1111030 1153.1
1111040 1148.9
1111050 1149.4
1111060 1149.4
1111070 1154.6
1111080 1157.3
1111090 1157.3
1111100 1156.7
1111110 1153.9
1111120 1153.9
1111130 1152.2
1111140 1152.4
1111150 1156.8
1111160 1154.4
1111170 1151.2
1111180 1151.2
1111190 1148.5
1111200 1146.0
1111210 1146.0
1111220 1143.6
1111230 1141.8
1111240 1140.3
1111250 1140.3
1111260 1138.8
1111270 1138.1
1111280 1138.1
1111290 1137.1
1111300 1135.4
1111310 1135.4
1111320 1134.8
1111330 1134.3
1111340 1134.3
1111350 1133.2
1111360 1133.7
1111370 1133.7
1111380 1136.5
1111390 1136.9
1111400 1136.9
1111410 1133.9
1111420 1129.2
1111430 1129.2
1111440 1124.5
1111450 1122.2
1111460 1122.2
1111470 1120.9
1111480 1120.0
1111490 1120.0
1111500 1120.3
1111510 1118.0
1111520 1118.0
1111530 1114.2
1111540 1107.0
1111550 1107.0
1111560 1096.9
1111570 1093.0
1111580 1097.8
1111590 1097.8
1111600 1104.8
1111610 1112.6
1111620 1112.6
1111630 1121.8
1111640 1126.4
1111650 1126.4
1111660 1124.1
1111670 1121.5
1111680 1121.5
1111690 1118.9
1111700 1114.2
1111710 1114.2
1111720 1112.4
1111730 1115.5
1111740 1115.5
1111750 1116.6
1111760 1113.6
1111770 1113.6
1111780 1109.4
1111790 1107.5
1111800 1107.5
1111810 1106.7
1111820 1106.1
1111830 1106.1
1111840 1108.2
1111850 1108.5
1111860 1108.5
1111870 1110.5
1111880 1114.3
1111890 1117.5
1111900 1117.5
1111910 1119.4
1111920 1120.2
1111930 1120.2
1111940 1119.9
1111950 1119.8
1111960 1119.8
1111970 1120.2
1111980 1120.1
1111990 1120.1
1112000 1119.9
1112010 1120.1
1112020 1120.1
1112030 1121.0
1112040 1121.7
1112050 1121.7
1112060 1121.8
1112070 1122.4
1112080 1122.4
1112090 1122.4
1112100 1121.9
1112110 1121.9
1112120 1121.9
1112130 1122.1
1112140 1122.1
1112150 1122.6
1112160 1122.4
1112170 1122.4
1112180 1125.6
1112190 1125.3
1112200 1125.0
1112210 1125.0
1112220 1124.4
1112230 1124.3
1112240 1124.3
1112250 1124.6
1112260 1126.0
1112270 1126.0
1112280 1126.1
1112290 1124.3
1112300 1124.3
1112310 1123.4
1112320 1123.8
1112330 1123.8
1112340 1124.2
1112350 1124.0
1112360 1124.0
1112370 1125.4
1112380 1126.2
1112390 1126.2
1112400 1124.6
1112410 1123.2
1112420 1123.2
1112430 1123.7
1112440 1124.1
1112450 1124.1
1112460 1124.4
1112470 1124.4
1112480 1124.4
1112490 1124.3
1112500 1123.9
1112510 1123.9
1112520 1128.1
1112530 1128.1
1112540 1127.9
1112550 1127.9
1112560 1129.7
1112570 1130.1
1112580 1130.1
1112590 1130.5
1112600 1132.2
1112610 1132.2
1112620 1134.0
1112630 1134.8
1112640 1134.8
1112650 1135.3
1112660 1135.7
1112670 1135.7
1112680 1136.8
1112690 1137.7
1112700 1137.7
1112710 1137.8
1112720 1137.8
1112730 1137.8
1112740 1139.1
1112750 1140.7
1112760 1140.7
1112770 1141.5
1112780 1142.3
1112790 1142.3
1112800 1142.9
1112810 1143.3
1112820 1143.3
1112830 1144.1
1112840 1144.9
1112850 1145.9
1112860 1145.9
1112870 1149.0
1112880 1148.2
1112890 1148.2
1112900 1148.1
1112910 1147.8
1112920 1147.8
1112930 1147.4
1112940 1147.6
1112950 1147.6
1112960 1147.5
1112970 1147.3
1112980 1147.3
1112990 1146.9
1113000 1146.5
1113010 1146.5
1113020 1146.3
1113030 1146.2
1113040 1146.2
1113050 1146.0
1113060 1145.9
1113070 1145.9
1113080 1145.9
1113090 1145.5
1113100 1145.5
1113110 1144.4
1113120 1143.2
1113130 1143.2
1113140 1141.4
1113150 1139.0
1113160 1136.5
1113170 1136.5
1113180 1134.2
1113190 1131.6
1113200 1131.6
1113210 1129.2
1113220 1127.0
1113230 1127.0
1113240 1124.9
1113250 1123.0
1113260 1123.0
1113270 1121.2
1113280 1119.4
1113290 1119.4
1113300 1117.6
1113310 1115.9
1113320 1115.9
1113330 1113.5
1113340 1107.8
1113350 1107.8
1113360 1104.2
1113370 1100.1
1113380 1100.1
1113390 1097.6
1113400 1096.0
1113410 1096.0
1113420 1094.6
1113430 1092.7
1113440 1092.7
1113450 1090.1
1113460 1087.9
1113470 1087.9
1113480 1085.5
1113490 1085.1
1113500 1084.9
1113510 1084.9
1113520 1083.6
1113530 1082.3
1113540 1082.3
1113550 1082.4
1113560 1083.5
1113570 1083.5
1113580 1084.7
1113590 1085.4
1113600 1085.4
1113610 1085.5
1113620 1082.2
1113630 1082.2
1113640 1077.9
1113650 1075.7
1113660 1075.7
1113670 1075.6
1113680 1074.6
1113690 1074.6
1113700 1071.5
1113710 1069.4
1113720 1069.4
1113730 1067.9
1113740 1065.8
1113750 1065.8
1113760 1064.8
1113770 1065.2
1113780 1065.2
1113790 1063.6
1113800 1063.1
1113810 1060.5
1113820 1060.5
1113830 1061.7
1113840 1066.5
1113850 1066.5
1113860 1065.0
1113870 1063.4
1113880 1063.4
1113890 1064.2
1113900 1066.9
1113910 1066.9
1113920 1067.6
1113930 1068.5
1113940 1068.5
1113950 1069.2
1113960 1071.6
1113970 1071.6
1113980 1073.7
1113990 1073.4
1114000 1073.4
1114010 1074.5
1114020 1075.2
1114030 1075.2
1114040 1078.9
1114050 1082.9
1114060 1082.9
1114070 1084.0
1114080 1086.7
1114090 1086.7
1114100 1092.1
1114110 1093.2
1114120 1093.2
1114130 1095.0
1114140 1096.3
1114150 1096.6
1114160 1096.6
1114170 1096.4
1114180 1093.8
1114190 1093.8
1114200 1087.7
1114210 1081.7
1114220 1081.7
1114230 1076.2
1114240 1072.4
1114250 1072.4
1114260 1068.6
1114270 1069.7
1114280 1069.7
1114290 1075.3
1114300 1081.8
1114310 1081.8
1114320 1086.1
1114330 1086.2
1114340 1086.2
1114350 1082.5
1114360 1077.5
1114370 1077.5
1114380 1072.5
1114390 1069.0
1114400 1069.0
1114410 1069.5
1114420 1074.1
1114430 1074.1
1114440 1078.1
1114450 1080.0
1114460 1079.2
1114470 1079.2
1114480 1077.7
1114490 1076.6
1114500 1076.6
1114510 1072.8
1114520 1068.8
1114530 1068.8
1114540 1067.3
1114550 1069.6
1114560 1069.6
1114570 1073.3
1114580 1077.8
1114590 1078.9
1114600 1083.3
1114610 1086.7
1114620 1086.7
1114630 1088.9
1114640 1089.8
1114650 1089.8
1114660 1090.3
1114670 1090.7
1114680 1090.7
1114690 1090.5
1114700 1090.1
1114710 1090.1
1114720 1090.0
1114730 1090.4
1114740 1090.4
1114750 1090.2
1114760 1089.8
1114770 1090.2
1114780 1090.2
1114790 1089.9
1114800 1089.6
1114810 1089.6
1114820 1090.1
1114830 1089.4
1114840 1089.4
1114850 1087.5
1114860 1086.5
1114870 1086.5
1114880 1085.7
1114890 1085.8
1114900 1085.8
1114910 1086.0
1114920 1085.8
1114930 1087.2
1114940 1087.0
1114950 1086.5
1114960 1086.5
1114970 1085.8
1114980 1084.6
1114990 1084.6
1115000 1083.0
1115010 1081.2
1115020 1081.2
1115030 1079.2
1115040 1077.6
1115050 1077.6
1115060 1076.5
1115070 1075.7
1115080 1075.7
1115090 1074.9
1115100 1073.5
1115110 1071.7
1115120 1071.7
1115130 1070.3
1115140 1069.2
1115150 1069.2
1115160 1067.6
1115170 1065.6
1115180 1065.6
1115190 1062.4
1115200 1059.5
1115210 1059.5
1115220 1057.7
1115230 1056.0
1115240 1056.0
1115250 1053.4
1115260 1050.6
1115270 1050.6
1115280 1045.7
1115290 1042.7
1115300 1042.7
1115310 1046.5
1115320 1047.0
1115330 1047.0
1115340 1043.4
1115350 1040.5
1115360 1040.5
1115370 1039.9
1115380 1037.9
1115390 1037.9
1115400 1036.1
1115410 1033.8
1115420 1030.2
1115430 1030.2
1115440 1028.1
1115450 1026.3
1115460 1026.3
1115470 1024.8
1115480 1023.5
1115490 1023.5
1115500 1022.5
1115510 1021.4
1115520 1021.4
1115530 1019.8
1115540 1018.3
1115550 1018.3
1115560 1016.1
1115570 1013.7
1115580 1013.7
1115590 1011.6
1115600 1009.7
1115610 1009.7
1115620 1008.3
1115630 1008.6
1115640 1008.6
1115650 1006.4
1115660 1004.2
1115670 1004.2
1115680 1001.2
1115690 999.8
1115700 999.8
1115710 997.7
1115720 994.6
1115730 992.0
1115740 992.0
1115750 987.3
1115760 981.4
1115770 981.4
1115780 980.7
1115790 984.5
1115800 984.5
1115810 984.1
1115820 983.0
1115830 983.0
1115840 981.5
1115850 979.8
1115860 979.8
1115870 976.6
1115880 979.8
1115890 979.8
1115900 984.4
1115910 986.2
1115920 986.2
1115930 985.8
1115940 982.7
1115950 982.7
1115960 979.2
1115970 978.2
1115980 978.2
1115990 974.2
1116000 970.8
1116010 970.8
1116020 968.6
1116030 966.0
1116040 966.0
1116050 963.5
1116060 962.3
1116070 962.6
1116080 962.6
1116090 961.8
1116100 958.4
1116110 958.4
1116120 951.9
1116130 943.8
1116140 943.8
1116150 936.3
1116160 929.4
1116170 929.4
1116180 926.1
1116190 923.1
1116200 923.1
1116210 922.6
1116220 921.6
1116230 921.6
1116240 918.4
1116250 913.6
1116260 913.6
1116270 909.9
1116280 907.6
1116290 907.6
1116300 904.2
1116310 900.4
1116320 902.6
1116330 899.1
1116340 895.6
1116350 895.6
1116360 892.2
1116370 889.2
1116380 885.2
1116390 885.2
1116400 880.4
1116410 875.1
1116420 875.1
1116430 870.2
1116440 866.4
1116450 866.4
1116460 862.1
1116470 859.3
1116480 859.3
1116490 856.0
1116500 852.0
1116510 852.0
1116520 848.0
1116530 844.2
1116540 844.2
1116550 841.3
1116560 837.5
1116570 837.5
1116580 834.4
1116590 829.6
1116600 829.6
1116610 823.9
1116620 821.8
1116630 821.8
1116640 821.7
1116650 823.5
1116660 823.5
1116670 825.4
1116680 829.3
1116690 831.3
1116700 831.3
1116710 833.5
1116720 835.3
1116730 835.3
1116740 837.1
1116750 839.0
1116760 839.0
1116770 840.7
1116780 841.2
1116790 841.2
1116800 840.9
1116810 840.4
1116820 840.4
1116830 840.1
1116840 840.1
1116850 840.1
1116860 840.4
1116870 841.7
1116880 841.7
1116890 844.0
1116900 846.1
1116910 846.1
1116920 848.1
1116930 851.1
1116940 851.1
1116950 853.1
1116960 855.8
1116970 855.8
1116980 856.9
1116990 859.0
1117000 859.0
1117010 860.9
1117020 864.8
1117030 867.2
1117040 867.2
1117050 868.7
1117060 869.5
1117070 869.5
1117080 870.0
1117090 870.2
1117100 870.2
1117110 870.3
1117120 870.3
1117130 870.3
1117140 870.7
1117150 872.1
1117160 872.1
1117170 873.9
1117180 875.9
1117190 875.9
1117200 878.0
1117210 880.7
1117220 880.7
1117230 884.8
1117240 887.8
1117250 887.8
1117260 889.6
1117270 891.4
1117280 891.4
1117290 893.2
1117300 894.8
1117310 894.8
1117320 896.2
1117330 897.5
1117340 898.7
1117350 898.7
1117360 901.3
1117370 902.6
1117380 902.6
1117390 903.3
1117400 903.8
1117410 903.8
1117420 904.7
1117430 905.6
1117440 905.6
1117450 905.8
1117460 906.2
1117470 906.2
1117480 907.1
1117490 907.8
1117500 907.8
1117510 907.9
1117520 908.6
1117530 908.6
1117540 909.9
1117550 910.3
1117560 910.3
1117570 910.5
1117580 910.5
1117590 910.5
1117600 910.9
1117610 910.8
1117620 910.8
1117630 910.1
1117640 910.2
1117650 910.0
1117660 910.0
1117670 910.0
1117680 910.2
1117690 910.2
1117700 910.2
1117710 913.0
1117720 913.0
1117730 912.4
1117740 910.7
1117750 910.7
1117760 911.0
1117770 913.8
1117780 913.8
1117790 913.8
1117800 911.6
1117810 911.6
1117820 908.6
1117830 908.7
1117840 908.7
1117850 909.6
1117860 909.5
1117870 909.5
1117880 909.0
1117890 908.2
1117900 908.2
1117910 907.4
1117920 906.6
1117930 906.6
1117940 905.6
1117950 904.6
1117960 904.6
1117970 904.3
1117980 904.9
1117990 905.7
1118000 905.7
1118010 906.2
1118020 907.7
1118030 907.7
1118040 908.9
1118050 910.2
1118060 911.1
1118070 912.8
1118080 913.9
1118090 913.9
1118100 915.1
1118110 916.3
1118120 916.3
1118130 917.9
1118140 919.9
1118150 919.9
1118160 922.1
1118170 924.4
1118180 924.4
1118190 926.6
1118200 927.7
1118210 927.7
1118220 928.7
1118230 930.5
1118240 930.5
1118250 931.9
1118260 935.6
1118270 935.6
1118280 939.8
1118290 948.5
1118300 957.9
1118310 957.9
1118320 961.4
1118330 961.4
1118340 961.4
1118350 958.9
1118360 954.7
1118370 954.7
1118380 950.8
1118390 950.8
1118400 952.0
1118410 955.1
1118420 959.2
1118430 959.2
1118440 963.6
1118450 967.3
1118460 967.3
1118470 970.1
1118480 971.9
1118490 971.9
1118500 971.8
1118510 970.6
1118520 970.6
1118530 968.6
1118540 966.4
1118550 966.4
1118560 964.0
1118570 961.2
1118580 961.2
1118590 957.6
1118600 952.5
1118610 947.0
1118620 947.0
1118630 940.4
1118640 935.8
1118650 935.8
1118660 934.8
1118670 934.5
1118680 934.5
1118690 931.0
1118700 925.7
1118710 925.7
1118720 920.7
1118730 918.8
1118740 918.8
1118750 919.9
1118760 916.7
1118770 916.7
1118780 914.8
1118790 913.3
1118800 913.3
1118810 911.6
1118820 908.7
1118830 908.7
1118840 908.5
1118850 908.5
1118860 908.5
1118870 908.8
1118880 907.8
1118890 907.8
1118900 904.2
1118910 902.3
1118920 902.3
1118930 900.6
1118940 899.0
1118950 898.4
1118960 898.4
1118970 895.1
1118980 892.3
1118990 892.3
1119000 894.1
1119010 893.1
1119020 893.1
1119030 889.0
1119040 885.4
1119050 885.4
1119060 882.2
1119070 877.8
1119080 877.8
1119090 873.6
1119100 877.6
1119110 877.6
1119120 876.4
1119130 877.9
1119140 877.9
1119150 878.5
1119160 876.1
1119170 876.1
1119180 872.8
1119190 870.3
1119200 870.3
1119210 868.2
1119220 866.0
1119230 866.0
1119240 864.9
1119250 863.6
1119260 864.3
1119270 864.3
1119280 864.6
1119290 865.2
1119300 865.2
1119310 865.1
1119320 866.5
1119330 866.5
1119340 871.4
1119350 876.2
1119360 876.2
1119370 880.0
1119380 884.5
1119390 884.5
1119400 890.3
1119410 895.7
1119420 895.7
1119430 900.5
1119440 906.1
1119450 901.2
1119460 906.6
1119470 912.1
1119480 912.1
1119490 918.6
1119500 926.2
1119510 926.2
1119520 933.7
1119530 932.3
1119540 932.3
1119550 928.7
1119560 929.1
1119570 935.6
1119580 935.6
1119590 937.9
1119600 936.5
1119610 936.5
1119620 938.1
1119630 939.6
1119640 939.6
1119650 938.2
1119660 936.1
1119670 936.1
1119680 935.1
1119690 937.8
1119700 937.8
1119710 940.7
1119720 941.7
1119730 941.7
1119740 941.3
1119750 943.3
1119760 943.3
1119770 947.0
1119780 948.3
1119790 948.3
1119800 946.7
1119810 946.4
1119820 946.4
1119830 946.0
1119840 944.4
1119850 944.4
1119860 941.4
1119870 937.6
1119880 937.6
1119890 934.0
1119900 932.6
1119910 928.4
1119920 928.4
1119930 924.1
1119940 923.8
1119950 923.8
1119960 922.9
1119970 923.5
1119980 923.5
1119990 929.8
