1100000 542.6
1100010 542.7
1100020 542.7
1100030 545.4
1100040 549.5
1100050 549.7
1100060 554.9
1100070 564.8
1100080 577.0
1100090 577.0
1100100 585.0
1100110 588.3
1100120 588.3
1100130 591.0
1100140 593.0
1100150 593.0
1100160 595.1
1100170 597.7
1100180 597.7
1100190 600.1
1100200 602.6
1100210 602.6
1100220 604.6
1100230 607.0
1100240 607.0
1100250 608.6
1100260 609.8
1100270 609.8
1100280 611.1
1100290 611.9
1100300 611.9
1100310 612.2
1100320 612.7
1100330 612.7
1100340 613.3
1100350 614.0
1100360 614.0
1100370 614.7
1100380 616.2
1100390 616.2
1100400 616.1
1100410 615.9
1100420 615.6
1100430 615.6
1100440 615.5
1100450 615.3
1100460 615.3
1100470 615.1
1100480 614.9
1100490 614.9
1100500 614.7
1100510 614.3
1100520 614.3
1100530 614.0
1100540 613.9
1100550 613.9
1100560 613.9
1100570 614.0
1100580 614.0
1100590 613.7
1100600 613.4
1100610 613.4
1100620 612.9
1100630 612.7
1100640 612.7
1100650 612.9
1100660 613.1
1100670 613.1
1100680 613.1
1100690 613.2
1100700 613.2
1100710 613.1
1100720 613.0
1100730 613.0
1100740 613.0
1100750 612.8
1100760 612.6
1100770 612.6
1100780 612.4
1100790 612.2
1100800 612.2
1100810 612.2
1100820 612.2
1100830 612.2
1100840 612.1
1100850 612.0
1100860 612.0
1100870 612.2
1100880 612.2
1100890 612.2
1100900 612.2
1100910 612.2
1100920 612.2
1100930 612.1
1100940 612.0
1100950 612.0
1100960 611.9
1100970 611.7
1100980 611.7
1100990 611.6
1101000 611.5
1101010 611.5
1101020 611.4
1101030 611.4
1101040 611.4
1101050 611.2
1101060 611.2
1101070 611.1
1101080 611.1
1101090 610.9
1101100 610.8
1101110 610.8
1101120 611.0
1101130 611.5
1101140 611.5
1101150 611.5
1101160 611.1
1101170 611.1
1101180 610.8
1101190 610.7
1101200 610.7
1101210 610.6
1101220 610.7
1101230 610.7
1101240 610.7
1101250 610.7
1101260 610.7
1101270 610.7
1101280 610.7
1101290 610.7
1101300 610.6
1101310 610.5
1101320 610.5
1101330 610.5
1101340 610.3
1101350 610.3
1101360 610.3
1101370 610.2
1101380 610.3
1101390 610.3
1101400 610.3
1101410 610.3
1101420 610.3
1101430 610.3
1101440 610.3
1101450 610.3
1101460 610.2
1101470 610.1
1101480 610.1
1101490 610.2
1101500 610.2
1101510 610.2
1101520 610.2
1101530 610.2
1101540 610.2
1101550 610.2
1101560 610.1
1101570 610.1
1101580 610.1
1101590 610.2
1101600 610.2
1101610 610.4
1101620 610.3
1101630 610.3
1101640 610.3
1101650 610.2
1101660 610.2
1101670 610.2
1101680 610.1
1101690 610.1
1101700 610.0
1101710 610.2
1101720 609.2
1101730 609.2
1101740 606.8
1101750 604.7
1101760 604.7
1101770 603.5
1101780 603.1
1101790 603.1
1101800 602.7
1101810 602.3
1101820 602.3
1101830 602.1
1101840 601.4
1101850 601.4
1101860 600.6
1101870 599.6
1101880 599.6
1101890 598.8
1101900 597.8
1101910 597.8
1101920 597.1
1101930 594.9
1101940 594.9
1101950 593.8
1101960 593.2
1101970 593.2
1101980 592.3
1101990 591.3
1102000 591.3
1102010 591.8
1102020 589.6
1102030 586.2
1102040 586.2
1102050 586.9
1102060 586.6
1102070 586.6
1102080 585.8
1102090 585.1
1102100 585.1
1102110 584.5
1102120 584.2
1102130 584.2
1102140 584.1
1102150 584.1
1102160 584.1
1102170 583.8
1102180 578.8
1102190 578.8
1102200 566.0
1102210 561.4
1102220 561.4
1102230 567.5
1102240 580.6
1102250 580.6
1102260 589.8
1102270 592.9
1102280 592.9
1102290 593.0
1102300 593.1
1102310 593.1
1102320 595.8
1102330 596.2
1102340 596.2
1102350 595.1
1102360 594.2
1102370 593.9
1102380 595.7
1102390 595.4
1102400 595.1
1102410 595.1
1102420 595.2
1102430 595.8
1102440 595.8
1102450 596.5
1102460 597.2
1102470 597.2
1102480 597.8
1102490 598.3
1102500 598.3
1102510 599.0
1102520 599.7
1102530 599.7
1102540 600.6
1102550 601.5
1102560 601.5
1102570 602.6
1102580 601.7
1102590 601.7
1102600 601.9
1102610 603.2
1102620 603.2
1102630 604.3
1102640 605.7
1102650 605.7
1102660 607.3
1102670 609.1
1102680 611.2
1102690 611.2
1102700 613.2
1102710 616.0
1102720 617.3
1102730 619.5
1102740 621.5
1102750 621.5
1102760 623.5
1102770 625.9
1102780 625.9
1102790 628.6
1102800 631.7
1102810 631.7
1102820 635.1
1102830 638.5
1102840 638.5
1102850 641.8
1102860 645.0
1102870 645.0
1102880 648.2
1102890 651.1
1102900 651.1
1102910 653.9
1102920 656.2
1102930 656.2
1102940 658.3
1102950 660.1
1102960 660.1
1102970 661.6
1102980 663.1
1102990 663.1
1103000 664.0
1103010 664.6
1103020 664.6
1103030 664.6
1103040 664.4
1103050 664.5
1103060 664.5
1103070 664.3
1103080 663.9
1103090 663.9
1103100 663.1
1103110 662.9
1103120 662.9
1103130 662.7
1103140 662.9
1103150 662.9
1103160 663.3
1103170 663.5
1103180 663.5
1103190 663.7
1103200 663.7
1103210 663.7
1103220 663.5
1103230 663.0
1103240 663.0
1103250 663.2
1103260 663.8
1103270 663.8
1103280 664.3
1103290 664.5
1103300 664.5
1103310 664.5
1103320 664.7
1103330 665.3
1103340 665.3
1103350 666.0
1103360 666.7
1103370 666.7
1103380 668.1
1103390 671.2
1103400 671.2
1103410 673.7
1103420 676.1
1103430 676.1
1103440 678.4
1103450 680.4
1103460 680.4
1103470 682.3
1103480 684.0
1103490 684.0
1103500 685.6
1103510 687.2
1103520 687.2
1103530 688.5
1103540 689.7
1103550 689.7
1103560 690.5
1103570 691.1
1103580 691.1
1103590 690.8
1103600 688.2
1103610 688.2
1103620 685.6
1103630 686.3
1103640 690.4
1103650 690.4
1103660 695.6
1103670 700.0
1103680 700.0
1103690 703.1
1103700 705.8
1103710 705.8
1103720 709.9
1103730 712.5
1103740 712.5
1103750 714.6
1103760 716.4
1103770 716.4
1103780 717.4
1103790 718.6
1103800 718.6
1103810 720.6
1103820 722.5
1103830 722.5
1103840 724.6
1103850 726.6
1103860 726.6
1103870 729.0
1103880 731.8
1103890 731.8
1103900 734.7
1103910 737.9
1103920 737.9
1103930 740.5
1103940 742.7
1103950 742.7
1103960 745.0
1103970 747.3
1103980 749.4
1103990 749.4
1104000 752.0
1104010 754.9
1104020 754.9
1104030 757.8
1104040 760.7
1104050 760.7
1104060 766.2
1104070 768.7
1104080 768.7
1104090 771.1
1104100 774.1
1104110 774.1
1104120 776.8
1104130 779.2
1104140 779.2
1104150 781.4
1104160 784.0
1104170 784.0
1104180 786.7
1104190 788.7
1104200 788.7
1104210 790.4
1104220 791.3
1104230 791.3
1104240 791.3
1104250 790.8
1104260 790.8
1104270 789.3
1104280 789.5
1104290 792.5
1104300 792.5
1104310 794.9
1104320 797.7
1104330 797.7
1104340 800.5
1104350 803.3
1104360 803.3
1104370 806.0
1104380 808.6
1104390 808.8
1104400 811.2
1104410 813.7
1104420 813.7
1104430 816.3
1104440 819.0
1104450 819.0
1104460 821.5
1104470 824.0
1104480 824.0
1104490 826.1
1104500 827.8
1104510 827.8
1104520 829.1
1104530 830.1
1104540 830.1
1104550 830.8
1104560 831.2
1104570 831.2
1104580 831.7
1104590 832.1
1104600 832.1
1104610 832.6
1104620 833.4
1104630 834.7
1104640 834.7
1104650 835.7
1104660 836.6
1104670 836.6
1104680 837.6
1104690 838.8
1104700 838.8
1104710 840.0
1104720 841.2
1104730 840.7
1104740 842.1
1104750 843.4
1104760 843.4
1104770 844.9
1104780 845.8
1104790 845.8
1104800 845.9
1104810 845.9
1104820 845.9
1104830 846.5
1104840 847.6
1104850 847.6
1104860 848.6
1104870 849.5
1104880 849.5
1104890 850.4
1104900 851.3
1104910 851.3
1104920 852.1
1104930 852.8
1104940 853.0
1104950 853.0
1104960 852.9
1104970 852.4
1104980 852.4
1104990 851.5
1105000 850.6
1105010 850.6
1105020 849.7
1105030 849.0
1105040 849.0
1105050 848.4
1105060 848.2
1105070 848.2
1105080 847.8
1105090 847.5
1105100 847.5
1105110 846.7
1105120 845.4
1105130 845.4
1105140 846.0
1105150 847.5
1105160 847.5
1105170 848.9
1105180 849.5
1105190 849.5
1105200 850.4
1105210 851.2
1105220 851.2
1105230 851.7
1105240 852.0
1105250 852.0
1105260 852.0
1105270 851.2
1105280 850.9
1105290 850.9
1105300 851.0
1105310 851.4
1105320 851.4
1105330 852.1
1105340 852.9
1105350 852.9
1105360 853.9
1105370 854.8
1105380 854.8
1105390 855.8
1105400 857.2
1105410 857.2
1105420 858.0
1105430 858.6
1105440 858.6
1105450 858.9
1105460 858.9
1105470 858.9
1105480 858.9
1105490 859.0
1105500 859.0
1105510 859.2
1105520 859.3
1105530 859.3
1105540 859.2
1105550 858.8
1105560 858.8
1105570 858.3
1105580 857.5
1105590 856.8
1105600 856.8
1105610 856.9
1105620 857.1
1105630 857.1
1105640 857.2
1105650 857.4
1105660 857.4
1105670 857.5
1105680 857.4
1105690 857.4
1105700 857.7
1105710 857.8
1105720 857.8
1105730 858.0
1105740 859.5
1105750 859.5
1105760 860.2
1105770 858.3
1105780 858.3
1105790 854.0
1105800 851.6
1105810 851.6
1105820 849.2
1105830 846.5
1105840 846.5
1105850 843.7
1105860 840.8
1105870 840.8
1105880 838.4
1105890 835.5
1105900 835.5
1105910 833.2
1105920 831.5
1105930 830.3
1105940 830.3
1105950 830.1
1105960 830.4
1105970 830.4
1105980 830.7
1105990 831.2
1106000 831.2
1106010 831.6
1106020 830.8
1106030 830.8
1106040 829.6
1106050 828.6
1106060 828.6
1106070 829.7
1106080 829.3
1106090 829.3
1106100 829.2
1106110 829.0
1106120 829.0
1106130 828.7
1106140 828.2
1106150 828.2
1106160 827.5
1106170 827.0
1106180 827.0
1106190 828.3
1106200 829.5
1106210 829.5
1106220 830.2
1106230 830.2
1106240 830.0
1106250 830.0
1106260 830.4
1106270 831.2
1106280 831.2
1106290 830.5
1106300 830.3
1106310 830.3
1106320 831.0
1106330 832.5
1106340 832.5
1106350 834.8
1106360 835.2
1106370 835.2
1106380 835.1
1106390 834.8
1106400 834.8
1106410 837.4
1106420 838.3
1106430 838.3
1106440 841.1
1106450 842.0
1106460 842.0
1106470 843.3
1106480 844.8
1106490 844.8
1106500 845.5
1106510 847.1
1106520 847.1
1106530 849.1
1106540 850.6
1106550 851.2
1106560 851.2
1106570 852.7
1106580 857.7
1106590 857.7
1106600 864.0
1106610 869.3
1106620 869.3
1106630 870.0
1106640 870.1
1106650 870.1
1106660 870.4
1106670 871.1
1106680 871.1
1106690 871.7
1106700 872.6
1106710 872.6
1106720 873.3
1106730 873.8
1106740 873.8
1106750 874.6
1106760 874.2
1106770 874.2
1106780 873.7
1106790 873.5
1106800 873.5
1106810 873.7
1106820 873.7
1106830 873.7
1106840 873.9
1106850 874.1
1106860 874.1
1106870 874.3
1106880 874.2
1106890 874.1
1106900 874.1
1106910 874.0
1106920 872.8
1106930 872.8
1106940 871.1
1106950 871.7
1106960 871.7
1106970 871.6
1106980 871.1
1106990 871.1
1107000 870.6
1107010 868.0
1107020 868.0
1107030 865.2
1107040 867.3
1107050 867.3
1107060 870.4
1107070 873.0
1107080 873.0
1107090 878.0
1107100 878.8
1107110 878.8
1107120 879.6
1107130 879.6
1107140 879.6
1107150 879.0
1107160 878.5
1107170 878.5
1107180 878.6
1107190 880.5
1107200 881.2
1107210 881.2
1107220 877.5
1107230 868.3
1107240 868.3
1107250 861.4
1107260 857.8
1107270 857.8
1107280 860.3
1107290 863.7
1107300 863.7
1107310 866.3
1107320 869.4
1107330 869.4
1107340 874.0
1107350 880.5
1107360 880.5
1107370 881.7
1107380 882.1
1107390 882.1
1107400 882.2
1107410 882.6
1107420 882.6
1107430 883.0
1107440 884.0
1107450 884.0
1107460 884.9
1107470 885.9
1107480 885.9
1107490 886.9
1107500 887.5
1107510 887.5
1107520 888.1
1107530 888.8
1107540 889.4
1107550 889.4
1107560 890.1
1107570 890.6
1107580 890.6
1107590 891.0
1107600 891.2
1107610 891.2
1107620 891.6
1107630 892.1
1107640 892.1
1107650 892.4
1107660 892.6
1107670 892.6
1107680 892.5
1107690 892.2
1107700 892.2
1107710 892.2
1107720 892.8
1107730 892.8
1107740 893.6
1107750 894.1
1107760 895.4
1107770 895.9
1107780 896.2
1107790 896.2
1107800 896.5
1107810 896.8
1107820 896.8
1107830 897.7
1107840 898.7
1107850 900.2
1107860 900.2
1107870 901.2
1107880 901.7
1107890 901.7
1107900 902.2
1107910 902.9
1107920 902.9
1107930 903.4
1107940 903.9
1107950 903.9
1107960 904.6
1107970 905.5
1107980 905.5
1107990 906.2
1108000 906.7
1108010 906.7
1108020 906.7
1108030 902.6
1108040 902.6
1108050 899.5
1108060 897.4
1108070 897.4
1108080 896.5
1108090 896.2
1108100 899.7
1108110 899.2
1108120 898.5
1108130 898.5
1108140 898.0
1108150 897.3
1108160 897.3
1108170 896.9
1108180 897.8
1108190 898.8
1108200 898.8
1108210 899.3
1108220 899.4
1108230 899.4
1108240 899.8
1108250 902.1
1108260 902.1
1108270 905.6
1108280 909.2
1108290 909.2
1108300 913.3
1108310 916.3
1108320 916.3
1108330 912.4
1108340 907.5
1108350 907.5
1108360 903.2
1108370 896.9
1108380 896.9
1108390 888.5
1108400 881.1
1108410 881.1
1108420 872.6
1108430 864.4
1108440 867.7
1108450 867.2
1108460 875.1
1108470 875.1
1108480 880.3
1108490 883.8
1108500 887.2
1108510 887.2
1108520 891.0
1108530 895.8
1108540 895.8
1108550 901.9
1108560 908.4
1108570 908.4
1108580 912.9
1108590 919.5
1108600 919.5
1108610 926.1
1108620 926.4
1108630 926.4
1108640 926.6
1108650 926.6
1108660 926.6
1108670 926.3
1108680 926.0
1108690 926.0
1108700 925.2
1108710 924.3
1108720 924.3
1108730 923.4
1108740 922.3
1108750 922.3
1108760 920.9
1108770 915.7
1108780 919.6
1108790 915.8
1108800 912.0
1108810 909.2
1108820 909.2
1108830 907.4
1108840 906.0
1108850 906.0
1108860 905.4
1108870 905.3
1108880 905.3
1108890 904.0
1108900 903.0
1108910 903.0
1108920 902.5
1108930 900.4
1108940 900.4
1108950 898.8
1108960 896.8
1108970 896.8
1108980 896.1
1108990 899.9
1109000 899.9
1109010 903.1
1109020 906.0
1109030 906.0
1109040 911.0
1109050 918.6
1109060 918.6
1109070 921.4
1109080 921.6
1109090 921.6
1109100 923.0
1109110 924.5
1109120 925.4
1109130 926.4
1109140 927.0
1109150 927.7
1109160 927.7
1109170 928.4
1109180 929.1
1109190 929.1
1109200 929.7
1109210 930.6
1109220 930.6
1109230 931.5
1109240 932.0
1109250 932.0
1109260 932.3
1109270 932.9
1109280 932.9
1109290 933.5
1109300 933.7
1109310 933.7
1109320 934.0
1109330 934.8
1109340 934.8
1109350 935.4
1109360 935.9
1109370 935.9
1109380 936.1
1109390 936.7
1109400 936.7
1109410 937.7
1109420 938.8
1109430 938.8
1109440 940.2
1109450 940.9
1109460 942.7
1109470 942.7
1109480 943.4
1109490 944.1
1109500 944.1
1109510 945.0
1109520 945.8
1109530 945.8
1109540 946.2
1109550 946.6
1109560 946.6
1109570 947.0
1109580 947.7
1109590 947.7
1109600 948.3
1109610 948.9
1109620 948.9
1109630 949.6
1109640 950.5
1109650 950.5
1109660 951.0
1109670 951.1
1109680 951.1
1109690 950.5
1109700 947.9
1109710 947.9
1109720 945.0
1109730 942.6
1109740 942.6
1109750 948.2
1109760 952.8
1109770 952.8
1109780 956.7
1109790 960.7
1109800 961.6
1109810 961.6
1109820 966.6
1109830 969.8
1109840 969.8
1109850 971.9
1109860 973.8
1109870 973.8
1109880 975.2
1109890 976.8
1109900 976.8
1109910 978.3
1109920 979.6
1109930 979.6
1109940 980.9
1109950 982.2
1109960 982.2
1109970 983.6
1109980 985.4
1109990 985.4
1110000 987.2
1110010 989.0
1110020 989.0
1110030 990.7
1110040 992.1
1110050 992.1
1110060 993.8
1110070 995.4
1110080 995.4
1110090 996.8
1110100 997.8
1110110 999.6
1110120 999.6
1110130 1003.5
1110140 1008.5
1110150 1008.5
1110160 1010.4
1110170 1011.7
1110180 1011.7
1110190 1013.5
1110200 1015.7
1110210 1015.7
1110220 1017.6
1110230 1019.4
1110240 1019.4
1110250 1021.1
1110260 1022.0
1110270 1022.0
1110280 1024.1
1110290 1026.7
1110300 1026.7
1110310 1029.2
1110320 1030.4
1110330 1030.4
1110340 1031.6
1110350 1033.6
1110360 1033.6
1110370 1035.7
1110380 1037.9
1110390 1037.9
1110400 1040.0
1110410 1042.3
1110420 1042.3
1110430 1044.5
1110440 1045.9
1110450 1046.5
1110460 1046.5
1110470 1047.9
1110480 1049.8
1110490 1052.5
1110500 1054.0
1110510 1055.3
1110520 1055.3
1110530 1056.5
1110540 1055.6
1110550 1055.6
1110560 1052.6
1110570 1052.3
1110580 1052.3
1110590 1057.4
1110600 1060.7
1110610 1060.7
1110620 1062.0
1110630 1062.9
1110640 1062.9
1110650 1064.1
1110660 1065.4
1110670 1065.4
1110680 1066.8
1110690 1067.9
1110700 1067.9
1110710 1068.6
1110720 1069.2
1110730 1069.2
1110740 1070.0
1110750 1070.8
1110760 1071.9
1110770 1071.9
1110780 1072.5
1110790 1072.9
1110800 1072.9
1110810 1073.1
1110820 1073.0
1110830 1073.7
1110840 1073.3
1110850 1072.9
1110860 1072.9
1110870 1072.4
1110880 1071.5
1110890 1071.5
1110900 1070.7
1110910 1070.1
1110920 1070.1
1110930 1069.6
1110940 1069.1
1110950 1069.1
1110960 1068.7
1110970 1067.8
1110980 1067.8
1110990 1066.7
1111000 1065.7
1111010 1065.7
1111020 1065.1
1111030 1064.5
1111040 1064.5
1111050 1063.5
1111060 1063.7
1111070 1064.0
1111080 1064.0
1111090 1063.8
1111100 1063.7
1111110 1063.7
1111120 1063.3
1111130 1063.7
1111140 1063.7
1111150 1064.9
1111160 1064.9
1111170 1065.6
1111180 1067.4
1111190 1068.8
1111200 1068.8
1111210 1068.4
1111220 1067.6
1111230 1067.6
1111240 1067.0
1111250 1065.2
1111260 1065.2
1111270 1063.2
1111280 1062.5
1111290 1062.5
1111300 1062.6
1111310 1062.0
1111320 1062.0
1111330 1061.2
1111340 1061.1
1111350 1061.1
1111360 1059.7
1111370 1059.2
1111380 1059.2
1111390 1059.0
1111400 1058.5
1111410 1058.7
1111420 1058.7
1111430 1058.9
1111440 1058.9
1111450 1058.9
1111460 1057.2
1111470 1055.2
1111480 1055.2
1111490 1056.3
1111500 1057.5
1111510 1058.1
1111520 1058.5
1111530 1058.9
1111540 1058.9
1111550 1059.6
1111560 1060.2
1111570 1060.2
1111580 1060.5
1111590 1060.3
1111600 1060.3
1111610 1058.4
1111620 1056.3
1111630 1056.3
1111640 1055.1
1111650 1054.5
1111660 1054.5
1111670 1053.8
1111680 1052.9
1111690 1052.9
1111700 1051.3
1111710 1049.3
1111720 1047.6
1111730 1047.6
1111740 1046.8
1111750 1047.0
1111760 1047.0
1111770 1047.3
1111780 1047.7
1111790 1047.7
1111800 1047.5
1111810 1046.8
1111820 1046.8
1111830 1044.9
1111840 1041.4
1111850 1042.2
1111860 1038.6
1111870 1034.9
1111880 1034.9
1111890 1031.8
1111900 1029.5
1111910 1029.5
1111920 1027.9
1111930 1027.3
1111940 1027.3
1111950 1027.9
1111960 1027.4
1111970 1027.4
1111980 1027.6
1111990 1027.1
1112000 1027.1
1112010 1025.4
1112020 1022.9
1112030 1022.9
1112040 1021.1
1112050 1019.7
1112060 1018.7
1112070 1018.7
1112080 1014.8
1112090 1008.5
1112100 1008.5
1112110 1002.8
1112120 1000.2
1112130 1000.2
1112140 1007.1
1112150 1016.7
1112160 1016.7
1112170 1019.3
1112180 1018.9
1112190 1018.9
1112200 1019.1
1112210 1019.1
1112220 1019.1
1112230 1019.1
1112240 1019.1
1112250 1019.1
1112260 1019.1
1112270 1019.0
1112280 1019.0
1112290 1018.8
1112300 1018.5
1112310 1018.5
1112320 1018.2
1112330 1017.9
1112340 1017.9
1112350 1017.4
1112360 1016.6
1112370 1015.6
1112380 1015.6
1112390 1015.3
1112400 1014.4
1112410 1014.4
1112420 1015.3
1112430 1016.2
1112440 1016.2
1112450 1016.3
1112460 1016.2
1112470 1016.2
1112480 1016.1
1112490 1015.8
1112500 1015.8
1112510 1013.3
1112520 1003.6
1112530 1003.6
1112540 994.7
1112550 988.6
1112560 988.6
1112570 987.8
1112580 989.3
1112590 989.3
1112600 990.8
1112610 992.6
1112620 992.6
1112630 995.3
1112640 996.8
1112650 996.8
1112660 998.0
1112670 996.8
1112680 996.8
1112690 995.9
1112700 994.8
1112710 993.5
1112720 993.5
1112730 992.8
1112740 992.1
1112750 992.1
1112760 991.2
1112770 992.0
1112780 992.0
1112790 992.5
1112800 991.7
1112810 991.7
1112820 991.0
1112830 989.5
1112840 989.5
1112850 987.8
1112860 986.9
1112870 986.9
1112880 989.8
1112890 989.8
1112900 989.8
1112910 990.6
1112920 991.0
1112930 991.0
1112940 991.3
1112950 993.1
1112960 993.1
1112970 994.1
1112980 993.6
1112990 993.6
1113000 996.3
1113010 998.6
1113020 1000.6
1113030 1000.6
1113040 1002.5
1113050 1004.1
1113060 1004.1
1113070 1005.2
1113080 1006.4
1113090 1006.4
1113100 1007.6
1113110 1009.4
1113120 1009.4
1113130 1010.7
1113140 1012.0
1113150 1012.0
1113160 1012.7
1113170 1013.7
1113180 1013.7
1113190 1014.4
1113200 1015.2
1113210 1015.2
1113220 1015.7
1113230 1020.3
1113240 1020.3
1113250 1018.6
1113260 1016.2
1113270 1016.2
1113280 1014.8
1113290 1012.9
1113300 1012.9
1113310 1010.6
1113320 1006.7
1113330 1003.4
1113340 1003.4
1113350 1000.9
1113360 998.9
1113370 998.9
1113380 998.0
1113390 997.7
1113400 997.7
1113410 998.7
1113420 998.5
1113430 998.5
1113440 997.0
1113450 996.7
1113460 996.7
1113470 997.0
1113480 997.0
1113490 997.0
1113500 995.0
1113510 993.1
1113520 993.1
1113530 992.2
1113540 991.4
1113550 991.4
1113560 992.5
1113570 997.3
1113580 997.3
1113590 992.5
1113600 986.4
1113610 986.4
1113620 981.4
1113630 977.3
1113640 977.3
1113650 974.4
1113660 971.7
1113670 966.3
1113680 966.3
1113690 960.9
1113700 963.1
1113710 963.1
1113720 966.6
1113730 968.2
1113740 968.2
1113750 968.0
1113760 969.2
1113770 969.2
1113780 971.3
1113790 971.6
1113800 971.6
1113810 969.9
1113820 969.0
1113830 969.0
1113840 968.1
1113850 967.1
1113860 967.1
1113870 967.3
1113880 967.6
1113890 967.6
1113900 967.9
1113910 968.1
1113920 970.7
1113930 971.1
1113940 972.4
1113950 972.4
1113960 974.1
1113970 975.5
1113980 976.4
1113990 976.4
1114000 977.2
1114010 979.4
1114020 979.4
1114030 982.0
1114040 982.9
1114050 982.9
1114060 983.9
1114070 986.2
1114080 986.2
1114090 988.3
1114100 989.6
1114110 989.6
1114120 991.0
1114130 993.8
1114140 993.8
1114150 998.6
1114160 1000.1
1114170 1000.1
1114180 1000.0
1114190 998.7
1114200 998.7
1114210 997.6
1114220 996.1
1114230 996.1
1114240 995.6
1114250 996.6
1114260 997.1
1114270 998.8
1114280 1001.2
1114290 1001.2
1114300 1003.8
1114310 1005.9
1114320 1007.9
1114330 1007.9
1114340 1010.2
1114350 1011.5
1114360 1011.5
1114370 1012.8
1114380 1013.7
1114390 1013.7
1114400 1015.9
1114410 1017.5
1114420 1017.5
1114430 1018.1
1114440 1018.1
1114450 1018.1
1114460 1017.2
1114470 1013.8
1114480 1013.8
1114490 1009.3
1114500 1006.1
1114510 1006.1
1114520 1005.0
1114530 1005.1
1114540 1005.1
1114550 1004.2
1114560 998.8
1114570 998.8
1114580 993.3
1114590 993.2
1114600 994.8
1114610 1004.1
1114620 1006.9
1114630 1008.4
1114640 1008.4
1114650 1009.4
1114660 1009.1
1114670 1009.1
1114680 1009.0
1114690 1009.0
1114700 1009.0
1114710 1008.7
1114720 1007.9
1114730 1007.9
1114740 1006.8
1114750 1005.6
1114760 1005.6
1114770 1004.6
1114780 1002.5
1114790 1002.5
1114800 1003.2
1114810 1004.1
1114820 1004.1
1114830 1003.9
1114840 1002.7
1114850 1002.7
1114860 1000.9
1114870 998.5
1114880 998.5
1114890 997.4
1114900 997.1
1114910 997.1
1114920 996.9
1114930 997.1
1114940 997.4
1114950 998.7
1114960 998.2
1114970 998.8
1114980 998.8
1114990 1000.7
1115000 1002.2
1115010 1002.2
1115020 1002.8
1115030 1002.8
1115040 1002.8
1115050 1002.1
1115060 1000.9
1115070 1000.9
1115080 999.2
1115090 997.4
1115100 997.4
1115110 994.7
1115120 991.7
1115130 991.7
1115140 988.9
1115150 986.8
1115160 986.8
1115170 985.2
1115180 983.2
1115190 983.2
1115200 980.4
1115210 978.5
1115220 978.5
1115230 977.4
1115240 974.7
1115250 974.7
1115260 972.3
1115270 970.9
1115280 970.0
1115290 970.0
1115300 970.9
1115310 968.8
1115320 968.8
1115330 966.9
1115340 964.9
1115350 964.9
1115360 963.3
1115370 962.3
1115380 962.3
1115390 960.8
1115400 958.7
1115410 958.7
1115420 957.1
1115430 955.1
1115440 955.1
1115450 953.7
1115460 952.2
1115470 952.2
1115480 950.1
1115490 948.2
1115500 948.2
1115510 947.7
1115520 946.9
1115530 946.9
1115540 944.7
1115550 942.5
1115560 942.5
1115570 939.7
1115580 936.2
1115590 933.2
1115600 933.2
1115610 931.1
1115620 929.1
1115630 929.1
1115640 929.5
1115650 928.5
1115660 928.5
1115670 927.6
1115680 925.8
1115690 925.8
1115700 923.6
1115710 921.7
1115720 921.7
1115730 919.3
1115740 915.8
1115750 915.8
1115760 912.0
1115770 908.7
1115780 908.7
1115790 906.0
1115800 904.2
1115810 904.2
1115820 902.1
1115830 899.9
1115840 899.9
1115850 896.9
1115860 893.5
1115870 893.5
1115880 889.5
1115890 882.4
1115900 882.4
1115910 874.9
1115920 866.6
1115930 860.3
1115940 860.3
1115950 852.4
1115960 845.3
1115970 845.3
1115980 842.8
1115990 853.4
1116000 853.4
1116010 850.6
1116020 846.0
1116030 846.0
1116040 842.4
1116050 838.4
1116060 838.4
1116070 836.6
1116080 834.5
1116090 834.5
1116100 827.9
1116110 815.5
1116120 815.5
1116130 806.6
1116140 806.5
1116150 806.5
1116160 807.7
1116170 808.2
1116180 808.2
1116190 808.6
1116200 808.7
1116210 808.7
1116220 808.4
1116230 808.6
1116240 809.8
1116250 809.8
1116260 810.9
1116270 811.6
1116280 811.6
1116290 812.3
1116300 812.7
1116310 812.7
1116320 813.1
1116330 813.1
1116340 813.1
1116350 815.3
1116360 817.9
1116370 817.9
1116380 819.2
1116390 820.3
1116400 820.3
1116410 820.9
1116420 821.7
1116430 821.7
1116440 822.1
1116450 822.9
1116460 822.9
1116470 823.7
1116480 825.0
1116490 825.0
1116500 826.7
1116510 827.4
1116520 827.4
1116530 827.1
1116540 827.0
1116550 827.0
1116560 828.5
1116570 829.7
1116580 830.5
1116590 830.5
1116600 831.2
1116610 831.3
1116620 831.3
1116630 831.6
1116640 832.7
1116650 832.7
1116660 833.5
1116670 833.7
1116680 832.4
1116690 832.0
1116700 832.3
1116710 832.3
1116720 833.3
1116730 834.1
1116740 834.1
1116750 834.1
1116760 834.9
1116770 834.9
1116780 835.8
1116790 836.3
1116800 836.3
1116810 836.9
1116820 837.5
1116830 837.5
1116840 837.4
1116850 837.7
1116860 837.7
1116870 838.1
1116880 838.5
1116890 838.8
1116900 838.8
1116910 838.8
1116920 838.8
1116930 838.8
1116940 838.5
1116950 838.5
1116960 838.5
1116970 838.6
1116980 838.8
1116990 838.8
1117000 839.0
1117010 838.8
1117020 838.8
1117030 838.4
1117040 838.9
1117050 838.9
1117060 839.9
1117070 840.3
1117080 840.3
1117090 840.4
1117100 841.1
1117110 841.1
1117120 841.4
1117130 840.7
1117140 840.7
1117150 840.7
1117160 841.8
1117170 841.8
1117180 842.9
1117190 843.3
1117200 843.3
1117210 843.3
1117220 843.4
1117230 843.4
1117240 843.4
1117250 843.3
1117260 842.9
1117270 842.9
1117280 842.6
1117290 842.4
1117300 842.4
1117310 843.0
1117320 843.8
1117330 843.8
1117340 844.1
1117350 844.4
1117360 844.4
1117370 844.6
1117380 842.7
1117390 842.7
1117400 842.5
1117410 842.4
1117420 842.4
1117430 842.3
1117440 842.2
1117450 842.2
1117460 842.3
1117470 842.2
1117480 842.2
1117490 841.9
1117500 841.7
1117510 841.7
1117520 842.0
1117530 842.2
1117540 842.3
1117550 842.3
1117560 842.3
1117570 842.1
1117580 842.1
1117590 841.9
1117600 840.7
1117610 840.7
1117620 841.3
1117630 843.3
1117640 843.3
1117650 844.3
1117660 845.8
1117670 845.8
1117680 847.6
1117690 848.7
1117700 848.7
1117710 848.3
1117720 847.7
1117730 847.7
1117740 848.4
1117750 850.6
1117760 850.6
1117770 853.1
1117780 854.0
1117790 854.0
1117800 854.4
1117810 854.8
1117820 854.8
1117830 854.4
1117840 854.9
1117850 855.9
1117860 855.9
1117870 857.7
1117880 859.2
1117890 859.2
1117900 861.0
1117910 864.8
1117920 864.8
1117930 869.4
1117940 872.3
1117950 872.3
1117960 874.4
1117970 875.7
1117980 875.7
1117990 876.9
1118000 878.3
1118010 878.3
1118020 879.1
1118030 879.5
1118040 879.5
1118050 881.4
1118060 883.3
1118070 879.2
1118080 881.2
1118090 883.2
1118100 883.2
1118110 885.0
1118120 886.4
1118130 886.4
1118140 887.9
1118150 889.2
1118160 889.2
1118170 891.6
1118180 891.5
1118190 892.3
1118200 892.3
1118210 896.1
1118220 902.5
1118230 902.5
1118240 908.8
1118250 912.0
1118260 912.0
1118270 914.3
1118280 917.1
1118290 917.1
1118300 918.6
1118310 916.5
1118320 916.5
1118330 910.5
1118340 905.8
1118350 905.8
1118360 906.2
1118370 911.2
1118380 911.2
1118390 916.6
1118400 921.4
1118410 921.4
1118420 922.7
1118430 924.1
1118440 924.1
1118450 925.7
1118460 926.8
1118470 926.8
1118480 926.9
1118490 928.4
1118500 931.1
1118510 931.1
1118520 935.2
1118530 937.2
1118540 937.2
1118550 938.4
1118560 939.1
1118570 939.1
1118580 937.6
1118590 933.2
1118600 933.2
1118610 926.5
1118620 921.8
1118630 921.8
1118640 921.6
1118650 932.2
1118660 932.2
1118670 930.4
1118680 932.1
1118690 932.1
1118700 934.3
1118710 938.0
1118720 938.0
1118730 942.6
1118740 946.4
1118750 946.4
1118760 948.7
1118770 954.4
1118780 954.4
1118790 955.6
1118800 958.6
1118810 959.8
1118820 959.8
1118830 958.9
1118840 957.6
1118850 957.6
1118860 957.6
1118870 958.9
1118880 958.9
1118890 959.4
1118900 961.2
1118910 961.2
1118920 963.2
1118930 965.1
1118940 965.1
1118950 967.4
1118960 969.3
1118970 969.3
1118980 971.2
1118990 972.9
1119000 972.9
1119010 974.8
1119020 977.9
1119030 977.9
1119040 981.5
1119050 984.8
1119060 984.8
1119070 987.6
1119080 989.1
1119090 989.1
1119100 991.6
1119110 995.9
1119120 993.9
1119130 996.9
1119140 998.9
1119150 999.8
1119160 999.8
1119170 1000.3
1119180 1001.5
1119190 1001.5
1119200 1001.9
1119210 1002.6
1119220 1002.6
1119230 1003.5
1119240 1003.8
1119250 1003.8
1119260 1003.6
1119270 1004.9
1119280 1004.9
1119290 1007.7
1119300 1011.2
1119310 1011.2
1119320 1013.2
1119330 1014.6
1119340 1014.6
1119350 1016.3
1119360 1017.7
1119370 1017.7
1119380 1019.6
1119390 1022.0
1119400 1022.0
1119410 1023.9
1119420 1025.4
1119430 1025.4
1119440 1026.7
1119450 1028.1
1119460 1030.4
1119470 1029.0
1119480 1031.3
1119490 1032.4
1119500 1032.4
1119510 1033.3
1119520 1034.4
1119530 1034.4
1119540 1035.6
1119550 1037.7
1119560 1037.7
1119570 1040.5
1119580 1043.5
1119590 1043.5
1119600 1045.9
1119610 1048.0
1119620 1048.0
1119630 1049.2
1119640 1050.5
1119650 1050.5
1119660 1052.7
1119670 1054.9
1119680 1054.9
1119690 1057.0
1119700 1059.8
1119710 1059.8
1119720 1062.3
1119730 1064.2
1119740 1064.2
1119750 1065.8
1119760 1069.5
1119770 1069.5
1119780 1072.3
1119790 1072.0
1119800 1070.3
1119810 1070.3
1119820 1067.3
1119830 1067.2
1119840 1067.2
1119850 1067.5
1119860 1067.8
1119870 1067.8
1119880 1069.1
1119890 1071.4
1119900 1071.4
1119910 1073.4
1119920 1074.0
1119930 1074.0
1119940 1073.9
1119950 1074.1
1119960 1074.1
1119970 1073.4
1119980 1072.6
1119990 1072.6
