1100000 547.6
1100010 547.6
1100020 546.7
1100030 545.8
1100040 545.8
1100050 546.1
1100060 546.6
1100070 546.6
1100080 546.6
1100090 546.3
1100100 552.8
1100110 552.8
1100120 562.7
1100130 574.6
1100140 574.6
1100150 585.3
1100160 589.5
1100170 589.5
1100180 591.4
1100190 596.2
1100200 596.2
1100210 597.7
1100220 598.6
1100230 598.6
1100240 599.0
1100250 599.0
1100260 600.4
1100270 600.7
1100280 601.6
1100290 601.6
1100300 602.6
1100310 603.2
1100320 603.2
1100330 603.6
1100340 604.0
1100350 604.0
1100360 604.2
1100370 604.7
1100380 604.7
1100390 605.9
1100400 606.4
1100410 606.4
1100420 606.5
1100430 607.6
1100440 610.8
1100450 610.8
1100460 614.6
1100470 616.3
1100480 616.3
1100490 616.6
1100500 616.7
1100510 616.7
1100520 616.7
1100530 616.6
1100540 616.6
1100550 616.5
1100560 616.4
1100570 616.4
1100580 616.3
1100590 616.0
1100600 616.0
1100610 616.1
1100620 616.9
1100630 616.9
1100640 617.1
1100650 617.0
1100660 617.0
1100670 616.8
1100680 616.7
1100690 616.7
1100700 616.6
1100710 616.5
1100720 616.5
1100730 616.3
1100740 615.9
1100750 615.5
1100760 615.5
1100770 615.2
1100780 615.2
1100790 615.2
1100800 615.2
1100810 615.1
1100820 615.1
1100830 615.0
1100840 614.9
1100850 614.9
1100860 614.7
1100870 614.6
1100880 614.6
1100890 614.6
1100900 614.5
1100910 614.5
1100920 614.5
1100930 614.4
1100940 614.4
1100950 614.3
1100960 614.1
1100970 614.1
1100980 614.0
1100990 613.8
1101000 613.8
1101010 613.6
1101020 613.5
1101030 613.5
1101040 613.6
1101050 614.0
1101060 614.0
1101070 614.1
1101080 613.5
1101090 613.1
1101100 613.1
1101110 613.0
1101120 613.0
1101130 613.0
1101140 612.9
1101150 613.0
1101160 613.0
1101170 613.1
1101180 613.1
1101190 613.1
1101200 613.1
1101210 613.1
1101220 613.1
1101230 613.2
1101240 613.2
1101250 613.2
1101260 613.1
1101270 613.1
1101280 613.1
1101290 613.2
1101300 613.2
1101310 613.2
1101320 612.9
1101330 612.9
1101340 612.9
1101350 612.9
1101360 612.9
1101370 612.9
1101380 612.8
1101390 612.9
1101400 613.0
1101410 613.0
1101420 612.8
1101430 612.4
1101440 612.4
1101450 612.2
1101460 612.0
1101470 612.0
1101480 612.0
1101490 612.1
1101500 612.1
1101510 612.2
1101520 612.2
1101530 612.2
1101540 612.2
1101550 612.1
1101560 612.1
1101570 612.1
1101580 612.1
1101590 612.3
1101600 612.3
1101610 612.1
1101620 612.1
1101630 612.1
1101640 612.0
1101650 612.0
1101660 612.0
1101670 612.3
1101680 612.3
1101690 612.5
1101700 612.5
1101710 612.3
1101720 612.3
1101730 612.1
1101740 611.9
1101750 611.9
1101760 611.9
1101770 611.8
1101780 611.8
1101790 611.8
1101800 611.8
1101810 611.8
1101820 611.9
1101830 611.8
1101840 611.8
1101850 611.2
1101860 610.0
1101870 610.0
1101880 607.3
1101890 605.1
1101900 605.1
1101910 603.3
1101920 601.3
1101930 601.1
1101940 599.7
1101950 598.6
1101960 598.6
1101970 597.7
1101980 596.9
1101990 596.9
1102000 595.7
1102010 594.4
1102020 594.4
1102030 592.6
1102040 589.5
1102050 586.8
1102060 586.8
1102070 586.4
1102080 587.2
1102090 587.2
1102100 587.9
1102110 589.8
1102120 589.8
1102130 592.0
1102140 593.7
1102150 593.7
1102160 594.9
1102170 594.8
1102180 594.8
1102190 594.8
1102200 595.4
1102210 595.4
1102220 596.5
1102230 597.3
1102240 597.3
1102250 598.2
1102260 599.8
1102270 599.8
1102280 600.0
1102290 600.7
1102300 600.7
1102310 601.8
1102320 602.9
1102330 602.9
1102340 604.0
1102350 604.8
1102360 605.7
1102370 605.7
1102380 606.6
1102390 607.5
1102400 607.5
1102410 608.2
1102420 609.7
1102430 609.7
1102440 610.6
1102450 612.5
1102460 612.5
1102470 614.8
1102480 616.4
1102490 616.4
1102500 617.7
1102510 617.8
1102520 617.8
1102530 617.1
1102540 617.7
1102550 617.7
1102560 618.0
1102570 618.1
1102580 618.1
1102590 619.7
1102600 620.2
1102610 620.2
1102620 620.9
1102630 621.9
1102640 621.9
1102650 622.8
1102660 623.8
1102670 623.8
1102680 624.7
1102690 626.0
1102700 627.5
1102710 627.5
1102720 629.3
1102730 631.4
1102740 631.4
1102750 634.2
1102760 637.8
1102770 637.8
1102780 642.0
1102790 646.6
1102800 646.6
1102810 650.8
1102820 654.6
1102830 654.6
1102840 657.2
1102850 659.0
1102860 659.0
1102870 660.6
1102880 661.9
1102890 661.9
1102900 662.6
1102910 663.2
1102920 663.2
1102930 663.3
1102940 663.8
1102950 663.8
1102960 664.1
1102970 664.2
1102980 664.2
1102990 664.3
1103000 664.5
1103010 664.6
1103020 664.6
1103030 664.6
1103040 664.7
1103050 664.7
1103060 664.8
1103070 664.5
1103080 664.5
1103090 662.6
1103100 660.2
1103110 660.2
1103120 658.0
1103130 655.5
1103140 655.5
1103150 653.0
1103160 651.7
1103170 651.7
1103180 653.6
1103190 654.9
1103200 654.9
1103210 655.4
1103220 656.1
1103230 656.1
1103240 657.7
1103250 659.2
1103260 662.9
1103270 663.6
1103280 662.5
1103290 662.5
1103300 660.0
1103310 656.7
1103320 656.7
1103330 654.7
1103340 652.7
1103350 650.8
1103360 650.8
1103370 648.8
1103380 650.3
1103390 650.3
1103400 651.5
1103410 654.6
1103420 654.6
1103430 660.8
1103440 665.8
1103450 665.8
1103460 667.4
1103470 669.2
1103480 669.2
1103490 671.3
1103500 673.3
1103510 673.3
1103520 675.0
1103530 676.4
1103540 676.4
1103550 677.0
1103560 677.1
1103570 677.1
1103580 677.0
1103590 676.0
1103600 672.4
1103610 669.1
1103620 669.3
1103630 669.3
1103640 670.5
1103650 675.4
1103660 679.9
1103670 679.9
1103680 682.4
1103690 684.9
1103700 684.9
1103710 686.6
1103720 688.1
1103730 688.1
1103740 689.9
1103750 691.5
1103760 691.5
1103770 692.6
1103780 693.6
1103790 693.6
1103800 696.2
1103810 698.9
1103820 698.9
1103830 701.4
1103840 703.1
1103850 703.1
1103860 703.9
1103870 704.3
1103880 704.3
1103890 704.1
1103900 704.3
1103910 704.3
1103920 704.9
1103930 706.6
1103940 706.6
1103950 706.2
1103960 706.4
1103970 707.9
1103980 707.9
1103990 709.9
1104000 711.9
1104010 711.9
1104020 713.5
1104030 714.8
1104040 714.8
1104050 716.3
1104060 717.9
1104070 717.9
1104080 719.4
1104090 721.0
1104100 721.0
1104110 723.2
1104120 727.5
1104130 727.5
1104140 729.8
1104150 732.6
1104160 732.6
1104170 735.6
1104180 740.3
1104190 740.3
1104200 743.1
1104210 747.0
1104220 747.0
1104230 750.8
1104240 754.7
1104250 754.7
1104260 757.2
1104270 759.7
1104280 759.7
1104290 761.6
1104300 762.3
1104310 763.4
1104320 763.4
1104330 765.2
1104340 767.6
1104350 767.6
1104360 770.2
1104370 773.7
1104380 773.7
1104390 776.2
1104400 778.6
1104410 778.6
1104420 781.3
1104430 784.6
1104440 784.6
1104450 789.1
1104460 792.7
1104470 792.7
1104480 795.5
1104490 798.6
1104500 798.6
1104510 801.5
1104520 805.0
1104530 805.0
1104540 809.3
1104550 813.6
1104560 813.6
1104570 817.6
1104580 820.6
1104590 820.6
1104600 822.6
1104610 824.5
1104620 825.7
1104630 825.7
1104640 826.6
1104650 827.6
1104660 827.6
1104670 828.1
1104680 828.3
1104690 828.3
1104700 828.5
1104710 828.1
1104720 828.1
1104730 827.2
1104740 827.1
1104750 827.1
1104760 827.7
1104770 828.4
1104780 828.4
1104790 829.0
1104800 829.8
1104810 829.8
1104820 830.8
1104830 832.1
1104840 832.1
1104850 832.6
1104860 832.9
1104870 832.9
1104880 833.2
1104890 833.6
1104900 833.6
1104910 834.2
1104920 834.7
1104930 834.7
1104940 836.1
1104950 837.0
1104960 838.0
1104970 838.0
1104980 839.7
1104990 842.9
1105000 842.9
1105010 845.8
1105020 848.9
1105030 848.9
1105040 852.2
1105050 855.2
1105060 855.2
1105070 857.7
1105080 859.9
1105090 859.9
1105100 861.7
1105110 862.6
1105120 862.6
1105130 862.2
1105140 861.5
1105150 861.5
1105160 861.4
1105170 861.6
1105180 861.6
1105190 862.1
1105200 862.5
1105210 862.5
1105220 863.0
1105230 863.5
1105240 863.5
1105250 864.0
1105260 864.3
1105270 864.5
1105280 865.2
1105290 865.6
1105300 866.0
1105310 866.0
1105320 866.5
1105330 867.8
1105340 867.8
1105350 869.6
1105360 873.6
1105370 873.6
1105380 877.0
1105390 880.1
1105400 880.1
1105410 882.4
1105420 884.8
1105430 884.8
1105440 887.2
1105450 889.6
1105460 889.6
1105470 891.9
1105480 893.9
1105490 893.9
1105500 895.8
1105510 897.2
1105520 897.2
1105530 898.6
1105540 900.2
1105550 900.2
1105560 901.7
1105570 903.1
1105580 904.3
1105590 904.3
1105600 905.2
1105610 907.0
1105620 907.0
1105630 907.7
1105640 908.3
1105650 908.3
1105660 908.4
1105670 908.2
1105680 908.2
1105690 908.0
1105700 907.8
1105710 907.8
1105720 907.5
1105730 907.1
1105740 907.1
1105750 906.7
1105760 906.3
1105770 906.3
1105780 905.9
1105790 905.9
1105800 905.9
1105810 905.8
1105820 906.1
1105830 906.1
1105840 906.3
1105850 906.6
1105860 906.6
1105870 906.7
1105880 906.8
1105890 906.8
1105900 906.7
1105910 906.2
1105920 904.9
1105930 904.9
1105940 902.8
1105950 901.4
1105960 901.4
1105970 899.4
1105980 897.7
1105990 897.7
1106000 895.6
1106010 891.5
1106020 891.5
1106030 887.3
1106040 885.4
1106050 885.4
1106060 885.4
1106070 885.8
1106080 885.8
1106090 885.8
1106100 884.8
1106110 884.8
1106120 883.6
1106130 882.5
1106140 882.5
1106150 881.7
1106160 880.9
1106170 880.9
1106180 879.8
1106190 879.1
1106200 879.1
1106210 878.9
1106220 879.3
1106230 879.3
1106240 879.3
1106250 878.9
1106260 878.4
1106270 878.4
1106280 878.3
1106290 879.3
1106300 879.3
1106310 878.9
1106320 880.2
1106330 880.2
1106340 880.4
1106350 880.5
1106360 880.5
1106370 880.9
1106380 881.1
1106390 881.1
1106400 881.0
1106410 880.9
1106420 880.9
1106430 882.1
1106440 883.1
1106450 883.1
1106460 883.2
1106470 882.7
1106480 882.7
1106490 882.5
1106500 884.5
1106510 884.5
1106520 887.3
1106530 890.3
1106540 890.3
1106550 893.4
1106560 896.1
1106570 898.3
1106580 898.3
1106590 900.4
1106600 902.1
1106610 902.1
1106620 906.9
1106630 907.7
1106640 907.7
1106650 910.8
1106660 914.4
1106670 914.4
1106680 916.7
1106690 918.8
1106700 918.8
1106710 920.6
1106720 922.5
1106730 922.5
1106740 923.4
1106750 924.6
1106760 924.6
1106770 925.4
1106780 925.7
1106790 925.7
1106800 926.0
1106810 927.3
1106820 927.3
1106830 929.1
1106840 931.4
1106850 931.4
1106860 933.3
1106870 935.0
1106880 936.3
1106890 936.3
1106900 937.0
1106910 937.6
1106920 937.6
1106930 938.0
1106940 938.0
1106950 938.0
1106960 942.2
1106970 943.1
1106980 943.1
1106990 945.1
1107000 946.7
1107010 946.7
1107020 947.5
1107030 947.2
1107040 947.2
1107050 948.4
1107060 950.0
1107070 950.0
1107080 950.2
1107090 948.7
1107100 948.7
1107110 946.0
1107120 942.5
1107130 942.5
1107140 936.1
1107150 930.6
1107160 930.6
1107170 929.0
1107180 932.6
1107190 935.7
1107200 935.7
1107210 937.2
1107220 936.6
1107230 936.6
1107240 933.9
1107250 930.6
1107260 930.6
1107270 928.2
1107280 930.8
1107290 930.8
1107300 935.0
1107310 935.7
1107320 935.7
1107330 936.8
1107340 938.7
1107350 938.7
1107360 939.0
1107370 940.1
1107380 940.1
1107390 945.6
1107400 949.2
1107410 949.2
1107420 953.7
1107430 957.8
1107440 957.8
1107450 962.2
1107460 965.4
1107470 965.4
1107480 967.7
1107490 969.9
1107500 969.9
1107510 971.9
1107520 974.0
1107530 976.5
1107540 976.5
1107550 978.6
1107560 980.3
1107570 980.3
1107580 982.7
1107590 986.0
1107600 986.0
1107610 987.8
1107620 988.6
1107630 988.6
1107640 990.7
1107650 991.4
1107660 991.4
1107670 993.2
1107680 994.2
1107690 994.2
1107700 995.4
1107710 995.7
1107720 995.7
1107730 995.5
1107740 994.1
1107750 994.1
1107760 992.2
1107770 990.8
1107780 990.8
1107790 989.3
1107800 987.8
1107810 987.8
1107820 988.0
1107830 988.2
1107840 988.4
1107850 988.4
1107860 989.0
1107870 989.3
1107880 989.3
1107890 990.0
1107900 991.3
1107910 991.3
1107920 993.6
1107930 997.0
1107940 997.0
1107950 999.5
1107960 1000.0
1107970 1000.0
1107980 1004.1
1107990 1004.0
1108000 1004.0
1108010 1003.6
1108020 1003.6
1108030 1003.6
1108040 1003.4
1108050 1003.0
1108060 1003.0
1108070 1002.6
1108080 1002.3
1108090 1002.3
1108100 1001.3
1108110 998.8
1108120 998.8
1108130 995.7
1108140 992.3
1108150 992.3
1108160 988.8
1108170 986.0
1108180 983.2
1108190 983.2
1108200 981.1
1108210 979.7
1108220 979.7
1108230 978.6
1108240 976.4
1108250 976.4
1108260 974.1
1108270 971.6
1108280 971.6
1108290 969.1
1108300 966.5
1108310 966.5
1108320 960.1
1108330 952.5
1108340 952.5
1108350 947.0
1108360 941.4
1108370 941.4
1108380 935.5
1108390 929.2
1108400 929.2
1108410 922.5
1108420 920.1
1108430 920.1
1108440 925.1
1108450 930.6
1108460 930.6
1108470 935.1
1108480 939.1
1108490 942.3
1108500 942.3
1108510 947.7
1108520 953.1
1108530 953.1
1108540 954.6
1108550 954.5
1108560 954.5
1108570 955.2
1108580 956.9
1108590 956.9
1108600 959.8
1108610 961.1
1108620 961.1
1108630 960.0
1108640 959.6
1108650 959.6
1108660 961.8
1108670 968.0
1108680 968.0
1108690 974.8
1108700 978.5
1108710 978.5
1108720 981.6
1108730 983.3
1108740 983.3
1108750 982.7
1108760 979.8
1108770 979.8
1108780 976.9
1108790 975.8
1108800 975.1
1108810 975.1
1108820 973.7
1108830 972.3
1108840 972.3
1108850 969.4
1108860 969.9
1108870 969.9
1108880 973.5
1108890 974.5
1108900 974.5
1108910 975.8
1108920 977.5
1108930 977.5
1108940 978.3
1108950 979.4
1108960 979.4
1108970 979.1
1108980 977.0
1108990 977.0
1109000 980.5
1109010 981.4
1109020 981.4
1109030 983.1
1109040 985.6
1109050 985.6
1109060 987.4
1109070 987.3
1109080 987.3
1109090 987.2
1109100 990.3
1109110 990.3
1109120 992.4
1109130 993.5
1109140 994.1
1109150 994.1
1109160 993.5
1109170 993.0
1109180 993.0
1109190 993.3
1109200 992.9
1109210 992.9
1109220 991.9
1109230 990.3
1109240 990.3
1109250 988.0
1109260 987.0
1109270 987.0
1109280 987.1
1109290 989.1
1109300 989.1
1109310 987.6
1109320 986.2
1109330 986.2
1109340 990.4
1109350 991.3
1109360 991.3
1109370 991.3
1109380 991.2
1109390 991.2
1109400 992.9
1109410 995.1
1109420 995.1
1109430 996.9
1109440 998.6
1109450 1000.7
1109460 1000.7
1109470 1004.3
1109480 1006.8
1109490 1006.8
1109500 1007.9
1109510 1008.3
1109520 1008.3
1109530 1009.8
1109540 1011.5
1109550 1011.5
1109560 1011.7
1109570 1010.6
1109580 1010.6
1109590 1010.2
1109600 1008.7
1109610 1008.7
1109620 1007.8
1109630 1009.9
1109640 1009.9
1109650 1011.8
1109660 1014.1
1109670 1014.1
1109680 1020.5
1109690 1022.3
1109700 1022.3
1109710 1023.2
1109720 1023.1
1109730 1023.1
1109740 1024.8
1109750 1026.5
1109760 1028.3
1109770 1028.3
1109780 1030.2
1109790 1032.1
1109800 1032.1
1109810 1034.1
1109820 1036.5
1109830 1036.5
1109840 1038.5
1109850 1040.4
1109860 1040.4
1109870 1041.9
1109880 1043.3
1109890 1043.3
1109900 1044.8
1109910 1045.4
1109920 1045.4
1109930 1044.6
1109940 1040.5
1109950 1040.5
1109960 1043.8
1109970 1047.4
1109980 1047.4
1109990 1048.4
1110000 1047.9
1110010 1047.9
1110020 1050.3
1110030 1049.4
1110040 1049.4
1110050 1045.6
1110060 1045.1
1110070 1045.1
1110080 1047.9
1110090 1050.7
1110100 1049.6
1110110 1049.6
1110120 1052.2
1110130 1054.0
1110140 1054.0
1110150 1054.7
1110160 1055.3
1110170 1055.3
1110180 1055.7
1110190 1055.7
1110200 1055.7
1110210 1055.7
1110220 1055.7
1110230 1055.7
1110240 1057.1
1110250 1059.2
1110260 1059.2
1110270 1058.3
1110280 1060.0
1110290 1060.0
1110300 1060.4
1110310 1060.8
1110320 1060.8
1110330 1061.2
1110340 1061.6
1110350 1061.6
1110360 1063.8
1110370 1064.5
1110380 1064.5
1110390 1065.0
1110400 1066.2
1110410 1066.7
1110420 1066.7
1110430 1067.5
1110440 1068.3
1110450 1068.3
1110460 1069.4
1110470 1070.2
1110480 1070.2
1110490 1070.5
1110500 1070.6
1110510 1070.6
1110520 1071.4
1110530 1072.4
1110540 1072.4
1110550 1072.9
1110560 1073.0
1110570 1073.0
1110580 1072.6
1110590 1073.3
1110600 1073.3
1110610 1074.6
1110620 1075.9
1110630 1075.9
1110640 1077.6
1110650 1079.5
1110660 1079.5
1110670 1081.4
1110680 1081.9
1110690 1081.9
1110700 1082.1
1110710 1082.1
1110720 1082.1
1110730 1082.2
1110740 1082.6
1110750 1083.2
1110760 1083.2
1110770 1083.9
1110780 1084.2
1110790 1084.2
1110800 1083.4
1110810 1082.3
1110820 1082.3
1110830 1084.1
1110840 1086.1
1110850 1086.1
1110860 1087.4
1110870 1088.5
1110880 1088.5
1110890 1090.9
1110900 1092.8
1110910 1092.8
1110920 1095.6
1110930 1096.4
1110940 1096.4
1110950 1095.1
1110960 1094.2
1110970 1094.2
1110980 1094.6
1110990 1094.4
1111000 1094.4
1111010 1093.6
1111020 1093.0
1111030 1093.0
1111040 1093.9
1111050 1094.7
1111060 1094.9
1111070 1094.9
1111080 1094.3
1111090 1093.8
1111100 1093.8
1111110 1093.0
1111120 1090.9
1111130 1090.9
1111140 1090.1
1111150 1090.2
1111160 1090.2
1111170 1089.9
1111180 1087.9
1111190 1087.9
1111200 1085.6
1111210 1083.8
1111220 1083.8
1111230 1083.0
1111240 1082.5
1111250 1082.5
1111260 1081.0
1111270 1080.3
1111280 1080.3
1111290 1079.9
1111300 1079.5
1111310 1079.5
1111320 1079.3
1111330 1079.5
1111340 1079.5
1111350 1080.1
1111360 1080.1
1111370 1079.5
1111380 1080.4
1111390 1079.8
1111400 1078.6
1111410 1078.6
1111420 1077.9
1111430 1078.2
1111440 1078.2
1111450 1078.2
1111460 1078.2
1111470 1078.2
1111480 1078.9
1111490 1079.6
1111500 1079.6
1111510 1078.8
1111520 1077.9
1111530 1077.9
1111540 1077.1
1111550 1076.5
1111560 1076.5
1111570 1076.1
1111580 1075.7
1111590 1075.7
1111600 1075.2
1111610 1074.9
1111620 1074.9
1111630 1074.7
1111640 1074.4
1111650 1074.4
1111660 1074.7
1111670 1074.2
1111680 1074.2
1111690 1071.2
1111700 1069.0
1111710 1064.6
1111720 1064.6
1111730 1060.3
1111740 1054.1
1111750 1054.1
1111760 1049.2
1111770 1050.9
1111780 1050.9
1111790 1056.0
1111800 1059.8
1111810 1059.8
1111820 1062.6
1111830 1063.0
1111840 1063.0
1111850 1062.4
1111860 1061.9
1111870 1061.9
1111880 1059.8
1111890 1057.1
1111900 1057.1
1111910 1055.5
1111920 1054.3
1111930 1054.3
1111940 1053.7
1111950 1054.1
1111960 1054.1
1111970 1054.2
1111980 1054.1
1111990 1054.1
1112000 1054.6
1112010 1054.6
1112020 1053.7
1112030 1053.7
1112040 1051.8
1112050 1051.0
1112060 1051.0
1112070 1054.4
1112080 1054.5
1112090 1054.5
1112100 1054.2
1112110 1053.2
1112120 1053.2
1112130 1049.8
1112140 1047.0
1112150 1047.0
1112160 1047.4
1112170 1048.5
1112180 1048.5
1112190 1050.1
1112200 1050.7
1112210 1050.7
1112220 1052.7
1112230 1055.0
1112240 1055.0
1112250 1055.6
1112260 1053.4
1112270 1053.4
1112280 1050.4
1112290 1049.1
1112300 1049.1
1112310 1049.5
1112320 1050.3
1112330 1050.3
1112340 1050.1
1112350 1049.7
1112360 1050.5
1112370 1050.5
1112380 1051.1
1112390 1049.9
1112400 1049.9
1112410 1052.0
1112420 1051.2
1112430 1051.2
1112440 1050.2
1112450 1050.1
1112460 1050.1
1112470 1051.7
1112480 1053.2
1112490 1053.2
1112500 1054.0
1112510 1053.7
1112520 1053.7
1112530 1054.5
1112540 1055.7
1112550 1055.7
1112560 1055.8
1112570 1055.3
1112580 1055.3
1112590 1056.1
1112600 1056.4
1112610 1056.4
1112620 1056.6
1112630 1057.2
1112640 1057.2
1112650 1057.9
1112660 1058.7
1112670 1060.0
1112680 1060.0
1112690 1061.1
1112700 1062.0
1112710 1062.0
1112720 1063.1
1112730 1064.0
1112740 1064.0
1112750 1065.2
1112760 1067.2
1112770 1067.2
1112780 1068.0
1112790 1068.6
1112800 1068.6
1112810 1069.3
1112820 1069.8
1112830 1069.8
1112840 1070.6
1112850 1071.3
1112860 1071.3
1112870 1072.2
1112880 1073.0
1112890 1073.0
1112900 1073.6
1112910 1073.8
1112920 1073.8
1112930 1073.9
1112940 1073.7
1112950 1073.7
1112960 1073.7
1112970 1073.7
1112980 1073.5
1112990 1073.5
1113000 1073.4
1113010 1073.1
1113020 1073.1
1113030 1073.0
1113040 1073.0
1113050 1073.0
1113060 1072.8
1113070 1072.2
1113080 1072.2
1113090 1071.8
1113100 1074.2
1113110 1074.2
1113120 1074.1
1113130 1074.2
1113140 1074.2
1113150 1073.9
1113160 1073.5
1113170 1073.5
1113180 1072.9
1113190 1072.4
1113200 1072.4
1113210 1072.7
1113220 1072.6
1113230 1072.6
1113240 1072.4
1113250 1072.1
1113260 1072.1
1113270 1072.0
1113280 1071.9
1113290 1071.9
1113300 1071.2
1113310 1070.7
1113320 1070.4
1113330 1070.4
1113340 1070.0
1113350 1069.1
1113360 1069.1
1113370 1066.2
1113380 1061.4
1113390 1061.4
1113400 1056.8
1113410 1053.8
1113420 1053.8
1113430 1052.4
1113440 1052.5
1113450 1052.5
1113460 1052.0
1113470 1051.3
1113480 1051.3
1113490 1050.2
1113500 1049.2
1113510 1049.2
1113520 1048.6
1113530 1047.9
1113540 1047.9
1113550 1044.7
1113560 1040.7
1113570 1040.7
1113580 1037.6
1113590 1033.2
1113600 1033.2
1113610 1029.1
1113620 1027.2
1113630 1025.1
1113640 1025.1
1113650 1021.1
1113660 1015.5
1113670 1015.5
1113680 1011.4
1113690 1010.1
1113700 1010.1
1113710 1009.3
1113720 1009.8
1113730 1009.8
1113740 1014.4
1113750 1020.0
1113760 1020.0
1113770 1025.5
1113780 1031.5
1113790 1031.3
1113800 1038.4
1113810 1046.8
1113820 1046.8
1113830 1055.2
1113840 1057.8
1113850 1057.8
1113860 1058.0
1113870 1057.5
1113880 1057.5
1113890 1056.0
1113900 1054.3
1113910 1054.3
1113920 1052.0
1113930 1048.6
1113940 1048.6
1113950 1046.0
1113960 1045.1
1113970 1043.9
1113980 1043.9
1113990 1043.2
1114000 1041.3
1114010 1041.3
1114020 1039.2
1114030 1036.7
1114040 1036.7
1114050 1035.1
1114060 1034.9
1114070 1034.9
1114080 1035.5
1114090 1037.3
1114100 1037.3
1114110 1038.8
1114120 1039.3
1114130 1041.6
1114140 1041.9
1114150 1041.9
1114160 1041.9
1114170 1041.9
1114180 1041.9
1114190 1041.9
1114200 1040.6
1114210 1037.7
1114220 1037.7
1114230 1037.7
1114240 1037.7
1114250 1037.7
1114260 1036.8
1114270 1035.0
1114280 1032.7
1114290 1032.7
1114300 1030.2
1114310 1028.4
1114320 1028.4
1114330 1027.1
1114340 1026.4
1114350 1026.4
1114360 1026.2
1114370 1026.2
1114380 1026.2
1114390 1025.9
1114400 1025.8
1114410 1025.8
1114420 1027.0
1114430 1028.3
1114440 1028.3
1114450 1028.5
1114460 1027.6
1114470 1027.6
1114480 1027.8
1114490 1027.9
1114500 1027.9
1114510 1027.1
1114520 1026.7
1114530 1026.7
1114540 1025.9
1114550 1025.8
1114560 1025.8
1114570 1026.5
1114580 1025.6
1114590 1024.3
1114600 1024.3
1114610 1027.5
1114620 1030.9
1114630 1030.9
1114640 1032.1
1114650 1032.7
1114660 1032.7
1114670 1033.4
1114680 1034.8
1114690 1034.8
1114700 1036.8
1114710 1038.7
1114720 1038.7
1114730 1040.3
1114740 1041.7
1114750 1041.7
1114760 1043.4
1114770 1045.7
1114780 1045.7
1114790 1047.9
1114800 1050.0
1114810 1050.0
1114820 1052.4
1114830 1054.7
1114840 1054.7
1114850 1056.7
1114860 1058.6
1114870 1058.6
1114880 1060.6
1114890 1062.7
1114900 1062.7
1114910 1064.6
1114920 1066.3
1114930 1067.9
1114940 1067.9
1114950 1069.5
1114960 1070.9
1114970 1070.9
1114980 1072.3
1114990 1073.5
1115000 1073.5
1115010 1074.7
1115020 1075.8
1115030 1075.8
1115040 1076.3
1115050 1076.4
1115060 1076.4
1115070 1076.6
1115080 1076.7
1115090 1076.7
1115100 1074.2
1115110 1068.4
1115120 1068.4
1115130 1065.0
1115140 1060.4
1115150 1060.4
1115160 1056.9
1115170 1062.0
1115180 1062.0
1115190 1059.4
1115200 1055.4
1115210 1055.4
1115220 1047.4
1115230 1038.6
1115240 1033.9
1115250 1033.9
1115260 1028.7
1115270 1024.9
1115280 1024.9
1115290 1023.0
1115300 1021.3
1115310 1021.3
1115320 1018.9
1115330 1017.0
1115340 1017.0
1115350 1013.4
1115360 1008.4
1115370 1008.4
1115380 1003.4
1115390 999.3
1115400 999.3
1115410 997.5
1115420 995.1
1115430 995.1
1115440 992.8
1115450 991.0
1115460 991.0
1115470 989.4
1115480 987.5
1115490 987.5
1115500 985.0
1115510 984.3
1115520 984.3
1115530 983.5
1115540 983.7
1115550 984.2
1115560 984.2
1115570 984.2
1115580 983.2
1115590 983.2
1115600 981.0
1115610 977.4
1115620 977.4
1115630 973.5
1115640 971.0
1115650 971.0
1115660 969.4
1115670 967.4
1115680 967.4
1115690 965.7
1115700 964.3
1115710 964.3
1115720 961.6
1115730 959.2
1115740 959.2
1115750 957.2
1115760 955.4
1115770 955.4
1115780 951.8
1115790 948.1
1115800 948.1
1115810 944.7
1115820 947.8
1115830 947.8
1115840 949.7
1115850 949.1
1115860 949.8
1115870 949.0
1115880 948.5
1115890 948.3
1115900 948.3
1115910 948.0
1115920 947.0
1115930 947.0
1115940 942.5
1115950 937.7
1115960 937.7
1115970 935.3
1115980 933.5
1115990 933.5
1116000 930.9
1116010 929.4
1116020 929.4
1116030 928.2
1116040 926.5
1116050 926.5
1116060 924.7
1116070 920.6
1116080 920.6
1116090 918.1
1116100 914.8
1116110 914.8
1116120 909.3
1116130 904.3
1116140 904.3
1116150 901.8
1116160 897.5
1116170 897.5
1116180 893.4
1116190 889.8
1116200 883.0
1116210 877.9
1116220 872.2
1116230 866.9
1116240 866.9
1116250 861.9
1116260 857.6
1116270 857.6
1116280 853.6
1116290 848.5
1116300 848.5
1116310 848.5
1116320 853.3
1116330 853.3
1116340 853.6
1116350 850.3
1116360 850.3
1116370 845.5
1116380 840.3
1116390 840.3
1116400 834.4
1116410 827.0
1116420 827.0
1116430 821.7
1116440 816.3
1116450 816.3
1116460 815.2
1116470 815.2
1116480 815.2
1116490 818.2
1116500 818.1
1116510 818.1
1116520 817.3
1116530 816.7
1116540 817.4
1116550 818.1
1116560 820.1
1116570 821.7
1116580 821.7
1116590 822.9
1116600 824.5
1116610 824.5
1116620 825.8
1116630 826.4
1116640 826.4
1116650 826.6
1116660 827.9
1116670 827.9
1116680 830.4
1116690 831.5
1116700 831.5
1116710 832.3
1116720 832.0
1116730 832.0
1116740 832.3
1116750 831.8
1116760 831.8
1116770 832.5
1116780 833.9
1116790 833.9
1116800 835.3
1116810 836.2
1116820 836.2
1116830 836.5
1116840 836.9
1116850 837.6
1116860 837.6
1116870 838.3
1116880 839.9
1116890 839.9
1116900 842.3
1116910 843.1
1116920 843.1
1116930 842.9
1116940 843.0
1116950 843.0
1116960 844.8
1116970 846.0
1116980 846.0
1116990 847.6
1117000 847.8
1117010 847.8
1117020 847.1
1117030 846.4
1117040 846.4
1117050 846.3
1117060 845.8
1117070 845.8
1117080 845.9
1117090 846.3
1117100 846.3
1117110 846.7
1117120 846.8
1117130 846.8
1117140 846.5
1117150 846.3
1117160 846.0
1117170 846.0
1117180 845.7
1117190 845.5
1117200 845.5
1117210 845.3
1117220 844.8
1117230 844.8
1117240 844.8
1117250 848.0
1117260 848.0
1117270 847.6
1117280 848.0
1117290 848.0
1117300 848.6
1117310 848.9
1117320 848.9
1117330 849.0
1117340 848.9
1117350 848.9
1117360 849.6
1117370 851.2
1117380 851.2
1117390 852.5
1117400 853.3
1117410 853.3
1117420 853.7
1117430 853.6
1117440 853.6
1117450 852.7
1117460 852.2
1117470 852.2
1117480 851.6
1117490 851.2
1117500 851.6
1117510 851.6
1117520 851.5
1117530 850.7
1117540 850.7
1117550 851.1
1117560 852.3
1117570 852.3
1117580 853.7
1117590 855.7
1117600 855.7
1117610 855.9
1117620 855.5
1117630 855.5
1117640 855.1
1117650 855.0
1117660 855.0
1117670 856.2
1117680 856.7
1117690 856.7
1117700 857.0
1117710 857.4
1117720 857.4
1117730 857.4
1117740 858.2
1117750 858.2
1117760 858.9
1117770 860.0
1117780 860.0
1117790 861.4
1117800 862.0
1117810 862.1
1117820 862.1
1117830 862.4
1117840 863.2
1117850 863.2
1117860 863.9
1117870 864.3
1117880 864.3
1117890 864.3
1117900 864.0
1117910 864.0
1117920 864.3
1117930 863.7
1117940 865.2
1117950 865.3
1117960 865.7
1117970 865.7
1117980 865.9
1117990 865.5
1118000 865.5
1118010 864.9
1118020 864.6
1118030 864.6
1118040 865.4
1118050 866.3
1118060 866.3
1118070 867.9
1118080 869.0
1118090 869.0
1118100 870.4
1118110 873.9
1118120 876.6
1118130 876.6
1118140 879.6
1118150 882.9
1118160 882.9
1118170 885.0
1118180 885.6
1118190 885.6
1118200 885.1
1118210 883.8
1118220 883.8
1118230 882.1
1118240 881.5
1118250 881.5
1118260 878.6
1118270 876.4
1118280 876.4
1118290 880.6
1118300 878.7
1118310 878.7
1118320 876.1
1118330 875.4
1118340 875.4
1118350 873.3
1118360 869.1
1118370 869.1
1118380 867.5
1118390 864.4
1118400 864.4
1118410 861.9
1118420 861.5
1118430 861.5
1118440 861.1
1118450 861.2
1118460 858.9
1118470 858.9
1118480 851.5
1118490 848.7
1118500 848.7
1118510 849.8
1118520 851.3
1118530 851.3
1118540 852.6
1118550 854.1
1118560 854.1
1118570 855.7
1118580 858.0
1118590 858.0
1118600 862.6
1118610 866.4
1118620 866.4
1118630 870.0
1118640 869.2
1118650 869.2
1118660 875.2
1118670 881.6
1118680 881.6
1118690 883.5
1118700 884.3
1118710 884.3
1118720 886.4
1118730 888.1
1118740 888.1
1118750 888.5
1118760 889.6
1118770 890.7
1118780 890.7
1118790 892.6
1118800 895.7
1118810 895.7
1118820 898.6
1118830 902.7
1118840 902.7
1118850 901.1
1118860 897.9
1118870 897.9
1118880 895.1
1118890 892.7
1118900 892.7
1118910 890.1
1118920 894.8
1118930 894.8
1118940 901.5
1118950 909.1
1118960 909.1
1118970 917.4
1118980 923.7
1118990 919.3
1119000 922.8
1119010 923.8
1119020 923.8
1119030 923.0
1119040 924.2
1119050 924.2
1119060 929.3
1119070 934.1
1119080 934.1
1119090 935.1
1119100 935.7
1119110 935.9
1119120 935.9
1119130 936.0
1119140 936.1
1119150 936.1
1119160 936.5
1119170 937.4
1119180 937.4
1119190 938.0
1119200 938.6
1119210 938.6
1119220 939.7
1119230 941.5
1119240 941.5
1119250 943.4
1119260 944.8
1119270 944.8
1119280 946.4
1119290 948.9
1119300 948.9
1119310 950.4
1119320 951.1
1119330 951.1
1119340 946.9
1119350 947.0
1119360 947.0
1119370 947.3
1119380 948.0
1119390 948.0
1119400 948.6
1119410 949.5
1119420 951.4
1119430 951.4
1119440 953.6
1119450 956.2
1119460 956.2
1119470 958.4
1119480 961.0
1119490 961.0
1119500 963.8
1119510 966.0
1119520 966.0
1119530 968.9
1119540 970.7
1119550 970.7
1119560 972.2
1119570 973.7
1119580 973.7
1119590 975.2
1119600 977.1
1119610 977.1
1119620 979.4
1119630 981.5
1119640 981.5
1119650 983.1
1119660 984.4
1119670 984.4
1119680 985.4
1119690 986.0
1119700 986.0
1119710 990.3
1119720 994.6
1119730 997.2
1119740 997.2
1119750 1001.1
1119760 1004.7
1119770 1004.7
1119780 1006.1
1119790 1007.4
1119800 1007.4
1119810 1008.1
1119820 1008.4
1119830 1008.4
1119840 1008.5
1119850 1008.3
1119860 1008.3
1119870 1007.3
1119880 1006.5
1119890 1006.5
1119900 1005.8
1119910 1004.9
1119920 1004.9
1119930 1003.8
1119940 1002.8
1119950 1002.8
1119960 1003.0
1119970 1004.3
1119980 1004.3
1119990 1005.5
