1100000 551.5
1100010 551.5
1100020 553.9
1100030 557.9
1100040 557.9
1100050 561.9
1100060 569.9
1100070 580.4
1100080 580.4
1100090 585.3
1100100 587.8
1100110 587.8
1100120 590.5
1100130 592.1
1100140 592.1
1100150 592.3
1100160 592.2
1100170 592.2
1100180 592.0
1100190 592.0
1100200 592.0
1100210 592.2
1100220 593.9
1100230 593.9
1100240 593.9
1100250 593.8
1100260 593.8
1100270 593.8
1100280 593.7
1100290 593.7
1100300 593.5
1100310 593.4
1100320 593.4
1100330 593.3
1100340 593.1
1100350 593.1
1100360 593.1
1100370 593.2
1100380 593.3
1100390 593.3
1100400 593.4
1100410 593.7
1100420 593.7
1100430 594.1
1100440 594.5
1100450 594.5
1100460 595.0
1100470 595.6
1100480 595.6
1100490 596.0
1100500 596.1
1100510 596.1
1100520 596.1
1100530 596.4
1100540 596.4
1100550 597.2
1100560 598.7
1100570 598.7
1100580 598.8
1100590 599.1
1100600 599.1
1100610 599.8
1100620 600.8
1100630 600.8
1100640 601.4
1100650 602.0
1100660 602.0
1100670 602.5
1100680 603.1
1100690 603.1
1100700 603.6
1100710 604.2
1100720 605.0
1100730 605.0
1100740 605.8
1100750 606.5
1100760 606.5
1100770 607.0
1100780 607.5
1100790 607.5
1100800 608.0
1100810 609.1
1100820 609.1
1100830 610.4
1100840 610.7
1100850 610.7
1100860 610.7
1100870 610.6
1100880 610.6
1100890 611.0
1100900 611.2
1100910 611.2
1100920 611.5
1100930 611.7
1100940 611.7
1100950 611.7
1100960 611.7
1100970 611.7
1100980 611.6
1100990 611.4
1101000 611.4
1101010 611.4
1101020 611.4
1101030 611.5
1101040 611.5
1101050 611.6
1101060 611.6
1101070 611.6
1101080 611.6
1101090 611.7
1101100 611.7
1101110 611.7
1101120 611.6
1101130 611.6
1101140 611.4
1101150 611.3
1101160 611.3
1101170 611.3
1101180 611.3
1101190 611.3
1101200 611.2
1101210 610.6
1101220 610.8
1101230 610.4
1101240 610.3
1101250 610.3
1101260 610.4
1101270 610.4
1101280 610.4
1101290 610.2
1101300 610.0
1101310 610.0
1101320 609.8
1101330 609.8
1101340 609.8
1101350 609.6
1101360 609.5
1101370 609.5
1101380 609.5
1101390 609.5
1101400 609.5
1101410 609.5
1101420 609.5
1101430 609.4
1101440 609.4
1101450 609.3
1101460 609.3
1101470 609.3
1101480 609.4
1101490 609.5
1101500 609.5
1101510 609.3
1101520 605.8
1101530 605.8
1101540 602.4
1101550 601.5
1101560 601.7
1101570 601.2
1101580 600.5
1101590 600.5
1101600 600.1
1101610 599.3
1101620 599.3
1101630 598.0
1101640 597.4
1101650 597.4
1101660 596.6
1101670 595.2
1101680 594.4
1101690 594.4
1101700 593.7
1101710 592.8
1101720 592.8
1101730 591.9
1101740 591.2
1101750 591.2
1101760 590.2
1101770 588.2
1101780 588.2
1101790 586.5
1101800 585.8
1101810 585.8
1101820 585.3
1101830 584.5
1101840 584.5
1101850 583.5
1101860 583.0
1101870 583.0
1101880 582.4
1101890 581.7
1101900 581.7
1101910 581.2
1101920 581.2
1101930 581.2
1101940 580.7
1101950 579.1
1101960 579.1
1101970 577.9
1101980 577.3
1101990 577.3
1102000 576.5
1102010 575.8
1102020 575.4
1102030 575.4
1102040 575.1
1102050 574.5
1102060 574.5
1102070 573.7
1102080 572.5
1102090 572.5
1102100 571.2
1102110 569.8
1102120 569.8
1102130 568.9
1102140 568.7
1102150 568.7
1102160 568.2
1102170 567.2
1102180 567.2
1102190 566.3
1102200 565.3
1102210 565.3
1102220 564.2
1102230 563.2
1102240 563.2
1102250 561.1
1102260 555.1
1102270 555.1
1102280 550.5
1102290 549.7
1102300 549.7
1102310 551.1
1102320 554.3
1102330 558.7
1102340 558.7
1102350 559.7
1102360 560.4
1102370 560.4
1102380 561.6
1102390 563.9
1102400 563.9
1102410 567.1
1102420 568.9
1102430 568.9
1102440 569.6
1102450 571.8
1102460 571.8
1102470 572.7
1102480 573.5
1102490 573.5
1102500 575.0
1102510 577.1
1102520 577.1
1102530 578.1
1102540 578.7
1102550 578.7
1102560 580.3
1102570 581.3
1102580 581.3
1102590 582.4
1102600 582.9
1102610 582.9
1102620 583.3
1102630 584.0
1102640 584.0
1102650 584.8
1102660 586.2
1102670 587.1
1102680 587.1
1102690 588.6
1102700 590.4
1102710 590.4
1102720 592.4
1102730 594.4
1102740 594.4
1102750 597.4
1102760 599.6
1102770 599.6
1102780 602.6
1102790 605.8
1102800 605.8
1102810 608.9
1102820 611.4
1102830 611.4
1102840 613.9
1102850 616.8
1102860 616.8
1102870 619.6
1102880 622.7
1102890 624.8
1102900 627.9
1102910 632.0
1102920 632.0
1102930 636.0
1102940 640.3
1102950 640.3
1102960 644.6
1102970 648.0
1102980 650.8
1102990 650.8
1103000 653.4
1103010 655.2
1103020 655.2
1103030 656.5
1103040 657.8
1103050 657.8
1103060 659.1
1103070 660.4
1103080 660.4
1103090 661.5
1103100 662.1
1103110 662.1
1103120 662.2
1103130 662.5
1103140 662.5
1103150 663.5
1103160 664.4
1103170 664.4
1103180 664.0
1103190 658.9
1103200 658.9
1103210 654.1
1103220 651.7
1103230 653.7
1103240 653.2
1103250 654.1
1103260 654.1
1103270 656.3
1103280 659.1
1103290 659.1
1103300 661.9
1103310 663.2
1103320 661.7
1103330 661.7
1103340 661.2
1103350 661.3
1103360 661.3
1103370 662.0
1103380 663.2
1103390 663.2
1103400 665.2
1103410 667.8
1103420 667.8
1103430 669.8
1103440 671.7
1103450 671.7
1103460 673.6
1103470 674.2
1103480 674.2
1103490 672.9
1103500 674.0
1103510 674.0
1103520 675.5
1103530 676.7
1103540 676.7
1103550 677.7
1103560 679.3
1103570 679.3
1103580 680.6
1103590 682.8
1103600 682.8
1103610 685.7
1103620 689.2
1103630 693.1
1103640 693.1
1103650 695.8
1103660 698.6
1103670 698.6
1103680 701.2
1103690 703.3
1103700 703.3
1103710 704.8
1103720 705.2
1103730 705.2
1103740 704.3
1103750 703.7
1103760 703.7
1103770 704.0
1103780 705.1
1103790 705.1
1103800 706.5
1103810 708.8
1103820 708.8
1103830 711.4
1103840 713.4
1103850 713.4
1103860 715.2
1103870 717.2
1103880 717.2
1103890 718.3
1103900 716.9
1103910 716.9
1103920 716.8
1103930 717.3
1103940 717.3
1103950 718.0
1103960 718.8
1103970 719.6
1103980 719.6
1103990 720.8
1104000 722.9
1104010 722.9
1104020 726.1
1104030 729.1
1104040 729.1
1104050 731.6
1104060 734.3
1104070 734.3
1104080 736.6
1104090 738.6
1104100 738.6
1104110 740.5
1104120 742.5
1104130 742.5
1104140 745.5
1104150 748.5
1104160 748.5
1104170 751.2
1104180 753.9
1104190 753.9
1104200 756.5
1104210 759.0
1104220 759.0
1104230 762.7
1104240 764.6
1104250 764.6
1104260 766.7
1104270 768.8
1104280 770.6
1104290 770.6
1104300 772.1
1104310 773.4
1104320 773.4
1104330 775.1
1104340 778.2
1104350 778.2
1104360 780.9
1104370 783.0
1104380 783.0
1104390 784.8
1104400 786.9
1104410 786.9
1104420 789.1
1104430 791.3
1104440 791.3
1104450 793.3
1104460 794.9
1104470 794.9
1104480 796.1
1104490 797.5
1104500 797.5
1104510 799.0
1104520 800.3
1104530 800.3
1104540 802.0
1104550 804.1
1104560 804.1
1104570 807.5
1104580 809.6
1104590 809.6
1104600 811.4
1104610 812.7
1104620 813.9
1104630 813.9
1104640 814.7
1104650 815.5
1104660 815.5
1104670 817.0
1104680 818.1
1104690 818.1
1104700 818.2
1104710 818.2
1104720 818.2
1104730 819.3
1104740 821.5
1104750 821.5
1104760 823.0
1104770 824.3
1104780 824.3
1104790 825.4
1104800 826.5
1104810 826.5
1104820 827.7
1104830 829.0
1104840 829.0
1104850 830.1
1104860 831.3
1104870 831.3
1104880 832.2
1104890 833.0
1104900 835.5
1104910 836.0
1104920 836.3
1104930 836.0
1104940 836.0
1104950 835.4
1104960 834.3
1104970 834.3
1104980 833.4
1104990 832.7
1105000 832.7
1105010 832.0
1105020 831.4
1105030 831.4
1105040 831.0
1105050 830.9
1105060 830.9
1105070 830.3
1105080 827.4
1105090 827.4
1105100 825.1
1105110 826.2
1105120 826.2
1105130 830.9
1105140 833.9
1105150 833.9
1105160 835.2
1105170 836.4
1105180 836.4
1105190 837.6
1105200 838.4
1105210 838.4
1105220 839.5
1105230 841.0
1105240 841.9
1105250 843.2
1105260 844.6
1105270 846.1
1105280 846.1
1105290 847.7
1105300 849.1
1105310 849.1
1105320 850.2
1105330 851.2
1105340 851.2
1105350 851.8
1105360 852.1
1105370 852.1
1105380 852.1
1105390 851.9
1105400 851.9
1105410 851.8
1105420 851.9
1105430 851.9
1105440 852.1
1105450 852.1
1105460 852.1
1105470 851.8
1105480 851.0
1105490 851.0
1105500 850.1
1105510 848.9
1105520 848.9
1105530 846.4
1105540 843.8
1105550 843.8
1105560 841.7
1105570 841.5
1105580 842.6
1105590 842.6
1105600 842.7
1105610 842.7
1105620 842.7
1105630 842.3
1105640 842.0
1105650 842.0
1105660 840.0
1105670 833.4
1105680 833.4
1105690 829.2
1105700 826.4
1105710 826.4
1105720 824.6
1105730 823.5
1105740 823.5
1105750 822.7
1105760 821.5
1105770 821.5
1105780 818.7
1105790 814.0
1105800 814.0
1105810 811.4
1105820 811.2
1105830 811.2
1105840 811.3
1105850 811.4
1105860 811.4
1105870 811.4
1105880 811.1
1105890 811.1
1105900 811.1
1105910 812.4
1105920 813.4
1105930 813.4
1105940 814.6
1105950 814.9
1105960 814.9
1105970 814.0
1105980 812.4
1105990 812.4
1106000 810.6
1106010 809.3
1106020 809.3
1106030 808.0
1106040 807.0
1106050 807.0
1106060 806.1
1106070 805.3
1106080 805.3
1106090 804.3
1106100 803.4
1106110 803.4
1106120 803.2
1106130 802.6
1106140 802.6
1106150 802.1
1106160 801.4
1106170 801.4
1106180 800.9
1106190 800.6
1106200 800.6
1106210 800.7
1106220 800.7
1106230 800.3
1106240 800.3
1106250 803.5
1106260 804.0
1106270 804.0
1106280 804.9
1106290 805.1
1106300 805.1
1106310 805.6
1106320 806.7
1106330 806.7
1106340 808.8
1106350 811.8
1106360 811.8
1106370 814.5
1106380 816.7
1106390 816.7
1106400 818.3
1106410 820.6
1106420 820.6
1106430 823.1
1106440 825.2
1106450 825.2
1106460 827.0
1106470 828.8
1106480 828.8
1106490 830.6
1106500 833.0
1106510 833.0
1106520 835.3
1106530 837.4
1106540 840.2
1106550 840.2
1106560 843.2
1106570 844.0
1106580 844.0
1106590 846.8
1106600 846.3
1106610 846.3
1106620 846.9
1106630 848.9
1106640 848.9
1106650 851.3
1106660 852.8
1106670 852.8
1106680 853.9
1106690 855.0
1106700 855.0
1106710 855.9
1106720 857.0
1106730 857.0
1106740 858.1
1106750 859.4
1106760 859.4
1106770 860.7
1106780 862.8
1106790 862.8
1106800 863.9
1106810 864.0
1106820 864.0
1106830 863.0
1106840 861.7
1106850 861.7
1106860 861.1
1106870 860.6
1106880 859.8
1106890 859.8
1106900 859.0
1106910 857.2
1106920 857.2
1106930 853.0
1106940 848.0
1106950 848.0
1106960 843.7
1106970 840.1
1106980 840.1
1106990 837.3
1107000 834.3
1107010 834.3
1107020 831.9
1107030 831.2
1107040 831.2
1107050 831.7
1107060 830.7
1107070 830.7
1107080 831.4
1107090 832.1
1107100 832.1
1107110 831.4
1107120 829.3
1107130 829.3
1107140 828.4
1107150 829.0
1107160 829.0
1107170 827.8
1107180 823.6
1107190 819.6
1107200 819.6
1107210 826.9
1107220 837.1
1107230 837.1
1107240 843.9
1107250 849.7
1107260 846.0
1107270 849.3
1107280 854.4
1107290 854.4
1107300 860.3
1107310 866.6
1107320 866.6
1107330 870.1
1107340 870.7
1107350 870.7
1107360 871.4
1107370 872.1
1107380 872.1
1107390 872.8
1107400 873.6
1107410 873.6
1107420 874.6
1107430 876.0
1107440 876.0
1107450 877.1
1107460 877.6
1107470 877.6
1107480 878.2
1107490 878.4
1107500 878.4
1107510 877.8
1107520 875.7
1107530 873.0
1107540 873.0
1107550 869.3
1107560 867.1
1107570 867.1
1107580 866.4
1107590 865.1
1107600 867.1
1107610 866.8
1107620 866.6
1107630 866.6
1107640 867.0
1107650 866.0
1107660 866.0
1107670 864.8
1107680 865.0
1107690 865.0
1107700 864.7
1107710 863.1
1107720 863.1
1107730 861.8
1107740 861.0
1107750 861.0
1107760 859.9
1107770 857.0
1107780 857.0
1107790 854.3
1107800 855.2
1107810 855.2
1107820 857.3
1107830 856.3
1107840 855.0
1107850 855.0
1107860 852.2
1107870 852.3
1107880 852.3
1107890 854.6
1107900 855.0
1107910 855.0
1107920 855.1
1107930 855.0
1107940 856.4
1107950 856.1
1107960 855.7
1107970 855.7
1107980 856.1
1107990 858.5
1108000 858.5
1108010 859.6
1108020 860.3
1108030 860.3
1108040 862.4
1108050 865.1
1108060 865.1
1108070 867.3
1108080 868.0
1108090 868.0
1108100 867.2
1108110 865.3
1108120 865.3
1108130 865.0
1108140 865.2
1108150 865.2
1108160 865.4
1108170 864.9
1108180 862.8
1108190 862.8
1108200 861.7
1108210 860.3
1108220 860.3
1108230 859.0
1108240 858.2
1108250 858.2
1108260 855.0
1108270 851.7
1108280 852.9
1108290 851.3
1108300 847.2
1108310 847.2
1108320 842.1
1108330 834.9
1108340 834.9
1108350 831.9
1108360 838.0
1108370 838.0
1108380 846.2
1108390 855.1
1108400 855.1
1108410 862.3
1108420 868.6
1108430 868.6
1108440 872.0
1108450 873.9
1108460 873.9
1108470 875.2
1108480 876.3
1108490 876.8
1108500 876.8
1108510 876.2
1108520 880.3
1108530 880.3
1108540 884.0
1108550 887.7
1108560 887.7
1108570 890.6
1108580 890.4
1108590 890.4
1108600 889.8
1108610 884.5
1108620 889.9
1108630 886.9
1108640 884.0
1108650 884.0
1108660 881.3
1108670 879.2
1108680 879.2
1108690 877.4
1108700 876.6
1108710 876.6
1108720 875.5
1108730 875.8
1108740 875.8
1108750 877.1
1108760 878.1
1108770 878.1
1108780 878.4
1108790 877.0
1108800 871.7
1108810 871.7
1108820 863.3
1108830 857.0
1108840 857.0
1108850 856.8
1108860 860.7
1108870 860.7
1108880 864.5
1108890 867.8
1108900 867.8
1108910 870.5
1108920 871.5
1108930 871.5
1108940 876.2
1108950 879.3
1108960 874.9
1108970 874.1
1108980 872.9
1108990 872.9
1109000 876.3
1109010 873.8
1109020 873.8
1109030 873.0
1109040 874.6
1109050 874.6
1109060 877.3
1109070 880.2
1109080 880.2
1109090 882.4
1109100 884.4
1109110 884.4
1109120 886.7
1109130 887.8
1109140 890.2
1109150 890.2
1109160 890.4
1109170 887.8
1109180 887.8
1109190 885.4
1109200 884.8
1109210 884.8
1109220 886.3
1109230 888.5
1109240 888.5
1109250 890.8
1109260 893.1
1109270 893.1
1109280 894.9
1109290 896.2
1109300 901.0
1109310 901.1
1109320 900.2
1109330 900.2
1109340 901.6
1109350 904.4
1109360 904.4
1109370 907.5
1109380 910.4
1109390 910.4
1109400 912.6
1109410 913.1
1109420 913.1
1109430 913.1
1109440 912.0
1109450 910.6
1109460 910.6
1109470 908.4
1109480 905.6
1109490 905.6
1109500 907.4
1109510 911.9
1109520 911.9
1109530 915.0
1109540 918.5
1109550 918.5
1109560 922.8
1109570 927.2
1109580 927.2
1109590 929.7
1109600 931.5
1109610 931.5
1109620 932.4
1109630 934.0
1109640 936.9
1109650 937.9
1109660 938.5
1109670 938.5
1109680 939.1
1109690 939.5
1109700 939.5
1109710 937.3
1109720 935.2
1109730 935.2
1109740 935.5
1109750 935.9
1109760 935.9
1109770 940.7
1109780 945.5
1109790 947.9
1109800 947.9
1109810 949.5
1109820 950.8
1109830 950.8
1109840 952.2
1109850 953.5
1109860 953.5
1109870 955.0
1109880 956.6
1109890 956.6
1109900 958.0
1109910 959.2
1109920 959.2
1109930 960.5
1109940 962.1
1109950 962.1
1109960 963.6
1109970 965.3
1109980 964.3
1109990 966.2
1110000 968.3
1110010 968.3
1110020 970.2
1110030 972.4
1110040 972.4
1110050 974.5
1110060 976.2
1110070 976.2
1110080 978.0
1110090 979.9
1110100 981.8
1110110 981.8
1110120 983.3
1110130 985.1
1110140 985.1
1110150 986.9
1110160 989.2
1110170 989.2
1110180 991.3
1110190 993.7
1110200 993.7
1110210 995.6
1110220 997.4
1110230 997.4
1110240 999.6
1110250 1001.1
1110260 1001.1
1110270 1002.9
1110280 1003.1
1110290 1003.1
1110300 1001.5
1110310 1001.5
1110320 1008.2
1110330 1008.4
1110340 1009.6
1110350 1009.6
1110360 1011.3
1110370 1012.0
1110380 1012.0
1110390 1012.2
1110400 1013.0
1110410 1013.0
1110420 1015.5
1110430 1016.5
1110440 1016.9
1110450 1016.9
1110460 1019.0
1110470 1021.0
1110480 1021.0
1110490 1024.1
1110500 1025.6
1110510 1025.6
1110520 1025.9
1110530 1027.2
1110540 1027.2
1110550 1029.8
1110560 1034.4
1110570 1034.4
1110580 1039.2
1110590 1042.5
1110600 1042.5
1110610 1043.4
1110620 1046.5
1110630 1046.5
1110640 1049.9
1110650 1052.5
1110660 1050.7
1110670 1053.3
1110680 1054.8
1110690 1054.8
1110700 1055.8
1110710 1058.7
1110720 1058.7
1110730 1061.2
1110740 1062.6
1110750 1063.8
1110760 1063.8
1110770 1064.9
1110780 1065.8
1110790 1065.8
1110800 1066.5
1110810 1066.9
1110820 1066.9
1110830 1067.5
1110840 1068.2
1110850 1068.2
1110860 1068.8
1110870 1069.3
1110880 1069.3
1110890 1069.7
1110900 1070.0
1110910 1070.0
1110920 1070.0
1110930 1069.3
1110940 1069.3
1110950 1068.6
1110960 1067.7
1110970 1067.7
1110980 1066.6
1110990 1064.8
1111000 1064.8
1111010 1061.5
1111020 1059.3
1111030 1059.3
1111040 1057.1
1111050 1054.8
1111060 1054.8
1111070 1052.2
1111080 1049.6
1111090 1047.8
1111100 1047.8
1111110 1047.3
1111120 1046.7
1111130 1046.7
1111140 1046.1
1111150 1045.2
1111160 1045.2
1111170 1044.5
1111180 1043.7
1111190 1043.7
1111200 1042.9
1111210 1042.1
1111220 1042.1
1111230 1041.3
1111240 1040.7
1111250 1040.7
1111260 1040.7
1111270 1040.1
1111280 1040.1
1111290 1039.1
1111300 1038.7
1111310 1038.7
1111320 1038.7
1111330 1038.7
1111340 1038.7
1111350 1042.2
1111360 1044.4
1111370 1044.4
1111380 1045.8
1111390 1046.4
1111400 1046.3
1111410 1046.3
1111420 1044.9
1111430 1043.7
1111440 1043.7
1111450 1043.0
1111460 1042.3
1111470 1042.3
1111480 1041.0
1111490 1039.5
1111500 1039.5
1111510 1038.1
1111520 1034.4
1111530 1034.4
1111540 1031.0
1111550 1033.8
1111560 1033.8
1111570 1036.7
1111580 1037.9
1111590 1037.9
1111600 1039.5
1111610 1040.5
1111620 1040.5
1111630 1040.4
1111640 1039.0
1111650 1039.0
1111660 1038.2
1111670 1036.8
1111680 1036.8
1111690 1036.0
1111700 1033.1
1111710 1030.4
1111720 1030.4
1111730 1027.6
1111740 1024.3
1111750 1024.3
1111760 1021.9
1111770 1020.3
1111780 1020.3
1111790 1019.0
1111800 1019.4
1111810 1019.4
1111820 1018.6
1111830 1017.9
1111840 1017.9
1111850 1016.6
1111860 1014.7
1111870 1014.7
1111880 1013.6
1111890 1013.1
1111900 1013.1
1111910 1013.4
1111920 1015.3
1111930 1015.3
1111940 1018.1
1111950 1019.4
1111960 1019.4
1111970 1019.1
1111980 1017.5
1111990 1017.5
1112000 1014.9
1112010 1013.0
1112020 1013.0
1112030 1013.3
1112040 1012.2
1112050 1010.6
1112060 1010.6
1112070 1010.1
1112080 1008.9
1112090 1008.9
1112100 1007.9
1112110 1006.7
1112120 1006.7
1112130 999.4
1112140 993.6
1112150 993.6
1112160 989.0
1112170 984.9
1112180 984.9
1112190 989.5
1112200 996.2
1112210 996.2
1112220 1004.6
1112230 1007.8
1112240 1007.8
1112250 1007.8
1112260 1008.1
1112270 1008.1
1112280 1008.5
1112290 1008.9
1112300 1008.9
1112310 1008.9
1112320 1008.6
1112330 1008.6
1112340 1007.1
1112350 999.7
1112360 993.0
1112370 993.0
1112380 989.6
1112390 983.9
1112400 983.9
1112410 977.9
1112420 972.8
1112430 972.8
1112440 970.0
1112450 967.9
1112460 967.9
1112470 966.1
1112480 965.6
1112490 965.6
1112500 965.3
1112510 966.9
1112520 966.9
1112530 966.3
1112540 964.5
1112550 964.5
1112560 963.8
1112570 963.3
1112580 963.3
1112590 962.3
1112600 961.4
1112610 961.4
1112620 960.4
1112630 958.2
1112640 958.2
1112650 955.4
1112660 951.6
1112670 951.6
1112680 952.6
1112690 952.4
1112700 952.0
1112710 952.0
1112720 954.6
1112730 954.1
1112740 954.1
1112750 953.4
1112760 952.5
1112770 952.5
1112780 953.6
1112790 955.0
1112800 955.0
1112810 956.0
1112820 956.3
1112830 956.3
1112840 955.1
1112850 953.6
1112860 953.6
1112870 954.5
1112880 956.3
1112890 956.3
1112900 957.9
1112910 958.2
1112920 958.2
1112930 957.8
1112940 957.1
1112950 957.1
1112960 955.4
1112970 956.6
1112980 956.6
1112990 958.2
1113000 959.3
1113010 959.8
1113020 959.8
1113030 960.1
1113040 960.9
1113050 960.9
1113060 963.5
1113070 964.1
1113080 964.1
1113090 965.1
1113100 965.7
1113110 965.7
1113120 966.9
1113130 967.7
1113140 967.7
1113150 968.8
1113160 970.3
1113170 970.3
1113180 971.0
1113190 972.3
1113200 972.3
1113210 973.0
1113220 972.8
1113230 972.8
1113240 973.0
1113250 972.7
1113260 972.7
1113270 971.8
1113280 969.9
1113290 969.9
1113300 968.0
1113310 967.8
1113320 967.8
1113330 967.3
1113340 965.4
1113350 964.8
1113360 964.8
1113370 963.4
1113380 961.1
1113390 961.1
1113400 957.2
1113410 956.7
1113420 956.7
1113430 954.5
1113440 954.3
1113450 954.3
1113460 956.8
1113470 955.9
1113480 955.9
1113490 955.4
1113500 952.9
1113510 952.9
1113520 950.5
1113530 949.9
1113540 949.9
1113550 949.7
1113560 949.5
1113570 949.5
1113580 949.3
1113590 948.1
1113600 948.1
1113610 946.8
1113620 943.9
1113630 943.9
1113640 939.8
1113650 936.7
1113660 936.8
1113670 936.8
1113680 936.9
1113690 936.3
1113700 936.3
1113710 938.3
1113720 942.2
1113730 942.2
1113740 942.8
1113750 945.2
1113760 945.2
1113770 947.7
1113780 950.2
1113790 950.2
1113800 950.5
1113810 951.0
1113820 951.0
1113830 949.9
1113840 947.0
1113850 947.0
1113860 944.4
1113870 944.4
1113880 944.4
1113890 945.1
1113900 946.7
1113910 946.7
1113920 949.8
1113930 954.0
1113940 954.0
1113950 957.9
1113960 960.7
1113970 960.7
1113980 962.2
1113990 964.5
1114000 966.6
1114010 966.6
1114020 967.9
1114030 968.7
1114040 968.7
1114050 970.2
1114060 972.4
1114070 972.4
1114080 974.8
1114090 977.2
1114100 976.9
1114110 979.0
1114120 981.3
1114130 981.3
1114140 984.9
1114150 988.2
1114160 988.2
1114170 988.6
1114180 991.5
1114190 991.5
1114200 992.3
1114210 992.2
1114220 992.2
1114230 992.1
1114240 991.9
1114250 991.9
1114260 991.8
1114270 991.6
1114280 991.6
1114290 992.1
1114300 992.4
1114310 991.5
1114320 991.5
1114330 988.3
1114340 985.9
1114350 985.9
1114360 985.9
1114370 986.7
1114380 986.7
1114390 989.1
1114400 992.1
1114410 992.1
1114420 993.1
1114430 993.3
1114440 993.4
1114450 993.2
1114460 991.7
1114470 991.7
1114480 990.8
1114490 990.5
1114500 990.5
1114510 990.2
1114520 989.6
1114530 989.6
1114540 988.7
1114550 985.7
1114560 985.7
1114570 982.4
1114580 977.0
1114590 977.0
1114600 975.7
1114610 978.1
1114620 977.4
1114630 977.4
1114640 980.8
1114650 985.7
1114660 985.7
1114670 991.1
1114680 992.6
1114690 992.6
1114700 992.4
1114710 991.7
1114720 991.7
1114730 990.6
1114740 987.8
1114750 987.8
1114760 984.2
1114770 982.9
1114780 983.8
1114790 986.3
1114800 988.9
1114810 988.9
1114820 990.5
1114830 991.1
1114840 991.1
1114850 990.0
1114860 988.1
1114870 988.1
1114880 986.2
1114890 984.8
1114900 984.8
1114910 982.7
1114920 979.7
1114930 979.7
1114940 977.8
1114950 976.7
1114960 976.1
1114970 976.1
1114980 976.0
1114990 975.9
1115000 975.9
1115010 975.5
1115020 975.0
1115030 975.0
1115040 974.5
1115050 973.8
1115060 973.8
1115070 972.7
1115080 971.3
1115090 971.3
1115100 969.6
1115110 968.0
1115120 968.0
1115130 970.6
1115140 970.3
1115150 970.3
1115160 969.9
1115170 969.1
1115180 969.1
1115190 967.8
1115200 966.0
1115210 966.0
1115220 963.1
1115230 959.7
1115240 959.7
1115250 956.1
1115260 953.3
1115270 952.3
1115280 952.3
1115290 952.7
1115300 953.2
1115310 953.2
1115320 952.6
1115330 952.1
1115340 952.1
1115350 950.2
1115360 948.0
1115370 948.0
1115380 944.7
1115390 941.4
1115400 941.4
1115410 938.9
1115420 936.2
1115430 936.2
1115440 933.4
1115450 929.7
1115460 929.7
1115470 926.4
1115480 922.9
1115490 922.9
1115500 919.9
1115510 916.4
1115520 916.4
1115530 912.7
1115540 909.4
1115550 909.4
1115560 905.5
1115570 904.6
1115580 904.6
1115590 905.2
1115600 905.8
1115610 905.3
1115620 905.3
1115630 906.6
1115640 906.8
1115650 906.8
1115660 905.0
1115670 902.7
1115680 902.7
1115690 901.4
1115700 898.9
1115710 898.9
1115720 893.9
1115730 887.5
1115740 887.5
1115750 881.0
1115760 874.8
1115770 874.8
1115780 868.7
1115790 862.1
1115800 862.1
1115810 854.7
1115820 848.9
1115830 848.9
1115840 848.0
1115850 850.2
1115860 850.2
1115870 848.1
1115880 841.8
1115890 841.8
1115900 835.9
1115910 830.7
1115920 824.9
1115930 824.9
1115940 822.1
1115950 821.3
1115960 821.3
1115970 819.3
1115980 816.1
1115990 816.1
1116000 812.2
1116010 809.9
1116020 809.9
1116030 806.5
1116040 804.0
1116050 804.0
1116060 804.1
1116070 805.1
1116080 805.1
1116090 805.9
1116100 806.6
1116110 806.6
1116120 808.9
1116130 811.1
1116140 811.1
1116150 812.5
1116160 813.3
1116170 813.1
1116180 814.7
1116190 815.5
1116200 815.5
1116210 815.4
1116220 815.6
1116230 815.6
1116240 815.7
1116250 817.5
1116260 818.9
1116270 818.9
1116280 821.1
1116290 821.8
1116300 821.8
1116310 821.6
1116320 822.3
1116330 822.3
1116340 824.5
1116350 826.7
1116360 826.7
1116370 828.1
1116380 828.7
1116390 828.7
1116400 829.5
1116410 830.6
1116420 830.6
1116430 831.3
1116440 832.2
1116450 832.2
1116460 834.2
1116470 836.5
1116480 836.5
1116490 838.1
1116500 838.9
1116510 838.9
1116520 836.8
1116530 837.6
1116540 837.6
1116550 837.5
1116560 837.6
1116570 837.8
1116580 837.8
1116590 838.3
1116600 840.5
1116610 840.5
1116620 842.4
1116630 843.3
1116640 843.3
1116650 843.4
1116660 844.0
1116670 844.0
1116680 845.0
1116690 846.1
1116700 846.1
1116710 848.7
1116720 851.2
1116730 851.2
1116740 852.9
1116750 853.8
1116760 853.8
1116770 855.1
1116780 855.2
1116790 855.2
1116800 855.7
1116810 856.7
1116820 856.7
1116830 857.5
1116840 858.4
1116850 858.4
1116860 858.4
1116870 859.1
1116880 859.1
1116890 858.8
1116900 859.3
1116910 860.1
1116920 860.1
1116930 860.4
1116940 860.5
1116950 860.5
1116960 861.1
1116970 861.5
1116980 861.5
1116990 861.1
1117000 861.1
1117010 861.1
1117020 861.4
1117030 861.6
1117040 861.6
1117050 862.1
1117060 862.6
1117070 862.6
1117080 862.6
1117090 862.3
1117100 862.3
1117110 862.0
1117120 862.2
1117130 862.2
1117140 862.3
1117150 862.1
1117160 862.1
1117170 862.2
1117180 861.6
1117190 861.6
1117200 860.4
1117210 856.8
1117220 856.9
1117230 856.9
1117240 857.3
1117250 857.3
1117260 857.3
1117270 857.3
1117280 857.6
1117290 857.6
1117300 858.2
1117310 858.5
1117320 858.5
1117330 859.2
1117340 859.2
1117350 859.2
1117360 859.0
1117370 860.5
1117380 860.5
1117390 861.1
1117400 861.8
1117410 861.8
1117420 861.9
1117430 861.7
1117440 861.7
1117450 861.6
1117460 861.3
1117470 861.3
1117480 860.6
1117490 860.9
1117500 860.9
1117510 861.7
1117520 861.7
1117530 861.7
1117540 861.7
1117550 861.6
1117560 860.1
1117570 860.1
1117580 859.7
1117590 858.1
1117600 858.1
1117610 858.3
1117620 860.4
1117630 860.4
1117640 860.6
1117650 860.5
1117660 860.5
1117670 860.8
1117680 861.8
1117690 861.8
1117700 862.6
1117710 864.2
1117720 864.2
1117730 866.7
1117740 871.8
1117750 871.8
1117760 876.9
1117770 881.2
1117780 881.2
1117790 884.8
1117800 887.5
1117810 887.5
1117820 890.4
1117830 893.3
1117840 893.3
1117850 896.1
1117860 899.0
1117870 902.1
1117880 902.1
1117890 905.9
1117900 909.7
1117910 907.7
1117920 910.9
1117930 913.0
1117940 913.0
1117950 914.3
1117960 916.6
1117970 916.6
1117980 919.5
1117990 921.4
1118000 921.4
1118010 924.0
1118020 926.2
1118030 926.2
1118040 927.9
1118050 929.2
1118060 929.2
1118070 930.1
1118080 930.4
1118090 930.4
1118100 930.9
1118110 932.2
1118120 932.2
1118130 933.4
1118140 935.2
1118150 935.2
1118160 937.3
1118170 938.8
1118180 941.5
1118190 941.5
1118200 944.8
1118210 948.0
1118220 948.0
1118230 951.0
1118240 954.4
1118250 951.3
1118260 953.0
1118270 955.5
1118280 955.5
1118290 958.3
1118300 961.0
1118310 961.0
1118320 960.0
1118330 958.4
1118340 958.4
1118350 955.3
1118360 953.7
1118370 953.7
1118380 956.3
1118390 962.7
1118400 962.7
1118410 966.5
1118420 970.0
1118430 970.0
1118440 975.0
1118450 978.8
1118460 978.8
1118470 978.7
1118480 978.2
1118490 978.2
1118500 977.4
1118510 977.2
1118520 977.7
1118530 977.7
1118540 978.1
1118550 978.3
1118560 978.3
1118570 978.5
1118580 976.5
1118590 976.5
1118600 971.1
1118610 970.4
1118620 970.4
1118630 970.9
1118640 971.2
1118650 971.2
1118660 972.7
1118670 973.9
1118680 973.9
1118690 975.6
1118700 977.2
1118710 977.2
1118720 978.8
1118730 980.3
1118740 980.3
1118750 981.6
1118760 982.5
1118770 982.5
1118780 982.1
1118790 980.2
1118800 980.2
1118810 979.8
1118820 979.8
1118830 979.3
1118840 979.3
1118850 979.0
1118860 975.7
1118870 975.7
1118880 975.6
1118890 976.4
1118900 976.4
1118910 975.5
1118920 976.2
1118930 976.2
1118940 977.1
1118950 975.1
1118960 975.1
1118970 977.0
1118980 979.2
1118990 979.2
1119000 981.6
1119010 983.4
1119020 983.4
1119030 985.3
1119040 987.3
1119050 987.3
1119060 988.7
1119070 989.8
1119080 989.8
1119090 990.0
1119100 990.9
1119110 990.9
1119120 993.7
1119130 998.1
1119140 1002.7
1119150 1002.7
1119160 1005.9
1119170 1008.5
1119180 1008.5
1119190 1011.1
1119200 1013.8
1119210 1013.8
1119220 1016.7
1119230 1020.3
1119240 1020.3
1119250 1024.6
1119260 1028.2
1119270 1028.2
1119280 1031.1
1119290 1035.0
1119300 1033.3
1119310 1037.4
1119320 1040.0
1119330 1040.0
1119340 1042.5
1119350 1044.3
1119360 1044.3
1119370 1045.3
1119380 1045.7
1119390 1045.7
1119400 1045.5
1119410 1045.1
1119420 1045.1
1119430 1045.5
1119440 1047.2
1119450 1047.2
1119460 1049.4
1119470 1051.6
1119480 1053.4
1119490 1053.4
1119500 1054.6
1119510 1055.5
1119520 1055.5
1119530 1058.1
1119540 1060.5
1119550 1060.5
1119560 1062.8
1119570 1065.9
1119580 1065.9
1119590 1068.1
1119600 1069.0
1119610 1069.0
1119620 1070.7
1119630 1074.3
1119640 1074.3
1119650 1078.9
1119660 1083.1
1119670 1083.1
1119680 1085.1
1119690 1087.1
1119700 1087.1
1119710 1088.4
1119720 1087.8
1119730 1087.8
1119740 1086.6
1119750 1086.0
1119760 1086.0
1119770 1086.1
1119780 1085.5
1119790 1085.0
1119800 1085.0
1119810 1085.8
1119820 1086.8
1119830 1086.8
1119840 1088.6
1119850 1091.3
1119860 1091.3
1119870 1093.9
1119880 1095.6
1119890 1095.6
1119900 1098.0
1119910 1099.8
1119920 1099.8
1119930 1101.2
1119940 1101.9
1119950 1101.9
1119960 1102.0
1119970 1101.9
1119980 1101.9
1119990 1102.2
