1100000 560.4
1100010 556.5
1100020 556.5
1100030 554.3
1100040 553.3
1100050 553.3
1100060 550.8
1100070 547.8
1100080 547.8
1100090 545.9
1100100 544.7
1100110 544.7
1100120 544.1
1100130 543.6
1100140 543.6
1100150 543.3
1100160 543.0
1100170 542.5
1100180 542.5
1100190 541.9
1100200 541.7
1100210 541.7
1100220 541.6
1100230 541.5
1100240 541.5
1100250 541.3
1100260 541.3
1100270 541.3
1100280 541.1
1100290 540.3
1100300 540.3
1100310 539.7
1100320 539.2
1100330 539.2
1100340 538.6
1100350 538.2
1100360 538.2
1100370 538.1
1100380 538.0
1100390 538.0
1100400 537.8
1100410 537.5
1100420 537.5
1100430 537.5
1100440 537.6
1100450 537.6
1100460 537.5
1100470 537.1
1100480 537.1
1100490 537.0
1100500 537.2
1100510 537.2
1100520 537.2
1100530 536.8
1100540 535.9
1100550 535.9
1100560 534.3
1100570 534.1
1100580 534.1
1100590 535.4
1100600 537.6
1100610 537.6
1100620 539.6
1100630 540.3
1100640 540.3
1100650 540.6
1100660 541.3
1100670 541.3
1100680 541.8
1100690 543.1
1100700 543.1
1100710 545.1
1100720 547.9
1100730 547.9
1100740 551.3
1100750 554.7
1100760 554.7
1100770 557.9
1100780 561.1
1100790 561.1
1100800 563.9
1100810 566.6
1100820 568.7
1100830 568.7
1100840 570.6
1100850 572.3
1100860 572.3
1100870 573.8
1100880 575.5
1100890 575.5
1100900 577.1
1100910 577.9
1100920 577.9
1100930 578.3
1100940 578.3
1100950 578.3
1100960 578.0
1100970 577.4
1100980 577.4
1100990 577.0
1101000 576.9
1101010 576.9
1101020 577.2
1101030 578.0
1101040 578.0
1101050 578.8
1101060 579.3
1101070 579.3
1101080 579.6
1101090 579.3
1101100 579.3
1101110 578.9
1101120 578.7
1101130 578.7
1101140 578.5
1101150 578.2
1101160 578.2
1101170 578.2
1101180 578.5
1101190 578.6
1101200 579.0
1101210 578.4
1101220 577.9
1101230 577.9
1101240 577.6
1101250 577.3
1101260 577.3
1101270 577.0
1101280 576.7
1101290 576.7
1101300 576.7
1101310 576.6
1101320 576.6
1101330 576.3
1101340 575.3
1101350 575.3
1101360 574.6
1101370 575.0
1101380 575.0
1101390 575.7
1101400 576.3
1101410 576.3
1101420 576.3
1101430 576.2
1101440 576.2
1101450 576.1
1101460 576.0
1101470 575.6
1101480 575.6
1101490 574.9
1101500 574.3
1101510 574.3
1101520 573.9
1101530 574.5
1101540 574.5
1101550 574.2
1101560 573.3
1101570 573.3
1101580 572.0
1101590 571.2
1101600 571.2
1101610 570.4
1101620 569.3
1101630 569.3
1101640 567.9
1101650 566.8
1101660 566.8
1101670 565.4
1101680 564.0
1101690 564.0
1101700 561.6
1101710 560.5
1101720 560.5
1101730 557.8
1101740 557.0
1101750 557.0
1101760 556.3
1101770 555.2
1101780 555.2
1101790 554.2
1101800 553.6
1101810 552.7
1101820 552.7
1101830 552.0
1101840 549.2
1101850 549.2
1101860 547.5
1101870 546.4
1101880 546.4
1101890 544.3
1101900 542.0
1101910 542.0
1101920 539.8
1101930 537.2
1101940 537.2
1101950 536.6
1101960 537.2
1101970 537.2
1101980 538.7
1101990 540.2
1102000 540.2
1102010 541.9
1102020 543.3
1102030 543.3
1102040 544.6
1102050 546.1
1102060 546.1
1102070 547.4
1102080 548.4
1102090 548.4
1102100 549.3
1102110 549.9
1102120 549.9
1102130 550.3
1102140 551.1
1102150 552.0
1102160 552.0
1102170 552.5
1102180 553.6
1102190 553.6
1102200 552.8
1102210 553.5
1102220 553.5
1102230 554.2
1102240 555.3
1102250 555.3
1102260 556.2
1102270 557.1
1102280 557.1
1102290 558.2
1102300 559.5
1102310 559.5
1102320 560.7
1102330 561.6
1102340 561.6
1102350 562.3
1102360 563.0
1102370 563.0
1102380 564.0
1102390 565.2
1102400 565.2
1102410 566.4
1102420 567.5
1102430 567.5
1102440 568.1
1102450 569.1
1102460 570.0
1102470 570.0
1102480 570.6
1102490 571.9
1102500 571.9
1102510 574.1
1102520 574.9
1102530 574.9
1102540 576.0
1102550 577.2
1102560 577.2
1102570 577.8
1102580 578.7
1102590 578.7
1102600 579.8
1102610 581.0
1102620 581.0
1102630 582.1
1102640 582.8
1102650 582.8
1102660 583.7
1102670 585.0
1102680 585.0
1102690 586.6
1102700 587.4
1102710 587.4
1102720 587.8
1102730 588.6
1102740 588.6
1102750 590.4
1102760 592.9
1102770 592.9
1102780 594.9
1102790 596.1
1102800 597.3
1102810 597.3
1102820 598.0
1102830 598.8
1102840 598.8
1102850 599.9
1102860 601.9
1102870 600.5
1102880 602.7
1102890 604.3
1102900 604.3
1102910 606.0
1102920 607.1
1102930 607.1
1102940 610.1
1102950 613.0
1102960 613.0
1102970 613.5
1102980 613.9
1102990 613.9
1103000 614.3
1103010 614.7
1103020 614.7
1103030 615.1
1103040 615.3
1103050 615.3
1103060 615.6
1103070 615.9
1103080 615.9
1103090 616.2
1103100 616.6
1103110 616.9
1103120 616.9
1103130 617.2
1103140 617.6
1103150 617.6
1103160 618.0
1103170 618.4
1103180 618.4
1103190 618.8
1103200 619.2
1103210 619.1
1103220 619.5
1103230 619.8
1103240 619.8
1103250 620.0
1103260 620.2
1103270 620.2
1103280 620.5
1103290 620.8
1103300 620.8
1103310 621.0
1103320 621.4
1103330 621.4
1103340 621.7
1103350 621.9
1103360 621.9
1103370 622.1
1103380 622.5
1103390 622.5
1103400 623.1
1103410 623.8
1103420 623.8
1103430 624.7
1103440 625.7
1103450 627.2
1103460 627.2
1103470 629.0
1103480 630.9
1103490 630.9
1103500 632.8
1103510 634.9
1103520 634.9
1103530 636.7
1103540 639.3
1103550 639.3
1103560 641.1
1103570 642.9
1103580 642.9
1103590 644.5
1103600 646.1
1103610 646.1
1103620 647.7
1103630 649.4
1103640 649.4
1103650 651.0
1103660 652.6
1103670 652.6
1103680 654.1
1103690 655.6
1103700 655.6
1103710 657.2
1103720 659.0
1103730 659.0
1103740 660.6
1103750 661.7
1103760 662.6
1103770 662.6
1103780 664.3
1103790 666.0
1103800 666.0
1103810 667.2
1103820 668.3
1103830 668.3
1103840 669.3
1103850 670.2
1103860 670.2
1103870 671.2
1103880 675.0
1103890 675.0
1103900 676.1
1103910 677.1
1103920 677.1
1103930 678.3
1103940 679.3
1103950 679.3
1103960 680.1
1103970 680.6
1103980 680.6
1103990 680.8
1104000 680.6
1104010 680.6
1104020 680.3
1104030 679.9
1104040 679.9
1104050 680.2
1104060 680.7
1104070 680.7
1104080 681.0
1104090 681.4
1104100 681.8
1104110 681.8
1104120 682.1
1104130 682.4
1104140 682.4
1104150 683.0
1104160 684.2
1104170 684.2
1104180 686.3
1104190 688.4
1104200 688.4
1104210 692.9
1104220 694.9
1104230 694.9
1104240 696.8
1104250 697.8
1104260 697.8
1104270 697.3
1104280 693.4
1104290 693.4
1104300 688.3
1104310 685.0
1104320 685.0
1104330 684.0
1104340 685.9
1104350 685.9
1104360 687.4
1104370 688.5
1104380 688.5
1104390 689.8
1104400 691.0
1104410 692.7
1104420 692.7
1104430 695.0
1104440 697.2
1104450 697.2
1104460 698.7
1104470 699.4
1104480 699.4
1104490 699.9
1104500 701.4
1104510 701.4
1104520 703.1
1104530 704.7
1104540 704.7
1104550 706.4
1104560 706.5
1104570 706.5
1104580 706.2
1104590 707.3
1104600 707.3
1104610 709.5
1104620 710.7
1104630 710.7
1104640 711.1
1104650 711.2
1104660 711.2
1104670 711.2
1104680 711.2
1104690 711.2
1104700 711.4
1104710 711.6
1104720 711.6
1104730 711.6
1104740 711.7
1104750 711.6
1104760 711.6
1104770 711.5
1104780 711.5
1104790 711.5
1104800 711.7
1104810 712.5
1104820 712.5
1104830 714.1
1104840 715.8
1104850 715.8
1104860 717.2
1104870 718.4
1104880 720.4
1104890 721.2
1104900 721.9
1104910 721.9
1104920 722.6
1104930 723.1
1104940 723.1
1104950 722.9
1104960 721.9
1104970 721.9
1104980 719.5
1104990 720.9
1105000 720.9
1105010 724.0
1105020 727.1
1105030 727.1
1105040 727.8
1105050 727.9
1105060 728.5
1105070 728.5
1105080 729.7
1105090 730.5
1105100 730.5
1105110 731.1
1105120 732.6
1105130 732.6
1105140 734.2
1105150 736.0
1105160 736.0
1105170 736.9
1105180 737.2
1105190 737.2
1105200 737.3
1105210 738.3
1105220 739.8
1105230 741.7
1105240 744.3
1105250 744.3
1105260 746.8
1105270 748.7
1105280 748.7
1105290 750.0
1105300 750.1
1105310 750.1
1105320 749.5
1105330 748.8
1105340 748.8
1105350 748.1
1105360 747.4
1105370 747.4
1105380 746.1
1105390 743.2
1105400 740.9
1105410 740.9
1105420 739.1
1105430 738.8
1105440 738.8
1105450 737.2
1105460 734.7
1105470 734.7
1105480 733.4
1105490 734.4
1105500 734.4
1105510 737.2
1105520 739.3
1105530 739.3
1105540 739.5
1105550 738.4
1105560 741.8
1105570 741.8
1105580 741.2
1105590 741.2
1105600 741.5
1105610 741.7
1105620 741.7
1105630 741.6
1105640 741.1
1105650 741.1
1105660 740.6
1105670 740.2
1105680 740.2
1105690 739.1
1105700 737.6
1105710 735.7
1105720 735.7
1105730 733.3
1105740 730.6
1105750 730.6
1105760 725.9
1105770 719.6
1105780 719.6
1105790 714.2
1105800 710.7
1105810 710.7
1105820 713.5
1105830 715.8
1105840 715.8
1105850 714.8
1105860 714.8
1105870 714.8
1105880 714.6
1105890 722.3
1105900 722.3
1105910 715.8
1105920 710.1
1105930 710.1
1105940 706.6
1105950 702.2
1105960 702.2
1105970 698.6
1105980 697.2
1105990 697.2
1106000 698.7
1106010 696.2
1106020 696.2
1106030 698.3
1106040 699.7
1106050 695.4
1106060 695.4
1106070 687.3
1106080 683.6
1106090 683.6
1106100 682.6
1106110 683.5
1106120 683.5
1106130 684.8
1106140 685.9
1106150 685.9
1106160 687.2
1106170 687.7
1106180 687.7
1106190 687.3
1106200 686.7
1106210 686.7
1106220 686.5
1106230 695.5
1106240 695.5
1106250 700.3
1106260 704.7
1106270 704.7
1106280 707.6
1106290 704.1
1106300 704.1
1106310 700.5
1106320 698.2
1106330 698.2
1106340 698.1
1106350 698.3
1106360 698.4
1106370 698.4
1106380 698.3
1106390 696.6
1106400 696.6
1106410 696.0
1106420 696.9
1106430 696.9
1106440 696.7
1106450 696.7
1106460 696.7
1106470 697.0
1106480 697.5
1106490 697.5
1106500 699.7
1106510 703.5
1106520 703.5
1106530 704.9
1106540 705.3
1106550 705.3
1106560 706.5
1106570 715.0
1106580 715.0
1106590 711.3
1106600 709.1
1106610 709.1
1106620 706.5
1106630 704.1
1106640 704.1
1106650 703.8
1106660 704.3
1106670 704.3
1106680 705.4
1106690 707.9
1106700 709.0
1106710 709.0
1106720 711.8
1106730 715.1
1106740 715.1
1106750 717.9
1106760 723.8
1106770 723.8
1106780 729.1
1106790 733.0
1106800 733.0
1106810 734.8
1106820 738.6
1106830 738.6
1106840 743.0
1106850 746.3
1106860 746.3
1106870 747.3
1106880 749.7
1106890 749.7
1106900 755.2
1106910 762.3
1106920 762.3
1106930 764.7
1106940 767.2
1106950 767.2
1106960 770.4
1106970 773.4
1106980 773.4
1106990 773.2
1107000 776.0
1107010 778.1
1107020 778.1
1107030 780.7
1107040 781.2
1107050 781.2
1107060 783.4
1107070 783.4
1107080 783.4
1107090 787.9
1107100 794.2
1107110 794.2
1107120 798.1
1107130 801.2
1107140 801.2
1107150 804.4
1107160 807.8
1107170 807.8
1107180 809.9
1107190 810.1
1107200 810.1
1107210 808.8
1107220 808.6
1107230 808.6
1107240 806.1
1107250 808.9
1107260 808.9
1107270 812.5
1107280 815.9
1107290 815.9
1107300 819.3
1107310 822.0
1107320 822.0
1107330 825.1
1107340 829.0
1107350 831.7
1107360 831.7
1107370 834.4
1107380 835.1
1107390 835.1
1107400 836.3
1107410 838.9
1107420 838.9
1107430 841.2
1107440 842.6
1107450 842.6
1107460 844.1
1107470 844.6
1107480 844.6
1107490 845.3
1107500 846.8
1107510 846.8
1107520 849.5
1107530 850.4
1107540 850.4
1107550 850.9
1107560 850.6
1107570 850.6
1107580 846.4
1107590 846.4
1107600 846.4
1107610 847.6
1107620 850.5
1107630 850.5
1107640 852.8
1107650 854.8
1107660 855.7
1107670 855.7
1107680 855.2
1107690 853.4
1107700 853.4
1107710 851.1
1107720 847.9
1107730 847.9
1107740 845.3
1107750 843.0
1107760 843.0
1107770 841.4
1107780 841.1
1107790 841.1
1107800 841.2
1107810 841.3
1107820 841.3
1107830 842.7
1107840 843.6
1107850 843.6
1107860 844.3
1107870 845.4
1107880 845.4
1107890 846.3
1107900 847.2
1107910 847.2
1107920 845.8
1107930 847.5
1107940 847.5
1107950 849.0
1107960 850.2
1107970 850.2
1107980 852.1
1107990 854.3
1108000 857.1
1108010 857.1
1108020 860.3
1108030 863.7
1108040 863.7
1108050 866.8
1108060 868.9
1108070 868.9
1108080 870.3
1108090 870.5
1108100 870.5
1108110 871.4
1108120 872.4
1108130 872.4
1108140 872.8
1108150 875.0
1108160 875.0
1108170 876.9
1108180 879.2
1108190 879.2
1108200 884.2
1108210 885.8
1108220 885.8
1108230 886.7
1108240 887.7
1108250 887.7
1108260 889.1
1108270 890.0
1108280 890.0
1108290 891.0
1108300 892.0
1108310 893.1
1108320 893.1
1108330 893.8
1108340 894.3
1108350 894.3
1108360 895.1
1108370 895.9
1108380 895.9
1108390 897.1
1108400 898.5
1108410 898.5
1108420 899.5
1108430 900.7
1108440 900.7
1108450 902.2
1108460 903.6
1108470 903.6
1108480 905.0
1108490 906.6
1108500 906.6
1108510 908.1
1108520 909.3
1108530 909.3
1108540 910.5
1108550 911.8
1108560 911.8
1108570 913.6
1108580 915.7
1108590 915.7
1108600 916.5
1108610 918.5
1108620 918.5
1108630 921.0
1108640 923.4
1108650 925.7
1108660 925.7
1108670 927.6
1108680 929.2
1108690 929.2
1108700 931.6
1108710 933.6
1108720 933.6
1108730 935.4
1108740 936.7
1108750 936.7
1108760 938.0
1108770 939.2
1108780 939.2
1108790 940.4
1108800 941.1
1108810 941.1
1108820 941.7
1108830 942.9
1108840 942.9
1108850 944.4
1108860 945.2
1108870 945.2
1108880 947.3
1108890 948.7
1108900 948.7
1108910 949.5
1108920 950.5
1108930 950.5
1108940 949.2
1108950 950.9
1108960 952.1
1108970 952.1
1108980 953.1
1108990 953.7
1109000 953.7
1109010 953.8
1109020 954.8
1109030 954.8
1109040 959.4
1109050 962.0
1109060 962.0
1109070 963.7
1109080 964.9
1109090 964.9
1109100 966.7
1109110 968.7
1109120 968.7
1109130 970.7
1109140 972.8
1109150 972.8
1109160 974.7
1109170 976.8
1109180 976.8
1109190 979.2
1109200 981.7
1109210 981.7
1109220 983.7
1109230 984.6
1109240 984.6
1109250 985.5
1109260 988.0
1109270 988.0
1109280 988.9
1109290 989.4
1109300 989.5
1109310 989.5
1109320 991.1
1109330 994.8
1109340 994.8
1109350 997.4
1109360 999.5
1109370 999.5
1109380 1002.4
1109390 1004.6
1109400 1004.6
1109410 1006.3
1109420 1008.3
1109430 1008.3
1109440 1011.5
1109450 1013.5
1109460 1013.5
1109470 1014.7
1109480 1016.4
1109490 1016.4
1109500 1017.2
1109510 1017.9
1109520 1017.9
1109530 1019.1
1109540 1019.9
1109550 1019.9
1109560 1019.9
1109570 1020.3
1109580 1020.3
1109590 1021.7
1109600 1022.9
1109610 1024.9
1109620 1021.8
1109630 1022.7
1109640 1020.8
1109650 1020.8
1109660 1021.3
1109670 1023.3
1109680 1023.3
1109690 1025.5
1109700 1027.2
1109710 1027.2
1109720 1029.1
1109730 1030.4
1109740 1030.4
1109750 1030.6
1109760 1030.0
1109770 1030.0
1109780 1028.7
1109790 1027.9
1109800 1027.9
1109810 1028.1
1109820 1029.0
1109830 1029.0
1109840 1029.7
1109850 1029.7
1109860 1029.7
1109870 1030.7
1109880 1031.8
1109890 1031.8
1109900 1032.0
1109910 1031.7
1109920 1031.7
1109930 1031.4
1109940 1030.7
1109950 1030.1
1109960 1027.4
1109970 1025.7
1109980 1023.9
1109990 1023.9
1110000 1024.2
1110010 1023.5
1110020 1023.5
1110030 1022.2
1110040 1020.9
1110050 1020.9
1110060 1020.6
1110070 1019.9
1110080 1019.9
1110090 1020.3
1110100 1022.2
1110110 1022.2
1110120 1024.7
1110130 1025.9
1110140 1025.9
1110150 1026.1
1110160 1027.0
1110170 1027.0
1110180 1027.0
1110190 1026.0
1110200 1026.0
1110210 1027.3
1110220 1029.8
1110230 1029.8
1110240 1031.2
1110250 1029.3
1110260 1026.4
1110270 1026.4
1110280 1024.2
1110290 1023.0
1110300 1019.5
1110310 1019.1
1110320 1020.4
1110330 1020.4
1110340 1022.7
1110350 1022.8
1110360 1022.8
1110370 1022.3
1110380 1023.4
1110390 1023.4
1110400 1023.9
1110410 1022.4
1110420 1022.4
1110430 1020.6
1110440 1020.6
1110450 1020.6
1110460 1021.0
1110470 1021.1
1110480 1021.1
1110490 1021.6
1110500 1021.8
1110510 1021.8
1110520 1021.3
1110530 1020.1
1110540 1020.1
1110550 1019.2
1110560 1017.9
1110570 1017.9
1110580 1017.0
1110590 1015.4
1110600 1013.7
1110610 1013.7
1110620 1013.1
1110630 1013.7
1110640 1011.8
1110650 1012.3
1110660 1012.3
1110670 1012.3
1110680 1012.3
1110690 1012.8
1110700 1012.8
1110710 1013.5
1110720 1014.1
1110730 1014.1
1110740 1014.4
1110750 1013.6
1110760 1013.6
1110770 1012.6
1110780 1012.5
1110790 1012.5
1110800 1012.7
1110810 1012.5
1110820 1012.5
1110830 1012.2
1110840 1012.3
1110850 1012.3
1110860 1012.4
1110870 1012.3
1110880 1012.3
1110890 1012.5
1110900 1012.8
1110910 1013.2
1110920 1013.2
1110930 1013.2
1110940 1013.2
1110950 1013.2
1110960 1013.3
1110970 1013.5
1110980 1013.5
1110990 1013.2
1111000 1013.3
1111010 1013.3
1111020 1013.6
1111030 1014.4
1111040 1014.4
1111050 1014.5
1111060 1013.9
1111070 1013.9
1111080 1014.1
1111090 1014.4
1111100 1014.4
1111110 1014.9
1111120 1015.3
1111130 1015.3
1111140 1015.7
1111150 1015.9
1111160 1015.9
1111170 1016.5
1111180 1016.9
1111190 1016.9
1111200 1018.3
1111210 1018.8
1111220 1018.8
1111230 1019.2
1111240 1019.3
1111250 1019.5
1111260 1019.5
1111270 1019.4
1111280 1019.2
1111290 1019.2
1111300 1019.1
1111310 1018.6
1111320 1018.6
1111330 1016.7
1111340 1016.0
1111350 1016.0
1111360 1015.5
1111370 1014.9
1111380 1014.9
1111390 1014.1
1111400 1013.2
1111410 1013.2
1111420 1012.3
1111430 1010.8
1111440 1010.8
1111450 1009.5
1111460 1008.1
1111470 1008.1
1111480 1007.1
1111490 1006.0
1111500 1006.0
1111510 1004.8
1111520 1003.7
1111530 1003.7
1111540 1002.7
1111550 1001.8
1111560 1001.3
1111570 1001.3
1111580 999.8
1111590 994.3
1111600 994.3
1111610 995.3
1111620 999.3
1111630 999.3
1111640 1000.2
1111650 1001.3
1111660 1001.3
1111670 1003.1
1111680 1003.4
1111690 1003.4
1111700 1003.7
1111710 1003.9
1111720 1003.9
1111730 1003.8
1111740 1002.8
1111750 1002.8
1111760 1000.6
1111770 999.0
1111780 999.0
1111790 998.1
1111800 996.9
1111810 996.9
1111820 996.3
1111830 997.2
1111840 997.2
1111850 997.9
1111860 997.3
1111870 997.3
1111880 997.0
1111890 996.8
1111900 996.6
1111910 996.6
1111920 996.1
1111930 995.4
1111940 995.4
1111950 994.8
1111960 993.5
1111970 993.5
1111980 992.2
1111990 990.9
1112000 990.9
1112010 993.1
1112020 992.1
1112030 992.1
1112040 991.3
1112050 990.8
1112060 990.8
1112070 990.1
1112080 989.4
1112090 989.4
1112100 988.3
1112110 986.9
1112120 986.9
1112130 984.9
1112140 983.5
1112150 983.5
1112160 982.0
1112170 980.4
1112180 980.4
1112190 979.3
1112200 978.5
1112210 977.9
1112220 977.9
1112230 978.0
1112240 978.0
1112250 978.0
1112260 977.8
1112270 977.6
1112280 977.6
1112290 977.2
1112300 976.7
1112310 976.7
1112320 976.0
1112330 975.2
1112340 975.2
1112350 974.0
1112360 972.9
1112370 972.9
1112380 971.3
1112390 969.5
1112400 969.5
1112410 966.5
1112420 961.9
1112430 961.9
1112440 956.8
1112450 952.7
1112460 952.7
1112470 947.5
1112480 944.0
1112490 944.0
1112500 941.2
1112510 938.7
1112520 938.7
1112530 935.2
1112540 930.0
1112550 925.1
1112560 925.1
1112570 921.3
1112580 917.8
1112590 917.8
1112600 914.8
1112610 916.3
1112620 916.3
1112630 919.1
1112640 922.9
1112650 922.9
1112660 925.6
1112670 927.3
1112680 927.3
1112690 926.2
1112700 923.0
1112710 923.0
1112720 920.5
1112730 919.6
1112740 919.6
1112750 917.3
1112760 914.9
1112770 914.9
1112780 913.7
1112790 912.7
1112800 912.7
1112810 908.1
1112820 901.3
1112830 901.3
1112840 893.7
1112850 890.0
1112860 888.6
1112870 888.6
1112880 887.2
1112890 886.1
1112900 886.1
1112910 884.0
1112920 881.8
1112930 881.8
1112940 879.9
1112950 878.2
1112960 878.2
1112970 876.7
1112980 873.8
1112990 873.8
1113000 872.5
1113010 870.5
1113020 870.5
1113030 868.4
1113040 867.6
1113050 867.6
1113060 866.1
1113070 864.2
1113080 864.2
1113090 860.3
1113100 855.7
1113110 855.7
1113120 852.3
1113130 846.9
1113140 846.9
1113150 842.3
1113160 844.8
1113170 844.8
1113180 846.8
1113190 848.7
1113200 850.2
1113210 850.2
1113220 851.6
1113230 853.3
1113240 853.3
1113250 855.0
1113260 856.1
1113270 856.1
1113280 857.4
1113290 858.3
1113300 858.3
1113310 858.2
1113320 858.9
1113330 858.9
1113340 860.5
1113350 862.7
1113360 862.7
1113370 864.8
1113380 866.1
1113390 867.4
1113400 869.0
1113410 870.7
1113420 870.7
1113430 871.7
1113440 872.5
1113450 872.5
1113460 872.9
1113470 874.1
1113480 874.1
1113490 875.5
1113500 877.0
1113510 877.8
1113520 877.8
1113530 880.1
1113540 882.0
1113550 882.0
1113560 884.4
1113570 885.0
1113580 885.0
1113590 885.3
1113600 885.3
1113610 885.3
1113620 886.9
1113630 888.0
1113640 888.0
1113650 890.1
1113660 892.0
1113670 892.0
1113680 893.2
1113690 895.1
1113700 895.1
1113710 897.0
1113720 897.6
1113730 898.9
1113740 899.5
1113750 899.6
1113760 899.6
1113770 899.6
1113780 900.8
1113790 900.8
1113800 901.9
1113810 903.5
1113820 903.5
1113830 904.7
1113840 905.0
1113850 904.9
1113860 904.9
1113870 905.0
1113880 905.1
1113890 905.1
1113900 904.3
1113910 902.4
1113920 902.4
1113930 901.7
1113940 904.5
1113950 904.5
1113960 907.4
1113970 907.4
1113980 907.4
1113990 907.5
1114000 908.3
1114010 908.3
1114020 908.8
1114030 908.9
1114040 908.9
1114050 908.7
1114060 908.4
1114070 909.5
1114080 909.9
1114090 910.7
1114100 910.7
1114110 910.8
1114120 911.6
1114130 911.6
1114140 913.5
1114150 915.1
1114160 917.1
1114170 917.1
1114180 920.8
1114190 921.3
1114200 921.3
1114210 921.9
1114220 922.8
1114230 922.8
1114240 921.1
1114250 920.3
1114260 920.3
1114270 919.7
1114280 917.5
1114290 917.5
1114300 912.7
1114310 908.5
1114320 908.5
1114330 907.1
1114340 905.3
1114350 905.3
1114360 902.8
1114370 902.5
1114380 902.5
1114390 902.0
1114400 901.1
1114410 901.1
1114420 903.2
1114430 903.4
1114440 903.4
1114450 902.4
1114460 901.7
1114470 901.7
1114480 901.2
1114490 899.0
1114500 896.7
1114510 896.7
1114520 895.7
1114530 895.9
1114540 895.9
1114550 896.2
1114560 896.1
1114570 896.1
1114580 895.7
1114590 895.1
1114600 895.1
1114610 894.3
1114620 894.1
1114630 894.1
1114640 893.8
1114650 894.0
1114660 894.0
1114670 893.5
1114680 893.0
1114690 893.0
1114700 891.7
1114710 886.4
1114720 886.4
1114730 879.2
1114740 874.1
1114750 874.1
1114760 881.7
1114770 881.5
1114780 881.5
1114790 881.3
1114800 882.1
1114810 883.3
1114820 883.3
1114830 881.3
1114840 879.6
1114850 879.6
1114860 877.8
1114870 877.1
1114880 877.1
1114890 878.6
1114900 877.6
1114910 877.6
1114920 876.5
1114930 876.8
1114940 876.8
1114950 875.7
1114960 873.2
1114970 873.2
1114980 871.6
1114990 871.3
1115000 871.3
1115010 871.4
1115020 871.1
1115030 871.1
1115040 870.6
1115050 870.3
1115060 870.3
1115070 870.3
1115080 871.2
1115090 871.2
1115100 871.8
1115110 873.6
1115120 873.6
1115130 873.2
1115140 872.9
1115150 872.4
1115160 872.4
1115170 871.7
1115180 871.7
1115190 871.7
1115200 871.4
1115210 868.9
1115220 868.9
1115230 863.6
1115240 859.3
1115250 859.3
1115260 857.1
1115270 855.8
1115280 855.8
1115290 853.2
1115300 852.4
1115310 852.4
1115320 852.5
1115330 848.7
1115340 848.7
1115350 842.6
1115360 837.2
1115370 837.2
1115380 836.2
1115390 836.2
1115400 836.2
1115410 836.6
1115420 838.0
1115430 838.0
1115440 839.3
1115450 838.3
1115460 837.2
1115470 837.2
1115480 832.3
1115490 828.8
1115500 828.8
1115510 826.4
1115520 824.6
1115530 824.6
1115540 822.7
1115550 818.6
1115560 818.6
1115570 814.4
1115580 810.0
1115590 810.0
1115600 806.8
1115610 803.4
1115620 803.4
1115630 799.6
1115640 795.8
1115650 795.8
1115660 792.1
1115670 793.2
1115680 793.2
1115690 796.1
1115700 797.3
1115710 797.3
1115720 797.7
1115730 799.4
1115740 799.4
1115750 800.8
1115760 802.4
1115770 802.4
1115780 803.9
1115790 805.4
1115800 807.4
1115810 807.4
1115820 809.4
1115830 811.1
1115840 811.1
1115850 812.5
1115860 814.4
1115870 814.4
1115880 816.2
1115890 818.3
1115900 818.3
1115910 819.9
1115920 821.2
1115930 821.2
1115940 822.4
1115950 824.3
1115960 824.3
1115970 825.8
1115980 826.2
1115990 826.2
1116000 827.2
1116010 829.3
1116020 829.3
1116030 830.8
1116040 832.4
1116050 832.4
1116060 834.5
1116070 836.9
1116080 836.9
1116090 836.2
1116100 837.1
1116110 838.9
1116120 838.9
1116130 840.8
1116140 841.9
1116150 841.2
1116160 842.0
1116170 842.2
1116180 842.2
1116190 842.5
1116200 842.5
1116210 842.5
1116220 842.4
1116230 842.9
1116240 842.9
1116250 843.5
1116260 844.7
1116270 844.7
1116280 846.4
1116290 848.5
1116300 848.5
1116310 851.8
1116320 855.0
1116330 855.0
1116340 857.3
1116350 858.7
1116360 858.7
1116370 859.9
1116380 860.9
1116390 860.9
1116400 861.6
1116410 862.8
1116420 862.8
1116430 864.1
1116440 865.1
1116450 865.8
1116460 865.8
1116470 867.4
1116480 868.9
1116490 868.5
1116500 869.8
1116510 871.4
1116520 871.4
1116530 871.2
1116540 872.7
1116550 872.7
1116560 874.5
1116570 875.6
1116580 875.6
1116590 876.8
1116600 878.3
1116610 878.3
1116620 878.8
1116630 878.5
1116640 878.5
1116650 878.9
1116660 879.1
1116670 879.1
1116680 879.9
1116690 881.6
1116700 881.6
1116710 883.6
1116720 885.6
1116730 885.6
1116740 887.1
1116750 888.0
1116760 889.2
1116770 889.2
1116780 890.0
1116790 890.1
1116800 890.1
1116810 890.3
1116820 891.9
1116830 891.9
1116840 892.7
1116850 894.7
1116860 894.7
1116870 896.8
1116880 898.2
1116890 898.2
1116900 898.6
1116910 898.5
1116920 898.5
1116930 898.4
1116940 899.1
1116950 899.1
1116960 900.3
1116970 901.9
1116980 901.9
1116990 903.7
1117000 905.4
1117010 905.4
1117020 907.0
1117030 908.1
1117040 908.1
1117050 908.7
1117060 909.0
1117070 909.0
1117080 909.6
1117090 910.2
1117100 911.1
1117110 911.1
1117120 912.2
1117130 913.4
1117140 913.4
1117150 914.5
1117160 915.5
1117170 915.5
1117180 916.5
1117190 917.0
1117200 917.0
1117210 918.1
1117220 919.0
1117230 919.0
1117240 919.4
1117250 919.4
1117260 919.4
1117270 919.4
1117280 921.0
1117290 921.0
1117300 922.7
1117310 923.3
1117320 923.3
1117330 923.4
1117340 923.2
1117350 923.2
1117360 922.4
1117370 922.7
1117380 922.7
1117390 922.8
1117400 922.8
1117410 922.6
1117420 922.6
1117430 920.4
1117440 918.9
1117450 918.9
1117460 919.2
1117470 919.0
1117480 919.0
1117490 918.2
1117500 917.0
1117510 917.0
1117520 915.6
1117530 914.3
1117540 912.8
1117550 912.6
1117560 911.7
1117570 911.7
1117580 910.8
1117590 910.4
1117600 910.4
1117610 912.6
1117620 913.3
1117630 913.3
1117640 914.2
1117650 915.8
1117660 915.8
1117670 918.0
1117680 922.2
1117690 922.2
1117700 927.5
1117710 930.0
1117720 930.0
1117730 932.6
1117740 936.6
1117750 938.9
1117760 938.9
1117770 941.4
1117780 944.4
1117790 944.4
1117800 947.4
1117810 950.7
1117820 950.7
1117830 954.3
1117840 958.5
1117850 958.5
1117860 964.5
1117870 969.2
1117880 966.2
1117890 967.9
1117900 967.7
1117910 967.7
1117920 969.4
1117930 970.3
1117940 970.3
1117950 969.4
1117960 967.8
1117970 967.8
1117980 969.8
1117990 970.7
1118000 970.7
1118010 970.8
1118020 971.5
1118030 971.5
1118040 972.6
1118050 973.4
1118060 973.9
1118070 973.9
1118080 974.4
1118090 975.3
1118100 975.3
1118110 976.7
1118120 979.5
1118130 979.5
1118140 982.8
1118150 986.0
1118160 986.0
1118170 988.9
1118180 991.5
1118190 991.5
1118200 993.7
1118210 995.3
1118220 995.3
1118230 995.0
1118240 996.3
1118250 996.3
1118260 997.7
1118270 999.1
1118280 999.1
1118290 1001.6
1118300 1004.7
1118310 1004.7
1118320 1008.0
1118330 1011.9
1118340 1011.9
1118350 1016.7
1118360 1022.3
1118370 1022.3
1118380 1028.1
1118390 1033.6
1118400 1038.8
1118410 1038.8
1118420 1042.3
1118430 1044.8
1118440 1044.8
1118450 1045.0
1118460 1046.4
1118470 1046.4
1118480 1048.1
1118490 1048.5
1118500 1048.5
1118510 1048.7
1118520 1048.3
1118530 1048.3
1118540 1049.6
1118550 1051.8
1118560 1051.8
1118570 1053.1
1118580 1052.4
1118590 1052.4
1118600 1056.6
1118610 1064.4
1118620 1064.4
1118630 1069.2
1118640 1070.2
1118650 1070.2
1118660 1072.6
1118670 1074.4
1118680 1074.4
1118690 1076.0
1118700 1077.8
1118710 1079.5
1118720 1079.5
1118730 1080.6
1118740 1079.9
1118750 1079.9
1118760 1079.2
1118770 1079.6
1118780 1079.6
1118790 1080.3
1118800 1080.9
1118810 1080.9
1118820 1082.7
1118830 1084.6
1118840 1084.6
1118850 1087.1
1118860 1088.6
1118870 1088.6
1118880 1090.0
1118890 1091.1
1118900 1091.1
1118910 1092.0
1118920 1092.9
1118930 1091.5
1118940 1092.2
1118950 1093.0
1118960 1093.0
1118970 1093.7
1118980 1094.3
1118990 1094.3
1119000 1094.8
1119010 1094.8
1119020 1094.8
1119030 1091.3
1119040 1094.2
1119050 1096.8
1119060 1096.8
1119070 1097.9
1119080 1097.7
1119090 1097.7
1119100 1096.7
1119110 1095.7
1119120 1095.7
1119130 1095.0
1119140 1095.0
1119150 1095.0
1119160 1095.4
1119170 1095.4
1119180 1095.4
1119190 1096.9
1119200 1098.8
1119210 1098.8
1119220 1103.4
1119230 1107.1
1119240 1107.1
1119250 1110.3
1119260 1114.6
1119270 1114.6
1119280 1118.9
1119290 1125.8
1119300 1125.8
1119310 1131.4
1119320 1135.5
1119330 1135.5
1119340 1139.2
1119350 1142.5
1119360 1144.3
1119370 1144.3
1119380 1146.0
1119390 1147.0
1119400 1147.0
1119410 1148.2
1119420 1149.0
1119430 1149.0
1119440 1149.5
1119450 1149.3
1119460 1149.3
1119470 1148.9
1119480 1149.1
1119490 1149.1
1119500 1148.3
1119510 1151.5
1119520 1151.5
1119530 1154.3
1119540 1156.6
1119550 1156.6
1119560 1157.3
1119570 1159.6
1119580 1159.6
1119590 1161.2
1119600 1163.0
1119610 1163.0
1119620 1168.3
1119630 1182.6
1119640 1182.6
1119650 1193.9
1119660 1197.9
1119670 1197.9
1119680 1199.7
1119690 1200.8
1119700 1202.0
1119710 1202.0
1119720 1204.1
1119730 1205.6
1119740 1205.6
1119750 1207.2
1119760 1207.7
1119770 1207.7
1119780 1207.3
1119790 1206.8
1119800 1206.8
1119810 1206.2
1119820 1204.5
1119830 1204.5
1119840 1203.6
1119850 1202.2
1119860 1202.2
1119870 1204.7
1119880 1209.8
1119890 1209.8
1119900 1213.9
1119910 1217.6
1119920 1217.6
1119930 1219.5
1119940 1221.3
1119950 1221.3
1119960 1221.6
1119970 1220.9
1119980 1216.6
1119990 1216.3
