1100000 542.4
1100010 542.3
1100020 542.7
1100030 542.9
1100040 542.9
1100050 543.1
1100060 544.5
1100070 544.5
1100080 545.2
1100090 545.3
1100100 545.3
1100110 545.2
1100120 545.1
1100130 545.1
1100140 545.0
1100150 544.9
1100160 544.9
1100170 544.8
1100180 544.8
1100190 544.8
1100200 545.2
1100210 545.8
1100220 545.8
1100230 546.5
1100240 548.1
1100250 548.1
1100260 549.1
1100270 551.0
1100280 551.0
1100290 554.2
1100300 556.5
1100310 556.5
1100320 557.5
1100330 560.3
1100340 560.3
1100350 562.5
1100360 563.7
1100370 564.6
1100380 564.6
1100390 565.9
1100400 571.2
1100410 571.2
1100420 573.4
1100430 574.4
1100440 574.4
1100450 574.7
1100460 575.4
1100470 575.4
1100480 576.1
1100490 576.9
1100500 576.9
1100510 577.1
1100520 577.6
1100530 577.6
1100540 578.5
1100550 579.1
1100560 579.1
1100570 579.8
1100580 580.4
1100590 580.4
1100600 580.8
1100610 581.0
1100620 581.0
1100630 581.6
1100640 582.6
1100650 582.6
1100660 584.0
1100670 585.4
1100680 586.4
1100690 586.4
1100700 587.3
1100710 588.1
1100720 588.1
1100730 589.7
1100740 590.9
1100750 590.9
1100760 591.5
1100770 591.8
1100780 591.8
1100790 592.3
1100800 593.1
1100810 593.1
1100820 594.0
1100830 595.3
1100840 595.3
1100850 596.5
1100860 597.4
1100870 597.4
1100880 597.7
1100890 597.6
1100900 597.6
1100910 597.5
1100920 597.5
1100930 597.5
1100940 598.2
1100950 600.0
1100960 600.0
1100970 601.7
1100980 602.8
1100990 602.8
1101000 605.1
1101010 607.2
1101020 608.5
1101030 608.5
1101040 609.6
1101050 609.2
1101060 609.4
1101070 609.3
1101080 609.3
1101090 609.3
1101100 609.3
1101110 609.3
1101120 609.3
1101130 609.4
1101140 609.4
1101150 609.4
1101160 609.3
1101170 609.3
1101180 609.3
1101190 609.3
1101200 609.3
1101210 609.3
1101220 609.2
1101230 609.1
1101240 609.1
1101250 608.8
1101260 608.6
1101270 608.6
1101280 608.7
1101290 608.5
1101300 608.5
1101310 608.4
1101320 608.4
1101330 608.4
1101340 608.4
1101350 608.4
1101360 607.9
1101370 607.9
1101380 604.1
1101390 602.0
1101400 602.8
1101410 602.0
1101420 601.4
1101430 601.4
1101440 600.2
1101450 599.2
1101460 599.2
1101470 598.2
1101480 595.8
1101490 595.8
1101500 594.0
1101510 593.7
1101520 593.7
1101530 593.3
1101540 592.5
1101550 592.5
1101560 591.1
1101570 588.7
1101580 588.7
1101590 586.5
1101600 585.8
1101610 585.8
1101620 585.3
1101630 585.0
1101640 585.0
1101650 584.8
1101660 584.6
1101670 584.1
1101680 584.1
1101690 583.0
1101700 581.7
1101710 581.7
1101720 580.3
1101730 579.6
1101740 579.6
1101750 577.8
1101760 575.8
1101770 575.8
1101780 575.2
1101790 574.8
1101800 574.8
1101810 574.1
1101820 573.9
1101830 573.9
1101840 572.5
1101850 571.9
1101860 571.9
1101870 571.2
1101880 569.0
1101890 569.0
1101900 568.2
1101910 567.1
1101920 567.1
1101930 566.0
1101940 564.1
1101950 564.1
1101960 562.0
1101970 561.7
1101980 561.9
1101990 561.9
1102000 561.8
1102010 561.3
1102020 561.3
1102030 560.9
1102040 560.3
1102050 560.3
1102060 560.3
1102070 559.7
1102080 559.7
1102090 559.1
1102100 558.1
1102110 558.1
1102120 557.1
1102130 555.9
1102140 555.9
1102150 554.4
1102160 552.5
1102170 552.5
1102180 550.7
1102190 549.0
1102200 549.0
1102210 546.7
1102220 544.3
1102230 544.3
1102240 543.6
1102250 543.8
1102260 543.8
1102270 544.2
1102280 544.6
1102290 544.6
1102300 544.5
1102310 544.5
1102320 544.4
1102330 544.4
1102340 544.7
1102350 545.4
1102360 545.4
1102370 545.9
1102380 545.4
1102390 545.4
1102400 545.9
1102410 549.3
1102420 549.3
1102430 550.3
1102440 551.1
1102450 551.1
1102460 551.3
1102470 550.6
1102480 550.6
1102490 552.2
1102500 552.9
1102510 552.9
1102520 553.3
1102530 554.3
1102540 554.3
1102550 555.3
1102560 557.3
1102570 557.3
1102580 558.9
1102590 563.0
1102600 563.0
1102610 565.4
1102620 565.0
1102630 565.3
1102640 565.3
1102650 565.9
1102660 566.9
1102670 566.9
1102680 566.7
1102690 568.1
1102700 568.1
1102710 569.0
1102720 570.8
1102730 570.5
1102740 571.8
1102750 573.6
1102760 573.6
1102770 575.2
1102780 577.1
1102790 577.1
1102800 579.1
1102810 582.2
1102820 582.2
1102830 582.3
1102840 583.9
1102850 583.9
1102860 586.2
1102870 587.8
1102880 587.8
1102890 589.5
1102900 591.9
1102910 591.9
1102920 594.2
1102930 596.4
1102940 596.4
1102950 598.4
1102960 600.1
1102970 601.8
1102980 601.8
1102990 603.2
1103000 604.8
1103010 604.8
1103020 606.5
1103030 607.5
1103040 607.5
1103050 608.7
1103060 611.1
1103070 613.4
1103080 615.0
1103090 615.8
1103100 615.8
1103110 617.0
1103120 618.4
1103130 618.4
1103140 619.4
1103150 620.1
1103160 620.1
1103170 620.3
1103180 617.0
1103190 617.0
1103200 619.3
1103210 625.3
1103220 625.3
1103230 628.4
1103240 630.4
1103250 630.4
1103260 632.0
1103270 633.9
1103280 633.9
1103290 634.9
1103300 636.7
1103310 639.3
1103320 639.3
1103330 641.1
1103340 643.4
1103350 643.4
1103360 646.4
1103370 649.3
1103380 649.3
1103390 652.7
1103400 654.9
1103410 654.9
1103420 657.5
1103430 660.2
1103440 660.2
1103450 662.8
1103460 665.2
1103470 665.2
1103480 667.3
1103490 669.3
1103500 669.3
1103510 671.4
1103520 674.5
1103530 674.5
1103540 677.8
1103550 680.4
1103560 680.4
1103570 683.6
1103580 687.2
1103590 687.2
1103600 690.5
1103610 693.5
1103620 696.5
1103630 696.5
1103640 699.9
1103650 702.7
1103660 702.7
1103670 705.0
1103680 706.9
1103690 706.9
1103700 708.4
1103710 709.9
1103720 709.9
1103730 711.5
1103740 712.6
1103750 712.6
1103760 714.6
1103770 717.1
1103780 717.1
1103790 718.8
1103800 719.6
1103810 719.6
1103820 719.7
1103830 719.6
1103840 719.6
1103850 718.9
1103860 717.8
1103870 717.8
1103880 717.1
1103890 717.0
1103900 717.0
1103910 717.0
1103920 717.4
1103930 717.7
1103940 717.7
1103950 718.2
1103960 718.6
1103970 718.6
1103980 718.9
1103990 719.2
1104000 719.2
1104010 719.1
1104020 718.5
1104030 718.5
1104040 717.2
1104050 715.7
1104060 715.7
1104070 715.3
1104080 715.4
1104090 715.4
1104100 715.6
1104110 716.4
1104120 716.4
1104130 718.1
1104140 719.8
1104150 719.8
1104160 721.8
1104170 723.6
1104180 723.6
1104190 725.8
1104200 728.0
1104210 728.0
1104220 730.1
1104230 732.3
1104240 732.3
1104250 734.3
1104260 736.1
1104270 737.9
1104280 737.9
1104290 739.4
1104300 740.7
1104310 740.7
1104320 742.1
1104330 744.0
1104340 744.0
1104350 746.1
1104360 747.9
1104370 747.9
1104380 749.9
1104390 751.7
1104400 751.7
1104410 755.9
1104420 757.7
1104430 757.7
1104440 759.3
1104450 760.5
1104460 760.5
1104470 761.4
1104480 762.5
1104490 762.5
1104500 763.5
1104510 764.6
1104520 764.6
1104530 766.1
1104540 767.7
1104550 767.7
1104560 768.7
1104570 769.6
1104580 770.5
1104590 770.5
1104600 771.5
1104610 772.7
1104620 772.7
1104630 774.0
1104640 774.9
1104650 774.9
1104660 775.3
1104670 775.7
1104680 775.7
1104690 776.5
1104700 777.3
1104710 777.3
1104720 777.8
1104730 778.7
1104740 780.4
1104750 781.1
1104760 781.8
1104770 781.8
1104780 782.3
1104790 782.9
1104800 782.9
1104810 783.4
1104820 783.7
1104830 783.7
1104840 784.2
1104850 785.4
1104860 785.4
1104870 787.2
1104880 789.2
1104890 789.2
1104900 791.3
1104910 792.8
1104920 794.1
1104930 794.1
1104940 795.5
1104950 797.1
1104960 797.1
1104970 798.4
1104980 799.0
1104990 799.0
1105000 799.4
1105010 800.4
1105020 800.4
1105030 800.8
1105040 799.2
1105050 799.2
1105060 794.8
1105070 798.2
1105080 799.7
1105090 804.2
1105100 805.6
1105110 805.6
1105120 806.4
1105130 807.1
1105140 807.1
1105150 807.9
1105160 808.8
1105170 808.8
1105180 809.7
1105190 810.3
1105200 810.3
1105210 811.6
1105220 813.2
1105230 814.9
1105240 814.9
1105250 815.9
1105260 816.7
1105270 816.7
1105280 817.5
1105290 818.6
1105300 818.6
1105310 819.7
1105320 820.6
1105330 820.6
1105340 821.5
1105350 822.2
1105360 822.2
1105370 822.6
1105380 821.8
1105390 821.8
1105400 817.8
1105410 814.6
1105420 815.8
1105430 813.8
1105440 813.5
1105450 813.5
1105460 813.3
1105470 812.3
1105480 812.3
1105490 811.3
1105500 810.5
1105510 810.5
1105520 809.6
1105530 808.0
1105540 808.0
1105550 807.0
1105560 806.0
1105570 805.9
1105580 805.9
1105590 805.5
1105600 804.5
1105610 804.5
1105620 804.1
1105630 803.7
1105640 803.7
1105650 803.2
1105660 802.1
1105670 802.1
1105680 800.9
1105690 800.1
1105700 800.1
1105710 797.9
1105720 795.3
1105730 795.3
1105740 793.1
1105750 795.0
1105760 795.0
1105770 794.9
1105780 795.5
1105790 795.5
1105800 796.2
1105810 795.6
1105820 795.6
1105830 794.3
1105840 792.5
1105850 792.5
1105860 789.2
1105870 787.7
1105880 786.9
1105890 786.9
1105900 785.8
1105910 784.8
1105920 784.8
1105930 785.2
1105940 786.0
1105950 786.0
1105960 787.3
1105970 788.8
1105980 788.8
1105990 789.1
1106000 787.3
1106010 787.3
1106020 785.3
1106030 783.4
1106040 783.4
1106050 781.5
1106060 780.0
1106070 780.0
1106080 778.2
1106090 780.3
1106100 780.3
1106110 780.7
1106120 781.3
1106130 781.3
1106140 781.6
1106150 779.8
1106160 779.8
1106170 781.0
1106180 781.6
1106190 781.6
1106200 780.4
1106210 778.8
1106220 778.0
1106230 778.0
1106240 777.8
1106250 778.2
1106260 778.2
1106270 779.0
1106280 780.8
1106290 780.8
1106300 782.2
1106310 784.2
1106320 784.2
1106330 786.3
1106340 787.5
1106350 787.5
1106360 789.7
1106370 792.0
1106380 792.0
1106390 793.9
1106400 795.6
1106410 795.6
1106420 797.4
1106430 802.2
1106440 802.2
1106450 803.5
1106460 804.8
1106470 804.8
1106480 807.4
1106490 809.3
1106500 809.3
1106510 811.2
1106520 812.1
1106530 813.3
1106540 813.3
1106550 814.3
1106560 814.6
1106570 814.6
1106580 814.8
1106590 816.6
1106600 816.6
1106610 817.8
1106620 817.9
1106630 817.9
1106640 817.6
1106650 817.1
1106660 817.1
1106670 817.0
1106680 817.4
1106690 817.4
1106700 819.0
1106710 820.7
1106720 820.7
1106730 820.9
1106740 821.2
1106750 821.2
1106760 826.4
1106770 826.1
1106780 826.1
1106790 825.0
1106800 823.4
1106810 823.4
1106820 823.2
1106830 822.9
1106840 822.9
1106850 822.1
1106860 819.6
1106870 816.3
1106880 816.3
1106890 814.4
1106900 812.1
1106910 812.1
1106920 809.1
1106930 806.5
1106940 806.5
1106950 804.0
1106960 800.7
1106970 800.7
1106980 797.2
1106990 795.3
1107000 795.3
1107010 793.0
1107020 789.4
1107030 789.4
1107040 781.8
1107050 778.0
1107060 778.0
1107070 786.5
1107080 796.6
1107090 796.6
1107100 804.3
1107110 808.7
1107120 808.7
1107130 811.8
1107140 814.4
1107150 814.4
1107160 817.1
1107170 820.3
1107180 823.0
1107190 823.0
1107200 823.7
1107210 823.5
1107220 823.5
1107230 823.0
1107240 823.6
1107250 823.6
1107260 825.1
1107270 827.0
1107280 827.0
1107290 827.3
1107300 828.2
1107310 828.2
1107320 828.9
1107330 828.0
1107340 828.0
1107350 826.3
1107360 824.5
1107370 824.5
1107380 822.4
1107390 821.0
1107400 821.0
1107410 821.7
1107420 820.8
1107430 820.8
1107440 823.1
1107450 823.5
1107460 823.5
1107470 823.4
1107480 824.6
1107490 824.6
1107500 826.2
1107510 826.8
1107520 824.7
1107530 824.7
1107540 823.1
1107550 821.3
1107560 821.3
1107570 818.7
1107580 817.5
1107590 817.5
1107600 817.6
1107610 817.0
1107620 817.0
1107630 815.4
1107640 815.6
1107650 815.6
1107660 813.4
1107670 813.8
1107680 813.8
1107690 813.9
1107700 813.8
1107710 813.8
1107720 813.6
1107730 813.2
1107740 813.2
1107750 813.0
1107760 812.8
1107770 812.8
1107780 816.2
1107790 814.4
1107800 814.4
1107810 813.3
1107820 810.3
1107830 808.8
1107840 808.8
1107850 807.7
1107860 808.9
1107870 808.9
1107880 810.9
1107890 814.1
1107900 814.1
1107910 816.2
1107920 818.2
1107930 818.2
1107940 820.3
1107950 822.8
1107960 822.8
1107970 826.1
1107980 828.8
1107990 828.8
1108000 829.4
1108010 830.0
1108020 830.0
1108030 831.1
1108040 831.4
1108050 831.4
1108060 828.8
1108070 824.9
1108080 824.9
1108090 822.7
1108100 822.3
1108110 822.3
1108120 825.8
1108130 827.3
1108140 827.3
1108150 828.9
1108160 830.5
1108170 832.9
1108180 832.9
1108190 833.5
1108200 831.9
1108210 831.9
1108220 829.0
1108230 824.7
1108240 824.7
1108250 819.7
1108260 815.0
1108270 815.0
1108280 805.2
1108290 800.5
1108300 800.5
1108310 801.4
1108320 802.3
1108330 802.3
1108340 805.1
1108350 807.9
1108360 807.9
1108370 810.2
1108380 812.7
1108390 812.7
1108400 815.0
1108410 816.0
1108420 816.0
1108430 817.7
1108440 821.9
1108450 821.9
1108460 832.8
1108470 833.7
1108480 835.0
1108490 835.0
1108500 833.8
1108510 832.7
1108520 832.7
1108530 830.7
1108540 827.8
1108550 827.8
1108560 826.1
1108570 834.4
1108580 834.4
1108590 840.0
1108600 845.2
1108610 845.2
1108620 849.2
1108630 852.1
1108640 852.1
1108650 854.1
1108660 856.3
1108670 856.3
1108680 858.4
1108690 860.2
1108700 860.2
1108710 861.9
1108720 866.4
1108730 866.4
1108740 871.0
1108750 874.2
1108760 874.2
1108770 877.1
1108780 876.9
1108790 876.9
1108800 869.6
1108810 870.3
1108820 872.4
1108830 872.4
1108840 877.1
1108850 881.8
1108860 881.8
1108870 885.9
1108880 891.4
1108890 891.4
1108900 895.9
1108910 900.6
1108920 900.6
1108930 903.6
1108940 906.5
1108950 906.5
1108960 910.3
1108970 915.0
1108980 915.0
1108990 916.9
1109000 917.4
1109010 917.4
1109020 917.6
1109030 918.1
1109040 918.1
1109050 918.0
1109060 917.9
1109070 917.9
1109080 918.1
1109090 917.4
1109100 917.4
1109110 919.2
1109120 920.3
1109130 921.0
1109140 920.7
1109150 921.5
1109160 922.5
1109170 922.5
1109180 923.3
1109190 924.1
1109200 924.1
1109210 924.8
1109220 925.4
1109230 925.4
1109240 925.9
1109250 926.5
1109260 926.5
1109270 927.0
1109280 927.7
1109290 927.7
1109300 928.3
1109310 928.7
1109320 928.7
1109330 929.2
1109340 929.8
1109350 929.8
1109360 930.3
1109370 930.6
1109380 930.6
1109390 930.9
1109400 931.1
1109410 931.1
1109420 931.4
1109430 931.7
1109440 931.9
1109450 931.9
1109460 932.2
1109470 932.3
1109480 930.5
1109490 930.7
1109500 930.2
1109510 930.2
1109520 927.2
1109530 925.4
1109540 925.4
1109550 924.9
1109560 926.6
1109570 926.6
1109580 926.2
1109590 924.3
1109600 924.3
1109610 923.0
1109620 919.2
1109630 919.2
1109640 920.0
1109650 921.1
1109660 921.1
1109670 922.6
1109680 924.6
1109690 924.6
1109700 926.5
1109710 927.1
1109720 927.1
1109730 927.3
1109740 928.7
1109750 928.7
1109760 929.8
1109770 929.9
1109780 929.0
1109790 929.0
1109800 929.2
1109810 929.1
1109820 933.2
1109830 938.9
1109840 943.8
1109850 943.8
1109860 947.3
1109870 949.6
1109880 949.6
1109890 950.5
1109900 951.1
1109910 951.1
1109920 952.1
1109930 953.0
1109940 953.0
1109950 954.3
1109960 954.6
1109970 954.6
1109980 954.8
1109990 954.1
1110000 954.1
1110010 954.7
1110020 956.5
1110030 956.5
1110040 958.0
1110050 959.5
1110060 959.5
1110070 961.5
1110080 962.8
1110090 963.5
1110100 963.5
1110110 965.2
1110120 966.8
1110130 966.8
1110140 967.4
1110150 968.3
1110160 967.5
1110170 969.2
1110180 971.6
1110190 971.6
1110200 972.5
1110210 973.0
1110220 973.0
1110230 974.4
1110240 978.5
1110250 978.5
1110260 979.4
1110270 981.0
1110280 981.0
1110290 984.0
1110300 985.8
1110310 985.8
1110320 987.5
1110330 989.9
1110340 989.9
1110350 991.7
1110360 993.2
1110370 993.2
1110380 995.5
1110390 997.9
1110400 997.9
1110410 1000.0
1110420 1001.5
1110430 1002.8
1110440 1002.8
1110450 1005.4
1110460 1008.1
1110470 1008.1
1110480 1010.7
1110490 1012.8
1110500 1015.1
1110510 1017.0
1110520 1018.5
1110530 1018.5
1110540 1019.9
1110550 1021.1
1110560 1021.1
1110570 1024.7
1110580 1028.4
1110590 1028.4
1110600 1030.9
1110610 1033.3
1110620 1033.3
1110630 1035.4
1110640 1036.3
1110650 1036.3
1110660 1038.2
1110670 1040.3
1110680 1040.3
1110690 1042.1
1110700 1041.8
1110710 1041.8
1110720 1044.5
1110730 1047.5
1110740 1049.3
1110750 1049.3
1110760 1050.7
1110770 1052.0
1110780 1052.0
1110790 1052.8
1110800 1053.2
1110810 1053.2
1110820 1052.6
1110830 1051.8
1110840 1053.7
1110850 1052.8
1110860 1052.1
1110870 1052.1
1110880 1051.2
1110890 1050.3
1110900 1050.3
1110910 1049.4
1110920 1048.5
1110930 1048.5
1110940 1047.7
1110950 1046.7
1110960 1046.7
1110970 1045.5
1110980 1044.2
1110990 1044.2
1111000 1042.8
1111010 1041.5
1111020 1041.5
1111030 1040.1
1111040 1039.0
1111050 1039.0
1111060 1038.0
1111070 1037.5
1111080 1036.7
1111090 1036.7
1111100 1035.8
1111110 1035.0
1111120 1035.0
1111130 1034.9
1111140 1034.1
1111150 1034.1
1111160 1033.1
1111170 1032.5
1111180 1033.7
1111190 1033.2
1111200 1032.6
1111210 1032.6
1111220 1032.1
1111230 1031.7
1111240 1031.7
1111250 1031.4
1111260 1030.6
1111270 1030.6
1111280 1029.3
1111290 1030.8
1111300 1030.8
1111310 1031.3
1111320 1031.6
1111330 1031.6
1111340 1031.7
1111350 1031.8
1111360 1031.8
1111370 1032.0
1111380 1032.2
1111390 1032.2
1111400 1032.2
1111410 1032.1
1111420 1031.9
1111430 1031.9
1111440 1031.6
1111450 1030.8
1111460 1030.8
1111470 1029.7
1111480 1028.8
1111490 1028.8
1111500 1027.6
1111510 1027.2
1111520 1027.2
1111530 1025.2
1111540 1022.9
1111550 1022.9
1111560 1021.4
1111570 1020.3
1111580 1020.3
1111590 1018.9
1111600 1016.7
1111610 1016.7
1111620 1013.1
1111630 1009.9
1111640 1009.9
1111650 1007.6
1111660 1006.1
1111670 1006.1
1111680 1006.5
1111690 1007.8
1111700 1007.8
1111710 1011.3
1111720 1013.2
1111730 1013.2
1111740 1013.2
1111750 1012.5
1111760 1011.7
1111770 1011.7
1111780 1010.7
1111790 1009.1
1111800 1009.1
1111810 1008.3
1111820 1007.6
1111830 1007.6
1111840 1006.9
1111850 1006.0
1111860 1006.0
1111870 1007.1
1111880 1006.2
1111890 1006.2
1111900 1005.0
1111910 1004.0
1111920 1004.0
1111930 1003.2
1111940 1002.2
1111950 1002.2
1111960 1000.4
1111970 998.7
1111980 998.7
1111990 996.8
1112000 994.8
1112010 994.8
1112020 993.9
1112030 993.5
1112040 993.4
1112050 993.4
1112060 993.2
1112070 993.1
1112080 993.1
1112090 993.3
1112100 992.7
1112110 992.7
1112120 986.8
1112130 980.9
1112140 980.9
1112150 972.9
1112160 965.6
1112170 965.6
1112180 971.7
1112190 978.6
1112200 978.6
1112210 986.7
1112220 990.9
1112230 990.9
1112240 991.7
1112250 994.3
1112260 994.3
1112270 993.2
1112280 990.2
1112290 990.2
1112300 986.7
1112310 984.3
1112320 984.3
1112330 981.6
1112340 979.1
1112350 979.1
1112360 977.6
1112370 976.0
1112380 974.0
1112390 974.0
1112400 971.7
1112410 969.3
1112420 969.3
1112430 966.8
1112440 963.4
1112450 963.4
1112460 960.2
1112470 957.5
1112480 957.5
1112490 955.7
1112500 955.3
1112510 955.3
1112520 956.2
1112530 954.1
1112540 954.1
1112550 949.2
1112560 946.8
1112570 946.8
1112580 947.7
1112590 949.9
1112600 949.9
1112610 949.3
1112620 945.5
1112630 945.5
1112640 942.6
1112650 939.8
1112660 939.8
1112670 939.3
1112680 940.0
1112690 939.9
1112700 939.9
1112710 938.5
1112720 936.8
1112730 936.8
1112740 935.7
1112750 936.7
1112760 936.7
1112770 934.6
1112780 930.9
1112790 930.9
1112800 929.0
1112810 927.1
1112820 927.1
1112830 925.8
1112840 927.1
1112850 927.1
1112860 925.9
1112870 924.5
1112880 924.5
1112890 923.9
1112900 924.9
1112910 924.9
1112920 924.6
1112930 924.9
1112940 924.9
1112950 924.9
1112960 924.5
1112970 924.5
1112980 925.1
1112990 925.2
1113000 925.2
1113010 925.3
1113020 927.3
1113030 928.8
1113040 928.8
1113050 929.3
1113060 930.1
1113070 930.1
1113080 930.7
1113090 932.3
1113100 932.3
1113110 934.6
1113120 937.1
1113130 937.1
1113140 938.3
1113150 938.6
1113160 938.6
1113170 938.7
1113180 939.0
1113190 939.0
1113200 939.5
1113210 939.4
1113220 939.4
1113230 938.9
1113240 940.5
1113250 940.5
1113260 939.9
1113270 938.7
1113280 938.7
1113290 938.0
1113300 936.2
1113310 936.2
1113320 934.0
1113330 933.9
1113340 933.9
1113350 933.9
1113360 933.7
1113370 932.4
1113380 932.4
1113390 930.8
1113400 929.5
1113410 929.5
1113420 927.0
1113430 922.8
1113440 922.8
1113450 920.7
1113460 919.5
1113470 919.5
1113480 916.7
1113490 912.2
1113500 912.2
1113510 911.8
1113520 911.8
1113530 911.8
1113540 909.1
1113550 913.7
1113560 913.7
1113570 917.7
1113580 920.6
1113590 919.2
1113600 923.6
1113610 925.4
1113620 925.4
1113630 925.9
1113640 926.5
1113650 927.6
1113660 927.6
1113670 928.5
1113680 929.9
1113690 929.9
1113700 932.5
1113710 933.4
1113720 933.4
1113730 932.1
1113740 932.1
1113750 932.1
1113760 932.8
1113770 933.1
1113780 933.1
1113790 932.9
1113800 932.9
1113810 932.9
1113820 932.6
1113830 932.0
1113840 932.0
1113850 932.2
1113860 933.4
1113870 933.4
1113880 936.0
1113890 940.6
1113900 940.6
1113910 943.0
1113920 944.0
1113930 946.5
1113940 949.1
1113950 950.7
1113960 950.7
1113970 952.4
1113980 953.4
1113990 954.3
1114000 954.3
1114010 955.3
1114020 956.7
1114030 956.7
1114040 957.5
1114050 958.1
1114060 958.1
1114070 959.5
1114080 960.8
1114090 960.8
1114100 962.4
1114110 963.6
1114120 963.6
1114130 964.6
1114140 965.9
1114150 965.9
1114160 967.6
1114170 968.9
1114180 968.9
1114190 970.0
1114200 971.2
1114210 971.2
1114220 973.1
1114230 975.7
1114240 975.7
1114250 978.6
1114260 979.8
1114270 979.8
1114280 981.7
1114290 980.9
1114300 979.4
1114310 979.4
1114320 976.3
1114330 974.1
1114340 974.1
1114350 973.7
1114360 973.5
1114370 973.5
1114380 973.4
1114390 973.5
1114400 973.5
1114410 974.5
1114420 975.0
1114430 975.0
1114440 975.1
1114450 976.3
1114460 976.3
1114470 977.2
1114480 977.3
1114490 977.3
1114500 976.0
1114510 975.3
1114520 975.3
1114530 975.3
1114540 971.6
1114550 971.6
1114560 963.5
1114570 957.2
1114580 957.2
1114590 959.6
1114600 963.8
1114610 963.8
1114620 965.4
1114630 972.8
1114640 974.6
1114650 974.6
1114660 974.4
1114670 974.5
1114680 974.5
1114690 974.6
1114700 975.2
1114710 975.2
1114720 976.1
1114730 978.3
1114740 978.3
1114750 980.4
1114760 981.4
1114770 981.4
1114780 981.5
1114790 981.2
1114800 981.2
1114810 980.8
1114820 980.4
1114830 980.4
1114840 979.5
1114850 978.2
1114860 978.2
1114870 977.0
1114880 974.6
1114890 974.6
1114900 971.7
1114910 967.7
1114920 967.7
1114930 965.5
1114940 962.2
1114950 958.2
1114960 958.2
1114970 954.3
1114980 951.7
1114990 951.7
1115000 946.8
1115010 943.5
1115020 943.5
1115030 940.9
1115040 936.8
1115050 936.8
1115060 933.9
1115070 930.5
1115080 930.5
1115090 929.0
1115100 928.1
1115110 928.1
1115120 925.0
1115130 923.0
1115140 923.0
1115150 926.0
1115160 925.1
1115170 925.1
1115180 920.5
1115190 921.0
1115200 921.0
1115210 922.9
1115220 921.5
1115230 921.5
1115240 918.2
1115250 914.4
1115260 914.4
1115270 913.1
1115280 909.5
1115290 905.1
1115300 905.1
1115310 904.3
1115320 902.6
1115330 902.6
1115340 902.1
1115350 901.4
1115360 901.4
1115370 899.8
1115380 896.9
1115390 896.9
1115400 893.5
1115410 891.2
1115420 891.2
1115430 892.2
1115440 894.8
1115450 894.8
1115460 897.9
1115470 902.0
1115480 902.0
1115490 904.3
1115500 900.0
1115510 900.0
1115520 890.0
1115530 882.3
1115540 882.3
1115550 877.1
1115560 870.9
1115570 870.9
1115580 864.7
1115590 859.4
1115600 854.0
1115610 854.0
1115620 849.4
1115630 844.8
1115640 844.8
1115650 840.3
1115660 837.8
1115670 837.8
1115680 835.4
1115690 833.7
1115700 833.7
1115710 832.3
1115720 831.8
1115730 831.8
1115740 829.7
1115750 827.0
1115760 827.0
1115770 824.2
1115780 820.4
1115790 820.4
1115800 816.7
1115810 812.3
1115820 812.3
1115830 804.6
1115840 799.1
1115850 799.1
1115860 799.5
1115870 801.0
1115880 801.0
1115890 802.5
1115900 805.2
1115910 805.2
1115920 809.9
1115930 814.6
1115940 819.7
1115950 819.7
1115960 817.2
1115970 815.9
1115980 815.9
1115990 817.2
1116000 818.7
1116010 818.7
1116020 819.2
1116030 819.8
1116040 819.8
1116050 820.5
1116060 821.7
1116070 821.7
1116080 823.1
1116090 824.4
1116100 824.4
1116110 825.0
1116120 825.6
1116130 825.6
1116140 825.9
1116150 826.0
1116160 826.0
1116170 825.7
1116180 825.3
1116190 825.3
1116200 826.4
1116210 828.0
1116220 828.0
1116230 828.4
1116240 828.4
1116250 829.3
1116260 829.3
1116270 830.0
1116280 830.5
1116290 830.5
1116300 830.7
1116310 831.7
1116320 831.7
1116330 833.4
1116340 835.2
1116350 834.1
1116360 835.8
1116370 837.9
1116380 837.9
1116390 839.3
1116400 841.1
1116410 841.1
1116420 842.7
1116430 843.7
1116440 843.7
1116450 844.3
1116460 844.2
1116470 844.2
1116480 844.8
1116490 846.1
1116500 846.1
1116510 846.2
1116520 846.3
1116530 846.3
1116540 846.6
1116550 848.9
1116560 848.9
1116570 850.1
1116580 851.0
1116590 853.0
1116600 853.0
1116610 855.3
1116620 857.1
1116630 857.1
1116640 858.0
1116650 859.3
1116660 859.3
1116670 860.8
1116680 861.6
1116690 861.6
1116700 862.0
1116710 863.2
1116720 863.2
1116730 864.1
1116740 864.8
1116750 864.8
1116760 865.6
1116770 865.9
1116780 865.9
1116790 866.2
1116800 867.6
1116810 867.6
1116820 868.6
1116830 869.4
1116840 869.4
1116850 870.1
1116860 870.7
1116870 870.7
1116880 871.6
1116890 872.2
1116900 872.5
1116910 872.5
1116920 872.9
1116930 874.0
1116940 874.0
1116950 875.1
1116960 876.4
1116970 876.4
1116980 877.5
1116990 878.2
1117000 878.2
1117010 878.2
1117020 878.1
1117030 878.1
1117040 877.4
1117050 877.8
1117060 877.8
1117070 878.9
1117080 880.5
1117090 880.5
1117100 880.8
1117110 881.2
1117120 881.2
1117130 881.1
1117140 881.0
1117150 881.0
1117160 881.0
1117170 880.1
1117180 880.1
1117190 878.5
1117200 878.5
1117210 878.5
1117220 878.5
1117230 879.2
1117240 880.3
1117250 880.3
1117260 881.0
1117270 880.7
1117280 880.7
1117290 881.0
1117300 880.7
1117310 880.7
1117320 880.1
1117330 879.1
1117340 879.1
1117350 878.9
1117360 878.9
1117370 878.9
1117380 878.8
1117390 876.9
1117400 876.9
1117410 876.6
1117420 876.7
1117430 876.7
1117440 877.4
1117450 877.7
1117460 877.7
1117470 877.4
1117480 877.2
1117490 877.2
1117500 876.7
1117510 876.0
1117520 876.0
1117530 875.3
1117540 874.5
1117550 873.6
1117560 873.6
1117570 872.6
1117580 872.2
1117590 872.2
1117600 872.5
1117610 872.5
1117620 872.5
1117630 872.9
1117640 874.4
1117650 874.4
1117660 876.5
1117670 879.6
1117680 879.6
1117690 882.6
1117700 885.3
1117710 885.3
1117720 888.8
1117730 892.4
1117740 892.1
1117750 894.7
1117760 897.9
1117770 897.9
1117780 900.1
1117790 903.5
1117800 903.5
1117810 907.3
1117820 909.4
1117830 909.4
1117840 912.3
1117850 916.4
1117860 920.0
1117870 920.0
1117880 922.9
1117890 926.9
1117900 926.9
1117910 929.5
1117920 932.1
1117930 932.1
1117940 935.4
1117950 938.4
1117960 938.4
1117970 943.0
1117980 948.6
1117990 948.6
1118000 954.2
1118010 958.9
1118020 958.9
1118030 961.4
1118040 964.7
1118050 964.7
1118060 966.9
1118070 969.9
1118080 969.9
1118090 970.6
1118100 975.4
1118110 975.4
1118120 978.3
1118130 981.0
1118140 981.0
1118150 983.2
1118160 984.2
1118170 984.2
1118180 984.6
1118190 984.9
1118200 985.1
1118210 985.1
1118220 985.6
1118230 986.2
1118240 986.2
1118250 987.1
1118260 988.4
1118270 988.4
1118280 990.3
1118290 992.8
1118300 992.8
1118310 995.3
1118320 998.3
1118330 998.3
1118340 1002.6
1118350 1005.8
1118360 1005.8
1118370 1007.4
1118380 1009.2
1118390 1009.2
1118400 1011.3
1118410 1012.6
1118420 1012.6
1118430 1013.9
1118440 1011.5
1118450 1011.5
1118460 1012.3
1118470 1010.6
1118480 1010.6
1118490 1009.7
1118500 1008.2
1118510 1008.4
1118520 1008.4
1118530 1012.5
1118540 1017.3
1118550 1017.3
1118560 1022.0
1118570 1023.8
1118580 1023.8
1118590 1023.5
1118600 1023.1
1118610 1023.1
1118620 1023.3
1118630 1024.5
1118640 1024.5
1118650 1025.1
1118660 1026.1
1118670 1026.1
1118680 1026.9
1118690 1028.0
1118700 1028.0
1118710 1029.2
1118720 1030.0
1118730 1030.0
1118740 1029.9
1118750 1031.5
1118760 1031.5
1118770 1033.7
1118780 1039.1
1118790 1034.8
1118800 1040.0
1118810 1044.0
1118820 1044.0
1118830 1047.0
1118840 1048.6
1118850 1049.4
1118860 1049.4
1118870 1049.8
1118880 1050.0
1118890 1050.0
1118900 1050.0
1118910 1049.6
1118920 1049.6
1118930 1047.7
1118940 1046.0
1118950 1046.0
1118960 1044.8
1118970 1044.3
1118980 1044.3
1118990 1046.4
1119000 1045.1
1119010 1045.1
1119020 1044.4
1119030 1047.4
1119040 1047.4
1119050 1048.8
1119060 1050.0
1119070 1050.0
1119080 1051.1
1119090 1052.3
1119100 1052.3
1119110 1053.1
1119120 1053.8
1119130 1054.5
1119140 1054.8
1119150 1055.0
1119160 1055.1
1119170 1055.1
1119180 1055.9
1119190 1056.2
1119200 1056.2
1119210 1055.5
1119220 1057.1
1119230 1057.1
1119240 1059.1
1119250 1060.8
1119260 1060.8
1119270 1062.1
1119280 1063.1
1119290 1063.1
1119300 1062.1
1119310 1060.1
1119320 1060.1
1119330 1059.7
1119340 1060.6
1119350 1060.6
1119360 1061.1
1119370 1062.4
1119380 1062.4
1119390 1063.7
1119400 1064.8
1119410 1064.8
1119420 1066.0
1119430 1066.1
1119440 1066.1
1119450 1064.6
1119460 1064.6
1119470 1064.6
1119480 1064.3
1119490 1065.2
1119500 1065.5
1119510 1065.5
1119520 1065.1
1119530 1064.3
1119540 1064.3
1119550 1064.1
1119560 1065.9
1119570 1065.9
1119580 1068.5
1119590 1070.8
1119600 1070.8
1119610 1072.8
1119620 1074.1
1119630 1074.1
1119640 1075.5
1119650 1077.0
1119660 1077.0
1119670 1078.7
1119680 1080.9
1119690 1080.9
1119700 1083.4
1119710 1086.9
1119720 1086.9
1119730 1091.5
1119740 1094.9
1119750 1094.9
1119760 1097.6
1119770 1101.4
1119780 1101.4
1119790 1104.3
1119800 1105.1
1119810 1104.2
1119820 1104.2
1119830 1104.9
1119840 1108.1
1119850 1108.1
1119860 1111.8
1119870 1114.0
1119880 1114.0
1119890 1117.6
1119900 1120.5
1119910 1120.5
1119920 1120.7
1119930 1121.3
1119940 1121.3
1119950 1122.1
1119960 1122.3
1119970 1122.3
1119980 1123.3
1119990 1124.8
