1100000 677.4
1100010 677.0
1100020 677.0
1100030 676.3
1100040 675.4
1100050 675.4
1100060 674.3
1100070 672.3
1100080 672.3
1100090 671.3
1100100 670.6
1100110 670.6
1100120 670.0
1100130 669.6
1100140 669.6
1100150 668.2
1100160 666.4
1100170 666.4
1100180 665.5
1100190 664.7
1100200 664.7
1100210 665.1
1100220 665.8
1100230 665.8
1100240 661.6
1100250 659.9
1100260 659.9
1100270 657.9
1100280 656.0
1100290 656.0
1100300 654.3
1100310 651.8
1100320 650.6
1100330 650.6
1100340 648.9
1100350 646.8
1100360 646.8
1100370 645.2
1100380 644.6
1100390 644.6
1100400 643.5
1100410 642.5
1100420 642.5
1100430 641.2
1100440 640.0
1100450 640.0
1100460 638.9
1100470 638.1
1100480 638.1
1100490 637.1
1100500 636.2
1100510 636.2
1100520 635.9
1100530 634.9
1100540 634.9
1100550 634.0
1100560 633.2
1100570 635.9
1100580 634.2
1100590 632.6
1100600 632.6
1100610 631.2
1100620 630.5
1100630 630.5
1100640 630.1
1100650 630.8
1100660 629.7
1100670 629.7
1100680 629.6
1100690 629.3
1100700 629.3
1100710 627.8
1100720 626.7
1100730 626.7
1100740 626.3
1100750 624.3
1100760 624.3
1100770 622.0
1100780 618.6
1100790 618.6
1100800 615.5
1100810 612.0
1100820 612.0
1100830 609.0
1100840 605.7
1100850 605.7
1100860 603.7
1100870 599.9
1100880 599.9
1100890 597.0
1100900 596.3
1100910 596.3
1100920 594.2
1100930 592.6
1100940 592.6
1100950 590.5
1100960 588.0
1100970 585.8
1100980 585.8
1100990 583.7
1101000 581.5
1101010 581.5
1101020 579.1
1101030 576.6
1101040 576.6
1101050 574.2
1101060 572.7
1101070 572.7
1101080 572.1
1101090 569.3
1101100 569.3
1101110 566.7
1101120 564.7
1101130 564.7
1101140 563.4
1101150 562.5
1101160 562.5
1101170 560.3
1101180 558.1
1101190 558.1
1101200 549.9
1101210 543.5
1101220 543.5
1101230 537.3
1101240 531.7
1101250 531.7
1101260 527.0
1101270 523.9
1101280 523.9
1101290 523.6
1101300 523.4
1101310 523.8
1101320 523.8
1101330 524.5
1101340 527.2
1101350 527.2
1101360 532.2
1101370 536.3
1101380 536.3
1101390 540.6
1101400 544.8
1101410 544.8
1101420 548.0
1101430 553.9
1101440 553.9
1101450 555.7
1101460 555.0
1101470 555.0
1101480 555.2
1101490 555.2
1101500 555.2
1101510 554.8
1101520 554.0
1101530 554.0
1101540 553.8
1101550 553.5
1101560 553.5
1101570 550.8
1101580 550.6
1101590 550.6
1101600 549.6
1101610 549.7
1101620 549.7
1101630 549.9
1101640 549.8
1101650 549.4
1101660 549.4
1101670 548.5
1101680 548.1
1101690 548.1
1101700 547.5
1101710 546.8
1101720 546.8
1101730 546.4
1101740 545.9
1101750 545.9
1101760 545.9
1101770 545.8
1101780 545.8
1101790 545.4
1101800 545.1
1101810 545.1
1101820 544.8
1101830 544.6
1101840 544.6
1101850 544.3
1101860 544.2
1101870 544.2
1101880 543.6
1101890 540.5
1101900 541.7
1101910 540.8
1101920 539.8
1101930 539.8
1101940 540.3
1101950 541.1
1101960 542.0
1101970 542.0
1101980 542.5
1101990 542.6
1102000 542.6
1102010 542.8
1102020 543.1
1102030 543.1
1102040 544.4
1102050 546.5
1102060 546.5
1102070 546.6
1102080 548.3
1102090 548.3
1102100 549.7
1102110 550.8
1102120 550.8
1102130 550.2
1102140 549.8
1102150 549.8
1102160 551.0
1102170 553.7
1102180 553.7
1102190 554.7
1102200 554.9
1102210 554.9
1102220 555.3
1102230 555.5
1102240 555.8
1102250 556.2
1102260 556.2
1102270 556.2
1102280 556.6
1102290 557.6
1102300 558.5
1102310 558.5
1102320 559.3
1102330 559.5
1102340 559.5
1102350 559.8
1102360 560.6
1102370 560.6
1102380 561.6
1102390 562.3
1102400 562.3
1102410 562.6
1102420 562.8
1102430 562.8
1102440 563.0
1102450 563.5
1102460 563.5
1102470 564.1
1102480 564.6
1102490 564.6
1102500 564.9
1102510 565.0
1102520 565.0
1102530 565.1
1102540 565.7
1102550 565.7
1102560 567.1
1102570 568.2
1102580 568.2
1102590 570.2
1102600 571.6
1102610 571.6
1102620 572.1
1102630 572.5
1102640 572.8
1102650 572.8
1102660 573.7
1102670 573.7
1102680 573.7
1102690 573.9
1102700 574.1
1102710 574.1
1102720 574.9
1102730 577.6
1102740 577.6
1102750 578.1
1102760 578.0
1102770 578.0
1102780 577.9
1102790 578.4
1102800 578.4
1102810 579.5
1102820 580.5
1102830 580.5
1102840 580.9
1102850 581.2
1102860 581.2
1102870 581.5
1102880 582.9
1102890 582.9
1102900 583.6
1102910 584.1
1102920 584.1
1102930 584.9
1102940 586.3
1102950 587.5
1102960 587.5
1102970 588.5
1102980 589.7
1102990 589.7
1103000 590.7
1103010 591.8
1103020 591.8
1103030 593.4
1103040 595.0
1103050 595.0
1103060 596.1
1103070 596.6
1103080 596.6
1103090 597.2
1103100 598.0
1103110 598.0
1103120 598.3
1103130 598.7
1103140 598.7
1103150 599.4
1103160 600.0
1103170 600.0
1103180 600.6
1103190 601.4
1103200 601.4
1103210 602.5
1103220 604.5
1103230 604.5
1103240 605.2
1103250 607.0
1103260 607.0
1103270 607.5
1103280 606.4
1103290 607.3
1103300 607.3
1103310 610.2
1103320 613.2
1103330 613.2
1103340 616.5
1103350 619.4
1103360 619.4
1103370 617.7
1103380 619.0
1103390 619.0
1103400 622.3
1103410 622.8
1103420 622.8
1103430 623.4
1103440 624.6
1103450 624.6
1103460 625.8
1103470 627.9
1103480 627.9
1103490 628.2
1103500 629.1
1103510 629.1
1103520 630.3
1103530 631.4
1103540 631.4
1103550 632.5
1103560 634.4
1103570 633.8
1103580 635.5
1103590 637.0
1103600 638.8
1103610 638.8
1103620 639.7
1103630 639.9
1103640 639.9
1103650 638.3
1103660 635.6
1103670 635.6
1103680 628.8
1103690 623.5
1103700 623.5
1103710 621.3
1103720 620.8
1103730 620.8
1103740 622.5
1103750 628.5
1103760 628.5
1103770 635.4
1103780 642.6
1103790 642.6
1103800 649.0
1103810 654.4
1103820 654.4
1103830 658.7
1103840 659.2
1103850 659.2
1103860 659.4
1103870 659.6
1103880 659.6
1103890 659.9
1103900 660.3
1103910 660.3
1103920 660.5
1103930 660.7
1103940 661.0
1103950 661.0
1103960 661.3
1103970 661.6
1103980 661.6
1103990 661.8
1104000 661.9
1104010 661.9
1104020 662.1
1104030 662.5
1104040 662.5
1104050 662.9
1104060 663.6
1104070 663.6
1104080 663.8
1104090 664.2
1104100 664.2
1104110 664.4
1104120 664.4
1104130 664.4
1104140 664.5
1104150 664.6
1104160 664.6
1104170 664.8
1104180 665.4
1104190 665.4
1104200 665.8
1104210 666.1
1104220 666.1
1104230 666.5
1104240 667.0
1104250 666.7
1104260 667.2
1104270 668.4
1104280 669.9
1104290 669.9
1104300 671.6
1104310 673.3
1104320 673.3
1104330 674.8
1104340 676.6
1104350 676.6
1104360 679.1
1104370 681.7
1104380 681.7
1104390 684.5
1104400 687.2
1104410 687.2
1104420 689.8
1104430 691.6
1104440 691.6
1104450 693.0
1104460 694.6
1104470 694.6
1104480 695.9
1104490 696.6
1104500 696.6
1104510 696.8
1104520 693.4
1104530 693.4
1104540 692.6
1104550 696.8
1104560 696.8
1104570 700.2
1104580 702.4
1104590 704.2
1104600 704.2
1104610 705.9
1104620 708.6
1104630 708.6
1104640 712.0
1104650 715.6
1104660 715.6
1104670 718.8
1104680 721.7
1104690 721.7
1104700 724.2
1104710 726.8
1104720 726.8
1104730 729.3
1104740 731.6
1104750 731.6
1104760 732.7
1104770 731.5
1104780 731.5
1104790 730.0
1104800 728.7
1104810 728.7
1104820 727.3
1104830 726.6
1104840 726.6
1104850 727.0
1104860 728.0
1104870 728.0
1104880 729.2
1104890 730.4
1104900 730.4
1104910 731.4
1104920 730.3
1104930 731.7
1104940 731.7
1104950 733.3
1104960 735.7
1104970 735.7
1104980 739.8
1104990 743.6
1105000 743.6
1105010 745.0
1105020 745.3
1105030 745.3
1105040 745.0
1105050 745.1
1105060 745.1
1105070 745.8
1105080 747.5
1105090 747.5
1105100 749.1
1105110 750.1
1105120 750.1
1105130 750.6
1105140 751.1
1105150 751.1
1105160 750.7
1105170 750.5
1105180 750.5
1105190 750.1
1105200 750.0
1105210 750.0
1105220 749.8
1105230 749.6
1105240 749.7
1105250 747.9
1105260 748.6
1105270 749.6
1105280 749.6
1105290 751.2
1105300 752.2
1105310 752.2
1105320 753.1
1105330 754.4
1105340 754.4
1105350 756.1
1105360 758.3
1105370 758.3
1105380 760.9
1105390 763.4
1105400 763.4
1105410 765.0
1105420 766.3
1105430 766.3
1105440 767.4
1105450 768.2
1105460 768.2
1105470 769.1
1105480 769.9
1105490 769.9
1105500 770.7
1105510 771.8
1105520 771.8
1105530 772.7
1105540 773.5
1105550 773.5
1105560 774.4
1105570 775.8
1105580 777.7
1105590 776.3
1105600 777.8
1105610 779.1
1105620 779.1
1105630 780.3
1105640 781.0
1105650 781.0
1105660 781.7
1105670 782.4
1105680 782.4
1105690 783.3
1105700 784.1
1105710 784.1
1105720 784.8
1105730 785.6
1105740 785.6
1105750 786.7
1105760 788.3
1105770 788.3
1105780 790.3
1105790 791.7
1105800 791.7
1105810 792.9
1105820 794.2
1105830 794.2
1105840 795.8
1105850 797.2
1105860 797.2
1105870 798.8
1105880 800.9
1105890 800.9
1105900 803.3
1105910 805.4
1105920 806.9
1105930 803.2
1105940 802.4
1105950 801.4
1105960 801.4
1105970 800.8
1105980 799.6
1105990 799.6
1106000 799.9
1106010 804.9
1106020 804.9
1106030 809.3
1106040 812.8
1106050 812.8
1106060 814.7
1106070 810.5
1106080 810.5
1106090 806.0
1106100 810.7
1106110 810.7
1106120 819.3
1106130 827.0
1106140 827.0
1106150 830.2
1106160 831.9
1106170 831.9
1106180 831.8
1106190 830.6
1106200 830.6
1106210 832.7
1106220 838.7
1106230 842.9
1106240 842.9
1106250 845.1
1106260 847.4
1106270 843.7
1106280 845.3
1106290 844.1
1106300 844.1
1106310 842.1
1106320 843.1
1106330 843.1
1106340 841.8
1106350 843.4
1106360 843.4
1106370 848.7
1106380 855.3
1106390 855.3
1106400 860.9
1106410 866.1
1106420 866.1
1106430 871.5
1106440 876.3
1106450 876.3
1106460 879.8
1106470 882.0
1106480 882.0
1106490 883.5
1106500 883.6
1106510 883.6
1106520 885.1
1106530 889.0
1106540 889.0
1106550 891.2
1106560 891.9
1106570 891.2
1106580 891.2
1106590 897.2
1106600 896.3
1106610 896.3
1106620 899.4
1106630 901.9
1106640 901.9
1106650 903.6
1106660 905.4
1106670 905.4
1106680 907.4
1106690 909.5
1106700 909.5
1106710 911.2
1106720 913.8
1106730 913.8
1106740 916.6
1106750 918.5
1106760 918.5
1106770 919.9
1106780 920.7
1106790 920.7
1106800 921.7
1106810 920.9
1106820 920.9
1106830 921.5
1106840 922.5
1106850 922.5
1106860 921.6
1106870 922.4
1106880 925.4
1106890 925.4
1106900 929.4
1106910 935.8
1106920 935.8
1106930 940.3
1106940 942.6
1106950 942.6
1106960 949.0
1106970 951.8
1106980 951.8
1106990 951.6
1107000 950.1
1107010 950.1
1107020 948.7
1107030 946.9
1107040 946.9
1107050 944.7
1107060 942.3
1107070 942.3
1107080 940.0
1107090 937.2
1107100 937.2
1107110 935.0
1107120 932.1
1107130 932.1
1107140 929.7
1107150 926.9
1107160 926.9
1107170 924.2
1107180 922.4
1107190 922.4
1107200 921.3
1107210 919.7
1107220 917.6
1107230 917.6
1107240 914.3
1107250 912.2
1107260 912.2
1107270 911.7
1107280 903.5
1107290 903.5
1107300 902.7
1107310 901.9
1107320 901.9
1107330 901.2
1107340 901.2
1107350 901.2
1107360 900.6
1107370 899.5
1107380 899.5
1107390 899.0
1107400 899.6
1107410 899.6
1107420 900.5
1107430 900.7
1107440 900.7
1107450 899.9
1107460 899.0
1107470 899.0
1107480 899.5
1107490 900.9
1107500 900.9
1107510 902.2
1107520 903.3
1107530 903.3
1107540 904.2
1107550 904.5
1107560 904.5
1107570 904.5
1107580 904.6
1107590 904.7
1107600 904.7
1107610 905.2
1107620 903.6
1107630 903.6
1107640 904.6
1107650 905.3
1107660 905.3
1107670 905.8
1107680 906.3
1107690 906.3
1107700 906.8
1107710 907.0
1107720 907.0
1107730 907.0
1107740 907.2
1107750 907.2
1107760 908.9
1107770 910.2
1107780 910.2
1107790 910.9
1107800 911.4
1107810 911.4
1107820 912.1
1107830 912.8
1107840 912.8
1107850 912.4
1107860 913.3
1107870 916.2
1107880 916.2
1107890 918.9
1107900 921.0
1107910 921.0
1107920 923.1
1107930 925.0
1107940 925.0
1107950 926.1
1107960 924.9
1107970 924.9
1107980 920.3
1107990 917.8
1108000 917.8
1108010 917.6
1108020 918.7
1108030 918.7
1108040 918.8
1108050 919.6
1108060 919.6
1108070 921.3
1108080 922.7
1108090 922.7
1108100 924.7
1108110 922.4
1108120 922.4
1108130 921.0
1108140 923.0
1108150 923.0
1108160 928.1
1108170 933.7
1108180 933.7
1108190 938.5
1108200 942.4
1108210 944.9
1108220 944.9
1108230 947.2
1108240 949.5
1108250 949.5
1108260 951.7
1108270 953.9
1108280 953.9
1108290 955.9
1108300 959.3
1108310 959.3
1108320 961.4
1108330 963.6
1108340 963.6
1108350 964.9
1108360 966.4
1108370 966.4
1108380 968.9
1108390 971.0
1108400 971.0
1108410 973.4
1108420 976.0
1108430 976.0
1108440 978.7
1108450 981.2
1108460 981.2
1108470 984.0
1108480 986.6
1108490 986.6
1108500 989.0
1108510 991.5
1108520 994.0
1108530 994.0
1108540 996.5
1108550 999.1
1108560 999.1
1108570 1001.3
1108580 1004.1
1108590 1004.1
1108600 1007.0
1108610 1009.6
1108620 1009.6
1108630 1012.3
1108640 1016.4
1108650 1016.4
1108660 1019.4
1108670 1022.5
1108680 1022.5
1108690 1025.0
1108700 1027.3
1108710 1027.3
1108720 1030.2
1108730 1033.0
1108740 1033.0
1108750 1035.3
1108760 1036.9
1108770 1036.9
1108780 1038.4
1108790 1039.9
1108800 1039.9
1108810 1042.3
1108820 1045.1
1108830 1045.1
1108840 1047.0
1108850 1048.6
1108860 1050.0
1108870 1050.0
1108880 1051.3
1108890 1052.4
1108900 1052.4
1108910 1053.1
1108920 1053.5
1108930 1053.5
1108940 1053.4
1108950 1054.0
1108960 1054.0
1108970 1054.6
1108980 1059.7
1108990 1059.7
1109000 1060.2
1109010 1060.7
1109020 1060.7
1109030 1061.1
1109040 1061.5
1109050 1061.5
1109060 1062.0
1109070 1062.3
1109080 1062.3
1109090 1061.9
1109100 1062.0
1109110 1062.0
1109120 1062.1
1109130 1062.1
1109140 1062.1
1109150 1061.2
1109160 1060.9
1109170 1061.1
1109180 1061.1
1109190 1060.4
1109200 1058.5
1109210 1058.5
1109220 1057.2
1109230 1056.7
1109240 1056.7
1109250 1055.7
1109260 1054.0
1109270 1054.0
1109280 1051.8
1109290 1049.4
1109300 1049.4
1109310 1046.7
1109320 1049.4
1109330 1049.4
1109340 1047.7
1109350 1045.0
1109360 1045.0
1109370 1042.7
1109380 1040.7
1109390 1040.7
1109400 1038.9
1109410 1035.3
1109420 1035.3
1109430 1031.3
1109440 1028.9
1109450 1028.9
1109460 1028.8
1109470 1028.0
1109480 1028.0
1109490 1027.0
1109500 1026.4
1109510 1024.9
1109520 1024.9
1109530 1023.5
1109540 1022.3
1109550 1022.3
1109560 1020.9
1109570 1019.9
1109580 1019.9
1109590 1019.4
1109600 1018.3
1109610 1018.3
1109620 1018.0
1109630 1017.3
1109640 1017.3
1109650 1016.3
1109660 1016.9
1109670 1016.9
1109680 1014.5
1109690 1013.6
1109700 1013.6
1109710 1014.8
1109720 1014.2
1109730 1014.2
1109740 1012.5
1109750 1011.1
1109760 1011.1
1109770 1010.6
1109780 1009.7
1109790 1009.7
1109800 1008.7
1109810 1007.7
1109820 1007.7
1109830 1006.9
1109840 1006.6
1109850 1006.1
1109860 1006.1
1109870 1005.9
1109880 1005.4
1109890 1005.4
1109900 1004.5
1109910 1002.4
1109920 1002.4
1109930 1003.4
1109940 1004.5
1109950 1004.5
1109960 1005.3
1109970 1006.6
1109980 1006.6
1109990 1007.7
1110000 1008.7
1110010 1008.7
1110020 1008.8
1110030 1008.8
1110040 1008.8
1110050 1008.6
1110060 1006.5
1110070 1006.5
1110080 1004.8
1110090 1004.2
1110100 1004.2
1110110 1003.2
1110120 1001.2
1110130 1001.2
1110140 998.4
1110150 996.5
1110160 995.5
1110170 995.5
1110180 994.8
1110190 993.9
1110200 993.9
1110210 993.1
1110220 991.4
1110230 991.4
1110240 989.4
1110250 990.3
1110260 990.3
1110270 990.6
1110280 991.4
1110290 991.4
1110300 991.3
1110310 990.6
1110320 990.6
1110330 989.4
1110340 990.6
1110350 990.6
1110360 989.0
1110370 987.2
1110380 987.2
1110390 985.8
1110400 985.1
1110410 985.1
1110420 983.8
1110430 982.3
1110440 982.3
1110450 980.4
1110460 979.5
1110470 979.5
1110480 980.1
1110490 980.4
1110500 977.8
1110510 977.8
1110520 972.3
1110530 966.0
1110540 966.0
1110550 962.4
1110560 965.3
1110570 965.3
1110580 967.2
1110590 969.3
1110600 969.3
1110610 970.8
1110620 972.4
1110630 972.4
1110640 973.6
1110650 972.1
1110660 972.1
1110670 970.2
1110680 971.6
1110690 971.6
1110700 969.0
1110710 967.4
1110720 967.4
1110730 966.3
1110740 964.0
1110750 964.0
1110760 961.4
1110770 958.6
1110780 958.6
1110790 955.9
1110800 953.8
1110810 952.8
1110820 952.8
1110830 951.8
1110840 950.8
1110850 950.8
1110860 949.6
1110870 948.2
1110880 948.2
1110890 946.4
1110900 944.7
1110910 944.7
1110920 943.8
1110930 943.6
1110940 943.6
1110950 944.0
1110960 943.8
1110970 943.8
1110980 941.6
1110990 938.0
1111000 938.0
1111010 934.8
1111020 934.5
1111030 934.5
1111040 933.0
1111050 931.3
1111060 931.3
1111070 928.5
1111080 927.3
1111090 927.3
1111100 927.2
1111110 926.4
1111120 926.4
1111130 924.5
1111140 923.4
1111150 921.9
1111160 921.9
1111170 921.1
1111180 921.2
1111190 921.2
1111200 921.3
1111210 921.2
1111220 921.2
1111230 921.0
1111240 921.1
1111250 921.1
1111260 923.0
1111270 928.6
1111280 928.6
1111290 930.6
1111300 931.5
1111310 931.5
1111320 932.7
1111330 933.6
1111340 933.6
1111350 933.8
1111360 933.3
1111370 933.3
1111380 928.4
1111390 922.5
1111400 922.5
1111410 918.4
1111420 924.0
1111430 924.0
1111440 925.9
1111450 926.5
1111460 925.1
1111470 925.1
1111480 923.8
1111490 922.9
1111500 922.9
1111510 921.8
1111520 918.0
1111530 918.0
1111540 913.4
1111550 911.4
1111560 911.4
1111570 909.7
1111580 907.1
1111590 907.1
1111600 904.8
1111610 903.0
1111620 903.0
1111630 901.4
1111640 899.4
1111650 899.4
1111660 898.8
1111670 898.9
1111680 898.9
1111690 897.9
1111700 896.6
1111710 900.1
1111720 900.0
1111730 900.0
1111740 900.0
1111750 900.6
1111760 900.5
1111770 900.5
1111780 899.6
1111790 899.5
1111800 899.7
1111810 899.7
1111820 899.1
1111830 897.6
1111840 897.6
1111850 895.8
1111860 893.0
1111870 893.0
1111880 889.9
1111890 888.1
1111900 888.1
1111910 887.1
1111920 884.6
1111930 884.6
1111940 879.5
1111950 877.3
1111960 877.3
1111970 875.7
1111980 874.5
1111990 874.5
1112000 872.7
1112010 870.4
1112020 870.4
1112030 869.3
1112040 868.3
1112050 873.1
1112060 873.1
1112070 873.9
1112080 873.9
1112090 874.0
1112100 874.5
1112110 874.5
1112120 875.9
1112130 875.7
1112140 877.1
1112150 877.1
1112160 877.2
1112170 876.1
1112180 876.1
1112190 873.5
1112200 871.9
1112210 871.9
1112220 871.6
1112230 871.1
1112240 871.1
1112250 869.6
1112260 868.9
1112270 868.9
1112280 867.8
1112290 866.5
1112300 866.5
1112310 866.8
1112320 866.5
1112330 866.5
1112340 863.1
1112350 861.1
1112360 861.1
1112370 859.9
1112380 858.5
1112390 862.3
1112400 860.9
1112410 860.1
1112420 860.1
1112430 859.5
1112440 858.7
1112450 860.6
1112460 860.6
1112470 862.5
1112480 863.6
1112490 863.6
1112500 863.5
1112510 863.1
1112520 863.1
1112530 862.6
1112540 862.1
1112550 862.1
1112560 860.9
1112570 860.8
1112580 860.8
1112590 860.6
1112600 858.7
1112610 858.7
1112620 856.9
1112630 855.7
1112640 855.7
1112650 854.0
1112660 851.3
1112670 851.3
1112680 848.6
1112690 847.5
1112700 847.5
1112710 846.3
1112720 844.0
1112730 842.7
1112740 840.8
1112750 836.4
1112760 836.4
1112770 831.3
1112780 829.6
1112790 829.9
1112800 829.9
1112810 829.2
1112820 827.7
1112830 827.7
1112840 826.1
1112850 824.7
1112860 824.7
1112870 822.0
1112880 818.0
1112890 818.0
1112900 816.2
1112910 813.4
1112920 813.4
1112930 809.1
1112940 805.0
1112950 805.0
1112960 802.9
1112970 800.2
1112980 800.2
1112990 797.8
1113000 796.1
1113010 796.1
1113020 794.3
1113030 790.8
1113040 790.8
1113050 787.7
1113060 784.2
1113070 784.2
1113080 779.6
1113090 778.1
1113100 779.0
1113110 779.0
1113120 781.2
1113130 784.7
1113140 784.7
1113150 785.9
1113160 788.4
1113170 788.4
1113180 790.2
1113190 794.5
1113200 794.5
1113210 797.4
1113220 799.6
1113230 799.6
1113240 799.2
1113250 799.1
1113260 799.1
1113270 798.7
1113280 799.3
1113290 799.3
1113300 799.1
1113310 799.6
1113320 799.6
1113330 799.5
1113340 799.8
1113350 799.8
1113360 801.0
1113370 803.5
1113380 803.5
1113390 805.7
1113400 806.9
1113410 806.9
1113420 808.2
1113430 806.7
1113440 806.1
1113450 806.1
1113460 806.2
1113470 807.8
1113480 807.8
1113490 808.0
1113500 809.4
1113510 809.4
1113520 811.7
1113530 813.7
1113540 813.7
1113550 814.8
1113560 816.0
1113570 816.0
1113580 817.9
1113590 817.8
1113600 817.8
1113610 817.5
1113620 819.0
1113630 819.0
1113640 820.4
1113650 821.8
1113660 821.8
1113670 823.3
1113680 826.0
1113690 826.0
1113700 828.3
1113710 829.6
1113720 829.6
1113730 833.1
1113740 835.0
1113750 835.0
1113760 835.4
1113770 836.7
1113780 836.0
1113790 836.0
1113800 835.7
1113810 834.5
1113820 834.5
1113830 833.4
1113840 832.2
1113850 832.2
1113860 830.8
1113870 830.7
1113880 830.7
1113890 829.5
1113900 828.8
1113910 828.8
1113920 828.9
1113930 830.7
1113940 830.7
1113950 831.7
1113960 831.5
1113970 831.5
1113980 832.7
1113990 833.9
1114000 833.9
1114010 835.0
1114020 836.4
1114030 836.4
1114040 837.1
1114050 838.3
1114060 838.3
1114070 839.2
1114080 840.0
1114090 841.3
1114100 841.3
1114110 842.7
1114120 844.1
1114130 844.1
1114140 845.7
1114150 847.5
1114160 847.5
1114170 848.9
1114180 849.6
1114190 849.6
1114200 850.4
1114210 849.9
1114220 849.9
1114230 848.4
1114240 846.4
1114250 846.4
1114260 844.9
1114270 843.9
1114280 843.9
1114290 843.7
1114300 843.4
1114310 843.4
1114320 843.4
1114330 844.1
1114340 844.1
1114350 845.3
1114360 846.4
1114370 846.4
1114380 846.0
1114390 844.6
1114400 844.6
1114410 842.7
1114420 840.7
1114430 839.8
1114440 839.8
1114450 840.7
1114460 841.8
1114470 841.8
1114480 840.5
1114490 839.4
1114500 839.4
1114510 838.0
1114520 837.0
1114530 837.0
1114540 836.6
1114550 836.6
1114560 836.6
1114570 836.4
1114580 835.8
1114590 835.8
1114600 834.3
1114610 834.9
1114620 834.9
1114630 834.5
1114640 834.3
1114650 834.3
1114660 835.3
1114670 836.4
1114680 836.4
1114690 837.6
1114700 838.1
1114710 838.1
1114720 838.6
1114730 839.2
1114740 840.8
1114750 840.8
1114760 842.1
1114770 843.7
1114780 843.7
1114790 845.8
1114800 846.8
1114810 846.8
1114820 844.8
1114830 842.3
1114840 842.3
1114850 841.3
1114860 841.5
1114870 841.5
1114880 840.8
1114890 839.6
1114900 839.6
1114910 839.6
1114920 839.6
1114930 839.6
1114940 839.8
1114950 840.2
1114960 840.2
1114970 840.6
1114980 839.7
1114990 839.7
1115000 837.4
1115010 834.9
1115020 834.9
1115030 831.8
1115040 828.1
1115050 828.1
1115060 825.1
1115070 821.7
1115080 815.7
1115090 815.7
1115100 808.9
1115110 803.0
1115120 803.0
1115130 801.1
1115140 800.4
1115150 799.0
1115160 798.0
1115170 797.3
1115180 797.3
1115190 796.5
1115200 793.7
1115210 793.7
1115220 790.1
1115230 787.6
1115240 787.6
1115250 784.5
1115260 781.7
1115270 781.7
1115280 780.0
1115290 780.5
1115300 780.5
1115310 781.2
1115320 781.2
1115330 781.2
1115340 780.7
1115350 780.4
1115360 780.4
1115370 782.1
1115380 788.1
1115390 791.7
1115400 791.7
1115410 795.6
1115420 800.5
1115430 800.5
1115440 804.1
1115450 806.5
1115460 806.5
1115470 807.8
1115480 811.3
1115490 807.9
1115500 812.4
1115510 815.9
1115520 815.9
1115530 819.7
1115540 823.7
1115550 823.7
1115560 826.1
1115570 827.4
1115580 827.4
1115590 828.3
1115600 829.1
1115610 829.1
1115620 830.4
1115630 832.4
1115640 832.4
1115650 834.2
1115660 835.0
1115670 835.0
1115680 835.1
1115690 836.8
1115700 836.8
1115710 842.7
1115720 847.5
1115730 856.1
1115740 856.1
1115750 863.2
1115760 866.2
1115770 866.2
1115780 866.9
1115790 868.5
1115800 868.5
1115810 869.8
1115820 871.6
1115830 871.6
1115840 872.9
1115850 873.8
1115860 873.8
1115870 874.5
1115880 875.4
1115890 875.4
1115900 876.1
1115910 876.4
1115920 876.4
1115930 876.4
1115940 876.6
1115950 876.6
1115960 876.7
1115970 877.2
1115980 877.2
1115990 877.9
1116000 878.4
1116010 878.4
1116020 879.1
1116030 880.0
1116040 880.0
1116050 881.1
1116060 881.5
1116070 882.1
1116080 882.1
1116090 883.1
1116100 883.9
1116110 883.9
1116120 884.7
1116130 886.0
1116140 886.0
1116150 887.0
1116160 887.7
1116170 887.7
1116180 888.7
1116190 889.2
1116200 889.2
1116210 890.3
1116220 891.3
1116230 891.3
1116240 892.0
1116250 892.8
1116260 892.8
1116270 893.8
1116280 895.0
1116290 895.0
1116300 896.1
1116310 897.5
1116320 897.5
1116330 898.4
1116340 899.2
1116350 899.2
1116360 899.8
1116370 900.0
1116380 899.9
1116390 899.9
1116400 899.4
1116410 899.4
1116420 899.4
1116430 899.4
1116440 899.6
1116450 899.6
1116460 899.7
1116470 899.9
1116480 899.9
1116490 900.5
1116500 901.4
1116510 901.4
1116520 902.3
1116530 902.6
1116540 902.6
1116550 904.2
1116560 905.6
1116570 905.6
1116580 906.6
1116590 907.6
1116600 907.6
1116610 908.5
1116620 909.5
1116630 909.5
1116640 910.6
1116650 912.0
1116660 912.0
1116670 913.8
1116680 915.6
1116690 915.6
1116700 917.4
1116710 918.7
1116720 919.8
1116730 919.8
1116740 920.6
1116750 921.1
1116760 921.1
1116770 921.5
1116780 921.9
1116790 921.9
1116800 922.5
1116810 923.2
1116820 923.2
1116830 924.3
1116840 925.9
1116850 925.9
1116860 927.7
1116870 930.0
1116880 929.1
1116890 931.7
1116900 934.4
1116910 934.4
1116920 936.6
1116930 938.6
1116940 938.6
1116950 939.6
1116960 939.6
1116970 939.6
1116980 939.8
1116990 939.8
1117000 939.8
1117010 939.8
1117020 939.3
1117030 939.7
1117040 939.7
1117050 940.6
1117060 941.8
1117070 941.8
1117080 943.3
1117090 945.2
1117100 945.2
1117110 947.5
1117120 949.7
1117130 949.7
1117140 952.1
1117150 954.4
1117160 954.4
1117170 956.1
1117180 957.7
1117190 957.7
1117200 959.6
1117210 962.0
1117220 962.0
1117230 962.5
1117240 963.8
1117250 963.8
1117260 966.9
1117270 968.9
1117280 968.9
1117290 972.1
1117300 978.0
1117310 978.0
1117320 984.5
1117330 992.1
1117340 992.1
1117350 999.7
1117360 1005.1
1117370 1007.0
1117380 1007.0
1117390 1008.5
1117400 1010.1
1117410 1010.1
1117420 1011.9
1117430 1013.5
1117440 1013.5
1117450 1014.9
1117460 1016.7
1117470 1016.7
1117480 1017.7
1117490 1019.1
1117500 1019.1
1117510 1020.0
1117520 1017.9
1117530 1017.9
1117540 1013.2
1117550 1009.9
1117560 1009.9
1117570 1015.6
1117580 1022.3
1117590 1022.3
1117600 1026.8
1117610 1030.6
1117620 1030.6
1117630 1034.0
1117640 1037.5
1117650 1037.5
1117660 1040.4
1117670 1042.9
1117680 1045.5
1117690 1045.5
1117700 1047.9
1117710 1049.6
1117720 1049.6
1117730 1051.0
1117740 1051.8
1117750 1051.8
1117760 1052.5
1117770 1053.5
1117780 1053.5
1117790 1055.0
1117800 1057.3
1117810 1057.3
1117820 1059.1
1117830 1060.8
1117840 1060.8
1117850 1062.4
1117860 1064.2
1117870 1064.2
1117880 1066.3
1117890 1068.9
1117900 1068.9
1117910 1071.6
1117920 1073.3
1117930 1073.3
1117940 1077.0
1117950 1079.7
1117960 1079.7
1117970 1082.3
1117980 1083.9
1117990 1083.9
1118000 1087.6
1118010 1091.7
1118020 1095.0
1118030 1095.0
1118040 1099.0
1118050 1103.4
1118060 1103.4
1118070 1107.0
1118080 1110.9
1118090 1110.9
1118100 1115.0
1118110 1119.9
1118120 1119.9
1118130 1124.4
1118140 1127.7
1118150 1127.7
1118160 1130.6
1118170 1133.9
1118180 1133.9
1118190 1137.3
1118200 1140.7
1118210 1140.7
1118220 1143.7
1118230 1146.4
1118240 1146.4
1118250 1149.1
1118260 1151.4
1118270 1143.9
1118280 1145.0
1118290 1144.6
1118300 1144.6
1118310 1143.7
1118320 1142.8
1118330 1142.8
1118340 1141.6
1118350 1142.2
1118360 1146.1
1118370 1146.1
1118380 1152.0
1118390 1155.0
1118400 1155.0
1118410 1158.3
1118420 1159.5
1118430 1159.5
1118440 1154.2
1118450 1153.8
1118460 1153.8
1118470 1160.0
1118480 1164.6
1118490 1164.6
1118500 1166.9
1118510 1167.8
1118520 1167.8
1118530 1169.9
1118540 1173.2
1118550 1173.2
1118560 1175.0
1118570 1175.9
1118580 1175.9
1118590 1179.5
1118600 1184.0
1118610 1184.0
1118620 1188.9
1118630 1191.5
1118640 1191.5
1118650 1193.9
1118660 1195.9
1118670 1197.9
1118680 1197.9
1118690 1200.4
1118700 1203.9
1118710 1203.9
1118720 1207.3
1118730 1209.9
1118740 1209.9
1118750 1212.9
1118760 1216.2
1118770 1216.2
1118780 1220.2
1118790 1224.3
1118800 1224.3
1118810 1226.6
1118820 1228.1
1118830 1228.1
1118840 1229.5
1118850 1227.8
1118860 1227.8
1118870 1224.9
1118880 1223.5
1118890 1223.5
1118900 1222.7
1118910 1221.7
1118920 1221.7
1118930 1221.6
1118940 1222.3
1118950 1222.3
1118960 1223.0
1118970 1222.4
1118980 1222.4
1118990 1225.7
1119000 1229.9
1119010 1232.5
1119020 1232.5
1119030 1233.9
1119040 1235.2
1119050 1235.2
1119060 1236.0
1119070 1236.6
1119080 1236.6
1119090 1234.9
1119100 1232.2
1119110 1232.2
1119120 1232.6
1119130 1233.6
1119140 1233.6
1119150 1234.4
1119160 1233.8
1119170 1233.8
1119180 1231.1
1119190 1231.8
1119200 1231.8
1119210 1232.3
1119220 1232.3
1119230 1232.3
1119240 1232.6
1119250 1233.6
1119260 1233.6
1119270 1235.7
1119280 1239.3
1119290 1239.3
1119300 1242.7
1119310 1246.7
1119320 1248.9
1119330 1248.9
1119340 1251.9
1119350 1255.2
1119360 1255.2
1119370 1257.7
1119380 1260.0
1119390 1260.0
1119400 1262.8
1119410 1264.0
1119420 1264.0
1119430 1264.5
1119440 1265.3
1119450 1265.3
1119460 1267.6
1119470 1267.9
1119480 1267.9
1119490 1269.9
1119500 1273.2
1119510 1273.2
1119520 1276.0
1119530 1279.9
1119540 1279.9
1119550 1282.2
1119560 1285.0
1119570 1285.0
1119580 1286.4
1119590 1284.9
1119600 1284.9
1119610 1282.7
1119620 1280.2
1119630 1280.2
1119640 1278.1
1119650 1276.6
1119660 1277.2
1119670 1276.8
1119680 1279.5
1119690 1282.3
1119700 1282.3
1119710 1284.9
1119720 1288.7
1119730 1288.7
1119740 1293.8
1119750 1297.5
1119760 1297.5
1119770 1300.2
1119780 1302.9
1119790 1302.9
1119800 1306.0
1119810 1311.2
1119820 1311.2
1119830 1315.9
1119840 1322.7
1119850 1322.7
1119860 1327.9
1119870 1333.8
1119880 1333.8
1119890 1339.3
1119900 1344.8
1119910 1344.8
1119920 1350.8
1119930 1358.3
1119940 1358.3
1119950 1366.8
1119960 1370.6
1119970 1373.5
1119980 1373.5
1119990 1376.4
