1100000 614.5
1100010 614.5
1100020 614.0
1100030 613.7
1100040 613.7
1100050 613.2
1100060 613.1
1100070 612.5
1100080 612.5
1100090 611.6
1100100 610.8
1100110 610.8
1100120 609.3
1100130 607.9
1100140 605.5
1100150 604.7
1100160 603.4
1100170 603.4
1100180 602.2
1100190 601.3
1100200 601.3
1100210 600.3
1100220 599.2
1100230 599.2
1100240 598.3
1100250 597.7
1100260 597.7
1100270 597.1
1100280 596.5
1100290 596.5
1100300 596.0
1100310 595.7
1100320 595.7
1100330 595.2
1100340 594.7
1100350 594.7
1100360 590.5
1100370 585.6
1100380 585.6
1100390 583.9
1100400 582.1
1100410 580.5
1100420 580.5
1100430 577.3
1100440 573.6
1100450 573.6
1100460 569.7
1100470 559.3
1100480 559.3
1100490 559.2
1100500 559.8
1100510 559.8
1100520 561.2
1100530 558.8
1100540 558.8
1100550 556.1
1100560 555.7
1100570 555.7
1100580 554.6
1100590 552.5
1100600 552.5
1100610 550.9
1100620 549.1
1100630 549.1
1100640 547.2
1100650 544.9
1100660 544.9
1100670 544.1
1100680 542.5
1100690 542.5
1100700 541.8
1100710 541.0
1100720 540.7
1100730 540.7
1100740 540.3
1100750 540.0
1100760 540.0
1100770 540.0
1100780 540.6
1100790 540.6
1100800 541.7
1100810 534.3
1100820 534.3
1100830 535.5
1100840 536.5
1100850 536.5
1100860 538.5
1100870 538.3
1100880 538.3
1100890 537.1
1100900 534.9
1100910 534.9
1100920 532.5
1100930 531.7
1100940 531.7
1100950 530.8
1100960 529.9
1100970 529.9
1100980 529.5
1100990 529.5
1101000 529.5
1101010 529.2
1101020 529.0
1101030 529.0
1101040 528.0
1101050 526.8
1101060 526.4
1101070 526.4
1101080 526.2
1101090 526.1
1101100 526.1
1101110 526.4
1101120 527.7
1101130 527.7
1101140 531.1
1101150 530.6
1101160 530.6
1101170 530.3
1101180 529.8
1101190 529.8
1101200 529.7
1101210 529.9
1101220 529.9
1101230 529.8
1101240 529.8
1101250 529.8
1101260 529.7
1101270 529.7
1101280 529.7
1101290 529.7
1101300 529.7
1101310 529.7
1101320 529.7
1101330 529.8
1101340 529.8
1101350 529.7
1101360 531.0
1101370 531.0
1101380 532.2
1101390 532.4
1101400 532.3
1101410 532.3
1101420 531.8
1101430 531.2
1101440 531.2
1101450 530.8
1101460 530.4
1101470 530.6
1101480 530.5
1101490 530.5
1101500 530.5
1101510 530.5
1101520 530.3
1101530 530.3
1101540 531.1
1101550 531.8
1101560 531.8
1101570 530.9
1101580 530.2
1101590 530.2
1101600 530.3
1101610 530.3
1101620 530.3
1101630 530.4
1101640 530.9
1101650 530.9
1101660 531.3
1101670 532.1
1101680 532.1
1101690 533.2
1101700 533.3
1101710 532.2
1101720 532.2
1101730 532.0
1101740 532.0
1101750 532.0
1101760 535.6
1101770 540.1
1101780 540.1
1101790 542.5
1101800 545.2
1101810 544.6
1101820 545.5
1101830 546.9
1101840 546.9
1101850 548.7
1101860 549.2
1101870 549.2
1101880 551.2
1101890 552.7
1101900 552.7
1101910 553.2
1101920 554.1
1101930 554.1
1101940 555.6
1101950 556.9
1101960 556.9
1101970 558.0
1101980 559.3
1101990 559.3
1102000 561.2
1102010 563.1
1102020 563.1
1102030 565.3
1102040 567.3
1102050 569.1
1102060 569.1
1102070 570.7
1102080 572.2
1102090 572.2
1102100 573.3
1102110 573.1
1102120 573.1
1102130 570.6
1102140 570.5
1102150 570.5
1102160 568.1
1102170 565.3
1102180 565.3
1102190 562.7
1102200 560.8
1102210 560.8
1102220 559.8
1102230 559.7
1102240 559.7
1102250 559.3
1102260 558.7
1102270 558.7
1102280 558.7
1102290 558.2
1102300 558.2
1102310 557.5
1102320 556.7
1102330 556.7
1102340 556.1
1102350 555.6
1102360 555.2
1102370 555.2
1102380 554.8
1102390 554.7
1102400 554.7
1102410 554.7
1102420 554.8
1102430 554.8
1102440 555.1
1102450 555.3
1102460 555.3
1102470 555.0
1102480 554.8
1102490 554.8
1102500 555.2
1102510 555.2
1102520 555.2
1102530 555.4
1102540 555.6
1102550 555.6
1102560 554.8
1102570 554.7
1102580 554.7
1102590 554.9
1102600 555.2
1102610 555.2
1102620 555.4
1102630 555.7
1102640 555.7
1102650 557.4
1102660 557.9
1102670 557.9
1102680 557.4
1102690 558.4
1102700 558.8
1102710 558.8
1102720 559.4
1102730 560.2
1102740 560.2
1102750 560.7
1102760 560.8
1102770 560.8
1102780 559.8
1102790 559.1
1102800 559.1
1102810 560.9
1102820 561.2
1102830 561.2
1102840 561.6
1102850 562.2
1102860 562.2
1102870 563.2
1102880 563.6
1102890 563.6
1102900 563.2
1102910 561.8
1102920 561.8
1102930 562.1
1102940 565.4
1102950 565.4
1102960 568.7
1102970 572.6
1102980 572.6
1102990 575.0
1103000 576.5
1103010 576.5
1103020 577.2
1103030 577.4
1103040 577.7
1103050 577.7
1103060 578.0
1103070 578.4
1103080 578.4
1103090 578.6
1103100 578.6
1103110 578.6
1103120 579.2
1103130 577.9
1103140 571.6
1103150 571.6
1103160 574.6
1103170 574.6
1103180 574.9
1103190 573.3
1103200 573.3
1103210 572.9
1103220 578.5
1103230 578.5
1103240 584.1
1103250 586.2
1103260 586.2
1103270 588.9
1103280 593.4
1103290 593.4
1103300 599.9
1103310 606.1
1103320 606.1
1103330 611.5
1103340 614.8
1103350 617.4
1103360 617.4
1103370 619.2
1103380 620.2
1103390 620.2
1103400 620.8
1103410 621.8
1103420 621.8
1103430 623.3
1103440 624.8
1103450 624.8
1103460 626.3
1103470 627.9
1103480 628.9
1103490 630.4
1103500 631.5
1103510 631.5
1103520 632.6
1103530 633.7
1103540 633.7
1103550 634.7
1103560 635.7
1103570 635.7
1103580 636.7
1103590 637.8
1103600 637.8
1103610 638.9
1103620 639.9
1103630 639.9
1103640 641.0
1103650 642.3
1103660 642.3
1103670 644.0
1103680 646.2
1103690 648.8
1103700 648.8
1103710 651.4
1103720 653.6
1103730 653.6
1103740 655.3
1103750 656.4
1103760 656.4
1103770 657.4
1103780 658.8
1103790 658.8
1103800 660.1
1103810 660.8
1103820 660.8
1103830 661.1
1103840 661.2
1103850 661.2
1103860 661.5
1103870 661.7
1103880 661.7
1103890 662.0
1103900 662.4
1103910 662.4
1103920 662.6
1103930 662.8
1103940 662.8
1103950 663.0
1103960 663.2
1103970 663.2
1103980 663.4
1103990 663.5
1104000 663.7
1104010 663.7
1104020 663.9
1104030 663.8
1104040 663.8
1104050 662.8
1104060 660.0
1104070 660.0
1104080 656.9
1104090 655.1
1104100 655.1
1104110 653.8
1104120 651.2
1104130 651.2
1104140 647.6
1104150 638.4
1104160 638.4
1104170 629.4
1104180 617.5
1104190 617.5
1104200 610.6
1104210 610.2
1104220 610.2
1104230 611.0
1104240 612.3
1104250 612.3
1104260 614.2
1104270 617.8
1104280 617.8
1104290 623.2
1104300 625.5
1104310 625.5
1104320 625.6
1104330 625.8
1104340 627.9
1104350 627.9
1104360 629.8
1104370 627.1
1104380 627.1
1104390 619.3
1104400 617.0
1104410 617.0
1104420 616.4
1104430 616.8
1104440 616.8
1104450 617.8
1104460 621.3
1104470 621.3
1104480 621.6
1104490 627.4
1104500 627.4
1104510 634.2
1104520 639.4
1104530 639.4
1104540 641.9
1104550 638.6
1104560 638.6
1104570 632.5
1104580 628.1
1104590 628.1
1104600 626.2
1104610 626.4
1104620 626.4
1104630 627.2
1104640 627.9
1104650 633.2
1104660 633.2
1104670 640.7
1104680 647.8
1104690 647.8
1104700 653.6
1104710 657.3
1104720 657.3
1104730 660.3
1104740 662.8
1104750 662.8
1104760 664.9
1104770 666.3
1104780 666.3
1104790 666.7
1104800 665.7
1104810 665.7
1104820 663.1
1104830 661.6
1104840 661.6
1104850 662.5
1104860 664.6
1104870 664.6
1104880 668.3
1104890 671.6
1104900 671.6
1104910 675.7
1104920 680.1
1104930 680.1
1104940 682.8
1104950 684.8
1104960 684.8
1104970 686.4
1104980 687.6
1104990 684.2
1105000 684.2
1105010 684.3
1105020 686.6
1105030 686.6
1105040 687.2
1105050 688.4
1105060 688.4
1105070 690.1
1105080 691.9
1105090 691.9
1105100 694.2
1105110 696.3
1105120 696.3
1105130 698.0
1105140 699.4
1105150 699.4
1105160 698.6
1105170 700.4
1105180 700.4
1105190 703.0
1105200 705.1
1105210 705.1
1105220 707.0
1105230 708.9
1105240 708.9
1105250 710.6
1105260 711.8
1105270 711.8
1105280 712.6
1105290 713.0
1105300 713.0
1105310 713.1
1105320 712.7
1105330 713.2
1105340 713.2
1105350 712.5
1105360 709.9
1105370 709.9
1105380 707.6
1105390 704.7
1105400 704.7
1105410 700.9
1105420 698.5
1105430 698.5
1105440 696.1
1105450 693.8
1105460 693.8
1105470 693.4
1105480 696.1
1105490 700.7
1105500 705.5
1105510 711.0
1105520 711.0
1105530 715.0
1105540 717.7
1105550 717.7
1105560 719.7
1105570 720.8
1105580 720.8
1105590 718.8
1105600 716.0
1105610 716.0
1105620 715.6
1105630 719.1
1105640 724.0
1105650 724.0
1105660 726.0
1105670 727.0
1105680 727.0
1105690 729.8
1105700 730.4
1105710 730.4
1105720 732.7
1105730 737.2
1105740 737.2
1105750 741.2
1105760 743.8
1105770 743.8
1105780 746.7
1105790 749.7
1105800 749.7
1105810 751.9
1105820 752.7
1105830 753.3
1105840 754.9
1105850 757.3
1105860 757.3
1105870 758.6
1105880 759.6
1105890 759.6
1105900 760.8
1105910 762.5
1105920 762.5
1105930 764.9
1105940 767.7
1105950 767.7
1105960 771.5
1105970 774.8
1105980 776.0
1105990 776.0
1106000 775.7
1106010 775.1
1106020 775.1
1106030 775.5
1106040 776.1
1106050 776.1
1106060 776.6
1106070 776.5
1106080 776.5
1106090 776.5
1106100 777.0
1106110 777.0
1106120 778.1
1106130 778.9
1106140 778.9
1106150 779.6
1106160 779.7
1106170 784.0
1106180 782.6
1106190 782.2
1106200 782.2
1106210 782.3
1106220 781.9
1106230 781.9
1106240 781.4
1106250 781.4
1106260 781.4
1106270 781.6
1106280 782.1
1106290 782.6
1106300 782.6
1106310 783.3
1106320 784.3
1106330 784.3
1106340 785.7
1106350 787.6
1106360 787.6
1106370 790.0
1106380 792.1
1106390 792.1
1106400 793.6
1106410 795.8
1106420 795.8
1106430 797.9
1106440 800.4
1106450 800.4
1106460 803.0
1106470 804.6
1106480 804.6
1106490 806.0
1106500 803.0
1106510 803.0
1106520 803.7
1106530 805.5
1106540 805.5
1106550 809.4
1106560 812.7
1106570 812.7
1106580 814.5
1106590 814.7
1106600 814.7
1106610 814.2
1106620 813.8
1106630 813.9
1106640 813.9
1106650 814.3
1106660 814.7
1106670 814.7
1106680 814.5
1106690 813.9
1106700 813.9
1106710 813.1
1106720 812.4
1106730 812.4
1106740 812.2
1106750 812.7
1106760 812.7
1106770 813.7
1106780 814.2
1106790 814.2
1106800 814.6
1106810 815.4
1106820 815.4
1106830 816.8
1106840 816.1
1106850 816.1
1106860 817.0
1106870 817.4
1106880 817.4
1106890 816.8
1106900 815.4
1106910 815.4
1106920 814.2
1106930 814.0
1106940 815.1
1106950 815.1
1106960 816.6
1106970 818.7
1106980 818.7
1106990 821.3
1107000 822.9
1107010 822.9
1107020 824.5
1107030 826.6
1107040 826.6
1107050 829.3
1107060 834.3
1107070 834.3
1107080 838.7
1107090 839.9
1107100 839.9
1107110 840.4
1107120 841.0
1107130 841.0
1107140 842.1
1107150 843.4
1107160 843.4
1107170 845.2
1107180 846.3
1107190 846.3
1107200 848.0
1107210 849.7
1107220 849.7
1107230 850.8
1107240 849.9
1107250 849.9
1107260 848.7
1107270 850.5
1107280 852.9
1107290 852.9
1107300 854.6
1107310 856.5
1107320 856.5
1107330 858.2
1107340 859.8
1107350 859.8
1107360 861.4
1107370 862.7
1107380 862.7
1107390 863.8
1107400 864.7
1107410 864.7
1107420 865.3
1107430 866.2
1107440 866.2
1107450 867.6
1107460 868.2
1107470 868.2
1107480 868.0
1107490 868.1
1107500 868.1
1107510 867.6
1107520 865.9
1107530 865.9
1107540 868.5
1107550 870.4
1107560 870.4
1107570 871.5
1107580 872.2
1107590 872.2
1107600 872.6
1107610 872.8
1107620 873.0
1107630 873.0
1107640 873.7
1107650 874.4
1107660 874.4
1107670 875.1
1107680 876.1
1107690 876.1
1107700 877.1
1107710 878.0
1107720 878.0
1107730 878.8
1107740 879.4
1107750 879.4
1107760 879.7
1107770 879.8
1107780 879.8
1107790 880.0
1107800 880.2
1107810 880.2
1107820 883.8
1107830 885.6
1107840 885.6
1107850 886.7
1107860 886.9
1107870 886.9
1107880 887.6
1107890 888.1
1107900 888.1
1107910 888.8
1107920 889.3
1107930 890.3
1107940 890.3
1107950 892.5
1107960 895.6
1107970 895.6
1107980 898.6
1107990 900.3
1108000 900.3
1108010 901.8
1108020 902.7
1108030 902.7
1108040 903.3
1108050 903.8
1108060 903.8
1108070 905.7
1108080 908.1
1108090 908.1
1108100 909.9
1108110 912.2
1108120 912.2
1108130 914.6
1108140 917.0
1108150 917.0
1108160 919.6
1108170 921.1
1108180 921.1
1108190 923.1
1108200 923.9
1108210 923.9
1108220 926.2
1108230 927.6
1108240 927.6
1108250 930.9
1108260 932.8
1108270 936.1
1108280 936.1
1108290 939.2
1108300 942.0
1108310 942.0
1108320 945.3
1108330 947.9
1108340 947.9
1108350 950.1
1108360 951.1
1108370 951.1
1108380 955.0
1108390 957.3
1108400 957.3
1108410 957.8
1108420 958.3
1108430 958.3
1108440 958.5
1108450 960.0
1108460 960.0
1108470 962.4
1108480 964.5
1108490 964.5
1108500 966.3
1108510 968.2
1108520 968.2
1108530 970.9
1108540 972.0
1108550 972.0
1108560 972.4
1108570 974.2
1108580 975.5
1108590 975.5
1108600 977.7
1108610 982.6
1108620 982.6
1108630 986.9
1108640 991.8
1108650 991.8
1108660 997.5
1108670 1003.3
1108680 1003.3
1108690 1008.6
1108700 1009.8
1108710 1009.8
1108720 1008.8
1108730 1008.4
1108740 1008.4
1108750 1009.2
1108760 1008.8
1108770 1008.8
1108780 1009.0
1108790 1010.6
1108800 1010.6
1108810 1013.2
1108820 1014.6
1108830 1014.6
1108840 1016.7
1108850 1019.3
1108860 1019.3
1108870 1023.6
1108880 1027.3
1108890 1027.3
1108900 1030.6
1108910 1031.7
1108920 1034.4
1108930 1034.4
1108940 1037.0
1108950 1039.5
1108960 1039.5
1108970 1041.4
1108980 1043.2
1108990 1043.2
1109000 1045.8
1109010 1048.1
1109020 1048.1
1109030 1050.3
1109040 1052.5
1109050 1052.5
1109060 1054.9
1109070 1057.2
1109080 1057.2
1109090 1059.6
1109100 1062.2
1109110 1062.2
1109120 1065.0
1109130 1068.5
1109140 1068.5
1109150 1071.8
1109160 1075.1
1109170 1075.1
1109180 1078.3
1109190 1081.5
1109200 1081.5
1109210 1084.9
1109220 1088.2
1109230 1089.4
1109240 1089.4
1109250 1090.3
1109260 1092.2
1109270 1092.2
1109280 1094.0
1109290 1096.0
1109300 1096.0
1109310 1098.5
1109320 1101.5
1109330 1101.5
1109340 1104.7
1109350 1107.3
1109360 1107.3
1109370 1108.9
1109380 1109.6
1109390 1109.6
1109400 1109.3
1109410 1108.9
1109420 1108.9
1109430 1108.5
1109440 1107.5
1109450 1107.5
1109460 1106.4
1109470 1104.8
1109480 1104.8
1109490 1102.2
1109500 1098.8
1109510 1098.8
1109520 1094.1
1109530 1090.7
1109540 1090.7
1109550 1088.1
1109560 1089.4
1109570 1086.4
1109580 1086.4
1109590 1083.1
1109600 1080.5
1109610 1080.5
1109620 1079.9
1109630 1078.5
1109640 1078.5
1109650 1075.9
1109660 1074.6
1109670 1074.6
1109680 1074.7
1109690 1074.2
1109700 1074.2
1109710 1073.3
1109720 1072.6
1109730 1072.6
1109740 1070.9
1109750 1069.8
1109760 1069.8
1109770 1068.0
1109780 1067.2
1109790 1067.2
1109800 1069.1
1109810 1068.6
1109820 1068.6
1109830 1067.3
1109840 1066.7
1109850 1066.7
1109860 1066.4
1109870 1065.6
1109880 1064.4
1109890 1064.4
1109900 1067.5
1109910 1065.8
1109920 1065.8
1109930 1064.5
1109940 1063.7
1109950 1063.7
1109960 1062.1
1109970 1060.8
1109980 1060.8
1109990 1059.1
1110000 1057.7
1110010 1057.7
1110020 1056.0
1110030 1054.6
1110040 1054.6
1110050 1054.0
1110060 1053.9
1110070 1053.9
1110080 1053.0
1110090 1052.2
1110100 1052.2
1110110 1052.5
1110120 1051.8
1110130 1051.8
1110140 1052.0
1110150 1051.8
1110160 1051.8
1110170 1050.9
1110180 1050.5
1110190 1050.5
1110200 1050.2
1110210 1048.8
1110220 1048.0
1110230 1048.0
1110240 1050.5
1110250 1050.4
1110260 1050.4
1110270 1050.0
1110280 1049.1
1110290 1049.1
1110300 1048.0
1110310 1046.7
1110320 1046.7
1110330 1044.9
1110340 1043.0
1110350 1043.0
1110360 1041.3
1110370 1039.5
1110380 1039.5
1110390 1038.0
1110400 1036.1
1110410 1036.1
1110420 1033.8
1110430 1031.1
1110440 1031.1
1110450 1028.5
1110460 1026.0
1110470 1026.0
1110480 1025.1
1110490 1024.1
1110500 1024.1
1110510 1021.9
1110520 1021.7
1110530 1023.5
1110540 1023.5
1110550 1024.7
1110560 1025.8
1110570 1025.8
1110580 1026.9
1110590 1027.9
1110600 1027.9
1110610 1028.9
1110620 1029.7
1110630 1029.7
1110640 1030.6
1110650 1031.0
1110660 1031.0
1110670 1031.2
1110680 1031.1
1110690 1031.1
1110700 1030.4
1110710 1029.3
1110720 1029.3
1110730 1028.1
1110740 1026.8
1110750 1026.8
1110760 1026.1
1110770 1025.5
1110780 1025.5
1110790 1024.8
1110800 1023.9
1110810 1023.9
1110820 1023.0
1110830 1022.0
1110840 1022.0
1110850 1020.4
1110860 1018.1
1110870 1015.0
1110880 1015.0
1110890 1011.5
1110900 1008.3
1110910 1008.3
1110920 1008.4
1110930 1007.3
1110940 1007.3
1110950 1006.7
1110960 1006.4
1110970 1006.4
1110980 1006.7
1110990 1007.4
1111000 1007.4
1111010 1007.6
1111020 1004.8
1111030 1004.8
1111040 1003.3
1111050 1000.8
1111060 1000.8
1111070 997.7
1111080 995.2
1111090 995.2
1111100 993.9
1111110 993.1
1111120 993.1
1111130 991.7
1111140 990.5
1111150 990.5
1111160 989.4
1111170 988.2
1111180 988.2
1111190 986.8
1111200 985.8
1111210 985.4
1111220 985.4
1111230 985.2
1111240 984.7
1111250 984.7
1111260 986.2
1111270 985.5
1111280 985.5
1111290 984.8
1111300 983.6
1111310 983.6
1111320 982.1
1111330 980.7
1111340 980.7
1111350 979.3
1111360 978.0
1111370 978.0
1111380 977.4
1111390 976.4
1111400 976.4
1111410 974.8
1111420 973.4
1111430 973.4
1111440 971.4
1111450 970.6
1111460 970.6
1111470 970.7
1111480 970.4
1111490 970.4
1111500 969.2
1111510 967.9
1111520 966.3
1111530 966.3
1111540 964.4
1111550 962.5
1111560 962.5
1111570 960.5
1111580 958.5
1111590 958.5
1111600 956.6
1111610 957.4
1111620 957.4
1111630 955.7
1111640 954.5
1111650 954.5
1111660 953.7
1111670 952.0
1111680 952.0
1111690 950.2
1111700 949.5
1111710 949.5
1111720 948.8
1111730 947.7
1111740 947.7
1111750 946.1
1111760 943.2
1111770 943.2
1111780 941.8
1111790 946.2
1111800 946.2
1111810 952.1
1111820 955.0
1111830 955.0
1111840 958.7
1111850 960.9
1111860 960.8
1111870 960.8
1111880 958.9
1111890 958.3
1111900 958.3
1111910 957.9
1111920 957.2
1111930 957.2
1111940 955.1
1111950 954.2
1111960 954.2
1111970 952.5
1111980 951.2
1111990 951.2
1112000 949.3
1112010 948.3
1112020 948.3
1112030 948.0
1112040 947.2
1112050 947.2
1112060 944.7
1112070 942.6
1112080 942.6
1112090 937.9
1112100 935.8
1112110 935.8
1112120 935.5
1112130 935.3
1112140 935.3
1112150 934.5
1112160 934.2
1112170 934.0
1112180 934.0
1112190 933.3
1112200 932.3
1112210 932.3
1112220 931.4
1112230 929.4
1112240 929.4
1112250 927.8
1112260 926.6
1112270 926.6
1112280 923.9
1112290 924.2
1112300 924.2
1112310 920.8
1112320 919.5
1112330 919.5
1112340 917.9
1112350 916.8
1112360 916.8
1112370 916.0
1112380 915.7
1112390 915.7
1112400 915.4
1112410 915.1
1112420 915.1
1112430 914.4
1112440 913.3
1112450 913.3
1112460 912.7
1112470 912.1
1112480 912.1
1112490 911.2
1112500 910.1
1112510 909.6
1112520 909.6
1112530 909.0
1112540 908.9
1112550 908.9
1112560 909.0
1112570 908.7
1112580 908.7
1112590 907.6
1112600 905.5
1112610 905.5
1112620 901.5
1112630 896.4
1112640 896.4
1112650 893.1
1112660 890.8
1112670 890.8
1112680 888.7
1112690 886.0
1112700 886.0
1112710 884.2
1112720 881.6
1112730 881.6
1112740 879.0
1112750 876.2
1112760 876.2
1112770 873.7
1112780 871.0
1112790 871.0
1112800 867.0
1112810 863.0
1112820 859.1
1112830 859.1
1112840 855.2
1112850 853.7
1112860 853.7
1112870 852.8
1112880 851.1
1112890 851.1
1112900 848.7
1112910 843.5
1112920 843.5
1112930 835.9
1112940 829.0
1112950 829.0
1112960 824.3
1112970 819.3
1112980 821.2
1112990 814.1
1113000 809.1
1113010 809.1
1113020 803.3
1113030 798.5
1113040 798.5
1113050 797.8
1113060 799.4
1113070 799.4
1113080 799.2
1113090 802.0
1113100 802.0
1113110 806.5
1113120 810.8
1113130 810.8
1113140 815.3
1113150 818.6
1113160 821.9
1113170 821.9
1113180 824.9
1113190 825.9
1113200 825.9
1113210 826.9
1113220 829.1
1113230 829.1
1113240 830.6
1113250 831.8
1113260 831.8
1113270 835.7
1113280 839.4
1113290 839.4
1113300 841.2
1113310 841.3
1113320 842.0
1113330 841.9
1113340 841.7
1113350 841.7
1113360 841.2
1113370 842.1
1113380 842.1
1113390 842.6
1113400 843.2
1113410 843.2
1113420 845.7
1113430 846.9
1113440 846.9
1113450 848.1
1113460 849.0
1113470 848.5
1113480 848.5
1113490 848.2
1113500 848.6
1113510 848.6
1113520 850.2
1113530 851.8
1113540 851.8
1113550 853.5
1113560 854.4
1113570 854.4
1113580 855.0
1113590 855.5
1113600 855.5
1113610 854.8
1113620 853.9
1113630 853.9
1113640 854.0
1113650 854.2
1113660 854.2
1113670 855.4
1113680 855.6
1113690 855.6
1113700 856.5
1113710 857.0
1113720 857.0
1113730 857.6
1113740 858.0
1113750 858.0
1113760 858.7
1113770 860.2
1113780 860.2
1113790 862.0
1113800 865.0
1113810 865.5
1113820 865.5
1113830 865.2
1113840 867.6
1113850 867.6
1113860 870.6
1113870 871.2
1113880 871.2
1113890 870.3
1113900 868.5
1113910 868.5
1113920 866.8
1113930 866.6
1113940 866.6
1113950 868.2
1113960 869.3
1113970 869.3
1113980 870.4
1113990 871.2
1114000 871.2
1114010 874.3
1114020 874.6
1114030 874.6
1114040 873.4
1114050 870.9
1114060 870.9
1114070 870.3
1114080 871.1
1114090 871.1
1114100 871.9
1114110 872.6
1114120 872.6
1114130 874.5
1114140 874.7
1114150 875.1
1114160 875.1
1114170 876.7
1114180 877.7
1114190 877.7
1114200 877.8
1114210 877.1
1114220 877.1
1114230 875.8
1114240 874.8
1114250 874.8
1114260 874.7
1114270 875.2
1114280 875.2
1114290 875.6
1114300 874.2
1114310 874.2
1114320 872.7
1114330 872.5
1114340 872.5
1114350 872.1
1114360 873.4
1114370 873.4
1114380 873.4
1114390 872.9
1114400 872.9
1114410 872.4
1114420 872.4
1114430 872.4
1114440 872.3
1114450 872.2
1114460 872.1
1114470 872.1
1114480 872.1
1114490 872.1
1114500 872.1
1114510 871.8
1114520 871.7
1114530 871.7
1114540 871.2
1114550 869.4
1114560 869.4
1114570 867.3
1114580 865.7
1114590 865.7
1114600 864.3
1114610 862.7
1114620 862.7
1114630 861.3
1114640 859.7
1114650 859.7
1114660 857.5
1114670 854.4
1114680 854.4
1114690 851.8
1114700 849.4
1114710 849.4
1114720 848.1
1114730 847.1
1114740 847.1
1114750 846.4
1114760 845.0
1114770 845.0
1114780 842.5
1114790 839.6
1114800 837.3
1114810 837.3
1114820 835.4
1114830 834.8
1114840 834.8
1114850 834.0
1114860 833.0
1114870 833.0
1114880 829.8
1114890 824.7
1114900 824.7
1114910 821.4
1114920 820.4
1114930 820.4
1114940 818.6
1114950 816.9
1114960 816.9
1114970 815.1
1114980 813.2
1114990 813.2
1115000 811.3
1115010 809.7
1115020 809.7
1115030 808.7
1115040 807.4
1115050 808.1
1115060 806.5
1115070 805.1
1115080 805.1
1115090 803.8
1115100 801.9
1115110 800.3
1115120 800.3
1115130 799.0
1115140 797.8
1115150 797.8
1115160 796.7
1115170 795.3
1115180 795.3
1115190 793.8
1115200 792.0
1115210 792.0
1115220 789.5
1115230 785.9
1115240 785.9
1115250 783.9
1115260 784.1
1115270 784.1
1115280 784.3
1115290 784.4
1115300 784.4
1115310 784.7
1115320 785.0
1115330 785.0
1115340 785.1
1115350 785.0
1115360 785.0
1115370 784.8
1115380 784.1
1115390 784.0
1115400 786.7
1115410 791.2
1115420 791.2
1115430 793.8
1115440 794.9
1115450 796.4
1115460 796.4
1115470 797.8
1115480 800.1
1115490 800.1
1115500 803.4
1115510 805.7
1115520 805.7
1115530 808.0
1115540 809.5
1115550 809.5
1115560 810.6
1115570 811.4
1115580 811.4
1115590 812.1
1115600 813.2
1115610 813.2
1115620 814.5
1115630 815.7
1115640 815.7
1115650 816.9
1115660 817.5
1115670 817.5
1115680 817.9
1115690 818.5
1115700 818.5
1115710 819.1
1115720 819.7
1115730 819.7
1115740 819.5
1115750 821.3
1115760 824.5
1115770 824.5
1115780 830.3
1115790 835.9
1115800 835.9
1115810 840.1
1115820 843.8
1115830 843.8
1115840 846.1
1115850 847.4
1115860 847.4
1115870 848.7
1115880 849.5
1115890 849.5
1115900 850.3
1115910 850.0
1115920 850.0
1115930 849.4
1115940 849.8
1115950 849.8
1115960 850.8
1115970 851.8
1115980 851.8
1115990 852.9
1116000 854.0
1116010 854.0
1116020 854.8
1116030 855.5
1116040 855.5
1116050 856.1
1116060 857.3
1116070 857.3
1116080 857.4
1116090 858.8
1116100 859.7
1116110 859.7
1116120 860.7
1116130 861.7
1116140 861.7
1116150 863.0
1116160 864.2
1116170 864.2
1116180 865.1
1116190 865.4
1116200 865.4
1116210 866.7
1116220 868.3
1116230 868.3
1116240 869.1
1116250 869.9
1116260 869.9
1116270 871.6
1116280 874.0
1116290 874.0
1116300 875.5
1116310 875.9
1116320 875.9
1116330 876.0
1116340 876.9
1116350 876.9
1116360 878.4
1116370 880.3
1116380 880.3
1116390 881.8
1116400 883.0
1116410 885.3
1116420 885.3
1116430 887.1
1116440 887.8
1116450 887.8
1116460 888.3
1116470 888.8
1116480 888.8
1116490 889.1
1116500 889.2
1116510 889.2
1116520 889.4
1116530 889.6
1116540 889.6
1116550 889.9
1116560 890.4
1116570 890.4
1116580 891.4
1116590 892.4
1116600 892.4
1116610 893.5
1116620 894.8
1116630 894.8
1116640 895.9
1116650 896.6
1116660 896.6
1116670 897.4
1116680 899.1
1116690 899.1
1116700 900.9
1116710 901.5
1116720 901.5
1116730 902.6
1116740 904.3
1116750 904.7
1116760 904.7
1116770 905.2
1116780 906.4
1116790 906.4
1116800 907.1
1116810 908.3
1116820 908.3
1116830 908.4
1116840 908.6
1116850 908.6
1116860 909.1
1116870 910.1
1116880 910.1
1116890 911.0
1116900 912.0
1116910 912.0
1116920 913.4
1116930 915.2
1116940 915.2
1116950 917.3
1116960 919.6
1116970 919.6
1116980 921.7
1116990 923.9
1117000 923.9
1117010 925.8
1117020 927.4
1117030 927.4
1117040 928.9
1117050 930.8
1117060 932.8
1117070 932.8
1117080 934.7
1117090 936.1
1117100 936.1
1117110 937.2
1117120 937.5
1117130 937.5
1117140 938.6
1117150 941.9
1117160 941.9
1117170 944.5
1117180 946.2
1117190 946.2
1117200 947.1
1117210 947.3
1117220 947.3
1117230 947.6
1117240 947.9
1117250 947.9
1117260 948.0
1117270 949.0
1117280 949.0
1117290 950.1
1117300 950.6
1117310 950.6
1117320 950.9
1117330 951.1
1117340 951.1
1117350 952.2
1117360 954.1
1117370 954.1
1117380 954.8
1117390 955.8
1117400 956.7
1117410 956.7
1117420 957.4
1117430 957.9
1117440 957.9
1117450 958.3
1117460 958.1
1117470 956.9
1117480 958.5
1117490 959.9
1117500 959.9
1117510 961.1
1117520 962.3
1117530 962.3
1117540 963.1
1117550 964.4
1117560 964.4
1117570 966.1
1117580 968.8
1117590 968.8
1117600 972.4
1117610 976.5
1117620 976.5
1117630 978.8
1117640 984.6
1117650 984.6
1117660 989.0
1117670 992.2
1117680 992.2
1117690 994.9
1117700 997.7
1117710 1000.5
1117720 1000.5
1117730 1002.9
1117740 1005.4
1117750 1005.4
1117760 1008.7
1117770 1012.5
1117780 1012.5
1117790 1014.9
1117800 1015.2
1117810 1015.2
1117820 1007.0
1117830 1006.5
1117840 1006.5
1117850 1004.5
1117860 1003.5
1117870 1003.5
1117880 1004.4
1117890 1007.7
1117900 1007.7
1117910 1012.3
1117920 1015.5
1117930 1015.5
1117940 1018.1
1117950 1022.0
1117960 1022.0
1117970 1025.4
1117980 1027.5
1117990 1027.5
1118000 1029.9
1118010 1032.6
1118020 1032.6
1118030 1035.8
1118040 1039.3
1118050 1043.2
1118060 1043.2
1118070 1047.5
1118080 1051.1
1118090 1051.1
1118100 1055.9
1118110 1061.1
1118120 1061.1
1118130 1064.5
1118140 1068.7
1118150 1068.7
1118160 1072.9
1118170 1079.3
1118180 1079.3
1118190 1081.6
1118200 1083.3
1118210 1083.3
1118220 1085.4
1118230 1088.3
1118240 1088.3
1118250 1091.7
1118260 1095.5
1118270 1095.5
1118280 1099.1
1118290 1101.8
1118300 1101.8
1118310 1104.9
1118320 1109.2
1118330 1109.2
1118340 1114.1
1118350 1120.6
1118360 1120.6
1118370 1125.2
1118380 1129.6
1118390 1133.6
1118400 1133.6
1118410 1137.5
1118420 1141.0
1118430 1141.0
1118440 1144.5
1118450 1148.1
1118460 1148.1
1118470 1151.4
1118480 1155.2
1118490 1155.2
1118500 1159.3
1118510 1163.2
1118520 1161.5
1118530 1165.0
1118540 1168.6
1118550 1168.6
1118560 1171.3
1118570 1173.2
1118580 1173.2
1118590 1173.5
1118600 1172.9
1118610 1172.9
1118620 1172.2
1118630 1171.8
1118640 1171.8
1118650 1171.4
1118660 1171.1
1118670 1171.1
1118680 1170.6
1118690 1169.8
1118700 1169.2
1118710 1169.2
1118720 1168.8
1118730 1168.9
1118740 1168.9
1118750 1169.5
1118760 1170.2
1118770 1170.2
1118780 1170.0
1118790 1169.6
1118800 1169.6
1118810 1169.3
1118820 1167.4
1118830 1167.4
1118840 1165.7
1118850 1167.0
1118860 1167.0
1118870 1167.1
1118880 1168.9
1118890 1168.9
1118900 1169.4
1118910 1170.7
1118920 1170.7
1118930 1170.5
1118940 1168.4
1118950 1168.4
1118960 1165.1
1118970 1163.4
1118980 1163.4
1118990 1161.5
1119000 1160.0
1119010 1160.0
1119020 1158.9
1119030 1157.8
1119040 1156.5
1119050 1156.5
1119060 1155.8
1119070 1155.4
1119080 1155.4
1119090 1154.0
1119100 1153.0
1119110 1153.0
1119120 1152.6
1119130 1151.8
1119140 1151.8
1119150 1151.8
1119160 1151.5
1119170 1151.5
1119180 1151.3
1119190 1151.6
1119200 1151.6
1119210 1150.9
1119220 1150.0
1119230 1150.0
1119240 1153.1
1119250 1155.8
1119260 1155.8
1119270 1156.6
1119280 1157.2
1119290 1157.2
1119300 1157.5
1119310 1158.0
1119320 1158.0
1119330 1158.6
1119340 1158.8
1119350 1160.3
1119360 1160.3
1119370 1161.4
1119380 1162.9
1119390 1162.9
1119400 1166.7
1119410 1171.4
1119420 1171.4
1119430 1172.3
1119440 1173.3
1119450 1173.3
1119460 1175.1
1119470 1176.9
1119480 1176.9
1119490 1181.9
1119500 1186.7
1119510 1186.7
1119520 1190.0
1119530 1195.0
1119540 1195.0
1119550 1198.4
1119560 1201.4
1119570 1199.5
1119580 1203.0
1119590 1207.2
1119600 1207.2
1119610 1213.5
1119620 1218.9
1119630 1218.9
1119640 1225.3
1119650 1229.2
1119660 1229.2
1119670 1230.2
1119680 1231.7
1119690 1233.5
1119700 1233.5
1119710 1234.9
1119720 1235.9
1119730 1235.9
1119740 1240.3
1119750 1245.0
1119760 1245.0
1119770 1248.0
1119780 1251.7
1119790 1251.7
1119800 1254.3
1119810 1258.2
1119820 1258.2
1119830 1262.6
1119840 1267.4
1119850 1267.4
1119860 1272.5
1119870 1276.4
1119880 1276.4
1119890 1279.9
1119900 1283.7
1119910 1283.7
1119920 1285.9
1119930 1289.7
1119940 1289.7
1119950 1294.3
1119960 1299.4
1119970 1299.4
1119980 1304.0
1119990 1309.0
