1100000 649.0
1100010 649.0
1100020 646.9
1100030 645.1
1100040 643.0
1100050 643.0
1100060 641.1
1100070 639.0
1100080 639.0
1100090 636.4
1100100 634.7
1100110 634.7
1100120 631.8
1100130 628.5
1100140 628.5
1100150 625.3
1100160 621.8
1100170 621.8
1100180 617.5
1100190 614.2
1100200 614.2
1100210 612.0
1100220 611.4
1100230 611.4
1100240 610.3
1100250 608.4
1100260 608.4
1100270 605.5
1100280 602.9
1100290 602.9
1100300 601.3
1100310 600.7
1100320 600.7
1100330 599.9
1100340 598.9
1100350 598.9
1100360 597.9
1100370 596.7
1100380 595.5
1100390 595.5
1100400 594.5
1100410 593.9
1100420 593.9
1100430 592.9
1100440 589.4
1100450 589.4
1100460 584.9
1100470 584.3
1100480 584.3
1100490 583.3
1100500 579.1
1100510 579.1
1100520 572.5
1100530 568.2
1100540 568.2
1100550 565.7
1100560 562.4
1100570 562.4
1100580 558.7
1100590 553.7
1100600 553.7
1100610 549.1
1100620 544.0
1100630 544.0
1100640 537.9
1100650 529.1
1100660 529.1
1100670 520.9
1100680 515.8
1100690 515.8
1100700 511.0
1100710 507.4
1100720 505.7
1100730 505.7
1100740 505.8
1100750 507.4
1100760 508.4
1100770 515.5
1100780 522.7
1100790 522.7
1100800 531.1
1100810 539.6
1100820 539.6
1100830 549.9
1100840 556.7
1100850 556.7
1100860 556.0
1100870 553.8
1100880 553.8
1100890 554.1
1100900 553.7
1100910 553.7
1100920 555.9
1100930 561.5
1100940 561.5
1100950 565.1
1100960 565.6
1100970 565.6
1100980 564.6
1100990 563.0
1101000 563.0
1101010 559.6
1101020 555.6
1101030 555.6
1101040 554.5
1101050 549.4
1101060 545.4
1101070 545.4
1101080 542.6
1101090 542.2
1101100 549.0
1101110 551.2
1101120 552.6
1101130 552.6
1101140 547.9
1101150 544.4
1101160 544.4
1101170 543.2
1101180 547.4
1101190 547.4
1101200 546.0
1101210 541.2
1101220 541.2
1101230 537.4
1101240 534.2
1101250 534.2
1101260 530.3
1101270 535.0
1101280 535.0
1101290 544.3
1101300 545.1
1101310 545.1
1101320 540.5
1101330 537.9
1101340 537.9
1101350 535.1
1101360 530.4
1101370 530.4
1101380 525.4
1101390 526.9
1101400 532.9
1101410 532.9
1101420 533.0
1101430 535.0
1101440 535.0
1101450 536.7
1101460 534.6
1101470 534.6
1101480 532.7
1101490 533.8
1101500 533.8
1101510 536.0
1101520 540.3
1101530 540.3
1101540 543.0
1101550 544.4
1101560 544.4
1101570 543.2
1101580 540.7
1101590 540.7
1101600 536.6
1101610 535.9
1101620 535.9
1101630 540.1
1101640 550.5
1101650 550.5
1101660 555.0
1101670 553.6
1101680 553.6
1101690 551.7
1101700 548.3
1101710 545.5
1101720 545.5
1101730 542.0
1101740 534.4
1101750 534.4
1101760 535.2
1101770 526.8
1101780 526.8
1101790 518.7
1101800 512.5
1101810 512.5
1101820 509.7
1101830 509.6
1101840 509.6
1101850 513.3
1101860 517.7
1101870 517.7
1101880 521.6
1101890 525.2
1101900 525.2
1101910 527.6
1101920 532.4
1101930 532.4
1101940 537.0
1101950 546.2
1101960 546.2
1101970 556.5
1101980 559.9
1101990 559.9
1102000 564.8
1102010 567.8
1102020 567.8
1102030 568.3
1102040 568.7
1102050 569.5
1102060 569.5
1102070 570.4
1102080 570.7
1102090 570.7
1102100 569.8
1102110 570.0
1102120 570.0
1102130 570.0
1102140 570.1
1102150 570.1
1102160 570.5
1102170 571.5
1102180 571.5
1102190 572.6
1102200 573.4
1102210 573.4
1102220 574.0
1102230 574.8
1102240 574.8
1102250 575.3
1102260 575.7
1102270 575.7
1102280 576.2
1102290 577.1
1102300 577.1
1102310 578.0
1102320 578.9
1102330 578.9
1102340 580.0
1102350 581.4
1102360 581.4
1102370 582.7
1102380 584.0
1102390 585.4
1102400 585.4
1102410 586.7
1102420 587.8
1102430 583.5
1102440 584.5
1102450 585.1
1102460 585.1
1102470 585.8
1102480 586.4
1102490 586.4
1102500 586.2
1102510 586.1
1102520 586.1
1102530 585.5
1102540 584.4
1102550 584.4
1102560 583.6
1102570 583.0
1102580 583.0
1102590 582.0
1102600 578.3
1102610 578.3
1102620 573.5
1102630 569.7
1102640 569.7
1102650 566.2
1102660 566.0
1102670 566.0
1102680 564.1
1102690 565.2
1102700 565.2
1102710 566.2
1102720 567.4
1102730 563.1
1102740 563.1
1102750 552.3
1102760 550.5
1102770 542.6
1102780 550.2
1102790 553.0
1102800 553.0
1102810 557.7
1102820 558.5
1102830 558.5
1102840 559.2
1102850 562.4
1102860 562.4
1102870 564.4
1102880 563.3
1102890 563.3
1102900 560.7
1102910 563.9
1102920 563.9
1102930 568.4
1102940 577.3
1102950 577.3
1102960 587.3
1102970 592.3
1102980 592.3
1102990 595.4
1103000 598.2
1103010 598.2
1103020 601.0
1103030 604.0
1103040 604.0
1103050 605.6
1103060 606.3
1103070 607.0
1103080 607.0
1103090 607.8
1103100 607.7
1103110 607.7
1103120 609.5
1103130 614.6
1103140 614.6
1103150 620.1
1103160 625.3
1103170 625.3
1103180 627.3
1103190 627.7
1103200 627.7
1103210 628.3
1103220 628.9
1103230 628.9
1103240 629.6
1103250 630.1
1103260 630.1
1103270 630.7
1103280 631.5
1103290 631.5
1103300 632.4
1103310 633.2
1103320 633.2
1103330 634.0
1103340 634.7
1103350 634.7
1103360 635.2
1103370 634.9
1103380 633.2
1103390 633.2
1103400 630.9
1103410 630.3
1103420 630.3
1103430 633.0
1103440 634.2
1103450 634.2
1103460 642.6
1103470 650.9
1103480 650.9
1103490 659.1
1103500 665.8
1103510 665.8
1103520 669.7
1103530 670.1
1103540 670.1
1103550 670.3
1103560 670.4
1103570 670.4
1103580 670.6
1103590 670.8
1103600 670.8
1103610 671.0
1103620 671.2
1103630 671.2
1103640 671.3
1103650 671.3
1103660 671.3
1103670 671.6
1103680 672.4
1103690 672.4
1103700 673.7
1103710 672.8
1103720 672.5
1103730 672.5
1103740 672.7
1103750 672.8
1103760 672.8
1103770 672.9
1103780 673.0
1103790 673.0
1103800 673.3
1103810 673.6
1103820 673.6
1103830 673.7
1103840 673.9
1103850 673.9
1103860 674.1
1103870 674.3
1103880 674.3
1103890 674.5
1103900 674.9
1103910 674.9
1103920 675.3
1103930 675.8
1103940 675.8
1103950 675.8
1103960 675.7
1103970 675.7
1103980 675.5
1103990 675.5
1104000 675.5
1104010 675.7
1104020 675.8
1104030 675.8
1104040 675.8
1104050 675.7
1104060 675.8
1104070 675.8
1104080 676.0
1104090 676.4
1104100 676.4
1104110 676.5
1104120 676.6
1104130 676.6
1104140 676.7
1104150 676.8
1104160 676.8
1104170 677.0
1104180 677.1
1104190 677.1
1104200 677.2
1104210 677.4
1104220 677.4
1104230 677.7
1104240 678.1
1104250 678.1
1104260 678.2
1104270 678.2
1104280 678.2
1104290 678.2
1104300 678.3
1104310 678.3
1104320 678.3
1104330 678.3
1104340 678.3
1104350 678.3
1104360 678.5
1104370 678.5
1104380 678.9
1104390 678.7
1104400 677.8
1104410 677.8
1104420 676.6
1104430 674.2
1104440 666.3
1104450 664.2
1104460 662.2
1104470 662.2
1104480 660.2
1104490 657.8
1104500 657.8
1104510 655.0
1104520 652.6
1104530 652.6
1104540 651.2
1104550 650.0
1104560 650.0
1104570 648.7
1104580 647.7
1104590 647.7
1104600 645.7
1104610 641.8
1104620 641.8
1104630 636.9
1104640 634.1
1104650 634.1
1104660 631.5
1104670 625.4
1104680 625.4
1104690 617.7
1104700 612.1
1104710 612.1
1104720 609.9
1104730 604.8
1104740 597.9
1104750 597.9
1104760 594.0
1104770 591.5
1104780 587.2
1104790 584.7
1104800 582.2
1104810 582.2
1104820 578.6
1104830 577.2
1104840 577.2
1104850 577.1
1104860 577.7
1104870 577.7
1104880 578.7
1104890 578.6
1104900 578.6
1104910 577.9
1104920 577.5
1104930 577.5
1104940 578.5
1104950 579.9
1104960 579.9
1104970 585.5
1104980 594.7
1104990 594.7
1105000 605.8
1105010 606.7
1105020 606.7
1105030 611.3
1105040 613.6
1105050 610.9
1105060 610.9
1105070 609.0
1105080 610.3
1105090 610.3
1105100 613.8
1105110 619.9
1105120 619.9
1105130 621.9
1105140 624.8
1105150 624.8
1105160 629.3
1105170 637.1
1105180 637.1
1105190 644.3
1105200 650.5
1105210 650.5
1105220 654.3
1105230 657.3
1105240 657.3
1105250 664.7
1105260 671.5
1105270 671.5
1105280 673.4
1105290 675.7
1105300 675.7
1105310 680.0
1105320 684.5
1105330 684.5
1105340 685.2
1105350 685.3
1105360 685.3
1105370 686.0
1105380 686.5
1105390 686.5
1105400 686.5
1105410 686.6
1105420 686.9
1105430 686.9
1105440 687.6
1105450 690.9
1105460 690.9
1105470 692.5
1105480 694.2
1105490 694.2
1105500 695.9
1105510 697.9
1105520 697.9
1105530 700.3
1105540 702.4
1105550 702.4
1105560 705.0
1105570 709.2
1105580 709.2
1105590 713.7
1105600 717.7
1105610 717.7
1105620 720.2
1105630 721.9
1105640 721.9
1105650 723.2
1105660 724.6
1105670 724.6
1105680 726.2
1105690 727.9
1105700 727.9
1105710 729.1
1105720 730.2
1105730 730.7
1105740 730.7
1105750 730.9
1105760 730.9
1105770 730.9
1105780 731.0
1105790 731.1
1105800 731.1
1105810 731.3
1105820 731.4
1105830 731.4
1105840 731.1
1105850 731.0
1105860 731.0
1105870 731.1
1105880 731.1
1105890 731.1
1105900 731.0
1105910 730.8
1105920 730.8
1105930 730.3
1105940 730.3
1105950 730.3
1105960 730.8
1105970 731.2
1105980 731.2
1105990 730.5
1106000 729.6
1106010 729.6
1106020 728.1
1106030 724.2
1106040 724.2
1106050 720.9
1106060 718.6
1106070 716.8
1106080 716.8
1106090 715.6
1106100 715.3
1106110 715.3
1106120 716.7
1106130 719.5
1106140 719.5
1106150 720.4
1106160 720.9
1106170 720.9
1106180 721.3
1106190 721.3
1106200 721.3
1106210 721.3
1106220 721.3
1106230 721.3
1106240 721.5
1106250 721.6
1106260 721.6
1106270 721.6
1106280 721.5
1106290 721.5
1106300 721.3
1106310 721.0
1106320 721.0
1106330 721.0
1106340 721.5
1106350 721.5
1106360 721.8
1106370 722.5
1106380 724.0
1106390 724.0
1106400 725.0
1106410 724.9
1106420 724.9
1106430 724.6
1106440 724.5
1106450 724.5
1106460 725.8
1106470 726.1
1106480 726.1
1106490 726.9
1106500 728.5
1106510 728.5
1106520 730.3
1106530 731.8
1106540 731.8
1106550 733.0
1106560 733.9
1106570 733.9
1106580 734.8
1106590 735.4
1106600 735.4
1106610 735.6
1106620 736.0
1106630 736.0
1106640 736.5
1106650 736.9
1106660 736.9
1106670 737.4
1106680 738.2
1106690 738.2
1106700 737.4
1106710 736.3
1106720 738.6
1106730 738.6
1106740 739.9
1106750 740.7
1106760 740.7
1106770 742.7
1106780 746.9
1106790 746.9
1106800 745.3
1106810 747.4
1106820 747.4
1106830 750.5
1106840 754.6
1106850 754.6
1106860 759.3
1106870 761.9
1106880 761.9
1106890 765.3
1106900 769.6
1106910 769.6
1106920 773.3
1106930 774.6
1106940 774.6
1106950 777.0
1106960 778.8
1106970 778.8
1106980 780.5
1106990 782.3
1107000 782.3
1107010 783.4
1107020 784.4
1107030 784.4
1107040 785.2
1107050 786.1
1107060 786.8
1107070 786.8
1107080 787.5
1107090 788.5
1107100 788.5
1107110 789.1
1107120 789.3
1107130 789.3
1107140 790.9
1107150 792.0
1107160 792.0
1107170 792.6
1107180 793.2
1107190 793.2
1107200 793.8
1107210 794.4
1107220 794.4
1107230 795.0
1107240 795.5
1107250 795.5
1107260 796.0
1107270 796.7
1107280 796.7
1107290 797.2
1107300 797.7
1107310 797.7
1107320 798.9
1107330 798.4
1107340 798.4
1107350 798.1
1107360 798.6
1107370 798.6
1107380 799.5
1107390 800.3
1107400 801.6
1107410 801.6
1107420 802.9
1107430 804.1
1107440 804.1
1107450 805.8
1107460 807.6
1107470 807.6
1107480 809.4
1107490 811.2
1107500 811.2
1107510 812.5
1107520 813.6
1107530 813.6
1107540 814.7
1107550 815.7
1107560 815.7
1107570 816.7
1107580 817.6
1107590 817.6
1107600 818.6
1107610 819.6
1107620 819.6
1107630 820.5
1107640 821.2
1107650 821.2
1107660 821.7
1107670 822.5
1107680 822.5
1107690 823.6
1107700 824.7
1107710 825.9
1107720 825.9
1107730 827.1
1107740 828.4
1107750 828.4
1107760 829.6
1107770 830.7
1107780 830.7
1107790 831.9
1107800 833.6
1107810 833.6
1107820 836.8
1107830 838.5
1107840 838.5
1107850 840.3
1107860 842.3
1107870 842.3
1107880 845.2
1107890 847.3
1107900 847.3
1107910 848.4
1107920 848.7
1107930 848.7
1107940 850.4
1107950 852.3
1107960 852.3
1107970 853.6
1107980 855.6
1107990 855.6
1108000 855.7
1108010 855.8
1108020 855.8
1108030 857.3
1108040 859.0
1108050 860.6
1108060 860.6
1108070 861.1
1108080 862.1
1108090 862.1
1108100 862.7
1108110 863.2
1108120 863.2
1108130 864.5
1108140 866.0
1108150 870.7
1108160 871.3
1108170 871.7
1108180 871.7
1108190 873.2
1108200 875.2
1108210 875.2
1108220 875.8
1108230 878.5
1108240 878.5
1108250 879.2
1108260 878.8
1108270 878.8
1108280 879.8
1108290 881.3
1108300 881.3
1108310 882.2
1108320 883.5
1108330 883.5
1108340 882.5
1108350 881.4
1108360 881.4
1108370 884.2
1108380 885.0
1108390 885.8
1108400 885.8
1108410 888.6
1108420 889.2
1108430 889.2
1108440 889.2
1108450 890.4
1108460 890.4
1108470 889.7
1108480 890.7
1108490 895.5
1108500 896.3
1108510 895.5
1108520 895.5
1108530 893.9
1108540 894.9
1108550 894.9
1108560 895.6
1108570 895.9
1108580 895.9
1108590 896.1
1108600 896.9
1108610 896.9
1108620 897.3
1108630 897.0
1108640 897.0
1108650 896.8
1108660 897.1
1108670 897.1
1108680 896.0
1108690 895.1
1108700 895.1
1108710 894.7
1108720 894.4
1108730 892.0
1108740 892.0
1108750 889.7
1108760 887.7
1108770 887.7
1108780 886.3
1108790 886.4
1108800 886.4
1108810 889.6
1108820 891.5
1108830 895.8
1108840 896.0
1108850 895.2
1108860 895.2
1108870 894.4
1108880 893.3
1108890 893.3
1108900 891.8
1108910 890.1
1108920 890.1
1108930 888.2
1108940 886.0
1108950 886.0
1108960 884.2
1108970 882.1
1108980 882.1
1108990 880.3
1109000 878.5
1109010 878.5
1109020 875.6
1109030 872.8
1109040 870.4
1109050 870.4
1109060 868.5
1109070 865.3
1109080 865.3
1109090 861.3
1109100 863.1
1109110 863.1
1109120 861.3
1109130 858.7
1109140 858.7
1109150 852.7
1109160 852.6
1109170 858.7
1109180 854.7
1109190 848.7
1109200 848.7
1109210 841.3
1109220 840.1
1109230 840.1
1109240 839.6
1109250 834.5
1109260 834.5
1109270 828.9
1109280 824.9
1109290 824.9
1109300 821.1
1109310 817.2
1109320 817.2
1109330 814.2
1109340 816.8
1109350 816.8
1109360 815.4
1109370 809.3
1109380 811.8
1109390 811.8
1109400 809.0
1109410 803.2
1109420 803.2
1109430 799.0
1109440 793.2
1109450 793.2
1109460 785.5
1109470 780.4
1109480 780.4
1109490 777.0
1109500 773.4
1109510 781.1
1109520 776.9
1109530 773.9
1109540 773.9
1109550 770.5
1109560 765.2
1109570 765.2
1109580 758.8
1109590 754.5
1109600 754.5
1109610 751.6
1109620 750.0
1109630 750.0
1109640 747.8
1109650 746.7
1109660 746.7
1109670 746.7
1109680 749.1
1109690 749.1
1109700 754.1
1109710 758.5
1109720 760.3
1109730 760.3
1109740 755.3
1109750 747.3
1109760 747.3
1109770 738.8
1109780 731.2
1109790 731.2
1109800 725.3
1109810 721.3
1109820 721.3
1109830 715.1
1109840 708.7
1109850 708.7
1109860 713.0
1109870 709.4
1109880 709.4
1109890 704.5
1109900 701.2
1109910 701.2
1109920 695.2
1109930 691.5
1109940 691.5
1109950 689.7
1109960 688.6
1109970 688.6
1109980 684.3
1109990 679.5
1110000 679.5
1110010 676.1
1110020 674.4
1110030 674.4
1110040 674.8
1110050 677.0
1110060 681.8
1110070 681.8
1110080 687.7
1110090 692.7
1110100 692.7
1110110 698.7
1110120 707.3
1110130 707.3
1110140 716.6
1110150 731.8
1110160 731.8
1110170 736.1
1110180 735.1
1110190 735.1
1110200 725.4
1110210 723.6
1110220 723.6
1110230 721.8
1110240 723.9
1110250 723.9
1110260 733.8
1110270 746.2
1110280 746.2
1110290 757.4
1110300 766.3
1110310 766.3
1110320 770.0
1110330 776.9
1110340 776.9
1110350 786.8
1110360 798.8
1110370 805.7
1110380 805.7
1110390 808.2
1110400 807.9
1110410 807.9
1110420 810.5
1110430 819.6
1110440 819.6
1110450 827.5
1110460 833.5
1110470 833.5
1110480 838.9
1110490 842.5
1110500 842.5
1110510 844.1
1110520 847.2
1110530 847.2
1110540 849.9
1110550 856.4
1110560 856.4
1110570 860.3
1110580 863.0
1110590 863.0
1110600 865.9
1110610 868.1
1110620 868.1
1110630 869.5
1110640 871.9
1110650 871.9
1110660 876.1
1110670 881.8
1110680 881.8
1110690 888.0
1110700 893.8
1110710 898.6
1110720 898.6
1110730 903.4
1110740 908.9
1110750 908.9
1110760 915.0
1110770 921.2
1110780 921.2
1110790 927.3
1110800 934.4
1110810 934.4
1110820 941.7
1110830 950.1
1110840 950.1
1110850 960.6
1110860 968.9
1110870 968.9
1110880 966.1
1110890 970.1
1110900 970.1
1110910 976.0
1110920 980.9
1110930 980.9
1110940 984.2
1110950 985.6
1110960 985.6
1110970 986.7
1110980 988.1
1110990 988.1
1111000 989.7
1111010 991.6
1111020 991.6
1111030 993.9
1111040 995.9
1111050 997.9
1111060 997.9
1111070 999.1
1111080 999.2
1111090 999.2
1111100 996.8
1111110 994.0
1111120 994.0
1111130 995.4
1111140 995.6
1111150 995.6
1111160 998.8
1111170 1005.9
1111180 1005.9
1111190 1015.7
1111200 1028.2
1111210 1028.2
1111220 1029.1
1111230 1028.5
1111240 1028.5
1111250 1028.5
1111260 1027.9
1111270 1027.9
1111280 1027.8
1111290 1028.3
1111300 1028.3
1111310 1029.6
1111320 1031.5
1111330 1031.5
1111340 1033.7
1111350 1036.2
1111360 1036.2
1111370 1037.4
1111380 1037.4
1111390 1040.2
1111400 1040.2
1111410 1045.6
1111420 1052.0
1111430 1052.0
1111440 1054.9
1111450 1056.6
1111460 1056.6
1111470 1056.8
1111480 1057.1
1111490 1057.1
1111500 1058.2
1111510 1060.4
1111520 1060.4
1111530 1061.3
1111540 1061.3
1111550 1061.3
1111560 1053.6
1111570 1053.7
1111580 1053.7
1111590 1054.1
1111600 1054.2
1111610 1054.2
1111620 1054.2
1111630 1054.0
1111640 1054.0
1111650 1053.5
1111660 1052.7
1111670 1052.7
1111680 1051.4
1111690 1049.6
1111700 1047.9
1111710 1047.9
1111720 1045.8
1111730 1040.7
1111740 1040.7
1111750 1036.9
1111760 1038.5
1111770 1038.5
1111780 1040.0
1111790 1040.8
1111800 1040.8
1111810 1041.0
1111820 1039.4
1111830 1039.4
1111840 1036.5
1111850 1031.2
1111860 1031.2
1111870 1021.1
1111880 1016.3
1111890 1016.3
1111900 1017.5
1111910 1008.7
1111920 1008.7
1111930 1008.1
1111940 1008.0
1111950 1008.0
1111960 1010.1
1111970 1013.1
1111980 1013.1
1111990 1016.1
1112000 1017.8
1112010 1017.8
1112020 1016.7
1112030 1011.4
1112040 1005.8
1112050 1005.8
1112060 1005.2
1112070 1009.8
1112080 1009.8
1112090 1014.4
1112100 1017.0
1112110 1017.0
1112120 1017.7
1112130 1017.7
1112140 1017.7
1112150 1017.7
1112160 1017.2
1112170 1017.2
1112180 1015.0
1112190 1013.1
1112200 1013.1
1112210 1012.6
1112220 1012.9
1112230 1012.9
1112240 1016.1
1112250 1011.8
1112260 1011.8
1112270 1012.6
1112280 1012.2
1112290 1012.2
1112300 1008.3
1112310 1003.6
1112320 1003.6
1112330 1000.3
1112340 996.6
1112350 996.6
1112360 991.2
1112370 991.2
1112380 992.8
1112390 992.8
1112400 996.0
1112410 996.7
1112420 996.7
1112430 998.3
1112440 998.7
1112450 998.7
1112460 1000.0
1112470 1003.5
1112480 1003.5
1112490 1006.1
1112500 1006.3
1112510 1006.3
1112520 1007.0
1112530 1007.6
1112540 1007.6
1112550 1009.0
1112560 1011.2
1112570 1011.2
1112580 1013.3
1112590 1009.5
1112600 1009.5
1112610 1011.4
1112620 1012.4
1112630 1012.4
1112640 1013.7
1112650 1013.6
1112660 1013.6
1112670 1013.9
1112680 1015.0
1112690 1015.0
1112700 1014.7
1112710 1013.2
1112720 1011.5
1112730 1011.5
1112740 1009.4
1112750 1006.6
1112760 1006.6
1112770 1002.5
1112780 993.6
1112790 993.6
1112800 984.1
1112810 983.5
1112820 983.5
1112830 982.3
1112840 977.2
1112850 977.2
1112860 972.8
1112870 969.0
1112880 969.0
1112890 965.8
1112900 963.9
1112910 963.9
1112920 959.9
1112930 957.1
1112940 951.5
1112950 949.8
1112960 947.7
1112970 947.7
1112980 947.2
1112990 946.6
1113000 946.6
1113010 945.7
1113020 945.5
1113030 946.9
1113040 946.9
1113050 948.7
1113060 949.4
1113070 949.4
1113080 950.2
1113090 951.2
1113100 951.2
1113110 952.3
1113120 953.8
1113130 953.8
1113140 955.7
1113150 956.8
1113160 956.8
1113170 956.7
1113180 956.5
1113190 956.5
1113200 956.7
1113210 957.2
1113220 957.2
1113230 957.9
1113240 959.2
1113250 959.2
1113260 961.0
1113270 962.6
1113280 962.1
1113290 963.8
1113300 965.7
1113310 965.7
1113320 967.6
1113330 969.7
1113340 969.7
1113350 972.2
1113360 974.4
1113370 975.9
1113380 975.9
1113390 977.7
1113400 979.7
1113410 979.7
1113420 984.4
1113430 988.5
1113440 988.5
1113450 990.3
1113460 991.7
1113470 991.7
1113480 993.1
1113490 994.3
1113500 994.3
1113510 995.2
1113520 996.0
1113530 996.0
1113540 996.8
1113550 997.7
1113560 997.7
1113570 998.6
1113580 999.7
1113590 999.7
1113600 1000.7
1113610 1002.1
1113620 1001.9
1113630 1003.4
1113640 1005.1
1113650 1005.1
1113660 1006.9
1113670 1007.6
1113680 1007.6
1113690 1008.9
1113700 1010.3
1113710 1011.8
1113720 1011.8
1113730 1013.5
1113740 1015.1
1113750 1015.1
1113760 1016.9
1113770 1018.8
1113780 1018.8
1113790 1020.6
1113800 1022.5
1113810 1022.5
1113820 1024.4
1113830 1026.4
1113840 1026.4
1113850 1028.3
1113860 1030.0
1113870 1030.0
1113880 1031.8
1113890 1033.5
1113900 1033.5
1113910 1035.0
1113920 1036.4
1113930 1036.4
1113940 1037.8
1113950 1039.2
1113960 1039.2
1113970 1040.6
1113980 1041.9
1113990 1041.9
1114000 1043.1
1114010 1044.4
1114020 1045.5
1114030 1045.5
1114040 1046.4
1114050 1047.1
1114060 1047.1
1114070 1047.6
1114080 1048.0
1114090 1048.0
1114100 1048.0
1114110 1046.9
1114120 1046.9
1114130 1043.9
1114140 1039.3
1114150 1039.3
1114160 1035.7
1114170 1032.2
1114180 1032.2
1114190 1028.2
1114200 1026.6
1114210 1026.6
1114220 1025.6
1114230 1023.0
1114240 1023.0
1114250 1023.5
1114260 1022.9
1114270 1022.9
1114280 1018.1
1114290 1021.1
1114300 1021.1
1114310 1020.8
1114320 1013.5
1114330 1013.5
1114340 1017.5
1114350 1018.7
1114360 1010.8
1114370 1010.8
1114380 1003.2
1114390 1000.2
1114400 1000.2
1114410 1006.5
1114420 1013.9
1114430 1013.9
1114440 1018.3
1114450 1014.1
1114460 1014.1
1114470 1008.1
1114480 1002.0
1114490 1002.0
1114500 1003.5
1114510 1009.9
1114520 1009.9
1114530 1016.0
1114540 1017.3
1114550 1017.3
1114560 1016.2
1114570 1012.3
1114580 1012.3
1114590 1009.6
1114600 1007.3
1114610 1007.3
1114620 1005.4
1114630 1004.5
1114640 1004.5
1114650 1004.3
1114660 1009.2
1114670 1009.2
1114680 1004.0
1114690 1000.4
1114700 995.8
1114710 995.8
1114720 999.1
1114730 1009.0
1114740 1009.0
1114750 1009.2
1114760 1008.4
1114770 1008.4
1114780 1004.5
1114790 998.8
1114800 998.8
1114810 1003.1
1114820 1003.2
1114830 1003.2
1114840 999.2
1114850 1002.5
1114860 1002.5
1114870 997.4
1114880 990.6
1114890 990.6
1114900 991.3
1114910 998.8
1114920 998.8
1114930 997.8
1114940 996.9
1114950 996.9
1114960 991.8
1114970 986.3
1114980 986.3
1114990 986.4
1115000 984.8
1115010 984.8
1115020 980.9
1115030 989.0
1115040 996.4
1115050 996.4
1115060 997.0
1115070 994.8
1115080 994.8
1115090 993.0
1115100 985.5
1115110 985.5
1115120 977.9
1115130 979.0
1115140 979.0
1115150 983.9
1115160 985.7
1115170 985.7
1115180 981.9
1115190 975.4
1115200 975.4
1115210 968.7
1115220 963.4
1115230 963.4
1115240 968.6
1115250 975.0
1115260 975.0
1115270 982.5
1115280 982.8
1115290 982.8
1115300 975.7
1115310 971.1
1115320 971.1
1115330 968.3
1115340 963.9
1115350 973.6
1115360 973.6
1115370 975.9
1115380 970.8
1115390 970.8
1115400 974.4
1115410 980.7
1115420 980.7
1115430 980.9
1115440 977.8
1115450 977.8
1115460 979.9
1115470 979.7
1115480 979.7
1115490 973.4
1115500 963.1
1115510 963.1
1115520 955.2
1115530 950.2
1115540 950.2
1115550 951.7
1115560 959.2
1115570 959.2
1115580 967.3
1115590 974.6
1115600 974.6
1115610 979.0
1115620 981.3
1115630 981.3
1115640 983.4
1115650 984.8
1115660 984.8
1115670 987.1
1115680 989.6
1115690 989.8
1115700 997.5
1115710 996.4
1115720 993.3
1115730 993.3
1115740 989.7
1115750 983.8
1115760 983.8
1115770 979.3
1115780 975.4
1115790 975.4
1115800 973.1
1115810 972.0
1115820 972.0
1115830 970.8
1115840 971.3
1115850 971.3
1115860 970.8
1115870 966.4
1115880 966.4
1115890 962.0
1115900 957.0
1115910 957.0
1115920 947.7
1115930 946.3
1115940 946.3
1115950 959.7
1115960 974.8
1115970 974.8
1115980 986.1
1115990 992.1
1116000 992.1
1116010 996.1
1116020 998.1
1116030 999.2
1116040 1004.5
1116050 1005.8
1116060 1006.2
1116070 1006.2
1116080 1005.8
1116090 1006.2
1116100 1006.2
1116110 1007.0
1116120 1008.5
1116130 1008.5
1116140 1010.9
1116150 1012.1
1116160 1012.1
1116170 1013.9
1116180 1014.8
1116190 1014.8
1116200 1014.6
1116210 1013.5
1116220 1013.5
1116230 1014.6
1116240 1018.6
1116250 1018.6
1116260 1022.3
1116270 1026.8
1116280 1026.8
1116290 1027.8
1116300 1027.7
1116310 1027.7
1116320 1028.1
1116330 1029.0
1116340 1029.0
1116350 1029.7
1116360 1030.2
1116370 1030.7
1116380 1030.7
1116390 1030.9
1116400 1030.9
1116410 1030.9
1116420 1030.9
1116430 1031.1
1116440 1031.1
1116450 1031.6
1116460 1032.3
1116470 1032.3
1116480 1032.7
1116490 1033.1
1116500 1033.1
1116510 1033.4
1116520 1033.7
1116530 1033.7
1116540 1034.1
1116550 1034.6
1116560 1034.6
1116570 1035.0
1116580 1035.5
1116590 1035.5
1116600 1036.3
1116610 1037.2
1116620 1037.2
1116630 1038.1
1116640 1038.5
1116650 1038.5
1116660 1039.0
1116670 1040.2
1116680 1041.3
1116690 1041.3
1116700 1041.6
1116710 1041.6
1116720 1041.6
1116730 1042.0
1116740 1043.6
1116750 1043.6
1116760 1044.9
1116770 1046.5
1116780 1046.5
1116790 1048.2
1116800 1049.0
1116810 1049.0
1116820 1049.7
1116830 1049.9
1116840 1049.9
1116850 1050.5
1116860 1050.7
1116870 1050.7
1116880 1050.6
1116890 1048.4
1116900 1048.4
1116910 1044.2
1116920 1042.4
1116930 1042.4
1116940 1041.4
1116950 1041.1
1116960 1041.1
1116970 1039.7
1116980 1038.9
1116990 1038.9
1117000 1040.0
1117010 1042.4
1117020 1044.4
1117030 1044.4
1117040 1042.8
1117050 1044.2
1117060 1044.2
1117070 1044.9
1117080 1050.6
1117090 1050.6
1117100 1052.4
1117110 1053.9
1117120 1053.9
1117130 1054.7
1117140 1057.1
1117150 1057.1
1117160 1058.9
1117170 1059.3
1117180 1059.3
1117190 1059.4
1117200 1061.3
1117210 1061.3
1117220 1064.7
1117230 1068.7
1117240 1068.7
1117250 1072.7
1117260 1077.3
1117270 1077.3
1117280 1080.3
1117290 1081.6
1117300 1081.6
1117310 1078.0
1117320 1075.0
1117330 1075.0
1117340 1074.4
1117350 1075.5
1117360 1075.5
1117370 1075.5
1117380 1073.6
1117390 1073.6
1117400 1073.6
1117410 1073.7
1117420 1074.8
1117430 1083.1
1117440 1082.2
1117450 1079.5
1117460 1079.5
1117470 1077.2
1117480 1076.6
1117490 1076.6
1117500 1078.6
1117510 1082.7
1117520 1082.7
1117530 1083.8
1117540 1087.5
1117550 1087.5
1117560 1093.2
1117570 1095.8
1117580 1095.8
1117590 1098.2
1117600 1105.1
1117610 1105.1
1117620 1108.7
1117630 1108.1
1117640 1108.1
1117650 1108.3
1117660 1109.4
1117670 1109.4
1117680 1112.0
1117690 1115.1
1117700 1117.3
1117710 1117.3
1117720 1119.1
1117730 1118.0
1117740 1118.0
1117750 1114.2
1117760 1112.6
1117770 1112.6
1117780 1118.1
1117790 1114.8
1117800 1114.8
1117810 1109.1
1117820 1102.7
1117830 1102.7
1117840 1099.4
1117850 1098.2
1117860 1098.2
1117870 1098.9
1117880 1103.9
1117890 1103.9
1117900 1111.6
1117910 1118.3
1117920 1118.3
1117930 1122.8
1117940 1127.2
1117950 1127.2
1117960 1132.6
1117970 1137.8
1117980 1137.8
1117990 1138.9
1118000 1137.8
1118010 1138.3
1118020 1138.3
1118030 1139.8
1118040 1138.2
1118050 1138.2
1118060 1135.0
1118070 1133.0
1118080 1133.0
1118090 1133.4
1118100 1136.4
1118110 1136.4
1118120 1137.2
1118130 1147.2
1118140 1147.2
1118150 1153.7
1118160 1160.6
1118170 1160.6
1118180 1168.8
1118190 1178.1
1118200 1178.1
1118210 1182.4
1118220 1185.0
1118230 1185.0
1118240 1189.7
1118250 1193.1
1118260 1193.1
1118270 1195.5
1118280 1197.3
1118290 1197.3
1118300 1197.6
1118310 1200.4
1118320 1200.4
1118330 1203.5
1118340 1206.4
1118350 1207.8
1118360 1207.8
1118370 1210.1
1118380 1212.6
1118390 1212.6
1118400 1213.9
1118410 1216.1
1118420 1216.1
1118430 1218.0
1118440 1219.3
1118450 1219.3
1118460 1219.1
1118470 1218.7
1118480 1227.4
1118490 1226.5
1118500 1222.5
1118510 1222.5
1118520 1217.7
1118530 1221.7
1118540 1221.7
1118550 1225.2
1118560 1226.4
1118570 1226.4
1118580 1227.3
1118590 1227.2
1118600 1227.2
1118610 1226.3
1118620 1224.2
1118630 1224.2
1118640 1221.1
1118650 1218.3
1118660 1218.3
1118670 1213.6
1118680 1208.1
1118690 1212.4
1118700 1212.4
1118710 1211.6
1118720 1209.7
1118730 1209.7
1118740 1207.4
1118750 1204.1
1118760 1204.1
1118770 1200.2
1118780 1196.9
1118790 1196.9
1118800 1196.7
1118810 1195.9
1118820 1195.9
1118830 1199.7
1118840 1197.6
1118850 1197.6
1118860 1196.0
1118870 1195.3
1118880 1195.3
1118890 1195.0
1118900 1194.8
1118910 1194.8
1118920 1194.0
1118930 1191.9
1118940 1191.9
1118950 1187.5
1118960 1181.3
1118970 1181.3
1118980 1174.4
1118990 1168.6
1119000 1168.6
1119010 1164.4
1119020 1161.2
1119030 1158.3
1119040 1158.3
1119050 1152.7
1119060 1143.8
1119070 1143.8
1119080 1134.4
1119090 1126.4
1119100 1126.4
1119110 1117.8
1119120 1108.4
1119130 1108.4
1119140 1099.2
1119150 1091.0
1119160 1091.0
1119170 1093.9
1119180 1099.4
1119190 1099.4
1119200 1103.9
1119210 1110.4
1119220 1110.4
1119230 1117.5
1119240 1126.4
1119250 1126.4
1119260 1131.2
1119270 1135.5
1119280 1135.5
1119290 1140.9
1119300 1148.7
1119310 1148.7
1119320 1157.1
1119330 1165.1
1119340 1172.0
1119350 1172.0
1119360 1179.2
1119370 1186.0
1119380 1186.0
1119390 1192.3
1119400 1200.1
1119410 1200.1
1119420 1206.2
1119430 1211.4
1119440 1211.4
1119450 1217.6
1119460 1223.4
1119470 1223.4
1119480 1229.5
1119490 1235.2
1119500 1235.2
1119510 1241.3
1119520 1249.2
1119530 1249.2
1119540 1254.3
1119550 1259.5
1119560 1259.5
1119570 1264.8
1119580 1270.4
1119590 1270.4
1119600 1276.4
1119610 1281.4
1119620 1281.4
1119630 1286.0
1119640 1289.7
1119650 1289.7
1119660 1292.0
1119670 1293.2
1119680 1293.5
1119690 1293.5
1119700 1291.7
1119710 1287.1
1119720 1287.1
1119730 1281.3
1119740 1276.5
1119750 1276.5
1119760 1270.4
1119770 1264.2
1119780 1264.2
1119790 1258.7
1119800 1251.7
1119810 1251.7
1119820 1244.2
1119830 1235.9
1119840 1235.9
1119850 1227.9
1119860 1222.3
1119870 1219.9
1119880 1214.0
1119890 1207.8
1119900 1207.8
1119910 1201.8
1119920 1196.2
1119930 1196.2
1119940 1191.0
1119950 1185.7
1119960 1185.7
1119970 1180.5
1119980 1177.3
1119990 1177.3
