1100000 666.8
1100010 665.0
1100020 665.1
1100030 662.8
1100040 659.8
1100050 659.8
1100060 657.0
1100070 653.1
1100080 653.1
1100090 648.1
1100100 644.5
1100110 644.5
1100120 640.8
1100130 635.5
1100140 635.5
1100150 632.1
1100160 630.0
1100170 630.0
1100180 627.2
1100190 624.2
1100200 624.2
1100210 621.0
1100220 617.8
1100230 617.8
1100240 614.1
1100250 611.4
1100260 611.4
1100270 609.2
1100280 606.9
1100290 603.7
1100300 603.7
1100310 601.6
1100320 603.0
1100330 603.0
1100340 603.7
1100350 606.1
1100360 606.1
1100370 603.1
1100380 601.2
1100390 601.2
1100400 598.4
1100410 594.9
1100420 594.9
1100430 590.4
1100440 586.6
1100450 586.6
1100460 583.5
1100470 580.6
1100480 580.6
1100490 574.4
1100500 571.8
1100510 571.8
1100520 571.5
1100530 570.0
1100540 570.0
1100550 569.2
1100560 567.6
1100570 567.6
1100580 565.3
1100590 563.3
1100600 563.3
1100610 560.7
1100620 556.5
1100630 546.9
1100640 546.9
1100650 542.3
1100660 537.3
1100670 537.3
1100680 526.2
1100690 520.4
1100700 520.4
1100710 514.1
1100720 509.2
1100730 509.2
1100740 507.5
1100750 507.5
1100760 507.5
1100770 508.5
1100780 512.6
1100790 512.6
1100800 514.7
1100810 514.9
1100820 514.9
1100830 514.8
1100840 516.6
1100850 516.6
1100860 517.5
1100870 516.9
1100880 516.9
1100890 518.7
1100900 520.7
1100910 520.7
1100920 523.0
1100930 527.2
1100940 536.0
1100950 536.0
1100960 545.4
1100970 553.8
1100980 553.8
1100990 560.2
1101000 563.2
1101010 563.2
1101020 561.7
1101030 564.3
1101040 564.3
1101050 567.7
1101060 571.8
1101070 571.8
1101080 575.7
1101090 578.5
1101100 578.5
1101110 581.5
1101120 584.5
1101130 584.5
1101140 586.9
1101150 589.7
1101160 589.7
1101170 592.9
1101180 594.9
1101190 594.9
1101200 596.5
1101210 597.5
1101220 597.5
1101230 598.3
1101240 598.9
1101250 598.9
1101260 599.6
1101270 600.2
1101280 600.6
1101290 600.6
1101300 600.7
1101310 600.2
1101320 600.2
1101330 599.9
1101340 599.6
1101350 601.1
1101360 600.2
1101370 599.6
1101380 599.6
1101390 599.6
1101400 599.0
1101410 599.0
1101420 598.7
1101430 600.7
1101440 600.7
1101450 602.3
1101460 605.4
1101470 605.4
1101480 610.8
1101490 616.5
1101500 616.5
1101510 617.8
1101520 618.0
1101530 618.0
1101540 618.2
1101550 618.1
1101560 618.1
1101570 618.3
1101580 618.6
1101590 618.6
1101600 618.6
1101610 616.3
1101620 610.3
1101630 610.3
1101640 606.2
1101650 604.4
1101660 604.4
1101670 603.5
1101680 606.9
1101690 606.9
1101700 605.7
1101710 604.4
1101720 604.4
1101730 602.0
1101740 599.8
1101750 599.8
1101760 598.2
1101770 597.3
1101780 597.3
1101790 595.9
1101800 593.9
1101810 593.9
1101820 592.4
1101830 590.8
1101840 590.8
1101850 589.1
1101860 586.4
1101870 586.4
1101880 584.0
1101890 581.4
1101900 581.4
1101910 580.6
1101920 580.1
1101930 580.1
1101940 575.2
1101950 568.6
1101960 563.1
1101970 563.1
1101980 564.2
1101990 569.4
1102000 569.4
1102010 573.2
1102020 574.0
1102030 574.0
1102040 570.1
1102050 569.7
1102060 569.7
1102070 567.4
1102080 571.5
1102090 571.5
1102100 571.2
1102110 567.5
1102120 567.5
1102130 569.5
1102140 573.8
1102150 573.8
1102160 572.2
1102170 569.3
1102180 569.3
1102190 566.3
1102200 564.8
1102210 564.8
1102220 566.9
1102230 570.5
1102240 570.5
1102250 564.9
1102260 559.6
1102270 559.6
1102280 563.6
1102290 560.8
1102300 555.5
1102310 555.5
1102320 549.6
1102330 548.4
1102340 548.4
1102350 547.9
1102360 546.1
1102370 546.1
1102380 546.5
1102390 543.8
1102400 543.8
1102410 542.9
1102420 542.0
1102430 542.0
1102440 540.9
1102450 539.5
1102460 539.5
1102470 542.5
1102480 542.4
1102490 542.4
1102500 539.0
1102510 544.1
1102520 544.1
1102530 553.3
1102540 558.2
1102550 558.2
1102560 554.3
1102570 557.3
1102580 557.3
1102590 563.0
1102600 566.6
1102610 567.3
1102620 567.3
1102630 566.6
1102640 572.1
1102650 572.1
1102660 573.3
1102670 573.0
1102680 573.0
1102690 581.9
1102700 585.2
1102710 585.2
1102720 588.1
1102730 590.3
1102740 590.3
1102750 590.6
1102760 594.3
1102770 594.3
1102780 599.4
1102790 601.0
1102800 601.0
1102810 601.2
1102820 601.1
1102830 601.1
1102840 601.0
1102850 601.0
1102860 601.0
1102870 600.9
1102880 601.0
1102890 601.0
1102900 601.4
1102910 601.4
1102920 601.4
1102930 597.9
1102940 586.2
1102950 569.7
1102960 569.7
1102970 558.5
1102980 544.2
1102990 544.2
1103000 528.5
1103010 522.9
1103020 528.7
1103030 524.9
1103040 526.2
1103050 526.2
1103060 530.3
1103070 536.8
1103080 536.8
1103090 543.1
1103100 547.0
1103110 547.0
1103120 550.1
1103130 548.2
1103140 548.2
1103150 544.8
1103160 541.1
1103170 541.1
1103180 540.5
1103190 539.0
1103200 539.0
1103210 537.9
1103220 538.9
1103230 538.9
1103240 537.6
1103250 534.5
1103260 534.5
1103270 533.8
1103280 534.3
1103290 536.0
1103300 536.0
1103310 537.7
1103320 541.7
1103330 541.7
1103340 547.7
1103350 551.1
1103360 555.6
1103370 556.2
1103380 555.6
1103390 555.6
1103400 552.8
1103410 550.7
1103420 550.7
1103430 548.5
1103440 544.3
1103450 544.3
1103460 542.0
1103470 539.3
1103480 539.3
1103490 539.1
1103500 538.7
1103510 538.7
1103520 539.3
1103530 541.3
1103540 541.3
1103550 545.7
1103560 553.5
1103570 553.5
1103580 561.9
1103590 570.5
1103600 570.5
1103610 571.9
1103620 571.1
1103630 567.9
1103640 567.9
1103650 563.0
1103660 558.5
1103670 558.5
1103680 553.9
1103690 547.8
1103700 547.8
1103710 551.4
1103720 552.4
1103730 552.4
1103740 553.0
1103750 555.4
1103760 555.4
1103770 557.5
1103780 560.0
1103790 560.0
1103800 562.9
1103810 567.9
1103820 567.9
1103830 575.1
1103840 582.1
1103850 582.1
1103860 588.8
1103870 589.1
1103880 589.1
1103890 586.9
1103900 586.9
1103910 586.9
1103920 586.3
1103930 583.0
1103940 579.8
1103950 579.8
1103960 579.0
1103970 577.9
1103980 577.9
1103990 576.0
1104000 574.6
1104010 574.6
1104020 577.4
1104030 599.4
1104040 599.4
1104050 599.7
1104060 597.6
1104070 597.6
1104080 599.2
1104090 599.0
1104100 599.0
1104110 598.9
1104120 598.8
1104130 598.8
1104140 596.4
1104150 595.7
1104160 595.7
1104170 596.1
1104180 594.3
1104190 594.3
1104200 592.0
1104210 589.3
1104220 589.3
1104230 587.7
1104240 586.3
1104250 586.3
1104260 585.1
1104270 586.7
1104280 588.7
1104290 588.7
1104300 591.0
1104310 590.3
1104320 590.3
1104330 590.7
1104340 596.9
1104350 596.9
1104360 617.8
1104370 619.8
1104380 619.8
1104390 619.8
1104400 617.9
1104410 617.9
1104420 620.2
1104430 619.5
1104440 619.5
1104450 618.9
1104460 620.9
1104470 620.9
1104480 624.9
1104490 626.0
1104500 626.0
1104510 627.5
1104520 634.1
1104530 634.1
1104540 636.6
1104550 632.2
1104560 632.2
1104570 627.3
1104580 624.6
1104590 624.6
1104600 622.7
1104610 626.0
1104620 635.2
1104630 635.2
1104640 644.5
1104650 645.3
1104660 645.3
1104670 643.3
1104680 642.3
1104690 642.3
1104700 644.8
1104710 643.7
1104720 643.7
1104730 642.1
1104740 641.0
1104750 641.0
1104760 641.7
1104770 642.5
1104780 642.5
1104790 643.0
1104800 643.4
1104810 643.4
1104820 644.7
1104830 646.9
1104840 646.9
1104850 649.5
1104860 654.4
1104870 654.4
1104880 661.1
1104890 667.5
1104900 667.5
1104910 672.4
1104920 681.9
1104930 681.9
1104940 690.4
1104950 691.3
1104960 692.2
1104970 692.2
1104980 693.1
1104990 693.3
1105000 693.3
1105010 692.9
1105020 693.3
1105030 694.1
1105040 692.7
1105050 692.9
1105060 692.9
1105070 697.0
1105080 702.5
1105090 702.5
1105100 706.2
1105110 708.3
1105120 708.3
1105130 710.2
1105140 711.8
1105150 711.8
1105160 712.2
1105170 712.2
1105180 712.2
1105190 712.8
1105200 713.8
1105210 713.8
1105220 714.3
1105230 714.9
1105240 714.9
1105250 715.7
1105260 716.6
1105270 718.0
1105280 718.0
1105290 719.2
1105300 719.7
1105310 719.7
1105320 720.0
1105330 720.0
1105340 720.0
1105350 720.3
1105360 719.2
1105370 720.2
1105380 718.7
1105390 715.6
1105400 715.6
1105410 713.5
1105420 712.7
1105430 712.7
1105440 712.7
1105450 713.3
1105460 713.3
1105470 713.7
1105480 714.2
1105490 714.2
1105500 715.3
1105510 715.9
1105520 715.9
1105530 715.7
1105540 716.4
1105550 716.4
1105560 717.5
1105570 717.6
1105580 717.6
1105590 717.6
1105600 717.1
1105610 715.9
1105620 715.9
1105630 715.1
1105640 716.9
1105650 716.9
1105660 718.1
1105670 718.9
1105680 718.9
1105690 720.3
1105700 722.2
1105710 722.0
1105720 722.5
1105730 723.9
1105740 723.9
1105750 725.8
1105760 728.2
1105770 728.2
1105780 730.2
1105790 732.0
1105800 732.0
1105810 733.4
1105820 734.0
1105830 734.0
1105840 737.1
1105850 738.1
1105860 738.1
1105870 738.9
1105880 739.5
1105890 739.5
1105900 740.2
1105910 741.1
1105920 741.1
1105930 742.3
1105940 744.2
1105950 745.9
1105960 745.9
1105970 747.0
1105980 748.0
1105990 748.0
1106000 748.8
1106010 749.6
1106020 749.6
1106030 750.6
1106040 752.4
1106050 752.4
1106060 753.4
1106070 754.4
1106080 754.4
1106090 755.3
1106100 757.5
1106110 757.5
1106120 759.6
1106130 761.8
1106140 761.8
1106150 763.9
1106160 765.5
1106170 765.5
1106180 766.4
1106190 767.3
1106200 767.3
1106210 768.1
1106220 768.7
1106230 768.7
1106240 769.2
1106250 769.6
1106260 769.6
1106270 770.0
1106280 770.3
1106290 770.3
1106300 770.3
1106310 771.4
1106320 772.1
1106330 772.1
1106340 772.5
1106350 772.5
1106360 772.5
1106370 772.4
1106380 775.2
1106390 775.2
1106400 775.1
1106410 774.9
1106420 774.9
1106430 774.4
1106440 773.6
1106450 773.6
1106460 772.6
1106470 769.7
1106480 769.7
1106490 769.1
1106500 768.7
1106510 768.7
1106520 767.5
1106530 765.7
1106540 765.7
1106550 765.3
1106560 766.2
1106570 766.2
1106580 767.6
1106590 769.5
1106600 771.4
1106610 771.4
1106620 772.1
1106630 773.2
1106640 773.2
1106650 775.1
1106660 776.5
1106670 776.5
1106680 777.5
1106690 778.8
1106700 778.8
1106710 779.9
1106720 781.6
1106730 781.6
1106740 780.9
1106750 777.6
1106760 777.6
1106770 777.0
1106780 777.0
1106790 777.0
1106800 777.2
1106810 776.8
1106820 776.8
1106830 777.4
1106840 778.9
1106850 778.9
1106860 779.4
1106870 778.7
1106880 778.7
1106890 777.3
1106900 777.0
1106910 777.0
1106920 781.5
1106930 782.0
1106940 781.7
1106950 781.7
1106960 784.9
1106970 789.3
1106980 789.3
1106990 791.2
1107000 792.4
1107010 792.4
1107020 793.8
1107030 795.7
1107040 795.7
1107050 796.7
1107060 797.3
1107070 797.3
1107080 797.6
1107090 798.4
1107100 798.4
1107110 799.3
1107120 800.9
1107130 800.9
1107140 802.8
1107150 806.1
1107160 806.1
1107170 811.7
1107180 815.0
1107190 815.0
1107200 815.6
1107210 816.4
1107220 816.4
1107230 817.8
1107240 819.1
1107250 819.1
1107260 820.5
1107270 821.4
1107280 820.6
1107290 820.6
1107300 819.2
1107310 821.6
1107320 821.6
1107330 821.2
1107340 818.8
1107350 818.8
1107360 816.5
1107370 814.9
1107380 814.9
1107390 817.8
1107400 820.4
1107410 820.4
1107420 825.7
1107430 832.9
1107440 832.9
1107450 840.7
1107460 845.5
1107470 845.5
1107480 849.1
1107490 850.9
1107500 850.9
1107510 851.5
1107520 853.0
1107530 853.0
1107540 855.4
1107550 858.6
1107560 858.6
1107570 862.7
1107580 866.6
1107590 869.4
1107600 869.4
1107610 871.3
1107620 871.5
1107630 871.5
1107640 870.8
1107650 872.5
1107660 872.5
1107670 875.7
1107680 876.7
1107690 876.7
1107700 878.2
1107710 880.5
1107720 880.5
1107730 886.7
1107740 885.8
1107750 885.8
1107760 882.0
1107770 885.9
1107780 885.9
1107790 893.2
1107800 897.9
1107810 897.9
1107820 902.2
1107830 905.4
1107840 905.4
1107850 907.6
1107860 910.3
1107870 910.3
1107880 914.4
1107890 918.2
1107900 918.2
1107910 921.7
1107920 924.6
1107930 926.9
1107940 926.9
1107950 928.2
1107960 929.9
1107970 929.9
1107980 931.0
1107990 932.5
1108000 932.5
1108010 935.1
1108020 937.2
1108030 937.2
1108040 938.3
1108050 941.9
1108060 941.9
1108070 950.2
1108080 953.3
1108090 953.3
1108100 956.3
1108110 959.1
1108120 959.1
1108130 962.9
1108140 965.9
1108150 965.9
1108160 968.0
1108170 970.6
1108180 970.6
1108190 972.5
1108200 974.8
1108210 974.8
1108220 977.2
1108230 979.4
1108240 979.4
1108250 980.2
1108260 979.6
1108270 981.3
1108280 981.3
1108290 984.5
1108300 986.9
1108310 986.9
1108320 988.1
1108330 990.5
1108340 990.5
1108350 992.4
1108360 994.3
1108370 994.3
1108380 995.8
1108390 996.7
1108400 996.7
1108410 998.7
1108420 996.8
1108430 996.8
1108440 996.8
1108450 997.0
1108460 997.0
1108470 997.0
1108480 998.2
1108490 998.2
1108500 1000.1
1108510 1002.1
1108520 1002.1
1108530 1002.7
1108540 1002.5
1108550 1002.5
1108560 1006.6
1108570 1009.6
1108580 1009.6
1108590 1009.0
1108600 1008.1
1108610 1006.9
1108620 1006.9
1108630 1006.9
1108640 1006.7
1108650 1006.7
1108660 1005.6
1108670 1004.9
1108680 1004.9
1108690 1002.6
1108700 1002.0
1108710 1002.0
1108720 1002.6
1108730 999.9
1108740 999.9
1108750 1004.0
1108760 1001.0
1108770 1001.0
1108780 997.5
1108790 992.1
1108800 992.1
1108810 987.8
1108820 985.1
1108830 985.1
1108840 981.9
1108850 978.1
1108860 978.1
1108870 974.5
1108880 970.7
1108890 970.7
1108900 967.2
1108910 963.9
1108920 959.5
1108930 959.5
1108940 954.9
1108950 950.5
1108960 950.5
1108970 947.6
1108980 944.1
1108990 944.1
1109000 940.4
1109010 937.6
1109020 937.6
1109030 934.5
1109040 932.3
1109050 932.3
1109060 930.2
1109070 927.7
1109080 927.7
1109090 928.0
1109100 924.8
1109110 924.8
1109120 922.6
1109130 919.5
1109140 919.5
1109150 917.1
1109160 915.2
1109170 915.2
1109180 912.7
1109190 910.1
1109200 910.1
1109210 908.5
1109220 906.3
1109230 906.3
1109240 904.5
1109250 903.4
1109260 902.3
1109270 902.3
1109280 901.3
1109290 900.2
1109300 900.2
1109310 898.9
1109320 898.0
1109330 898.0
1109340 896.8
1109350 895.4
1109360 895.4
1109370 894.5
1109380 893.7
1109390 893.7
1109400 893.7
1109410 893.4
1109420 893.4
1109430 896.5
1109440 894.8
1109450 894.8
1109460 893.2
1109470 891.5
1109480 891.5
1109490 889.9
1109500 887.8
1109510 887.8
1109520 886.3
1109530 884.6
1109540 884.6
1109550 882.6
1109560 879.2
1109570 879.2
1109580 875.5
1109590 874.1
1109600 873.8
1109610 873.8
1109620 870.2
1109630 865.7
1109640 865.7
1109650 863.8
1109660 863.3
1109670 863.3
1109680 860.7
1109690 859.6
1109700 859.6
1109710 858.6
1109720 856.0
1109730 856.0
1109740 853.4
1109750 850.7
1109760 850.7
1109770 855.6
1109780 853.9
1109790 853.9
1109800 853.0
1109810 848.5
1109820 848.5
1109830 843.7
1109840 839.8
1109850 839.8
1109860 833.5
1109870 827.8
1109880 827.8
1109890 827.3
1109900 823.6
1109910 818.8
1109920 818.8
1109930 813.8
1109940 809.2
1109950 809.2
1109960 806.6
1109970 800.9
1109980 800.9
1109990 794.3
1110000 791.8
1110010 791.8
1110020 785.9
1110030 780.1
1110040 780.1
1110050 774.1
1110060 769.0
1110070 769.0
1110080 765.4
1110090 766.2
1110100 766.2
1110110 764.9
1110120 757.0
1110130 757.0
1110140 751.4
1110150 746.5
1110160 746.5
1110170 742.1
1110180 738.0
1110190 738.0
1110200 733.2
1110210 727.5
1110220 727.5
1110230 724.2
1110240 722.3
1110250 718.4
1110260 718.4
1110270 710.9
1110280 702.2
1110290 702.2
1110300 694.2
1110310 688.4
1110320 688.4
1110330 688.6
1110340 693.9
1110350 693.9
1110360 698.7
1110370 707.4
1110380 707.4
1110390 722.4
1110400 723.7
1110410 723.7
1110420 724.3
1110430 731.0
1110440 731.0
1110450 735.4
1110460 734.2
1110470 734.2
1110480 740.3
1110490 748.1
1110500 748.1
1110510 768.9
1110520 783.0
1110530 783.0
1110540 785.7
1110550 788.3
1110560 788.3
1110570 793.9
1110580 802.6
1110590 807.8
1110600 807.8
1110610 811.6
1110620 814.3
1110630 814.3
1110640 816.9
1110650 819.0
1110660 819.0
1110670 820.9
1110680 822.7
1110690 822.7
1110700 825.2
1110710 827.5
1110720 827.5
1110730 827.7
1110740 828.4
1110750 828.4
1110760 828.5
1110770 830.2
1110780 830.2
1110790 831.8
1110800 828.9
1110810 828.9
1110820 838.5
1110830 850.2
1110840 850.2
1110850 861.7
1110860 870.0
1110870 870.0
1110880 874.1
1110890 876.7
1110900 876.7
1110910 878.1
1110920 877.8
1110930 879.6
1110940 879.6
1110950 885.2
1110960 892.6
1110970 892.6
1110980 900.5
1110990 908.6
1111000 908.6
1111010 915.6
1111020 922.3
1111030 922.3
1111040 928.4
1111050 933.7
1111060 933.7
1111070 942.5
1111080 946.4
1111090 946.4
1111100 949.5
1111110 949.9
1111120 949.9
1111130 950.0
1111140 943.6
1111150 943.6
1111160 941.8
1111170 939.1
1111180 939.1
1111190 935.8
1111200 933.6
1111210 933.6
1111220 931.5
1111230 929.0
1111240 926.3
1111250 926.3
1111260 924.2
1111270 921.6
1111280 921.6
1111290 919.1
1111300 915.5
1111310 915.5
1111320 911.7
1111330 912.7
1111340 912.7
1111350 913.8
1111360 913.0
1111370 913.0
1111380 911.6
1111390 912.6
1111400 912.6
1111410 911.4
1111420 911.3
1111430 911.3
1111440 914.1
1111450 918.6
1111460 918.6
1111470 921.8
1111480 917.3
1111490 917.3
1111500 916.6
1111510 915.9
1111520 915.9
1111530 915.8
1111540 915.5
1111550 915.5
1111560 916.2
1111570 916.8
1111580 917.4
1111590 917.4
1111600 917.9
1111610 918.6
1111620 918.6
1111630 919.6
1111640 921.3
1111650 921.3
1111660 923.2
1111670 924.1
1111680 924.1
1111690 924.6
1111700 925.5
1111710 925.5
1111720 924.7
1111730 922.8
1111740 922.8
1111750 922.5
1111760 923.2
1111770 923.2
1111780 922.4
1111790 918.2
1111800 918.2
1111810 908.9
1111820 897.2
1111830 897.2
1111840 896.4
1111850 894.3
1111860 894.3
1111870 895.8
1111880 897.2
1111890 897.2
1111900 895.8
1111910 893.2
1111920 889.2
1111930 889.2
1111940 885.6
1111950 885.0
1111960 885.0
1111970 883.3
1111980 879.8
1111990 879.8
1112000 878.1
1112010 879.7
1112020 879.7
1112030 879.7
1112040 878.5
1112050 878.5
1112060 877.0
1112070 876.5
1112080 876.5
1112090 876.1
1112100 876.1
1112110 876.1
1112120 876.4
1112130 876.8
1112140 876.8
1112150 877.0
1112160 876.9
1112170 875.5
1112180 875.0
1112190 874.4
1112200 874.4
1112210 874.4
1112220 874.5
1112230 874.5
1112240 874.8
1112250 874.9
1112260 875.3
1112270 875.3
1112280 876.8
1112290 878.8
1112300 878.8
1112310 879.8
1112320 880.9
1112330 880.9
1112340 881.8
1112350 883.1
1112360 883.1
1112370 884.9
1112380 886.1
1112390 886.1
1112400 886.6
1112410 887.3
1112420 887.3
1112430 888.2
1112440 889.7
1112450 889.7
1112460 890.0
1112470 890.3
1112480 890.3
1112490 891.1
1112500 891.7
1112510 891.9
1112520 892.3
1112530 892.9
1112540 892.9
1112550 893.4
1112560 894.1
1112570 895.1
1112580 895.1
1112590 896.2
1112600 897.9
1112610 897.9
1112620 900.5
1112630 902.3
1112640 902.3
1112650 904.2
1112660 905.6
1112670 905.6
1112680 906.8
1112690 908.5
1112700 908.5
1112710 909.3
1112720 910.2
1112730 910.2
1112740 911.0
1112750 911.6
1112760 911.6
1112770 912.2
1112780 913.3
1112790 913.3
1112800 915.1
1112810 917.4
1112820 917.4
1112830 919.0
1112840 919.7
1112850 917.7
1112860 918.2
1112870 919.1
1112880 919.1
1112890 920.4
1112900 921.9
1112910 923.4
1112920 923.4
1112930 925.3
1112940 927.1
1112950 927.1
1112960 928.0
1112970 927.7
1112980 927.7
1112990 927.9
1113000 928.5
1113010 928.5
1113020 929.7
1113030 931.0
1113040 931.0
1113050 932.5
1113060 933.7
1113070 933.7
1113080 935.0
1113090 936.3
1113100 936.3
1113110 937.6
1113120 939.4
1113130 939.4
1113140 941.5
1113150 943.9
1113160 943.9
1113170 946.2
1113180 949.3
1113190 949.3
1113200 952.4
1113210 955.3
1113220 955.3
1113230 958.3
1113240 960.7
1113250 962.8
1113260 962.8
1113270 966.4
1113280 970.4
1113290 970.4
1113300 973.2
1113310 976.8
1113320 976.8
1113330 980.3
1113340 982.6
1113350 982.6
1113360 984.0
1113370 984.8
1113380 984.8
1113390 985.8
1113400 986.7
1113410 986.7
1113420 987.6
1113430 988.4
1113440 988.4
1113450 989.2
1113460 989.9
1113470 989.9
1113480 990.6
1113490 991.3
1113500 991.3
1113510 992.0
1113520 993.2
1113530 993.2
1113540 994.0
1113550 994.6
1113560 994.9
1113570 994.9
1113580 995.3
1113590 995.8
1113600 995.8
1113610 996.3
1113620 996.9
1113630 996.9
1113640 997.4
1113650 997.6
1113660 997.6
1113670 997.7
1113680 998.2
1113690 998.2
1113700 997.9
1113710 998.8
1113720 998.8
1113730 999.8
1113740 1000.8
1113750 1000.8
1113760 1001.7
1113770 1002.6
1113780 1002.6
1113790 1003.7
1113800 1005.3
1113810 1005.3
1113820 1007.3
1113830 1010.1
1113840 1010.1
1113850 1011.9
1113860 1013.6
1113870 1013.6
1113880 1015.8
1113890 1018.9
1113900 1020.6
1113910 1020.6
1113920 1022.6
1113930 1025.4
1113940 1025.4
1113950 1028.2
1113960 1030.4
1113970 1030.4
1113980 1032.4
1113990 1033.9
1114000 1033.9
1114010 1035.7
1114020 1037.5
1114030 1037.5
1114040 1039.6
1114050 1041.9
1114060 1041.9
1114070 1043.9
1114080 1045.6
1114090 1045.6
1114100 1047.2
1114110 1048.7
1114120 1048.7
1114130 1050.1
1114140 1051.5
1114150 1051.5
1114160 1052.8
1114170 1053.8
1114180 1053.8
1114190 1054.7
1114200 1055.5
1114210 1055.5
1114220 1056.3
1114230 1058.3
1114240 1059.0
1114250 1059.0
1114260 1059.5
1114270 1060.0
1114280 1060.0
1114290 1060.3
1114300 1060.5
1114310 1060.5
1114320 1060.7
1114330 1060.2
1114340 1060.2
1114350 1059.5
1114360 1058.9
1114370 1058.9
1114380 1058.6
1114390 1058.2
1114400 1058.2
1114410 1057.8
1114420 1057.0
1114430 1057.0
1114440 1056.0
1114450 1054.9
1114460 1054.9
1114470 1054.0
1114480 1053.3
1114490 1053.3
1114500 1052.8
1114510 1052.0
1114520 1052.0
1114530 1051.5
1114540 1050.6
1114550 1050.6
1114560 1049.5
1114570 1048.4
1114580 1047.7
1114590 1047.7
1114600 1046.5
1114610 1046.1
1114620 1046.1
1114630 1045.8
1114640 1045.5
1114650 1045.5
1114660 1044.9
1114670 1044.2
1114680 1044.2
1114690 1042.7
1114700 1041.5
1114710 1041.5
1114720 1041.2
1114730 1040.8
1114740 1040.8
1114750 1040.4
1114760 1040.3
1114770 1040.3
1114780 1040.6
1114790 1041.9
1114800 1041.9
1114810 1043.0
1114820 1043.7
1114830 1043.7
1114840 1044.1
1114850 1044.3
1114860 1044.3
1114870 1044.5
1114880 1044.8
1114890 1045.4
1114900 1045.4
1114910 1046.0
1114920 1046.3
1114930 1046.3
1114940 1046.8
1114950 1047.1
1114960 1047.1
1114970 1047.4
1114980 1047.7
1114990 1047.7
1115000 1048.0
1115010 1048.1
1115020 1048.1
1115030 1048.4
1115040 1048.8
1115050 1048.8
1115060 1049.1
1115070 1049.3
1115080 1049.3
1115090 1049.4
1115100 1049.5
1115110 1049.5
1115120 1049.5
1115130 1049.0
1115140 1049.0
1115150 1048.2
1115160 1047.4
1115170 1047.4
1115180 1047.1
1115190 1047.1
1115200 1047.1
1115210 1047.1
1115220 1047.0
1115230 1046.7
1115240 1046.7
1115250 1046.1
1115260 1045.2
1115270 1046.5
1115280 1046.3
1115290 1046.0
1115300 1046.0
1115310 1045.1
1115320 1044.7
1115330 1044.7
1115340 1043.9
1115350 1042.8
1115360 1042.8
1115370 1042.2
1115380 1041.0
1115390 1041.0
1115400 1040.1
1115410 1040.0
1115420 1040.0
1115430 1040.5
1115440 1040.9
1115450 1040.9
1115460 1041.2
1115470 1041.6
1115480 1041.6
1115490 1042.1
1115500 1042.5
1115510 1042.5
1115520 1042.7
1115530 1042.6
1115540 1042.6
1115550 1042.3
1115560 1041.7
1115570 1041.4
1115580 1041.4
1115590 1041.7
1115600 1043.1
1115610 1043.9
1115620 1044.7
1115630 1044.6
1115640 1044.6
1115650 1044.7
1115660 1045.8
1115670 1045.8
1115680 1046.6
1115690 1046.9
1115700 1046.9
1115710 1047.1
1115720 1047.4
1115730 1047.4
1115740 1047.9
1115750 1048.5
1115760 1048.5
1115770 1049.0
1115780 1049.4
1115790 1049.4
1115800 1049.2
1115810 1048.7
1115820 1048.7
1115830 1047.9
1115840 1047.8
1115850 1047.8
1115860 1047.9
1115870 1048.0
1115880 1047.9
1115890 1047.9
1115900 1047.6
1115910 1047.2
1115920 1047.2
1115930 1047.2
1115940 1047.1
1115950 1047.1
1115960 1049.4
1115970 1049.6
1115980 1049.6
1115990 1050.1
1116000 1050.3
1116010 1050.3
1116020 1051.0
1116030 1051.2
1116040 1051.2
1116050 1050.7
1116060 1050.7
1116070 1050.7
1116080 1050.7
1116090 1050.2
1116100 1050.2
1116110 1050.7
1116120 1051.1
1116130 1051.1
1116140 1051.2
1116150 1051.0
1116160 1051.0
1116170 1050.5
1116180 1050.1
1116190 1050.1
1116200 1049.4
1116210 1049.0
1116220 1049.5
1116230 1049.5
1116240 1050.0
1116250 1050.9
1116260 1050.9
1116270 1051.8
1116280 1052.6
1116290 1052.6
1116300 1053.6
1116310 1056.3
1116320 1056.3
1116330 1057.6
1116340 1059.3
1116350 1059.3
1116360 1060.7
1116370 1062.1
1116380 1062.1
1116390 1063.0
1116400 1064.6
1116410 1064.6
1116420 1066.8
1116430 1069.2
1116440 1069.2
1116450 1071.2
1116460 1072.6
1116470 1072.6
1116480 1074.1
1116490 1076.0
1116500 1076.0
1116510 1077.5
1116520 1078.6
1116530 1078.6
1116540 1077.9
1116550 1076.4
1116560 1076.4
1116570 1076.4
1116580 1078.8
1116590 1081.7
1116600 1081.7
1116610 1083.7
1116620 1085.4
1116630 1085.4
1116640 1086.5
1116650 1092.2
1116660 1092.2
1116670 1095.8
1116680 1098.6
1116690 1098.6
1116700 1100.1
1116710 1102.7
1116720 1102.7
1116730 1104.7
1116740 1105.7
1116750 1105.7
1116760 1105.7
1116770 1105.3
1116780 1105.3
1116790 1107.7
1116800 1109.8
1116810 1109.8
1116820 1111.7
1116830 1114.8
1116840 1114.8
1116850 1118.8
1116860 1122.0
1116870 1122.0
1116880 1122.8
1116890 1124.7
1116900 1126.0
1116910 1126.0
1116920 1128.4
1116930 1130.3
1116940 1130.3
1116950 1131.5
1116960 1134.0
1116970 1134.0
1116980 1135.9
1116990 1139.7
1117000 1144.6
1117010 1146.4
1117020 1147.0
1117030 1147.0
1117040 1148.4
1117050 1151.0
1117060 1151.0
1117070 1153.7
1117080 1155.6
1117090 1155.6
1117100 1157.1
1117110 1158.6
1117120 1158.6
1117130 1160.7
1117140 1162.6
1117150 1162.6
1117160 1163.1
1117170 1163.1
1117180 1163.1
1117190 1163.0
1117200 1162.6
1117210 1162.7
1117220 1162.7
1117230 1163.0
1117240 1163.0
1117250 1163.0
1117260 1163.0
1117270 1163.6
1117280 1163.6
1117290 1163.4
1117300 1162.5
1117310 1162.5
1117320 1159.7
1117330 1155.7
1117340 1155.7
1117350 1160.8
1117360 1164.1
1117370 1164.1
1117380 1165.9
1117390 1167.3
1117400 1167.3
1117410 1168.3
1117420 1171.0
1117430 1171.0
1117440 1174.9
1117450 1178.3
1117460 1178.3
1117470 1183.6
1117480 1188.6
1117490 1188.6
1117500 1190.9
1117510 1192.4
1117520 1192.4
1117530 1194.8
1117540 1198.0
1117550 1200.7
1117560 1200.7
1117570 1203.9
1117580 1207.1
1117590 1207.1
1117600 1210.2
1117610 1212.4
1117620 1212.4
1117630 1216.5
1117640 1220.3
1117650 1220.3
1117660 1221.3
1117670 1222.4
1117680 1222.4
1117690 1225.0
1117700 1233.2
1117710 1233.2
1117720 1236.0
1117730 1236.8
1117740 1236.8
1117750 1236.9
1117760 1237.7
1117770 1237.7
1117780 1238.6
1117790 1239.4
1117800 1239.4
1117810 1240.3
1117820 1240.4
1117830 1240.4
1117840 1241.1
1117850 1241.9
1117860 1241.9
1117870 1241.8
1117880 1240.6
1117890 1239.2
1117900 1239.2
1117910 1237.7
1117920 1236.3
1117930 1236.3
1117940 1236.2
1117950 1237.5
1117960 1237.5
1117970 1238.9
1117980 1240.2
1117990 1240.2
1118000 1241.7
1118010 1243.2
1118020 1243.2
1118030 1244.8
1118040 1248.7
1118050 1248.7
1118060 1249.9
1118070 1252.9
1118080 1252.9
1118090 1255.8
1118100 1258.8
1118110 1258.8
1118120 1263.7
1118130 1269.0
1118140 1269.0
1118150 1274.4
1118160 1280.0
1118170 1280.0
1118180 1285.6
1118190 1291.6
1118200 1297.8
1118210 1297.8
1118220 1303.6
1118230 1305.7
1118240 1305.7
1118250 1304.4
1118260 1300.5
1118270 1300.5
1118280 1295.6
1118290 1290.9
1118300 1290.9
1118310 1286.8
1118320 1285.0
1118330 1285.0
1118340 1285.4
1118350 1286.5
1118360 1286.5
1118370 1287.8
1118380 1289.0
1118390 1294.3
1118400 1294.7
1118410 1294.7
1118420 1294.7
1118430 1294.2
1118440 1293.7
1118450 1293.7
1118460 1292.8
1118470 1291.6
1118480 1291.6
1118490 1290.0
1118500 1287.8
1118510 1287.8
1118520 1284.9
1118530 1281.9
1118540 1278.7
1118550 1278.7
1118560 1275.7
1118570 1272.7
1118580 1272.7
1118590 1272.2
1118600 1270.9
1118610 1270.9
1118620 1271.0
1118630 1271.7
1118640 1271.7
1118650 1272.7
1118660 1273.2
1118670 1273.2
1118680 1272.9
1118690 1273.5
1118700 1273.5
1118710 1275.4
1118720 1277.7
1118730 1277.7
1118740 1280.8
1118750 1276.4
1118760 1276.4
1118770 1270.3
1118780 1263.3
1118790 1263.3
1118800 1257.4
1118810 1251.5
1118820 1251.5
1118830 1244.0
1118840 1237.8
1118850 1237.8
1118860 1231.6
1118870 1224.3
1118880 1217.6
1118890 1217.6
1118900 1212.3
1118910 1208.5
1118920 1208.5
1118930 1204.9
1118940 1200.4
1118950 1200.4
1118960 1194.5
1118970 1188.0
1118980 1188.0
1118990 1180.7
1119000 1172.9
1119010 1172.9
1119020 1164.9
1119030 1156.3
1119040 1156.3
1119050 1147.7
1119060 1139.5
1119070 1139.5
1119080 1142.1
1119090 1154.3
1119100 1154.3
1119110 1159.2
1119120 1159.9
1119130 1159.9
1119140 1163.8
1119150 1172.3
1119160 1172.3
1119170 1180.8
1119180 1188.7
1119190 1193.0
1119200 1193.0
1119210 1192.4
1119220 1194.6
1119230 1194.6
1119240 1192.6
1119250 1192.7
1119260 1192.7
1119270 1198.1
1119280 1205.1
1119290 1205.1
1119300 1211.5
1119310 1217.6
1119320 1217.6
1119330 1222.5
1119340 1226.1
1119350 1226.1
1119360 1228.3
1119370 1230.4
1119380 1230.4
1119390 1236.6
1119400 1242.5
1119410 1242.5
1119420 1248.3
1119430 1253.8
1119440 1255.0
1119450 1258.8
1119460 1263.0
1119470 1263.0
1119480 1268.4
1119490 1272.8
1119500 1272.8
1119510 1276.9
1119520 1282.6
1119530 1288.3
1119540 1288.3
1119550 1293.4
1119560 1298.2
1119570 1298.2
1119580 1303.2
1119590 1308.1
1119600 1308.1
1119610 1313.0
1119620 1317.7
1119630 1317.7
1119640 1322.1
1119650 1325.8
1119660 1325.8
1119670 1328.7
1119680 1330.4
1119690 1330.4
1119700 1330.8
1119710 1329.7
1119720 1329.7
1119730 1326.4
1119740 1322.4
1119750 1322.4
1119760 1318.7
1119770 1314.3
1119780 1314.3
1119790 1313.3
1119800 1307.6
1119810 1307.6
1119820 1301.5
1119830 1294.8
1119840 1294.8
1119850 1286.6
1119860 1278.7
1119870 1272.2
1119880 1272.2
1119890 1265.1
1119900 1258.2
1119910 1258.2
1119920 1250.8
1119930 1243.4
1119940 1243.4
1119950 1236.0
1119960 1229.6
1119970 1229.6
1119980 1222.5
1119990 1215.4
