1100000 680.7
1100010 680.7
1100020 682.7
1100030 683.4
1100040 683.4
1100050 683.6
1100060 682.4
1100070 682.4
1100080 680.0
1100090 677.8
1100100 675.3
1100110 675.3
1100120 674.4
1100130 672.8
1100140 670.5
1100150 668.3
1100160 666.8
1100170 666.8
1100180 665.1
1100190 662.9
1100200 662.9
1100210 660.7
1100220 658.9
1100230 658.9
1100240 656.6
1100250 654.1
1100260 654.1
1100270 652.0
1100280 650.3
1100290 650.3
1100300 647.8
1100310 644.7
1100320 644.7
1100330 641.8
1100340 638.7
1100350 638.7
1100360 635.6
1100370 632.4
1100380 632.4
1100390 630.0
1100400 627.3
1100410 627.3
1100420 624.6
1100430 622.1
1100440 619.7
1100450 619.7
1100460 618.0
1100470 614.5
1100480 614.5
1100490 612.0
1100500 609.6
1100510 609.6
1100520 604.6
1100530 592.8
1100540 592.8
1100550 582.1
1100560 574.5
1100570 574.5
1100580 567.8
1100590 560.5
1100600 560.5
1100610 554.1
1100620 550.9
1100630 550.9
1100640 547.1
1100650 542.8
1100660 542.8
1100670 539.3
1100680 538.1
1100690 538.1
1100700 535.3
1100710 532.1
1100720 532.1
1100730 528.1
1100740 525.8
1100750 521.4
1100760 521.4
1100770 517.5
1100780 515.8
1100790 515.8
1100800 513.9
1100810 510.8
1100820 510.8
1100830 510.7
1100840 512.1
1100850 512.1
1100860 519.0
1100870 524.9
1100880 524.9
1100890 529.4
1100900 530.9
1100910 530.9
1100920 536.2
1100930 542.9
1100940 542.9
1100950 550.2
1100960 560.3
1100970 560.3
1100980 569.4
1100990 572.9
1101000 572.9
1101010 575.6
1101020 581.6
1101030 581.6
1101040 585.0
1101050 586.8
1101060 586.8
1101070 591.0
1101080 592.8
1101090 596.9
1101100 596.9
1101110 600.0
1101120 601.5
1101130 601.5
1101140 604.6
1101150 606.3
1101160 606.3
1101170 607.1
1101180 611.5
1101190 611.5
1101200 614.1
1101210 614.2
1101220 614.2
1101230 614.3
1101240 614.4
1101250 614.4
1101260 614.6
1101270 614.8
1101280 614.8
1101290 614.9
1101300 615.1
1101310 615.1
1101320 615.3
1101330 615.5
1101340 615.5
1101350 615.7
1101360 615.8
1101370 615.8
1101380 616.0
1101390 616.2
1101400 616.2
1101410 616.2
1101420 616.3
1101430 616.5
1101440 616.5
1101450 616.7
1101460 616.9
1101470 616.9
1101480 617.2
1101490 617.6
1101500 617.6
1101510 618.0
1101520 618.0
1101530 618.0
1101540 618.0
1101550 618.0
1101560 618.0
1101570 618.2
1101580 618.4
1101590 618.4
1101600 618.6
1101610 618.8
1101620 618.8
1101630 618.9
1101640 619.0
1101650 619.0
1101660 619.2
1101670 619.3
1101680 619.3
1101690 619.6
1101700 619.9
1101710 619.9
1101720 620.0
1101730 620.2
1101740 620.2
1101750 620.4
1101760 620.7
1101770 620.8
1101780 620.8
1101790 620.8
1101800 620.9
1101810 620.9
1101820 621.1
1101830 621.4
1101840 621.4
1101850 621.8
1101860 622.0
1101870 622.0
1101880 622.2
1101890 622.3
1101900 622.3
1101910 622.4
1101920 622.5
1101930 622.5
1101940 622.6
1101950 622.8
1101960 622.8
1101970 623.0
1101980 623.0
1101990 623.0
1102000 622.9
1102010 622.9
1102020 622.9
1102030 623.6
1102040 624.0
1102050 624.0
1102060 624.0
1102070 624.0
1102080 624.1
1102090 624.1
1102100 624.3
1102110 624.5
1102120 624.5
1102130 624.8
1102140 624.9
1102150 624.9
1102160 625.1
1102170 625.4
1102180 625.4
1102190 625.5
1102200 625.8
1102210 625.8
1102220 626.0
1102230 626.3
1102240 626.3
1102250 626.5
1102260 626.9
1102270 626.9
1102280 627.2
1102290 627.4
1102300 627.4
1102310 627.7
1102320 627.9
1102330 627.9
1102340 628.3
1102350 628.7
1102360 628.7
1102370 629.0
1102380 629.3
1102390 629.3
1102400 629.6
1102410 629.9
1102420 630.2
1102430 630.2
1102440 630.5
1102450 630.6
1102460 630.6
1102470 630.5
1102480 630.7
1102490 630.7
1102500 631.0
1102510 631.2
1102520 631.2
1102530 631.3
1102540 631.6
1102550 631.6
1102560 631.9
1102570 632.2
1102580 632.2
1102590 632.6
1102600 633.0
1102610 633.0
1102620 633.2
1102630 633.3
1102640 633.3
1102650 633.3
1102660 633.3
1102670 633.3
1102680 633.4
1102690 633.7
1102700 633.7
1102710 634.3
1102720 635.1
1102730 635.1
1102740 636.2
1102750 637.1
1102760 637.8
1102770 637.8
1102780 638.5
1102790 639.4
1102800 639.4
1102810 645.7
1102820 646.8
1102830 646.8
1102840 648.0
1102850 649.2
1102860 649.2
1102870 650.3
1102880 651.1
1102890 651.1
1102900 651.9
1102910 652.4
1102920 652.4
1102930 652.8
1102940 653.3
1102950 653.3
1102960 653.7
1102970 654.3
1102980 654.3
1102990 654.7
1103000 655.1
1103010 655.1
1103020 655.6
1103030 655.6
1103040 655.6
1103050 655.3
1103060 655.5
1103070 655.2
1103080 655.2
1103090 653.7
1103100 653.4
1103110 653.4
1103120 656.3
1103130 658.3
1103140 662.3
1103150 663.2
1103160 663.6
1103170 663.6
1103180 664.0
1103190 664.0
1103200 664.0
1103210 663.7
1103220 663.0
1103230 663.0
1103240 662.8
1103250 663.2
1103260 663.2
1103270 664.3
1103280 665.4
1103290 665.4
1103300 665.7
1103310 665.8
1103320 665.8
1103330 665.9
1103340 666.1
1103350 666.1
1103360 666.3
1103370 666.4
1103380 666.4
1103390 666.5
1103400 666.6
1103410 666.8
1103420 666.8
1103430 666.9
1103440 666.9
1103450 666.9
1103460 667.1
1103470 667.1
1103480 667.0
1103490 667.1
1103500 667.1
1103510 667.1
1103520 667.3
1103530 667.5
1103540 667.5
1103550 667.9
1103560 668.2
1103570 668.2
1103580 668.4
1103590 668.5
1103600 668.5
1103610 668.6
1103620 668.8
1103630 668.8
1103640 668.9
1103650 669.3
1103660 669.3
1103670 669.7
1103680 669.8
1103690 669.8
1103700 669.8
1103710 669.8
1103720 669.8
1103730 669.9
1103740 669.9
1103750 669.8
1103760 669.8
1103770 669.8
1103780 670.1
1103790 670.1
1103800 670.2
1103810 670.0
1103820 670.0
1103830 670.6
1103840 670.7
1103850 670.7
1103860 670.7
1103870 670.6
1103880 670.6
1103890 670.4
1103900 670.4
1103910 670.4
1103920 670.4
1103930 670.4
1103940 670.4
1103950 670.4
1103960 670.5
1103970 670.5
1103980 670.6
1103990 670.6
1104000 670.6
1104010 671.0
1104020 671.5
1104030 671.5
1104040 671.6
1104050 671.6
1104060 671.6
1104070 671.7
1104080 671.9
1104090 672.1
1104100 672.1
1104110 672.3
1104120 672.5
1104130 672.5
1104140 672.6
1104150 672.5
1104160 672.5
1104170 672.6
1104180 672.9
1104190 672.9
1104200 673.8
1104210 675.1
1104220 675.1
1104230 676.1
1104240 676.4
1104250 676.4
1104260 675.6
1104270 674.7
1104280 674.7
1104290 674.4
1104300 674.4
1104310 674.4
1104320 674.3
1104330 675.0
1104340 675.0
1104350 676.8
1104360 678.0
1104370 678.0
1104380 679.0
1104390 682.4
1104400 685.8
1104410 685.8
1104420 687.9
1104430 689.9
1104440 689.9
1104450 692.3
1104460 694.2
1104470 694.2
1104480 699.1
1104490 699.9
1104500 699.9
1104510 699.9
1104520 698.9
1104530 698.9
1104540 698.0
1104550 697.4
1104560 697.4
1104570 697.4
1104580 698.4
1104590 698.4
1104600 700.7
1104610 703.5
1104620 703.5
1104630 706.1
1104640 708.6
1104650 708.6
1104660 710.2
1104670 711.5
1104680 711.5
1104690 712.8
1104700 713.6
1104710 713.6
1104720 714.1
1104730 714.1
1104740 714.3
1104750 714.3
1104760 714.8
1104770 715.4
1104780 715.4
1104790 715.9
1104800 716.2
1104810 716.2
1104820 716.8
1104830 717.1
1104840 717.1
1104850 718.1
1104860 719.3
1104870 719.3
1104880 720.9
1104890 722.4
1104900 722.4
1104910 723.5
1104920 724.4
1104930 724.4
1104940 725.0
1104950 725.0
1104960 725.0
1104970 724.7
1104980 724.7
1104990 724.7
1105000 724.9
1105010 724.8
1105020 724.8
1105030 725.1
1105040 725.3
1105050 725.3
1105060 725.7
1105070 726.6
1105080 727.1
1105090 727.1
1105100 727.2
1105110 727.3
1105120 727.3
1105130 727.3
1105140 727.2
1105150 727.2
1105160 727.8
1105170 726.8
1105180 726.8
1105190 725.5
1105200 725.2
1105210 725.2
1105220 725.9
1105230 725.5
1105240 725.5
1105250 726.2
1105260 726.3
1105270 726.3
1105280 726.2
1105290 726.3
1105300 726.3
1105310 727.1
1105320 728.5
1105330 728.5
1105340 729.4
1105350 730.7
1105360 730.7
1105370 731.7
1105380 732.8
1105390 734.8
1105400 734.8
1105410 736.9
1105420 739.0
1105430 739.0
1105440 741.0
1105450 743.1
1105460 743.1
1105470 745.1
1105480 747.0
1105490 748.1
1105500 749.9
1105510 751.3
1105520 751.3
1105530 752.2
1105540 753.3
1105550 753.3
1105560 754.0
1105570 754.1
1105580 754.1
1105590 753.7
1105600 753.0
1105610 753.0
1105620 752.0
1105630 750.8
1105640 750.8
1105650 749.1
1105660 749.9
1105670 749.9
1105680 751.0
1105690 751.7
1105700 751.7
1105710 752.3
1105720 753.5
1105730 755.7
1105740 755.7
1105750 759.0
1105760 762.2
1105770 762.2
1105780 766.7
1105790 771.2
1105800 771.2
1105810 772.7
1105820 774.2
1105830 774.6
1105840 777.1
1105850 779.5
1105860 779.5
1105870 782.0
1105880 784.7
1105890 784.7
1105900 787.4
1105910 789.8
1105920 789.8
1105930 792.1
1105940 794.1
1105950 794.1
1105960 795.9
1105970 797.6
1105980 797.6
1105990 799.4
1106000 800.9
1106010 800.9
1106020 802.7
1106030 804.4
1106040 804.4
1106050 806.4
1106060 807.8
1106070 809.0
1106080 809.0
1106090 809.9
1106100 810.5
1106110 810.5
1106120 813.1
1106130 816.2
1106140 816.2
1106150 819.8
1106160 821.9
1106170 824.3
1106180 826.3
1106190 829.5
1106200 829.5
1106210 832.8
1106220 835.7
1106230 835.7
1106240 837.8
1106250 840.9
1106260 840.9
1106270 843.8
1106280 845.6
1106290 845.6
1106300 848.7
1106310 851.4
1106320 851.4
1106330 853.9
1106340 857.1
1106350 857.1
1106360 859.1
1106370 862.1
1106380 862.1
1106390 864.0
1106400 866.7
1106410 868.7
1106420 868.7
1106430 871.6
1106440 874.0
1106450 874.0
1106460 874.7
1106470 873.1
1106480 873.1
1106490 876.5
1106500 883.4
1106510 883.4
1106520 885.3
1106530 886.2
1106540 886.2
1106550 887.3
1106560 888.2
1106570 888.2
1106580 889.6
1106590 890.9
1106600 890.9
1106610 892.4
1106620 893.5
1106630 893.5
1106640 894.4
1106650 894.9
1106660 894.9
1106670 894.9
1106680 894.4
1106690 894.4
1106700 893.5
1106710 892.4
1106720 890.5
1106730 890.5
1106740 884.6
1106750 879.2
1106760 879.2
1106770 885.3
1106780 887.4
1106790 887.4
1106800 886.1
1106810 884.8
1106820 884.8
1106830 883.8
1106840 884.1
1106850 884.1
1106860 882.4
1106870 880.6
1106880 880.6
1106890 878.9
1106900 877.5
1106910 877.5
1106920 877.5
1106930 876.2
1106940 876.2
1106950 877.0
1106960 876.4
1106970 876.4
1106980 875.3
1106990 874.7
1107000 874.7
1107010 871.6
1107020 873.5
1107030 873.5
1107040 868.5
1107050 857.8
1107060 858.8
1107070 858.8
1107080 865.0
1107090 870.8
1107100 870.8
1107110 876.4
1107120 882.2
1107130 882.2
1107140 885.8
1107150 890.5
1107160 890.5
1107170 894.3
1107180 899.0
1107190 899.0
1107200 901.1
1107210 903.1
1107220 903.1
1107230 905.4
1107240 908.1
1107250 908.1
1107260 911.4
1107270 914.7
1107280 914.7
1107290 916.2
1107300 918.3
1107310 918.3
1107320 920.1
1107330 921.9
1107340 921.9
1107350 924.1
1107360 928.1
1107370 928.1
1107380 932.1
1107390 935.3
1107400 938.8
1107410 938.8
1107420 941.5
1107430 944.0
1107440 944.0
1107450 946.2
1107460 948.4
1107470 948.4
1107480 950.0
1107490 951.1
1107500 951.1
1107510 952.6
1107520 957.8
1107530 957.8
1107540 959.0
1107550 960.8
1107560 960.8
1107570 962.2
1107580 963.7
1107590 963.7
1107600 964.6
1107610 964.9
1107620 964.9
1107630 964.9
1107640 964.9
1107650 964.9
1107660 963.3
1107670 959.9
1107680 959.9
1107690 957.5
1107700 952.5
1107710 941.2
1107720 941.2
1107730 943.3
1107740 949.5
1107750 949.5
1107760 955.7
1107770 963.8
1107780 963.8
1107790 970.7
1107800 973.7
1107810 973.7
1107820 976.4
1107830 979.2
1107840 979.2
1107850 982.1
1107860 984.3
1107870 984.3
1107880 986.7
1107890 988.9
1107900 988.9
1107910 991.1
1107920 993.2
1107930 993.2
1107940 995.4
1107950 997.8
1107960 997.8
1107970 1000.1
1107980 1002.4
1107990 1002.4
1108000 1004.8
1108010 1007.8
1108020 1007.8
1108030 1011.2
1108040 1015.5
1108050 1019.8
1108060 1019.8
1108070 1023.3
1108080 1025.5
1108090 1025.5
1108100 1026.8
1108110 1027.6
1108120 1027.6
1108130 1028.7
1108140 1030.3
1108150 1030.3
1108160 1032.0
1108170 1033.9
1108180 1033.9
1108190 1035.7
1108200 1036.0
1108210 1036.0
1108220 1037.6
1108230 1039.2
1108240 1039.2
1108250 1041.1
1108260 1043.2
1108270 1043.2
1108280 1045.3
1108290 1047.2
1108300 1047.2
1108310 1049.0
1108320 1050.6
1108330 1050.6
1108340 1051.8
1108350 1053.2
1108360 1053.2
1108370 1054.4
1108380 1055.4
1108390 1056.3
1108400 1056.3
1108410 1057.1
1108420 1057.6
1108430 1057.6
1108440 1057.9
1108450 1057.9
1108460 1057.9
1108470 1057.8
1108480 1057.7
1108490 1057.7
1108500 1057.6
1108510 1057.5
1108520 1057.5
1108530 1057.3
1108540 1056.5
1108550 1056.5
1108560 1056.3
1108570 1056.0
1108580 1056.0
1108590 1055.8
1108600 1055.2
1108610 1055.2
1108620 1054.5
1108630 1053.7
1108640 1053.7
1108650 1052.8
1108660 1051.7
1108670 1051.7
1108680 1050.3
1108690 1048.8
1108700 1046.9
1108710 1046.9
1108720 1045.1
1108730 1043.0
1108740 1043.0
1108750 1040.7
1108760 1038.8
1108770 1038.8
1108780 1037.0
1108790 1035.6
1108800 1035.6
1108810 1034.3
1108820 1032.9
1108830 1032.9
1108840 1031.3
1108850 1029.5
1108860 1029.5
1108870 1027.8
1108880 1023.1
1108890 1023.1
1108900 1021.0
1108910 1018.8
1108920 1018.8
1108930 1016.8
1108940 1015.1
1108950 1015.1
1108960 1013.9
1108970 1012.7
1108980 1012.7
1108990 1011.3
1109000 1009.7
1109010 1009.7
1109020 1008.3
1109030 1006.8
1109040 1005.6
1109050 1005.6
1109060 1004.5
1109070 1003.0
1109080 1003.0
1109090 1001.2
1109100 999.7
1109110 999.7
1109120 998.6
1109130 997.6
1109140 997.6
1109150 996.8
1109160 996.1
1109170 996.1
1109180 995.4
1109190 994.7
1109200 994.7
1109210 994.0
1109220 991.6
1109230 991.6
1109240 989.7
1109250 988.1
1109260 988.1
1109270 986.3
1109280 984.4
1109290 984.4
1109300 983.0
1109310 982.0
1109320 982.0
1109330 981.1
1109340 980.3
1109350 980.3
1109360 979.4
1109370 978.2
1109380 977.1
1109390 977.1
1109400 975.7
1109410 973.6
1109420 973.6
1109430 970.9
1109440 968.2
1109450 968.2
1109460 965.6
1109470 963.2
1109480 963.2
1109490 960.8
1109500 959.0
1109510 959.0
1109520 957.5
1109530 955.8
1109540 955.8
1109550 954.2
1109560 953.1
1109570 953.1
1109580 951.9
1109590 950.9
1109600 950.9
1109610 949.8
1109620 948.7
1109630 948.7
1109640 947.6
1109650 946.5
1109660 946.5
1109670 945.3
1109680 943.4
1109690 941.2
1109700 941.2
1109710 939.5
1109720 938.2
1109730 938.2
1109740 937.1
1109750 936.0
1109760 936.0
1109770 934.9
1109780 933.8
1109790 933.8
1109800 932.7
1109810 931.9
1109820 931.9
1109830 931.0
1109840 929.6
1109850 929.6
1109860 928.5
1109870 927.5
1109880 927.5
1109890 926.5
1109900 925.6
1109910 925.6
1109920 922.2
1109930 917.2
1109940 917.2
1109950 914.4
1109960 910.8
1109970 910.8
1109980 907.1
1109990 904.3
1110000 904.3
1110010 900.6
1110020 896.6
1110030 893.8
1110040 893.8
1110050 892.2
1110060 890.1
1110070 890.1
1110080 889.0
1110090 887.3
1110100 887.3
1110110 886.3
1110120 888.4
1110130 888.4
1110140 889.3
1110150 884.4
1110160 884.4
1110170 880.1
1110180 878.0
1110190 878.0
1110200 876.2
1110210 871.5
1110220 871.5
1110230 866.6
1110240 861.1
1110250 861.1
1110260 855.2
1110270 849.1
1110280 849.1
1110290 843.1
1110300 838.9
1110310 838.9
1110320 834.7
1110330 828.5
1110340 828.5
1110350 819.8
1110360 824.2
1110370 832.2
1110380 832.2
1110390 834.3
1110400 831.2
1110410 831.2
1110420 827.1
1110430 821.7
1110440 821.7
1110450 816.5
1110460 813.7
1110470 813.7
1110480 810.6
1110490 801.6
1110500 801.6
1110510 798.4
1110520 807.7
1110530 807.7
1110540 817.6
1110550 815.9
1110560 815.9
1110570 811.5
1110580 812.1
1110590 812.1
1110600 806.7
1110610 802.4
1110620 802.4
1110630 793.8
1110640 783.8
1110650 783.8
1110660 779.5
1110670 774.1
1110680 774.1
1110690 771.5
1110700 765.1
1110710 754.5
1110720 754.5
1110730 745.8
1110740 738.6
1110750 738.6
1110760 727.7
1110770 722.4
1110780 722.4
1110790 719.4
1110800 715.0
1110810 715.0
1110820 718.9
1110830 738.3
1110840 738.3
1110850 746.4
1110860 754.0
1110870 754.0
1110880 762.5
1110890 766.4
1110900 766.4
1110910 769.2
1110920 759.9
1110930 759.9
1110940 759.0
1110950 756.7
1110960 756.7
1110970 753.1
1110980 749.3
1110990 749.3
1111000 744.5
1111010 740.3
1111020 738.0
1111030 738.0
1111040 731.9
1111050 729.2
1111060 729.2
1111070 727.2
1111080 723.5
1111090 723.5
1111100 720.8
1111110 721.3
1111120 721.3
1111130 724.1
1111140 728.5
1111150 728.5
1111160 741.1
1111170 747.2
1111180 747.2
1111190 747.3
1111200 754.5
1111210 754.5
1111220 762.3
1111230 765.2
1111240 765.2
1111250 764.0
1111260 746.4
1111270 746.4
1111280 744.1
1111290 741.0
1111300 741.0
1111310 736.6
1111320 734.1
1111330 734.1
1111340 735.2
1111350 735.3
1111360 736.4
1111370 736.4
1111380 742.4
1111390 750.0
1111400 750.0
1111410 757.0
1111420 764.3
1111430 764.3
1111440 768.9
1111450 771.9
1111460 771.9
1111470 778.0
1111480 782.2
1111490 782.2
1111500 785.7
1111510 785.8
1111520 785.8
1111530 784.7
1111540 784.0
1111550 784.0
1111560 785.4
1111570 786.8
1111580 786.8
1111590 787.8
1111600 789.4
1111610 783.9
1111620 785.6
1111630 788.1
1111640 788.1
1111650 789.0
1111660 791.8
1111670 791.8
1111680 793.4
1111690 799.7
1111700 807.0
1111710 807.0
1111720 812.8
1111730 818.3
1111740 818.3
1111750 822.7
1111760 823.4
1111770 823.4
1111780 825.3
1111790 828.0
1111800 828.0
1111810 830.0
1111820 831.6
1111830 831.6
1111840 832.6
1111850 836.5
1111860 836.5
1111870 837.9
1111880 832.6
1111890 832.6
1111900 826.0
1111910 822.1
1111920 822.1
1111930 820.2
1111940 820.8
1111950 814.7
1111960 814.8
1111970 815.9
1111980 815.9
1111990 817.2
1112000 820.1
1112010 822.9
1112020 822.9
1112030 823.9
1112040 824.7
1112050 824.7
1112060 830.9
1112070 832.7
1112080 832.7
1112090 837.1
1112100 841.2
1112110 841.2
1112120 841.5
1112130 840.4
1112140 840.4
1112150 838.0
1112160 838.0
1112170 838.0
1112180 837.5
1112190 836.0
1112200 836.0
1112210 834.8
1112220 833.3
1112230 833.3
1112240 830.5
1112250 832.4
1112260 832.4
1112270 837.3
1112280 840.3
1112290 839.5
1112300 843.0
1112310 848.3
1112320 848.3
1112330 852.5
1112340 855.3
1112350 857.5
1112360 857.5
1112370 859.8
1112380 861.3
1112390 861.3
1112400 862.3
1112410 863.1
1112420 863.1
1112430 864.6
1112440 866.7
1112450 866.7
1112460 868.4
1112470 870.6
1112480 870.6
1112490 872.6
1112500 873.4
1112510 873.4
1112520 875.2
1112530 878.5
1112540 878.5
1112550 880.5
1112560 881.8
1112570 881.8
1112580 883.3
1112590 885.0
1112600 885.0
1112610 886.1
1112620 886.8
1112630 886.8
1112640 884.9
1112650 886.1
1112660 886.1
1112670 888.1
1112680 892.0
1112690 897.0
1112700 897.0
1112710 899.9
1112720 901.3
1112730 901.3
1112740 901.2
1112750 898.5
1112760 898.5
1112770 893.7
1112780 892.3
1112790 892.3
1112800 893.3
1112810 895.0
1112820 895.0
1112830 896.9
1112840 900.2
1112850 900.2
1112860 903.5
1112870 907.1
1112880 907.1
1112890 911.3
1112900 915.4
1112910 915.4
1112920 919.4
1112930 922.4
1112940 922.4
1112950 925.4
1112960 928.5
1112970 928.5
1112980 929.5
1112990 930.9
1113000 932.7
1113010 932.7
1113020 933.3
1113030 933.6
1113040 933.6
1113050 933.5
1113060 933.4
1113070 933.4
1113080 935.6
1113090 938.4
1113100 938.4
1113110 942.8
1113120 945.7
1113130 945.7
1113140 948.2
1113150 950.2
1113160 950.2
1113170 952.4
1113180 954.2
1113190 954.2
1113200 956.7
1113210 959.2
1113220 959.2
1113230 961.4
1113240 963.5
1113250 963.5
1113260 964.9
1113270 966.2
1113280 966.2
1113290 967.5
1113300 968.9
1113310 968.9
1113320 972.9
1113330 974.0
1113340 975.5
1113350 975.5
1113360 977.2
1113370 979.2
1113380 979.2
1113390 981.4
1113400 983.6
1113410 983.6
1113420 986.0
1113430 988.6
1113440 988.6
1113450 990.9
1113460 993.4
1113470 993.4
1113480 996.1
1113490 998.8
1113500 998.8
1113510 1001.3
1113520 1003.7
1113530 1003.7
1113540 1006.2
1113550 1008.5
1113560 1008.5
1113570 1010.6
1113580 1013.4
1113590 1013.4
1113600 1016.2
1113610 1018.9
1113620 1018.9
1113630 1021.3
1113640 1023.9
1113650 1023.9
1113660 1026.7
1113670 1029.6
1113680 1030.4
1113690 1030.4
1113700 1031.1
1113710 1032.9
1113720 1032.9
1113730 1035.4
1113740 1037.6
1113750 1037.6
1113760 1039.4
1113770 1041.2
1113780 1041.2
1113790 1042.8
1113800 1044.6
1113810 1044.6
1113820 1045.1
1113830 1044.5
1113840 1044.5
1113850 1043.9
1113860 1045.4
1113870 1045.4
1113880 1048.2
1113890 1049.6
1113900 1049.6
1113910 1051.4
1113920 1053.1
1113930 1053.1
1113940 1054.5
1113950 1055.4
1113960 1055.4
1113970 1059.0
1113980 1062.9
1113990 1066.3
1114000 1066.3
1114010 1068.6
1114020 1070.9
1114030 1070.9
1114040 1072.3
1114050 1073.2
1114060 1073.2
1114070 1073.0
1114080 1072.1
1114090 1072.1
1114100 1071.1
1114110 1070.7
1114120 1070.7
1114130 1071.4
1114140 1072.5
1114150 1072.5
1114160 1073.1
1114170 1072.7
1114180 1072.7
1114190 1072.0
1114200 1072.6
1114210 1072.6
1114220 1073.0
1114230 1072.7
1114240 1072.7
1114250 1073.0
1114260 1074.4
1114270 1074.4
1114280 1075.6
1114290 1076.8
1114300 1076.8
1114310 1077.5
1114320 1078.1
1114330 1078.3
1114340 1078.3
1114350 1078.2
1114360 1077.8
1114370 1077.8
1114380 1079.0
1114390 1080.4
1114400 1080.4
1114410 1080.9
1114420 1081.3
1114430 1081.3
1114440 1081.3
1114450 1081.2
1114460 1081.2
1114470 1081.2
1114480 1080.6
1114490 1080.6
1114500 1079.7
1114510 1078.7
1114520 1078.7
1114530 1077.6
1114540 1075.5
1114550 1075.5
1114560 1072.4
1114570 1069.3
1114580 1069.3
1114590 1066.1
1114600 1063.0
1114610 1063.0
1114620 1059.7
1114630 1056.1
1114640 1056.1
1114650 1052.3
1114660 1048.7
1114670 1044.7
1114680 1044.7
1114690 1040.1
1114700 1034.5
1114710 1034.5
1114720 1030.0
1114730 1026.3
1114740 1026.3
1114750 1023.1
1114760 1020.8
1114770 1020.8
1114780 1019.8
1114790 1019.2
1114800 1019.2
1114810 1019.4
1114820 1019.0
1114830 1019.0
1114840 1017.9
1114850 1016.3
1114860 1016.3
1114870 1015.1
1114880 1015.5
1114890 1015.5
1114900 1015.8
1114910 1015.3
1114920 1015.3
1114930 1014.4
1114940 1011.9
1114950 1011.9
1114960 1007.2
1114970 1002.7
1114980 1000.4
1114990 1000.4
1115000 1001.0
1115010 1001.6
1115020 1001.6
1115030 1003.2
1115040 1003.6
1115050 1000.6
1115060 1000.7
1115070 1000.1
1115080 1000.1
1115090 999.4
1115100 999.2
1115110 999.2
1115120 999.4
1115130 999.8
1115140 999.8
1115150 1000.1
1115160 1000.2
1115170 1000.2
1115180 1000.4
1115190 1000.4
1115200 1000.4
1115210 999.9
1115220 999.2
1115230 999.2
1115240 998.6
1115250 998.1
1115260 998.1
1115270 997.1
1115280 995.7
1115290 995.7
1115300 994.5
1115310 993.3
1115320 991.7
1115330 991.7
1115340 989.9
1115350 989.1
1115360 989.1
1115370 989.2
1115380 991.4
1115390 991.3
1115400 993.8
1115410 995.6
1115420 995.6
1115430 997.2
1115440 999.2
1115450 999.2
1115460 1002.0
1115470 1005.2
1115480 1005.2
1115490 1008.2
1115500 1009.9
1115510 1009.9
1115520 1013.2
1115530 1015.7
1115540 1015.7
1115550 1018.0
1115560 1020.3
1115570 1020.3
1115580 1022.7
1115590 1025.1
1115600 1025.1
1115610 1027.6
1115620 1030.1
1115630 1030.1
1115640 1032.7
1115650 1035.3
1115660 1038.1
1115670 1038.1
1115680 1040.6
1115690 1043.4
1115700 1043.4
1115710 1046.8
1115720 1049.6
1115730 1049.6
1115740 1047.3
1115750 1049.8
1115760 1049.8
1115770 1052.2
1115780 1054.5
1115790 1054.5
1115800 1057.5
1115810 1060.2
1115820 1060.2
1115830 1063.3
1115840 1066.6
1115850 1066.6
1115860 1069.6
1115870 1072.9
1115880 1072.9
1115890 1076.0
1115900 1079.2
1115910 1079.2
1115920 1082.2
1115930 1083.8
1115940 1083.8
1115950 1083.8
1115960 1084.3
1115970 1084.3
1115980 1084.8
1115990 1084.8
1116000 1084.1
1116010 1084.1
1116020 1085.6
1116030 1087.9
1116040 1087.9
1116050 1089.8
1116060 1091.6
1116070 1091.6
1116080 1093.2
1116090 1088.7
1116100 1088.7
1116110 1089.9
1116120 1091.5
1116130 1091.5
1116140 1093.3
1116150 1094.7
1116160 1094.7
1116170 1096.0
1116180 1096.9
1116190 1096.9
1116200 1097.9
1116210 1099.3
1116220 1099.3
1116230 1102.1
1116240 1104.3
1116250 1104.3
1116260 1107.1
1116270 1109.7
1116280 1109.7
1116290 1112.0
1116300 1114.0
1116310 1116.4
1116320 1116.4
1116330 1118.5
1116340 1120.7
1116350 1120.7
1116360 1121.6
1116370 1122.7
1116380 1122.7
1116390 1124.7
1116400 1126.2
1116410 1126.2
1116420 1126.2
1116430 1121.0
1116440 1121.0
1116450 1123.4
1116460 1126.4
1116470 1126.4
1116480 1132.0
1116490 1135.9
1116500 1135.9
1116510 1138.8
1116520 1141.0
1116530 1141.0
1116540 1144.4
1116550 1148.8
1116560 1148.8
1116570 1152.1
1116580 1153.7
1116590 1153.7
1116600 1152.9
1116610 1150.2
1116620 1150.2
1116630 1150.7
1116640 1154.2
1116650 1157.1
1116660 1157.1
1116670 1160.1
1116680 1163.4
1116690 1163.4
1116700 1166.1
1116710 1167.4
1116720 1167.4
1116730 1167.2
1116740 1166.2
1116750 1166.2
1116760 1166.1
1116770 1166.9
1116780 1161.7
1116790 1163.7
1116800 1165.7
1116810 1165.7
1116820 1169.3
1116830 1173.0
1116840 1173.0
1116850 1174.7
1116860 1175.3
1116870 1175.3
1116880 1174.8
1116890 1175.5
1116900 1175.5
1116910 1177.9
1116920 1181.2
1116930 1181.2
1116940 1184.6
1116950 1187.5
1116960 1187.5
1116970 1191.2
1116980 1194.8
1116990 1197.9
1117000 1197.9
1117010 1200.6
1117020 1203.4
1117030 1203.4
1117040 1207.6
1117050 1212.4
1117060 1212.4
1117070 1217.5
1117080 1221.2
1117090 1221.2
1117100 1225.3
1117110 1229.1
1117120 1229.1
1117130 1228.1
1117140 1232.6
1117150 1232.6
1117160 1236.4
1117170 1239.1
1117180 1239.1
1117190 1241.2
1117200 1243.4
1117210 1243.4
1117220 1245.4
1117230 1247.8
1117240 1247.8
1117250 1250.4
1117260 1251.6
1117270 1251.6
1117280 1251.1
1117290 1250.9
1117300 1250.8
1117310 1250.8
1117320 1251.4
1117330 1254.9
1117340 1254.9
1117350 1260.1
1117360 1265.7
1117370 1265.7
1117380 1270.9
1117390 1276.3
1117400 1276.3
1117410 1282.1
1117420 1287.7
1117430 1287.7
1117440 1292.7
1117450 1297.1
1117460 1297.1
1117470 1301.8
1117480 1305.6
1117490 1305.6
1117500 1309.3
1117510 1311.8
1117520 1311.8
1117530 1314.1
1117540 1315.0
1117550 1315.0
1117560 1316.3
1117570 1318.0
1117580 1318.0
1117590 1318.8
1117600 1320.8
1117610 1320.8
1117620 1323.5
1117630 1326.1
1117640 1328.9
1117650 1328.9
1117660 1331.4
1117670 1333.8
1117680 1333.8
1117690 1335.8
1117700 1338.0
1117710 1338.0
1117720 1340.3
1117730 1342.2
1117740 1342.2
1117750 1344.1
1117760 1346.0
1117770 1346.0
1117780 1348.3
1117790 1350.3
1117800 1350.3
1117810 1352.7
1117820 1355.9
1117830 1355.9
1117840 1357.8
1117850 1359.7
1117860 1359.7
1117870 1361.6
1117880 1363.3
1117890 1363.3
1117900 1364.3
1117910 1365.3
1117920 1365.3
1117930 1366.1
1117940 1367.4
1117950 1367.4
1117960 1370.2
1117970 1373.1
1117980 1376.0
1117990 1376.0
1118000 1379.2
1118010 1382.4
1118020 1382.4
1118030 1385.3
1118040 1388.4
1118050 1388.4
1118060 1391.2
1118070 1393.3
1118080 1393.3
1118090 1395.7
1118100 1398.2
1118110 1398.2
1118120 1401.1
1118130 1403.2
1118140 1403.2
1118150 1405.2
1118160 1405.7
1118170 1407.2
1118180 1408.1
1118190 1407.0
1118200 1407.0
1118210 1403.4
1118220 1399.4
1118230 1399.4
1118240 1396.3
1118250 1394.9
1118260 1394.9
1118270 1392.8
1118280 1392.0
1118290 1391.4
1118300 1391.4
1118310 1390.3
1118320 1389.5
1118330 1389.5
1118340 1388.0
1118350 1386.1
1118360 1386.1
1118370 1383.6
1118380 1380.1
1118390 1380.1
1118400 1375.5
1118410 1370.5
1118420 1370.5
1118430 1366.3
1118440 1362.1
1118450 1362.1
1118460 1358.0
1118470 1355.3
1118480 1355.3
1118490 1353.6
1118500 1350.2
1118510 1350.2
1118520 1341.3
1118530 1336.6
1118540 1336.6
1118550 1331.7
1118560 1326.6
1118570 1326.6
1118580 1322.2
1118590 1317.6
1118600 1317.6
1118610 1313.0
1118620 1307.6
1118630 1301.7
1118640 1301.7
1118650 1295.8
1118660 1290.3
1118670 1290.3
1118680 1285.5
1118690 1280.7
1118700 1280.7
1118710 1276.7
1118720 1272.2
1118730 1272.2
1118740 1267.4
1118750 1263.5
1118760 1263.5
1118770 1258.2
1118780 1254.3
1118790 1254.3
1118800 1248.3
1118810 1241.3
1118820 1241.3
1118830 1234.0
1118840 1227.9
1118850 1227.9
1118860 1223.3
1118870 1217.7
1118880 1217.7
1118890 1213.0
1118900 1205.5
1118910 1205.5
1118920 1199.1
1118930 1198.4
1118940 1198.4
1118950 1202.5
1118960 1204.9
1118970 1203.4
1118980 1203.4
1118990 1205.2
1119000 1212.9
1119010 1212.9
1119020 1220.4
1119030 1228.8
1119040 1228.8
1119050 1235.4
1119060 1238.8
1119070 1238.8
1119080 1241.4
1119090 1245.0
1119100 1245.0
1119110 1246.9
1119120 1248.9
1119130 1248.9
1119140 1247.7
1119150 1247.5
1119160 1247.5
1119170 1249.8
1119180 1250.1
1119190 1250.1
1119200 1254.7
1119210 1254.6
1119220 1262.4
1119230 1262.5
1119240 1265.9
1119250 1265.9
1119260 1269.2
1119270 1275.8
1119280 1278.3
1119290 1278.3
1119300 1281.1
1119310 1285.1
1119320 1285.1
1119330 1288.9
1119340 1293.3
1119350 1293.3
1119360 1298.2
1119370 1304.1
1119380 1304.1
1119390 1310.5
1119400 1314.6
1119410 1314.6
1119420 1317.9
1119430 1321.7
1119440 1321.7
1119450 1327.3
1119460 1331.9
1119470 1331.9
1119480 1334.7
1119490 1338.9
1119500 1338.9
1119510 1343.5
1119520 1349.1
1119530 1349.1
1119540 1354.3
1119550 1358.9
1119560 1358.9
1119570 1367.0
1119580 1371.1
1119590 1371.1
1119600 1374.9
1119610 1379.6
1119620 1384.2
1119630 1384.2
1119640 1388.4
1119650 1392.6
1119660 1392.6
1119670 1396.8
1119680 1400.3
1119690 1400.3
1119700 1403.3
1119710 1406.0
1119720 1406.0
1119730 1407.7
1119740 1408.4
1119750 1408.4
1119760 1407.1
1119770 1403.0
1119780 1403.0
1119790 1397.2
1119800 1390.6
1119810 1390.6
1119820 1383.1
1119830 1375.4
1119840 1375.4
1119850 1367.4
1119860 1359.5
1119870 1359.5
1119880 1350.9
1119890 1342.8
1119900 1342.8
1119910 1336.5
1119920 1330.6
1119930 1330.6
1119940 1323.5
1119950 1316.9
1119960 1311.5
1119970 1311.5
1119980 1308.6
1119990 1305.5
