1100000 670.5
1100010 670.5
1100020 669.1
1100030 667.1
1100040 667.1
1100050 666.5
1100060 665.6
1100070 665.6
1100080 664.0
1100090 663.4
1100100 663.4
1100110 661.5
1100120 658.5
1100130 658.5
1100140 655.9
1100150 653.6
1100160 653.6
1100170 651.3
1100180 650.9
1100190 650.9
1100200 649.8
1100210 647.7
1100220 644.8
1100230 644.8
1100240 638.4
1100250 636.1
1100260 636.1
1100270 633.6
1100280 632.3
1100290 632.3
1100300 631.1
1100310 628.6
1100320 628.6
1100330 626.4
1100340 624.9
1100350 624.9
1100360 622.8
1100370 621.0
1100380 621.0
1100390 619.2
1100400 617.3
1100410 617.3
1100420 615.7
1100430 613.7
1100440 613.7
1100450 612.2
1100460 610.9
1100470 610.9
1100480 610.1
1100490 608.5
1100500 608.5
1100510 602.0
1100520 595.0
1100530 595.0
1100540 591.1
1100550 587.2
1100560 580.5
1100570 576.1
1100580 567.0
1100590 562.6
1100600 562.6
1100610 556.3
1100620 551.1
1100630 551.1
1100640 546.2
1100650 542.6
1100660 542.6
1100670 539.9
1100680 538.5
1100690 538.5
1100700 537.9
1100710 537.1
1100720 537.1
1100730 533.5
1100740 528.7
1100750 528.7
1100760 526.6
1100770 522.8
1100780 522.8
1100790 520.2
1100800 517.1
1100810 517.1
1100820 511.7
1100830 510.9
1100840 510.9
1100850 511.0
1100860 515.5
1100870 522.7
1100880 522.7
1100890 525.1
1100900 529.3
1100910 529.3
1100920 537.7
1100930 546.8
1100940 546.8
1100950 553.4
1100960 561.1
1100970 561.1
1100980 573.0
1100990 579.0
1101000 579.0
1101010 581.4
1101020 584.7
1101030 584.7
1101040 588.6
1101050 591.2
1101060 591.2
1101070 593.5
1101080 595.4
1101090 595.4
1101100 598.5
1101110 601.3
1101120 601.3
1101130 603.2
1101140 605.3
1101150 605.3
1101160 607.2
1101170 612.0
1101180 612.0
1101190 613.9
1101200 614.1
1101210 614.5
1101220 614.5
1101230 614.5
1101240 614.6
1101250 614.6
1101260 614.8
1101270 614.9
1101280 614.9
1101290 615.0
1101300 615.1
1101310 615.1
1101320 615.3
1101330 615.4
1101340 615.4
1101350 615.5
1101360 615.7
1101370 615.7
1101380 615.8
1101390 615.9
1101400 615.9
1101410 616.1
1101420 616.3
1101430 616.3
1101440 616.5
1101450 616.7
1101460 616.7
1101470 617.0
1101480 617.4
1101490 617.4
1101500 617.7
1101510 617.7
1101520 617.7
1101530 617.7
1101540 617.9
1101550 617.9
1101560 617.9
1101570 617.8
1101580 618.1
1101590 618.1
1101600 618.2
1101610 618.2
1101620 618.2
1101630 618.4
1101640 618.6
1101650 618.6
1101660 618.9
1101670 619.1
1101680 619.1
1101690 619.3
1101700 619.5
1101710 619.5
1101720 619.7
1101730 619.9
1101740 619.9
1101750 620.1
1101760 620.2
1101770 620.2
1101780 620.3
1101790 620.4
1101800 620.4
1101810 620.6
1101820 620.8
1101830 620.8
1101840 621.2
1101850 621.3
1101860 621.5
1101870 621.5
1101880 621.8
1101890 622.0
1101900 622.0
1101910 621.9
1101920 622.1
1101930 622.1
1101940 622.2
1101950 622.3
1101960 622.3
1101970 622.3
1101980 622.3
1101990 622.3
1102000 622.9
1102010 623.5
1102020 623.5
1102030 623.5
1102040 623.5
1102050 623.5
1102060 623.5
1102070 623.6
1102080 623.6
1102090 623.7
1102100 623.9
1102110 623.9
1102120 624.1
1102130 624.2
1102140 624.2
1102150 624.4
1102160 624.8
1102170 624.8
1102180 625.0
1102190 625.2
1102200 625.5
1102210 625.5
1102220 625.8
1102230 626.1
1102240 625.9
1102250 626.2
1102260 626.6
1102270 626.6
1102280 627.0
1102290 627.1
1102300 627.1
1102310 627.3
1102320 627.8
1102330 627.8
1102340 628.2
1102350 628.5
1102360 628.5
1102370 628.8
1102380 629.0
1102390 629.0
1102400 629.2
1102410 629.5
1102420 629.5
1102430 629.7
1102440 629.9
1102450 629.9
1102460 630.1
1102470 630.3
1102480 630.3
1102490 630.5
1102500 630.6
1102510 630.6
1102520 630.8
1102530 631.0
1102540 631.6
1102550 631.6
1102560 632.0
1102570 632.3
1102580 632.3
1102590 632.6
1102600 633.5
1102610 633.5
1102620 634.8
1102630 636.8
1102640 636.8
1102650 639.1
1102660 641.4
1102670 641.4
1102680 643.7
1102690 645.9
1102700 645.9
1102710 647.8
1102720 649.6
1102730 649.6
1102740 651.3
1102750 652.4
1102760 652.4
1102770 653.3
1102780 654.4
1102790 654.4
1102800 655.7
1102810 656.7
1102820 656.7
1102830 657.7
1102840 658.6
1102850 658.6
1102860 660.0
1102870 660.5
1102880 660.5
1102890 660.5
1102900 660.7
1102910 661.1
1102920 661.1
1102930 661.3
1102940 661.5
1102950 661.5
1102960 661.6
1102970 661.7
1102980 661.7
1102990 661.9
1103000 662.2
1103010 662.2
1103020 662.4
1103030 662.6
1103040 662.6
1103050 662.8
1103060 662.9
1103070 662.9
1103080 663.0
1103090 662.9
1103100 662.9
1103110 662.4
1103120 661.8
1103130 661.8
1103140 662.8
1103150 663.4
1103160 663.4
1103170 663.9
1103180 664.1
1103190 664.1
1103200 664.1
1103210 664.1
1103220 664.2
1103230 664.2
1103240 664.3
1103250 664.5
1103260 664.5
1103270 664.7
1103280 664.8
1103290 664.8
1103300 665.1
1103310 665.3
1103320 665.3
1103330 665.5
1103340 665.6
1103350 665.6
1103360 665.7
1103370 665.8
1103380 665.8
1103390 665.8
1103400 666.0
1103410 666.0
1103420 666.2
1103430 666.3
1103440 666.3
1103450 666.5
1103460 666.6
1103470 666.6
1103480 666.8
1103490 666.9
1103500 666.9
1103510 667.1
1103520 667.3
1103530 667.6
1103540 667.6
1103550 667.9
1103560 668.1
1103570 668.1
1103580 668.1
1103590 668.2
1103600 668.2
1103610 668.3
1103620 668.4
1103630 668.4
1103640 668.8
1103650 669.1
1103660 669.1
1103670 669.1
1103680 669.1
1103690 669.1
1103700 669.2
1103710 669.3
1103720 669.3
1103730 669.3
1103740 669.1
1103750 669.1
1103760 669.2
1103770 669.5
1103780 669.5
1103790 669.6
1103800 669.5
1103810 669.5
1103820 670.2
1103830 670.3
1103840 670.3
1103850 670.2
1103860 670.1
1103870 669.9
1103880 669.9
1103890 669.9
1103900 670.0
1103910 669.8
1103920 670.0
1103930 670.1
1103940 670.1
1103950 670.3
1103960 670.4
1103970 670.4
1103980 670.6
1103990 670.9
1104000 670.9
1104010 671.3
1104020 671.5
1104030 671.5
1104040 671.5
1104050 671.5
1104060 671.5
1104070 671.5
1104080 671.6
1104090 671.6
1104100 671.7
1104110 671.7
1104120 671.7
1104130 672.0
1104140 672.2
1104150 672.2
1104160 672.5
1104170 672.6
1104180 672.6
1104190 673.1
1104200 674.1
1104210 675.0
1104220 675.0
1104230 675.4
1104240 675.2
1104250 674.7
1104260 674.6
1104270 674.6
1104280 674.6
1104290 674.6
1104300 676.8
1104310 676.8
1104320 678.2
1104330 679.8
1104340 679.8
1104350 682.4
1104360 685.9
1104370 685.9
1104380 688.9
1104390 691.8
1104400 691.8
1104410 694.7
1104420 696.3
1104430 696.3
1104440 697.6
1104450 698.1
1104460 698.1
1104470 698.4
1104480 698.7
1104490 698.7
1104500 698.7
1104510 698.2
1104520 698.0
1104530 698.0
1104540 698.3
1104550 699.1
1104560 699.1
1104570 700.4
1104580 702.4
1104590 703.3
1104600 705.1
1104610 707.0
1104620 707.0
1104630 708.8
1104640 710.3
1104650 710.3
1104660 711.8
1104670 713.5
1104680 713.5
1104690 715.1
1104700 716.4
1104710 716.4
1104720 717.1
1104730 717.5
1104740 717.5
1104750 717.9
1104760 718.3
1104770 718.3
1104780 718.6
1104790 719.2
1104800 719.2
1104810 720.1
1104820 720.9
1104830 720.9
1104840 721.9
1104850 722.5
1104860 722.2
1104870 722.2
1104880 723.3
1104890 724.4
1104900 724.4
1104910 725.1
1104920 724.9
1104930 724.9
1104940 725.2
1104950 724.9
1104960 724.9
1104970 724.4
1104980 724.8
1104990 724.8
1105000 725.2
1105010 726.1
1105020 726.1
1105030 727.2
1105040 727.3
1105050 727.3
1105060 727.3
1105070 726.9
1105080 726.9
1105090 726.8
1105100 726.8
1105110 726.8
1105120 726.6
1105130 726.6
1105140 726.6
1105150 726.4
1105160 725.9
1105170 725.9
1105180 725.6
1105190 725.1
1105200 725.2
1105210 725.2
1105220 725.5
1105230 725.6
1105240 725.6
1105250 726.5
1105260 727.5
1105270 727.5
1105280 727.8
1105290 728.4
1105300 728.4
1105310 728.7
1105320 729.6
1105330 729.6
1105340 730.7
1105350 731.7
1105360 731.7
1105370 733.0
1105380 734.7
1105390 734.7
1105400 736.4
1105410 738.2
1105420 738.2
1105430 740.7
1105440 743.2
1105450 743.2
1105460 745.8
1105470 747.9
1105480 747.9
1105490 749.8
1105500 751.3
1105510 752.7
1105520 752.7
1105530 754.1
1105540 755.2
1105550 755.2
1105560 755.7
1105570 755.8
1105580 755.8
1105590 755.7
1105600 755.3
1105610 755.3
1105620 754.4
1105630 753.2
1105640 753.2
1105650 752.1
1105660 752.1
1105670 752.1
1105680 752.5
1105690 753.6
1105700 753.6
1105710 755.0
1105720 756.5
1105730 756.5
1105740 758.3
1105750 760.6
1105760 760.6
1105770 763.3
1105780 766.6
1105790 766.6
1105800 769.7
1105810 772.7
1105820 772.7
1105830 775.7
1105840 778.5
1105850 781.4
1105860 781.4
1105870 784.1
1105880 786.8
1105890 786.8
1105900 789.5
1105910 792.0
1105920 792.0
1105930 795.3
1105940 796.8
1105950 796.8
1105960 798.4
1105970 800.0
1105980 800.0
1105990 802.1
1106000 804.2
1106010 804.2
1106020 806.2
1106030 808.3
1106040 808.3
1106050 810.6
1106060 812.7
1106070 812.7
1106080 814.8
1106090 817.1
1106100 817.1
1106110 819.5
1106120 821.7
1106130 821.7
1106140 824.6
1106150 827.4
1106160 827.4
1106170 830.2
1106180 832.7
1106190 836.2
1106200 836.2
1106210 838.9
1106220 840.6
1106230 840.6
1106240 843.6
1106250 848.0
1106260 848.0
1106270 855.9
1106280 859.0
1106290 859.0
1106300 862.0
1106310 864.4
1106320 864.4
1106330 866.9
1106340 870.3
1106350 870.3
1106360 872.6
1106370 874.5
1106380 874.5
1106390 876.6
1106400 878.4
1106410 878.4
1106420 879.9
1106430 881.4
1106440 881.4
1106450 882.7
1106460 883.9
1106470 883.9
1106480 884.6
1106490 886.0
1106500 887.4
1106510 887.4
1106520 888.4
1106530 889.5
1106540 889.5
1106550 890.6
1106560 891.7
1106570 891.7
1106580 893.0
1106590 894.4
1106600 894.4
1106610 896.5
1106620 897.5
1106630 897.5
1106640 897.9
1106650 897.8
1106660 897.8
1106670 897.2
1106680 895.7
1106690 895.7
1106700 892.1
1106710 886.8
1106720 886.8
1106730 886.8
1106740 891.4
1106750 891.4
1106760 892.1
1106770 891.7
1106780 891.7
1106790 891.2
1106800 890.9
1106810 890.9
1106820 890.7
1106830 890.1
1106840 888.7
1106850 888.7
1106860 887.4
1106870 886.0
1106880 886.0
1106890 884.2
1106900 884.8
1106910 884.8
1106920 885.1
1106930 883.2
1106940 887.0
1106950 887.9
1106960 888.0
1106970 888.0
1106980 888.4
1106990 886.8
1107000 886.8
1107010 885.8
1107020 886.6
1107030 886.6
1107040 880.8
1107050 873.6
1107060 873.6
1107070 869.0
1107080 869.5
1107090 869.5
1107100 877.8
1107110 883.9
1107120 883.9
1107130 887.2
1107140 890.6
1107150 890.6
1107160 894.3
1107170 899.0
1107180 904.4
1107190 904.4
1107200 909.5
1107210 912.8
1107220 912.8
1107230 916.0
1107240 918.3
1107250 918.3
1107260 920.7
1107270 922.8
1107280 929.1
1107290 932.4
1107300 934.6
1107310 934.6
1107320 937.3
1107330 939.1
1107340 939.1
1107350 939.3
1107360 940.5
1107370 940.5
1107380 942.7
1107390 945.0
1107400 945.0
1107410 947.2
1107420 949.1
1107430 949.1
1107440 950.9
1107450 952.9
1107460 952.9
1107470 955.1
1107480 957.5
1107490 957.5
1107500 959.9
1107510 961.9
1107520 963.5
1107530 963.5
1107540 964.7
1107550 965.4
1107560 965.4
1107570 967.0
1107580 968.5
1107590 968.5
1107600 969.5
1107610 970.4
1107620 972.7
1107630 973.6
1107640 974.0
1107650 974.0
1107660 973.7
1107670 971.6
1107680 971.6
1107690 968.2
1107700 963.5
1107710 963.5
1107720 954.7
1107730 946.6
1107740 946.6
1107750 951.6
1107760 959.1
1107770 959.1
1107780 963.9
1107790 968.2
1107800 968.2
1107810 971.7
1107820 974.3
1107830 976.8
1107840 976.8
1107850 979.5
1107860 982.3
1107870 982.3
1107880 984.9
1107890 987.0
1107900 987.0
1107910 989.3
1107920 991.4
1107930 991.4
1107940 993.6
1107950 995.7
1107960 995.0
1107970 997.1
1107980 999.3
1107990 999.3
1108000 1001.7
1108010 1004.0
1108020 1004.0
1108030 1006.9
1108040 1009.6
1108050 1009.6
1108060 1012.2
1108070 1014.6
1108080 1014.6
1108090 1016.9
1108100 1018.9
1108110 1018.9
1108120 1021.2
1108130 1023.3
1108140 1023.3
1108150 1025.5
1108160 1027.5
1108170 1029.3
1108180 1029.3
1108190 1030.9
1108200 1032.7
1108210 1032.7
1108220 1034.3
1108230 1036.2
1108240 1036.2
1108250 1038.4
1108260 1040.6
1108270 1040.6
1108280 1042.8
1108290 1045.0
1108300 1043.9
1108310 1045.9
1108320 1047.7
1108330 1047.7
1108340 1049.3
1108350 1050.8
1108360 1050.8
1108370 1052.2
1108380 1053.4
1108390 1053.4
1108400 1054.5
1108410 1055.3
1108420 1055.3
1108430 1055.9
1108440 1056.3
1108450 1056.3
1108460 1056.1
1108470 1055.9
1108480 1055.9
1108490 1055.7
1108500 1055.6
1108510 1055.5
1108520 1055.5
1108530 1055.3
1108540 1055.0
1108550 1055.0
1108560 1054.8
1108570 1054.5
1108580 1054.5
1108590 1054.1
1108600 1053.6
1108610 1053.6
1108620 1052.8
1108630 1052.1
1108640 1051.4
1108650 1050.6
1108660 1049.6
1108670 1049.6
1108680 1048.3
1108690 1046.9
1108700 1046.9
1108710 1045.1
1108720 1043.2
1108730 1043.2
1108740 1041.2
1108750 1039.3
1108760 1039.3
1108770 1037.2
1108780 1035.1
1108790 1035.1
1108800 1033.1
1108810 1031.1
1108820 1028.9
1108830 1028.9
1108840 1026.6
1108850 1024.1
1108860 1024.1
1108870 1021.7
1108880 1019.7
1108890 1019.7
1108900 1018.1
1108910 1016.6
1108920 1016.6
1108930 1015.1
1108940 1013.6
1108950 1013.6
1108960 1012.2
1108970 1010.8
1108980 1010.7
1108990 1009.4
1109000 1008.6
1109010 1008.6
1109020 1008.4
1109030 1007.8
1109040 1007.8
1109050 1006.2
1109060 1004.4
1109070 1004.4
1109080 1002.5
1109090 1001.1
1109100 1001.1
1109110 999.8
1109120 998.7
1109130 998.7
1109140 997.6
1109150 996.4
1109160 994.9
1109170 994.9
1109180 993.0
1109190 992.7
1109200 992.7
1109210 991.8
1109220 989.9
1109230 989.9
1109240 988.5
1109250 987.2
1109260 987.2
1109270 985.3
1109280 983.5
1109290 983.5
1109300 982.1
1109310 980.8
1109320 980.0
1109330 978.7
1109340 977.8
1109350 977.8
1109360 976.8
1109370 975.4
1109380 975.4
1109390 973.8
1109400 972.0
1109410 972.0
1109420 969.4
1109430 967.1
1109440 967.1
1109450 965.3
1109460 963.2
1109470 963.2
1109480 961.5
1109490 960.2
1109500 959.1
1109510 959.1
1109520 957.9
1109530 956.7
1109540 956.7
1109550 956.0
1109560 955.3
1109570 955.3
1109580 954.3
1109590 952.5
1109600 952.5
1109610 950.1
1109620 947.8
1109630 947.8
1109640 946.5
1109650 945.4
1109660 945.2
1109670 944.2
1109680 942.9
1109690 942.9
1109700 941.3
1109710 939.5
1109720 939.5
1109730 938.2
1109740 937.0
1109750 937.0
1109760 935.7
1109770 934.4
1109780 934.4
1109790 933.1
1109800 932.0
1109810 930.8
1109820 930.8
1109830 929.9
1109840 929.1
1109850 929.1
1109860 928.2
1109870 927.2
1109880 927.2
1109890 924.8
1109900 919.5
1109910 919.5
1109920 915.7
1109930 911.1
1109940 911.1
1109950 907.6
1109960 904.4
1109970 904.4
1109980 902.6
1109990 902.0
1110000 906.4
1110010 906.3
1110020 907.0
1110030 907.0
1110040 908.5
1110050 907.6
1110060 907.6
1110070 906.2
1110080 905.2
1110090 905.2
1110100 904.7
1110110 902.7
1110120 902.7
1110130 899.6
1110140 894.3
1110150 887.8
1110160 887.8
1110170 882.4
1110180 876.9
1110190 876.9
1110200 871.5
1110210 866.3
1110220 866.3
1110230 861.9
1110240 858.0
1110250 858.0
1110260 854.0
1110270 848.7
1110280 848.7
1110290 842.7
1110300 836.4
1110310 836.4
1110320 831.5
1110330 826.5
1110340 826.7
1110350 826.2
1110360 828.6
1110370 828.6
1110380 835.3
1110390 836.4
1110400 836.4
1110410 833.7
1110420 831.1
1110430 831.1
1110440 828.6
1110450 825.9
1110460 825.9
1110470 823.8
1110480 821.1
1110490 815.1
1110500 815.1
1110510 810.1
1110520 810.7
1110530 810.7
1110540 814.9
1110550 821.4
1110560 821.4
1110570 822.3
1110580 818.9
1110590 818.9
1110600 812.7
1110610 806.4
1110620 806.4
1110630 800.3
1110640 793.8
1110650 793.8
1110660 789.4
1110670 787.2
1110680 789.3
1110690 784.8
1110700 780.3
1110710 780.3
1110720 774.1
1110730 767.0
1110740 767.0
1110750 760.6
1110760 754.1
1110770 754.1
1110780 749.0
1110790 740.5
1110800 729.6
1110810 729.6
1110820 722.9
1110830 719.6
1110840 719.6
1110850 726.4
1110860 732.5
1110870 732.5
1110880 731.4
1110890 727.1
1110900 727.1
1110910 725.7
1110920 722.4
1110930 722.4
1110940 720.4
1110950 719.2
1110960 719.2
1110970 718.4
1110980 718.7
1110990 718.7
1111000 718.8
1111010 720.0
1111020 729.2
1111030 731.8
1111040 734.2
1111050 734.2
1111060 737.8
1111070 743.5
1111080 743.5
1111090 749.0
1111100 749.3
1111110 749.3
1111120 745.7
1111130 739.2
1111140 731.6
1111150 731.6
1111160 722.4
1111170 720.8
1111180 720.8
1111190 720.8
1111200 721.1
1111210 721.1
1111220 721.4
1111230 721.6
1111240 721.6
1111250 722.1
1111260 723.6
1111270 723.6
1111280 725.1
1111290 726.3
1111300 726.3
1111310 727.5
1111320 728.9
1111330 728.9
1111340 729.9
1111350 730.9
1111360 730.9
1111370 730.2
1111380 730.7
1111390 730.7
1111400 733.2
1111410 737.9
1111420 737.9
1111430 743.6
1111440 750.2
1111450 750.2
1111460 757.1
1111470 764.9
1111480 770.0
1111490 770.0
1111500 771.5
1111510 771.1
1111520 771.1
1111530 771.0
1111540 772.4
1111550 772.4
1111560 772.4
1111570 772.2
1111580 772.2
1111590 772.3
1111600 772.2
1111610 772.2
1111620 774.6
1111630 777.5
1111640 777.5
1111650 779.8
1111660 781.7
1111670 781.7
1111680 785.3
1111690 791.2
1111700 791.2
1111710 794.9
1111720 797.7
1111730 797.7
1111740 800.3
1111750 799.6
1111760 799.6
1111770 799.3
1111780 803.4
1111790 804.8
1111800 804.8
1111810 803.0
1111820 805.1
1111830 805.1
1111840 809.5
1111850 816.4
1111860 816.4
1111870 820.5
1111880 816.2
1111890 816.2
1111900 810.3
1111910 809.4
1111920 809.4
1111930 810.9
1111940 811.7
1111950 811.7
1111960 812.2
1111970 812.0
1111980 812.0
1111990 812.5
1112000 815.2
1112010 815.2
1112020 817.3
1112030 817.0
1112040 817.0
1112050 815.6
1112060 816.9
1112070 816.9
1112080 819.5
1112090 823.0
1112100 823.0
1112110 825.1
1112120 825.8
1112130 825.9
1112140 825.9
1112150 825.2
1112160 824.5
1112170 824.5
1112180 823.9
1112190 823.0
1112200 823.0
1112210 821.8
1112220 820.5
1112230 820.5
1112240 821.5
1112250 825.3
1112260 825.3
1112270 828.4
1112280 833.6
1112290 833.6
1112300 840.1
1112310 844.3
1112320 844.3
1112330 847.9
1112340 850.0
1112350 850.0
1112360 853.0
1112370 855.3
1112380 855.3
1112390 857.7
1112400 854.2
1112410 854.2
1112420 856.4
1112430 858.7
1112440 858.7
1112450 860.1
1112460 860.8
1112470 861.6
1112480 861.6
1112490 863.5
1112500 864.3
1112510 864.3
1112520 865.1
1112530 865.1
1112540 865.1
1112550 866.6
1112560 868.1
1112570 868.1
1112580 870.4
1112590 872.7
1112600 872.7
1112610 874.7
1112620 876.7
1112630 876.7
1112640 879.1
1112650 879.9
1112660 879.9
1112670 881.3
1112680 887.6
1112690 887.6
1112700 892.6
1112710 895.7
1112720 895.7
1112730 894.1
1112740 885.4
1112750 885.4
1112760 885.4
1112770 887.0
1112780 890.0
1112790 890.0
1112800 893.0
1112810 897.8
1112820 897.8
1112830 902.6
1112840 907.1
1112850 907.1
1112860 911.8
1112870 916.3
1112880 916.3
1112890 919.4
1112900 922.0
1112910 922.0
1112920 924.3
1112930 923.7
1112940 923.7
1112950 923.8
1112960 922.9
1112970 922.9
1112980 923.5
1112990 925.8
1113000 925.8
1113010 926.7
1113020 929.0
1113030 929.0
1113040 931.2
1113050 934.7
1113060 934.7
1113070 938.8
1113080 943.6
1113090 943.6
1113100 945.6
1113110 947.0
1113120 948.5
1113130 948.5
1113140 950.0
1113150 951.9
1113160 951.9
1113170 953.9
1113180 955.9
1113190 955.9
1113200 957.6
1113210 959.8
1113220 959.8
1113230 961.7
1113240 963.7
1113250 963.7
1113260 965.7
1113270 967.6
1113280 967.6
1113290 969.7
1113300 972.1
1113310 972.1
1113320 973.9
1113330 975.8
1113340 975.8
1113350 978.0
1113360 980.3
1113370 980.3
1113380 982.5
1113390 984.9
1113400 984.9
1113410 987.3
1113420 989.8
1113430 991.0
1113440 993.6
1113450 996.5
1113460 999.6
1113470 999.6
1113480 1002.5
1113490 1004.7
1113500 1004.7
1113510 1006.2
1113520 1007.5
1113530 1007.5
1113540 1009.6
1113550 1011.5
1113560 1011.5
1113570 1013.0
1113580 1015.6
1113590 1015.6
1113600 1018.5
1113610 1019.2
1113620 1019.2
1113630 1019.3
1113640 1019.7
1113650 1019.7
1113660 1020.8
1113670 1022.8
1113680 1022.8
1113690 1025.5
1113700 1027.8
1113710 1027.8
1113720 1029.8
1113730 1032.2
1113740 1032.2
1113750 1034.3
1113760 1036.0
1113770 1031.7
1113780 1032.3
1113790 1032.2
1113800 1031.3
1113810 1031.3
1113820 1030.0
1113830 1030.1
1113840 1030.1
1113850 1032.0
1113860 1032.8
1113870 1032.8
1113880 1033.6
1113890 1035.7
1113900 1035.7
1113910 1037.0
1113920 1038.1
1113930 1038.1
1113940 1040.1
1113950 1042.4
1113960 1042.4
1113970 1044.2
1113980 1047.1
1113990 1047.1
1114000 1051.2
1114010 1058.5
1114020 1058.5
1114030 1065.3
1114040 1067.7
1114050 1067.7
1114060 1068.4
1114070 1067.1
1114080 1067.1
1114090 1065.4
1114100 1064.4
1114110 1063.8
1114120 1063.2
1114130 1063.2
1114140 1063.4
1114150 1063.4
1114160 1063.7
1114170 1064.9
1114180 1064.9
1114190 1066.5
1114200 1067.8
1114210 1067.8
1114220 1069.4
1114230 1071.1
1114240 1071.1
1114250 1072.4
1114260 1073.3
1114270 1073.3
1114280 1074.1
1114290 1074.6
1114300 1074.6
1114310 1075.4
1114320 1075.6
1114330 1075.6
1114340 1076.0
1114350 1077.0
1114360 1077.0
1114370 1077.9
1114380 1078.3
1114390 1078.3
1114400 1079.0
1114410 1080.0
1114420 1080.0
1114430 1080.9
1114440 1081.4
1114450 1081.3
1114460 1080.7
1114470 1080.7
1114480 1080.5
1114490 1080.5
1114500 1079.8
1114510 1078.7
1114520 1078.7
1114530 1076.7
1114540 1073.7
1114550 1073.7
1114560 1070.2
1114570 1066.5
1114580 1066.5
1114590 1063.0
1114600 1059.6
1114610 1059.6
1114620 1056.4
1114630 1053.0
1114640 1053.0
1114650 1049.1
1114660 1044.7
1114670 1044.7
1114680 1040.0
1114690 1034.1
1114700 1034.1
1114710 1028.5
1114720 1025.2
1114730 1025.2
1114740 1023.2
1114750 1021.2
1114760 1021.2
1114770 1019.7
1114780 1019.1
1114790 1018.7
1114800 1018.7
1114810 1017.5
1114820 1015.3
1114830 1015.3
1114840 1013.5
1114850 1012.5
1114860 1012.5
1114870 1011.0
1114880 1009.1
1114890 1009.1
1114900 1007.3
1114910 1005.7
1114920 1005.7
1114930 1005.6
1114940 1006.1
1114950 1006.1
1114960 1005.5
1114970 1003.6
1114980 1003.6
1114990 1000.8
1115000 995.4
1115010 995.4
1115020 995.4
1115030 995.1
1115040 995.1
1115050 995.3
1115060 996.4
1115070 996.4
1115080 996.3
1115090 994.8
1115100 994.2
1115110 994.2
1115120 994.8
1115130 995.4
1115140 995.4
1115150 992.5
1115160 992.5
1115170 992.5
1115180 992.2
1115190 992.2
1115200 992.2
1115210 991.8
1115220 991.4
1115230 991.4
1115240 990.8
1115250 989.9
1115260 989.9
1115270 988.8
1115280 987.6
1115290 987.6
1115300 986.5
1115310 984.2
1115320 984.2
1115330 980.7
1115340 985.0
1115350 985.0
1115360 986.9
1115370 988.1
1115380 988.1
1115390 989.5
1115400 990.8
1115410 990.8
1115420 992.1
1115430 993.8
1115440 995.9
1115450 995.9
1115460 998.4
1115470 1000.8
1115480 1000.8
1115490 1002.9
1115500 1002.4
1115510 1002.4
1115520 1005.2
1115530 1007.7
1115540 1007.7
1115550 1008.6
1115560 1011.1
1115570 1011.1
1115580 1013.6
1115590 1016.0
1115600 1016.0
1115610 1017.9
1115620 1019.4
1115630 1019.4
1115640 1021.7
1115650 1024.2
1115660 1024.2
1115670 1025.9
1115680 1028.3
1115690 1028.3
1115700 1031.8
1115710 1034.8
1115720 1034.8
1115730 1035.7
1115740 1037.6
1115750 1037.6
1115760 1041.5
1115770 1044.7
1115780 1047.0
1115790 1047.0
1115800 1049.5
1115810 1052.0
1115820 1052.0
1115830 1052.9
1115840 1050.3
1115850 1050.3
1115860 1051.2
1115870 1054.0
1115880 1054.0
1115890 1057.6
1115900 1059.8
1115910 1059.8
1115920 1061.9
1115930 1062.2
1115940 1062.2
1115950 1062.6
1115960 1066.4
1115970 1066.4
1115980 1068.3
1115990 1066.2
1116000 1066.2
1116010 1064.5
1116020 1066.9
1116030 1066.9
1116040 1068.4
1116050 1071.1
1116060 1071.1
1116070 1073.0
1116080 1074.3
1116090 1075.5
1116100 1075.5
1116110 1076.4
1116120 1078.9
1116130 1078.9
1116140 1079.7
1116150 1081.5
1116160 1081.5
1116170 1083.8
1116180 1085.5
1116190 1078.8
1116200 1080.9
1116210 1082.5
1116220 1082.5
1116230 1084.0
1116240 1085.5
1116250 1085.5
1116260 1086.1
1116270 1088.9
1116280 1088.9
1116290 1091.8
1116300 1094.0
1116310 1094.0
1116320 1097.1
1116330 1100.6
1116340 1100.6
1116350 1102.5
1116360 1103.2
1116370 1103.2
1116380 1104.1
1116390 1105.6
1116400 1105.6
1116410 1107.4
1116420 1109.1
1116430 1111.3
1116440 1111.3
1116450 1115.2
1116460 1119.6
1116470 1119.6
1116480 1123.5
1116490 1126.3
1116500 1126.3
1116510 1128.1
1116520 1132.3
1116530 1132.3
1116540 1131.9
1116550 1134.3
1116560 1134.3
1116570 1134.8
1116580 1133.2
1116590 1133.2
1116600 1134.3
1116610 1133.3
1116620 1133.3
1116630 1135.0
1116640 1138.4
1116650 1138.4
1116660 1142.6
1116670 1148.3
1116680 1148.3
1116690 1151.7
1116700 1152.5
1116710 1152.5
1116720 1153.0
1116730 1153.8
1116740 1153.8
1116750 1153.9
1116760 1153.3
1116770 1152.5
1116780 1152.5
1116790 1154.0
1116800 1158.3
1116810 1158.3
1116820 1162.9
1116830 1166.3
1116840 1166.3
1116850 1167.6
1116860 1166.4
1116870 1166.4
1116880 1159.1
1116890 1159.5
1116900 1159.5
1116910 1161.5
1116920 1163.8
1116930 1163.8
1116940 1166.4
1116950 1169.0
1116960 1169.0
1116970 1171.8
1116980 1175.4
1116990 1175.4
1117000 1178.9
1117010 1182.1
1117020 1182.1
1117030 1185.0
1117040 1190.4
1117050 1190.4
1117060 1194.5
1117070 1199.7
1117080 1203.8
1117090 1203.8
1117100 1207.8
1117110 1212.4
1117120 1212.4
1117130 1216.5
1117140 1220.5
1117150 1220.5
1117160 1224.9
1117170 1228.8
1117180 1228.8
1117190 1231.8
1117200 1234.8
1117210 1234.8
1117220 1238.8
1117230 1235.6
1117240 1235.6
1117250 1235.9
1117260 1234.8
1117270 1234.8
1117280 1233.2
1117290 1233.8
1117300 1233.8
1117310 1235.7
1117320 1239.0
1117330 1239.0
1117340 1243.2
1117350 1248.6
1117360 1248.6
1117370 1254.5
1117380 1260.5
1117390 1260.5
1117400 1266.4
1117410 1272.4
1117420 1278.0
1117430 1278.0
1117440 1283.4
1117450 1289.2
1117460 1289.2
1117470 1295.5
1117480 1301.2
1117490 1301.2
1117500 1306.4
1117510 1310.3
1117520 1310.3
1117530 1313.2
1117540 1315.5
1117550 1315.5
1117560 1317.5
1117570 1320.0
1117580 1317.4
1117590 1320.5
1117600 1323.4
1117610 1323.4
1117620 1326.1
1117630 1328.9
1117640 1328.9
1117650 1331.4
1117660 1333.5
1117670 1333.5
1117680 1336.3
1117690 1339.0
1117700 1339.0
1117710 1341.5
1117720 1344.2
1117730 1344.2
1117740 1346.0
1117750 1347.3
1117760 1349.3
1117770 1349.3
1117780 1351.4
1117790 1353.4
1117800 1353.4
1117810 1355.2
1117820 1356.9
1117830 1356.9
1117840 1358.6
1117850 1359.3
1117860 1359.3
1117870 1359.6
1117880 1360.6
1117890 1360.6
1117900 1362.2
1117910 1364.2
1117920 1364.2
1117930 1366.1
1117940 1367.6
1117950 1367.6
1117960 1369.6
1117970 1371.8
1117980 1371.8
1117990 1374.1
1118000 1376.6
1118010 1376.6
1118020 1379.3
1118030 1382.0
1118040 1382.0
1118050 1384.9
1118060 1387.9
1118070 1390.8
1118080 1390.8
1118090 1393.4
1118100 1395.2
1118110 1395.2
1118120 1397.5
1118130 1401.2
1118140 1401.2
1118150 1404.2
1118160 1406.5
1118170 1406.5
1118180 1408.6
1118190 1410.0
1118200 1410.0
1118210 1410.5
1118220 1410.1
1118230 1410.1
1118240 1409.1
1118250 1407.8
1118260 1407.8
1118270 1405.4
1118280 1405.0
1118290 1405.0
1118300 1400.5
1118310 1396.3
1118320 1396.3
1118330 1391.5
1118340 1386.4
1118350 1386.4
1118360 1381.1
1118370 1375.8
1118380 1375.8
1118390 1371.0
1118400 1366.6
1118410 1360.9
1118420 1360.9
1118430 1356.0
1118440 1350.8
1118450 1350.8
1118460 1345.1
1118470 1340.5
1118480 1340.5
1118490 1337.2
1118500 1333.7
1118510 1333.7
1118520 1330.0
1118530 1326.4
1118540 1326.4
1118550 1322.2
1118560 1318.1
1118570 1318.1
1118580 1314.2
1118590 1310.0
1118600 1310.0
1118610 1305.8
1118620 1297.3
1118630 1297.3
1118640 1292.9
1118650 1288.0
1118660 1288.0
1118670 1282.6
1118680 1277.2
1118690 1277.2
1118700 1272.0
1118710 1267.6
1118720 1267.6
1118730 1263.4
1118740 1259.0
1118750 1253.5
1118760 1253.5
1118770 1248.3
1118780 1244.2
1118790 1244.2
1118800 1239.4
1118810 1234.3
1118820 1234.3
1118830 1230.1
1118840 1225.4
1118850 1225.4
1118860 1219.5
1118870 1213.2
1118880 1213.2
1118890 1206.0
1118900 1202.1
1118910 1202.1
1118920 1206.0
1118930 1212.1
1118940 1212.1
1118950 1216.9
1118960 1220.4
1118970 1227.7
1118980 1228.7
1118990 1227.2
1119000 1227.2
1119010 1225.8
1119020 1223.3
1119030 1223.3
1119040 1223.9
1119050 1228.1
1119060 1233.9
1119070 1233.9
1119080 1241.0
1119090 1246.4
1119100 1246.4
1119110 1250.8
1119120 1257.1
1119130 1257.1
1119140 1262.6
1119150 1265.3
1119160 1265.3
1119170 1265.8
1119180 1265.6
1119190 1265.6
1119200 1266.2
1119210 1271.0
1119220 1271.0
1119230 1276.0
1119240 1277.2
1119250 1277.2
1119260 1278.8
1119270 1280.2
1119280 1280.2
1119290 1284.7
1119300 1288.8
1119310 1288.8
1119320 1295.9
1119330 1301.1
1119340 1301.1
1119350 1305.5
1119360 1309.5
1119370 1309.5
1119380 1315.0
1119390 1319.9
1119400 1322.9
1119410 1322.9
1119420 1326.0
1119430 1331.1
1119440 1331.1
1119450 1336.1
1119460 1340.0
1119470 1340.0
1119480 1345.1
1119490 1350.0
1119500 1350.0
1119510 1354.8
1119520 1359.1
1119530 1359.1
1119540 1363.4
1119550 1367.5
1119560 1367.5
1119570 1372.2
1119580 1376.2
1119590 1376.2
1119600 1379.1
1119610 1383.0
1119620 1383.0
1119630 1387.5
1119640 1391.9
1119650 1391.9
1119660 1395.6
1119670 1402.0
1119680 1402.0
1119690 1405.3
1119700 1408.6
1119710 1408.6
1119720 1411.3
1119730 1413.2
1119740 1413.4
1119750 1413.4
1119760 1410.4
1119770 1405.9
1119780 1405.9
1119790 1401.0
1119800 1394.6
1119810 1394.6
1119820 1386.6
1119830 1378.6
1119840 1378.6
1119850 1370.9
1119860 1363.8
1119870 1363.8
1119880 1356.8
1119890 1350.0
1119900 1350.0
1119910 1343.1
1119920 1336.4
1119930 1336.4
1119940 1330.3
1119950 1323.4
1119960 1323.4
1119970 1316.8
1119980 1310.4
1119990 1310.4
