1100000 650.4
1100010 649.0
1100020 647.6
1100030 647.6
1100040 646.2
1100050 645.0
1100060 645.0
1100070 643.9
1100080 642.8
1100090 642.8
1100100 641.4
1100110 638.5
1100120 638.5
1100130 634.5
1100140 631.3
1100150 631.3
1100160 629.0
1100170 626.0
1100180 623.0
1100190 623.0
1100200 620.6
1100210 617.4
1100220 617.4
1100230 614.1
1100240 610.7
1100250 610.7
1100260 607.7
1100270 604.7
1100280 604.7
1100290 601.2
1100300 597.3
1100310 597.3
1100320 593.1
1100330 589.8
1100340 589.8
1100350 587.6
1100360 588.4
1100370 588.4
1100380 589.3
1100390 588.1
1100400 588.1
1100410 587.3
1100420 588.6
1100430 588.6
1100440 589.8
1100450 589.6
1100460 589.6
1100470 589.5
1100480 589.2
1100490 589.2
1100500 589.2
1100510 589.0
1100520 588.5
1100530 588.5
1100540 587.9
1100550 587.1
1100560 587.1
1100570 585.1
1100580 582.3
1100590 582.3
1100600 581.7
1100610 579.3
1100620 579.3
1100630 572.1
1100640 564.6
1100650 564.6
1100660 559.8
1100670 553.3
1100680 553.3
1100690 548.8
1100700 544.6
1100710 544.6
1100720 537.2
1100730 532.7
1100740 532.7
1100750 531.1
1100760 531.3
1100770 531.3
1100780 533.6
1100790 531.9
1100800 531.9
1100810 523.7
1100820 518.3
1100830 518.3
1100840 512.7
1100850 509.4
1100860 507.6
1100870 507.6
1100880 505.9
1100890 505.1
1100900 505.1
1100910 504.7
1100920 504.6
1100930 504.6
1100940 504.7
1100950 504.7
1100960 504.7
1100970 504.6
1100980 504.5
1100990 504.5
1101000 504.4
1101010 504.3
1101020 504.3
1101030 504.1
1101040 504.5
1101050 504.5
1101060 506.3
1101070 507.8
1101080 507.8
1101090 510.0
1101100 512.1
1101110 512.1
1101120 513.2
1101130 514.5
1101140 506.7
1101150 506.8
1101160 505.9
1101170 504.8
1101180 504.8
1101190 504.1
1101200 503.2
1101210 503.2
1101220 502.5
1101230 501.7
1101240 501.7
1101250 502.0
1101260 506.3
1101270 506.3
1101280 508.7
1101290 510.7
1101300 510.7
1101310 515.7
1101320 525.7
1101330 525.7
1101340 539.5
1101350 550.4
1101360 550.4
1101370 554.4
1101380 556.6
1101390 556.6
1101400 559.5
1101410 562.2
1101420 562.2
1101430 557.1
1101440 559.4
1101450 559.4
1101460 565.7
1101470 567.6
1101480 558.8
1101490 561.3
1101500 561.4
1101510 557.9
1101520 557.9
1101530 554.9
1101540 554.8
1101550 554.8
1101560 549.8
1101570 544.4
1101580 544.4
1101590 538.5
1101600 532.9
1101610 532.9
1101620 527.9
1101630 524.0
1101640 524.0
1101650 522.8
1101660 524.3
1101670 524.3
1101680 525.1
1101690 525.1
1101700 525.1
1101710 527.3
1101720 528.8
1101730 528.8
1101740 534.5
1101750 545.8
1101760 545.8
1101770 555.2
1101780 562.2
1101790 562.2
1101800 568.0
1101810 568.2
1101820 568.2
1101830 571.8
1101840 576.4
1101850 581.1
1101860 581.1
1101870 585.7
1101880 588.3
1101890 588.3
1101900 590.2
1101910 592.0
1101920 592.0
1101930 594.0
1101940 595.2
1101950 595.2
1101960 596.0
1101970 596.5
1101980 596.5
1101990 596.7
1102000 596.7
1102010 596.7
1102020 596.5
1102030 596.3
1102040 596.3
1102050 596.2
1102060 596.0
1102070 596.0
1102080 596.1
1102090 596.5
1102100 596.5
1102110 597.1
1102120 598.3
1102130 598.3
1102140 597.4
1102150 597.7
1102160 597.7
1102170 597.9
1102180 599.1
1102190 600.6
1102200 600.6
1102210 601.9
1102220 602.6
1102230 602.6
1102240 602.9
1102250 603.5
1102260 603.5
1102270 604.9
1102280 606.8
1102290 606.8
1102300 609.0
1102310 611.4
1102320 611.4
1102330 613.5
1102340 615.3
1102350 615.3
1102360 617.1
1102370 618.9
1102380 618.9
1102390 619.9
1102400 620.6
1102410 620.6
1102420 621.0
1102430 621.3
1102440 621.3
1102450 621.4
1102460 621.7
1102470 621.7
1102480 618.9
1102490 618.1
1102500 618.1
1102510 617.6
1102520 617.2
1102530 616.2
1102540 616.2
1102550 614.2
1102560 612.5
1102570 612.5
1102580 611.2
1102590 610.6
1102600 610.6
1102610 611.0
1102620 611.6
1102630 611.6
1102640 612.4
1102650 612.9
1102660 612.9
1102670 612.3
1102680 610.5
1102690 610.5
1102700 608.8
1102710 607.6
1102720 607.6
1102730 604.6
1102740 602.2
1102750 602.2
1102760 599.4
1102770 600.0
1102780 600.0
1102790 601.3
1102800 602.0
1102810 599.5
1102820 599.6
1102830 600.6
1102840 600.6
1102850 602.2
1102860 603.6
1102870 604.7
1102880 604.7
1102890 606.7
1102900 608.6
1102910 608.6
1102920 610.0
1102930 613.1
1102940 613.1
1102950 615.6
1102960 616.6
1102970 616.6
1102980 617.2
1102990 617.7
1103000 617.7
1103010 619.0
1103020 621.7
1103030 621.7
1103040 625.8
1103050 630.9
1103060 630.9
1103070 635.8
1103080 640.6
1103090 640.6
1103100 645.6
1103110 650.5
1103120 650.5
1103130 656.5
1103140 659.0
1103150 655.2
1103160 654.7
1103170 653.5
1103180 653.3
1103190 653.3
1103200 653.8
1103210 654.2
1103220 654.2
1103230 653.9
1103240 653.2
1103250 653.2
1103260 652.6
1103270 651.9
1103280 651.9
1103290 651.0
1103300 650.4
1103310 650.4
1103320 649.8
1103330 649.3
1103340 649.3
1103350 648.9
1103360 649.0
1103370 649.0
1103380 649.9
1103390 650.9
1103400 650.9
1103410 652.1
1103420 653.7
1103430 653.7
1103440 655.2
1103450 656.7
1103460 656.7
1103470 658.6
1103480 666.2
1103490 666.2
1103500 669.6
1103510 669.9
1103520 670.1
1103530 670.1
1103540 670.1
1103550 670.3
1103560 670.3
1103570 670.5
1103580 670.6
1103590 670.6
1103600 670.7
1103610 671.0
1103620 671.0
1103630 671.3
1103640 671.3
1103650 671.3
1103660 671.4
1103670 671.6
1103680 671.6
1103690 671.7
1103700 671.8
1103710 671.8
1103720 671.9
1103730 672.1
1103740 672.1
1103750 672.3
1103760 672.5
1103770 672.5
1103780 672.7
1103790 672.9
1103800 672.9
1103810 673.2
1103820 673.5
1103830 673.5
1103840 673.7
1103850 673.9
1103860 673.9
1103870 673.9
1103880 674.0
1103890 674.3
1103900 674.3
1103910 674.4
1103920 674.6
1103930 674.6
1103940 674.7
1103950 674.8
1103960 674.8
1103970 675.0
1103980 675.2
1103990 675.2
1104000 675.3
1104010 675.4
1104020 675.4
1104030 675.6
1104040 675.8
1104050 675.8
1104060 676.0
1104070 676.2
1104080 676.2
1104090 676.3
1104100 676.3
1104110 676.3
1104120 676.4
1104130 676.5
1104140 676.5
1104150 676.9
1104160 677.4
1104170 677.4
1104180 677.6
1104190 677.6
1104200 677.8
1104210 677.8
1104220 677.9
1104230 678.0
1104240 678.0
1104250 678.1
1104260 678.2
1104270 678.2
1104280 678.3
1104290 678.5
1104300 678.5
1104310 678.7
1104320 678.8
1104330 678.8
1104340 679.0
1104350 679.2
1104360 679.2
1104370 679.3
1104380 679.5
1104390 679.5
1104400 679.6
1104410 679.7
1104420 679.7
1104430 679.7
1104440 679.9
1104450 679.9
1104460 680.2
1104470 680.4
1104480 680.4
1104490 680.4
1104500 680.4
1104510 680.4
1104520 680.5
1104530 680.6
1104540 680.7
1104550 680.7
1104560 680.6
1104570 680.7
1104580 680.7
1104590 681.0
1104600 680.6
1104610 680.6
1104620 680.2
1104630 680.0
1104640 680.0
1104650 680.3
1104660 680.6
1104670 680.6
1104680 680.6
1104690 680.5
1104700 680.5
1104710 678.6
1104720 674.0
1104730 674.0
1104740 669.8
1104750 665.9
1104760 665.9
1104770 663.3
1104780 661.2
1104790 661.2
1104800 659.2
1104810 657.8
1104820 657.8
1104830 655.3
1104840 653.8
1104850 650.7
1104860 650.7
1104870 644.5
1104880 636.4
1104890 636.4
1104900 626.0
1104910 618.1
1104920 618.1
1104930 613.3
1104940 609.8
1104950 609.8
1104960 599.5
1104970 585.7
1104980 585.7
1104990 581.7
1105000 581.3
1105010 581.3
1105020 582.5
1105030 589.0
1105040 589.0
1105050 601.3
1105060 621.8
1105070 621.8
1105080 638.3
1105090 646.6
1105100 646.6
1105110 656.6
1105120 660.5
1105130 660.5
1105140 662.2
1105150 663.5
1105160 663.3
1105170 665.0
1105180 666.3
1105190 667.1
1105200 667.1
1105210 667.6
1105220 668.2
1105230 668.2
1105240 668.8
1105250 669.3
1105260 669.3
1105270 670.5
1105280 671.7
1105290 671.7
1105300 673.6
1105310 676.1
1105320 676.1
1105330 678.8
1105340 681.9
1105350 681.9
1105360 684.2
1105370 684.9
1105380 684.9
1105390 686.1
1105400 686.8
1105410 686.8
1105420 687.0
1105430 687.0
1105440 687.0
1105450 687.2
1105460 687.4
1105470 687.4
1105480 687.6
1105490 687.8
1105500 687.8
1105510 687.9
1105520 687.8
1105530 687.8
1105540 687.8
1105550 687.8
1105560 687.9
1105570 687.9
1105580 688.1
1105590 688.4
1105600 688.4
1105610 688.8
1105620 689.3
1105630 689.3
1105640 689.7
1105650 690.1
1105660 690.1
1105670 690.9
1105680 691.7
1105690 691.7
1105700 693.0
1105710 695.1
1105720 695.1
1105730 697.9
1105740 700.6
1105750 700.6
1105760 703.4
1105770 706.4
1105780 706.4
1105790 709.3
1105800 712.8
1105810 712.8
1105820 716.7
1105830 721.1
1105840 724.1
1105850 726.3
1105860 729.8
1105870 731.8
1105880 731.8
1105890 732.2
1105900 732.3
1105910 732.3
1105920 732.3
1105930 730.5
1105940 730.5
1105950 723.7
1105960 714.1
1105970 714.1
1105980 704.2
1105990 699.3
1106000 699.3
1106010 697.8
1106020 694.1
1106030 694.1
1106040 685.6
1106050 684.9
1106060 684.9
1106070 685.2
1106080 679.9
1106090 679.9
1106100 685.0
1106110 687.9
1106120 687.9
1106130 687.1
1106140 684.8
1106150 684.8
1106160 687.2
1106170 702.3
1106180 698.3
1106190 698.3
1106200 700.6
1106210 703.8
1106220 703.8
1106230 704.1
1106240 705.9
1106250 705.9
1106260 706.3
1106270 702.4
1106280 702.4
1106290 702.9
1106300 707.1
1106310 707.1
1106320 708.3
1106330 705.1
1106340 705.1
1106350 696.0
1106360 694.0
1106370 694.0
1106380 692.1
1106390 696.6
1106400 696.6
1106410 703.2
1106420 708.8
1106430 708.8
1106440 715.1
1106450 719.6
1106460 719.6
1106470 720.4
1106480 720.3
1106490 720.3
1106500 720.2
1106510 720.5
1106520 722.9
1106530 722.9
1106540 725.7
1106550 728.1
1106560 728.1
1106570 732.3
1106580 735.8
1106590 735.8
1106600 737.0
1106610 738.1
1106620 738.1
1106630 739.0
1106640 740.0
1106650 740.0
1106660 740.9
1106670 742.2
1106680 742.2
1106690 743.6
1106700 745.3
1106710 745.3
1106720 746.8
1106730 748.2
1106740 748.2
1106750 749.5
1106760 751.6
1106770 751.6
1106780 754.1
1106790 756.7
1106800 756.7
1106810 758.7
1106820 760.4
1106830 760.4
1106840 761.5
1106850 763.4
1106860 764.7
1106870 764.7
1106880 765.8
1106890 766.9
1106900 766.9
1106910 768.0
1106920 768.7
1106930 768.7
1106940 769.4
1106950 769.9
1106960 769.9
1106970 770.3
1106980 770.6
1106990 770.6
1107000 770.9
1107010 771.6
1107020 771.6
1107030 772.1
1107040 772.8
1107050 772.8
1107060 773.8
1107070 775.0
1107080 775.0
1107090 776.1
1107100 777.1
1107110 777.1
1107120 778.4
1107130 779.6
1107140 779.6
1107150 780.4
1107160 781.0
1107170 781.0
1107180 781.5
1107190 782.7
1107200 783.5
1107210 783.5
1107220 784.3
1107230 785.2
1107240 785.2
1107250 786.7
1107260 788.2
1107270 788.2
1107280 790.4
1107290 792.0
1107300 792.0
1107310 793.6
1107320 795.4
1107330 795.4
1107340 797.2
1107350 798.8
1107360 798.8
1107370 800.3
1107380 801.8
1107390 801.8
1107400 803.0
1107410 804.7
1107420 804.7
1107430 805.4
1107440 805.7
1107450 805.7
1107460 805.9
1107470 806.4
1107480 806.4
1107490 806.8
1107500 807.3
1107510 807.9
1107520 807.9
1107530 809.2
1107540 808.7
1107550 808.7
1107560 807.9
1107570 808.3
1107580 808.3
1107590 808.7
1107600 808.4
1107610 808.4
1107620 807.9
1107630 808.2
1107640 808.2
1107650 808.7
1107660 809.3
1107670 809.3
1107680 810.4
1107690 811.2
1107700 811.2
1107710 812.1
1107720 812.2
1107730 812.2
1107740 811.7
1107750 811.3
1107760 811.3
1107770 810.9
1107780 811.2
1107790 811.2
1107800 811.4
1107810 811.6
1107820 811.6
1107830 811.7
1107840 812.2
1107850 812.6
1107860 813.6
1107870 813.9
1107880 814.0
1107890 814.0
1107900 814.3
1107910 814.7
1107920 814.7
1107930 815.4
1107940 816.1
1107950 816.1
1107960 816.9
1107970 817.6
1107980 817.6
1107990 818.4
1108000 819.3
1108010 819.3
1108020 820.5
1108030 821.3
1108040 821.3
1108050 821.9
1108060 822.8
1108070 822.8
1108080 823.7
1108090 824.8
1108100 824.8
1108110 825.4
1108120 825.7
1108130 825.7
1108140 826.1
1108150 826.7
1108160 826.7
1108170 827.3
1108180 828.0
1108190 829.0
1108200 831.3
1108210 832.6
1108220 833.6
1108230 833.6
1108240 834.8
1108250 836.3
1108260 836.3
1108270 837.8
1108280 838.0
1108290 838.0
1108300 838.2
1108310 839.5
1108320 839.5
1108330 842.4
1108340 843.6
1108350 843.6
1108360 844.6
1108370 845.6
1108380 845.6
1108390 846.5
1108400 847.2
1108410 847.2
1108420 847.8
1108430 848.4
1108440 848.4
1108450 849.9
1108460 851.2
1108470 851.2
1108480 852.0
1108490 852.5
1108500 852.5
1108510 853.3
1108520 853.5
1108530 852.7
1108540 855.3
1108550 854.4
1108560 853.2
1108570 853.2
1108580 852.1
1108590 851.1
1108600 851.1
1108610 850.2
1108620 849.7
1108630 849.7
1108640 849.9
1108650 850.4
1108660 850.4
1108670 850.4
1108680 850.4
1108690 850.4
1108700 850.2
1108710 849.9
1108720 849.9
1108730 849.8
1108740 852.7
1108750 852.7
1108760 854.2
1108770 853.7
1108780 853.7
1108790 851.2
1108800 849.6
1108810 849.6
1108820 849.3
1108830 849.0
1108840 849.0
1108850 848.3
1108860 848.0
1108870 848.0
1108880 851.2
1108890 851.5
1108900 850.7
1108910 850.7
1108920 849.6
1108930 849.1
1108940 849.1
1108950 848.6
1108960 848.4
1108970 848.4
1108980 848.7
1108990 849.4
1109000 849.4
1109010 850.2
1109020 850.4
1109030 850.4
1109040 848.8
1109050 846.4
1109060 846.4
1109070 843.1
1109080 839.0
1109090 839.0
1109100 834.4
1109110 829.6
1109120 829.6
1109130 824.4
1109140 819.1
1109150 819.1
1109160 814.0
1109170 808.5
1109180 802.8
1109190 802.8
1109200 796.5
1109210 790.6
1109220 792.4
1109230 786.6
1109240 777.9
1109250 777.9
1109260 778.2
1109270 781.9
1109280 781.9
1109290 779.7
1109300 776.0
1109310 776.0
1109320 770.1
1109330 760.5
1109340 760.5
1109350 750.8
1109360 742.1
1109370 742.1
1109380 734.9
1109390 730.4
1109400 730.4
1109410 730.8
1109420 731.5
1109430 731.5
1109440 734.4
1109450 737.0
1109460 737.0
1109470 731.7
1109480 705.0
1109490 705.0
1109500 693.9
1109510 686.3
1109520 681.6
1109530 681.6
1109540 679.1
1109550 675.2
1109560 681.2
1109570 676.8
1109580 675.1
1109590 675.1
1109600 675.2
1109610 677.0
1109620 677.0
1109630 679.2
1109640 679.2
1109650 679.2
1109660 677.7
1109670 676.6
1109680 676.6
1109690 677.3
1109700 676.2
1109710 676.2
1109720 675.0
1109730 673.2
1109740 673.2
1109750 672.2
1109760 672.2
1109770 672.2
1109780 672.2
1109790 672.1
1109800 672.1
1109810 671.1
1109820 670.3
1109830 670.3
1109840 669.8
1109850 669.8
1109860 670.6
1109870 670.6
1109880 673.9
1109890 677.6
1109900 675.2
1109910 678.6
1109920 681.7
1109930 681.7
1109940 685.1
1109950 689.4
1109960 689.4
1109970 694.7
1109980 701.8
1109990 701.8
1110000 710.9
1110010 715.4
1110020 715.4
1110030 715.5
1110040 715.4
1110050 715.4
1110060 717.3
1110070 724.7
1110080 724.7
1110090 733.6
1110100 739.8
1110110 739.8
1110120 748.7
1110130 755.0
1110140 755.0
1110150 755.1
1110160 757.5
1110170 757.5
1110180 761.9
1110190 768.5
1110200 780.5
1110210 780.5
1110220 788.9
1110230 792.7
1110240 790.9
1110250 802.8
1110260 811.0
1110270 811.0
1110280 815.7
1110290 818.6
1110300 818.6
1110310 817.9
1110320 816.7
1110330 816.7
1110340 817.1
1110350 822.8
1110360 822.8
1110370 831.1
1110380 838.2
1110390 838.2
1110400 842.4
1110410 846.4
1110420 846.4
1110430 850.6
1110440 854.7
1110450 854.7
1110460 858.2
1110470 860.6
1110480 860.6
1110490 862.9
1110500 865.7
1110510 868.8
1110520 868.8
1110530 873.1
1110540 877.8
1110550 877.8
1110560 883.1
1110570 889.0
1110580 889.0
1110590 893.8
1110600 899.0
1110610 899.0
1110620 903.9
1110630 908.9
1110640 908.9
1110650 914.2
1110660 919.6
1110670 919.6
1110680 923.6
1110690 926.4
1110700 926.4
1110710 931.1
1110720 936.7
1110730 936.7
1110740 940.9
1110750 945.4
1110760 945.4
1110770 949.4
1110780 953.2
1110790 953.2
1110800 956.6
1110810 959.5
1110820 959.5
1110830 962.9
1110840 967.9
1110850 973.5
1110860 973.5
1110870 979.4
1110880 984.4
1110890 984.4
1110900 989.5
1110910 996.3
1110920 996.3
1110930 1002.8
1110940 1009.5
1110950 1009.5
1110960 1015.6
1110970 1022.2
1110980 1022.2
1110990 1028.6
1111000 1035.3
1111010 1035.3
1111020 1042.9
1111030 1051.7
1111040 1051.7
1111050 1062.7
1111060 1067.9
1111070 1067.9
1111080 1072.7
1111090 1076.1
1111100 1076.1
1111110 1077.9
1111120 1080.0
1111130 1080.0
1111140 1080.4
1111150 1079.5
1111160 1079.5
1111170 1078.4
1111180 1077.1
1111190 1076.1
1111200 1076.1
1111210 1075.1
1111220 1073.6
1111230 1073.6
1111240 1074.5
1111250 1075.4
1111260 1075.4
1111270 1074.5
1111280 1077.1
1111290 1077.1
1111300 1076.9
1111310 1078.9
1111320 1078.9
1111330 1086.7
1111340 1101.0
1111350 1101.0
1111360 1113.6
1111370 1118.9
1111380 1118.9
1111390 1119.1
1111400 1115.8
1111410 1115.8
1111420 1111.6
1111430 1110.7
1111440 1110.7
1111450 1111.4
1111460 1116.1
1111470 1116.1
1111480 1124.0
1111490 1139.5
1111500 1139.5
1111510 1144.0
1111520 1143.9
1111530 1144.0
1111540 1144.0
1111550 1143.5
1111560 1142.9
1111570 1142.9
1111580 1142.4
1111590 1141.6
1111600 1141.6
1111610 1134.0
1111620 1132.2
1111630 1132.2
1111640 1129.9
1111650 1127.2
1111660 1127.2
1111670 1124.5
1111680 1122.6
1111690 1122.6
1111700 1120.8
1111710 1119.5
1111720 1119.5
1111730 1119.2
1111740 1119.5
1111750 1119.5
1111760 1119.9
1111770 1120.1
1111780 1120.1
1111790 1119.5
1111800 1117.1
1111810 1117.1
1111820 1111.0
1111830 1106.4
1111840 1107.8
1111850 1107.8
1111860 1109.9
1111870 1110.8
1111880 1110.8
1111890 1111.8
1111900 1112.3
1111910 1112.3
1111920 1112.7
1111930 1112.5
1111940 1112.5
1111950 1104.4
1111960 1104.6
1111970 1104.6
1111980 1104.7
1111990 1104.5
1112000 1104.5
1112010 1103.7
1112020 1102.9
1112030 1102.9
1112040 1102.5
1112050 1102.8
1112060 1102.8
1112070 1103.2
1112080 1102.6
1112090 1102.6
1112100 1102.2
1112110 1102.0
1112120 1102.0
1112130 1101.9
1112140 1101.8
1112150 1101.8
1112160 1101.9
1112170 1102.0
1112180 1101.8
1112190 1101.8
1112200 1100.6
1112210 1101.1
1112220 1101.1
1112230 1102.5
1112240 1101.2
1112250 1101.2
1112260 1099.0
1112270 1097.6
1112280 1097.6
1112290 1094.1
1112300 1084.7
1112310 1084.7
1112320 1084.3
1112330 1085.2
1112340 1085.2
1112350 1085.4
1112360 1086.1
1112370 1086.1
1112380 1084.7
1112390 1083.6
1112400 1083.6
1112410 1081.9
1112420 1081.9
1112430 1081.9
1112440 1084.6
1112450 1087.1
1112460 1087.1
1112470 1087.2
1112480 1087.3
1112490 1087.3
1112500 1087.6
1112510 1087.8
1112520 1088.9
1112530 1088.9
1112540 1091.8
1112550 1094.2
1112560 1094.2
1112570 1095.2
1112580 1095.0
1112590 1095.0
1112600 1093.2
1112610 1092.0
1112620 1092.0
1112630 1091.4
1112640 1083.0
1112650 1083.0
1112660 1083.3
1112670 1082.8
1112680 1082.8
1112690 1081.7
1112700 1077.7
1112710 1077.7
1112720 1075.2
1112730 1074.5
1112740 1074.5
1112750 1074.1
1112760 1074.9
1112770 1074.9
1112780 1074.9
1112790 1072.7
1112800 1072.7
1112810 1069.0
1112820 1064.5
1112830 1064.5
1112840 1060.9
1112850 1061.2
1112860 1054.2
1112870 1054.2
1112880 1048.6
1112890 1043.7
1112900 1043.7
1112910 1041.5
1112920 1045.3
1112930 1045.3
1112940 1048.2
1112950 1052.3
1112960 1052.3
1112970 1054.0
1112980 1053.6
1112990 1045.5
1113000 1044.0
1113010 1041.7
1113020 1041.7
1113030 1040.6
1113040 1040.6
1113050 1040.6
1113060 1041.1
1113070 1040.8
1113080 1040.8
1113090 1039.4
1113100 1037.9
1113110 1037.9
1113120 1035.3
1113130 1031.4
1113140 1031.4
1113150 1029.3
1113160 1027.1
1113170 1025.2
1113180 1025.2
1113190 1022.4
1113200 1018.4
1113210 1018.4
1113220 1011.8
1113230 1009.8
1113240 1009.8
1113250 1007.2
1113260 1005.8
1113270 1005.8
1113280 1007.4
1113290 1010.9
1113300 1010.9
1113310 1011.2
1113320 1010.3
1113330 1004.5
1113340 1004.2
1113350 1003.7
1113360 1003.7
1113370 1002.9
1113380 1002.2
1113390 1002.2
1113400 1000.8
1113410 999.5
1113420 999.5
1113430 1000.4
1113440 1000.8
1113450 1000.8
1113460 1001.0
1113470 1001.2
1113480 1001.2
1113490 1001.4
1113500 1002.0
1113510 1002.6
1113520 1002.6
1113530 1003.4
1113540 1004.5
1113550 1004.5
1113560 1006.2
1113570 1007.8
1113580 1007.8
1113590 1009.3
1113600 1010.6
1113610 1010.6
1113620 1011.6
1113630 1012.8
1113640 1012.8
1113650 1014.2
1113660 1015.7
1113670 1014.3
1113680 1016.0
1113690 1017.0
1113700 1017.0
1113710 1018.5
1113720 1020.1
1113730 1020.1
1113740 1021.6
1113750 1022.8
1113760 1022.8
1113770 1023.8
1113780 1024.4
1113790 1024.4
1113800 1025.3
1113810 1026.6
1113820 1026.6
1113830 1027.8
1113840 1029.3
1113850 1030.8
1113860 1030.8
1113870 1032.0
1113880 1033.4
1113890 1033.4
1113900 1034.3
1113910 1035.1
1113920 1035.1
1113930 1036.1
1113940 1036.8
1113950 1036.8
1113960 1037.2
1113970 1037.3
1113980 1037.3
1113990 1037.1
1114000 1036.7
1114010 1036.7
1114020 1033.2
1114030 1027.9
1114040 1027.9
1114050 1023.4
1114060 1018.8
1114070 1018.8
1114080 1013.4
1114090 1010.5
1114100 1010.5
1114110 1007.1
1114120 1003.7
1114130 1003.7
1114140 1001.0
1114150 998.5
1114160 998.5
1114170 996.2
1114180 993.4
1114190 991.0
1114200 991.0
1114210 986.1
1114220 983.3
1114230 983.3
1114240 982.3
1114250 982.0
1114260 982.0
1114270 981.2
1114280 979.7
1114290 979.7
1114300 978.3
1114310 975.9
1114320 975.9
1114330 972.9
1114340 969.1
1114350 969.1
1114360 966.5
1114370 962.4
1114380 962.4
1114390 960.0
1114400 957.7
1114410 957.7
1114420 953.7
1114430 951.7
1114440 951.7
1114450 951.2
1114460 952.1
1114470 952.1
1114480 952.2
1114490 951.2
1114500 950.8
1114510 950.8
1114520 950.7
1114530 951.2
1114540 951.2
1114550 951.0
1114560 949.6
1114570 949.6
1114580 950.4
1114590 949.7
1114600 949.7
1114610 950.2
1114620 947.2
1114630 947.2
1114640 950.4
1114650 950.5
1114660 950.5
1114670 947.4
1114680 946.5
1114690 946.5
1114700 946.5
1114710 945.6
1114720 945.6
1114730 939.3
1114740 936.7
1114750 936.7
1114760 942.3
1114770 942.2
1114780 942.2
1114790 942.4
1114800 940.7
1114810 940.7
1114820 936.9
1114830 931.3
1114840 931.5
1114850 931.5
1114860 936.7
1114870 936.1
1114880 936.1
1114890 932.3
1114900 924.5
1114910 924.5
1114920 927.0
1114930 927.1
1114940 927.1
1114950 924.7
1114960 925.1
1114970 925.1
1114980 924.1
1114990 921.7
1115000 921.7
1115010 915.0
1115020 913.3
1115030 913.3
1115040 918.8
1115050 922.6
1115060 922.6
1115070 918.5
1115080 915.4
1115090 915.4
1115100 911.6
1115110 908.7
1115120 908.7
1115130 906.5
1115140 903.7
1115150 903.7
1115160 902.4
1115170 902.8
1115180 902.8
1115190 902.8
1115200 902.9
1115210 903.3
1115220 903.3
1115230 902.6
1115240 900.9
1115250 900.9
1115260 899.3
1115270 896.8
1115280 896.8
1115290 896.7
1115300 898.4
1115310 898.4
1115320 899.1
1115330 899.5
1115340 899.5
1115350 900.3
1115360 901.3
1115370 901.3
1115380 901.6
1115390 900.5
1115400 905.0
1115410 906.0
1115420 906.8
1115430 906.8
1115440 904.4
1115450 904.3
1115460 904.3
1115470 902.7
1115480 903.0
1115490 903.0
1115500 904.1
1115510 903.1
1115520 902.3
1115530 902.3
1115540 900.5
1115550 901.5
1115560 901.5
1115570 904.8
1115580 904.2
1115590 904.2
1115600 899.6
1115610 895.0
1115620 895.0
1115630 892.7
1115640 893.7
1115650 893.7
1115660 896.8
1115670 901.4
1115680 901.4
1115690 907.5
1115700 911.2
1115710 911.2
1115720 911.1
1115730 909.5
1115740 909.5
1115750 910.3
1115760 905.8
1115770 905.8
1115780 904.8
1115790 905.8
1115800 905.8
1115810 906.6
1115820 906.7
1115830 906.2
1115840 906.2
1115850 907.4
1115860 909.4
1115870 909.4
1115880 910.4
1115890 911.0
1115900 911.0
1115910 911.6
1115920 909.3
1115930 909.3
1115940 906.0
1115950 910.3
1115960 910.3
1115970 909.2
1115980 907.6
1115990 907.6
1116000 907.6
1116010 908.7
1116020 908.7
1116030 910.5
1116040 913.3
1116050 913.3
1116060 916.1
1116070 916.9
1116080 916.9
1116090 923.5
1116100 925.8
1116110 925.8
1116120 926.8
1116130 929.0
1116140 929.0
1116150 932.5
1116160 932.4
1116170 937.7
1116180 937.7
1116190 942.9
1116200 942.9
1116210 942.9
1116220 943.0
1116230 950.8
1116240 950.8
1116250 957.7
1116260 964.8
1116270 964.8
1116280 968.9
1116290 967.7
1116300 967.7
1116310 968.8
1116320 973.9
1116330 973.9
1116340 977.8
1116350 979.8
1116360 979.8
1116370 979.0
1116380 980.9
1116390 980.9
1116400 979.4
1116410 981.0
1116420 981.0
1116430 982.6
1116440 988.4
1116450 988.4
1116460 992.5
1116470 994.5
1116480 994.5
1116490 992.1
1116500 992.3
1116510 992.9
1116520 992.9
1116530 993.7
1116540 993.5
1116550 993.5
1116560 994.7
1116570 994.4
1116580 994.4
1116590 994.8
1116600 994.9
1116610 994.9
1116620 994.0
1116630 992.6
1116640 992.6
1116650 991.5
1116660 991.7
1116670 991.7
1116680 991.3
1116690 990.2
1116700 990.2
1116710 988.6
1116720 987.5
1116730 987.5
1116740 986.6
1116750 985.8
1116760 985.8
1116770 985.4
1116780 985.3
1116790 989.2
1116800 988.5
1116810 987.9
1116820 987.9
1116830 989.0
1116840 990.8
1116850 992.8
1116860 992.8
1116870 993.8
1116880 995.3
1116890 995.3
1116900 996.2
1116910 997.3
1116920 997.3
1116930 997.1
1116940 1000.3
1116950 1000.3
1116960 1001.5
1116970 1001.4
1116980 1001.4
1116990 1002.1
1117000 1002.5
1117010 1002.5
1117020 1001.8
1117030 999.9
1117040 999.9
1117050 997.0
1117060 993.3
1117070 993.3
1117080 990.0
1117090 988.5
1117100 988.5
1117110 987.8
1117120 988.6
1117130 992.5
1117140 994.0
1117150 994.1
1117160 994.6
1117170 994.6
1117180 997.9
1117190 1000.5
1117200 1000.5
1117210 1003.2
1117220 1006.6
1117230 1006.6
1117240 1005.6
1117250 1003.2
1117260 1003.2
1117270 1000.9
1117280 999.0
1117290 999.0
1117300 998.3
1117310 997.8
1117320 997.8
1117330 998.1
1117340 998.1
1117350 998.1
1117360 997.6
1117370 998.7
1117380 998.7
1117390 998.4
1117400 997.2
1117410 997.2
1117420 997.1
1117430 995.9
1117440 995.9
1117450 993.6
1117460 990.9
1117470 990.9
1117480 995.5
1117490 998.8
1117500 1005.2
1117510 1005.2
1117520 1010.5
1117530 1014.7
1117540 1014.7
1117550 1018.2
1117560 1024.1
1117570 1024.1
1117580 1031.0
1117590 1037.8
1117600 1037.8
1117610 1034.0
1117620 1033.7
1117630 1033.7
1117640 1034.0
1117650 1032.4
1117660 1032.4
1117670 1035.1
1117680 1042.8
1117690 1042.8
1117700 1049.3
1117710 1048.9
1117720 1048.9
1117730 1043.8
1117740 1038.4
1117750 1038.4
1117760 1033.3
1117770 1029.8
1117780 1029.8
1117790 1026.8
1117800 1023.8
1117810 1023.8
1117820 1021.3
1117830 1030.6
1117840 1038.3
1117850 1038.3
1117860 1044.6
1117870 1049.9
1117880 1049.9
1117890 1056.0
1117900 1063.2
1117910 1063.2
1117920 1067.6
1117930 1065.9
1117940 1065.9
1117950 1063.5
1117960 1059.2
1117970 1059.2
1117980 1052.3
1117990 1051.0
1118000 1051.0
1118010 1051.9
1118020 1049.0
1118030 1049.0
1118040 1049.9
1118050 1057.3
1118060 1057.3
1118070 1066.7
1118080 1074.4
1118090 1074.4
1118100 1073.3
1118110 1069.8
1118120 1069.8
1118130 1071.6
1118140 1074.5
1118150 1074.5
1118160 1076.9
1118170 1076.9
1118180 1087.5
1118190 1087.5
1118200 1092.3
1118210 1097.8
1118220 1097.8
1118230 1102.3
1118240 1108.7
1118250 1108.7
1118260 1114.4
1118270 1115.9
1118280 1115.9
1118290 1118.4
1118300 1120.1
1118310 1120.1
1118320 1121.3
1118330 1123.1
1118340 1123.1
1118350 1124.5
1118360 1125.3
1118370 1125.3
1118380 1126.3
1118390 1127.2
1118400 1127.2
1118410 1128.4
1118420 1129.0
1118430 1129.0
1118440 1129.3
1118450 1129.1
1118460 1129.1
1118470 1129.8
1118480 1130.1
1118490 1129.7
1118500 1129.7
1118510 1130.2
1118520 1130.2
1118530 1136.3
1118540 1136.2
1118550 1135.6
1118560 1135.6
1118570 1135.1
1118580 1134.1
1118590 1134.1
1118600 1135.4
1118610 1135.3
1118620 1135.3
1118630 1133.2
1118640 1134.5
1118650 1134.5
1118660 1136.1
1118670 1133.5
1118680 1133.5
1118690 1134.7
1118700 1135.5
1118710 1135.5
1118720 1136.4
1118730 1137.6
1118740 1137.6
1118750 1139.0
1118760 1140.7
1118770 1140.7
1118780 1141.3
1118790 1139.7
1118800 1139.7
1118810 1143.7
1118820 1146.7
1118830 1148.0
1118840 1148.0
1118850 1150.2
1118860 1152.4
1118870 1152.4
1118880 1156.8
1118890 1156.5
1118900 1156.5
1118910 1155.0
1118920 1152.9
1118930 1152.9
1118940 1149.3
1118950 1145.0
1118960 1145.0
1118970 1140.4
1118980 1135.1
1118990 1135.1
1119000 1130.6
1119010 1126.7
1119020 1126.7
1119030 1124.4
1119040 1122.5
1119050 1122.5
1119060 1121.0
1119070 1117.1
1119080 1117.1
1119090 1110.8
1119100 1102.0
1119110 1102.0
1119120 1092.9
1119130 1084.1
1119140 1084.1
1119150 1076.7
1119160 1069.9
1119170 1063.4
1119180 1063.4
1119190 1060.7
1119200 1068.2
1119210 1068.2
1119220 1081.4
1119230 1091.0
1119240 1091.0
1119250 1099.4
1119260 1108.4
1119270 1108.4
1119280 1113.0
1119290 1120.3
1119300 1120.3
1119310 1129.5
1119320 1137.1
1119330 1137.1
1119340 1143.5
1119350 1149.0
1119360 1149.0
1119370 1154.4
1119380 1159.9
1119390 1159.9
1119400 1164.1
1119410 1167.4
1119420 1167.4
1119430 1172.1
1119440 1176.0
1119450 1176.0
1119460 1180.1
1119470 1185.0
1119480 1185.0
1119490 1190.3
1119500 1194.5
1119510 1198.8
1119520 1198.8
1119530 1202.1
1119540 1206.0
1119550 1206.0
1119560 1210.5
1119570 1219.8
1119580 1219.8
1119590 1222.9
1119600 1226.7
1119610 1226.7
1119620 1229.4
1119630 1231.5
1119640 1231.5
1119650 1233.1
1119660 1235.4
1119670 1235.4
1119680 1235.7
1119690 1236.8
1119700 1236.8
1119710 1236.5
1119720 1237.3
1119730 1237.3
1119740 1237.9
1119750 1238.0
1119760 1238.0
1119770 1237.6
1119780 1237.5
1119790 1237.5
1119800 1236.2
1119810 1232.6
1119820 1227.3
1119830 1227.3
1119840 1221.7
1119850 1217.4
1119860 1217.4
1119870 1211.8
1119880 1206.5
1119890 1206.5
1119900 1199.2
1119910 1193.0
1119920 1193.0
1119930 1186.0
1119940 1179.3
1119950 1179.3
1119960 1173.0
1119970 1166.4
1119980 1166.4
1119990 1160.5
