1100000 557.1
1100010 557.0
1100020 556.9
1100030 556.9
1100040 557.1
1100050 557.2
1100060 557.2
1100070 557.1
1100080 557.1
1100090 557.2
1100100 557.2
1100110 556.6
1100120 555.9
1100130 555.9
1100140 555.1
1100150 554.0
1100160 554.0
1100170 553.0
1100180 552.2
1100190 552.2
1100200 551.4
1100210 550.4
1100220 550.4
1100230 549.3
1100240 548.6
1100250 548.6
1100260 549.0
1100270 549.3
1100280 549.3
1100290 549.4
1100300 549.4
1100310 549.4
1100320 548.8
1100330 543.8
1100340 543.8
1100350 541.8
1100360 539.3
1100370 539.3
1100380 538.5
1100390 537.2
1100400 537.2
1100410 538.6
1100420 536.6
1100430 533.6
1100440 533.6
1100450 531.1
1100460 526.1
1100470 526.1
1100480 521.2
1100490 516.5
1100500 516.5
1100510 512.3
1100520 508.1
1100530 508.1
1100540 503.5
1100550 499.9
1100560 499.9
1100570 497.3
1100580 489.7
1100590 489.7
1100600 487.4
1100610 487.3
1100620 487.3
1100630 487.1
1100640 486.9
1100650 486.9
1100660 488.3
1100670 490.5
1100680 490.5
1100690 490.5
1100700 491.4
1100710 491.4
1100720 492.5
1100730 493.4
1100740 493.4
1100750 494.7
1100760 497.1
1100770 501.0
1100780 500.6
1100790 507.6
1100800 510.6
1100810 510.6
1100820 513.8
1100830 518.3
1100840 518.3
1100850 525.1
1100860 529.0
1100870 529.0
1100880 536.6
1100890 537.3
1100900 537.3
1100910 539.3
1100920 540.4
1100930 540.4
1100940 543.7
1100950 548.9
1100960 548.9
1100970 547.6
1100980 549.5
1100990 549.5
1101000 550.2
1101010 552.7
1101020 552.7
1101030 554.2
1101040 555.2
1101050 555.2
1101060 556.9
1101070 560.5
1101080 560.5
1101090 566.7
1101100 572.5
1101110 573.8
1101120 569.1
1101130 570.2
1101140 570.4
1101150 570.4
1101160 571.0
1101170 572.4
1101180 572.4
1101190 572.4
1101200 573.7
1101210 573.7
1101220 576.7
1101230 582.3
1101240 582.3
1101250 587.6
1101260 591.8
1101270 591.8
1101280 596.1
1101290 596.5
1101300 596.5
1101310 592.5
1101320 588.1
1101330 588.1
1101340 582.5
1101350 582.3
1101360 582.3
1101370 587.6
1101380 595.7
1101390 595.7
1101400 602.7
1101410 609.9
1101420 609.9
1101430 614.1
1101440 617.5
1101450 621.4
1101460 621.4
1101470 623.9
1101480 625.1
1101490 625.1
1101500 625.1
1101510 625.6
1101520 625.6
1101530 626.6
1101540 628.1
1101550 628.1
1101560 629.7
1101570 631.1
1101580 631.1
1101590 632.1
1101600 633.0
1101610 633.0
1101620 633.9
1101630 635.0
1101640 635.0
1101650 636.1
1101660 636.9
1101670 636.9
1101680 637.2
1101690 636.9
1101700 636.9
1101710 636.0
1101720 634.6
1101730 634.6
1101740 633.4
1101750 632.1
1101760 632.1
1101770 629.4
1101780 623.0
1101790 615.6
1101800 615.6
1101810 607.4
1101820 602.8
1101830 602.8
1101840 600.0
1101850 598.9
1101860 598.9
1101870 596.2
1101880 593.6
1101890 593.6
1101900 593.7
1101910 595.1
1101920 595.1
1101930 594.9
1101940 593.4
1101950 593.4
1101960 591.0
1101970 589.5
1101980 589.5
1101990 587.6
1102000 574.5
1102010 574.5
1102020 567.1
1102030 569.6
1102040 569.6
1102050 575.4
1102060 585.2
1102070 585.2
1102080 595.5
1102090 601.0
1102100 601.0
1102110 603.2
1102120 604.4
1102130 607.9
1102140 607.9
1102150 611.7
1102160 614.8
1102170 614.8
1102180 618.2
1102190 623.6
1102200 623.6
1102210 631.9
1102220 639.7
1102230 639.7
1102240 646.6
1102250 650.4
1102260 650.4
1102270 653.4
1102280 655.6
1102290 655.6
1102300 658.3
1102310 661.4
1102320 661.4
1102330 664.6
1102340 665.6
1102350 665.6
1102360 666.4
1102370 666.8
1102380 666.8
1102390 667.0
1102400 667.0
1102410 667.0
1102420 667.2
1102430 667.5
1102440 667.5
1102450 667.9
1102460 668.0
1102470 668.4
1102480 668.4
1102490 669.2
1102500 669.7
1102510 669.7
1102520 669.5
1102530 669.0
1102540 669.0
1102550 668.6
1102560 667.3
1102570 667.3
1102580 664.2
1102590 662.0
1102600 662.0
1102610 657.9
1102620 656.0
1102630 656.0
1102640 655.5
1102650 654.2
1102660 654.2
1102670 652.1
1102680 649.3
1102690 649.3
1102700 645.5
1102710 639.6
1102720 639.6
1102730 638.4
1102740 641.7
1102750 641.7
1102760 645.5
1102770 642.7
1102780 642.7
1102790 645.8
1102800 641.1
1102810 639.5
1102820 639.5
1102830 640.1
1102840 641.7
1102850 641.7
1102860 644.8
1102870 647.6
1102880 647.6
1102890 650.8
1102900 653.1
1102910 653.1
1102920 654.4
1102930 658.0
1102940 658.0
1102950 663.2
1102960 668.3
1102970 668.3
1102980 673.2
1102990 677.9
1103000 677.9
1103010 681.6
1103020 683.8
1103030 683.8
1103040 684.2
1103050 682.6
1103060 682.6
1103070 680.2
1103080 678.5
1103090 678.5
1103100 678.7
1103110 678.7
1103120 685.5
1103130 685.6
1103140 684.7
1103150 684.3
1103160 684.3
1103170 686.2
1103180 686.2
1103190 686.2
1103200 685.5
1103210 686.5
1103220 686.5
1103230 689.0
1103240 693.3
1103250 693.3
1103260 697.6
1103270 700.6
1103280 700.6
1103290 701.6
1103300 701.8
1103310 701.8
1103320 701.8
1103330 701.7
1103340 701.7
1103350 701.4
1103360 701.1
1103370 701.1
1103380 700.7
1103390 698.8
1103400 698.8
1103410 696.4
1103420 695.4
1103430 695.4
1103440 695.2
1103450 695.5
1103460 695.7
1103470 696.4
1103480 696.9
1103490 696.9
1103500 696.9
1103510 696.7
1103520 697.3
1103530 697.3
1103540 697.5
1103550 697.1
1103560 697.1
1103570 697.3
1103580 697.6
1103590 697.6
1103600 697.6
1103610 697.7
1103620 697.7
1103630 698.0
1103640 698.5
1103650 698.5
1103660 699.7
1103670 701.8
1103680 701.8
1103690 704.1
1103700 706.3
1103710 706.3
1103720 709.6
1103730 713.0
1103740 713.0
1103750 715.7
1103760 718.2
1103770 718.2
1103780 720.4
1103790 723.2
1103800 723.2
1103810 725.0
1103820 725.9
1103830 726.2
1103840 726.2
1103850 726.2
1103860 724.5
1103870 724.5
1103880 722.5
1103890 722.5
1103900 722.5
1103910 723.4
1103920 724.0
1103930 724.0
1103940 724.2
1103950 724.1
1103960 724.1
1103970 724.3
1103980 724.6
1103990 724.6
1104000 724.3
1104010 724.1
1104020 724.1
1104030 724.0
1104040 723.7
1104050 723.7
1104060 723.8
1104070 725.3
1104080 725.3
1104090 726.7
1104100 728.1
1104110 728.1
1104120 729.5
1104130 730.7
1104140 730.7
1104150 732.2
1104160 733.4
1104170 734.3
1104180 734.3
1104190 735.2
1104200 736.5
1104210 736.5
1104220 738.2
1104230 740.2
1104240 740.2
1104250 742.2
1104260 744.8
1104270 744.8
1104280 748.3
1104290 751.7
1104300 751.7
1104310 754.4
1104320 757.4
1104330 757.4
1104340 761.4
1104350 765.7
1104360 765.7
1104370 771.0
1104380 774.5
1104390 774.5
1104400 776.8
1104410 780.8
1104420 780.8
1104430 787.3
1104440 793.8
1104450 793.8
1104460 798.6
1104470 804.3
1104480 804.3
1104490 810.6
1104500 816.2
1104510 819.6
1104520 819.6
1104530 820.6
1104540 820.6
1104550 820.6
1104560 822.1
1104570 824.1
1104580 824.1
1104590 826.4
1104600 829.4
1104610 829.4
1104620 831.5
1104630 831.9
1104640 831.9
1104650 831.8
1104660 831.6
1104670 831.6
1104680 831.7
1104690 832.0
1104700 832.0
1104710 833.4
1104720 835.6
1104730 835.6
1104740 837.8
1104750 839.2
1104760 839.2
1104770 838.6
1104780 836.8
1104790 836.8
1104800 829.5
1104810 828.1
1104820 828.1
1104830 827.5
1104840 827.5
1104850 827.4
1104860 827.4
1104870 827.3
1104880 827.3
1104890 827.3
1104900 826.4
1104910 825.9
1104920 825.9
1104930 826.7
1104940 828.4
1104950 828.4
1104960 830.3
1104970 831.4
1104980 831.4
1104990 831.0
1105000 830.6
1105010 830.6
1105020 831.0
1105030 831.1
1105040 831.1
1105050 833.9
1105060 837.7
1105070 837.7
1105080 840.3
1105090 842.9
1105100 842.9
1105110 846.7
1105120 845.7
1105130 845.7
1105140 835.5
1105150 833.0
1105160 833.0
1105170 830.0
1105180 828.0
1105190 826.3
1105200 826.3
1105210 824.3
1105220 822.1
1105230 822.1
1105240 819.3
1105250 817.3
1105260 817.3
1105270 815.8
1105280 814.8
1105290 814.8
1105300 814.3
1105310 814.0
1105320 814.0
1105330 813.5
1105340 812.3
1105350 812.3
1105360 810.4
1105370 809.2
1105380 809.2
1105390 808.1
1105400 807.2
1105410 807.2
1105420 805.9
1105430 803.4
1105440 803.4
1105450 800.7
1105460 799.1
1105470 797.5
1105480 796.8
1105490 794.1
1105500 794.1
1105510 792.1
1105520 791.1
1105530 791.5
1105540 791.5
1105550 792.4
1105560 793.8
1105570 793.8
1105580 795.0
1105590 796.3
1105600 796.3
1105610 797.4
1105620 798.0
1105630 798.0
1105640 798.8
1105650 799.3
1105660 799.3
1105670 799.2
1105680 798.7
1105690 798.7
1105700 798.1
1105710 798.2
1105720 798.2
1105730 799.0
1105740 799.1
1105750 799.1
1105760 798.6
1105770 798.6
1105780 798.6
1105790 800.3
1105800 800.4
1105810 796.8
1105820 796.8
1105830 796.3
1105840 796.3
1105850 795.1
1105860 793.8
1105870 792.6
1105880 792.6
1105890 791.4
1105900 790.6
1105910 790.6
1105920 789.8
1105930 788.5
1105940 788.5
1105950 787.7
1105960 787.7
1105970 787.7
1105980 787.9
1105990 787.7
1106000 787.7
1106010 787.6
1106020 786.9
1106030 786.9
1106040 785.9
1106050 784.5
1106060 784.5
1106070 783.4
1106080 782.1
1106090 782.1
1106100 780.7
1106110 779.3
1106120 779.3
1106130 778.3
1106140 777.7
1106150 774.5
1106160 774.2
1106170 773.7
1106180 773.7
1106190 773.6
1106200 773.0
1106210 771.9
1106220 771.9
1106230 770.6
1106240 769.9
1106250 769.9
1106260 768.8
1106270 768.1
1106280 768.1
1106290 768.7
1106300 769.4
1106310 769.4
1106320 769.9
1106330 770.2
1106340 770.2
1106350 769.8
1106360 767.2
1106370 767.2
1106380 770.6
1106390 771.8
1106400 771.8
1106410 771.0
1106420 771.5
1106430 771.5
1106440 770.5
1106450 765.0
1106460 765.0
1106470 762.7
1106480 762.9
1106490 760.1
1106500 759.4
1106510 760.3
1106520 760.3
1106530 761.8
1106540 762.9
1106550 765.8
1106560 765.8
1106570 770.4
1106580 776.0
1106590 776.0
1106600 779.4
1106610 780.2
1106620 780.2
1106630 781.2
1106640 781.5
1106650 781.5
1106660 781.4
1106670 781.1
1106680 781.1
1106690 781.1
1106700 781.0
1106710 781.0
1106720 781.0
1106730 780.9
1106740 780.9
1106750 780.4
1106760 779.6
1106770 779.6
1106780 779.2
1106790 779.0
1106800 779.0
1106810 778.8
1106820 777.4
1106830 777.4
1106840 776.9
1106850 776.7
1106860 776.6
1106870 776.6
1106880 776.5
1106890 775.8
1106900 775.8
1106910 775.1
1106920 774.1
1106930 774.1
1106940 773.4
1106950 774.1
1106960 774.1
1106970 775.0
1106980 775.7
1106990 775.7
1107000 776.1
1107010 776.4
1107020 776.4
1107030 776.4
1107040 776.1
1107050 776.1
1107060 776.2
1107070 776.4
1107080 776.4
1107090 776.0
1107100 775.3
1107110 775.3
1107120 774.5
1107130 775.2
1107140 775.2
1107150 776.1
1107160 776.4
1107170 776.4
1107180 777.0
1107190 777.7
1107200 778.2
1107210 778.2
1107220 779.0
1107230 780.0
1107240 780.0
1107250 781.0
1107260 782.0
1107270 782.0
1107280 782.8
1107290 783.5
1107300 783.5
1107310 784.0
1107320 784.4
1107330 784.4
1107340 784.8
1107350 785.4
1107360 785.4
1107370 785.5
1107380 785.6
1107390 785.6
1107400 785.5
1107410 785.1
1107420 785.1
1107430 784.3
1107440 783.5
1107450 783.5
1107460 783.1
1107470 782.8
1107480 782.8
1107490 782.6
1107500 780.5
1107510 780.5
1107520 781.0
1107530 781.0
1107540 780.6
1107550 780.6
1107560 780.2
1107570 780.0
1107580 780.0
1107590 779.7
1107600 779.4
1107610 779.4
1107620 778.8
1107630 779.1
1107640 779.1
1107650 778.8
1107660 778.3
1107670 778.3
1107680 778.2
1107690 778.5
1107700 778.5
1107710 778.8
1107720 779.0
1107730 779.0
1107740 779.1
1107750 779.2
1107760 779.2
1107770 779.7
1107780 780.3
1107790 780.3
1107800 780.7
1107810 781.0
1107820 781.0
1107830 780.8
1107840 779.6
1107850 779.6
1107860 779.4
1107870 779.6
1107880 779.9
1107890 779.9
1107900 780.0
1107910 780.2
1107920 780.2
1107930 780.5
1107940 780.7
1107950 780.7
1107960 780.8
1107970 781.1
1107980 781.1
1107990 781.4
1108000 781.5
1108010 781.5
1108020 781.6
1108030 781.0
1108040 781.0
1108050 779.7
1108060 778.0
1108070 778.0
1108080 776.7
1108090 775.3
1108100 775.3
1108110 773.8
1108120 774.7
1108130 774.7
1108140 779.1
1108150 779.7
1108160 779.7
1108170 779.7
1108180 779.7
1108190 779.7
1108200 779.6
1108210 779.6
1108220 779.7
1108230 779.7
1108240 780.1
1108250 781.1
1108260 781.1
1108270 782.1
1108280 783.4
1108290 783.4
1108300 784.7
1108310 785.8
1108320 785.8
1108330 787.1
1108340 788.5
1108350 788.5
1108360 789.8
1108370 790.6
1108380 790.6
1108390 791.5
1108400 791.6
1108410 791.6
1108420 792.2
1108430 792.6
1108440 792.6
1108450 793.0
1108460 793.3
1108470 793.3
1108480 793.5
1108490 793.6
1108500 793.6
1108510 793.6
1108520 792.8
1108530 792.8
1108540 792.6
1108550 792.4
1108560 792.2
1108570 792.2
1108580 791.9
1108590 791.7
1108600 791.7
1108610 791.4
1108620 791.2
1108630 791.2
1108640 791.3
1108650 791.3
1108660 791.3
1108670 791.4
1108680 791.4
1108690 791.4
1108700 791.4
1108710 790.8
1108720 790.8
1108730 790.4
1108740 790.2
1108750 790.2
1108760 790.0
1108770 790.0
1108780 790.0
1108790 790.1
1108800 790.3
1108810 790.3
1108820 790.2
1108830 790.1
1108840 790.1
1108850 789.3
1108860 790.3
1108870 790.3
1108880 790.3
1108890 790.1
1108900 789.8
1108910 789.8
1108920 789.2
1108930 788.6
1108940 788.6
1108950 788.7
1108960 788.6
1108970 788.6
1108980 788.4
1108990 788.6
1109000 788.6
1109010 788.9
1109020 789.0
1109030 789.0
1109040 789.4
1109050 789.6
1109060 789.6
1109070 789.7
1109080 790.1
1109090 790.1
1109100 790.5
1109110 790.6
1109120 790.6
1109130 790.7
1109140 790.7
1109150 790.7
1109160 790.7
1109170 790.7
1109180 790.7
1109190 790.7
1109200 791.3
1109210 791.3
1109220 791.5
1109230 791.3
1109240 791.4
1109250 791.4
1109260 791.6
1109270 791.6
1109280 791.6
1109290 791.7
1109300 791.8
1109310 791.8
1109320 792.0
1109330 792.0
1109340 792.0
1109350 792.1
1109360 792.2
1109370 792.2
1109380 792.4
1109390 792.7
1109400 792.7
1109410 792.9
1109420 793.4
1109430 793.4
1109440 793.1
1109450 793.0
1109460 793.0
1109470 792.9
1109480 792.9
1109490 792.9
1109500 793.3
1109510 793.7
1109520 793.7
1109530 793.4
1109540 793.6
1109550 793.6
1109560 793.7
1109570 793.9
1109580 794.4
1109590 794.4
1109600 795.1
1109610 795.7
1109620 795.7
1109630 796.1
1109640 796.2
1109650 796.2
1109660 796.0
1109670 795.4
1109680 795.4
1109690 795.2
1109700 795.5
1109710 795.5
1109720 795.6
1109730 795.3
1109740 795.3
1109750 795.2
1109760 795.4
1109770 795.4
1109780 795.5
1109790 795.6
1109800 795.6
1109810 795.8
1109820 796.1
1109830 796.1
1109840 796.3
1109850 796.4
1109860 796.4
1109870 796.6
1109880 796.8
1109890 796.8
1109900 797.0
1109910 797.2
1109920 797.3
1109930 797.3
1109940 797.4
1109950 797.7
1109960 797.7
1109970 797.7
1109980 797.8
1109990 797.8
1110000 797.9
1110010 798.1
1110020 798.1
1110030 798.2
1110040 798.6
1110050 798.6
1110060 799.1
1110070 799.3
1110080 799.3
1110090 799.5
1110100 799.7
1110110 799.7
1110120 799.8
1110130 800.0
1110140 800.0
1110150 800.2
1110160 800.4
1110170 800.4
1110180 800.5
1110190 800.7
1110200 800.7
1110210 800.9
1110220 801.1
1110230 801.1
1110240 801.3
1110250 801.6
1110260 801.8
1110270 801.8
1110280 802.0
1110290 802.3
1110300 802.3
1110310 802.5
1110320 802.7
1110330 802.7
1110340 803.0
1110350 803.3
1110360 803.3
1110370 803.5
1110380 803.8
1110390 803.8
1110400 804.4
1110410 805.1
1110420 805.1
1110430 805.5
1110440 806.0
1110450 806.0
1110460 806.1
1110470 805.9
1110480 805.9
1110490 806.8
1110500 807.3
1110510 807.3
1110520 807.1
1110530 807.1
1110540 807.1
1110550 807.4
1110560 807.6
1110570 807.6
1110580 808.1
1110590 808.6
1110600 809.1
1110610 809.1
1110620 809.7
1110630 810.2
1110640 810.2
1110650 810.7
1110660 811.3
1110670 811.3
1110680 812.0
1110690 812.7
1110700 812.7
1110710 814.0
1110720 814.3
1110730 814.3
1110740 814.6
1110750 815.2
1110760 815.2
1110770 816.3
1110780 817.3
1110790 817.3
1110800 818.2
1110810 818.7
1110820 818.7
1110830 818.3
1110840 818.3
1110850 818.3
1110860 819.1
1110870 819.2
1110880 819.2
1110890 819.2
1110900 820.3
1110910 820.3
1110920 820.7
1110930 821.1
1110940 821.6
1110950 821.6
1110960 822.2
1110970 822.9
1110980 822.9
1110990 823.5
1111000 824.5
1111010 824.5
1111020 825.4
1111030 826.5
1111040 826.5
1111050 827.3
1111060 828.2
1111070 828.2
1111080 829.1
1111090 829.7
1111100 829.7
1111110 830.3
1111120 830.9
1111130 830.9
1111140 831.5
1111150 832.0
1111160 832.0
1111170 832.6
1111180 833.2
1111190 833.2
1111200 833.7
1111210 834.3
1111220 834.3
1111230 834.8
1111240 835.4
1111250 835.9
1111260 836.6
1111270 836.7
1111280 837.0
1111290 837.0
1111300 837.2
1111310 837.7
1111320 837.7
1111330 838.0
1111340 838.3
1111350 838.3
1111360 838.6
1111370 839.2
1111380 839.2
1111390 840.1
1111400 841.1
1111410 841.1
1111420 841.6
1111430 841.7
1111440 841.7
1111450 841.3
1111460 840.4
1111470 840.4
1111480 840.3
1111490 840.5
1111500 840.5
1111510 840.9
1111520 841.2
1111530 841.2
1111540 841.6
1111550 842.1
1111560 842.1
1111570 842.7
1111580 843.3
1111590 844.0
1111600 844.5
1111610 844.9
1111620 845.7
1111630 845.7
1111640 846.1
1111650 846.4
1111660 846.4
1111670 847.0
1111680 847.7
1111690 847.7
1111700 848.7
1111710 849.7
1111720 849.7
1111730 850.9
1111740 852.0
1111750 852.0
1111760 852.9
1111770 853.9
1111780 853.9
1111790 854.9
1111800 856.1
1111810 856.1
1111820 857.1
1111830 857.9
1111840 857.9
1111850 858.7
1111860 859.6
1111870 859.6
1111880 860.4
1111890 861.1
1111900 861.1
1111910 861.7
1111920 862.2
1111930 863.2
1111940 863.6
1111950 864.1
1111960 864.7
1111970 864.7
1111980 865.4
1111990 866.0
1112000 866.0
1112010 866.5
1112020 867.6
1112030 867.6
1112040 868.6
1112050 868.6
1112060 868.6
1112070 868.9
1112080 869.5
1112090 869.5
1112100 870.2
1112110 871.2
1112120 871.2
1112130 872.3
1112140 873.5
1112150 873.5
1112160 874.8
1112170 875.7
1112180 875.7
1112190 876.3
1112200 876.7
1112210 876.7
1112220 876.8
1112230 876.9
1112240 876.9
1112250 877.0
1112260 877.2
1112270 878.6
1112280 878.8
1112290 878.8
1112300 879.0
1112310 879.0
1112320 879.1
1112330 878.9
1112340 878.9
1112350 878.8
1112360 878.9
1112370 878.9
1112380 879.5
1112390 880.3
1112400 880.3
1112410 881.3
1112420 882.5
1112430 882.5
1112440 883.4
1112450 884.1
1112460 884.1
1112470 884.7
1112480 885.1
1112490 885.1
1112500 885.4
1112510 885.1
1112520 885.1
1112530 883.6
1112540 882.5
1112550 882.5
1112560 883.4
1112570 884.8
1112580 884.8
1112590 886.3
1112600 887.3
1112610 887.3
1112620 890.1
1112630 891.5
1112640 891.7
1112650 891.7
1112660 890.0
1112670 886.9
1112680 886.9
1112690 884.3
1112700 883.3
1112710 883.3
1112720 882.2
1112730 881.9
1112740 881.9
1112750 882.9
1112760 883.8
1112770 883.8
1112780 884.4
1112790 884.7
1112800 884.7
1112810 885.3
1112820 886.0
1112830 886.0
1112840 886.9
1112850 884.0
1112860 884.0
1112870 878.5
1112880 873.3
1112890 873.3
1112900 869.8
1112910 865.6
1112920 865.6
1112930 861.2
1112940 859.4
1112950 860.8
1112960 867.9
1112970 866.4
1112980 860.9
1112990 860.9
1113000 858.5
1113010 855.9
1113020 855.9
1113030 854.2
1113040 852.9
1113050 852.9
1113060 852.3
1113070 852.4
1113080 852.4
1113090 852.9
1113100 851.4
1113110 851.4
1113120 848.6
1113130 847.9
1113140 847.9
1113150 847.8
1113160 845.7
1113170 845.7
1113180 841.0
1113190 835.6
1113200 835.6
1113210 832.4
1113220 832.2
1113230 832.2
1113240 830.0
1113250 828.6
1113260 828.6
1113270 823.5
1113280 817.8
1113290 815.1
1113300 836.0
1113310 824.3
1113320 816.3
1113330 816.3
1113340 809.5
1113350 815.4
1113360 815.4
1113370 823.2
1113380 837.4
1113390 837.4
1113400 846.7
1113410 849.0
1113420 849.0
1113430 849.8
1113440 854.5
1113450 854.5
1113460 858.5
1113470 860.4
1113480 860.4
1113490 863.4
1113500 865.4
1113510 865.4
1113520 866.2
1113530 868.0
1113540 868.0
1113550 873.4
1113560 876.9
1113570 876.9
1113580 879.8
1113590 882.3
1113600 882.3
1113610 884.9
1113620 889.4
1113630 894.2
1113640 894.2
1113650 898.1
1113660 903.4
1113670 903.4
1113680 907.1
1113690 910.2
1113700 910.2
1113710 914.6
1113720 921.1
1113730 921.1
1113740 926.3
1113750 932.0
1113760 932.0
1113770 937.1
1113780 943.4
1113790 943.4
1113800 951.9
1113810 958.1
1113820 958.1
1113830 963.5
1113840 968.3
1113850 968.3
1113860 971.4
1113870 974.2
1113880 974.2
1113890 976.8
1113900 978.4
1113910 978.4
1113920 979.6
1113930 980.7
1113940 980.7
1113950 981.9
1113960 982.8
1113970 984.0
1113980 984.0
1113990 986.0
1114000 988.6
1114010 988.6
1114020 991.2
1114030 994.5
1114040 994.5
1114050 998.4
1114060 1002.0
1114070 1002.0
1114080 1006.4
1114090 1011.2
1114100 1011.2
1114110 1014.1
1114120 1018.1
1114130 1018.1
1114140 1022.0
1114150 1026.6
1114160 1026.6
1114170 1031.7
1114180 1036.9
1114190 1036.9
1114200 1040.5
1114210 1043.2
1114220 1043.2
1114230 1045.4
1114240 1048.4
1114250 1048.4
1114260 1050.7
1114270 1053.2
1114280 1053.2
1114290 1055.7
1114300 1058.7
1114310 1062.0
1114320 1062.0
1114330 1065.3
1114340 1070.0
1114350 1070.0
1114360 1073.1
1114370 1076.1
1114380 1076.1
1114390 1079.1
1114400 1082.0
1114410 1082.0
1114420 1084.7
1114430 1087.0
1114440 1087.0
1114450 1088.6
1114460 1091.1
1114470 1091.1
1114480 1095.3
1114490 1097.8
1114500 1097.8
1114510 1100.0
1114520 1101.8
1114530 1101.8
1114540 1104.0
1114550 1105.4
1114560 1105.4
1114570 1107.0
1114580 1108.9
1114590 1108.9
1114600 1112.8
1114610 1117.4
1114620 1117.4
1114630 1121.6
1114640 1125.4
1114650 1128.1
1114660 1128.1
1114670 1130.8
1114680 1136.9
1114690 1136.9
1114700 1139.3
1114710 1140.8
1114720 1140.8
1114730 1142.6
1114740 1144.8
1114750 1144.8
1114760 1146.1
1114770 1146.8
1114780 1146.8
1114790 1149.5
1114800 1152.5
1114810 1152.5
1114820 1154.3
1114830 1155.8
1114840 1155.8
1114850 1159.6
1114860 1163.0
1114870 1163.0
1114880 1166.1
1114890 1169.0
1114900 1169.0
1114910 1171.5
1114920 1173.5
1114930 1173.5
1114940 1175.8
1114950 1177.8
1114960 1177.8
1114970 1178.2
1114980 1178.6
1114990 1179.9
1115000 1179.9
1115010 1181.7
1115020 1187.3
1115030 1183.9
1115040 1190.5
1115050 1195.8
1115060 1195.8
1115070 1198.3
1115080 1200.7
1115090 1200.7
1115100 1202.9
1115110 1205.5
1115120 1205.5
1115130 1208.5
1115140 1210.9
1115150 1210.9
1115160 1212.8
1115170 1214.2
1115180 1214.2
1115190 1216.3
1115200 1219.1
1115210 1219.1
1115220 1221.1
1115230 1223.3
1115240 1223.3
1115250 1225.2
1115260 1227.0
1115270 1227.0
1115280 1229.0
1115290 1230.5
1115300 1230.5
1115310 1231.5
1115320 1232.2
1115330 1234.0
1115340 1234.0
1115350 1236.5
1115360 1239.6
1115370 1239.6
1115380 1251.4
1115390 1257.9
1115400 1257.9
1115410 1264.3
1115420 1269.6
1115430 1269.6
1115440 1273.3
1115450 1276.8
1115460 1276.8
1115470 1280.2
1115480 1283.1
1115490 1283.1
1115500 1286.5
1115510 1290.6
1115520 1290.6
1115530 1294.2
1115540 1298.1
1115550 1298.1
1115560 1302.2
1115570 1303.8
1115580 1303.8
1115590 1305.7
1115600 1308.2
1115610 1308.2
1115620 1310.8
1115630 1313.8
1115640 1313.8
1115650 1316.1
1115660 1318.6
1115670 1321.7
1115680 1321.7
1115690 1324.8
1115700 1328.6
1115710 1328.6
1115720 1334.9
1115730 1336.5
1115740 1336.5
1115750 1339.1
1115760 1340.9
1115770 1340.9
1115780 1339.1
1115790 1337.1
1115800 1337.1
1115810 1335.1
1115820 1333.1
1115830 1333.1
1115840 1331.1
1115850 1329.4
1115860 1329.4
1115870 1327.7
1115880 1325.3
1115890 1325.3
1115900 1321.3
1115910 1313.5
1115920 1313.5
1115930 1304.8
1115940 1301.4
1115950 1301.4
1115960 1301.0
1115970 1301.1
1115980 1301.1
1115990 1300.6
1116000 1299.4
1116010 1297.8
1116020 1297.8
1116030 1295.5
1116040 1291.9
1116050 1291.9
1116060 1288.2
1116070 1281.2
1116080 1281.2
1116090 1277.2
1116100 1275.6
1116110 1275.6
1116120 1275.1
1116130 1273.3
1116140 1273.3
1116150 1271.7
1116160 1269.8
1116170 1269.8
1116180 1267.8
1116190 1266.1
1116200 1266.1
1116210 1265.4
1116220 1266.5
1116230 1266.5
1116240 1268.4
1116250 1269.6
1116260 1269.6
1116270 1270.4
1116280 1272.3
1116290 1272.3
1116300 1272.9
1116310 1274.1
1116320 1274.1
1116330 1275.1
1116340 1275.1
1116350 1274.6
1116360 1274.6
1116370 1275.3
1116380 1275.9
1116390 1275.9
1116400 1277.3
1116410 1272.8
1116420 1272.8
1116430 1273.1
1116440 1272.5
1116450 1272.5
1116460 1271.4
1116470 1270.6
1116480 1270.6
1116490 1269.8
1116500 1267.8
1116510 1267.8
1116520 1265.7
1116530 1264.4
1116540 1264.4
1116550 1263.7
1116560 1262.4
1116570 1262.4
1116580 1259.9
1116590 1256.5
1116600 1256.5
1116610 1254.1
1116620 1248.5
1116630 1248.5
1116640 1247.6
1116650 1249.3
1116660 1249.3
1116670 1250.6
1116680 1252.2
1116690 1253.6
1116700 1253.6
1116710 1254.7
1116720 1255.6
1116730 1255.6
1116740 1255.8
1116750 1255.6
1116760 1247.3
1116770 1246.9
1116780 1247.1
1116790 1247.1
1116800 1247.5
1116810 1247.8
1116820 1247.8
1116830 1247.2
1116840 1245.9
1116850 1245.9
1116860 1242.4
1116870 1238.7
1116880 1238.7
1116890 1236.1
1116900 1235.8
1116910 1235.8
1116920 1236.7
1116930 1237.2
1116940 1237.2
1116950 1237.3
1116960 1238.6
1116970 1238.6
1116980 1240.9
1116990 1241.7
1117000 1241.7
1117010 1242.4
1117020 1242.3
1117030 1241.9
1117040 1241.9
1117050 1241.2
1117060 1240.6
1117070 1240.6
1117080 1239.2
1117090 1237.5
1117100 1237.5
1117110 1231.1
1117120 1232.1
1117130 1232.1
1117140 1232.8
1117150 1234.2
1117160 1234.2
1117170 1235.3
1117180 1235.8
1117190 1235.8
1117200 1235.2
1117210 1234.7
1117220 1234.7
1117230 1233.3
1117240 1225.5
1117250 1225.5
1117260 1223.5
1117270 1222.8
1117280 1222.8
1117290 1221.5
1117300 1217.9
1117310 1217.9
1117320 1216.2
1117330 1215.5
1117340 1215.5
1117350 1215.4
1117360 1216.8
1117370 1218.3
1117380 1218.3
1117390 1218.6
1117400 1216.3
1117410 1216.3
1117420 1213.7
1117430 1213.5
1117440 1213.5
1117450 1212.8
1117460 1206.2
1117470 1206.2
1117480 1207.5
1117490 1208.5
1117500 1208.5
1117510 1208.6
1117520 1208.6
1117530 1208.6
1117540 1209.1
1117550 1208.3
1117560 1208.3
1117570 1200.5
1117580 1191.9
1117590 1191.9
1117600 1191.4
1117610 1187.2
1117620 1187.2
1117630 1171.5
1117640 1161.1
1117650 1161.1
1117660 1155.1
1117670 1150.0
1117680 1150.0
1117690 1146.0
1117700 1142.5
1117710 1139.3
1117720 1139.3
1117730 1137.3
1117740 1133.4
1117750 1133.4
1117760 1130.4
1117770 1127.7
1117780 1127.7
1117790 1126.1
1117800 1125.7
1117810 1121.5
1117820 1121.4
1117830 1122.4
1117840 1122.4
1117850 1122.7
1117860 1123.3
1117870 1123.3
1117880 1123.5
1117890 1124.3
1117900 1124.3
1117910 1123.8
1117920 1123.9
1117930 1123.9
1117940 1123.8
1117950 1126.8
1117960 1126.8
1117970 1129.6
1117980 1131.2
1117990 1131.2
1118000 1132.6
1118010 1133.9
1118020 1135.4
1118030 1135.4
1118040 1136.9
1118050 1138.1
1118060 1138.1
1118070 1139.2
1118080 1141.2
1118090 1141.2
1118100 1146.1
1118110 1149.6
1118120 1149.6
1118130 1151.3
1118140 1153.5
1118150 1150.9
1118160 1157.1
1118170 1163.2
1118180 1163.2
1118190 1168.7
1118200 1173.0
1118210 1173.0
1118220 1177.3
1118230 1181.7
1118240 1181.7
1118250 1185.9
1118260 1186.8
1118270 1186.8
1118280 1184.7
1118290 1180.0
1118300 1180.0
1118310 1176.4
1118320 1178.1
1118330 1178.1
1118340 1180.0
1118350 1180.5
1118360 1181.3
1118370 1181.3
1118380 1181.9
1118390 1182.0
1118400 1182.0
1118410 1181.6
1118420 1180.6
1118430 1180.6
1118440 1179.8
1118450 1179.2
1118460 1179.2
1118470 1178.8
1118480 1178.9
1118490 1178.9
1118500 1172.9
1118510 1173.8
1118520 1173.8
1118530 1174.1
1118540 1172.9
1118550 1172.9
1118560 1171.2
1118570 1169.8
1118580 1169.8
1118590 1167.6
1118600 1166.4
1118610 1166.4
1118620 1164.2
1118630 1163.1
1118640 1163.1
1118650 1162.7
1118660 1161.7
1118670 1161.7
1118680 1161.4
1118690 1161.4
1118700 1161.4
1118710 1161.4
1118720 1160.8
1118730 1160.9
1118740 1160.9
1118750 1157.9
1118760 1149.4
1118770 1149.4
1118780 1140.8
1118790 1133.2
1118800 1133.2
1118810 1127.6
1118820 1125.7
1118830 1125.7
1118840 1125.0
1118850 1119.6
1118860 1119.6
1118870 1118.4
1118880 1115.7
1118890 1115.7
1118900 1112.8
1118910 1111.5
1118920 1111.5
1118930 1110.2
1118940 1110.8
1118950 1110.8
1118960 1111.5
1118970 1111.0
1118980 1111.0
1118990 1111.7
1119000 1114.6
1119010 1114.6
1119020 1118.0
1119030 1120.0
1119040 1121.5
1119050 1121.5
1119060 1122.7
1119070 1123.1
1119080 1123.1
1119090 1123.2
1119100 1123.7
1119110 1123.7
1119120 1122.2
1119130 1120.1
1119140 1120.1
1119150 1123.7
1119160 1130.3
1119170 1130.3
1119180 1130.1
1119190 1126.6
1119200 1123.2
1119210 1119.3
1119220 1116.8
1119230 1116.8
1119240 1116.3
1119250 1115.8
1119260 1115.8
1119270 1114.2
1119280 1112.4
1119290 1112.4
1119300 1110.5
1119310 1109.5
1119320 1109.5
1119330 1109.6
1119340 1109.3
1119350 1109.3
1119360 1108.4
1119370 1107.6
1119380 1106.5
1119390 1106.5
1119400 1103.9
1119410 1102.7
1119420 1102.7
1119430 1106.7
1119440 1108.9
1119450 1108.9
1119460 1109.7
1119470 1110.9
1119480 1110.9
1119490 1111.3
1119500 1111.4
1119510 1111.4
1119520 1111.0
1119530 1109.5
1119540 1109.5
1119550 1103.2
1119560 1101.2
1119570 1101.2
1119580 1100.4
1119590 1100.5
1119600 1100.5
1119610 1098.2
1119620 1094.3
1119630 1094.3
1119640 1093.4
1119650 1093.0
1119660 1093.0
1119670 1092.8
1119680 1092.6
1119690 1092.6
1119700 1089.8
1119710 1088.1
1119720 1087.5
1119730 1087.5
1119740 1088.9
1119750 1089.3
1119760 1089.3
1119770 1088.5
1119780 1088.0
1119790 1088.0
1119800 1088.4
1119810 1087.1
1119820 1087.1
1119830 1086.3
1119840 1085.5
1119850 1085.5
1119860 1084.4
1119870 1082.4
1119880 1082.4
1119890 1080.0
1119900 1071.2
1119910 1071.2
1119920 1068.8
1119930 1067.3
1119940 1067.3
1119950 1066.1
1119960 1064.7
1119970 1064.7
1119980 1062.9
1119990 1061.2
