1100000 553.9
1100010 553.9
1100020 554.4
1100030 554.1
1100040 554.1
1100050 553.1
1100060 551.1
1100070 550.0
1100080 550.0
1100090 548.4
1100100 548.3
1100110 548.3
1100120 548.4
1100130 548.1
1100140 548.1
1100150 548.4
1100160 548.3
1100170 548.3
1100180 548.1
1100190 547.8
1100200 547.8
1100210 547.6
1100220 547.2
1100230 547.2
1100240 546.5
1100250 546.3
1100260 546.3
1100270 546.2
1100280 546.2
1100290 546.2
1100300 546.0
1100310 545.8
1100320 545.8
1100330 545.5
1100340 544.9
1100350 544.9
1100360 543.9
1100370 541.9
1100380 541.9
1100390 537.9
1100400 532.0
1100410 528.0
1100420 528.0
1100430 524.9
1100440 520.6
1100450 520.6
1100460 513.1
1100470 507.0
1100480 508.3
1100490 505.9
1100500 503.0
1100510 503.0
1100520 499.7
1100530 497.8
1100540 497.8
1100550 497.2
1100560 493.5
1100570 493.5
1100580 488.9
1100590 487.1
1100600 487.1
1100610 486.9
1100620 486.8
1100630 486.8
1100640 486.4
1100650 486.9
1100660 486.9
1100670 491.0
1100680 493.3
1100690 493.3
1100700 493.0
1100710 495.1
1100720 495.1
1100730 501.1
1100740 512.3
1100750 522.1
1100760 522.1
1100770 531.2
1100780 541.5
1100790 541.5
1100800 552.4
1100810 555.1
1100820 555.1
1100830 561.3
1100840 562.3
1100850 562.3
1100860 563.0
1100870 563.6
1100880 563.6
1100890 564.4
1100900 565.4
1100910 565.4
1100920 566.5
1100930 567.6
1100940 567.6
1100950 568.7
1100960 569.7
1100970 569.7
1100980 570.7
1100990 571.6
1101000 571.6
1101010 572.2
1101020 574.4
1101030 574.4
1101040 578.5
1101050 582.0
1101060 582.0
1101070 586.1
1101080 589.6
1101090 592.9
1101100 592.9
1101110 595.2
1101120 599.0
1101130 599.0
1101140 602.0
1101150 603.0
1101160 603.0
1101170 605.3
1101180 607.3
1101190 607.3
1101200 608.9
1101210 610.3
1101220 610.3
1101230 611.3
1101240 612.2
1101250 612.2
1101260 612.9
1101270 613.8
1101280 613.8
1101290 614.9
1101300 616.4
1101310 616.4
1101320 617.9
1101330 619.0
1101340 619.0
1101350 620.2
1101360 620.5
1101370 620.5
1101380 616.9
1101390 611.8
1101400 611.8
1101410 605.9
1101420 598.5
1101430 593.4
1101440 593.4
1101450 594.3
1101460 601.1
1101470 601.1
1101480 615.9
1101490 623.0
1101500 623.0
1101510 627.5
1101520 629.0
1101530 629.0
1101540 629.7
1101550 630.2
1101560 630.2
1101570 631.3
1101580 632.6
1101590 632.6
1101600 633.6
1101610 634.9
1101620 634.9
1101630 636.4
1101640 637.6
1101650 637.6
1101660 639.4
1101670 642.1
1101680 642.1
1101690 644.8
1101700 647.0
1101710 647.0
1101720 649.2
1101730 650.6
1101740 650.6
1101750 650.7
1101760 649.1
1101770 644.8
1101780 644.8
1101790 640.2
1101800 637.5
1101810 630.1
1101820 628.1
1101830 628.5
1101840 628.5
1101850 629.4
1101860 630.1
1101870 630.1
1101880 633.6
1101890 637.0
1101900 637.0
1101910 636.5
1101920 632.2
1101930 632.2
1101940 626.4
1101950 620.6
1101960 620.6
1101970 615.1
1101980 608.7
1101990 608.7
1102000 601.7
1102010 593.0
1102020 593.0
1102030 589.0
1102040 590.2
1102050 590.2
1102060 588.8
1102070 584.8
1102080 584.8
1102090 584.3
1102100 582.7
1102110 580.2
1102120 580.2
1102130 578.9
1102140 577.3
1102150 582.4
1102160 587.3
1102170 590.7
1102180 590.7
1102190 592.7
1102200 600.2
1102210 600.2
1102220 615.8
1102230 624.4
1102240 624.4
1102250 632.3
1102260 631.2
1102270 631.2
1102280 629.4
1102290 634.4
1102300 634.4
1102310 632.3
1102320 631.2
1102330 631.2
1102340 635.4
1102350 637.1
1102360 637.1
1102370 632.7
1102380 631.2
1102390 631.2
1102400 634.6
1102410 629.5
1102420 629.5
1102430 632.0
1102440 638.3
1102450 639.2
1102460 639.2
1102470 639.0
1102480 642.4
1102490 642.4
1102500 642.7
1102510 647.6
1102520 647.6
1102530 647.0
1102540 644.7
1102550 644.7
1102560 643.1
1102570 637.9
1102580 637.9
1102590 629.5
1102600 623.0
1102610 623.0
1102620 616.6
1102630 613.8
1102640 613.8
1102650 611.4
1102660 611.0
1102670 611.0
1102680 611.6
1102690 612.6
1102700 612.6
1102710 611.8
1102720 609.4
1102730 609.4
1102740 610.7
1102750 612.2
1102760 612.2
1102770 613.5
1102780 613.0
1102790 613.0
1102800 613.0
1102810 615.5
1102820 618.9
1102830 618.9
1102840 619.0
1102850 618.8
1102860 618.8
1102870 618.9
1102880 619.1
1102890 619.1
1102900 619.6
1102910 620.5
1102920 620.5
1102930 622.4
1102940 626.3
1102950 626.3
1102960 630.1
1102970 634.4
1102980 634.4
1102990 640.2
1103000 643.1
1103010 643.1
1103020 643.7
1103030 647.8
1103040 647.8
1103050 655.6
1103060 659.0
1103070 659.0
1103080 661.8
1103090 664.5
1103100 664.5
1103110 667.0
1103120 669.0
1103130 670.1
1103140 670.1
1103150 674.0
1103160 676.4
1103170 676.4
1103180 678.3
1103190 678.6
1103200 678.6
1103210 678.7
1103220 679.9
1103230 679.9
1103240 681.2
1103250 683.7
1103260 683.7
1103270 687.8
1103280 693.2
1103290 693.2
1103300 699.4
1103310 701.5
1103320 701.5
1103330 701.8
1103340 702.0
1103350 702.0
1103360 702.1
1103370 702.2
1103380 702.2
1103390 701.4
1103400 699.3
1103410 699.3
1103420 697.2
1103430 695.8
1103440 695.8
1103450 695.8
1103460 695.5
1103470 695.4
1103480 695.4
1103490 696.1
1103500 696.1
1103510 696.1
1103520 696.0
1103530 696.4
1103540 696.4
1103550 697.1
1103560 697.5
1103570 697.5
1103580 697.7
1103590 697.8
1103600 697.8
1103610 698.3
1103620 698.6
1103630 698.6
1103640 698.8
1103650 699.3
1103660 699.3
1103670 699.9
1103680 700.2
1103690 700.2
1103700 699.3
1103710 695.4
1103720 695.4
1103730 692.9
1103740 697.6
1103750 697.6
1103760 702.0
1103770 703.7
1103780 703.7
1103790 705.7
1103800 707.6
1103810 709.3
1103820 708.6
1103830 710.2
1103840 712.0
1103850 712.0
1103860 714.2
1103870 715.9
1103880 715.9
1103890 717.5
1103900 719.6
1103910 719.6
1103920 720.7
1103930 721.7
1103940 721.7
1103950 722.0
1103960 722.2
1103970 722.2
1103980 722.3
1103990 722.6
1104000 722.6
1104010 723.3
1104020 724.8
1104030 724.8
1104040 726.0
1104050 726.7
1104060 726.7
1104070 727.0
1104080 727.6
1104090 727.6
1104100 728.6
1104110 730.1
1104120 730.1
1104130 731.4
1104140 732.2
1104150 732.9
1104160 733.2
1104170 733.9
1104180 735.2
1104190 735.2
1104200 736.7
1104210 738.7
1104220 738.7
1104230 741.1
1104240 744.1
1104250 744.1
1104260 747.3
1104270 750.3
1104280 750.3
1104290 753.4
1104300 756.4
1104310 756.4
1104320 759.2
1104330 762.9
1104340 762.9
1104350 767.1
1104360 771.4
1104370 771.4
1104380 775.3
1104390 779.6
1104400 779.6
1104410 783.6
1104420 787.5
1104430 787.5
1104440 791.9
1104450 793.9
1104460 793.9
1104470 798.4
1104480 803.7
1104490 810.5
1104500 810.5
1104510 815.2
1104520 819.7
1104530 819.7
1104540 823.5
1104550 826.3
1104560 826.3
1104570 828.5
1104580 829.3
1104590 829.3
1104600 829.8
1104610 831.4
1104620 831.4
1104630 833.5
1104640 835.6
1104650 835.6
1104660 837.7
1104670 839.5
1104680 839.5
1104690 841.2
1104700 844.2
1104710 844.2
1104720 847.2
1104730 851.1
1104740 851.1
1104750 854.4
1104760 857.2
1104770 857.2
1104780 859.8
1104790 862.4
1104800 862.4
1104810 865.1
1104820 867.4
1104830 865.0
1104840 865.0
1104850 864.3
1104860 862.1
1104870 862.1
1104880 859.6
1104890 856.4
1104900 856.4
1104910 853.7
1104920 851.6
1104930 851.6
1104940 853.3
1104950 854.0
1104960 854.0
1104970 853.4
1104980 851.0
1104990 851.0
1105000 850.7
1105010 855.2
1105020 855.2
1105030 859.8
1105040 862.5
1105050 862.5
1105060 866.3
1105070 870.0
1105080 870.0
1105090 873.3
1105100 877.1
1105110 877.1
1105120 881.2
1105130 885.0
1105140 885.0
1105150 886.8
1105160 885.0
1105170 876.8
1105180 876.8
1105190 873.8
1105200 870.2
1105210 870.2
1105220 867.3
1105230 865.0
1105240 865.0
1105250 861.7
1105260 859.4
1105270 859.4
1105280 857.2
1105290 854.5
1105300 854.5
1105310 851.1
1105320 848.1
1105330 848.1
1105340 845.7
1105350 844.8
1105360 844.8
1105370 843.7
1105380 842.3
1105390 842.3
1105400 840.7
1105410 838.7
1105420 838.7
1105430 837.1
1105440 835.9
1105450 835.9
1105460 833.4
1105470 831.6
1105480 831.6
1105490 830.7
1105500 821.3
1105510 818.2
1105520 818.2
1105530 816.3
1105540 815.5
1105550 815.5
1105560 814.2
1105570 813.4
1105580 813.4
1105590 813.9
1105600 815.2
1105610 815.2
1105620 816.2
1105630 816.9
1105640 816.9
1105650 817.4
1105660 817.9
1105670 817.9
1105680 818.5
1105690 819.1
1105700 819.1
1105710 820.1
1105720 821.4
1105730 821.4
1105740 822.3
1105750 822.6
1105760 822.6
1105770 822.5
1105780 822.3
1105790 822.3
1105800 821.9
1105810 821.3
1105820 821.3
1105830 820.7
1105840 818.4
1105850 817.7
1105860 817.7
1105870 816.5
1105880 815.0
1105890 815.0
1105900 813.6
1105910 812.5
1105920 812.5
1105930 811.5
1105940 810.5
1105950 810.5
1105960 810.2
1105970 809.6
1105980 809.6
1105990 808.6
1106000 807.4
1106010 807.4
1106020 806.2
1106030 804.8
1106040 804.8
1106050 803.7
1106060 802.9
1106070 802.9
1106080 802.2
1106090 801.1
1106100 801.1
1106110 799.9
1106120 798.3
1106130 798.3
1106140 798.0
1106150 798.3
1106160 798.3
1106170 798.1
1106180 792.7
1106190 791.1
1106200 791.1
1106210 789.5
1106220 788.4
1106230 788.4
1106240 787.4
1106250 785.9
1106260 785.9
1106270 783.9
1106280 783.6
1106290 783.6
1106300 784.2
1106310 784.4
1106320 784.4
1106330 784.5
1106340 784.8
1106350 784.8
1106360 784.6
1106370 784.1
1106380 784.1
1106390 784.3
1106400 785.7
1106410 785.7
1106420 786.4
1106430 786.4
1106440 786.4
1106450 786.6
1106460 787.4
1106470 787.4
1106480 787.7
1106490 787.6
1106500 786.9
1106510 786.9
1106520 787.3
1106530 789.3
1106540 789.3
1106550 790.5
1106560 791.5
1106570 791.5
1106580 792.6
1106590 793.6
1106600 793.6
1106610 794.2
1106620 794.7
1106630 794.7
1106640 795.0
1106650 795.0
1106660 795.0
1106670 795.0
1106680 795.0
1106690 795.0
1106700 795.0
1106710 795.0
1106720 795.0
1106730 794.8
1106740 794.2
1106750 794.2
1106760 793.8
1106770 793.5
1106780 793.5
1106790 793.9
1106800 794.6
1106810 794.6
1106820 795.4
1106830 795.8
1106840 795.6
1106850 791.6
1106860 791.0
1106870 790.1
1106880 790.1
1106890 788.9
1106900 787.5
1106910 787.5
1106920 785.8
1106930 784.5
1106940 784.5
1106950 783.5
1106960 783.0
1106970 783.0
1106980 783.6
1106990 783.2
1107000 783.2
1107010 784.1
1107020 784.9
1107030 784.9
1107040 784.6
1107050 784.9
1107060 784.9
1107070 785.1
1107080 785.1
1107090 785.1
1107100 785.1
1107110 785.4
1107120 785.4
1107130 785.6
1107140 786.0
1107150 786.0
1107160 786.4
1107170 786.8
1107180 787.2
1107190 786.2
1107200 786.7
1107210 787.3
1107220 787.3
1107230 788.0
1107240 788.6
1107250 788.6
1107260 789.2
1107270 789.7
1107280 789.7
1107290 790.2
1107300 790.5
1107310 790.5
1107320 790.8
1107330 790.7
1107340 790.7
1107350 790.6
1107360 790.6
1107370 790.6
1107380 790.5
1107390 790.3
1107400 790.3
1107410 790.3
1107420 790.3
1107430 790.3
1107440 790.2
1107450 790.1
1107460 790.1
1107470 789.9
1107480 789.7
1107490 789.7
1107500 789.7
1107510 789.7
1107520 789.3
1107530 789.0
1107540 788.3
1107550 787.3
1107560 787.3
1107570 786.5
1107580 785.9
1107590 785.9
1107600 785.6
1107610 785.4
1107620 785.4
1107630 785.7
1107640 786.4
1107650 786.4
1107660 787.4
1107670 788.2
1107680 788.2
1107690 788.6
1107700 788.4
1107710 788.4
1107720 788.2
1107730 787.9
1107740 787.9
1107750 787.2
1107760 786.3
1107770 786.3
1107780 785.7
1107790 785.4
1107800 785.4
1107810 785.1
1107820 784.8
1107830 784.8
1107840 784.7
1107850 784.7
1107860 784.6
1107870 784.5
1107880 784.3
1107890 784.3
1107900 784.3
1107910 784.6
1107920 785.0
1107930 785.0
1107940 785.1
1107950 784.9
1107960 784.9
1107970 784.6
1107980 784.6
1107990 784.6
1108000 784.9
1108010 785.1
1108020 785.1
1108030 785.2
1108040 785.5
1108050 785.5
1108060 786.5
1108070 787.6
1108080 787.6
1108090 788.5
1108100 788.6
1108110 788.6
1108120 788.3
1108130 787.3
1108140 787.3
1108150 786.0
1108160 785.8
1108170 785.8
1108180 786.0
1108190 786.1
1108200 786.3
1108210 785.5
1108220 785.6
1108230 785.6
1108240 785.6
1108250 785.3
1108260 784.9
1108270 784.9
1108280 784.4
1108290 783.9
1108300 783.9
1108310 783.5
1108320 783.7
1108330 783.7
1108340 784.8
1108350 785.9
1108360 785.9
1108370 786.9
1108380 787.8
1108390 787.8
1108400 788.9
1108410 790.1
1108420 790.1
1108430 791.1
1108440 792.0
1108450 792.0
1108460 793.0
1108470 793.8
1108480 793.8
1108490 794.9
1108500 795.4
1108510 795.4
1108520 795.3
1108530 795.0
1108540 795.2
1108550 795.4
1108560 795.8
1108570 794.9
1108580 794.9
1108590 794.0
1108600 792.7
1108610 792.7
1108620 791.9
1108630 791.4
1108640 791.4
1108650 791.1
1108660 790.7
1108670 790.7
1108680 790.6
1108690 790.6
1108700 790.6
1108710 790.5
1108720 790.3
1108730 790.3
1108740 789.9
1108750 789.8
1108760 789.8
1108770 789.7
1108780 789.7
1108790 789.7
1108800 789.7
1108810 789.5
1108820 789.5
1108830 789.5
1108840 789.5
1108850 789.5
1108860 789.5
1108870 789.2
1108880 788.9
1108890 789.3
1108900 789.2
1108910 789.0
1108920 789.0
1108930 788.8
1108940 789.0
1108950 789.0
1108960 789.1
1108970 789.3
1108980 789.3
1108990 789.5
1109000 789.5
1109010 789.5
1109020 789.7
1109030 789.8
1109040 789.8
1109050 789.9
1109060 789.9
1109070 789.9
1109080 790.0
1109090 790.1
1109100 790.1
1109110 790.2
1109120 790.3
1109130 790.3
1109140 790.5
1109150 790.6
1109160 790.6
1109170 790.7
1109180 790.7
1109190 790.7
1109200 790.8
1109210 790.9
1109220 791.1
1109230 791.1
1109240 791.4
1109250 791.7
1109260 791.7
1109270 791.6
1109280 791.6
1109290 791.6
1109300 791.6
1109310 791.7
1109320 791.7
1109330 791.9
1109340 791.9
1109350 791.9
1109360 792.1
1109370 792.2
1109380 792.2
1109390 792.2
1109400 792.4
1109410 792.4
1109420 792.6
1109430 792.9
1109440 792.9
1109450 792.9
1109460 792.9
1109470 792.9
1109480 793.0
1109490 793.1
1109500 793.1
1109510 793.4
1109520 793.7
1109530 793.7
1109540 793.8
1109550 793.9
1109560 794.0
1109570 794.0
1109580 794.2
1109590 794.4
1109600 794.4
1109610 794.5
1109620 794.7
1109630 794.7
1109640 794.9
1109650 795.3
1109660 795.3
1109670 795.6
1109680 795.5
1109690 795.5
1109700 795.4
1109710 795.5
1109720 795.5
1109730 795.6
1109740 795.8
1109750 795.8
1109760 796.2
1109770 796.6
1109780 796.6
1109790 796.7
1109800 796.4
1109810 796.4
1109820 796.4
1109830 796.6
1109840 796.6
1109850 796.7
1109860 796.9
1109870 796.9
1109880 796.9
1109890 797.1
1109900 797.2
1109910 797.2
1109920 797.4
1109930 797.6
1109940 797.6
1109950 797.7
1109960 797.8
1109970 797.8
1109980 798.0
1109990 798.1
1110000 798.1
1110010 798.3
1110020 798.4
1110030 798.4
1110040 798.7
1110050 800.0
1110060 800.0
1110070 799.9
1110080 799.7
1110090 799.7
1110100 799.7
1110110 799.8
1110120 799.8
1110130 800.1
1110140 800.2
1110150 800.2
1110160 800.4
1110170 800.6
1110180 800.6
1110190 801.0
1110200 801.6
1110210 801.6
1110220 801.9
1110230 801.9
1110240 802.2
1110250 802.2
1110260 802.5
1110270 802.5
1110280 802.5
1110290 802.7
1110300 803.0
1110310 803.0
1110320 803.2
1110330 803.5
1110340 803.5
1110350 803.8
1110360 804.1
1110370 804.1
1110380 804.3
1110390 804.5
1110400 804.5
1110410 804.7
1110420 804.8
1110430 804.8
1110440 805.0
1110450 805.1
1110460 805.1
1110470 805.4
1110480 805.8
1110490 805.8
1110500 805.9
1110510 806.1
1110520 806.1
1110530 806.4
1110540 806.6
1110550 806.6
1110560 806.8
1110570 807.0
1110580 807.3
1110590 807.4
1110600 807.7
1110610 808.1
1110620 808.1
1110630 808.7
1110640 809.2
1110650 809.2
1110660 809.6
1110670 810.0
1110680 810.0
1110690 810.6
1110700 811.0
1110710 811.0
1110720 811.2
1110730 811.8
1110740 811.8
1110750 813.0
1110760 814.4
1110770 814.4
1110780 815.0
1110790 815.4
1110800 815.4
1110810 816.2
1110820 816.9
1110830 816.9
1110840 817.7
1110850 818.7
1110860 818.7
1110870 819.7
1110880 820.7
1110890 820.7
1110900 821.5
1110910 822.1
1110920 822.5
1110930 822.5
1110940 823.4
1110950 823.6
1110960 823.6
1110970 823.9
1110980 824.0
1110990 824.0
1111000 824.1
1111010 824.5
1111020 824.5
1111030 824.7
1111040 825.0
1111050 825.0
1111060 825.3
1111070 825.6
1111080 825.6
1111090 825.9
1111100 825.6
1111110 825.6
1111120 825.8
1111130 827.3
1111140 827.3
1111150 827.9
1111160 828.4
1111170 828.4
1111180 828.8
1111190 829.3
1111200 829.3
1111210 829.2
1111220 829.6
1111230 829.6
1111240 830.2
1111250 830.5
1111260 830.6
1111270 830.6
1111280 832.0
1111290 832.2
1111300 832.2
1111310 832.2
1111320 832.1
1111330 832.1
1111340 832.0
1111350 831.5
1111360 831.5
1111370 830.7
1111380 830.8
1111390 830.8
1111400 831.4
1111410 831.6
1111420 831.6
1111430 831.7
1111440 832.3
1111450 832.3
1111460 833.3
1111470 834.4
1111480 834.4
1111490 835.4
1111500 836.1
1111510 836.1
1111520 836.7
1111530 837.1
1111540 837.1
1111550 837.7
1111560 838.2
1111570 838.2
1111580 838.7
1111590 839.5
1111600 840.2
1111610 840.2
1111620 842.2
1111630 843.0
1111640 843.0
1111650 843.7
1111660 844.6
1111670 844.6
1111680 845.5
1111690 846.4
1111700 846.4
1111710 847.3
1111720 847.8
1111730 847.8
1111740 848.4
1111750 849.3
1111760 849.3
1111770 850.2
1111780 851.0
1111790 851.0
1111800 851.8
1111810 852.2
1111820 852.2
1111830 852.8
1111840 853.3
1111850 853.3
1111860 853.8
1111870 854.3
1111880 854.3
1111890 854.6
1111900 855.0
1111910 855.0
1111920 855.6
1111930 856.2
1111940 856.6
1111950 856.6
1111960 857.8
1111970 858.8
1111980 858.8
1111990 859.4
1112000 859.5
1112010 859.5
1112020 859.8
1112030 860.2
1112040 860.2
1112050 860.8
1112060 861.8
1112070 861.8
1112080 862.4
1112090 863.2
1112100 863.2
1112110 864.1
1112120 865.1
1112130 865.1
1112140 866.0
1112150 867.1
1112160 867.1
1112170 867.7
1112180 867.5
1112190 867.5
1112200 867.6
1112210 868.5
1112220 868.5
1112230 869.1
1112240 869.6
1112250 869.6
1112260 870.2
1112270 870.8
1112280 871.3
1112290 871.3
1112300 870.9
1112310 871.8
1112320 871.8
1112330 871.3
1112340 870.6
1112350 870.6
1112360 869.9
1112370 868.3
1112380 868.3
1112390 868.2
1112400 867.8
1112410 867.8
1112420 867.7
1112430 867.5
1112440 867.5
1112450 866.7
1112460 865.5
1112470 865.5
1112480 865.1
1112490 865.5
1112500 865.5
1112510 865.7
1112520 865.2
1112530 865.2
1112540 864.8
1112550 865.3
1112560 865.3
1112570 866.9
1112580 868.5
1112590 868.5
1112600 870.4
1112610 872.3
1112620 874.3
1112630 874.3
1112640 876.0
1112650 875.5
1112660 875.5
1112670 876.9
1112680 878.6
1112690 878.6
1112700 880.4
1112710 882.2
1112720 882.2
1112730 884.0
1112740 882.9
1112750 882.9
1112760 876.1
1112770 869.0
1112780 869.0
1112790 863.4
1112800 859.1
1112810 859.1
1112820 855.1
1112830 850.3
1112840 850.3
1112850 844.9
1112860 840.0
1112870 840.0
1112880 835.3
1112890 832.3
1112900 832.3
1112910 832.0
1112920 828.3
1112930 828.3
1112940 822.2
1112950 817.2
1112960 813.1
1112970 813.1
1112980 810.7
1112990 818.7
1113000 818.7
1113010 816.4
1113020 814.5
1113030 814.5
1113040 811.6
1113050 808.6
1113060 808.6
1113070 807.0
1113080 804.3
1113090 804.3
1113100 800.8
1113110 799.7
1113120 799.7
1113130 798.1
1113140 802.9
1113150 802.9
1113160 805.4
1113170 800.9
1113180 800.9
1113190 805.5
1113200 812.3
1113210 812.3
1113220 813.1
1113230 821.5
1113240 821.5
1113250 826.0
1113260 827.7
1113270 827.7
1113280 835.4
1113290 842.1
1113300 844.2
1113310 844.2
1113320 848.2
1113330 854.0
1113340 851.6
1113350 853.6
1113360 864.4
1113370 864.4
1113380 873.8
1113390 879.5
1113400 879.5
1113410 884.5
1113420 887.4
1113430 887.4
1113440 888.0
1113450 887.6
1113460 887.6
1113470 887.3
1113480 887.7
1113490 887.7
1113500 889.7
1113510 893.0
1113520 893.0
1113530 897.3
1113540 902.6
1113550 902.6
1113560 908.6
1113570 913.1
1113580 913.1
1113590 913.9
1113600 913.3
1113610 913.3
1113620 913.4
1113630 915.3
1113640 917.0
1113650 917.0
1113660 917.5
1113670 922.1
1113680 922.7
1113690 929.6
1113700 935.0
1113710 935.0
1113720 941.3
1113730 948.1
1113740 948.1
1113750 953.8
1113760 962.0
1113770 962.0
1113780 966.5
1113790 968.9
1113800 968.9
1113810 971.0
1113820 973.8
1113830 973.8
1113840 976.4
1113850 979.2
1113860 979.2
1113870 982.1
1113880 984.3
1113890 984.3
1113900 986.1
1113910 988.4
1113920 988.4
1113930 990.2
1113940 992.4
1113950 994.5
1113960 994.5
1113970 996.6
1113980 999.0
1113990 999.0
1114000 1000.9
1114010 1002.3
1114020 1002.3
1114030 1003.3
1114040 1004.6
1114050 1004.6
1114060 1005.6
1114070 1008.0
1114080 1008.0
1114090 1010.8
1114100 1013.7
1114110 1013.7
1114120 1016.8
1114130 1020.3
1114140 1020.3
1114150 1023.4
1114160 1026.3
1114170 1026.3
1114180 1029.4
1114190 1032.4
1114200 1032.4
1114210 1034.9
1114220 1036.9
1114230 1036.9
1114240 1039.4
1114250 1042.5
1114260 1042.5
1114270 1044.8
1114280 1046.3
1114290 1047.6
1114300 1047.6
1114310 1049.4
1114320 1051.8
1114330 1051.8
1114340 1054.1
1114350 1056.9
1114360 1056.9
1114370 1056.9
1114380 1058.9
1114390 1058.9
1114400 1062.6
1114410 1067.0
1114420 1067.0
1114430 1070.4
1114440 1074.6
1114450 1074.6
1114460 1080.5
1114470 1086.1
1114480 1086.1
1114490 1090.3
1114500 1093.5
1114510 1093.5
1114520 1097.2
1114530 1099.9
1114540 1099.9
1114550 1101.2
1114560 1101.9
1114570 1101.9
1114580 1102.6
1114590 1103.7
1114600 1103.7
1114610 1105.0
1114620 1107.7
1114630 1110.6
1114640 1110.6
1114650 1113.4
1114660 1116.8
1114670 1116.8
1114680 1117.8
1114690 1119.6
1114700 1119.6
1114710 1121.4
1114720 1124.4
1114730 1124.4
1114740 1128.9
1114750 1133.4
1114760 1133.4
1114770 1137.0
1114780 1140.2
1114790 1140.2
1114800 1143.2
1114810 1145.3
1114820 1145.3
1114830 1148.5
1114840 1150.3
1114850 1150.3
1114860 1152.0
1114870 1154.3
1114880 1154.3
1114890 1157.2
1114900 1159.4
1114910 1159.4
1114920 1162.6
1114930 1166.1
1114940 1166.1
1114950 1168.7
1114960 1171.2
1114970 1173.5
1114980 1173.5
1114990 1175.4
1115000 1177.2
1115010 1177.2
1115020 1179.2
1115030 1180.9
1115040 1180.9
1115050 1182.5
1115060 1186.2
1115070 1186.2
1115080 1187.6
1115090 1188.9
1115100 1188.9
1115110 1190.2
1115120 1191.7
1115130 1191.7
1115140 1193.5
1115150 1195.6
1115160 1195.6
1115170 1198.3
1115180 1201.8
1115190 1201.8
1115200 1203.9
1115210 1205.8
1115220 1205.8
1115230 1208.0
1115240 1210.2
1115250 1210.2
1115260 1212.2
1115270 1214.3
1115280 1214.3
1115290 1216.5
1115300 1217.5
1115310 1218.2
1115320 1218.2
1115330 1218.7
1115340 1219.3
1115350 1219.3
1115360 1219.4
1115370 1221.0
1115380 1221.0
1115390 1223.4
1115400 1225.5
1115410 1227.7
1115420 1228.9
1115430 1233.0
1115440 1233.0
1115450 1240.1
1115460 1245.7
1115470 1245.7
1115480 1251.4
1115490 1254.6
1115500 1254.6
1115510 1257.2
1115520 1259.6
1115530 1259.6
1115540 1261.6
1115550 1263.8
1115560 1263.8
1115570 1265.9
1115580 1268.0
1115590 1268.0
1115600 1269.2
1115610 1272.5
1115620 1272.5
1115630 1277.3
1115640 1281.3
1115650 1284.6
1115660 1284.6
1115670 1288.2
1115680 1291.7
1115690 1291.7
1115700 1296.1
1115710 1301.6
1115720 1301.6
1115730 1304.9
1115740 1304.8
1115750 1313.4
1115760 1315.2
1115770 1320.4
1115780 1320.4
1115790 1326.9
1115800 1332.8
1115810 1332.8
1115820 1336.8
1115830 1339.8
1115840 1339.8
1115850 1343.5
1115860 1346.6
1115870 1346.6
1115880 1350.4
1115890 1352.1
1115900 1352.1
1115910 1352.4
1115920 1351.5
1115930 1351.5
1115940 1348.2
1115950 1342.6
1115960 1342.6
1115970 1336.6
1115980 1331.7
1115990 1326.8
1116000 1326.8
1116010 1322.1
1116020 1318.5
1116030 1318.5
1116040 1315.8
1116050 1312.3
1116060 1312.3
1116070 1310.5
1116080 1308.8
1116090 1308.8
1116100 1296.5
1116110 1295.0
1116120 1295.0
1116130 1294.9
1116140 1294.9
1116150 1294.9
1116160 1296.9
1116170 1298.4
1116180 1298.4
1116190 1301.5
1116200 1303.1
1116210 1303.1
1116220 1303.0
1116230 1301.8
1116240 1301.8
1116250 1301.7
1116260 1302.5
1116270 1302.5
1116280 1303.3
1116290 1304.7
1116300 1304.7
1116310 1306.3
1116320 1307.0
1116330 1308.8
1116340 1308.8
1116350 1311.2
1116360 1312.9
1116370 1312.9
1116380 1314.1
1116390 1314.6
1116400 1314.6
1116410 1314.4
1116420 1314.4
1116430 1314.4
1116440 1314.8
1116450 1311.3
1116460 1311.3
1116470 1312.1
1116480 1312.4
1116490 1312.4
1116500 1312.5
1116510 1313.0
1116520 1313.0
1116530 1312.9
1116540 1313.3
1116550 1313.3
1116560 1313.9
1116570 1313.2
1116580 1313.2
1116590 1312.2
1116600 1311.8
1116610 1311.8
1116620 1309.4
1116630 1305.9
1116640 1305.9
1116650 1300.9
1116660 1303.8
1116670 1307.3
1116680 1307.3
1116690 1310.4
1116700 1313.3
1116710 1313.3
1116720 1315.8
1116730 1317.9
1116740 1317.9
1116750 1320.0
1116760 1320.6
1116770 1320.6
1116780 1316.9
1116790 1305.2
1116800 1305.2
1116810 1304.4
1116820 1303.9
1116830 1303.9
1116840 1303.1
1116850 1300.7
1116860 1300.7
1116870 1298.5
1116880 1297.3
1116890 1297.3
1116900 1296.3
1116910 1295.9
1116920 1295.9
1116930 1296.0
1116940 1295.1
1116950 1295.1
1116960 1293.7
1116970 1292.0
1116980 1292.0
1116990 1291.6
1117000 1291.2
1117010 1291.7
1117020 1291.7
1117030 1291.5
1117040 1291.4
1117050 1291.4
1117060 1291.3
1117070 1290.8
1117080 1290.8
1117090 1289.6
1117100 1287.5
1117110 1287.5
1117120 1286.3
1117130 1285.8
1117140 1278.3
1117150 1277.9
1117160 1278.2
1117170 1278.2
1117180 1278.3
1117190 1278.4
1117200 1278.4
1117210 1277.3
1117220 1274.4
1117230 1274.4
1117240 1270.5
1117250 1269.2
1117260 1269.2
1117270 1268.5
1117280 1267.6
1117290 1267.6
1117300 1268.3
1117310 1269.8
1117320 1269.8
1117330 1270.3
1117340 1271.2
1117350 1272.5
1117360 1272.5
1117370 1273.8
1117380 1274.7
1117390 1274.7
1117400 1275.4
1117410 1275.8
1117420 1275.8
1117430 1276.0
1117440 1276.3
1117450 1276.3
1117460 1276.9
1117470 1276.8
1117480 1276.8
1117490 1268.5
1117500 1265.6
1117510 1265.6
1117520 1263.7
1117530 1261.7
1117540 1261.7
1117550 1260.0
1117560 1254.4
1117570 1254.4
1117580 1245.3
1117590 1239.7
1117600 1239.7
1117610 1232.9
1117620 1224.9
1117630 1224.9
1117640 1217.6
1117650 1210.7
1117660 1210.7
1117670 1203.3
1117680 1192.4
1117690 1185.5
1117700 1185.5
1117710 1180.9
1117720 1175.5
1117730 1175.5
1117740 1171.4
1117750 1168.4
1117760 1168.4
1117770 1165.8
1117780 1162.6
1117790 1162.6
1117800 1160.4
1117810 1158.3
1117820 1158.3
1117830 1155.9
1117840 1149.1
1117850 1149.1
1117860 1146.8
1117870 1146.7
1117880 1146.7
1117890 1147.7
1117900 1148.1
1117910 1148.1
1117920 1149.3
1117930 1150.2
1117940 1150.2
1117950 1150.9
1117960 1152.0
1117970 1152.0
1117980 1154.4
1117990 1157.0
1118000 1157.0
1118010 1159.5
1118020 1160.9
1118030 1161.6
1118040 1161.6
1118050 1163.8
1118060 1166.4
1118070 1166.4
1118080 1168.3
1118090 1168.8
1118100 1168.8
1118110 1169.9
1118120 1173.3
1118130 1173.3
1118140 1178.0
1118150 1183.5
1118160 1183.5
1118170 1189.5
1118180 1195.6
1118190 1193.5
1118200 1199.5
1118210 1205.5
1118220 1205.5
1118230 1210.2
1118240 1213.6
1118250 1213.6
1118260 1214.4
1118270 1214.0
1118280 1214.0
1118290 1213.7
1118300 1213.3
1118310 1213.3
1118320 1212.7
1118330 1210.9
1118340 1210.9
1118350 1210.7
1118360 1211.4
1118370 1212.1
1118380 1212.1
1118390 1212.5
1118400 1212.8
1118410 1212.8
1118420 1212.5
1118430 1212.1
1118440 1212.1
1118450 1212.0
1118460 1212.0
1118470 1212.0
1118480 1211.3
1118490 1211.4
1118500 1211.4
1118510 1211.9
1118520 1211.9
1118530 1211.9
1118540 1206.7
1118550 1206.6
1118560 1206.6
1118570 1207.0
1118580 1207.0
1118590 1207.0
1118600 1206.4
1118610 1206.4
1118620 1206.4
1118630 1205.7
1118640 1202.2
1118650 1202.2
1118660 1199.4
1118670 1196.6
1118680 1196.6
1118690 1194.3
1118700 1192.0
1118710 1188.5
1118720 1188.5
1118730 1185.2
1118740 1181.3
1118750 1181.3
1118760 1179.5
1118770 1175.8
1118780 1175.8
1118790 1173.9
1118800 1172.4
1118810 1172.4
1118820 1171.3
1118830 1169.2
1118840 1169.2
1118850 1167.8
1118860 1166.7
1118870 1166.7
1118880 1165.9
1118890 1157.2
1118900 1157.2
1118910 1158.0
1118920 1156.2
1118930 1156.2
1118940 1153.9
1118950 1151.6
1118960 1151.6
1118970 1149.4
1118980 1149.7
1118990 1149.7
1119000 1151.5
1119010 1153.6
1119020 1153.6
1119030 1154.3
1119040 1155.5
1119050 1155.4
1119060 1155.4
1119070 1155.4
1119080 1158.3
1119090 1158.3
1119100 1159.7
1119110 1160.2
1119120 1160.2
1119130 1162.3
1119140 1165.1
1119150 1165.1
1119160 1167.8
1119170 1169.1
1119180 1169.1
1119190 1168.5
1119200 1168.7
1119210 1168.7
1119220 1166.2
1119230 1163.0
1119240 1158.4
1119250 1156.2
1119260 1152.9
1119270 1152.9
1119280 1150.2
1119290 1150.4
1119300 1150.4
1119310 1150.2
1119320 1151.1
1119330 1151.1
1119340 1150.9
1119350 1150.5
1119360 1150.5
1119370 1149.5
1119380 1148.3
1119390 1146.3
1119400 1146.3
1119410 1141.2
1119420 1142.5
1119430 1142.5
1119440 1147.5
1119450 1150.1
1119460 1150.1
1119470 1151.4
1119480 1152.3
1119490 1152.3
1119500 1151.9
1119510 1150.7
1119520 1150.7
1119530 1152.0
1119540 1152.1
1119550 1152.1
1119560 1150.9
1119570 1148.9
1119580 1148.9
1119590 1140.6
1119600 1139.7
1119610 1139.7
1119620 1139.9
1119630 1138.8
1119640 1138.8
1119650 1137.8
1119660 1137.4
1119670 1137.4
1119680 1137.1
1119690 1135.5
1119700 1133.6
1119710 1133.6
1119720 1133.8
1119730 1135.7
1119740 1135.7
1119750 1136.2
1119760 1135.6
1119770 1135.6
1119780 1134.2
1119790 1134.0
1119800 1134.0
1119810 1134.7
1119820 1134.7
1119830 1134.7
1119840 1132.9
1119850 1131.4
1119860 1131.4
1119870 1129.5
1119880 1128.5
1119890 1128.5
1119900 1127.5
1119910 1126.0
1119920 1126.0
1119930 1124.7
1119940 1117.0
1119950 1117.0
1119960 1116.1
1119970 1114.3
1119980 1114.3
1119990 1113.9
