1100000 496.9
1100010 494.5
1100020 494.5
1100030 492.1
1100040 489.3
1100050 489.3
1100060 485.5
1100070 484.4
1100080 484.4
1100090 484.2
1100100 484.2
1100110 484.2
1100120 484.2
1100130 484.3
1100140 484.2
1100150 484.4
1100160 484.9
1100170 484.9
1100180 485.7
1100190 486.0
1100200 486.0
1100210 486.0
1100220 485.8
1100230 485.4
1100240 485.4
1100250 485.0
1100260 486.1
1100270 486.1
1100280 489.3
1100290 490.5
1100300 490.5
1100310 492.4
1100320 494.9
1100330 494.9
1100340 497.3
1100350 500.0
1100360 500.0
1100370 502.9
1100380 505.8
1100390 505.8
1100400 509.1
1100410 512.2
1100420 512.2
1100430 513.8
1100440 515.5
1100450 515.5
1100460 516.4
1100470 516.9
1100480 516.9
1100490 519.5
1100500 523.7
1100510 523.7
1100520 530.3
1100530 537.4
1100540 547.2
1100550 547.2
1100560 557.1
1100570 563.4
1100580 563.4
1100590 564.5
1100600 564.4
1100610 564.4
1100620 564.1
1100630 564.0
1100640 564.0
1100650 563.0
1100660 565.4
1100670 565.4
1100680 567.0
1100690 567.3
1100700 567.3
1100710 567.1
1100720 566.7
1100730 566.7
1100740 567.7
1100750 571.9
1100760 571.9
1100770 573.5
1100780 575.7
1100790 575.7
1100800 578.5
1100810 577.8
1100820 577.8
1100830 579.6
1100840 580.5
1100850 580.5
1100860 580.2
1100870 580.1
1100880 582.2
1100890 582.2
1100900 587.2
1100910 594.8
1100920 594.8
1100930 598.8
1100940 601.0
1100950 601.0
1100960 603.2
1100970 604.9
1100980 604.9
1100990 607.3
1101000 609.7
1101010 609.7
1101020 611.8
1101030 613.5
1101040 613.5
1101050 615.2
1101060 617.2
1101070 617.2
1101080 619.2
1101090 621.2
1101100 621.2
1101110 622.6
1101120 623.9
1101130 623.9
1101140 626.2
1101150 628.7
1101160 628.7
1101170 630.4
1101180 632.2
1101190 632.2
1101200 634.3
1101210 636.0
1101220 637.1
1101230 637.1
1101240 638.5
1101250 640.2
1101260 640.2
1101270 641.6
1101280 642.7
1101290 642.7
1101300 643.6
1101310 644.5
1101320 644.5
1101330 645.8
1101340 646.7
1101350 646.7
1101360 647.3
1101370 647.4
1101380 647.4
1101390 647.8
1101400 648.5
1101410 648.5
1101420 648.7
1101430 648.4
1101440 648.4
1101450 647.7
1101460 647.9
1101470 647.1
1101480 647.9
1101490 648.8
1101500 648.8
1101510 650.0
1101520 651.1
1101530 651.1
1101540 652.1
1101550 653.2
1101560 654.4
1101570 654.4
1101580 655.5
1101590 656.5
1101600 656.5
1101610 657.4
1101620 657.6
1101630 657.6
1101640 655.8
1101650 652.4
1101660 652.4
1101670 650.0
1101680 643.9
1101690 643.9
1101700 637.5
1101710 635.1
1101720 635.1
1101730 639.1
1101740 644.7
1101750 644.7
1101760 650.0
1101770 654.9
1101780 654.9
1101790 659.7
1101800 661.7
1101810 661.5
1101820 662.3
1101830 663.0
1101840 663.0
1101850 663.8
1101860 664.8
1101870 664.8
1101880 665.5
1101890 666.3
1101900 667.4
1101910 667.4
1101920 668.4
1101930 669.1
1101940 669.1
1101950 669.8
1101960 670.5
1101970 670.5
1101980 671.0
1101990 671.3
1102000 671.3
1102010 671.5
1102020 671.5
1102030 671.5
1102040 671.6
1102050 671.3
1102060 671.3
1102070 670.8
1102080 669.6
1102090 669.6
1102100 665.3
1102110 659.4
1102120 659.4
1102130 654.3
1102140 648.8
1102150 648.8
1102160 642.5
1102170 635.6
1102180 635.6
1102190 628.0
1102200 619.1
1102210 619.1
1102220 612.6
1102230 619.7
1102240 629.8
1102250 629.8
1102260 631.8
1102270 630.2
1102280 630.2
1102290 625.6
1102300 629.9
1102310 629.9
1102320 639.8
1102330 647.7
1102340 647.7
1102350 652.6
1102360 658.0
1102370 658.0
1102380 661.9
1102390 665.5
1102400 665.5
1102410 667.9
1102420 670.1
1102430 670.1
1102440 671.3
1102450 672.4
1102460 672.4
1102470 675.1
1102480 675.9
1102490 675.9
1102500 676.5
1102510 677.1
1102520 677.1
1102530 678.2
1102540 679.2
1102550 679.2
1102560 680.4
1102570 681.7
1102580 683.8
1102590 683.8
1102600 686.6
1102610 688.3
1102620 688.3
1102630 689.2
1102640 689.9
1102650 689.9
1102660 690.2
1102670 690.4
1102680 690.4
1102690 690.6
1102700 690.7
1102710 690.7
1102720 690.8
1102730 690.9
1102740 690.9
1102750 690.5
1102760 690.2
1102770 690.2
1102780 690.7
1102790 691.3
1102800 691.3
1102810 686.4
1102820 684.0
1102830 684.0
1102840 682.5
1102850 681.2
1102860 681.2
1102870 680.4
1102880 679.7
1102890 679.7
1102900 678.3
1102910 676.1
1102920 674.2
1102930 674.2
1102940 672.9
1102950 671.7
1102960 671.7
1102970 670.7
1102980 668.6
1102990 668.6
1103000 666.6
1103010 665.4
1103020 665.4
1103030 660.1
1103040 654.4
1103050 654.4
1103060 651.8
1103070 651.8
1103080 651.8
1103090 656.6
1103100 662.5
1103110 662.5
1103120 669.3
1103130 675.8
1103140 673.3
1103150 679.9
1103160 684.8
1103170 684.8
1103180 687.0
1103190 687.9
1103200 687.9
1103210 692.0
1103220 694.1
1103230 694.1
1103240 694.6
1103250 694.7
1103260 694.7
1103270 694.7
1103280 694.7
1103290 694.8
1103300 694.8
1103310 694.8
1103320 694.9
1103330 694.9
1103340 694.9
1103350 695.0
1103360 695.0
1103370 695.0
1103380 695.5
1103390 695.5
1103400 697.1
1103410 697.6
1103420 697.6
1103430 698.2
1103440 698.6
1103450 698.6
1103460 698.9
1103470 699.2
1103480 698.8
1103490 699.4
1103500 699.5
1103510 699.5
1103520 699.8
1103530 698.9
1103540 698.9
1103550 693.7
1103560 696.8
1103570 696.8
1103580 700.7
1103590 704.1
1103600 706.8
1103610 706.8
1103620 709.3
1103630 710.4
1103640 710.4
1103650 710.9
1103660 711.0
1103670 711.0
1103680 710.2
1103690 709.7
1103700 709.7
1103710 711.1
1103720 712.9
1103730 712.9
1103740 714.7
1103750 716.3
1103760 716.3
1103770 717.4
1103780 717.7
1103790 717.7
1103800 716.3
1103810 714.1
1103820 714.1
1103830 719.4
1103840 722.2
1103850 722.2
1103860 724.2
1103870 725.8
1103880 725.8
1103890 726.6
1103900 727.5
1103910 727.5
1103920 729.0
1103930 731.0
1103940 733.4
1103950 733.4
1103960 735.7
1103970 736.0
1103980 736.0
1103990 730.1
1104000 726.1
1104010 726.1
1104020 719.2
1104030 714.4
1104040 714.4
1104050 716.9
1104060 728.3
1104070 728.3
1104080 738.0
1104090 745.1
1104100 745.1
1104110 750.1
1104120 754.9
1104130 754.9
1104140 758.2
1104150 759.0
1104160 759.0
1104170 760.1
1104180 761.2
1104190 761.2
1104200 762.7
1104210 764.4
1104220 764.4
1104230 766.1
1104240 767.9
1104250 767.9
1104260 770.4
1104270 772.2
1104280 774.1
1104290 774.1
1104300 776.0
1104310 778.0
1104320 778.0
1104330 780.0
1104340 781.6
1104350 781.6
1104360 782.0
1104370 781.0
1104380 781.0
1104390 778.7
1104400 776.5
1104410 776.5
1104420 774.6
1104430 771.8
1104440 771.8
1104450 767.9
1104460 769.6
1104470 769.6
1104480 778.3
1104490 784.5
1104500 784.5
1104510 793.5
1104520 801.5
1104530 801.5
1104540 809.7
1104550 816.7
1104560 816.7
1104570 821.7
1104580 825.4
1104590 825.4
1104600 828.9
1104610 831.5
1104620 833.5
1104630 833.5
1104640 835.1
1104650 836.4
1104660 836.4
1104670 836.8
1104680 838.0
1104690 838.0
1104700 840.1
1104710 844.3
1104720 844.3
1104730 848.0
1104740 850.6
1104750 850.6
1104760 852.5
1104770 854.1
1104780 854.1
1104790 854.8
1104800 855.7
1104810 855.7
1104820 855.8
1104830 857.5
1104840 857.5
1104850 859.1
1104860 860.4
1104870 860.4
1104880 861.5
1104890 862.2
1104900 862.2
1104910 862.0
1104920 862.8
1104930 862.8
1104940 862.2
1104950 859.4
1104960 858.0
1104970 858.0
1104980 860.2
1104990 867.6
1105000 867.6
1105010 874.3
1105020 875.4
1105030 875.4
1105040 877.5
1105050 880.9
1105060 880.9
1105070 884.6
1105080 888.4
1105090 888.4
1105100 893.2
1105110 898.5
1105120 898.5
1105130 902.6
1105140 905.2
1105150 905.2
1105160 907.1
1105170 909.1
1105180 909.1
1105190 911.3
1105200 913.5
1105210 913.5
1105220 915.9
1105230 918.0
1105240 918.0
1105250 920.1
1105260 922.2
1105270 922.2
1105280 924.3
1105290 925.6
1105300 926.1
1105310 926.1
1105320 926.5
1105330 926.2
1105340 926.2
1105350 925.4
1105360 924.5
1105370 924.5
1105380 924.5
1105390 924.8
1105400 924.8
1105410 925.7
1105420 926.7
1105430 926.7
1105440 927.2
1105450 926.1
1105460 926.1
1105470 923.9
1105480 922.2
1105490 922.2
1105500 917.4
1105510 917.1
1105520 917.1
1105530 916.4
1105540 915.4
1105550 915.4
1105560 914.6
1105570 914.0
1105580 914.0
1105590 914.2
1105600 913.1
1105610 913.1
1105620 911.0
1105630 910.4
1105640 910.9
1105650 910.9
1105660 910.3
1105670 910.3
1105680 910.3
1105690 912.7
1105700 914.6
1105710 914.6
1105720 915.6
1105730 916.4
1105740 916.4
1105750 916.8
1105760 916.8
1105770 916.8
1105780 916.5
1105790 915.1
1105800 915.1
1105810 912.6
1105820 910.6
1105830 904.5
1105840 903.2
1105850 899.2
1105860 899.2
1105870 893.9
1105880 892.5
1105890 892.5
1105900 891.4
1105910 892.5
1105920 892.5
1105930 894.0
1105940 892.7
1105950 892.7
1105960 889.9
1105970 886.9
1105980 884.7
1105990 884.7
1106000 882.7
1106010 880.8
1106020 880.8
1106030 876.7
1106040 875.8
1106050 875.8
1106060 875.1
1106070 873.0
1106080 873.0
1106090 870.0
1106100 867.1
1106110 867.1
1106120 865.0
1106130 863.4
1106140 863.4
1106150 862.6
1106160 863.3
1106170 858.7
1106180 857.5
1106190 856.5
1106200 856.5
1106210 855.5
1106220 854.5
1106230 854.5
1106240 853.4
1106250 852.4
1106260 852.4
1106270 853.2
1106280 854.1
1106290 854.1
1106300 854.5
1106310 854.5
1106320 854.1
1106330 854.1
1106340 853.9
1106350 853.5
1106360 853.5
1106370 853.0
1106380 853.0
1106390 853.0
1106400 853.6
1106410 855.1
1106420 855.1
1106430 857.4
1106440 859.1
1106450 859.1
1106460 860.2
1106470 860.5
1106480 860.5
1106490 860.7
1106500 861.6
1106510 859.4
1106520 860.7
1106530 862.6
1106540 862.6
1106550 864.5
1106560 866.7
1106570 866.7
1106580 869.4
1106590 871.6
1106600 871.6
1106610 873.3
1106620 874.7
1106630 874.7
1106640 875.5
1106650 876.1
1106660 877.0
1106670 877.0
1106680 877.9
1106690 878.4
1106700 878.4
1106710 878.4
1106720 878.4
1106730 878.4
1106740 877.6
1106750 876.5
1106760 876.5
1106770 875.3
1106780 874.1
1106790 874.1
1106800 872.9
1106810 871.8
1106820 871.8
1106830 870.9
1106840 870.1
1106850 867.9
1106860 866.3
1106870 865.2
1106880 865.2
1106890 864.4
1106900 863.3
1106910 863.3
1106920 861.5
1106930 859.8
1106940 859.8
1106950 858.5
1106960 857.3
1106970 857.3
1106980 858.1
1106990 857.7
1107000 857.3
1107010 857.3
1107020 858.3
1107030 859.5
1107040 859.5
1107050 861.4
1107060 862.7
1107070 862.7
1107080 863.5
1107090 864.3
1107100 864.3
1107110 865.2
1107120 866.7
1107130 866.7
1107140 868.2
1107150 868.6
1107160 868.6
1107170 868.7
1107180 868.5
1107190 864.6
1107200 864.2
1107210 863.8
1107220 863.8
1107230 863.7
1107240 863.7
1107250 863.7
1107260 861.5
1107270 858.2
1107280 858.2
1107290 856.1
1107300 856.8
1107310 856.8
1107320 857.5
1107330 856.2
1107340 855.3
1107350 855.3
1107360 855.1
1107370 856.0
1107380 856.0
1107390 860.3
1107400 864.0
1107410 864.0
1107420 864.1
1107430 863.7
1107440 863.7
1107450 863.6
1107460 863.6
1107470 863.6
1107480 864.8
1107490 865.4
1107500 865.4
1107510 864.5
1107520 858.5
1107530 858.5
1107540 858.0
1107550 857.8
1107560 857.8
1107570 857.3
1107580 855.9
1107590 855.9
1107600 855.0
1107610 854.4
1107620 854.4
1107630 852.8
1107640 850.6
1107650 850.6
1107660 848.8
1107670 847.4
1107680 845.3
1107690 845.3
1107700 844.0
1107710 842.7
1107720 842.7
1107730 840.7
1107740 839.8
1107750 839.8
1107760 839.1
1107770 838.3
1107780 838.3
1107790 837.4
1107800 836.3
1107810 836.3
1107820 835.1
1107830 833.9
1107840 833.9
1107850 832.3
1107860 828.3
1107870 828.3
1107880 827.0
1107890 825.6
1107900 825.6
1107910 823.8
1107920 821.6
1107930 821.6
1107940 819.4
1107950 817.7
1107960 817.7
1107970 816.1
1107980 814.6
1107990 814.6
1108000 813.3
1108010 812.0
1108020 810.8
1108030 810.8
1108040 809.1
1108050 808.2
1108060 808.2
1108070 807.5
1108080 806.5
1108090 806.5
1108100 804.7
1108110 801.4
1108120 801.4
1108130 798.1
1108140 795.5
1108150 795.5
1108160 794.4
1108170 794.3
1108180 794.3
1108190 794.0
1108200 793.5
1108210 793.5
1108220 792.2
1108230 790.9
1108240 790.9
1108250 790.2
1108260 789.4
1108270 789.4
1108280 788.6
1108290 787.4
1108300 787.4
1108310 786.3
1108320 785.8
1108330 785.8
1108340 785.1
1108350 784.3
1108360 783.7
1108370 783.7
1108380 783.3
1108390 782.9
1108400 782.9
1108410 783.0
1108420 783.8
1108430 783.8
1108440 784.4
1108450 785.8
1108460 785.8
1108470 787.9
1108480 791.0
1108490 791.0
1108500 792.9
1108510 797.0
1108520 797.0
1108530 798.2
1108540 796.1
1108550 796.1
1108560 796.0
1108570 795.5
1108580 795.5
1108590 793.8
1108600 791.9
1108610 791.9
1108620 789.1
1108630 787.7
1108640 787.7
1108650 787.4
1108660 786.9
1108670 786.9
1108680 786.9
1108690 787.2
1108700 788.6
1108710 788.6
1108720 788.1
1108730 787.9
1108740 787.9
1108750 788.1
1108760 788.3
1108770 788.3
1108780 788.3
1108790 788.5
1108800 788.5
1108810 788.6
1108820 788.7
1108830 788.7
1108840 788.7
1108850 788.8
1108860 788.8
1108870 789.0
1108880 789.1
1108890 789.1
1108900 789.2
1108910 789.3
1108920 789.3
1108930 789.4
1108940 789.5
1108950 789.5
1108960 789.6
1108970 789.7
1108980 789.7
1108990 790.2
1109000 790.1
1109010 790.1
1109020 790.0
1109030 790.1
1109040 790.1
1109050 790.1
1109060 788.7
1109070 784.5
1109080 784.5
1109090 779.2
1109100 774.4
1109110 774.4
1109120 769.2
1109130 765.0
1109140 765.0
1109150 761.1
1109160 758.1
1109170 758.1
1109180 756.2
1109190 755.2
1109200 755.2
1109210 754.8
1109220 756.1
1109230 756.1
1109240 755.5
1109250 755.1
1109260 755.1
1109270 754.9
1109280 754.9
1109290 754.9
1109300 755.1
1109310 755.0
1109320 755.0
1109330 755.2
1109340 755.3
1109350 755.3
1109360 755.4
1109370 755.4
1109380 755.4
1109390 755.4
1109400 755.3
1109410 755.3
1109420 755.3
1109430 755.7
1109440 756.2
1109450 756.2
1109460 757.6
1109470 758.9
1109480 758.9
1109490 761.7
1109500 765.2
1109510 765.2
1109520 768.4
1109530 772.2
1109540 772.2
1109550 776.5
1109560 787.7
1109570 787.7
1109580 792.2
1109590 792.0
1109600 792.0
1109610 790.1
1109620 789.5
1109630 789.5
1109640 789.8
1109650 790.5
1109660 790.5
1109670 790.8
1109680 789.8
1109690 789.8
1109700 787.6
1109710 786.1
1109720 785.9
1109730 785.9
1109740 786.7
1109750 786.9
1109760 786.9
1109770 786.4
1109780 785.8
1109790 785.8
1109800 782.3
1109810 777.5
1109820 777.5
1109830 781.6
1109840 786.3
1109850 786.3
1109860 786.8
1109870 788.2
1109880 788.2
1109890 792.4
1109900 795.6
1109910 795.6
1109920 796.7
1109930 797.0
1109940 797.0
1109950 797.1
1109960 797.2
1109970 797.2
1109980 797.4
1109990 797.5
1110000 797.5
1110010 797.6
1110020 797.8
1110030 797.8
1110040 797.8
1110050 798.1
1110060 798.6
1110070 798.6
1110080 799.1
1110090 799.5
1110100 799.5
1110110 799.8
1110120 800.2
1110130 800.2
1110140 800.2
1110150 800.4
1110160 800.4
1110170 800.5
1110180 800.7
1110190 800.7
1110200 800.8
1110210 801.1
1110220 801.1
1110230 801.2
1110240 801.3
1110250 801.3
1110260 801.4
1110270 801.5
1110280 801.5
1110290 801.8
1110300 802.0
1110310 802.0
1110320 802.5
1110330 802.8
1110340 802.8
1110350 802.6
1110360 802.7
1110370 802.7
1110380 802.9
1110390 803.1
1110400 803.4
1110410 803.4
1110420 803.5
1110430 803.5
1110440 803.5
1110450 803.8
1110460 803.9
1110470 803.9
1110480 804.0
1110490 804.2
1110500 804.2
1110510 804.4
1110520 804.5
1110530 804.5
1110540 804.6
1110550 804.8
1110560 804.8
1110570 804.9
1110580 805.1
1110590 805.0
1110600 805.1
1110610 805.3
1110620 805.3
1110630 805.4
1110640 805.5
1110650 805.5
1110660 805.6
1110670 805.9
1110680 805.9
1110690 806.2
1110700 806.4
1110710 806.4
1110720 806.5
1110730 806.7
1110740 806.8
1110750 806.8
1110760 807.0
1110770 807.1
1110780 807.1
1110790 807.1
1110800 806.9
1110810 806.9
1110820 805.3
1110830 799.2
1110840 799.2
1110850 793.7
1110860 791.3
1110870 791.3
1110880 792.8
1110890 793.4
1110900 793.4
1110910 794.6
1110920 796.1
1110930 802.4
1110940 799.5
1110950 799.1
1110960 799.1
1110970 802.0
1110980 805.7
1110990 805.7
1111000 808.3
1111010 810.0
1111020 810.0
1111030 810.5
1111040 811.0
1111050 811.0
1111060 811.0
1111070 811.3
1111080 811.7
1111090 811.7
1111100 812.0
1111110 812.3
1111120 812.3
1111130 812.7
1111140 813.0
1111150 813.0
1111160 813.1
1111170 813.2
1111180 813.2
1111190 813.2
1111200 813.1
1111210 813.1
1111220 813.2
1111230 813.5
1111240 813.5
1111250 813.8
1111260 814.0
1111270 814.2
1111280 814.5
1111290 814.6
1111300 814.6
1111310 814.8
1111320 814.9
1111330 814.9
1111340 815.0
1111350 815.2
1111360 815.2
1111370 815.6
1111380 816.2
1111390 816.2
1111400 816.9
1111410 817.8
1111420 818.6
1111430 818.6
1111440 819.7
1111450 821.1
1111460 821.1
1111470 822.8
1111480 821.5
1111490 821.5
1111500 814.7
1111510 808.0
1111520 808.0
1111530 801.6
1111540 796.3
1111550 796.3
1111560 792.0
1111570 789.4
1111580 789.4
1111590 788.9
1111600 788.2
1111610 791.0
1111620 790.0
1111630 789.6
1111640 789.6
1111650 789.3
1111660 788.6
1111670 788.6
1111680 787.8
1111690 787.0
1111700 787.0
1111710 786.2
1111720 785.9
1111730 785.9
1111740 786.1
1111750 785.4
1111760 784.8
1111770 784.8
1111780 785.2
1111790 785.5
1111800 785.5
1111810 785.8
1111820 785.4
1111830 785.4
1111840 785.7
1111850 786.1
1111860 786.1
1111870 786.0
1111880 785.0
1111890 785.0
1111900 784.3
1111910 784.2
1111920 784.2
1111930 784.3
1111940 783.3
1111950 784.5
1111960 784.1
1111970 782.4
1111980 782.4
1111990 781.6
1112000 782.1
1112010 782.1
1112020 783.2
1112030 784.4
1112040 784.4
1112050 784.7
1112060 784.8
1112070 784.8
1112080 784.8
1112090 784.8
1112100 785.0
1112110 785.0
1112120 785.2
1112130 785.5
1112140 785.5
1112150 786.1
1112160 789.0
1112170 789.0
1112180 792.0
1112190 793.1
1112200 793.1
1112210 793.7
1112220 794.0
1112230 794.0
1112240 794.2
1112250 794.2
1112260 794.2
1112270 793.7
1112280 792.7
1112290 792.7
1112300 792.0
1112310 789.2
1112320 789.2
1112330 784.9
1112340 785.0
1112350 785.0
1112360 786.3
1112370 788.1
1112380 788.1
1112390 788.7
1112400 788.8
1112410 788.8
1112420 788.9
1112430 789.2
1112440 789.4
1112450 789.4
1112460 789.4
1112470 789.5
1112480 789.5
1112490 789.8
1112500 789.8
1112510 789.8
1112520 789.9
1112530 790.1
1112540 790.1
1112550 790.2
1112560 790.5
1112570 790.5
1112580 790.6
1112590 790.7
1112600 790.7
1112610 790.8
1112620 791.1
1112630 791.1
1112640 791.0
1112650 791.2
1112660 791.2
1112670 791.5
1112680 791.8
1112690 791.8
1112700 792.1
1112710 792.3
1112720 792.3
1112730 792.4
1112740 792.6
1112750 792.6
1112760 792.5
1112770 790.2
1112780 789.3
1112790 789.3
1112800 790.6
1112810 792.4
1112820 792.4
1112830 793.3
1112840 793.9
1112850 793.9
1112860 794.5
1112870 795.0
1112880 795.0
1112890 795.3
1112900 796.0
1112910 796.0
1112920 796.1
1112930 796.0
1112940 796.0
1112950 797.3
1112960 800.6
1112970 800.6
1112980 810.0
1112990 815.2
1113000 815.2
1113010 822.6
1113020 827.1
1113030 827.1
1113040 831.0
1113050 833.3
1113060 833.3
1113070 836.2
1113080 838.8
1113090 838.8
1113100 844.3
1113110 848.1
1113120 853.4
1113130 853.4
1113140 856.6
1113150 858.4
1113160 858.4
1113170 860.4
1113180 862.1
1113190 862.1
1113200 864.2
1113210 867.7
1113220 867.7
1113230 871.1
1113240 876.0
1113250 876.0
1113260 880.6
1113270 885.0
1113280 885.0
1113290 889.3
1113300 894.9
1113310 894.9
1113320 898.4
1113330 906.6
1113340 906.6
1113350 911.0
1113360 917.1
1113370 917.1
1113380 918.0
1113390 918.7
1113400 918.7
1113410 919.5
1113420 920.0
1113430 920.0
1113440 920.6
1113450 921.6
1113460 923.1
1113470 923.1
1113480 924.6
1113490 926.0
1113500 926.0
1113510 927.1
1113520 928.3
1113530 928.3
1113540 929.2
1113550 930.4
1113560 930.4
1113570 931.4
1113580 931.4
1113590 931.4
1113600 931.3
1113610 931.8
1113620 931.8
1113630 932.9
1113640 933.9
1113650 933.9
1113660 934.8
1113670 937.0
1113680 937.0
1113690 938.0
1113700 939.1
1113710 939.1
1113720 940.5
1113730 942.1
1113740 942.1
1113750 944.1
1113760 946.0
1113770 946.0
1113780 948.1
1113790 949.8
1113800 951.3
1113810 951.3
1113820 951.9
1113830 949.6
1113840 949.6
1113850 947.8
1113860 948.7
1113870 948.7
1113880 953.7
1113890 956.5
1113900 956.5
1113910 959.8
1113920 961.5
1113930 961.5
1113940 962.3
1113950 964.2
1113960 964.2
1113970 966.4
1113980 969.0
1113990 969.0
1114000 971.9
1114010 974.5
1114020 978.2
1114030 979.9
1114040 981.4
1114050 981.4
1114060 982.3
1114070 981.8
1114080 981.8
1114090 983.6
1114100 986.3
1114110 986.3
1114120 988.4
1114130 989.4
1114140 993.3
1114150 993.3
1114160 997.2
1114170 1000.4
1114180 1000.4
1114190 1002.4
1114200 1004.1
1114210 1004.1
1114220 1005.9
1114230 1007.3
1114240 1007.3
1114250 1009.5
1114260 1012.6
1114270 1012.6
1114280 1016.0
1114290 1019.1
1114300 1019.1
1114310 1021.3
1114320 1023.2
1114330 1023.2
1114340 1024.8
1114350 1026.4
1114360 1028.8
1114370 1030.7
1114380 1032.3
1114390 1032.3
1114400 1034.4
1114410 1036.5
1114420 1036.5
1114430 1039.0
1114440 1044.7
1114450 1044.7
1114460 1047.7
1114470 1046.5
1114480 1044.9
1114490 1044.9
1114500 1048.3
1114510 1052.5
1114520 1052.5
1114530 1055.0
1114540 1056.9
1114550 1056.9
1114560 1058.9
1114570 1060.7
1114580 1060.7
1114590 1062.6
1114600 1064.0
1114610 1064.0
1114620 1065.3
1114630 1066.7
1114640 1066.7
1114650 1068.8
1114660 1070.6
1114670 1070.6
1114680 1072.4
1114690 1073.8
1114700 1073.8
1114710 1078.1
1114720 1079.4
1114730 1079.4
1114740 1081.1
1114750 1082.8
1114760 1082.8
1114770 1083.7
1114780 1084.5
1114790 1084.5
1114800 1085.8
1114810 1086.9
1114820 1088.0
1114830 1088.0
1114840 1089.1
1114850 1089.8
1114860 1089.8
1114870 1090.7
1114880 1093.0
1114890 1093.0
1114900 1094.7
1114910 1095.3
1114920 1095.3
1114930 1097.5
1114940 1100.2
1114950 1100.2
1114960 1102.9
1114970 1107.2
1114980 1107.2
1114990 1109.3
1115000 1111.2
1115010 1111.2
1115020 1113.2
1115030 1116.5
1115040 1116.5
1115050 1121.5
1115060 1124.4
1115070 1124.4
1115080 1127.5
1115090 1128.2
1115100 1128.2
1115110 1127.7
1115120 1127.2
1115130 1127.2
1115140 1128.4
1115150 1131.5
1115160 1135.1
1115170 1135.1
1115180 1137.6
1115190 1140.2
1115200 1140.2
1115210 1141.8
1115220 1144.4
1115230 1144.4
1115240 1146.1
1115250 1147.7
1115260 1147.7
1115270 1150.5
1115280 1154.0
1115290 1154.0
1115300 1156.0
1115310 1158.5
1115320 1158.5
1115330 1160.1
1115340 1161.3
1115350 1161.3
1115360 1161.3
1115370 1162.4
1115380 1162.4
1115390 1163.6
1115400 1166.6
1115410 1166.6
1115420 1168.0
1115430 1170.5
1115440 1170.5
1115450 1172.6
1115460 1173.8
1115470 1173.8
1115480 1175.4
1115490 1177.0
1115500 1178.3
1115510 1178.3
1115520 1179.1
1115530 1182.8
1115540 1182.8
1115550 1187.1
1115560 1188.6
1115570 1188.6
1115580 1189.3
1115590 1191.8
1115600 1191.8
1115610 1194.3
1115620 1195.9
1115630 1195.9
1115640 1198.9
1115650 1201.6
1115660 1201.6
1115670 1204.0
1115680 1205.5
1115690 1205.5
1115700 1209.7
1115710 1214.9
1115720 1214.9
1115730 1218.5
1115740 1221.5
1115750 1222.3
1115760 1225.4
1115770 1228.1
1115780 1228.1
1115790 1229.8
1115800 1232.0
1115810 1232.0
1115820 1234.5
1115830 1237.6
1115840 1241.3
1115850 1241.3
1115860 1244.3
1115870 1246.8
1115880 1246.8
1115890 1249.8
1115900 1252.9
1115910 1252.9
1115920 1252.8
1115930 1253.1
1115940 1253.1
1115950 1255.3
1115960 1262.4
1115970 1262.4
1115980 1270.3
1115990 1273.5
1116000 1273.5
1116010 1275.5
1116020 1278.0
1116030 1278.0
1116040 1280.4
1116050 1282.6
1116060 1282.6
1116070 1285.2
1116080 1288.3
1116090 1290.5
1116100 1293.4
1116110 1300.0
1116120 1300.0
1116130 1304.0
1116140 1306.4
1116150 1306.4
1116160 1309.7
1116170 1311.7
1116180 1313.4
1116190 1313.4
1116200 1316.7
1116210 1319.1
1116220 1319.1
1116230 1321.9
1116240 1324.0
1116250 1324.0
1116260 1326.1
1116270 1328.2
1116280 1328.2
1116290 1330.8
1116300 1332.9
1116310 1332.9
1116320 1334.6
1116330 1336.7
1116340 1336.7
1116350 1338.9
1116360 1341.1
1116370 1341.1
1116380 1343.8
1116390 1345.9
1116400 1345.9
1116410 1347.5
1116420 1349.5
1116430 1349.5
1116440 1353.3
1116450 1356.2
1116460 1356.2
1116470 1358.7
1116480 1361.0
1116490 1361.0
1116500 1364.3
1116510 1367.7
1116520 1371.5
1116530 1371.5
1116540 1377.8
1116550 1386.1
1116560 1386.1
1116570 1390.0
1116580 1392.7
1116590 1392.7
1116600 1394.9
1116610 1397.9
1116620 1397.9
1116630 1401.5
1116640 1407.6
1116650 1407.6
1116660 1412.3
1116670 1415.8
1116680 1415.8
1116690 1419.4
1116700 1421.9
1116710 1421.9
1116720 1423.9
1116730 1426.1
1116740 1426.1
1116750 1426.7
1116760 1427.2
1116770 1427.2
1116780 1428.0
1116790 1425.4
1116800 1425.4
1116810 1427.5
1116820 1429.8
1116830 1429.8
1116840 1431.3
1116850 1433.0
1116860 1434.8
1116870 1434.8
1116880 1435.6
1116890 1436.4
1116900 1436.4
1116910 1437.6
1116920 1439.1
1116930 1439.1
1116940 1440.4
1116950 1441.4
1116960 1441.4
1116970 1442.6
1116980 1443.7
1116990 1443.7
1117000 1443.8
1117010 1443.8
1117020 1443.8
1117030 1444.4
1117040 1445.2
1117050 1445.2
1117060 1445.3
1117070 1445.5
1117080 1445.5
1117090 1445.1
1117100 1445.8
1117110 1445.8
1117120 1446.7
1117130 1439.8
1117140 1439.8
1117150 1441.5
1117160 1443.9
1117170 1443.9
1117180 1444.8
1117190 1444.2
1117200 1444.3
1117210 1444.3
1117220 1444.2
1117230 1444.2
1117240 1444.2
1117250 1443.8
1117260 1443.3
1117270 1443.3
1117280 1443.2
1117290 1442.6
1117300 1442.6
1117310 1441.2
1117320 1439.5
1117330 1439.5
1117340 1438.4
1117350 1437.0
1117360 1437.0
1117370 1435.8
1117380 1434.2
1117390 1434.2
1117400 1432.2
1117410 1429.8
1117420 1429.8
1117430 1426.3
1117440 1421.7
1117450 1421.7
1117460 1415.3
1117470 1409.1
1117480 1412.3
1117490 1408.8
1117500 1403.4
1117510 1403.4
1117520 1400.1
1117530 1392.3
1117540 1384.6
1117550 1384.6
1117560 1381.1
1117570 1379.1
1117580 1379.1
1117590 1373.9
1117600 1360.3
1117610 1360.3
1117620 1349.8
1117630 1335.0
1117640 1335.0
1117650 1329.8
1117660 1318.6
1117670 1318.6
1117680 1311.9
1117690 1307.8
1117700 1307.8
1117710 1304.2
1117720 1301.9
1117730 1301.9
1117740 1298.0
1117750 1294.4
1117760 1294.4
1117770 1291.5
1117780 1288.6
1117790 1288.6
1117800 1285.9
1117810 1284.7
1117820 1284.7
1117830 1276.3
1117840 1275.8
1117850 1275.8
1117860 1278.3
1117870 1282.3
1117880 1284.6
1117890 1284.6
1117900 1285.6
1117910 1286.7
1117920 1286.7
1117930 1291.4
1117940 1294.2
1117950 1294.2
1117960 1298.7
1117970 1301.6
1117980 1301.6
1117990 1305.3
1118000 1310.4
1118010 1310.4
1118020 1314.5
1118030 1319.6
1118040 1319.6
1118050 1324.5
1118060 1327.1
1118070 1327.1
1118080 1326.9
1118090 1326.6
1118100 1326.6
1118110 1326.1
1118120 1325.8
1118130 1325.8
1118140 1326.0
1118150 1325.9
1118160 1325.9
1118170 1325.9
1118180 1322.6
1118190 1322.6
1118200 1322.6
1118210 1323.4
1118220 1324.1
1118230 1324.1
1118240 1324.5
1118250 1324.7
1118260 1324.7
1118270 1324.0
1118280 1322.4
1118290 1322.4
1118300 1320.9
1118310 1320.3
1118320 1320.3
1118330 1321.1
1118340 1323.5
1118350 1323.5
1118360 1324.0
1118370 1323.5
1118380 1323.5
1118390 1322.8
1118400 1324.1
1118410 1324.1
1118420 1323.6
1118430 1323.1
1118440 1323.1
1118450 1323.1
1118460 1324.1
1118470 1324.1
1118480 1323.9
1118490 1324.1
1118500 1324.1
1118510 1324.9
1118520 1327.4
1118530 1319.2
1118540 1319.2
1118550 1319.6
1118560 1319.5
1118570 1319.5
1118580 1319.7
1118590 1319.3
1118600 1319.3
1118610 1317.6
1118620 1318.2
1118630 1318.2
1118640 1319.3
1118650 1319.7
1118660 1319.7
1118670 1319.3
1118680 1318.1
1118690 1318.1
1118700 1317.2
1118710 1317.2
1118720 1317.2
1118730 1316.7
1118740 1315.8
1118750 1315.8
1118760 1314.6
1118770 1313.4
1118780 1313.4
1118790 1312.8
1118800 1312.6
1118810 1312.6
1118820 1312.6
1118830 1311.6
1118840 1311.6
1118850 1309.7
1118860 1308.3
1118870 1308.3
1118880 1303.9
1118890 1303.7
1118900 1302.2
1118910 1302.2
1118920 1301.4
1118930 1299.5
1118940 1299.5
1118950 1299.3
1118960 1300.2
1118970 1300.2
1118980 1299.8
1118990 1299.1
1119000 1299.1
1119010 1299.1
1119020 1299.1
1119030 1299.1
1119040 1299.5
1119050 1300.4
1119060 1300.4
1119070 1300.2
1119080 1299.6
1119090 1299.6
1119100 1298.8
1119110 1296.2
1119120 1296.2
1119130 1291.1
1119140 1286.3
1119150 1286.3
1119160 1279.3
1119170 1273.3
1119180 1273.3
1119190 1269.6
1119200 1266.4
1119210 1266.4
1119220 1264.0
1119230 1257.2
1119240 1254.7
1119250 1254.7
1119260 1250.7
1119270 1249.9
1119280 1249.9
1119290 1248.9
1119300 1247.6
1119310 1247.6
1119320 1246.6
1119330 1244.6
1119340 1244.6
1119350 1241.0
1119360 1236.7
1119370 1236.7
1119380 1233.6
1119390 1233.5
1119400 1233.5
1119410 1234.8
1119420 1235.9
1119430 1235.9
1119440 1237.2
1119450 1239.0
1119460 1239.0
1119470 1240.8
1119480 1241.2
1119490 1241.2
1119500 1241.7
1119510 1242.1
1119520 1242.1
1119530 1242.6
1119540 1244.3
1119550 1244.3
1119560 1246.3
1119570 1247.4
1119580 1244.6
1119590 1244.6
1119600 1244.6
1119610 1243.9
1119620 1243.9
1119630 1243.8
1119640 1243.6
1119650 1243.6
1119660 1243.1
1119670 1242.2
1119680 1242.2
1119690 1242.7
1119700 1243.2
1119710 1243.2
1119720 1243.3
1119730 1244.5
1119740 1244.5
1119750 1245.7
1119760 1244.9
1119770 1244.9
1119780 1244.4
1119790 1246.4
1119800 1246.4
1119810 1248.0
1119820 1248.3
1119830 1248.3
1119840 1247.9
1119850 1246.6
1119860 1246.6
1119870 1245.1
1119880 1244.8
1119890 1244.8
1119900 1244.9
1119910 1244.9
1119920 1245.0
1119930 1239.9
1119940 1238.8
1119950 1237.7
1119960 1237.7
1119970 1236.7
1119980 1236.3
1119990 1236.3
