1100000 664.8
1100010 664.8
1100020 665.1
1100030 665.7
1100040 665.7
1100050 666.4
1100060 667.1
1100070 667.1
1100080 668.0
1100090 669.1
1100100 669.1
1100110 670.2
1100120 671.1
1100130 671.1
1100140 671.7
1100150 672.2
1100160 672.2
1100170 675.7
1100180 675.2
1100190 675.2
1100200 674.7
1100210 674.2
1100220 674.2
1100230 673.9
1100240 673.8
1100250 673.8
1100260 673.8
1100270 674.0
1100280 674.2
1100290 674.2
1100300 674.6
1100310 675.2
1100320 675.2
1100330 675.9
1100340 676.4
1100350 676.4
1100360 676.8
1100370 677.4
1100380 677.4
1100390 678.3
1100400 679.2
1100410 679.2
1100420 681.3
1100430 684.0
1100440 684.0
1100450 685.9
1100460 687.0
1100470 687.0
1100480 687.8
1100490 688.9
1100500 692.7
1100510 695.0
1100520 696.9
1100530 696.9
1100540 698.4
1100550 699.7
1100560 699.7
1100570 700.7
1100580 701.5
1100590 702.0
1100600 702.0
1100610 702.2
1100620 702.3
1100630 702.3
1100640 702.7
1100650 703.2
1100660 703.2
1100670 703.4
1100680 702.8
1100690 702.8
1100700 703.7
1100710 704.8
1100720 704.8
1100730 706.3
1100740 707.2
1100750 707.2
1100760 708.9
1100770 710.4
1100780 710.4
1100790 711.5
1100800 712.1
1100810 712.1
1100820 712.4
1100830 713.0
1100840 717.5
1100850 718.1
1100860 718.7
1100870 718.7
1100880 719.4
1100890 720.1
1100900 720.1
1100910 720.6
1100920 720.7
1100930 720.7
1100940 720.5
1100950 720.1
1100960 719.9
1100970 719.9
1100980 719.8
1100990 719.8
1101000 719.8
1101010 719.8
1101020 720.0
1101030 720.0
1101040 720.3
1101050 720.7
1101060 720.7
1101070 721.0
1101080 720.9
1101090 720.9
1101100 720.7
1101110 720.4
1101120 720.4
1101130 720.2
1101140 720.0
1101150 720.0
1101160 719.7
1101170 722.3
1101180 722.3
1101190 721.5
1101200 722.2
1101210 722.2
1101220 723.9
1101230 725.0
1101240 725.0
1101250 726.1
1101260 728.2
1101270 728.2
1101280 729.7
1101290 731.1
1101300 732.4
1101310 732.4
1101320 733.6
1101330 734.4
1101340 734.4
1101350 734.9
1101360 734.7
1101370 734.7
1101380 733.8
1101390 732.0
1101400 732.0
1101410 728.6
1101420 724.6
1101430 724.6
1101440 721.2
1101450 719.1
1101460 719.1
1101470 717.3
1101480 716.1
1101490 716.1
1101500 717.1
1101510 717.0
1101520 717.0
1101530 717.7
1101540 718.6
1101550 718.6
1101560 719.4
1101570 720.3
1101580 720.3
1101590 721.1
1101600 722.1
1101610 722.1
1101620 723.1
1101630 723.3
1101640 722.5
1101650 722.5
1101660 720.8
1101670 719.1
1101680 719.1
1101690 717.7
1101700 716.0
1101710 716.0
1101720 713.7
1101730 711.2
1101740 711.2
1101750 708.9
1101760 706.5
1101770 706.5
1101780 704.1
1101790 701.5
1101800 701.5
1101810 698.8
1101820 696.0
1101830 696.0
1101840 693.7
1101850 693.6
1101860 693.6
1101870 694.8
1101880 697.1
1101890 697.1
1101900 699.7
1101910 697.5
1101920 697.5
1101930 697.5
1101940 697.9
1101950 697.9
1101960 700.8
1101970 702.9
1101980 704.5
1101990 704.5
1102000 706.6
1102010 708.8
1102020 708.8
1102030 711.0
1102040 713.4
1102050 713.4
1102060 716.1
1102070 719.2
1102080 719.2
1102090 721.9
1102100 724.4
1102110 724.4
1102120 726.9
1102130 729.1
1102140 729.1
1102150 731.1
1102160 732.9
1102170 735.9
1102180 736.7
1102190 736.8
1102200 736.8
1102210 736.5
1102220 735.7
1102230 735.7
1102240 735.5
1102250 736.1
1102260 736.1
1102270 736.7
1102280 737.3
1102290 737.3
1102300 737.6
1102310 737.8
1102320 737.8
1102330 737.9
1102340 737.8
1102350 737.6
1102360 737.6
1102370 737.4
1102380 738.0
1102390 738.0
1102400 739.3
1102410 741.4
1102420 741.4
1102430 743.2
1102440 745.0
1102450 745.0
1102460 746.1
1102470 746.0
1102480 746.0
1102490 745.7
1102500 746.2
1102510 749.1
1102520 750.6
1102530 752.5
1102540 752.5
1102550 755.1
1102560 757.4
1102570 757.4
1102580 760.2
1102590 763.0
1102600 763.0
1102610 765.3
1102620 766.4
1102630 766.4
1102640 766.6
1102650 768.1
1102660 768.1
1102670 770.6
1102680 773.0
1102690 775.9
1102700 775.9
1102710 778.8
1102720 781.6
1102730 781.6
1102740 784.3
1102750 786.7
1102760 786.7
1102770 788.9
1102780 790.8
1102790 790.8
1102800 791.7
1102810 791.7
1102820 791.7
1102830 790.6
1102840 790.0
1102850 790.0
1102860 790.5
1102870 793.1
1102880 793.1
1102890 796.3
1102900 799.5
1102910 799.5
1102920 803.0
1102930 805.3
1102940 805.3
1102950 806.8
1102960 807.9
1102970 807.9
1102980 808.8
1102990 810.0
1103000 810.0
1103010 811.2
1103020 812.1
1103030 812.8
1103040 812.8
1103050 813.5
1103060 814.2
1103070 814.2
1103080 815.2
1103090 817.2
1103100 817.2
1103110 820.0
1103120 822.2
1103130 822.2
1103140 824.2
1103150 826.2
1103160 826.2
1103170 828.1
1103180 830.7
1103190 830.7
1103200 832.9
1103210 835.3
1103220 835.3
1103230 837.6
1103240 839.9
1103250 839.9
1103260 841.8
1103270 843.7
1103280 843.7
1103290 845.0
1103300 845.5
1103310 845.5
1103320 845.1
1103330 844.7
1103340 844.7
1103350 844.7
1103360 844.0
1103370 844.8
1103380 844.8
1103390 846.5
1103400 847.1
1103410 847.1
1103420 848.7
1103430 850.3
1103440 850.3
1103450 851.5
1103460 853.0
1103470 853.0
1103480 854.4
1103490 855.8
1103500 855.8
1103510 859.5
1103520 861.0
1103530 861.0
1103540 862.5
1103550 863.9
1103560 863.9
1103570 865.1
1103580 866.1
1103590 866.1
1103600 867.2
1103610 868.2
1103620 868.2
1103630 870.0
1103640 872.6
1103650 872.6
1103660 875.2
1103670 877.4
1103680 877.4
1103690 879.2
1103700 880.6
1103710 882.2
1103720 882.2
1103730 883.7
1103740 884.9
1103750 884.9
1103760 886.5
1103770 888.0
1103780 888.0
1103790 889.4
1103800 890.5
1103810 890.5
1103820 891.5
1103830 892.4
1103840 892.4
1103850 892.3
1103860 892.3
1103870 892.3
1103880 892.0
1103890 891.4
1103900 891.4
1103910 891.6
1103920 891.9
1103930 891.9
1103940 892.7
1103950 893.5
1103960 893.5
1103970 894.8
1103980 896.5
1103990 896.5
1104000 897.4
1104010 897.9
1104020 897.9
1104030 899.3
1104040 900.2
1104050 900.2
1104060 901.5
1104070 902.8
1104080 904.1
1104090 904.1
1104100 905.5
1104110 906.7
1104120 906.7
1104130 907.7
1104140 908.3
1104150 908.3
1104160 908.8
1104170 909.7
1104180 912.3
1104190 913.2
1104200 914.2
1104210 914.2
1104220 915.7
1104230 916.8
1104240 916.8
1104250 917.0
1104260 917.3
1104270 917.3
1104280 917.6
1104290 917.8
1104300 917.8
1104310 917.7
1104320 917.7
1104330 917.7
1104340 917.7
1104350 917.4
1104360 917.4
1104370 917.1
1104380 917.0
1104390 917.0
1104400 917.1
1104410 917.0
1104420 917.1
1104430 917.1
1104440 917.3
1104450 917.3
1104460 917.3
1104470 917.2
1104480 917.0
1104490 917.0
1104500 916.4
1104510 915.7
1104520 914.1
1104530 913.9
1104540 913.9
1104550 913.9
1104560 913.6
1104570 913.3
1104580 913.3
1104590 913.4
1104600 913.3
1104610 913.3
1104620 912.6
1104630 912.2
1104640 912.2
1104650 912.0
1104660 911.7
1104670 911.7
1104680 911.5
1104690 911.1
1104700 911.1
1104710 910.7
1104720 910.1
1104730 910.1
1104740 909.4
1104750 908.8
1104760 908.2
1104770 908.2
1104780 907.5
1104790 906.8
1104800 906.8
1104810 905.9
1104820 904.8
1104830 904.8
1104840 903.7
1104850 901.9
1104860 898.3
1104870 896.9
1104880 895.7
1104890 895.7
1104900 895.7
1104910 896.9
1104920 896.9
1104930 898.2
1104940 898.2
1104950 898.2
1104960 898.1
1104970 897.9
1104980 897.9
1104990 897.4
1105000 896.3
1105010 896.3
1105020 894.7
1105030 892.8
1105040 892.8
1105050 890.7
1105060 888.8
1105070 888.8
1105080 887.5
1105090 886.3
1105100 885.2
1105110 885.2
1105120 884.3
1105130 883.2
1105140 883.2
1105150 882.4
1105160 882.0
1105170 882.0
1105180 881.3
1105190 882.0
1105200 882.0
1105210 880.3
1105220 878.0
1105230 878.0
1105240 875.0
1105250 870.4
1105260 870.4
1105270 865.3
1105280 861.5
1105290 861.5
1105300 857.8
1105310 853.8
1105320 853.8
1105330 849.6
1105340 845.3
1105350 845.3
1105360 841.2
1105370 836.7
1105380 836.7
1105390 832.6
1105400 829.4
1105410 829.4
1105420 825.9
1105430 823.5
1105440 819.8
1105450 819.8
1105460 816.8
1105470 813.6
1105480 813.6
1105490 810.8
1105500 808.3
1105510 808.3
1105520 804.5
1105530 801.9
1105540 801.9
1105550 799.1
1105560 796.3
1105570 796.3
1105580 793.4
1105590 790.2
1105600 790.2
1105610 786.4
1105620 783.1
1105630 783.1
1105640 780.2
1105650 777.4
1105660 777.4
1105670 774.5
1105680 773.0
1105690 773.0
1105700 771.8
1105710 770.4
1105720 770.4
1105730 769.4
1105740 768.4
1105750 768.4
1105760 766.9
1105770 765.9
1105780 764.9
1105790 764.9
1105800 763.6
1105810 763.4
1105820 763.4
1105830 760.9
1105840 759.1
1105850 759.1
1105860 758.3
1105870 757.8
1105880 757.8
1105890 757.0
1105900 756.4
1105910 756.4
1105920 755.8
1105930 755.0
1105940 755.0
1105950 753.9
1105960 752.1
1105970 752.1
1105980 751.5
1105990 754.0
1106000 754.0
1106010 753.5
1106020 750.4
1106030 750.4
1106040 749.3
1106050 750.1
1106060 750.1
1106070 750.1
1106080 749.8
1106090 749.8
1106100 749.4
1106110 749.0
1106120 749.0
1106130 748.7
1106140 748.5
1106150 748.6
1106160 748.6
1106170 749.1
1106180 751.2
1106190 751.2
1106200 753.3
1106210 757.1
1106220 757.1
1106230 758.9
1106240 759.4
1106250 759.4
1106260 760.1
1106270 760.9
1106280 760.9
1106290 761.9
1106300 762.6
1106310 762.6
1106320 763.2
1106330 763.7
1106340 763.7
1106350 764.2
1106360 764.6
1106370 764.6
1106380 763.7
1106390 762.2
1106400 762.2
1106410 763.7
1106420 767.0
1106430 767.0
1106440 768.2
1106450 768.4
1106460 768.4
1106470 768.5
1106480 768.8
1106490 769.2
1106500 769.2
1106510 769.6
1106520 769.8
1106530 769.8
1106540 768.4
1106550 768.5
1106560 768.5
1106570 768.4
1106580 768.1
1106590 768.1
1106600 767.0
1106610 762.0
1106620 762.0
1106630 753.9
1106640 744.8
1106650 744.8
1106660 736.1
1106670 733.0
1106680 733.0
1106690 732.9
1106700 732.9
1106710 732.9
1106720 732.9
1106730 732.9
1106740 732.9
1106750 732.9
1106760 732.9
1106770 732.9
1106780 732.9
1106790 732.9
1106800 732.9
1106810 732.9
1106820 732.9
1106830 732.9
1106840 732.9
1106850 732.9
1106860 732.9
1106870 732.9
1106880 732.9
1106890 732.9
1106900 732.9
1106910 732.9
1106920 732.9
1106930 732.9
1106940 732.9
1106950 732.9
1106960 732.9
1106970 732.9
1106980 732.9
1106990 732.9
1107000 732.9
1107010 732.9
1107020 732.9
1107030 732.9
1107040 732.9
1107050 732.9
1107060 732.9
1107070 732.9
1107080 732.9
1107090 732.9
1107100 732.9
1107110 732.9
1107120 732.9
1107130 734.8
1107140 734.8
1107150 743.3
1107160 751.3
1107170 757.6
1107180 757.6
1107190 763.4
1107200 765.7
1107210 765.7
1107220 758.0
1107230 767.3
1107240 767.3
1107250 777.4
1107260 781.8
1107270 781.8
1107280 784.0
1107290 787.1
1107300 787.1
1107310 790.0
1107320 796.0
1107330 796.0
1107340 802.5
1107350 805.2
1107360 805.2
1107370 806.6
1107380 807.5
1107390 807.5
1107400 808.8
1107410 810.0
1107420 810.0
1107430 811.0
1107440 811.6
1107450 811.6
1107460 812.0
1107470 812.2
1107480 812.2
1107490 813.0
1107500 813.7
1107510 814.4
1107520 814.4
1107530 816.8
1107540 818.2
1107550 818.2
1107560 818.9
1107570 819.4
1107580 819.4
1107590 820.0
1107600 820.6
1107610 820.6
1107620 821.1
1107630 822.2
1107640 822.2
1107650 823.2
1107660 823.9
1107670 823.9
1107680 824.5
1107690 826.1
1107700 826.1
1107710 829.5
1107720 831.0
1107730 831.0
1107740 832.1
1107750 833.1
1107760 833.1
1107770 833.0
1107780 826.9
1107790 826.9
1107800 817.8
1107810 809.5
1107820 809.5
1107830 805.2
1107840 805.2
1107850 805.9
1107860 805.9
1107870 807.0
1107880 808.1
1107890 808.1
1107900 819.0
1107910 823.2
1107920 823.2
1107930 828.5
1107940 833.7
1107950 833.7
1107960 837.9
1107970 844.1
1107980 844.1
1107990 849.2
1108000 852.5
1108010 852.5
1108020 854.8
1108030 856.5
1108040 856.5
1108050 857.4
1108060 858.3
1108070 858.3
1108080 860.5
1108090 862.5
1108100 862.5
1108110 863.9
1108120 865.0
1108130 865.0
1108140 866.1
1108150 868.1
1108160 868.1
1108170 870.5
1108180 872.6
1108190 872.6
1108200 874.4
1108210 876.6
1108220 880.3
1108230 880.3
1108240 881.4
1108250 884.1
1108260 884.1
1108270 886.7
1108280 888.6
1108290 888.6
1108300 891.0
1108310 893.7
1108320 893.7
1108330 896.4
1108340 899.5
1108350 899.5
1108360 903.2
1108370 905.9
1108380 905.9
1108390 908.7
1108400 910.9
1108410 910.9
1108420 913.1
1108430 915.0
1108440 915.0
1108450 916.5
1108460 917.3
1108470 917.3
1108480 917.7
1108490 917.8
1108500 917.8
1108510 918.3
1108520 919.4
1108530 919.4
1108540 921.0
1108550 922.8
1108560 924.5
1108570 922.1
1108580 923.6
1108590 924.9
1108600 924.9
1108610 926.1
1108620 927.6
1108630 927.6
1108640 929.3
1108650 931.1
1108660 931.1
1108670 932.9
1108680 934.6
1108690 934.6
1108700 936.3
1108710 938.0
1108720 938.0
1108730 939.1
1108740 937.0
1108750 937.0
1108760 933.4
1108770 934.1
1108780 934.1
1108790 940.7
1108800 946.6
1108810 946.6
1108820 950.1
1108830 953.3
1108840 953.3
1108850 955.5
1108860 955.8
1108870 955.8
1108880 957.8
1108890 961.2
1108900 964.5
1108910 964.1
1108920 965.3
1108930 963.5
1108940 963.5
1108950 964.0
1108960 971.2
1108970 971.2
1108980 974.5
1108990 977.2
1109000 977.2
1109010 980.4
1109020 983.6
1109030 983.6
1109040 986.9
1109050 991.0
1109060 991.0
1109070 994.7
1109080 998.3
1109090 998.3
1109100 1001.8
1109110 1005.6
1109120 1005.6
1109130 1009.8
1109140 1013.8
1109150 1013.8
1109160 1017.4
1109170 1019.7
1109180 1019.7
1109190 1020.6
1109200 1022.3
1109210 1022.3
1109220 1024.7
1109230 1026.7
1109240 1029.1
1109250 1029.1
1109260 1028.6
1109270 1030.9
1109280 1030.9
1109290 1032.3
1109300 1033.0
1109310 1033.0
1109320 1033.7
1109330 1035.0
1109340 1035.0
1109350 1034.7
1109360 1032.2
1109370 1032.2
1109380 1031.0
1109390 1031.7
1109400 1031.7
1109410 1035.4
1109420 1039.7
1109430 1039.7
1109440 1047.6
1109450 1057.7
1109460 1057.7
1109470 1064.2
1109480 1070.0
1109490 1070.0
1109500 1074.4
1109510 1078.5
1109520 1078.5
1109530 1083.2
1109540 1089.0
1109550 1089.0
1109560 1093.5
1109570 1097.6
1109580 1101.0
1109590 1101.0
1109600 1106.0
1109610 1109.3
1109620 1109.3
1109630 1112.8
1109640 1115.9
1109650 1115.9
1109660 1119.6
1109670 1124.0
1109680 1124.0
1109690 1127.6
1109700 1130.9
1109710 1130.9
1109720 1133.4
1109730 1134.2
1109740 1134.2
1109750 1135.1
1109760 1138.2
1109770 1138.2
1109780 1140.5
1109790 1142.0
1109800 1142.0
1109810 1142.8
1109820 1143.1
1109830 1143.1
1109840 1144.3
1109850 1145.0
1109860 1145.0
1109870 1145.9
1109880 1147.7
1109890 1147.7
1109900 1149.8
1109910 1151.7
1109920 1153.1
1109930 1153.1
1109940 1150.6
1109950 1151.5
1109960 1151.5
1109970 1152.4
1109980 1153.2
1109990 1153.2
1110000 1154.2
1110010 1155.3
1110020 1155.3
1110030 1156.5
1110040 1157.3
1110050 1157.3
1110060 1157.8
1110070 1158.3
1110080 1158.3
1110090 1159.1
1110100 1159.8
1110110 1159.8
1110120 1160.3
1110130 1160.5
1110140 1160.5
1110150 1160.5
1110160 1159.8
1110170 1159.8
1110180 1158.7
1110190 1157.3
1110200 1157.3
1110210 1154.1
1110220 1148.0
1110230 1148.0
1110240 1139.6
1110250 1133.2
1110260 1133.2
1110270 1127.7
1110280 1115.9
1110290 1112.0
1110300 1112.0
1110310 1107.8
1110320 1104.3
1110330 1104.3
1110340 1100.7
1110350 1097.6
1110360 1097.6
1110370 1094.3
1110380 1090.3
1110390 1090.3
1110400 1085.5
1110410 1079.5
1110420 1079.5
1110430 1076.1
1110440 1074.4
1110450 1074.4
1110460 1070.8
1110470 1067.1
1110480 1067.1
1110490 1063.1
1110500 1060.7
1110510 1060.7
1110520 1060.3
1110530 1058.9
1110540 1058.9
1110550 1058.5
1110560 1057.4
1110570 1057.4
1110580 1055.3
1110590 1055.2
1110600 1055.2
1110610 1054.8
1110620 1051.4
1110630 1048.1
1110640 1048.1
1110650 1045.9
1110660 1047.5
1110670 1047.5
1110680 1048.6
1110690 1051.2
1110700 1051.2
1110710 1053.8
1110720 1055.5
1110730 1055.5
1110740 1056.0
1110750 1057.4
1110760 1057.4
1110770 1059.7
1110780 1066.9
1110790 1066.9
1110800 1071.3
1110810 1072.2
1110820 1072.2
1110830 1071.9
1110840 1071.1
1110850 1071.1
1110860 1070.2
1110870 1068.6
1110880 1068.6
1110890 1066.3
1110900 1064.6
1110910 1064.6
1110920 1063.6
1110930 1062.2
1110940 1062.2
1110950 1059.6
1110960 1049.9
1110970 1050.2
1110980 1050.2
1110990 1051.0
1111000 1051.6
1111010 1051.6
1111020 1051.9
1111030 1053.4
1111040 1053.4
1111050 1055.6
1111060 1060.1
1111070 1060.1
1111080 1062.6
1111090 1061.4
1111100 1061.4
1111110 1060.6
1111120 1062.6
1111130 1062.6
1111140 1066.3
1111150 1070.7
1111160 1070.7
1111170 1073.8
1111180 1076.7
1111190 1076.7
1111200 1079.2
1111210 1083.0
1111220 1083.0
1111230 1088.0
1111240 1091.9
1111250 1091.9
1111260 1095.2
1111270 1099.0
1111280 1099.0
1111290 1104.7
1111300 1114.6
1111310 1119.5
1111320 1119.5
1111330 1121.8
1111340 1122.7
1111350 1122.7
1111360 1123.7
1111370 1125.5
1111380 1125.5
1111390 1127.1
1111400 1128.4
1111410 1128.4
1111420 1129.4
1111430 1130.0
1111440 1130.0
1111450 1130.6
1111460 1131.1
1111470 1131.1
1111480 1131.1
1111490 1130.2
1111500 1130.2
1111510 1128.2
1111520 1124.5
1111530 1124.5
1111540 1119.4
1111550 1113.7
1111560 1113.7
1111570 1109.1
1111580 1106.2
1111590 1106.2
1111600 1103.5
1111610 1100.4
1111620 1100.4
1111630 1096.6
1111640 1094.2
1111650 1090.8
1111660 1090.8
1111670 1085.3
1111680 1079.0
1111690 1079.0
1111700 1074.3
1111710 1070.0
1111720 1070.0
1111730 1065.5
1111740 1061.8
1111750 1061.8
1111760 1060.2
1111770 1059.4
1111780 1059.4
1111790 1058.4
1111800 1056.8
1111810 1056.8
1111820 1055.8
1111830 1055.0
1111840 1055.0
1111850 1053.1
1111860 1049.2
1111870 1049.2
1111880 1054.5
1111890 1059.3
1111900 1059.3
1111910 1059.0
1111920 1059.9
1111930 1059.9
1111940 1063.1
1111950 1066.9
1111960 1066.9
1111970 1071.8
1111980 1073.4
1111990 1071.7
1112000 1071.7
1112010 1072.4
1112020 1073.5
1112030 1073.5
1112040 1074.2
1112050 1074.7
1112060 1074.7
1112070 1074.8
1112080 1074.6
1112090 1074.6
1112100 1076.1
1112110 1078.1
1112120 1078.1
1112130 1079.6
1112140 1081.0
1112150 1081.0
1112160 1082.1
1112170 1083.2
1112180 1083.2
1112190 1084.6
1112200 1086.3
1112210 1086.3
1112220 1088.0
1112230 1089.9
1112240 1089.9
1112250 1091.2
1112260 1092.0
1112270 1092.0
1112280 1092.8
1112290 1093.6
1112300 1093.6
1112310 1094.1
1112320 1094.6
1112330 1089.7
1112340 1090.2
1112350 1090.1
1112360 1089.8
1112370 1089.8
1112380 1089.0
1112390 1087.9
1112400 1087.9
1112410 1086.5
1112420 1084.5
1112430 1084.5
1112440 1082.4
1112450 1080.2
1112460 1080.2
1112470 1078.5
1112480 1076.9
1112490 1076.9
1112500 1075.3
1112510 1074.2
1112520 1074.2
1112530 1073.0
1112540 1068.7
1112550 1068.7
1112560 1064.0
1112570 1059.3
1112580 1059.3
1112590 1055.1
1112600 1052.1
1112610 1052.1
1112620 1049.0
1112630 1045.7
1112640 1045.7
1112650 1042.8
1112660 1039.3
1112670 1039.3
1112680 1035.6
1112690 1032.7
1112700 1029.5
1112710 1029.5
1112720 1028.0
1112730 1027.2
1112740 1027.2
1112750 1025.5
1112760 1023.7
1112770 1023.7
1112780 1020.7
1112790 1019.8
1112800 1019.8
1112810 1020.0
1112820 1023.4
1112830 1023.4
1112840 1025.7
1112850 1026.1
1112860 1026.1
1112870 1025.9
1112880 1026.6
1112890 1026.6
1112900 1028.8
1112910 1029.7
1112920 1029.7
1112930 1030.4
1112940 1032.8
1112950 1032.8
1112960 1036.8
1112970 1040.6
1112980 1040.6
1112990 1042.8
1113000 1043.7
1113010 1043.7
1113020 1039.2
1113030 1041.1
1113040 1045.9
1113050 1045.9
1113060 1051.3
1113070 1054.7
1113080 1054.7
1113090 1056.1
1113100 1056.1
1113110 1056.1
1113120 1056.1
1113130 1055.5
1113140 1055.5
1113150 1055.2
1113160 1055.1
1113170 1055.1
1113180 1055.9
1113190 1058.7
1113200 1058.7
1113210 1061.8
1113220 1064.5
1113230 1064.5
1113240 1065.1
1113250 1065.9
1113260 1065.9
1113270 1069.0
1113280 1070.7
1113290 1070.7
1113300 1071.5
1113310 1072.0
1113320 1072.0
1113330 1072.8
1113340 1074.4
1113350 1074.4
1113360 1071.9
1113370 1078.5
1113380 1080.1
1113390 1080.1
1113400 1079.0
1113410 1075.1
1113420 1075.1
1113430 1073.4
1113440 1074.0
1113450 1074.0
1113460 1077.9
1113470 1076.3
1113480 1076.3
1113490 1072.8
1113500 1070.4
1113510 1070.4
1113520 1069.3
1113530 1068.1
1113540 1068.1
1113550 1064.7
1113560 1058.7
1113570 1058.7
1113580 1053.6
1113590 1050.7
1113600 1050.7
1113610 1049.1
1113620 1048.4
1113630 1048.4
1113640 1051.9
1113650 1053.9
1113660 1053.9
1113670 1055.7
1113680 1056.1
1113690 1056.1
1113700 1056.4
1113710 1054.1
1113720 1054.3
1113730 1054.3
1113740 1053.7
1113750 1052.5
1113760 1052.5
1113770 1052.2
1113780 1053.1
1113790 1053.1
1113800 1049.9
1113810 1053.0
1113820 1053.0
1113830 1053.3
1113840 1054.6
1113850 1054.6
1113860 1055.4
1113870 1055.1
1113880 1055.1
1113890 1055.4
1113900 1056.7
1113910 1056.7
1113920 1057.8
1113930 1059.0
1113940 1059.0
1113950 1060.3
1113960 1061.4
1113970 1061.4
1113980 1063.2
1113990 1065.1
1114000 1065.1
1114010 1067.4
1114020 1067.5
1114030 1067.5
1114040 1067.0
1114050 1061.5
1114060 1062.0
1114070 1062.0
1114080 1063.6
1114090 1061.5
1114100 1061.5
1114110 1058.9
1114120 1057.9
1114130 1057.9
1114140 1056.5
1114150 1055.1
1114160 1055.1
1114170 1054.2
1114180 1053.5
1114190 1053.5
1114200 1052.5
1114210 1051.6
1114220 1051.6
1114230 1050.8
1114240 1046.4
1114250 1046.4
1114260 1043.6
1114270 1050.0
1114280 1050.0
1114290 1055.2
1114300 1057.5
1114310 1057.5
1114320 1059.0
1114330 1061.0
1114340 1061.0
1114350 1063.1
1114360 1064.6
1114370 1064.6
1114380 1066.7
1114390 1067.5
1114400 1060.8
1114410 1060.8
1114420 1062.9
1114430 1063.6
1114440 1063.6
1114450 1062.2
1114460 1060.3
1114470 1060.3
1114480 1058.7
1114490 1055.8
1114500 1055.8
1114510 1054.4
1114520 1051.2
1114530 1051.2
1114540 1046.0
1114550 1042.5
1114560 1042.5
1114570 1036.6
1114580 1030.2
1114590 1030.2
1114600 1024.0
1114610 1021.0
1114620 1021.0
1114630 1016.9
1114640 1012.5
1114650 1012.5
1114660 1008.3
1114670 1007.5
1114680 1007.5
1114690 1008.0
1114700 1006.6
1114710 1006.6
1114720 1004.3
1114730 1000.2
1114740 995.4
1114750 989.9
1114760 986.1
1114770 986.6
1114780 986.6
1114790 987.5
1114800 989.8
1114810 989.8
1114820 990.8
1114830 990.7
1114840 990.7
1114850 989.2
1114860 988.2
1114870 988.2
1114880 989.9
1114890 990.2
1114900 990.2
1114910 989.2
1114920 987.8
1114930 987.8
1114940 987.2
1114950 986.8
1114960 986.8
1114970 983.1
1114980 978.7
1114990 978.7
1115000 974.2
1115010 973.8
1115020 973.8
1115030 974.8
1115040 974.4
1115050 974.4
1115060 973.7
1115070 974.3
1115080 974.3
1115090 974.5
1115100 975.0
1115110 975.2
1115120 975.2
1115130 975.4
1115140 975.6
1115150 975.6
1115160 975.7
1115170 975.7
1115180 975.7
1115190 975.8
1115200 975.9
1115210 975.9
1115220 976.0
1115230 975.0
1115240 975.0
1115250 975.4
1115260 976.8
1115270 976.8
1115280 977.1
1115290 977.1
1115300 977.1
1115310 977.4
1115320 977.8
1115330 977.8
1115340 978.3
1115350 978.8
1115360 978.8
1115370 979.2
1115380 979.4
1115390 979.4
1115400 979.2
1115410 979.7
1115420 979.7
1115430 980.8
1115440 981.3
1115450 981.6
1115460 981.6
1115470 981.8
1115480 981.4
1115490 981.4
1115500 980.7
1115510 979.0
1115520 979.0
1115530 977.0
1115540 977.1
1115550 977.1
1115560 977.4
1115570 979.1
1115580 979.1
1115590 980.9
1115600 982.6
1115610 982.6
1115620 983.0
1115630 983.2
1115640 983.2
1115650 983.4
1115660 983.6
1115670 983.6
1115680 983.9
1115690 983.7
1115700 983.7
1115710 983.5
1115720 983.8
1115730 983.8
1115740 984.3
1115750 985.3
1115760 985.3
1115770 985.9
1115780 987.2
1115790 987.7
1115800 987.7
1115810 988.1
1115820 988.5
1115830 988.5
1115840 989.1
1115850 989.5
1115860 989.5
1115870 989.9
1115880 990.3
1115890 990.3
1115900 990.9
1115910 991.2
1115920 991.2
1115930 991.3
1115940 991.7
1115950 991.7
1115960 992.6
1115970 993.7
1115980 993.7
1115990 994.9
1116000 995.9
1116010 995.9
1116020 996.8
1116030 997.6
1116040 997.6
1116050 998.2
1116060 998.5
1116070 998.5
1116080 999.0
1116090 998.5
1116100 998.5
1116110 998.6
1116120 999.6
1116130 1002.0
1116140 1002.0
1116150 1002.1
1116160 1002.4
1116170 1002.4
1116180 1003.5
1116190 1004.3
1116200 1004.3
1116210 1005.7
1116220 1007.1
1116230 1007.1
1116240 1008.9
1116250 1010.6
1116260 1010.6
1116270 1010.7
1116280 1010.5
1116290 1010.5
1116300 1010.8
1116310 1011.7
1116320 1011.7
1116330 1012.4
1116340 1012.5
1116350 1012.5
1116360 1013.3
1116370 1014.4
1116380 1014.4
1116390 1015.7
1116400 1017.5
1116410 1017.5
1116420 1019.2
1116430 1021.2
1116440 1021.2
1116450 1023.4
1116460 1024.9
1116470 1030.5
1116480 1030.5
1116490 1032.1
1116500 1033.7
1116510 1033.7
1116520 1035.4
1116530 1036.8
1116540 1036.8
1116550 1038.1
1116560 1039.8
1116570 1039.8
1116580 1042.0
1116590 1044.3
1116600 1044.3
1116610 1046.7
1116620 1049.1
1116630 1049.1
1116640 1051.2
1116650 1053.8
1116660 1053.8
1116670 1057.3
1116680 1059.6
1116690 1059.6
1116700 1061.4
1116710 1062.9
1116720 1062.9
1116730 1063.4
1116740 1064.8
1116750 1064.8
1116760 1067.5
1116770 1070.4
1116780 1070.4
1116790 1069.9
1116800 1067.7
1116810 1067.7
1116820 1072.2
1116830 1070.6
1116840 1068.8
1116850 1068.8
1116860 1070.6
1116870 1072.3
1116880 1072.3
1116890 1071.8
1116900 1069.9
1116910 1069.9
1116920 1071.9
1116930 1068.1
1116940 1068.1
1116950 1068.4
1116960 1072.2
1116970 1072.2
1116980 1077.6
1116990 1082.5
1117000 1082.5
1117010 1084.7
1117020 1086.2
1117030 1086.2
1117040 1087.8
1117050 1089.2
1117060 1089.2
1117070 1090.6
1117080 1091.6
1117090 1091.6
1117100 1092.6
1117110 1094.0
1117120 1094.0
1117130 1095.8
1117140 1097.7
1117150 1097.7
1117160 1099.7
1117170 1105.1
1117180 1106.0
1117190 1106.0
1117200 1107.1
1117210 1109.2
1117220 1109.2
1117230 1111.9
1117240 1114.4
1117250 1114.4
1117260 1115.7
1117270 1116.5
1117280 1116.5
1117290 1116.6
1117300 1117.9
1117310 1117.9
1117320 1122.3
1117330 1128.3
1117340 1128.3
1117350 1134.5
1117360 1140.1
1117370 1140.1
1117380 1145.6
1117390 1148.3
1117400 1148.3
1117410 1148.5
1117420 1149.8
1117430 1149.8
1117440 1151.6
1117450 1152.9
1117460 1152.9
1117470 1154.3
1117480 1155.8
1117490 1155.8
1117500 1157.6
1117510 1159.0
1117520 1159.7
1117530 1159.7
1117540 1161.6
1117550 1163.3
1117560 1163.3
1117570 1165.5
1117580 1167.8
1117590 1167.8
1117600 1169.6
1117610 1170.8
1117620 1170.8
1117630 1172.0
1117640 1173.1
1117650 1173.1
1117660 1173.8
1117670 1173.7
1117680 1173.7
1117690 1173.9
1117700 1174.6
1117710 1174.6
1117720 1175.5
1117730 1176.2
1117740 1176.2
1117750 1177.0
1117760 1177.8
1117770 1177.8
1117780 1178.6
1117790 1179.5
1117800 1179.5
1117810 1180.2
1117820 1180.6
1117830 1180.6
1117840 1180.9
1117850 1181.3
1117860 1181.8
1117870 1181.5
1117880 1182.1
1117890 1182.9
1117900 1182.9
1117910 1183.9
1117920 1185.0
1117930 1185.0
1117940 1186.0
1117950 1187.3
1117960 1187.3
1117970 1188.9
1117980 1190.0
1117990 1190.0
1118000 1190.8
1118010 1191.7
1118020 1191.7
1118030 1192.9
1118040 1194.0
1118050 1194.0
1118060 1194.7
1118070 1195.1
1118080 1195.1
1118090 1195.8
1118100 1196.6
1118110 1196.6
1118120 1196.8
1118130 1196.8
1118140 1196.8
1118150 1196.5
1118160 1195.7
1118170 1195.7
1118180 1194.8
1118190 1194.5
1118200 1194.3
1118210 1196.5
1118220 1196.5
1118230 1196.9
1118240 1196.9
1118250 1197.4
1118260 1197.6
1118270 1197.6
1118280 1197.5
1118290 1197.7
1118300 1197.7
1118310 1197.7
1118320 1197.9
1118330 1197.9
1118340 1197.2
1118350 1196.3
1118360 1196.3
1118370 1195.8
1118380 1194.2
1118390 1194.2
1118400 1191.5
1118410 1189.3
1118420 1189.3
1118430 1188.5
1118440 1191.7
1118450 1191.7
1118460 1195.6
1118470 1197.0
1118480 1197.0
1118490 1197.0
1118500 1195.9
1118510 1195.9
1118520 1194.0
1118530 1193.3
1118540 1193.3
1118550 1193.3
1118560 1197.3
1118570 1198.6
1118580 1198.6
1118590 1198.6
1118600 1198.9
1118610 1198.9
1118620 1199.0
1118630 1198.9
1118640 1198.9
1118650 1198.7
1118660 1197.3
1118670 1197.3
1118680 1195.5
1118690 1194.0
1118700 1194.0
1118710 1192.5
1118720 1191.4
1118730 1191.4
1118740 1190.2
1118750 1189.5
1118760 1189.5
1118770 1188.7
1118780 1187.1
1118790 1187.1
1118800 1185.9
1118810 1183.4
1118820 1183.4
1118830 1179.8
1118840 1176.1
1118850 1176.1
1118860 1171.8
1118870 1170.1
1118880 1165.8
1118890 1165.8
1118900 1157.8
1118910 1151.1
1118920 1151.1
1118930 1148.5
1118940 1145.3
1118950 1145.3
1118960 1141.6
1118970 1142.0
1118980 1142.0
1118990 1148.8
1119000 1156.2
1119010 1156.2
1119020 1160.5
1119030 1163.2
1119040 1163.2
1119050 1165.9
1119060 1164.2
1119070 1164.2
1119080 1160.0
1119090 1158.9
1119100 1158.9
1119110 1162.5
1119120 1168.8
1119130 1168.8
1119140 1172.5
1119150 1174.3
1119160 1174.3
1119170 1175.7
1119180 1176.4
1119190 1176.4
1119200 1175.7
1119210 1175.4
1119220 1175.4
1119230 1176.0
1119240 1175.5
1119250 1175.1
1119260 1178.5
1119270 1179.1
1119280 1180.2
1119290 1180.2
1119300 1181.6
1119310 1182.0
1119320 1182.0
