1100000 680.5
1100010 681.6
1100020 682.5
1100030 682.5
1100040 683.8
1100050 685.5
1100060 685.5
1100070 687.3
1100080 689.1
1100090 689.1
1100100 690.7
1100110 692.3
1100120 692.3
1100130 693.9
1100140 698.3
1100150 698.3
1100160 699.1
1100170 699.4
1100180 699.4
1100190 699.4
1100200 699.0
1100210 699.0
1100220 698.6
1100230 698.1
1100240 698.1
1100250 697.9
1100260 697.6
1100270 697.6
1100280 697.6
1100290 697.7
1100300 697.7
1100310 697.7
1100320 697.3
1100330 696.7
1100340 696.7
1100350 696.3
1100360 696.6
1100370 696.6
1100380 696.9
1100390 697.1
1100400 697.1
1100410 700.8
1100420 706.8
1100430 706.8
1100440 712.4
1100450 716.8
1100460 716.8
1100470 716.1
1100480 717.4
1100490 717.4
1100500 719.0
1100510 720.7
1100520 720.7
1100530 722.3
1100540 723.7
1100550 723.7
1100560 724.7
1100570 725.7
1100580 725.7
1100590 726.6
1100600 727.0
1100610 727.0
1100620 727.3
1100630 727.6
1100640 728.2
1100650 728.2
1100660 729.2
1100670 730.3
1100680 730.3
1100690 731.2
1100700 732.1
1100710 732.1
1100720 733.2
1100730 734.6
1100740 734.6
1100750 735.4
1100760 736.1
1100770 736.1
1100780 736.6
1100790 737.1
1100800 737.1
1100810 737.9
1100820 738.3
1100830 738.3
1100840 738.6
1100850 738.9
1100860 738.9
1100870 739.2
1100880 739.4
1100890 739.4
1100900 739.6
1100910 739.8
1100920 739.8
1100930 740.3
1100940 740.8
1100950 740.8
1100960 741.4
1100970 742.1
1100980 742.6
1100990 742.6
1101000 743.0
1101010 742.9
1101020 742.9
1101030 742.4
1101040 741.8
1101050 741.8
1101060 741.2
1101070 740.4
1101080 740.4
1101090 739.5
1101100 738.3
1101110 738.3
1101120 737.0
1101130 735.9
1101140 735.5
1101150 734.2
1101160 733.2
1101170 733.2
1101180 732.0
1101190 731.4
1101200 731.4
1101210 731.6
1101220 732.7
1101230 732.7
1101240 733.9
1101250 735.1
1101260 735.1
1101270 736.2
1101280 737.3
1101290 737.3
1101300 738.0
1101310 738.2
1101320 737.9
1101330 737.9
1101340 737.5
1101350 737.1
1101360 737.1
1101370 736.6
1101380 735.9
1101390 735.9
1101400 735.1
1101410 734.5
1101420 734.5
1101430 733.6
1101440 732.2
1101450 732.2
1101460 730.5
1101470 727.8
1101480 727.8
1101490 726.9
1101500 726.3
1101510 726.3
1101520 726.3
1101530 726.8
1101540 726.8
1101550 726.8
1101560 726.5
1101570 726.5
1101580 725.8
1101590 725.1
1101600 725.1
1101610 724.4
1101620 723.7
1101630 723.7
1101640 722.7
1101650 721.0
1101660 718.4
1101670 718.4
1101680 715.5
1101690 712.6
1101700 712.6
1101710 709.5
1101720 705.6
1101730 705.6
1101740 702.5
1101750 700.1
1101760 700.1
1101770 698.5
1101780 696.6
1101790 696.6
1101800 695.5
1101810 694.9
1101820 694.9
1101830 694.8
1101840 694.9
1101850 694.9
1101860 695.1
1101870 695.4
1101880 695.4
1101890 696.0
1101900 696.9
1101910 696.9
1101920 697.4
1101930 698.1
1101940 698.1
1101950 699.5
1101960 701.2
1101970 701.2
1101980 703.3
1101990 707.9
1102000 707.9
1102010 714.1
1102020 718.4
1102030 722.3
1102040 722.3
1102050 725.7
1102060 728.5
1102070 728.5
1102080 730.6
1102090 732.3
1102100 732.3
1102110 733.9
1102120 735.5
1102130 735.5
1102140 734.9
1102150 736.6
1102160 736.6
1102170 738.1
1102180 739.7
1102190 739.7
1102200 741.3
1102210 742.6
1102220 742.6
1102230 743.5
1102240 744.2
1102250 744.2
1102260 744.6
1102270 745.1
1102280 745.1
1102290 745.9
1102300 746.4
1102310 746.4
1102320 746.3
1102330 746.3
1102340 746.3
1102350 745.8
1102360 746.5
1102370 747.3
1102380 747.3
1102390 747.9
1102400 748.5
1102410 748.5
1102420 749.1
1102430 750.2
1102440 750.2
1102450 751.7
1102460 753.3
1102470 753.3
1102480 754.9
1102490 756.3
1102500 756.3
1102510 757.7
1102520 758.5
1102530 758.5
1102540 759.3
1102550 760.3
1102560 760.3
1102570 761.4
1102580 762.4
1102590 762.4
1102600 763.6
1102610 764.8
1102620 764.8
1102630 766.0
1102640 767.2
1102650 767.2
1102660 768.5
1102670 769.8
1102680 769.8
1102690 771.1
1102700 772.5
1102710 773.8
1102720 773.8
1102730 774.8
1102740 775.8
1102750 775.8
1102760 776.8
1102770 778.1
1102780 778.1
1102790 779.4
1102800 780.7
1102810 781.8
1102820 783.4
1102830 785.0
1102840 785.0
1102850 786.4
1102860 787.6
1102870 787.6
1102880 790.0
1102890 793.2
1102900 793.2
1102910 796.4
1102920 799.0
1102930 799.0
1102940 800.9
1102950 803.4
1102960 803.4
1102970 806.6
1102980 809.1
1102990 809.1
1103000 811.6
1103010 813.7
1103020 813.7
1103030 815.8
1103040 819.0
1103050 821.5
1103060 821.5
1103070 824.0
1103080 826.4
1103090 826.4
1103100 828.8
1103110 831.2
1103120 831.2
1103130 833.7
1103140 836.3
1103150 838.2
1103160 840.5
1103170 843.4
1103180 843.4
1103190 846.1
1103200 848.8
1103210 848.8
1103220 851.9
1103230 855.0
1103240 855.0
1103250 858.1
1103260 860.6
1103270 860.6
1103280 863.4
1103290 864.9
1103300 864.9
1103310 865.9
1103320 866.8
1103330 866.8
1103340 867.4
1103350 867.7
1103360 867.7
1103370 867.2
1103380 867.1
1103390 867.5
1103400 867.5
1103410 868.3
1103420 869.3
1103430 869.3
1103440 870.4
1103450 871.7
1103460 871.7
1103470 873.0
1103480 872.3
1103490 872.3
1103500 873.7
1103510 875.1
1103520 875.1
1103530 877.5
1103540 878.2
1103550 878.2
1103560 877.0
1103570 875.5
1103580 875.5
1103590 875.0
1103600 874.9
1103610 874.9
1103620 874.8
1103630 874.2
1103640 874.2
1103650 872.4
1103660 869.6
1103670 869.6
1103680 873.2
1103690 876.8
1103700 876.8
1103710 880.2
1103720 883.3
1103730 884.8
1103740 884.8
1103750 885.3
1103760 885.3
1103770 885.3
1103780 885.1
1103790 885.0
1103800 885.0
1103810 884.5
1103820 878.0
1103830 878.0
1103840 877.6
1103850 876.4
1103860 876.4
1103870 874.2
1103880 874.4
1103890 874.4
1103900 877.0
1103910 879.6
1103920 879.6
1103930 881.8
1103940 882.6
1103950 882.6
1103960 883.3
1103970 884.4
1103980 884.4
1103990 885.2
1104000 885.4
1104010 885.4
1104020 883.2
1104030 880.2
1104040 880.2
1104050 879.1
1104060 877.6
1104070 877.6
1104080 878.8
1104090 881.1
1104100 883.6
1104110 883.6
1104120 886.1
1104130 888.7
1104140 888.7
1104150 886.7
1104160 888.3
1104170 888.3
1104180 889.7
1104190 889.8
1104200 889.8
1104210 888.1
1104220 890.4
1104230 890.4
1104240 892.1
1104250 893.0
1104260 893.0
1104270 893.7
1104280 894.7
1104290 894.7
1104300 897.6
1104310 901.4
1104320 901.4
1104330 903.5
1104340 904.8
1104350 904.8
1104360 905.8
1104370 906.7
1104380 906.7
1104390 907.5
1104400 908.2
1104410 908.2
1104420 908.9
1104430 909.6
1104440 910.1
1104450 910.1
1104460 910.3
1104470 910.3
1104480 910.3
1104490 913.7
1104500 914.4
1104510 914.4
1104520 915.5
1104530 916.8
1104540 916.8
1104550 917.3
1104560 917.9
1104570 917.9
1104580 918.2
1104590 918.3
1104600 918.3
1104610 919.1
1104620 919.6
1104630 919.6
1104640 919.5
1104650 918.9
1104660 918.9
1104670 918.4
1104680 918.1
1104690 918.1
1104700 917.7
1104710 917.5
1104720 917.5
1104730 917.1
1104740 916.7
1104750 916.7
1104760 916.4
1104770 916.0
1104780 915.4
1104790 915.4
1104800 915.0
1104810 914.8
1104820 911.6
1104830 911.3
1104840 910.6
1104850 910.6
1104860 909.8
1104870 909.6
1104880 909.6
1104890 909.7
1104900 909.6
1104910 909.6
1104920 909.8
1104930 910.1
1104940 910.1
1104950 910.1
1104960 909.7
1104970 909.7
1104980 908.5
1104990 907.0
1105000 907.0
1105010 905.9
1105020 905.1
1105030 905.1
1105040 903.6
1105050 902.8
1105060 902.8
1105070 903.0
1105080 902.8
1105090 902.8
1105100 902.3
1105110 901.4
1105120 900.3
1105130 900.3
1105140 899.0
1105150 897.2
1105160 898.0
1105170 895.6
1105180 892.6
1105190 892.6
1105200 889.7
1105210 886.0
1105220 886.0
1105230 882.4
1105240 877.3
1105250 877.3
1105260 870.1
1105270 864.6
1105280 864.6
1105290 859.7
1105300 855.1
1105310 855.1
1105320 851.7
1105330 848.7
1105340 848.7
1105350 845.7
1105360 841.8
1105370 841.8
1105380 838.6
1105390 834.6
1105400 834.6
1105410 832.0
1105420 830.3
1105430 830.3
1105440 827.8
1105450 824.8
1105460 821.4
1105470 821.4
1105480 817.9
1105490 814.7
1105500 813.9
1105510 810.3
1105520 807.9
1105530 807.9
1105540 804.5
1105550 800.9
1105560 800.9
1105570 798.3
1105580 795.8
1105590 795.8
1105600 794.5
1105610 793.1
1105620 793.1
1105630 791.3
1105640 789.9
1105650 789.9
1105660 788.5
1105670 786.1
1105680 786.1
1105690 783.7
1105700 782.3
1105710 782.3
1105720 780.5
1105730 778.6
1105740 778.6
1105750 775.9
1105760 773.9
1105770 773.9
1105780 771.7
1105790 769.6
1105800 768.0
1105810 768.0
1105820 767.5
1105830 766.5
1105840 767.3
1105850 766.5
1105860 765.1
1105870 765.1
1105880 764.7
1105890 764.2
1105900 764.2
1105910 763.6
1105920 762.3
1105930 762.3
1105940 759.4
1105950 758.6
1105960 758.6
1105970 758.2
1105980 761.5
1105990 761.5
1106000 763.8
1106010 764.6
1106020 764.6
1106030 764.7
1106040 764.7
1106050 764.7
1106060 765.3
1106070 765.4
1106080 765.4
1106090 764.7
1106100 764.5
1106110 764.5
1106120 763.2
1106130 757.0
1106140 757.0
1106150 755.6
1106160 759.9
1106170 763.9
1106180 763.9
1106190 764.8
1106200 765.7
1106210 765.7
1106220 766.4
1106230 766.5
1106240 766.5
1106250 766.2
1106260 765.7
1106270 765.7
1106280 765.0
1106290 764.3
1106300 764.3
1106310 764.3
1106320 765.1
1106330 765.1
1106340 765.9
1106350 766.9
1106360 766.9
1106370 767.9
1106380 768.3
1106390 768.3
1106400 768.2
1106410 768.3
1106420 768.3
1106430 768.2
1106440 767.4
1106450 767.4
1106460 767.0
1106470 766.8
1106480 766.8
1106490 767.0
1106500 767.1
1106510 768.1
1106520 768.1
1106530 768.2
1106540 768.2
1106550 768.2
1106560 768.4
1106570 768.8
1106580 768.8
1106590 769.3
1106600 769.8
1106610 769.8
1106620 770.2
1106630 770.8
1106640 770.8
1106650 771.8
1106660 772.4
1106670 772.4
1106680 772.8
1106690 771.9
1106700 771.9
1106710 766.8
1106720 760.3
1106730 760.3
1106740 757.9
1106750 763.6
1106760 763.6
1106770 764.9
1106780 760.6
1106790 760.6
1106800 758.3
1106810 750.3
1106820 750.3
1106830 749.5
1106840 758.0
1106850 770.7
1106860 770.7
1106870 769.0
1106880 758.8
1106890 758.8
1106900 748.9
1106910 739.9
1106920 739.9
1106930 734.1
1106940 732.9
1106950 732.9
1106960 732.9
1106970 732.9
1106980 732.9
1106990 732.9
1107000 732.9
1107010 732.9
1107020 732.9
1107030 732.9
1107040 732.9
1107050 732.9
1107060 732.9
1107070 732.9
1107080 732.9
1107090 732.9
1107100 732.9
1107110 732.9
1107120 732.9
1107130 732.9
1107140 732.9
1107150 732.9
1107160 732.9
1107170 732.8
1107180 732.8
1107190 732.8
1107200 732.8
1107210 732.8
1107220 732.8
1107230 732.8
1107240 732.8
1107250 732.9
1107260 732.9
1107270 735.3
1107280 740.6
1107290 740.6
1107300 743.3
1107310 747.6
1107320 747.6
1107330 756.0
1107340 764.2
1107350 764.2
1107360 771.5
1107370 774.5
1107380 774.5
1107390 773.2
1107400 774.2
1107410 774.2
1107420 775.3
1107430 777.4
1107440 777.4
1107450 779.2
1107460 780.1
1107470 780.1
1107480 784.3
1107490 791.6
1107500 791.6
1107510 794.0
1107520 798.1
1107530 797.2
1107540 797.2
1107550 803.9
1107560 798.8
1107570 798.8
1107580 790.4
1107590 785.0
1107600 785.0
1107610 781.9
1107620 779.7
1107630 779.7
1107640 781.0
1107650 786.5
1107660 786.5
1107670 791.3
1107680 795.1
1107690 795.1
1107700 799.5
1107710 802.0
1107720 802.0
1107730 806.2
1107740 810.7
1107750 810.7
1107760 816.6
1107770 818.4
1107780 818.4
1107790 817.2
1107800 816.3
1107810 816.3
1107820 820.7
1107830 824.2
1107840 824.2
1107850 826.0
1107860 835.9
1107870 838.2
1107880 838.2
1107890 839.3
1107900 840.3
1107910 840.3
1107920 841.2
1107930 842.3
1107940 842.3
1107950 843.5
1107960 844.9
1107970 844.9
1107980 846.4
1107990 847.7
1108000 847.7
1108010 848.9
1108020 850.4
1108030 850.4
1108040 852.5
1108050 854.5
1108060 854.5
1108070 854.6
1108080 856.4
1108090 856.4
1108100 858.1
1108110 859.2
1108120 859.2
1108130 860.4
1108140 861.7
1108150 861.7
1108160 863.5
1108170 865.5
1108180 865.5
1108190 868.0
1108200 867.7
1108210 867.7
1108220 869.2
1108230 871.1
1108240 873.0
1108250 873.0
1108260 874.7
1108270 876.3
1108280 876.3
1108290 877.7
1108300 878.4
1108310 878.4
1108320 879.4
1108330 881.3
1108340 881.3
1108350 883.7
1108360 886.3
1108370 886.3
1108380 888.6
1108390 890.6
1108400 890.6
1108410 892.3
1108420 894.1
1108430 894.1
1108440 895.1
1108450 893.2
1108460 893.2
1108470 889.7
1108480 891.2
1108490 891.2
1108500 896.0
1108510 898.3
1108520 898.3
1108530 898.1
1108540 891.6
1108550 891.6
1108560 892.9
1108570 896.2
1108580 895.8
1108590 895.8
1108600 893.7
1108610 892.4
1108620 892.4
1108630 891.8
1108640 891.6
1108650 891.6
1108660 892.2
1108670 894.0
1108680 894.0
1108690 895.7
1108700 900.0
1108710 900.0
1108720 906.3
1108730 911.3
1108740 911.3
1108750 917.7
1108760 925.3
1108770 925.3
1108780 927.7
1108790 929.5
1108800 929.5
1108810 931.7
1108820 936.5
1108830 936.5
1108840 941.5
1108850 943.7
1108860 943.7
1108870 944.9
1108880 942.6
1108890 942.6
1108900 943.5
1108910 944.7
1108920 946.2
1108930 946.2
1108940 947.9
1108950 949.9
1108960 949.9
1108970 952.0
1108980 954.2
1108990 954.2
1109000 956.7
1109010 959.0
1109020 959.0
1109030 961.5
1109040 964.0
1109050 964.0
1109060 966.9
1109070 970.3
1109080 970.3
1109090 973.5
1109100 976.2
1109110 976.2
1109120 977.9
1109130 978.3
1109140 978.3
1109150 978.5
1109160 978.0
1109170 978.0
1109180 976.6
1109190 975.2
1109200 975.2
1109210 974.1
1109220 972.3
1109230 972.3
1109240 976.7
1109250 982.8
1109260 991.1
1109270 991.1
1109280 998.0
1109290 1004.6
1109300 1004.6
1109310 1011.1
1109320 1018.3
1109330 1018.3
1109340 1025.8
1109350 1033.9
1109360 1033.9
1109370 1042.0
1109380 1048.7
1109390 1048.7
1109400 1054.2
1109410 1059.5
1109420 1059.5
1109430 1065.7
1109440 1071.3
1109450 1071.3
1109460 1077.0
1109470 1082.4
1109480 1082.4
1109490 1087.4
1109500 1092.2
1109510 1092.2
1109520 1097.0
1109530 1101.9
1109540 1101.9
1109550 1107.5
1109560 1117.3
1109570 1117.3
1109580 1123.6
1109590 1126.7
1109600 1127.5
1109610 1127.5
1109620 1126.4
1109630 1124.7
1109640 1124.7
1109650 1123.5
1109660 1121.3
1109670 1121.3
1109680 1119.2
1109690 1117.1
1109700 1117.1
1109710 1115.7
1109720 1114.5
1109730 1114.5
1109740 1112.8
1109750 1111.2
1109760 1111.2
1109770 1109.2
1109780 1107.2
1109790 1107.2
1109800 1106.3
1109810 1105.6
1109820 1105.6
1109830 1105.3
1109840 1105.1
1109850 1105.1
1109860 1104.7
1109870 1104.0
1109880 1104.0
1109890 1105.9
1109900 1108.9
1109910 1104.7
1109920 1105.0
1109930 1105.8
1109940 1107.2
1109950 1107.2
1109960 1108.3
1109970 1109.8
1109980 1109.8
1109990 1111.6
1110000 1113.0
1110010 1113.0
1110020 1113.0
1110030 1113.5
1110040 1113.5
1110050 1113.9
1110060 1114.6
1110070 1114.6
1110080 1115.4
1110090 1116.5
1110100 1116.5
1110110 1118.0
1110120 1118.8
1110130 1118.8
1110140 1119.3
1110150 1119.8
1110160 1119.8
1110170 1119.4
1110180 1118.7
1110190 1118.7
1110200 1119.4
1110210 1119.9
1110220 1119.9
1110230 1119.1
1110240 1118.3
1110250 1111.3
1110260 1110.9
1110270 1109.6
1110280 1109.6
1110290 1107.9
1110300 1106.4
1110310 1104.1
1110320 1104.1
1110330 1098.2
1110340 1089.0
1110350 1089.0
1110360 1081.9
1110370 1076.2
1110380 1076.2
1110390 1071.9
1110400 1067.9
1110410 1067.9
1110420 1064.4
1110430 1063.0
1110440 1063.0
1110450 1061.5
1110460 1059.6
1110470 1059.6
1110480 1058.2
1110490 1056.5
1110500 1056.5
1110510 1054.3
1110520 1051.5
1110530 1051.5
1110540 1048.0
1110550 1045.0
1110560 1045.0
1110570 1041.5
1110580 1038.4
1110590 1036.7
1110600 1033.5
1110610 1032.0
1110620 1032.0
1110630 1030.7
1110640 1029.2
1110650 1026.1
1110660 1026.1
1110670 1021.2
1110680 1014.8
1110690 1014.8
1110700 1015.8
1110710 1017.9
1110720 1017.9
1110730 1019.4
1110740 1018.3
1110750 1018.3
1110760 1018.8
1110770 1018.5
1110780 1018.5
1110790 1017.9
1110800 1017.0
1110810 1017.0
1110820 1016.9
1110830 1014.6
1110840 1014.6
1110850 1013.8
1110860 1015.1
1110870 1015.1
1110880 1015.8
1110890 1016.4
1110900 1016.4
1110910 1018.4
1110920 1019.6
1110930 1016.6
1110940 1017.9
1110950 1019.2
1110960 1019.2
1110970 1020.7
1110980 1021.7
1110990 1024.3
1111000 1024.3
1111010 1024.7
1111020 1027.4
1111030 1027.4
1111040 1030.8
1111050 1033.8
1111060 1033.8
1111070 1038.7
1111080 1042.0
1111090 1042.0
1111100 1044.7
1111110 1046.9
1111120 1046.9
1111130 1051.0
1111140 1056.1
1111150 1056.1
1111160 1063.0
1111170 1068.3
1111180 1068.3
1111190 1073.0
1111200 1076.9
1111210 1076.9
1111220 1079.2
1111230 1078.3
1111240 1078.3
1111250 1077.7
1111260 1078.2
1111270 1072.6
1111280 1073.5
1111290 1075.0
1111300 1075.0
1111310 1077.4
1111320 1080.4
1111330 1083.8
1111340 1083.8
1111350 1086.9
1111360 1090.3
1111370 1090.3
1111380 1093.7
1111390 1096.7
1111400 1096.7
1111410 1100.2
1111420 1102.8
1111430 1102.8
1111440 1104.1
1111450 1105.1
1111460 1105.1
1111470 1105.7
1111480 1104.7
1111490 1104.7
1111500 1103.3
1111510 1101.4
1111520 1101.4
1111530 1097.8
1111540 1094.3
1111550 1094.3
1111560 1090.8
1111570 1087.0
1111580 1087.0
1111590 1083.7
1111600 1080.9
1111610 1073.6
1111620 1071.2
1111630 1067.9
1111640 1067.9
1111650 1065.0
1111660 1061.7
1111670 1059.2
1111680 1059.2
1111690 1058.0
1111700 1056.8
1111710 1056.8
1111720 1054.5
1111730 1050.9
1111740 1050.9
1111750 1047.0
1111760 1043.7
1111770 1043.7
1111780 1041.5
1111790 1039.4
1111800 1039.4
1111810 1039.1
1111820 1038.3
1111830 1038.3
1111840 1037.2
1111850 1033.8
1111860 1033.8
1111870 1035.1
1111880 1036.8
1111890 1036.8
1111900 1038.3
1111910 1040.5
1111920 1040.5
1111930 1042.7
1111940 1044.3
1111950 1044.3
1111960 1043.8
1111970 1044.8
1111980 1044.8
1111990 1047.1
1112000 1048.9
1112010 1049.7
1112020 1049.7
1112030 1050.6
1112040 1051.6
1112050 1051.6
1112060 1052.9
1112070 1054.9
1112080 1054.9
1112090 1055.1
1112100 1054.0
1112110 1054.0
1112120 1051.9
1112130 1050.8
1112140 1050.8
1112150 1049.2
1112160 1046.8
1112170 1046.8
1112180 1044.6
1112190 1043.8
1112200 1043.8
1112210 1043.7
1112220 1046.1
1112230 1046.1
1112240 1051.2
1112250 1053.0
1112260 1053.0
1112270 1052.1
1112280 1050.4
1112290 1050.4
1112300 1043.5
1112310 1045.0
1112320 1045.0
1112330 1050.2
1112340 1057.3
1112350 1062.6
1112360 1062.6
1112370 1064.7
1112380 1065.2
1112390 1065.2
1112400 1066.4
1112410 1067.8
1112420 1067.8
1112430 1068.7
1112440 1069.5
1112450 1069.5
1112460 1069.7
1112470 1069.6
1112480 1069.6
1112490 1069.0
1112500 1067.5
1112510 1067.5
1112520 1065.8
1112530 1064.5
1112540 1064.5
1112550 1063.4
1112560 1061.3
1112570 1061.3
1112580 1056.5
1112590 1051.5
1112600 1051.5
1112610 1047.3
1112620 1043.3
1112630 1043.3
1112640 1040.1
1112650 1037.4
1112660 1037.4
1112670 1033.2
1112680 1027.8
1112690 1027.8
1112700 1023.1
1112710 1019.8
1112720 1018.1
1112730 1018.1
1112740 1016.6
1112750 1014.8
1112760 1014.8
1112770 1012.9
1112780 1010.6
1112790 1010.6
1112800 1009.6
1112810 1009.3
1112820 1009.3
1112830 1007.8
1112840 1003.9
1112850 1003.9
1112860 1005.6
1112870 1006.4
1112880 1006.4
1112890 1005.8
1112900 1005.6
1112910 1005.6
1112920 1006.1
1112930 1007.5
1112940 1007.5
1112950 1010.2
1112960 1012.4
1112970 1012.4
1112980 1014.7
1112990 1012.5
1113000 1012.5
1113010 1013.2
1113020 1012.3
1113030 1012.3
1113040 1010.7
1113050 1010.2
1113060 1009.8
1113070 1009.8
1113080 1009.4
1113090 1009.4
1113100 1009.4
1113110 1009.8
1113120 1010.2
1113130 1010.2
1113140 1010.9
1113150 1011.4
1113160 1011.4
1113170 1011.7
1113180 1012.2
1113190 1012.2
1113200 1011.7
1113210 1011.1
1113220 1011.1
1113230 1010.2
1113240 1008.0
1113250 1008.0
1113260 1006.0
1113270 1008.8
1113280 1008.8
1113290 1014.7
1113300 1019.4
1113310 1019.4
1113320 1021.9
1113330 1017.0
1113340 1017.0
1113350 1020.1
1113360 1021.9
1113370 1021.9
1113380 1023.5
1113390 1030.3
1113400 1032.7
1113410 1032.7
1113420 1034.2
1113430 1036.6
1113440 1036.6
1113450 1034.6
1113460 1032.7
1113470 1032.7
1113480 1034.0
1113490 1035.4
1113500 1035.4
1113510 1037.8
1113520 1039.1
1113530 1039.1
1113540 1037.2
1113550 1036.2
1113560 1036.2
1113570 1033.8
1113580 1030.6
1113590 1030.6
1113600 1030.3
1113610 1029.1
1113620 1029.1
1113630 1033.2
1113640 1038.0
1113650 1038.0
1113660 1039.2
1113670 1039.2
1113680 1037.7
1113690 1036.8
1113700 1035.4
1113710 1035.4
1113720 1034.4
1113730 1034.2
1113740 1032.6
1113750 1032.6
1113760 1029.4
1113770 1027.4
1113780 1027.4
1113790 1026.1
1113800 1025.7
1113810 1025.7
1113820 1024.6
1113830 1025.7
1113840 1025.7
1113850 1026.7
1113860 1025.5
1113870 1025.5
1113880 1026.4
1113890 1027.3
1113900 1027.3
1113910 1027.2
1113920 1028.6
1113930 1028.6
1113940 1032.7
1113950 1034.0
1113960 1034.0
1113970 1033.3
1113980 1033.7
1113990 1033.7
1114000 1035.3
1114010 1037.7
1114020 1036.4
1114030 1037.9
1114040 1036.4
1114050 1036.4
1114060 1035.0
1114070 1035.8
1114080 1035.7
1114090 1035.7
1114100 1035.7
1114110 1035.5
1114120 1035.5
1114130 1034.6
1114140 1033.6
1114150 1033.6
1114160 1033.0
1114170 1031.5
1114180 1031.5
1114190 1030.0
1114200 1028.8
1114210 1028.8
1114220 1026.6
1114230 1025.0
1114240 1025.0
1114250 1024.0
1114260 1023.1
1114270 1023.1
1114280 1022.5
1114290 1019.3
1114300 1019.3
1114310 1021.6
1114320 1026.0
1114330 1026.0
1114340 1026.2
1114350 1021.7
1114360 1021.7
1114370 1014.4
1114380 1010.4
1114390 1010.4
1114400 1006.8
1114410 1006.5
1114420 1008.6
1114430 1008.6
1114440 1008.2
1114450 1008.6
1114460 1008.6
1114470 1008.8
1114480 1008.0
1114490 1008.0
1114500 1006.9
1114510 1003.5
1114520 1003.5
1114530 1000.7
1114540 1000.3
1114550 1000.3
1114560 999.7
1114570 996.9
1114580 996.9
1114590 993.1
1114600 990.8
1114610 990.8
1114620 988.1
1114630 985.6
1114640 985.6
1114650 982.7
1114660 980.6
1114670 980.6
1114680 979.0
1114690 977.3
1114700 977.3
1114710 979.5
1114720 980.2
1114730 980.2
1114740 980.5
1114750 980.6
1114760 980.5
1114770 980.5
1114780 980.4
1114790 980.2
1114800 980.2
1114810 979.9
1114820 979.6
1114830 979.6
1114840 979.1
1114850 976.7
1114860 976.7
1114870 973.9
1114880 973.8
1114890 973.8
1114900 973.8
1114910 973.7
1114920 973.7
1114930 973.6
1114940 973.7
1114950 973.7
1114960 973.6
1114970 973.2
1114980 973.2
1114990 972.9
1115000 972.5
1115010 972.5
1115020 974.3
1115030 976.0
1115040 976.0
1115050 976.4
1115060 979.5
1115070 979.5
1115080 980.0
1115090 980.5
1115100 980.5
1115110 981.1
1115120 981.7
1115130 982.1
1115140 982.1
1115150 982.7
1115160 983.2
1115170 983.2
1115180 983.5
1115190 983.7
1115200 983.7
1115210 983.4
1115220 982.5
1115230 982.5
1115240 982.4
1115250 982.9
1115260 982.9
1115270 983.0
1115280 983.0
1115290 983.0
1115300 983.2
1115310 983.6
1115320 983.6
1115330 983.7
1115340 983.4
1115350 983.4
1115360 983.4
1115370 983.9
1115380 983.9
1115390 984.6
1115400 986.9
1115410 986.9
1115420 987.3
1115430 987.6
1115440 987.6
1115450 987.8
1115460 987.7
1115470 987.6
1115480 987.6
1115490 987.9
1115500 988.5
1115510 988.5
1115520 989.1
1115530 989.4
1115540 989.4
1115550 989.9
1115560 990.3
1115570 990.3
1115580 991.0
1115590 991.5
1115600 991.5
1115610 991.7
1115620 992.0
1115630 992.0
1115640 991.9
1115650 991.7
1115660 991.7
1115670 991.8
1115680 991.2
1115690 991.2
1115700 990.3
1115710 989.6
1115720 989.6
1115730 989.7
1115740 990.6
1115750 991.1
1115760 992.3
1115770 993.2
1115780 993.2
1115790 994.1
1115800 994.4
1115810 994.7
1115820 994.7
1115830 994.9
1115840 994.9
1115850 994.9
1115860 995.3
1115870 995.9
1115880 995.9
1115890 996.7
1115900 997.5
1115910 997.5
1115920 997.9
1115930 998.4
1115940 998.4
1115950 999.5
1115960 1000.2
1115970 1000.2
1115980 1000.7
1115990 1001.0
1116000 1001.0
1116010 1002.2
1116020 1003.9
1116030 1003.9
1116040 1005.1
1116050 1005.8
1116060 1005.8
1116070 1006.7
1116080 1007.9
1116090 1007.9
1116100 1012.9
1116110 1011.9
1116120 1011.9
1116130 1010.6
1116140 1011.0
1116150 1012.8
1116160 1012.8
1116170 1014.0
1116180 1015.4
1116190 1015.4
1116200 1016.2
1116210 1018.1
1116220 1018.1
1116230 1019.7
1116240 1021.4
1116250 1021.4
1116260 1022.4
1116270 1023.6
1116280 1023.6
1116290 1024.7
1116300 1027.1
1116310 1027.1
1116320 1029.3
1116330 1030.8
1116340 1030.8
1116350 1033.6
1116360 1037.4
1116370 1037.4
1116380 1039.2
1116390 1039.0
1116400 1039.0
1116410 1040.4
1116420 1044.1
1116430 1044.1
1116440 1049.0
1116450 1051.9
1116460 1051.9
1116470 1053.8
1116480 1056.1
1116490 1058.6
1116500 1058.6
1116510 1060.9
1116520 1062.9
1116530 1062.9
1116540 1064.2
1116550 1064.6
1116560 1064.6
1116570 1064.7
1116580 1065.3
1116590 1065.3
1116600 1066.2
1116610 1066.8
1116620 1066.8
1116630 1067.7
1116640 1069.0
1116650 1069.0
1116660 1070.5
1116670 1071.9
1116680 1071.9
1116690 1073.9
1116700 1074.0
1116710 1074.0
1116720 1074.8
1116730 1074.8
1116740 1074.8
1116750 1074.7
1116760 1074.7
1116770 1074.7
1116780 1074.9
1116790 1077.2
1116800 1077.2
1116810 1081.6
1116820 1084.6
1116830 1086.7
1116840 1086.7
1116850 1087.6
1116860 1088.0
1116870 1088.0
1116880 1089.5
1116890 1091.4
1116900 1091.4
1116910 1092.5
1116920 1093.6
1116930 1093.6
1116940 1094.8
1116950 1096.4
1116960 1096.4
1116970 1096.7
1116980 1091.9
1116990 1091.9
1117000 1093.8
1117010 1098.7
1117020 1098.7
1117030 1101.1
1117040 1102.8
1117050 1102.8
1117060 1104.7
1117070 1106.9
1117080 1106.9
1117090 1109.1
1117100 1111.0
1117110 1111.0
1117120 1112.7
1117130 1114.9
1117140 1116.4
1117150 1118.3
1117160 1121.9
1117170 1126.0
1117180 1126.0
1117190 1128.4
1117200 1131.0
1117210 1131.0
1117220 1133.3
1117230 1135.6
1117240 1135.6
1117250 1137.4
1117260 1138.6
1117270 1138.6
1117280 1139.7
1117290 1141.3
1117300 1141.3
1117310 1143.1
1117320 1145.5
1117330 1145.5
1117340 1150.2
1117350 1155.2
1117360 1155.2
1117370 1160.1
1117380 1163.5
1117390 1163.5
1117400 1165.2
1117410 1165.9
1117420 1165.9
1117430 1165.8
1117440 1164.8
1117450 1164.8
1117460 1165.0
1117470 1165.4
1117480 1165.4
1117490 1170.1
1117500 1170.9
1117510 1170.9
1117520 1170.7
1117530 1170.8
1117540 1171.3
1117550 1171.3
1117560 1172.4
1117570 1173.3
1117580 1173.3
1117590 1174.0
1117600 1174.7
1117610 1174.7
1117620 1176.1
1117630 1178.4
1117640 1178.4
1117650 1180.1
1117660 1181.6
1117670 1181.6
1117680 1183.1
1117690 1184.6
1117700 1184.6
1117710 1186.6
1117720 1188.3
1117730 1188.3
1117740 1189.8
1117750 1191.1
1117760 1191.1
1117770 1192.3
1117780 1193.1
1117790 1193.1
1117800 1194.1
1117810 1195.8
1117820 1195.8
1117830 1200.0
1117840 1201.9
1117850 1201.9
1117860 1203.5
1117870 1204.9
1117880 1206.4
1117890 1206.4
1117900 1208.2
1117910 1209.8
1117920 1209.8
1117930 1211.1
1117940 1212.4
1117950 1212.4
1117960 1214.1
1117970 1215.4
1117980 1215.4
1117990 1216.7
1118000 1217.8
1118010 1217.8
1118020 1218.5
1118030 1218.8
1118040 1218.8
1118050 1219.8
1118060 1221.0
1118070 1221.0
1118080 1221.6
1118090 1222.2
1118100 1222.2
1118110 1222.4
1118120 1221.4
1118130 1221.4
1118140 1221.0
1118150 1221.4
1118160 1221.4
1118170 1221.9
1118180 1224.7
1118190 1224.7
1118200 1224.7
1118210 1223.6
1118220 1222.4
1118230 1222.4
1118240 1219.2
1118250 1217.3
1118260 1217.3
1118270 1217.5
1118280 1216.5
1118290 1216.5
1118300 1215.3
1118310 1215.3
1118320 1215.3
1118330 1215.0
1118340 1214.5
1118350 1214.5
1118360 1214.2
1118370 1215.3
1118380 1215.3
1118390 1216.5
1118400 1216.7
1118410 1216.7
1118420 1217.2
1118430 1216.5
1118440 1216.5
1118450 1215.6
1118460 1215.8
1118470 1215.8
1118480 1215.2
1118490 1215.7
1118500 1215.7
1118510 1216.3
1118520 1216.4
1118530 1218.2
1118540 1218.6
1118550 1218.9
1118560 1217.8
1118570 1217.8
1118580 1217.6
1118590 1216.2
1118600 1216.2
1118610 1214.5
1118620 1213.4
1118630 1213.4
1118640 1212.9
1118650 1212.1
1118660 1212.1
1118670 1210.6
1118680 1208.5
1118690 1208.5
1118700 1206.3
1118710 1205.1
1118720 1205.1
1118730 1204.1
1118740 1203.3
1118750 1203.3
1118760 1202.1
1118770 1200.3
1118780 1200.3
1118790 1198.0
1118800 1196.8
1118810 1196.8
1118820 1195.0
1118830 1192.8
1118840 1192.8
1118850 1190.3
1118860 1187.9
1118870 1187.9
1118880 1179.8
1118890 1170.4
1118900 1164.5
1118910 1164.5
1118920 1161.3
1118930 1156.7
1118940 1156.7
1118950 1155.1
1118960 1160.2
1118970 1160.2
1118980 1166.5
1118990 1175.6
1119000 1175.6
1119010 1183.4
1119020 1186.8
1119030 1186.8
1119040 1187.9
1119050 1189.0
1119060 1189.0
1119070 1190.1
1119080 1191.1
1119090 1191.1
1119100 1191.1
1119110 1189.2
1119120 1189.2
1119130 1187.0
1119140 1184.7
1119150 1184.7
1119160 1180.8
1119170 1182.1
1119180 1182.1
1119190 1185.8
1119200 1187.6
1119210 1187.6
1119220 1189.3
1119230 1190.6
1119240 1192.7
1119250 1192.7
1119260 1193.4
1119270 1193.6
1119280 1193.6
1119290 1194.9
