1100000 640.0
1100010 640.9
1100020 640.7
1100030 640.7
1100040 640.6
1100050 641.8
1100060 641.8
1100070 642.6
1100080 643.2
1100090 643.8
1100100 643.8
1100110 644.2
1100120 644.5
1100130 645.4
1100140 645.7
1100150 646.0
1100160 646.0
1100170 646.1
1100180 646.2
1100190 646.2
1100200 646.6
1100210 646.7
1100220 646.7
1100230 646.8
1100240 647.1
1100250 647.1
1100260 647.5
1100270 648.2
1100280 648.2
1100290 649.0
1100300 649.7
1100310 649.7
1100320 650.2
1100330 650.5
1100340 650.5
1100350 651.0
1100360 651.6
1100370 651.6
1100380 652.0
1100390 652.2
1100400 652.2
1100410 652.3
1100420 652.0
1100430 652.6
1100440 652.6
1100450 653.8
1100460 656.0
1100470 656.0
1100480 656.4
1100490 656.9
1100500 656.9
1100510 657.3
1100520 657.7
1100530 657.7
1100540 658.4
1100550 658.9
1100560 658.9
1100570 659.2
1100580 659.6
1100590 659.6
1100600 660.3
1100610 660.8
1100620 660.8
1100630 661.1
1100640 661.2
1100650 661.2
1100660 661.1
1100670 661.6
1100680 661.6
1100690 662.3
1100700 662.9
1100710 662.9
1100720 663.4
1100730 664.0
1100740 664.0
1100750 664.2
1100760 664.6
1100770 664.6
1100780 664.6
1100790 664.6
1100800 666.4
1100810 666.4
1100820 666.7
1100830 666.9
1100840 666.9
1100850 667.2
1100860 667.3
1100870 667.3
1100880 667.6
1100890 667.9
1100900 667.9
1100910 668.4
1100920 668.8
1100930 668.8
1100940 668.9
1100950 669.0
1100960 669.0
1100970 669.1
1100980 669.5
1100990 669.5
1101000 669.8
1101010 670.1
1101020 670.1
1101030 670.2
1101040 670.5
1101050 670.5
1101060 670.8
1101070 671.1
1101080 671.1
1101090 671.1
1101100 671.2
1101110 671.2
1101120 671.2
1101130 672.3
1101140 672.6
1101150 672.6
1101160 672.9
1101170 673.5
1101180 673.5
1101190 673.9
1101200 674.1
1101210 674.1
1101220 674.0
1101230 673.5
1101240 673.5
1101250 674.1
1101260 674.2
1101270 674.2
1101280 674.0
1101290 673.8
1101300 673.8
1101310 673.8
1101320 673.7
1101330 673.7
1101340 673.8
1101350 673.9
1101360 673.9
1101370 673.8
1101380 673.8
1101390 673.8
1101400 674.0
1101410 674.1
1101420 674.1
1101430 674.1
1101440 673.9
1101450 673.9
1101460 674.8
1101470 674.4
1101480 674.9
1101490 674.9
1101500 674.9
1101510 675.2
1101520 675.2
1101530 675.7
1101540 675.7
1101550 675.7
1101560 675.8
1101570 676.1
1101580 676.1
1101590 676.1
1101600 676.2
1101610 676.2
1101620 676.5
1101630 675.4
1101640 675.4
1101650 669.9
1101660 664.1
1101670 664.1
1101680 661.5
1101690 665.8
1101700 665.8
1101710 671.3
1101720 676.6
1101730 676.6
1101740 679.5
1101750 682.4
1101760 682.4
1101770 684.5
1101780 685.6
1101790 685.6
1101800 686.4
1101810 686.9
1101820 687.2
1101830 687.2
1101840 687.1
1101850 686.8
1101860 686.8
1101870 686.2
1101880 685.8
1101890 685.8
1101900 685.1
1101910 684.6
1101920 684.6
1101930 684.6
1101940 684.9
1101950 684.9
1101960 685.2
1101970 685.8
1101980 685.8
1101990 686.1
1102000 686.3
1102010 686.3
1102020 686.2
1102030 686.0
1102040 686.0
1102050 686.0
1102060 686.3
1102070 686.3
1102080 686.7
1102090 687.1
1102100 687.1
1102110 687.4
1102120 687.7
1102130 689.1
1102140 688.9
1102150 688.5
1102160 688.1
1102170 688.1
1102180 687.7
1102190 687.5
1102200 687.5
1102210 687.4
1102220 688.1
1102230 688.1
1102240 689.6
1102250 689.1
1102260 689.1
1102270 687.3
1102280 687.2
1102290 687.2
1102300 687.2
1102310 687.3
1102320 687.3
1102330 687.3
1102340 687.4
1102350 687.4
1102360 688.6
1102370 691.2
1102380 691.2
1102390 692.4
1102400 692.6
1102410 692.6
1102420 692.7
1102430 692.8
1102440 692.8
1102450 692.9
1102460 693.0
1102470 693.2
1102480 693.2
1102490 693.4
1102500 694.4
1102510 694.4
1102520 697.7
1102530 701.0
1102540 701.0
1102550 702.9
1102560 704.6
1102570 704.6
1102580 705.7
1102590 706.4
1102600 706.4
1102610 707.0
1102620 707.6
1102630 707.6
1102640 708.0
1102650 708.7
1102660 708.7
1102670 709.0
1102680 709.6
1102690 709.6
1102700 710.1
1102710 711.4
1102720 711.4
1102730 712.4
1102740 713.0
1102750 713.0
1102760 713.8
1102770 714.3
1102780 714.3
1102790 714.8
1102800 719.8
1102810 719.8
1102820 721.5
1102830 721.7
1102840 722.3
1102850 722.3
1102860 722.9
1102870 724.5
1102880 724.5
1102890 725.4
1102900 725.4
1102910 725.4
1102920 726.8
1102930 728.1
1102940 728.1
1102950 728.7
1102960 730.2
1102970 730.2
1102980 732.8
1102990 734.4
1103000 734.4
1103010 735.7
1103020 735.3
1103030 735.3
1103040 738.9
1103050 743.5
1103060 743.5
1103070 745.8
1103080 747.3
1103090 747.3
1103100 748.9
1103110 749.6
1103120 749.6
1103130 756.8
1103140 757.3
1103150 757.3
1103160 757.0
1103170 757.9
1103180 757.9
1103190 758.0
1103200 758.8
1103210 760.5
1103220 760.5
1103230 762.4
1103240 763.8
1103250 763.8
1103260 765.5
1103270 767.9
1103280 767.9
1103290 771.1
1103300 773.5
1103310 773.5
1103320 775.4
1103330 777.9
1103340 777.9
1103350 780.2
1103360 782.3
1103370 782.3
1103380 784.3
1103390 786.0
1103400 786.0
1103410 787.3
1103420 788.6
1103430 788.6
1103440 790.0
1103450 791.1
1103460 791.1
1103470 795.6
1103480 797.0
1103490 797.0
1103500 798.2
1103510 799.2
1103520 799.2
1103530 799.9
1103540 800.5
1103550 801.2
1103560 801.2
1103570 801.6
1103580 801.7
1103590 801.7
1103600 801.1
1103610 800.7
1103620 800.7
1103630 800.5
1103640 800.3
1103650 800.3
1103660 800.4
1103670 801.0
1103680 801.0
1103690 801.3
1103700 802.1
1103710 802.1
1103720 805.1
1103730 807.4
1103740 807.4
1103750 808.6
1103760 808.7
1103770 808.7
1103780 805.3
1103790 809.0
1103800 809.0
1103810 815.2
1103820 816.3
1103830 816.3
1103840 817.9
1103850 819.6
1103860 819.6
1103870 821.2
1103880 822.3
1103890 823.0
1103900 823.0
1103910 824.7
1103920 827.2
1103930 827.2
1103940 829.3
1103950 829.2
1103960 829.2
1103970 829.2
1103980 831.9
1103990 831.9
1104000 833.7
1104010 834.3
1104020 834.3
1104030 836.9
1104040 841.2
1104050 841.2
1104060 844.3
1104070 847.0
1104080 847.0
1104090 849.6
1104100 852.4
1104110 852.4
1104120 854.0
1104130 854.4
1104140 861.4
1104150 861.2
1104160 861.5
1104170 861.5
1104180 860.9
1104190 861.0
1104200 861.0
1104210 861.9
1104220 863.2
1104230 862.2
1104240 862.2
1104250 863.8
1104260 868.7
1104270 868.7
1104280 871.5
1104290 874.0
1104300 874.0
1104310 876.5
1104320 879.4
1104330 879.4
1104340 881.9
1104350 884.9
1104360 884.9
1104370 887.4
1104380 889.0
1104390 889.0
1104400 893.2
1104410 897.1
1104420 897.1
1104430 900.1
1104440 903.0
1104450 903.0
1104460 905.7
1104470 908.6
1104480 910.9
1104490 912.2
1104500 913.4
1104510 913.4
1104520 914.2
1104530 914.7
1104540 914.7
1104550 914.7
1104560 914.8
1104570 914.8
1104580 914.7
1104590 914.5
1104600 914.1
1104610 914.1
1104620 913.6
1104630 913.0
1104640 913.0
1104650 912.8
1104660 912.6
1104670 912.6
1104680 912.3
1104690 912.0
1104700 912.0
1104710 911.7
1104720 911.6
1104730 911.6
1104740 911.6
1104750 911.6
1104760 911.6
1104770 911.1
1104780 910.2
1104790 910.2
1104800 908.6
1104810 906.4
1104820 906.4
1104830 904.1
1104840 902.7
1104850 902.7
1104860 902.0
1104870 901.5
1104880 901.5
1104890 901.1
1104900 900.6
1104910 900.6
1104920 900.5
1104930 900.2
1104940 899.8
1104950 899.8
1104960 899.2
1104970 898.5
1104980 898.5
1104990 897.5
1105000 896.2
1105010 896.2
1105020 894.8
1105030 893.4
1105040 893.4
1105050 891.9
1105060 890.0
1105070 890.0
1105080 888.7
1105090 887.9
1105100 887.9
1105110 887.3
1105120 886.4
1105130 886.4
1105140 885.3
1105150 883.4
1105160 883.4
1105170 882.4
1105180 881.3
1105190 881.3
1105200 880.7
1105210 880.0
1105220 880.0
1105230 879.3
1105240 877.6
1105250 877.6
1105260 874.6
1105270 871.2
1105280 871.3
1105290 871.3
1105300 868.6
1105310 865.3
1105320 865.3
1105330 863.2
1105340 861.3
1105350 861.3
1105360 859.5
1105370 857.5
1105380 857.5
1105390 855.2
1105400 852.7
1105410 852.7
1105420 849.5
1105430 847.8
1105440 847.8
1105450 844.9
1105460 839.8
1105470 839.8
1105480 831.3
1105490 827.3
1105500 827.3
1105510 820.4
1105520 815.1
1105530 815.1
1105540 810.7
1105550 806.9
1105560 806.9
1105570 806.2
1105580 805.4
1105590 805.4
1105600 800.9
1105610 795.8
1105620 790.7
1105630 790.7
1105640 786.7
1105650 784.4
1105660 784.4
1105670 782.5
1105680 780.0
1105690 780.0
1105700 777.8
1105710 775.8
1105720 775.8
1105730 773.0
1105740 770.7
1105750 770.7
1105760 768.7
1105770 767.8
1105780 767.8
1105790 766.2
1105800 765.0
1105810 765.0
1105820 765.2
1105830 766.7
1105840 766.7
1105850 767.8
1105860 768.4
1105870 768.4
1105880 768.3
1105890 768.0
1105900 768.0
1105910 767.4
1105920 766.8
1105930 766.8
1105940 766.0
1105950 765.6
1105960 765.2
1105970 765.2
1105980 764.7
1105990 764.2
1106000 764.2
1106010 764.1
1106020 764.1
1106030 764.1
1106040 764.1
1106050 763.8
1106060 763.8
1106070 762.9
1106080 762.0
1106090 762.0
1106100 761.6
1106110 761.5
1106120 761.5
1106130 761.6
1106140 761.3
1106150 761.3
1106160 757.8
1106170 755.9
1106180 755.9
1106190 753.7
1106200 752.4
1106210 752.4
1106220 751.8
1106230 751.5
1106240 751.5
1106250 750.5
1106260 748.6
1106270 748.6
1106280 743.8
1106290 735.4
1106300 735.4
1106310 733.3
1106320 732.9
1106330 732.9
1106340 732.9
1106350 732.9
1106360 732.9
1106370 732.9
1106380 732.9
1106390 732.9
1106400 732.9
1106410 732.9
1106420 732.9
1106430 732.9
1106440 732.9
1106450 732.9
1106460 732.9
1106470 732.9
1106480 732.9
1106490 732.9
1106500 732.9
1106510 732.9
1106520 732.9
1106530 732.9
1106540 732.9
1106550 732.9
1106560 732.9
1106570 732.9
1106580 732.9
1106590 732.9
1106600 732.9
1106610 732.9
1106620 732.9
1106630 732.9
1106640 732.9
1106650 732.9
1106660 732.9
1106670 732.9
1106680 732.9
1106690 732.9
1106700 732.9
1106710 732.9
1106720 732.9
1106730 732.9
1106740 732.9
1106750 732.9
1106760 732.9
1106770 732.9
1106780 732.9
1106790 733.4
1106800 733.4
1106810 737.0
1106820 742.7
1106830 742.7
1106840 748.3
1106850 764.1
1106860 764.1
1106870 764.7
1106880 761.4
1106890 761.4
1106900 759.1
1106910 760.8
1106920 760.8
1106930 762.2
1106940 762.7
1106950 762.7
1106960 763.9
1106970 764.6
1106980 764.6
1106990 764.7
1107000 763.4
1107010 764.5
1107020 764.5
1107030 766.1
1107040 767.8
1107050 767.8
1107060 769.7
1107070 774.2
1107080 774.2
1107090 778.2
1107100 782.0
1107110 782.0
1107120 783.7
1107130 786.3
1107140 786.3
1107150 789.4
1107160 792.0
1107170 792.0
1107180 799.4
1107190 803.0
1107200 803.0
1107210 807.4
1107220 809.6
1107230 809.6
1107240 810.1
1107250 811.0
1107260 811.0
1107270 810.2
1107280 811.1
1107290 811.1
1107300 816.5
1107310 819.0
1107320 819.0
1107330 820.0
1107340 821.0
1107350 822.6
1107360 822.6
1107370 825.3
1107380 828.6
1107390 828.6
1107400 831.5
1107410 833.8
1107420 833.8
1107430 836.0
1107440 838.2
1107450 838.2
1107460 840.3
1107470 842.0
1107480 842.0
1107490 843.8
1107500 845.9
1107510 845.9
1107520 846.6
1107530 848.5
1107540 848.5
1107550 850.1
1107560 851.5
1107570 851.5
1107580 853.1
1107590 854.2
1107600 854.2
1107610 855.5
1107620 856.8
1107630 856.8
1107640 858.3
1107650 860.0
1107660 860.0
1107670 860.8
1107680 862.2
1107690 863.5
1107700 863.5
1107710 864.6
1107720 866.1
1107730 866.1
1107740 867.5
1107750 868.9
1107760 868.9
1107770 870.3
1107780 871.4
1107790 871.4
1107800 872.1
1107810 872.7
1107820 872.7
1107830 874.0
1107840 876.0
1107850 874.8
1107860 876.1
1107870 877.1
1107880 877.1
1107890 877.8
1107900 878.1
1107910 878.1
1107920 879.1
1107930 880.8
1107940 880.8
1107950 882.5
1107960 883.8
1107970 883.8
1107980 884.9
1107990 885.8
1108000 885.8
1108010 885.9
1108020 885.0
1108030 885.0
1108040 883.7
1108050 883.1
1108060 882.5
1108070 882.5
1108080 880.3
1108090 876.3
1108100 876.3
1108110 873.7
1108120 872.9
1108130 872.9
1108140 871.1
1108150 868.8
1108160 868.8
1108170 867.2
1108180 866.2
1108190 854.0
1108200 852.2
1108210 850.4
1108220 850.4
1108230 850.6
1108240 851.3
1108250 851.3
1108260 855.3
1108270 863.1
1108280 863.1
1108290 870.8
1108300 875.7
1108310 875.7
1108320 880.9
1108330 887.6
1108340 887.6
1108350 893.3
1108360 898.2
1108370 898.2
1108380 903.1
1108390 907.1
1108400 911.1
1108410 911.1
1108420 915.9
1108430 920.3
1108440 920.3
1108450 924.8
1108460 930.0
1108470 930.0
1108480 934.7
1108490 937.3
1108500 937.3
1108510 939.3
1108520 940.9
1108530 941.7
1108540 943.4
1108550 944.8
1108560 944.8
1108570 947.0
1108580 949.1
1108590 949.1
1108600 950.9
1108610 952.8
1108620 952.8
1108630 954.3
1108640 955.5
1108650 955.5
1108660 957.1
1108670 958.4
1108680 958.4
1108690 959.7
1108700 961.3
1108710 961.3
1108720 962.8
1108730 964.6
1108740 966.7
1108750 966.7
1108760 968.3
1108770 969.5
1108780 969.5
1108790 971.3
1108800 973.5
1108810 973.5
1108820 975.7
1108830 977.9
1108840 977.9
1108850 980.2
1108860 982.2
1108870 982.3
1108880 983.8
1108890 985.9
1108900 985.9
1108910 988.1
1108920 990.0
1108930 990.0
1108940 992.2
1108950 993.6
1108960 993.6
1108970 995.5
1108980 997.3
1108990 997.3
1109000 999.7
1109010 1002.0
1109020 1002.0
1109030 1004.3
1109040 1006.8
1109050 1006.8
1109060 1009.1
1109070 1011.4
1109080 1013.9
1109090 1013.9
1109100 1016.4
1109110 1019.0
1109120 1019.0
1109130 1021.8
1109140 1024.2
1109150 1024.2
1109160 1026.1
1109170 1028.1
1109180 1028.1
1109190 1029.8
1109200 1032.9
1109210 1032.3
1109220 1035.9
1109230 1039.2
1109240 1039.2
1109250 1041.4
1109260 1043.8
1109270 1043.8
1109280 1045.9
1109290 1049.1
1109300 1049.1
1109310 1051.4
1109320 1053.7
1109330 1053.7
1109340 1057.7
1109350 1063.8
1109360 1063.8
1109370 1069.8
1109380 1075.2
1109390 1075.2
1109400 1079.9
1109410 1084.7
1109420 1088.6
1109430 1088.6
1109440 1093.0
1109450 1097.0
1109460 1097.0
1109470 1100.2
1109480 1103.1
1109490 1103.1
1109500 1106.6
1109510 1110.5
1109520 1110.5
1109530 1114.4
1109540 1117.8
1109550 1118.4
1109560 1123.9
1109570 1128.5
1109580 1128.5
1109590 1133.6
1109600 1138.8
1109610 1138.8
1109620 1141.3
1109630 1142.2
1109640 1142.2
1109650 1142.1
1109660 1141.7
1109670 1141.7
1109680 1141.4
1109690 1141.3
1109700 1141.3
1109710 1141.2
1109720 1141.2
1109730 1141.2
1109740 1141.3
1109750 1141.2
1109760 1141.2
1109770 1141.6
1109780 1142.6
1109790 1143.7
1109800 1143.7
1109810 1144.7
1109820 1145.3
1109830 1145.3
1109840 1145.6
1109850 1145.9
1109860 1145.9
1109870 1146.5
1109880 1147.0
1109890 1147.0
1109900 1147.2
1109910 1149.1
1109920 1149.1
1109930 1150.6
1109940 1151.7
1109950 1151.7
1109960 1152.3
1109970 1153.1
1109980 1153.1
1109990 1153.7
1110000 1155.1
1110010 1155.1
1110020 1156.8
1110030 1158.4
1110040 1158.4
1110050 1160.0
1110060 1161.3
1110070 1161.3
1110080 1162.5
1110090 1162.9
1110100 1162.9
1110110 1163.1
1110120 1164.9
1110130 1165.0
1110140 1165.0
1110150 1164.9
1110160 1166.1
1110170 1166.1
1110180 1167.7
1110190 1168.9
1110200 1168.9
1110210 1170.1
1110220 1171.3
1110230 1171.3
1110240 1172.0
1110250 1173.2
1110260 1173.2
1110270 1174.1
1110280 1174.8
1110290 1174.8
1110300 1174.8
1110310 1173.9
1110320 1173.9
1110330 1172.0
1110340 1170.8
1110350 1170.8
1110360 1169.8
1110370 1166.7
1110380 1166.7
1110390 1163.0
1110400 1158.8
1110410 1158.8
1110420 1155.1
1110430 1151.4
1110440 1151.4
1110450 1148.3
1110460 1141.6
1110470 1134.6
1110480 1134.6
1110490 1127.9
1110500 1121.7
1110510 1121.7
1110520 1116.8
1110530 1114.5
1110540 1114.5
1110550 1110.5
1110560 1107.9
1110570 1107.9
1110580 1107.5
1110590 1107.5
1110600 1107.5
1110610 1109.0
1110620 1110.5
1110630 1110.5
1110640 1111.7
1110650 1112.7
1110660 1112.7
1110670 1113.3
1110680 1114.4
1110690 1114.4
1110700 1117.2
1110710 1122.2
1110720 1122.2
1110730 1129.7
1110740 1135.5
1110750 1135.5
1110760 1140.0
1110770 1143.9
1110780 1143.9
1110790 1147.1
1110800 1150.4
1110810 1153.1
1110820 1153.1
1110830 1156.0
1110840 1160.9
1110850 1160.9
1110860 1163.2
1110870 1164.9
1110880 1164.9
1110890 1168.3
1110900 1170.9
1110910 1170.9
1110920 1171.7
1110930 1186.9
1110940 1186.9
1110950 1201.7
1110960 1209.0
1110970 1209.0
1110980 1206.2
1110990 1202.5
1111000 1202.5
1111010 1201.6
1111020 1197.5
1111030 1197.5
1111040 1194.3
1111050 1194.5
1111060 1194.5
1111070 1193.6
1111080 1190.1
1111090 1190.1
1111100 1187.9
1111110 1186.8
1111120 1186.8
1111130 1184.9
1111140 1182.7
1111150 1181.2
1111160 1181.2
1111170 1179.6
1111180 1177.6
1111190 1177.6
1111200 1175.4
1111210 1173.9
1111220 1173.9
1111230 1173.6
1111240 1172.8
1111250 1172.8
1111260 1164.8
1111270 1163.8
1111280 1163.8
1111290 1163.4
1111300 1162.0
1111310 1162.0
1111320 1161.7
1111330 1161.6
1111340 1161.6
1111350 1164.0
1111360 1168.0
1111370 1168.0
1111380 1168.5
1111390 1168.7
1111400 1168.7
1111410 1168.6
1111420 1169.2
1111430 1169.2
1111440 1170.1
1111450 1171.2
1111460 1171.2
1111470 1171.2
1111480 1171.5
1111490 1172.0
1111500 1172.0
1111510 1172.5
1111520 1172.7
1111530 1172.7
1111540 1172.1
1111550 1170.1
1111560 1170.1
1111570 1165.4
1111580 1159.4
1111590 1159.4
1111600 1150.4
1111610 1146.6
1111620 1146.6
1111630 1142.7
1111640 1138.4
1111650 1138.4
1111660 1134.3
1111670 1129.9
1111680 1129.9
1111690 1125.4
1111700 1121.0
1111710 1121.0
1111720 1117.9
1111730 1116.2
1111740 1116.2
1111750 1112.7
1111760 1108.3
1111770 1108.3
1111780 1101.3
1111790 1096.4
1111800 1096.4
1111810 1097.7
1111820 1100.1
1111830 1100.1
1111840 1104.1
1111850 1108.1
1111860 1107.5
1111870 1107.5
1111880 1106.3
1111890 1107.4
1111900 1107.4
1111910 1113.2
1111920 1122.1
1111930 1122.1
1111940 1128.4
1111950 1131.0
1111960 1131.0
1111970 1133.2
1111980 1134.4
1111990 1134.4
1112000 1135.1
1112010 1136.4
1112020 1136.4
1112030 1136.7
1112040 1136.0
1112050 1136.0
1112060 1136.3
1112070 1135.9
1112080 1135.9
1112090 1135.8
1112100 1135.8
1112110 1135.8
1112120 1135.1
1112130 1136.4
1112140 1136.4
1112150 1141.0
1112160 1143.5
1112170 1143.5
1112180 1148.1
1112190 1153.3
1112200 1157.1
1112210 1157.1
1112220 1160.2
1112230 1163.3
1112240 1163.3
1112250 1166.5
1112260 1170.0
1112270 1170.0
1112280 1174.5
1112290 1179.3
1112300 1179.3
1112310 1181.1
1112320 1181.9
1112330 1181.9
1112340 1181.1
1112350 1178.8
1112360 1178.8
1112370 1175.2
1112380 1168.3
1112390 1168.3
1112400 1162.6
1112410 1156.5
1112420 1156.5
1112430 1150.1
1112440 1144.1
1112450 1144.1
1112460 1137.7
1112470 1131.5
1112480 1131.5
1112490 1124.9
1112500 1118.2
1112510 1118.2
1112520 1114.0
1112530 1109.5
1112540 1103.8
1112550 1103.8
1112560 1099.0
1112570 1094.9
1112580 1094.9
1112590 1092.0
1112600 1090.7
1112610 1090.7
1112620 1089.7
1112630 1087.4
1112640 1087.4
1112650 1085.8
1112660 1084.0
1112670 1084.0
1112680 1080.4
1112690 1079.2
1112700 1079.2
1112710 1077.9
1112720 1076.2
1112730 1076.2
1112740 1074.5
1112750 1075.3
1112760 1075.3
1112770 1078.2
1112780 1080.0
1112790 1080.0
1112800 1082.1
1112810 1082.5
1112820 1082.5
1112830 1082.9
1112840 1084.7
1112850 1084.7
1112860 1086.1
1112870 1088.2
1112880 1090.2
1112890 1090.2
1112900 1090.5
1112910 1090.5
1112920 1090.5
1112930 1091.1
1112940 1091.2
1112950 1091.2
1112960 1089.3
1112970 1086.1
1112980 1081.3
1112990 1085.4
1113000 1087.3
1113010 1087.3
1113020 1087.8
1113030 1092.4
1113040 1092.4
1113050 1096.6
1113060 1097.8
1113070 1097.8
1113080 1100.9
1113090 1106.8
1113100 1106.8
1113110 1113.4
1113120 1117.2
1113130 1117.2
1113140 1119.5
1113150 1123.3
1113160 1123.3
1113170 1129.8
1113180 1135.2
1113190 1135.2
1113200 1138.3
1113210 1139.1
1113220 1139.5
1113230 1139.5
1113240 1141.3
1113250 1142.8
1113260 1142.8
1113270 1142.8
1113280 1140.7
1113290 1140.7
1113300 1139.5
1113310 1139.1
1113320 1139.5
1113330 1141.8
1113340 1145.1
1113350 1145.1
1113360 1147.5
1113370 1147.3
1113380 1147.3
1113390 1147.3
1113400 1148.8
1113410 1148.8
1113420 1147.2
1113430 1139.7
1113440 1139.7
1113450 1133.2
1113460 1127.8
1113470 1127.8
1113480 1119.5
1113490 1116.7
1113500 1116.7
1113510 1115.7
1113520 1114.2
1113530 1114.2
1113540 1112.4
1113550 1108.9
1113560 1108.9
1113570 1102.8
1113580 1096.7
1113590 1091.1
1113600 1091.1
1113610 1087.1
1113620 1086.1
1113630 1086.1
1113640 1085.2
1113650 1084.6
1113660 1084.6
1113670 1083.0
1113680 1084.4
1113690 1084.4
1113700 1085.7
1113710 1086.4
1113720 1086.4
1113730 1087.7
1113740 1087.4
1113750 1087.4
1113760 1086.2
1113770 1086.6
1113780 1086.6
1113790 1086.6
1113800 1085.7
1113810 1085.7
1113820 1086.0
1113830 1089.2
1113840 1089.2
1113850 1093.0
1113860 1094.1
1113870 1094.1
1113880 1095.3
1113890 1097.2
1113900 1097.2
1113910 1100.2
1113920 1103.4
1113930 1104.7
1113940 1104.7
1113950 1105.4
1113960 1106.0
1113970 1106.0
1113980 1105.8
1113990 1105.1
1114000 1105.1
1114010 1103.6
1114020 1103.0
1114030 1103.0
1114040 1101.8
1114050 1100.0
1114060 1100.0
1114070 1099.5
1114080 1099.1
1114090 1099.1
1114100 1097.9
1114110 1096.7
1114120 1096.7
1114130 1095.7
1114140 1095.4
1114150 1095.4
1114160 1095.7
1114170 1095.3
1114180 1095.3
1114190 1093.7
1114200 1090.5
1114210 1090.5
1114220 1091.6
1114230 1097.0
1114240 1097.0
1114250 1101.5
1114260 1104.4
1114270 1107.5
1114280 1107.5
1114290 1112.6
1114300 1120.1
1114310 1120.1
1114320 1126.2
1114330 1134.7
1114340 1134.7
1114350 1141.6
1114360 1139.1
1114370 1139.1
1114380 1138.1
1114390 1135.7
1114400 1135.7
1114410 1133.1
1114420 1130.8
1114430 1130.8
1114440 1127.6
1114450 1124.4
1114460 1124.4
1114470 1122.5
1114480 1122.0
1114490 1122.0
1114500 1120.2
1114510 1120.5
1114520 1120.5
1114530 1118.6
1114540 1116.1
1114550 1116.1
1114560 1112.0
1114570 1107.4
1114580 1107.4
1114590 1102.0
1114600 1098.1
1114610 1093.3
1114620 1093.3
1114630 1089.0
1114640 1086.9
1114650 1086.9
1114660 1086.3
1114670 1078.0
1114680 1078.0
1114690 1067.2
1114700 1055.3
1114710 1055.3
1114720 1048.5
1114730 1045.4
1114740 1045.4
1114750 1042.2
1114760 1040.1
1114770 1040.1
1114780 1038.1
1114790 1034.9
1114800 1034.9
1114810 1031.4
1114820 1030.4
1114830 1030.4
1114840 1030.2
1114850 1027.7
1114860 1027.7
1114870 1024.5
1114880 1022.9
1114890 1022.9
1114900 1021.1
1114910 1018.7
1114920 1018.7
1114930 1017.3
1114940 1014.0
1114950 1009.0
1114960 1009.0
1114970 1006.7
1114980 1007.8
1114990 1007.8
1115000 1009.3
1115010 1013.7
1115020 1013.7
1115030 1017.5
1115040 1019.1
1115050 1019.2
1115060 1018.6
1115070 1017.3
1115080 1017.3
1115090 1010.9
1115100 1003.7
1115110 1003.7
1115120 996.4
1115130 990.5
1115140 990.5
1115150 986.9
1115160 986.2
1115170 986.2
1115180 985.3
1115190 985.2
1115200 985.2
1115210 985.4
1115220 986.2
1115230 986.2
1115240 987.8
1115250 988.4
1115260 988.4
1115270 988.4
1115280 988.3
1115290 989.7
1115300 989.7
1115310 991.7
1115320 993.7
1115330 993.7
1115340 994.0
1115350 993.3
1115360 993.3
1115370 992.7
1115380 992.6
1115390 994.5
1115400 994.1
1115410 994.4
1115420 994.4
1115430 995.5
1115440 996.6
1115450 996.6
1115460 997.4
1115470 998.0
1115480 998.0
1115490 998.6
1115500 999.5
1115510 999.5
1115520 1000.0
1115530 999.7
1115540 999.7
1115550 999.1
1115560 998.0
1115570 998.0
1115580 996.4
1115590 994.1
1115600 994.1
1115610 991.4
1115620 989.7
1115630 989.7
1115640 988.8
1115650 988.1
1115660 987.3
1115670 987.3
1115680 986.1
1115690 985.2
1115700 985.2
1115710 984.7
1115720 983.9
1115730 983.9
1115740 983.3
1115750 983.0
1115760 983.0
1115770 982.2
1115780 981.1
1115790 981.1
1115800 979.4
1115810 979.8
1115820 979.8
1115830 980.5
1115840 980.7
1115850 980.7
1115860 980.8
1115870 980.8
1115880 980.8
1115890 981.0
1115900 981.2
1115910 981.2
1115920 980.9
1115930 979.9
1115940 979.9
1115950 980.1
1115960 981.0
1115970 981.0
1115980 981.3
1115990 981.5
1116000 981.8
1116010 981.8
1116020 982.0
1116030 982.3
1116040 982.3
1116050 982.6
1116060 982.8
1116070 982.8
1116080 982.9
1116090 983.5
1116100 983.5
1116110 983.6
1116120 984.1
1116130 984.1
1116140 984.4
1116150 985.2
1116160 985.2
1116170 985.7
1116180 986.6
1116190 986.6
1116200 988.0
1116210 989.1
1116220 989.1
1116230 990.2
1116240 991.6
1116250 991.6
1116260 992.3
1116270 992.8
1116280 992.8
1116290 993.0
1116300 993.4
1116310 993.4
1116320 993.9
1116330 994.3
1116340 994.8
1116350 994.8
1116360 995.4
1116370 995.8
1116380 995.8
1116390 996.5
1116400 997.1
1116410 997.1
1116420 997.5
1116430 998.8
1116440 998.8
1116450 999.4
1116460 999.5
1116470 999.5
1116480 999.4
1116490 999.3
1116500 999.3
1116510 999.1
1116520 999.0
1116530 999.0
1116540 998.9
1116550 999.0
1116560 999.0
1116570 998.2
1116580 998.9
1116590 998.9
1116600 1000.2
1116610 1001.8
1116620 1001.8
1116630 1003.7
1116640 1005.7
1116650 1005.7
1116660 1006.3
1116670 1006.8
1116680 1008.6
1116690 1008.6
1116700 1010.3
1116710 1011.9
1116720 1011.9
1116730 1013.7
1116740 1015.5
1116750 1015.5
1116760 1019.0
1116770 1023.0
1116780 1026.5
1116790 1031.8
1116800 1036.3
1116810 1036.3
1116820 1041.6
1116830 1043.9
1116840 1043.9
1116850 1044.9
1116860 1045.1
1116870 1045.1
1116880 1044.8
1116890 1043.8
1116900 1043.8
1116910 1042.6
1116920 1042.4
1116930 1042.4
1116940 1043.3
1116950 1044.6
1116960 1044.6
1116970 1046.4
1116980 1048.0
1116990 1048.0
1117000 1049.1
1117010 1050.2
1117020 1052.2
1117030 1052.2
1117040 1054.9
1117050 1057.4
1117060 1057.4
1117070 1059.8
1117080 1062.0
1117090 1062.0
1117100 1064.5
1117110 1066.8
1117120 1066.8
1117130 1071.7
1117140 1073.5
1117150 1073.5
1117160 1074.5
1117170 1074.6
1117180 1074.6
1117190 1074.2
1117200 1069.2
1117210 1069.2
1117220 1071.2
1117230 1074.4
1117240 1074.4
1117250 1075.2
1117260 1075.5
1117270 1075.5
1117280 1076.6
1117290 1078.8
1117300 1078.8
1117310 1081.9
1117320 1087.4
1117330 1087.4
1117340 1092.1
1117350 1095.4
1117360 1095.4
1117370 1097.8
1117380 1099.2
1117390 1100.2
1117400 1100.2
1117410 1103.0
1117420 1105.6
1117430 1105.6
1117440 1106.9
1117450 1108.4
1117460 1108.4
1117470 1110.0
1117480 1116.5
1117490 1116.5
1117500 1117.9
1117510 1116.1
1117520 1116.1
1117530 1110.3
1117540 1105.9
1117550 1105.9
1117560 1103.9
1117570 1102.3
1117580 1102.3
1117590 1101.1
1117600 1101.0
1117610 1101.0
1117620 1103.6
1117630 1105.2
1117640 1105.2
1117650 1106.1
1117660 1107.8
1117670 1107.8
1117680 1109.0
1117690 1110.2
1117700 1110.2
1117710 1110.6
1117720 1111.1
1117730 1111.1
1117740 1111.1
1117750 1111.3
1117760 1112.1
1117770 1112.1
1117780 1113.7
1117790 1114.4
1117800 1114.4
1117810 1118.2
1117820 1127.4
1117830 1127.4
1117840 1129.9
1117850 1130.6
1117860 1130.6
1117870 1131.7
1117880 1137.6
1117890 1137.6
1117900 1143.2
1117910 1143.4
1117920 1143.4
1117930 1145.0
1117940 1145.6
1117950 1145.6
1117960 1146.0
1117970 1145.6
1117980 1145.6
1117990 1144.2
1118000 1144.9
1118010 1144.9
1118020 1146.3
1118030 1147.5
1118040 1147.5
1118050 1148.0
1118060 1147.8
1118070 1147.4
1118080 1147.4
1118090 1148.0
1118100 1148.6
1118110 1148.6
1118120 1149.3
1118130 1150.2
1118140 1150.2
1118150 1150.9
1118160 1150.2
1118170 1153.6
1118180 1150.4
1118190 1151.7
1118200 1151.7
1118210 1156.0
1118220 1156.4
1118230 1156.4
1118240 1156.4
1118250 1156.9
1118260 1156.9
1118270 1156.0
1118280 1155.3
1118290 1155.3
1118300 1154.3
1118310 1154.4
1118320 1154.4
1118330 1153.6
1118340 1151.0
1118350 1151.0
1118360 1149.8
1118370 1152.7
1118380 1152.7
1118390 1152.5
1118400 1148.5
1118410 1142.9
1118420 1142.9
1118430 1145.3
1118440 1148.8
1118450 1148.8
1118460 1146.8
1118470 1145.2
1118480 1145.2
1118490 1142.1
1118500 1137.0
1118510 1137.0
1118520 1137.7
1118530 1134.6
1118540 1134.6
1118550 1135.0
1118560 1139.8
1118570 1139.8
1118580 1143.3
1118590 1139.1
1118600 1139.1
1118610 1140.0
1118620 1143.9
1118630 1143.9
1118640 1145.2
1118650 1144.3
1118660 1144.3
1118670 1143.8
1118680 1144.7
1118690 1144.7
1118700 1145.0
1118710 1144.9
1118720 1144.9
1118730 1143.9
1118740 1145.3
1118750 1145.2
1118760 1145.2
1118770 1145.5
1118780 1145.3
1118790 1145.3
1118800 1144.0
1118810 1142.9
1118820 1142.9
1118830 1142.7
1118840 1141.4
1118850 1141.4
1118860 1138.0
1118870 1136.5
1118880 1136.5
1118890 1133.0
1118900 1130.1
1118910 1130.1
1118920 1128.1
1118930 1126.5
1118940 1126.5
1118950 1125.0
1118960 1124.3
1118970 1124.3
1118980 1124.8
1118990 1125.2
1119000 1125.2
1119010 1125.1
1119020 1124.7
1119030 1124.7
1119040 1124.0
1119050 1123.3
1119060 1123.3
1119070 1122.6
1119080 1120.9
1119090 1117.3
1119100 1117.3
1119110 1113.3
1119120 1112.3
1119130 1112.3
1119140 1116.7
1119150 1119.4
1119160 1119.4
1119170 1120.9
1119180 1121.9
1119190 1121.9
1119200 1123.0
1119210 1123.8
1119220 1125.6
1119230 1126.9
1119240 1128.4
1119250 1128.4
1119260 1129.5
1119270 1131.2
1119280 1131.2
1119290 1132.2
1119300 1132.4
1119310 1132.4
1119320 1132.9
1119330 1133.9
1119340 1133.9
1119350 1135.6
1119360 1138.6
1119370 1138.6
1119380 1142.2
1119390 1144.7
1119400 1144.7
1119410 1145.4
1119420 1144.5
1119430 1144.5
1119440 1143.6
1119450 1142.9
1119460 1143.3
1119470 1143.3
