1100000 572.7
1100010 575.8
1100020 579.2
1100030 579.2
1100040 584.4
1100050 587.7
1100060 587.7
1100070 587.8
1100080 586.3
1100090 586.3
1100100 584.1
1100110 577.2
1100120 577.2
1100130 571.7
1100140 567.8
1100150 567.8
1100160 571.8
1100170 573.5
1100180 573.5
1100190 575.9
1100200 582.8
1100210 582.8
1100220 586.5
1100230 585.3
1100240 585.3
1100250 585.9
1100260 589.6
1100270 589.6
1100280 594.8
1100290 601.0
1100300 601.6
1100310 601.6
1100320 598.2
1100330 599.7
1100340 599.7
1100350 603.9
1100360 612.5
1100370 612.5
1100380 620.0
1100390 624.7
1100400 624.7
1100410 625.4
1100420 623.3
1100430 623.3
1100440 619.6
1100450 625.1
1100460 625.1
1100470 626.8
1100480 623.0
1100490 623.0
1100500 615.7
1100510 616.9
1100520 616.9
1100530 622.3
1100540 619.6
1100550 619.6
1100560 618.0
1100570 617.3
1100580 617.3
1100590 616.9
1100600 615.9
1100610 615.9
1100620 620.2
1100630 622.7
1100640 622.7
1100650 621.1
1100660 619.6
1100670 621.0
1100680 621.0
1100690 625.6
1100700 628.4
1100710 628.4
1100720 630.4
1100730 630.3
1100740 630.3
1100750 632.6
1100760 635.0
1100770 635.0
1100780 635.1
1100790 635.8
1100800 635.8
1100810 635.9
1100820 636.1
1100830 636.1
1100840 636.5
1100850 636.8
1100860 636.8
1100870 637.1
1100880 637.1
1100890 637.1
1100900 637.3
1100910 637.2
1100920 637.2
1100930 637.0
1100940 637.2
1100950 637.2
1100960 637.4
1100970 638.0
1100980 638.0
1100990 638.3
1101000 638.2
1101010 637.7
1101020 637.7
1101030 637.5
1101040 637.4
1101050 637.4
1101060 637.0
1101070 637.9
1101080 637.9
1101090 637.8
1101100 637.7
1101110 637.1
1101120 637.6
1101130 637.8
1101140 637.8
1101150 638.2
1101160 638.8
1101170 638.8
1101180 640.6
1101190 641.6
1101200 641.6
1101210 642.1
1101220 642.5
1101230 642.5
1101240 642.9
1101250 643.1
1101260 643.1
1101270 643.4
1101280 643.4
1101290 643.4
1101300 643.3
1101310 643.6
1101320 643.6
1101330 644.6
1101340 645.2
1101350 645.7
1101360 645.7
1101370 645.8
1101380 645.8
1101390 645.8
1101400 646.1
1101410 646.6
1101420 646.6
1101430 647.0
1101440 647.9
1101450 647.9
1101460 648.1
1101470 648.2
1101480 648.2
1101490 648.6
1101500 649.0
1101510 649.0
1101520 649.3
1101530 649.8
1101540 649.8
1101550 650.4
1101560 650.9
1101570 650.9
1101580 651.5
1101590 652.4
1101600 652.4
1101610 653.7
1101620 655.0
1101630 655.0
1101640 656.2
1101650 657.2
1101660 657.2
1101670 658.0
1101680 658.7
1101690 658.7
1101700 660.0
1101710 661.3
1101720 662.5
1101730 662.5
1101740 663.5
1101750 664.2
1101760 664.2
1101770 664.7
1101780 666.8
1101790 666.8
1101800 667.7
1101810 669.6
1101820 669.6
1101830 670.0
1101840 671.0
1101850 671.0
1101860 672.1
1101870 673.4
1101880 673.4
1101890 674.7
1101900 675.9
1101910 675.9
1101920 677.0
1101930 678.5
1101940 678.5
1101950 679.9
1101960 681.2
1101970 681.2
1101980 682.6
1101990 684.2
1102000 684.2
1102010 685.5
1102020 687.1
1102030 687.1
1102040 688.9
1102050 690.2
1102060 690.7
1102070 690.7
1102080 691.1
1102090 691.5
1102100 691.5
1102110 692.6
1102120 693.7
1102130 693.7
1102140 694.6
1102150 695.3
1102160 695.3
1102170 695.5
1102180 695.7
1102190 695.7
1102200 695.6
1102210 695.1
1102220 695.1
1102230 694.7
1102240 694.3
1102250 694.3
1102260 694.1
1102270 694.0
1102280 694.0
1102290 694.1
1102300 694.1
1102310 694.1
1102320 694.4
1102330 694.6
1102340 694.6
1102350 694.9
1102360 695.0
1102370 695.0
1102380 695.3
1102390 695.6
1102400 696.1
1102410 696.1
1102420 696.4
1102430 696.7
1102440 696.7
1102450 696.6
1102460 696.7
1102470 696.7
1102480 696.9
1102490 697.1
1102500 697.1
1102510 697.3
1102520 697.6
1102530 697.6
1102540 698.1
1102550 698.5
1102560 698.5
1102570 698.8
1102580 699.0
1102590 699.0
1102600 699.3
1102610 700.4
1102620 700.4
1102630 700.7
1102640 700.6
1102650 700.6
1102660 700.9
1102670 701.1
1102680 701.1
1102690 700.9
1102700 700.8
1102710 700.8
1102720 700.7
1102730 700.7
1102740 700.7
1102750 701.0
1102760 701.3
1102770 701.4
1102780 701.3
1102790 701.6
1102800 701.9
1102810 701.9
1102820 701.5
1102830 701.0
1102840 701.0
1102850 701.6
1102860 702.2
1102870 702.2
1102880 702.6
1102890 702.9
1102900 702.9
1102910 703.1
1102920 703.1
1102930 703.1
1102940 703.5
1102950 704.1
1102960 704.1
1102970 705.4
1102980 708.5
1102990 708.5
1103000 711.7
1103010 714.6
1103020 714.6
1103030 716.7
1103040 718.3
1103050 718.3
1103060 719.5
1103070 720.3
1103080 720.3
1103090 720.8
1103100 721.1
1103110 721.6
1103120 721.2
1103130 721.5
1103140 721.5
1103150 721.5
1103160 721.5
1103170 721.0
1103180 721.0
1103190 720.9
1103200 720.3
1103210 720.3
1103220 719.8
1103230 719.4
1103240 719.4
1103250 719.2
1103260 719.2
1103270 719.2
1103280 719.1
1103290 719.1
1103300 719.1
1103310 719.0
1103320 718.8
1103330 718.8
1103340 718.8
1103350 718.9
1103360 718.9
1103370 719.3
1103380 719.3
1103390 719.3
1103400 719.4
1103410 719.5
1103420 719.5
1103430 719.5
1103440 719.7
1103450 719.7
1103460 719.7
1103470 719.6
1103480 719.6
1103490 719.6
1103500 719.6
1103510 719.6
1103520 719.6
1103530 719.8
1103540 719.6
1103550 719.6
1103560 719.5
1103570 719.5
1103580 719.5
1103590 719.7
1103600 719.9
1103610 719.9
1103620 720.0
1103630 720.1
1103640 720.1
1103650 720.3
1103660 720.5
1103670 720.5
1103680 720.6
1103690 721.3
1103700 721.3
1103710 721.2
1103720 721.0
1103730 721.0
1103740 720.6
1103750 720.1
1103760 720.1
1103770 719.7
1103780 719.6
1103790 719.8
1103800 719.9
1103810 719.5
1103820 719.2
1103830 719.2
1103840 718.8
1103850 718.2
1103860 718.2
1103870 717.9
1103880 717.9
1103890 717.9
1103900 718.1
1103910 718.4
1103920 718.4
1103930 718.5
1103940 718.9
1103950 718.9
1103960 719.0
1103970 719.7
1103980 719.7
1103990 719.9
1104000 720.3
1104010 720.3
1104020 720.2
1104030 719.5
1104040 719.5
1104050 719.1
1104060 718.5
1104070 718.5
1104080 717.7
1104090 717.0
1104100 717.0
1104110 716.3
1104120 716.0
1104130 716.0
1104140 715.7
1104150 716.1
1104160 716.5
1104170 716.5
1104180 716.8
1104190 717.4
1104200 717.4
1104210 718.0
1104220 718.4
1104230 718.4
1104240 718.9
1104250 719.6
1104260 719.6
1104270 720.5
1104280 721.4
1104290 721.4
1104300 722.4
1104310 723.3
1104320 723.3
1104330 724.4
1104340 725.5
1104350 725.5
1104360 726.7
1104370 727.8
1104380 727.8
1104390 728.8
1104400 729.7
1104410 729.7
1104420 730.5
1104430 731.2
1104440 731.2
1104450 731.8
1104460 732.7
1104470 732.7
1104480 733.5
1104490 734.4
1104500 735.1
1104510 735.1
1104520 736.1
1104530 736.4
1104540 736.4
1104550 736.4
1104560 736.8
1104570 736.8
1104580 736.9
1104590 737.1
1104600 737.1
1104610 737.6
1104620 738.5
1104630 738.5
1104640 739.4
1104650 740.1
1104660 740.1
1104670 740.5
1104680 741.1
1104690 741.1
1104700 742.5
1104710 742.5
1104720 742.5
1104730 742.5
1104740 742.9
1104750 742.9
1104760 743.4
1104770 743.9
1104780 743.9
1104790 744.7
1104800 746.6
1104810 746.6
1104820 747.4
1104830 748.2
1104840 748.2
1104850 748.9
1104860 749.7
1104870 750.5
1104880 750.5
1104890 751.3
1104900 751.9
1104910 751.9
1104920 752.4
1104930 752.9
1104940 752.9
1104950 753.4
1104960 753.9
1104970 753.9
1104980 754.4
1104990 755.0
1105000 755.0
1105010 755.2
1105020 755.3
1105030 755.3
1105040 755.8
1105050 756.6
1105060 756.6
1105070 757.1
1105080 757.5
1105090 757.5
1105100 758.2
1105110 758.8
1105120 758.8
1105130 760.6
1105140 761.9
1105150 761.9
1105160 763.1
1105170 764.3
1105180 764.3
1105190 765.5
1105200 766.8
1105210 768.1
1105220 768.1
1105230 769.2
1105240 769.6
1105250 769.6
1105260 770.0
1105270 770.2
1105280 770.2
1105290 770.7
1105300 770.5
1105310 770.5
1105320 770.2
1105330 770.1
1105340 770.1
1105350 770.1
1105360 770.1
1105370 770.1
1105380 769.7
1105390 769.0
1105400 769.0
1105410 768.6
1105420 768.3
1105430 768.3
1105440 767.8
1105450 766.4
1105460 766.4
1105470 763.6
1105480 760.8
1105490 760.8
1105500 758.0
1105510 755.5
1105520 755.5
1105530 753.7
1105540 752.6
1105550 751.9
1105560 751.9
1105570 751.1
1105580 750.2
1105590 750.2
1105600 749.5
1105610 749.0
1105620 749.0
1105630 749.7
1105640 750.6
1105650 750.6
1105660 751.8
1105670 751.3
1105680 751.3
1105690 751.5
1105700 752.3
1105710 752.3
1105720 753.9
1105730 755.9
1105740 755.9
1105750 757.4
1105760 758.2
1105770 758.2
1105780 758.8
1105790 758.9
1105800 758.9
1105810 760.1
1105820 758.9
1105830 758.9
1105840 756.9
1105850 754.1
1105860 754.1
1105870 751.1
1105880 748.1
1105890 748.1
1105900 745.5
1105910 743.3
1105920 741.8
1105930 741.8
1105940 740.5
1105950 738.8
1105960 738.8
1105970 733.8
1105980 730.1
1105990 730.1
1106000 727.0
1106010 725.2
1106020 725.2
1106030 728.4
1106040 733.2
1106050 733.2
1106060 736.0
1106070 737.0
1106080 737.0
1106090 737.3
1106100 737.6
1106110 737.6
1106120 737.5
1106130 737.4
1106140 737.6
1106150 737.9
1106160 738.8
1106170 738.8
1106180 740.0
1106190 740.9
1106200 740.9
1106210 741.2
1106220 741.0
1106230 741.0
1106240 740.1
1106250 736.6
1106260 732.0
1106270 732.0
1106280 729.7
1106290 724.6
1106300 724.6
1106310 719.4
1106320 718.1
1106330 718.1
1106340 718.1
1106350 715.5
1106360 715.5
1106370 713.1
1106380 710.5
1106390 710.5
1106400 706.9
1106410 704.9
1106420 704.9
1106430 702.8
1106440 700.9
1106450 700.9
1106460 696.7
1106470 688.4
1106480 692.0
1106490 682.6
1106500 672.1
1106510 672.1
1106520 658.9
1106530 648.3
1106540 648.3
1106550 643.3
1106560 639.8
1106570 639.8
1106580 640.8
1106590 649.1
1106600 659.3
1106610 659.3
1106620 669.2
1106630 670.6
1106640 670.6
1106650 672.9
1106660 677.7
1106670 677.7
1106680 684.4
1106690 689.0
1106700 689.0
1106710 695.3
1106720 703.7
1106730 703.7
1106740 709.0
1106750 715.1
1106760 715.1
1106770 721.0
1106780 723.0
1106790 723.0
1106800 724.0
1106810 725.4
1106820 725.8
1106830 727.6
1106840 730.3
1106850 730.3
1106860 733.1
1106870 733.3
1106880 733.3
1106890 733.6
1106900 734.0
1106910 734.0
1106920 735.1
1106930 736.2
1106940 736.2
1106950 737.8
1106960 739.6
1106970 741.5
1106980 741.5
1106990 743.4
1107000 745.3
1107010 745.3
1107020 747.3
1107030 749.3
1107040 749.3
1107050 751.3
1107060 753.3
1107070 753.3
1107080 755.3
1107090 757.4
1107100 757.4
1107110 758.8
1107120 759.1
1107130 759.1
1107140 759.5
1107150 762.1
1107160 763.6
1107170 764.0
1107180 764.0
1107190 764.0
1107200 764.2
1107210 764.2
1107220 764.2
1107230 764.1
1107240 764.5
1107250 764.5
1107260 765.7
1107270 767.2
1107280 767.2
1107290 769.0
1107300 771.1
1107310 773.3
1107320 773.3
1107330 775.7
1107340 778.4
1107350 778.4
1107360 781.8
1107370 786.2
1107380 786.2
1107390 791.4
1107400 797.8
1107410 797.8
1107420 805.2
1107430 807.8
1107440 807.8
1107450 806.4
1107460 806.1
1107470 806.1
1107480 808.2
1107490 812.4
1107500 817.6
1107510 819.1
1107520 821.6
1107530 821.6
1107540 827.2
1107550 834.1
1107560 834.1
1107570 839.1
1107580 843.8
1107590 843.8
1107600 848.5
1107610 852.4
1107620 852.4
1107630 854.6
1107640 855.8
1107650 859.0
1107660 859.0
1107670 864.7
1107680 869.0
1107690 869.0
1107700 872.5
1107710 875.9
1107720 875.9
1107730 878.2
1107740 882.0
1107750 882.0
1107760 885.8
1107770 889.1
1107780 889.1
1107790 892.2
1107800 893.6
1107810 893.6
1107820 894.4
1107830 897.4
1107840 901.8
1107850 905.6
1107860 907.5
1107870 907.5
1107880 910.4
1107890 912.6
1107900 912.6
1107910 916.1
1107920 919.4
1107930 919.4
1107940 923.5
1107950 929.2
1107960 929.2
1107970 933.8
1107980 935.3
1107990 935.3
1108000 937.4
1108010 940.7
1108020 944.6
1108030 944.6
1108040 950.1
1108050 955.3
1108060 955.3
1108070 961.0
1108080 965.1
1108090 965.1
1108100 969.3
1108110 973.7
1108120 973.7
1108130 978.1
1108140 983.2
1108150 983.2
1108160 988.4
1108170 994.7
1108180 997.7
1108190 1003.1
1108200 1009.3
1108210 1009.3
1108220 1014.4
1108230 1018.8
1108240 1018.8
1108250 1023.2
1108260 1027.6
1108270 1027.6
1108280 1033.2
1108290 1038.8
1108300 1038.8
1108310 1043.3
1108320 1047.0
1108330 1047.0
1108340 1050.3
1108350 1053.4
1108360 1056.3
1108370 1056.3
1108380 1058.7
1108390 1061.7
1108400 1061.7
1108410 1064.3
1108420 1066.6
1108430 1066.6
1108440 1070.1
1108450 1073.2
1108460 1073.2
1108470 1076.0
1108480 1078.2
1108490 1078.2
1108500 1080.8
1108510 1082.8
1108520 1077.6
1108530 1076.1
1108540 1074.5
1108550 1074.5
1108560 1073.9
1108570 1072.3
1108580 1072.3
1108590 1069.5
1108600 1068.2
1108610 1068.2
1108620 1067.1
1108630 1066.8
1108640 1066.8
1108650 1067.9
1108660 1068.9
1108670 1068.9
1108680 1069.9
1108690 1070.0
1108700 1068.8
1108710 1068.8
1108720 1066.8
1108730 1065.9
1108740 1065.9
1108750 1066.2
1108760 1066.4
1108770 1066.4
1108780 1066.4
1108790 1065.9
1108800 1065.9
1108810 1067.2
1108820 1068.4
1108830 1068.4
1108840 1067.5
1108850 1063.2
1108860 1063.2
1108870 1066.4
1108880 1069.2
1108890 1069.2
1108900 1073.0
1108910 1079.1
1108920 1079.1
1108930 1083.7
1108940 1086.7
1108950 1086.7
1108960 1089.3
1108970 1091.4
1108980 1091.4
1108990 1093.9
1109000 1096.6
1109010 1096.6
1109020 1099.6
1109030 1102.5
1109040 1102.5
1109050 1105.3
1109060 1108.0
1109070 1110.3
1109080 1110.3
1109090 1113.1
1109100 1116.7
1109110 1116.7
1109120 1120.0
1109130 1123.0
1109140 1123.0
1109150 1125.8
1109160 1128.5
1109170 1128.5
1109180 1130.6
1109190 1132.8
1109200 1133.5
1109210 1135.7
1109220 1138.1
1109230 1138.1
1109240 1138.6
1109250 1140.4
1109260 1140.4
1109270 1140.6
1109280 1140.8
1109290 1140.8
1109300 1139.6
1109310 1139.1
1109320 1139.1
1109330 1138.6
1109340 1138.2
1109350 1138.2
1109360 1137.7
1109370 1137.3
1109380 1137.3
1109390 1136.6
1109400 1135.9
1109410 1135.6
1109420 1135.6
1109430 1136.9
1109440 1139.4
1109450 1139.4
1109460 1140.7
1109470 1140.3
1109480 1140.3
1109490 1139.2
1109500 1137.0
1109510 1137.0
1109520 1138.2
1109530 1135.6
1109540 1127.7
1109550 1124.8
1109560 1126.3
1109570 1126.3
1109580 1127.1
1109590 1125.8
1109600 1125.8
1109610 1128.9
1109620 1130.4
1109630 1130.4
1109640 1131.0
1109650 1131.9
1109660 1131.9
1109670 1132.3
1109680 1132.5
1109690 1132.5
1109700 1132.2
1109710 1131.1
1109720 1131.1
1109730 1129.4
1109740 1129.2
1109750 1128.0
1109760 1128.0
1109770 1126.1
1109780 1125.3
1109790 1125.3
1109800 1125.3
1109810 1125.3
1109820 1125.3
1109830 1124.5
1109840 1122.5
1109850 1122.5
1109860 1121.3
1109870 1120.0
1109880 1116.2
1109890 1113.7
1109900 1112.8
1109910 1112.8
1109920 1112.0
1109930 1110.9
1109940 1110.9
1109950 1110.3
1109960 1109.6
1109970 1109.6
1109980 1109.7
1109990 1111.4
1110000 1111.4
1110010 1113.6
1110020 1115.0
1110030 1115.0
1110040 1116.4
1110050 1118.4
1110060 1118.4
1110070 1119.8
1110080 1120.4
1110090 1120.4
1110100 1119.7
1110110 1118.2
1110120 1119.8
1110130 1119.8
1110140 1121.4
1110150 1122.3
1110160 1122.3
1110170 1122.5
1110180 1122.0
1110190 1122.0
1110200 1122.8
1110210 1124.3
1110220 1120.5
1110230 1120.1
1110240 1121.3
1110250 1121.3
1110260 1122.7
1110270 1123.2
1110280 1123.2
1110290 1123.7
1110300 1123.8
1110310 1123.8
1110320 1123.2
1110330 1121.0
1110340 1121.0
1110350 1116.8
1110360 1114.1
1110370 1114.1
1110380 1115.8
1110390 1118.8
1110400 1118.8
1110410 1122.7
1110420 1126.3
1110430 1126.3
1110440 1129.0
1110450 1130.8
1110460 1132.0
1110470 1132.0
1110480 1133.6
1110490 1135.7
1110500 1135.7
1110510 1137.8
1110520 1140.4
1110530 1140.4
1110540 1144.4
1110550 1149.0
1110560 1149.2
1110570 1152.7
1110580 1156.9
1110590 1156.9
1110600 1161.1
1110610 1165.1
1110620 1165.1
1110630 1168.3
1110640 1171.4
1110650 1171.4
1110660 1175.0
1110670 1178.4
1110680 1178.4
1110690 1181.5
1110700 1185.2
1110710 1185.2
1110720 1189.1
1110730 1192.9
1110740 1192.9
1110750 1196.4
1110760 1199.7
1110770 1199.7
1110780 1203.6
1110790 1207.0
1110800 1210.3
1110810 1210.3
1110820 1213.2
1110830 1215.8
1110840 1215.8
1110850 1219.0
1110860 1222.7
1110870 1222.7
1110880 1226.9
1110890 1231.8
1110900 1231.8
1110910 1237.3
1110920 1242.1
1110930 1242.1
1110940 1244.6
1110950 1246.0
1110960 1246.0
1110970 1248.3
1110980 1253.0
1110990 1253.0
1111000 1259.1
1111010 1263.7
1111020 1263.7
1111030 1267.8
1111040 1271.4
1111050 1271.4
1111060 1275.4
1111070 1279.5
1111080 1279.5
1111090 1283.0
1111100 1286.6
1111110 1286.6
1111120 1288.4
1111130 1291.5
1111140 1296.4
1111150 1296.4
1111160 1300.8
1111170 1303.7
1111180 1303.7
1111190 1307.3
1111200 1311.5
1111210 1311.5
1111220 1315.6
1111230 1319.0
1111240 1321.7
1111250 1325.1
1111260 1328.7
1111270 1328.7
1111280 1332.6
1111290 1337.6
1111300 1337.6
1111310 1342.6
1111320 1345.9
1111330 1345.9
1111340 1348.7
1111350 1349.1
1111360 1349.1
1111370 1350.6
1111380 1353.6
1111390 1353.6
1111400 1355.0
1111410 1356.3
1111420 1356.3
1111430 1357.7
1111440 1359.8
1111450 1359.8
1111460 1361.7
1111470 1361.9
1111480 1361.9
1111490 1361.6
1111500 1361.4
1111510 1360.7
1111520 1360.7
1111530 1360.3
1111540 1360.2
1111550 1360.2
1111560 1360.5
1111570 1361.5
1111580 1361.5
1111590 1361.2
1111600 1363.1
1111610 1363.1
1111620 1364.6
1111630 1366.0
1111640 1366.0
1111650 1366.7
1111660 1368.2
1111670 1368.2
1111680 1371.4
1111690 1374.0
1111700 1374.0
1111710 1376.4
1111720 1378.7
1111730 1378.7
1111740 1380.8
1111750 1383.0
1111760 1383.0
1111770 1385.1
1111780 1387.2
1111790 1387.2
1111800 1389.2
1111810 1391.2
1111820 1391.2
1111830 1393.3
1111840 1395.4
1111850 1397.7
1111860 1397.7
1111870 1399.5
1111880 1401.1
1111890 1401.1
1111900 1402.8
1111910 1404.8
1111920 1404.8
1111930 1410.2
1111940 1412.6
1111950 1412.6
1111960 1414.7
1111970 1416.3
1111980 1416.3
1111990 1417.6
1112000 1418.9
1112010 1418.9
1112020 1420.0
1112030 1421.3
1112040 1421.3
1112050 1422.4
1112060 1423.9
1112070 1423.9
1112080 1427.0
1112090 1430.8
1112100 1430.8
1112110 1434.4
1112120 1437.7
1112130 1437.7
1112140 1441.5
1112150 1445.4
1112160 1445.4
1112170 1449.0
1112180 1451.9
1112190 1453.7
1112200 1453.7
1112210 1456.2
1112220 1458.5
1112230 1458.5
1112240 1460.1
1112250 1461.6
1112260 1461.6
1112270 1462.4
1112280 1463.4
1112290 1463.4
1112300 1464.5
1112310 1465.3
1112320 1465.3
1112330 1466.4
1112340 1469.2
1112350 1469.2
1112360 1472.2
1112370 1474.5
1112380 1474.5
1112390 1476.4
1112400 1478.1
1112410 1478.1
1112420 1479.8
1112430 1482.0
1112440 1482.0
1112450 1483.5
1112460 1484.9
1112470 1484.9
1112480 1486.0
1112490 1486.8
1112500 1486.8
1112510 1488.5
1112520 1490.6
1112530 1490.6
1112540 1492.5
1112550 1493.7
1112560 1494.6
1112570 1494.6
1112580 1495.5
1112590 1494.7
1112600 1494.7
1112610 1488.5
1112620 1483.6
1112630 1483.6
1112640 1474.4
1112650 1466.4
1112660 1466.4
1112670 1464.2
1112680 1463.5
1112690 1463.5
1112700 1461.8
1112710 1460.2
1112720 1460.2
1112730 1457.4
1112740 1454.3
1112750 1454.3
1112760 1451.1
1112770 1448.9
1112780 1448.9
1112790 1450.7
1112800 1458.4
1112810 1458.4
1112820 1461.2
1112830 1460.6
1112840 1460.6
1112850 1456.2
1112860 1453.4
1112870 1453.4
1112880 1451.8
1112890 1449.5
1112900 1447.5
1112910 1447.5
1112920 1446.3
1112930 1445.2
1112940 1445.2
1112950 1443.6
1112960 1431.6
1112970 1431.6
1112980 1430.3
1112990 1432.9
1113000 1432.9
1113010 1438.3
1113020 1440.8
1113030 1440.8
1113040 1444.0
1113050 1446.1
1113060 1446.1
1113070 1446.3
1113080 1444.9
1113090 1444.9
1113100 1443.8
1113110 1446.0
1113120 1446.0
1113130 1452.3
1113140 1459.7
1113150 1459.7
1113160 1461.5
1113170 1459.0
1113180 1459.0
1113190 1456.5
1113200 1454.1
1113210 1454.1
1113220 1455.3
1113230 1459.9
1113240 1467.1
1113250 1467.1
1113260 1473.8
1113270 1476.2
1113280 1476.2
1113290 1477.2
1113300 1477.1
1113310 1477.1
1113320 1482.0
1113330 1487.3
1113340 1487.3
1113350 1492.6
1113360 1496.7
1113370 1496.7
1113380 1497.0
1113390 1495.1
1113400 1495.1
1113410 1493.2
1113420 1491.1
1113430 1491.1
1113440 1487.8
1113450 1484.0
1113460 1484.0
1113470 1480.1
1113480 1476.5
1113490 1476.5
1113500 1473.6
1113510 1469.5
1113520 1469.5
1113530 1465.3
1113540 1462.5
1113550 1462.5
1113560 1458.9
1113570 1454.9
1113580 1454.9
1113590 1450.6
1113600 1446.8
1113610 1444.2
1113620 1444.2
1113630 1441.1
1113640 1437.4
1113650 1426.6
1113660 1423.3
1113670 1420.7
1113680 1420.7
1113690 1416.6
1113700 1413.3
1113710 1413.3
1113720 1409.8
1113730 1405.6
1113740 1405.6
1113750 1401.4
1113760 1398.5
1113770 1398.5
1113780 1396.9
1113790 1393.4
1113800 1393.4
1113810 1390.0
1113820 1386.3
1113830 1386.3
1113840 1383.7
1113850 1381.2
1113860 1381.2
1113870 1378.1
1113880 1375.1
1113890 1375.1
1113900 1371.5
1113910 1367.8
1113920 1367.8
1113930 1364.2
1113940 1360.9
1113950 1357.8
1113960 1357.8
1113970 1352.7
1113980 1349.3
1113990 1343.2
1114000 1340.0
1114010 1336.4
1114020 1336.4
1114030 1333.8
1114040 1334.1
1114050 1334.1
1114060 1335.4
1114070 1336.7
1114080 1336.7
1114090 1336.5
1114100 1338.8
1114110 1338.8
1114120 1343.4
1114130 1349.2
1114140 1349.2
1114150 1354.1
1114160 1357.7
1114170 1357.7
1114180 1361.2
1114190 1372.2
1114200 1372.2
1114210 1381.7
1114220 1389.5
1114230 1389.5
1114240 1390.1
1114250 1390.2
1114260 1390.2
1114270 1396.8
1114280 1407.3
1114290 1416.7
1114300 1416.7
1114310 1422.5
1114320 1423.0
1114330 1423.0
1114340 1420.1
1114350 1420.1
1114360 1420.1
1114370 1425.1
1114380 1436.5
1114390 1436.5
1114400 1445.3
1114410 1447.5
1114420 1447.5
1114430 1447.5
1114440 1446.3
1114450 1446.3
1114460 1444.8
1114470 1443.4
1114480 1443.4
1114490 1442.3
1114500 1441.2
1114510 1441.2
1114520 1440.5
1114530 1437.2
1114540 1437.2
1114550 1432.3
1114560 1428.7
1114570 1428.7
1114580 1425.9
1114590 1426.7
1114600 1426.7
1114610 1427.9
1114620 1430.1
1114630 1429.7
1114640 1429.7
1114650 1427.9
1114660 1425.9
1114670 1425.9
1114680 1418.1
1114690 1416.4
1114700 1416.4
1114710 1414.9
1114720 1414.2
1114730 1414.2
1114740 1411.2
1114750 1407.0
1114760 1407.0
1114770 1401.1
1114780 1395.6
1114790 1395.6
1114800 1389.3
1114810 1384.2
1114820 1384.2
1114830 1378.7
1114840 1373.6
1114850 1373.6
1114860 1369.1
1114870 1365.4
1114880 1365.4
1114890 1362.5
1114900 1359.0
1114910 1359.0
1114920 1355.6
1114930 1353.6
1114940 1353.6
1114950 1352.5
1114960 1351.7
1114970 1351.7
1114980 1352.4
1114990 1353.8
1115000 1356.1
1115010 1356.1
1115020 1359.2
1115030 1361.3
1115040 1361.3
1115050 1365.7
1115060 1369.3
1115070 1369.3
1115080 1372.3
1115090 1375.5
1115100 1375.5
1115110 1378.3
1115120 1380.4
1115130 1380.4
1115140 1380.7
1115150 1380.4
1115160 1380.4
1115170 1380.1
1115180 1379.8
1115190 1379.8
1115200 1381.0
1115210 1382.6
1115220 1382.6
1115230 1383.7
1115240 1383.6
1115250 1383.6
1115260 1384.0
1115270 1384.8
1115280 1384.8
1115290 1387.9
1115300 1391.6
1115310 1391.6
1115320 1394.3
1115330 1395.7
1115340 1396.9
1115350 1396.9
1115360 1396.3
1115370 1388.3
1115380 1388.3
1115390 1386.4
1115400 1384.8
1115410 1384.8
1115420 1382.9
1115430 1380.0
1115440 1380.0
1115450 1377.1
1115460 1374.0
1115470 1374.0
1115480 1372.8
1115490 1369.4
1115500 1369.4
1115510 1367.0
1115520 1364.7
1115530 1364.7
1115540 1361.2
1115550 1357.9
1115560 1357.9
1115570 1354.1
1115580 1351.9
1115590 1351.9
1115600 1349.7
1115610 1346.5
1115620 1346.5
1115630 1343.4
1115640 1340.5
1115650 1340.5
1115660 1338.3
1115670 1335.9
1115680 1333.4
1115690 1333.4
1115700 1330.8
1115710 1327.7
1115720 1321.4
1115730 1317.7
1115740 1313.9
1115750 1313.9
1115760 1311.7
1115770 1309.1
1115780 1309.1
1115790 1305.8
1115800 1303.4
1115810 1303.4
1115820 1300.6
1115830 1298.2
1115840 1298.2
1115850 1296.7
1115860 1294.7
1115870 1294.7
1115880 1292.4
1115890 1290.7
1115900 1290.7
1115910 1287.0
1115920 1285.3
1115930 1285.3
1115940 1284.6
1115950 1282.4
1115960 1282.4
1115970 1280.3
1115980 1279.4
1115990 1279.4
1116000 1275.7
1116010 1272.4
1116020 1272.4
1116030 1270.6
1116040 1268.2
1116050 1265.8
1116060 1265.8
1116070 1255.6
1116080 1252.4
1116090 1252.4
1116100 1251.1
1116110 1248.2
1116120 1248.2
1116130 1247.0
1116140 1247.9
1116150 1247.9
1116160 1248.1
1116170 1247.8
1116180 1247.8
1116190 1247.4
1116200 1247.1
1116210 1247.1
1116220 1246.8
1116230 1246.9
1116240 1246.9
1116250 1245.7
1116260 1243.7
1116270 1243.7
1116280 1241.0
1116290 1238.7
1116300 1238.7
1116310 1235.4
1116320 1232.7
1116330 1232.7
1116340 1232.5
1116350 1231.5
1116360 1231.5
1116370 1229.5
1116380 1229.2
1116390 1229.6
1116400 1229.6
1116410 1230.0
1116420 1223.6
1116430 1223.6
1116440 1221.4
1116450 1220.7
1116460 1220.7
1116470 1219.7
1116480 1218.7
1116490 1218.7
1116500 1224.3
1116510 1230.2
1116520 1230.2
1116530 1237.1
1116540 1244.8
1116550 1244.8
1116560 1250.9
1116570 1256.4
1116580 1256.4
1116590 1258.9
1116600 1257.8
1116610 1257.8
1116620 1257.4
1116630 1256.4
1116640 1256.4
1116650 1254.0
1116660 1249.5
1116670 1249.5
1116680 1244.8
1116690 1244.6
1116700 1244.6
1116710 1247.2
1116720 1249.3
1116730 1249.6
1116740 1249.6
1116750 1249.1
1116760 1246.8
1116770 1246.8
1116780 1242.6
1116790 1236.0
1116800 1236.0
1116810 1232.3
1116820 1232.2
1116830 1232.2
1116840 1231.9
1116850 1229.6
1116860 1229.6
1116870 1229.2
1116880 1230.0
1116890 1230.0
1116900 1231.9
1116910 1236.1
1116920 1236.1
1116930 1235.1
1116940 1232.9
1116950 1232.9
1116960 1232.7
1116970 1232.2
1116980 1232.2
1116990 1236.0
1117000 1241.8
1117010 1241.8
1117020 1243.1
1117030 1243.8
1117040 1243.8
1117050 1244.6
1117060 1245.6
1117070 1245.6
1117080 1246.3
1117090 1247.3
1117100 1248.8
1117110 1245.6
1117120 1246.0
1117130 1246.0
1117140 1246.0
1117150 1245.8
1117160 1245.2
1117170 1245.2
1117180 1244.4
1117190 1243.2
1117200 1243.2
1117210 1241.4
1117220 1238.9
1117230 1238.9
1117240 1236.6
1117250 1234.1
1117260 1234.1
1117270 1231.9
1117280 1229.8
1117290 1229.8
1117300 1227.1
1117310 1224.1
1117320 1224.1
1117330 1223.2
1117340 1220.8
1117350 1220.8
1117360 1219.3
1117370 1214.5
1117380 1214.5
1117390 1211.6
1117400 1209.9
1117410 1209.9
1117420 1208.4
1117430 1204.9
1117440 1202.0
1117450 1202.0
1117460 1192.6
1117470 1189.6
1117480 1189.6
1117490 1185.7
1117500 1182.1
1117510 1182.1
1117520 1178.4
1117530 1174.4
1117540 1174.4
1117550 1170.3
1117560 1166.7
1117570 1166.7
1117580 1163.8
1117590 1160.8
1117600 1160.8
1117610 1156.6
1117620 1155.6
1117630 1155.6
1117640 1154.8
1117650 1153.1
1117660 1153.1
1117670 1150.9
1117680 1148.3
1117690 1148.3
1117700 1146.4
1117710 1143.9
1117720 1143.9
1117730 1141.5
1117740 1139.6
1117750 1139.6
1117760 1137.8
1117770 1135.4
1117780 1132.3
1117790 1132.3
1117800 1130.5
1117810 1121.5
1117820 1121.5
1117830 1118.8
1117840 1117.6
1117850 1117.6
1117860 1116.1
1117870 1113.0
1117880 1113.0
1117890 1110.4
1117900 1107.9
1117910 1107.9
1117920 1106.5
1117930 1104.3
1117940 1104.3
1117950 1101.7
1117960 1101.7
1117970 1101.7
1117980 1101.5
1117990 1100.2
1118000 1100.2
1118010 1099.1
1118020 1100.2
1118030 1100.2
1118040 1104.3
1118050 1107.2
1118060 1107.2
1118070 1109.2
1118080 1110.7
1118090 1110.7
1118100 1112.1
1118110 1112.4
1118120 1112.6
1118130 1112.6
1118140 1114.7
1118150 1116.7
1118160 1115.4
1118170 1116.4
1118180 1115.5
1118190 1115.5
1118200 1115.4
1118210 1119.5
1118220 1119.5
1118230 1124.3
1118240 1127.6
1118250 1127.6
1118260 1127.5
1118270 1126.1
1118280 1126.1
1118290 1126.3
1118300 1127.6
1118310 1127.6
1118320 1128.0
1118330 1129.2
1118340 1129.2
1118350 1131.3
1118360 1134.1
1118370 1134.1
1118380 1134.7
1118390 1134.2
1118400 1134.2
1118410 1132.6
1118420 1130.3
1118430 1130.3
1118440 1131.7
1118450 1132.9
1118460 1132.9
1118470 1134.5
1118480 1138.3
1118490 1140.3
1118500 1134.4
1118510 1131.2
1118520 1130.2
1118530 1130.2
1118540 1130.6
1118550 1129.3
1118560 1129.3
1118570 1126.4
1118580 1123.5
1118590 1123.5
1118600 1121.4
1118610 1121.1
1118620 1121.1
1118630 1120.7
1118640 1118.7
1118650 1118.7
1118660 1117.8
1118670 1116.8
1118680 1116.8
1118690 1114.8
1118700 1112.2
1118710 1112.2
1118720 1109.9
1118730 1108.1
1118740 1108.1
1118750 1107.0
1118760 1112.0
1118770 1112.0
1118780 1113.7
1118790 1111.8
1118800 1111.8
1118810 1112.5
1118820 1117.0
1118830 1122.5
1118840 1122.5
1118850 1122.8
1118860 1125.9
1118870 1125.9
1118880 1130.7
1118890 1129.6
1118900 1129.6
1118910 1127.0
1118920 1125.1
1118930 1125.1
1118940 1123.5
1118950 1121.7
1118960 1121.7
1118970 1119.8
1118980 1118.7
1118990 1118.7
1119000 1116.8
