1100000 502.2
1100010 502.2
1100020 505.1
1100030 509.4
1100040 509.4
1100050 515.2
1100060 517.5
1100070 521.5
1100080 521.5
1100090 526.7
1100100 526.2
1100110 526.2
1100120 527.1
1100130 537.0
1100140 537.0
1100150 536.9
1100160 534.4
1100170 534.4
1100180 540.2
1100190 542.5
1100200 542.5
1100210 534.1
1100220 532.7
1100230 532.7
1100240 542.9
1100250 552.2
1100260 552.2
1100270 555.2
1100280 555.9
1100290 555.9
1100300 560.1
1100310 564.3
1100320 564.3
1100330 567.0
1100340 569.3
1100350 569.3
1100360 571.5
1100370 573.3
1100380 573.3
1100390 574.9
1100400 576.5
1100410 576.5
1100420 577.1
1100430 576.9
1100440 576.7
1100450 576.7
1100460 578.3
1100470 580.0
1100480 580.0
1100490 581.9
1100500 583.2
1100510 583.2
1100520 583.6
1100530 583.9
1100540 583.9
1100550 586.3
1100560 589.9
1100570 589.9
1100580 591.7
1100590 593.4
1100600 593.4
1100610 595.7
1100620 597.7
1100630 597.7
1100640 599.2
1100650 599.7
1100660 599.7
1100670 599.1
1100680 598.3
1100690 598.3
1100700 597.1
1100710 595.9
1100720 595.9
1100730 594.0
1100740 592.9
1100750 592.9
1100760 592.1
1100770 591.5
1100780 591.1
1100790 592.2
1100800 591.2
1100810 591.2
1100820 591.2
1100830 591.9
1100840 592.6
1100850 592.6
1100860 594.2
1100870 595.3
1100880 595.3
1100890 596.4
1100900 597.4
1100910 597.4
1100920 599.0
1100930 601.5
1100940 601.5
1100950 601.9
1100960 600.3
1100970 600.3
1100980 600.2
1100990 600.4
1101000 600.4
1101010 599.9
1101020 602.8
1101030 602.8
1101040 607.1
1101050 610.4
1101060 610.4
1101070 611.5
1101080 610.3
1101090 610.3
1101100 607.5
1101110 604.6
1101120 612.3
1101130 612.9
1101140 620.6
1101150 625.2
1101160 625.2
1101170 628.9
1101180 632.6
1101190 632.6
1101200 632.8
1101210 628.6
1101220 628.6
1101230 624.0
1101240 617.9
1101250 617.9
1101260 609.3
1101270 610.4
1101280 610.4
1101290 612.7
1101300 612.7
1101310 612.7
1101320 614.8
1101330 611.7
1101340 611.7
1101350 605.7
1101360 609.7
1101370 609.7
1101380 615.5
1101390 612.6
1101400 612.6
1101410 605.8
1101420 607.8
1101430 607.8
1101440 606.7
1101450 603.7
1101460 614.0
1101470 609.1
1101480 609.1
1101490 608.1
1101500 608.1
1101510 607.5
1101520 604.5
1101530 604.5
1101540 600.4
1101550 596.9
1101560 596.9
1101570 596.5
1101580 602.7
1101590 602.7
1101600 612.3
1101610 615.5
1101620 615.5
1101630 617.6
1101640 621.1
1101650 621.1
1101660 625.1
1101670 622.0
1101680 622.0
1101690 628.4
1101700 636.4
1101710 636.4
1101720 640.4
1101730 640.4
1101740 640.4
1101750 643.8
1101760 645.5
1101770 645.5
1101780 647.5
1101790 648.7
1101800 649.1
1101810 649.3
1101820 649.1
1101830 649.0
1101840 649.0
1101850 648.7
1101860 648.6
1101870 648.6
1101880 648.5
1101890 648.5
1101900 648.5
1101910 648.4
1101920 647.9
1101930 647.9
1101940 647.2
1101950 646.3
1101960 646.3
1101970 645.2
1101980 644.3
1101990 644.3
1102000 643.9
1102010 644.3
1102020 644.3
1102030 645.2
1102040 646.1
1102050 646.1
1102060 647.0
1102070 647.9
1102080 647.9
1102090 648.1
1102100 648.8
1102110 648.8
1102120 649.9
1102130 651.4
1102140 651.4
1102150 651.8
1102160 651.9
1102170 652.2
1102180 652.2
1102190 652.9
1102200 654.9
1102210 654.9
1102220 657.2
1102230 659.9
1102240 659.9
1102250 662.5
1102260 664.1
1102270 664.1
1102280 667.9
1102290 671.4
1102300 671.4
1102310 676.1
1102320 681.1
1102330 681.1
1102340 683.6
1102350 684.7
1102360 684.7
1102370 684.7
1102380 685.3
1102390 685.3
1102400 685.5
1102410 685.8
1102420 685.8
1102430 686.6
1102440 688.0
1102450 688.0
1102460 691.0
1102470 692.6
1102480 692.6
1102490 694.4
1102500 696.1
1102510 696.1
1102520 697.7
1102530 699.3
1102540 700.9
1102550 700.9
1102560 702.5
1102570 704.2
1102580 704.2
1102590 705.4
1102600 706.3
1102610 706.3
1102620 707.0
1102630 707.7
1102640 707.7
1102650 708.2
1102660 708.5
1102670 708.5
1102680 708.7
1102690 709.0
1102700 709.0
1102710 709.2
1102720 709.4
1102730 709.4
1102740 709.6
1102750 710.1
1102760 710.1
1102770 710.7
1102780 711.2
1102790 711.2
1102800 712.2
1102810 712.2
1102820 712.2
1102830 712.1
1102840 711.7
1102850 711.7
1102860 711.3
1102870 710.8
1102880 709.8
1102890 709.8
1102900 708.5
1102910 707.2
1102920 707.2
1102930 705.8
1102940 704.7
1102950 704.7
1102960 703.8
1102970 703.1
1102980 703.1
1102990 702.7
1103000 702.2
1103010 702.2
1103020 701.5
1103030 700.1
1103040 700.1
1103050 696.4
1103060 694.5
1103070 694.5
1103080 697.1
1103090 696.7
1103100 696.7
1103110 691.3
1103120 692.1
1103130 693.1
1103140 696.8
1103150 700.3
1103160 700.3
1103170 701.9
1103180 703.7
1103190 703.7
1103200 704.9
1103210 705.5
1103220 705.5
1103230 706.0
1103240 707.2
1103250 708.3
1103260 708.3
1103270 709.4
1103280 710.4
1103290 710.4
1103300 710.9
1103310 710.4
1103320 710.4
1103330 708.6
1103340 706.7
1103350 706.7
1103360 705.7
1103370 705.0
1103380 705.0
1103390 704.8
1103400 705.0
1103410 705.0
1103420 705.6
1103430 706.8
1103440 706.8
1103450 708.3
1103460 709.6
1103470 709.4
1103480 710.3
1103490 711.2
1103500 711.2
1103510 712.4
1103520 713.8
1103530 713.8
1103540 714.4
1103550 715.0
1103560 715.0
1103570 715.3
1103580 716.5
1103590 717.8
1103600 717.8
1103610 719.4
1103620 720.9
1103630 720.9
1103640 722.6
1103650 723.8
1103660 723.8
1103670 724.4
1103680 725.2
1103690 725.2
1103700 725.6
1103710 725.9
1103720 725.9
1103730 725.3
1103740 724.8
1103750 724.8
1103760 724.5
1103770 724.3
1103780 724.3
1103790 724.0
1103800 722.1
1103810 722.1
1103820 721.8
1103830 721.4
1103840 721.4
1103850 721.0
1103860 719.6
1103870 719.6
1103880 717.5
1103890 718.4
1103900 718.4
1103910 722.0
1103920 722.4
1103930 722.0
1103940 722.0
1103950 724.7
1103960 726.8
1103970 726.8
1103980 728.5
1103990 730.1
1104000 730.1
1104010 731.4
1104020 732.4
1104030 732.4
1104040 733.2
1104050 733.9
1104060 733.9
1104070 734.4
1104080 734.9
1104090 734.9
1104100 735.1
1104110 735.1
1104120 735.1
1104130 735.0
1104140 731.2
1104150 731.2
1104160 730.6
1104170 730.0
1104180 730.0
1104190 729.2
1104200 728.3
1104210 728.3
1104220 727.5
1104230 726.7
1104240 726.7
1104250 725.8
1104260 724.4
1104270 724.4
1104280 723.2
1104290 722.3
1104300 721.4
1104310 721.4
1104320 720.5
1104330 719.9
1104340 719.9
1104350 719.7
1104360 720.1
1104370 720.1
1104380 720.5
1104390 720.9
1104400 720.9
1104410 721.2
1104420 721.5
1104430 721.5
1104440 722.0
1104450 723.5
1104460 723.5
1104470 727.2
1104480 736.4
1104490 736.4
1104500 737.3
1104510 737.3
1104520 737.3
1104530 736.8
1104540 736.0
1104550 736.0
1104560 734.9
1104570 735.2
1104580 735.2
1104590 737.4
1104600 739.1
1104610 739.1
1104620 740.3
1104630 741.4
1104640 742.5
1104650 742.5
1104660 743.6
1104670 744.6
1104680 744.6
1104690 745.6
1104700 746.6
1104710 746.6
1104720 747.5
1104730 748.4
1104740 748.4
1104750 749.4
1104760 749.9
1104770 749.9
1104780 750.4
1104790 751.0
1104800 751.0
1104810 753.4
1104820 755.9
1104830 755.9
1104840 759.0
1104850 762.3
1104860 762.3
1104870 764.7
1104880 766.1
1104890 766.1
1104900 768.0
1104910 769.8
1104920 769.8
1104930 770.7
1104940 770.9
1104950 770.9
1104960 770.6
1104970 770.0
1104980 770.0
1104990 769.0
1105000 768.0
1105010 767.1
1105020 767.1
1105030 766.6
1105040 766.2
1105050 766.2
1105060 765.7
1105070 765.2
1105080 765.2
1105090 764.9
1105100 763.9
1105110 763.9
1105120 762.6
1105130 761.3
1105140 761.3
1105150 761.3
1105160 760.5
1105170 760.5
1105180 759.2
1105190 756.6
1105200 756.6
1105210 754.4
1105220 753.9
1105230 753.9
1105240 753.8
1105250 753.6
1105260 753.6
1105270 753.3
1105280 752.9
1105290 752.9
1105300 752.2
1105310 751.6
1105320 751.6
1105330 751.1
1105340 750.6
1105350 750.0
1105360 750.0
1105370 749.0
1105380 746.9
1105390 746.9
1105400 744.6
1105410 742.9
1105420 742.9
1105430 740.6
1105440 738.2
1105450 738.2
1105460 736.2
1105470 734.5
1105480 734.5
1105490 731.8
1105500 729.3
1105510 729.3
1105520 727.2
1105530 726.2
1105540 726.2
1105550 726.2
1105560 725.7
1105570 725.7
1105580 726.0
1105590 725.3
1105600 725.3
1105610 725.3
1105620 725.4
1105630 725.4
1105640 724.8
1105650 723.7
1105660 723.7
1105670 722.8
1105680 721.8
1105690 721.2
1105700 721.2
1105710 721.3
1105720 722.2
1105730 722.2
1105740 723.2
1105750 724.4
1105760 724.4
1105770 725.0
1105780 725.0
1105790 725.0
1105800 724.9
1105810 724.9
1105820 725.3
1105830 725.8
1105840 726.8
1105850 726.8
1105860 728.0
1105870 728.8
1105880 728.8
1105890 729.4
1105900 730.4
1105910 730.4
1105920 730.9
1105930 730.9
1105940 730.9
1105950 730.8
1105960 730.5
1105970 730.5
1105980 730.3
1105990 730.2
1106000 730.2
1106010 729.8
1106020 729.1
1106030 729.1
1106040 728.8
1106050 729.2
1106060 729.6
1106070 729.6
1106080 729.6
1106090 729.5
1106100 729.5
1106110 728.6
1106120 725.9
1106130 725.9
1106140 722.1
1106150 718.3
1106160 716.3
1106170 714.0
1106180 712.3
1106190 712.3
1106200 710.1
1106210 708.3
1106220 708.3
1106230 706.0
1106240 703.1
1106250 703.1
1106260 701.5
1106270 702.3
1106280 702.3
1106290 703.0
1106300 705.0
1106310 705.0
1106320 709.7
1106330 716.5
1106340 716.5
1106350 722.8
1106360 725.0
1106370 725.0
1106380 725.5
1106390 725.2
1106400 723.4
1106410 723.4
1106420 720.2
1106430 718.0
1106440 718.0
1106450 716.0
1106460 710.6
1106470 710.6
1106480 703.0
1106490 695.8
1106500 693.7
1106510 686.3
1106520 680.5
1106530 680.5
1106540 675.6
1106550 671.0
1106560 671.0
1106570 667.8
1106580 665.6
1106590 665.6
1106600 662.6
1106610 652.9
1106620 652.9
1106630 644.2
1106640 634.0
1106650 634.0
1106660 630.1
1106670 629.1
1106680 629.1
1106690 629.5
1106700 636.5
1106710 636.5
1106720 643.1
1106730 647.9
1106740 650.4
1106750 650.4
1106760 656.3
1106770 662.9
1106780 662.9
1106790 667.9
1106800 672.4
1106810 672.4
1106820 678.6
1106830 684.8
1106840 683.2
1106850 689.6
1106860 700.2
1106870 700.2
1106880 707.5
1106890 712.8
1106900 712.8
1106910 716.9
1106920 718.0
1106930 718.0
1106940 723.7
1106950 733.5
1106960 733.5
1106970 734.5
1106980 735.3
1106990 735.3
1107000 736.6
1107010 737.8
1107020 737.8
1107030 738.9
1107040 740.1
1107050 740.1
1107060 741.2
1107070 742.5
1107080 742.5
1107090 743.8
1107100 744.7
1107110 745.8
1107120 745.8
1107130 746.9
1107140 747.8
1107150 747.8
1107160 748.9
1107170 750.7
1107180 751.0
1107190 754.0
1107200 758.5
1107210 758.5
1107220 763.1
1107230 763.8
1107240 763.8
1107250 763.9
1107260 765.9
1107270 765.9
1107280 768.7
1107290 769.5
1107300 769.5
1107310 770.0
1107320 770.6
1107330 770.6
1107340 772.7
1107350 774.4
1107360 774.4
1107370 774.6
1107380 775.4
1107390 775.4
1107400 776.0
1107410 776.2
1107420 776.2
1107430 776.8
1107440 777.4
1107450 777.9
1107460 777.9
1107470 779.4
1107480 780.3
1107490 780.3
1107500 781.2
1107510 783.1
1107520 789.7
1107530 793.4
1107540 795.2
1107550 795.2
1107560 796.7
1107570 796.6
1107580 796.6
1107590 795.8
1107600 795.4
1107610 795.4
1107620 796.3
1107630 799.3
1107640 799.3
1107650 801.7
1107660 804.8
1107670 804.8
1107680 808.2
1107690 811.1
1107700 811.1
1107710 813.3
1107720 815.3
1107730 815.3
1107740 818.1
1107750 822.2
1107760 822.2
1107770 827.6
1107780 831.7
1107790 831.7
1107800 836.0
1107810 840.9
1107820 846.3
1107830 846.3
1107840 848.2
1107850 849.9
1107860 849.9
1107870 849.7
1107880 850.1
1107890 850.1
1107900 852.2
1107910 855.4
1107920 855.4
1107930 858.1
1107940 859.1
1107950 859.1
1107960 860.0
1107970 862.5
1107980 862.5
1107990 866.0
1108000 868.3
1108010 868.3
1108020 870.4
1108030 873.5
1108040 873.5
1108050 878.8
1108060 885.9
1108070 885.9
1108080 892.7
1108090 897.9
1108100 897.9
1108110 901.9
1108120 903.2
1108130 903.2
1108140 907.4
1108150 912.5
1108160 917.1
1108170 917.1
1108180 921.9
1108190 928.5
1108200 928.5
1108210 932.8
1108220 934.5
1108230 934.5
1108240 937.8
1108250 942.2
1108260 942.2
1108270 947.1
1108280 951.7
1108290 951.7
1108300 955.4
1108310 960.5
1108320 960.5
1108330 964.8
1108340 967.4
1108350 967.4
1108360 972.0
1108370 977.1
1108380 977.1
1108390 983.1
1108400 987.7
1108410 987.7
1108420 993.5
1108430 998.0
1108440 998.0
1108450 1004.7
1108460 1009.3
1108470 1009.3
1108480 1018.8
1108490 1037.1
1108500 1053.3
1108510 1053.3
1108520 1057.4
1108530 1057.0
1108540 1057.0
1108550 1058.7
1108560 1059.2
1108570 1059.2
1108580 1059.9
1108590 1066.3
1108600 1066.3
1108610 1068.0
1108620 1070.4
1108630 1070.4
1108640 1075.7
1108650 1081.3
1108660 1081.3
1108670 1083.5
1108680 1082.5
1108690 1082.5
1108700 1082.2
1108710 1083.4
1108720 1083.4
1108730 1085.5
1108740 1086.8
1108750 1086.8
1108760 1088.6
1108770 1091.8
1108780 1091.8
1108790 1096.5
1108800 1101.2
1108810 1101.2
1108820 1102.2
1108830 1106.4
1108840 1106.4
1108850 1106.3
1108860 1107.6
1108870 1113.8
1108880 1113.8
1108890 1118.7
1108900 1123.6
1108910 1123.6
1108920 1127.8
1108930 1131.3
1108940 1131.3
1108950 1133.6
1108960 1135.9
1108970 1135.9
1108980 1139.3
1108990 1142.2
1109000 1142.2
1109010 1145.1
1109020 1147.2
1109030 1147.2
1109040 1149.9
1109050 1153.4
1109060 1153.4
1109070 1156.5
1109080 1159.2
1109090 1159.2
1109100 1162.4
1109110 1165.6
1109120 1165.6
1109130 1167.9
1109140 1170.6
1109150 1170.6
1109160 1173.0
1109170 1175.5
1109180 1175.5
1109190 1179.2
1109200 1183.3
1109210 1188.9
1109220 1188.9
1109230 1193.0
1109240 1196.9
1109250 1196.9
1109260 1200.2
1109270 1203.7
1109280 1203.7
1109290 1207.1
1109300 1210.0
1109310 1210.0
1109320 1212.7
1109330 1214.3
1109340 1214.3
1109350 1215.4
1109360 1216.0
1109370 1216.0
1109380 1216.2
1109390 1216.5
1109400 1216.5
1109410 1216.9
1109420 1217.1
1109430 1217.1
1109440 1217.3
1109450 1217.4
1109460 1217.4
1109470 1217.2
1109480 1217.0
1109490 1217.0
1109500 1217.3
1109510 1219.8
1109520 1219.8
1109530 1222.1
1109540 1222.3
1109550 1219.1
1109560 1219.1
1109570 1219.6
1109580 1219.8
1109590 1219.8
1109600 1220.9
1109610 1222.7
1109620 1222.7
1109630 1225.7
1109640 1227.6
1109650 1227.6
1109660 1228.8
1109670 1231.3
1109680 1231.3
1109690 1233.7
1109700 1235.4
1109710 1235.4
1109720 1236.6
1109730 1237.3
1109740 1237.3
1109750 1237.8
1109760 1237.8
1109770 1237.8
1109780 1236.5
1109790 1236.1
1109800 1236.1
1109810 1237.9
1109820 1242.3
1109830 1242.3
1109840 1247.3
1109850 1251.3
1109860 1251.3
1109870 1253.5
1109880 1255.5
1109890 1255.5
1109900 1257.3
1109910 1258.8
1109920 1260.3
1109930 1260.3
1109940 1262.9
1109950 1265.0
1109960 1265.0
1109970 1267.1
1109980 1269.2
1109990 1269.2
1110000 1271.3
1110010 1273.5
1110020 1273.5
1110030 1275.3
1110040 1276.9
1110050 1276.9
1110060 1279.2
1110070 1281.2
1110080 1281.2
1110090 1283.2
1110100 1285.0
1110110 1285.0
1110120 1286.8
1110130 1288.6
1110140 1288.6
1110150 1290.2
1110160 1292.0
1110170 1292.0
1110180 1294.1
1110190 1295.9
1110200 1295.9
1110210 1297.9
1110220 1299.8
1110230 1299.8
1110240 1302.8
1110250 1305.1
1110260 1307.3
1110270 1307.3
1110280 1309.6
1110290 1311.3
1110300 1311.3
1110310 1312.5
1110320 1313.2
1110330 1313.2
1110340 1313.3
1110350 1313.2
1110360 1313.2
1110370 1312.6
1110380 1311.4
1110390 1311.4
1110400 1309.3
1110410 1307.0
1110420 1307.0
1110430 1304.8
1110440 1303.0
1110450 1303.0
1110460 1301.7
1110470 1299.8
1110480 1299.8
1110490 1296.9
1110500 1295.0
1110510 1295.0
1110520 1297.2
1110530 1299.4
1110540 1299.4
1110550 1299.8
1110560 1300.3
1110570 1300.3
1110580 1295.8
1110590 1296.4
1110600 1297.5
1110610 1297.5
1110620 1296.6
1110630 1295.8
1110640 1295.8
1110650 1295.2
1110660 1294.1
1110670 1294.1
1110680 1292.3
1110690 1290.0
1110700 1290.0
1110710 1289.2
1110720 1289.0
1110730 1289.0
1110740 1288.4
1110750 1287.0
1110760 1287.0
1110770 1286.2
1110780 1285.2
1110790 1285.2
1110800 1284.4
1110810 1283.5
1110820 1283.5
1110830 1282.2
1110840 1280.8
1110850 1280.8
1110860 1280.0
1110870 1279.7
1110880 1279.7
1110890 1279.3
1110900 1278.9
1110910 1278.9
1110920 1274.2
1110930 1272.1
1110940 1272.1
1110950 1270.3
1110960 1271.5
1110970 1272.4
1110980 1272.4
1110990 1274.7
1111000 1279.9
1111010 1279.9
1111020 1283.8
1111030 1284.7
1111040 1284.7
1111050 1285.4
1111060 1285.9
1111070 1285.9
1111080 1286.3
1111090 1287.2
1111100 1287.2
1111110 1288.5
1111120 1289.4
1111130 1289.4
1111140 1291.1
1111150 1292.6
1111160 1292.6
1111170 1293.9
1111180 1295.5
1111190 1295.5
1111200 1296.9
1111210 1298.6
1111220 1298.6
1111230 1300.5
1111240 1301.9
1111250 1301.9
1111260 1300.3
1111270 1302.0
1111280 1302.0
1111290 1303.3
1111300 1303.1
1111310 1304.0
1111320 1304.0
1111330 1304.8
1111340 1304.3
1111350 1304.3
1111360 1304.7
1111370 1304.3
1111380 1304.3
1111390 1305.2
1111400 1308.2
1111410 1308.2
1111420 1312.0
1111430 1315.0
1111440 1315.0
1111450 1317.4
1111460 1319.3
1111470 1319.3
1111480 1321.2
1111490 1322.3
1111500 1322.3
1111510 1323.4
1111520 1323.9
1111530 1323.9
1111540 1323.8
1111550 1320.9
1111560 1320.9
1111570 1316.7
1111580 1313.3
1111590 1313.3
1111600 1311.6
1111610 1309.7
1111620 1309.7
1111630 1308.5
1111640 1307.6
1111650 1306.7
1111660 1306.7
1111670 1306.0
1111680 1305.8
1111690 1305.8
1111700 1306.1
1111710 1306.0
1111720 1306.0
1111730 1305.8
1111740 1305.9
1111750 1305.9
1111760 1306.1
1111770 1306.1
1111780 1306.1
1111790 1306.3
1111800 1304.6
1111810 1304.6
1111820 1299.4
1111830 1299.3
1111840 1299.3
1111850 1298.6
1111860 1298.5
1111870 1298.5
1111880 1298.5
1111890 1298.5
1111900 1298.5
1111910 1299.0
1111920 1301.7
1111930 1301.7
1111940 1305.9
1111950 1311.8
1111960 1311.8
1111970 1311.5
1111980 1315.0
1111990 1315.0
1112000 1316.7
1112010 1318.8
1112020 1320.6
1112030 1320.6
1112040 1322.5
1112050 1323.5
1112060 1323.5
1112070 1325.0
1112080 1326.5
1112090 1326.5
1112100 1328.1
1112110 1329.4
1112120 1329.4
1112130 1330.6
1112140 1331.0
1112150 1331.0
1112160 1331.3
1112170 1328.9
1112180 1328.9
1112190 1323.9
1112200 1324.5
1112210 1324.5
1112220 1330.1
1112230 1334.7
1112240 1334.7
1112250 1336.9
1112260 1337.9
1112270 1337.9
1112280 1339.6
1112290 1342.5
1112300 1342.5
1112310 1343.8
1112320 1343.8
1112330 1343.8
1112340 1344.6
1112350 1346.0
1112360 1348.4
1112370 1348.4
1112380 1351.2
1112390 1354.0
1112400 1354.0
1112410 1356.6
1112420 1360.2
1112430 1360.2
1112440 1363.1
1112450 1366.7
1112460 1366.7
1112470 1369.7
1112480 1370.5
1112490 1370.5
1112500 1371.9
1112510 1375.0
1112520 1375.0
1112530 1376.8
1112540 1377.5
1112550 1377.5
1112560 1380.4
1112570 1382.4
1112580 1382.4
1112590 1385.0
1112600 1387.7
1112610 1387.7
1112620 1389.5
1112630 1394.9
1112640 1394.9
1112650 1396.0
1112660 1396.4
1112670 1396.4
1112680 1398.3
1112690 1400.5
1112700 1400.5
1112710 1401.9
1112720 1403.3
1112730 1406.1
1112740 1406.1
1112750 1408.1
1112760 1409.8
1112770 1409.8
1112780 1411.2
1112790 1411.8
1112800 1411.8
1112810 1413.3
1112820 1413.5
1112830 1413.5
1112840 1413.1
1112850 1410.4
1112860 1410.4
1112870 1407.9
1112880 1406.5
1112890 1406.5
1112900 1406.7
1112910 1407.4
1112920 1407.4
1112930 1409.1
1112940 1408.7
1112950 1408.7
1112960 1409.5
1112970 1410.9
1112980 1415.6
1112990 1414.2
1113000 1414.7
1113010 1414.7
1113020 1416.8
1113030 1417.8
1113040 1417.8
1113050 1417.3
1113060 1418.7
1113070 1421.6
1113080 1421.6
1113090 1423.4
1113100 1423.8
1113110 1423.8
1113120 1424.5
1113130 1425.2
1113140 1425.2
1113150 1425.3
1113160 1425.2
1113170 1425.2
1113180 1425.5
1113190 1423.7
1113200 1423.7
1113210 1419.5
1113220 1416.0
1113230 1416.0
1113240 1413.7
1113250 1411.7
1113260 1411.7
1113270 1409.5
1113280 1407.8
1113290 1407.8
1113300 1406.4
1113310 1405.2
1113320 1409.2
1113330 1407.5
1113340 1406.1
1113350 1406.1
1113360 1405.8
1113370 1405.6
1113380 1405.6
1113390 1405.7
1113400 1405.3
1113410 1405.2
1113420 1405.2
1113430 1405.1
1113440 1405.1
1113450 1405.1
1113460 1405.5
1113470 1408.3
1113480 1408.3
1113560 1412.5
1113570 1412.5
1113580 1412.7
1113590 1409.9
1113600 1409.9
1113610 1410.1
1113620 1410.1
1113630 1410.1
1113640 1410.3
1113650 1411.8
1113660 1411.8
1113670 1420.2
1113680 1415.2
1113690 1415.2
1113700 1412.5
1113710 1411.9
1113720 1411.9
1113730 1407.6
1113740 1404.3
1113750 1404.3
1113760 1404.1
1113770 1402.9
1113780 1399.2
1113790 1399.2
1113800 1395.6
1113810 1392.0
1113820 1392.0
1113830 1389.4
1113840 1388.2
1113850 1388.2
1113860 1387.1
1113870 1386.2
1113880 1386.2
1113890 1385.7
1113900 1383.4
1113910 1383.4
1113920 1380.1
1113930 1378.4
1113940 1378.4
1113950 1377.4
1113960 1373.7
1113970 1373.7
1113980 1371.5
1113990 1370.9
1114000 1370.9
1114010 1376.7
1114020 1376.2
1114030 1376.2
1114040 1375.9
1114050 1373.4
1114060 1373.4
1114070 1369.5
1114080 1365.8
1114090 1365.8
1114100 1362.9
1114110 1360.8
1114120 1359.1
1114130 1359.1
1114140 1356.1
1114150 1353.1
1114160 1353.1
1114170 1349.5
1114180 1347.0
1114190 1347.0
1114200 1345.8
1114210 1342.9
1114220 1342.9
1114230 1339.6
1114240 1336.7
1114250 1336.7
1114260 1335.6
1114270 1334.7
1114280 1334.7
1114290 1333.0
1114300 1331.4
1114310 1331.4
1114320 1329.9
1114330 1329.7
1114340 1329.7
1114350 1330.0
1114360 1333.8
1114370 1333.8
1114380 1332.4
1114390 1331.9
1114400 1331.9
1114410 1331.7
1114420 1333.3
1114430 1333.3
1114440 1334.9
1114450 1335.4
1114460 1338.4
1114470 1338.4
1114480 1342.1
1114490 1346.2
1114500 1346.2
1114510 1350.2
1114520 1353.9
1114530 1353.9
1114540 1359.6
1114550 1363.4
1114560 1363.4
1114570 1367.7
1114580 1373.1
1114590 1373.1
1114600 1377.2
1114610 1382.2
1114620 1382.2
1114630 1387.5
1114640 1393.6
1114650 1393.6
1114660 1400.8
1114670 1410.0
1114680 1410.0
1114690 1418.1
1114700 1427.8
1114710 1427.8
1114720 1432.6
1114730 1438.7
1114740 1438.7
1114750 1446.2
1114760 1462.6
1114770 1462.6
1114780 1474.7
1114790 1476.5
1114800 1476.5
1114810 1479.8
1114820 1480.8
1114830 1480.9
1114840 1480.9
1114850 1481.0
1114860 1481.7
1114870 1481.7
1114880 1482.6
1114890 1483.7
1114900 1483.7
1114910 1485.6
1114920 1487.2
1114930 1487.2
1114940 1488.0
1114950 1489.1
1114960 1489.1
1114970 1490.1
1114980 1491.0
1114990 1491.0
1115000 1491.4
1115010 1491.0
1115020 1491.0
1115030 1489.4
1115040 1487.7
1115050 1482.8
1115060 1486.2
1115070 1488.2
1115080 1488.2
1115090 1489.9
1115100 1491.1
1115110 1491.1
1115120 1491.4
1115130 1491.1
1115140 1491.1
1115150 1491.1
1115160 1491.7
1115170 1492.5
1115180 1492.5
1115190 1493.7
1115200 1494.8
1115210 1494.8
1115220 1495.4
1115230 1497.7
1115240 1497.7
1115250 1500.4
1115260 1503.9
1115270 1503.9
1115280 1508.2
1115290 1513.3
1115300 1513.3
1115310 1517.8
1115320 1521.3
1115330 1521.3
1115340 1524.5
1115350 1529.4
1115360 1529.4
1115370 1536.6
1115380 1544.7
1115390 1548.1
1115400 1548.8
1115410 1550.1
1115420 1550.1
1115430 1552.2
1115440 1555.2
1115450 1555.2
1115460 1559.9
1115470 1561.0
1115480 1561.0
1115490 1561.4
1115500 1561.5
1115510 1559.9
1115520 1559.9
1115530 1556.5
1115540 1552.8
1115550 1552.8
1115560 1549.5
1115570 1546.1
1115580 1546.1
1115590 1542.1
1115600 1537.8
1115610 1537.8
1115620 1533.1
1115630 1528.4
1115640 1528.4
1115650 1524.3
1115660 1520.5
1115670 1520.5
1115680 1516.4
1115690 1512.5
1115700 1512.5
1115710 1509.0
1115720 1505.5
1115730 1505.5
1115740 1495.1
1115750 1492.1
1115760 1492.1
1115770 1489.6
1115780 1486.9
1115790 1486.9
1115800 1484.2
1115810 1481.5
1115820 1481.5
1115830 1479.5
1115840 1478.8
1115850 1478.8
1115860 1478.7
1115870 1478.3
1115880 1476.7
1115890 1476.7
1115900 1474.3
1115910 1471.5
1115920 1471.5
1115930 1468.2
1115940 1464.1
1115950 1464.1
1115960 1458.1
1115970 1450.7
1115980 1450.7
1115990 1443.8
1116000 1438.5
1116010 1438.5
1116020 1433.7
1116030 1428.9
1116040 1428.9
1116050 1424.8
1116060 1421.1
1116070 1421.1
1116080 1417.2
1116090 1406.9
1116100 1406.9
1116110 1402.7
1116120 1399.8
1116130 1399.8
1116140 1397.1
1116150 1394.8
1116160 1394.8
1116170 1393.1
1116180 1391.0
1116190 1391.0
1116200 1389.6
1116210 1388.3
1116220 1387.4
1116230 1387.4
1116240 1385.8
1116250 1384.0
1116260 1384.0
1116270 1382.2
1116280 1380.0
1116290 1380.0
1116300 1378.2
1116310 1375.9
1116320 1375.9
1116330 1374.4
1116340 1373.6
1116350 1373.6
1116360 1372.5
1116370 1371.9
1116380 1371.9
1116390 1371.7
1116400 1372.6
1116410 1372.6
1116420 1374.3
1116430 1368.1
1116440 1368.1
1116450 1367.2
1116460 1366.1
1116470 1366.1
1116480 1364.5
1116490 1362.6
1116500 1362.6
1116510 1360.9
1116520 1356.7
1116530 1356.7
1116540 1352.1
1116550 1348.0
1116560 1344.3
1116570 1344.3
1116580 1344.3
1116590 1344.8
1116600 1344.8
1116610 1344.6
1116620 1344.3
1116630 1344.3
1116640 1344.1
1116650 1342.2
1116660 1342.2
1116670 1339.8
1116680 1336.8
1116690 1336.8
1116700 1333.8
1116710 1328.7
1116720 1328.7
1116730 1324.9
1116740 1325.9
1116750 1325.9
1116760 1329.3
1116770 1329.8
1116780 1325.7
1116790 1325.6
1116800 1328.7
1116810 1328.7
1116820 1332.1
1116830 1335.5
1116840 1335.5
1116850 1338.5
1116860 1340.6
1116870 1340.6
1116880 1339.6
1116890 1334.2
1116900 1334.2
1116910 1328.1
1116920 1324.3
1116930 1322.5
1116940 1322.5
1116950 1324.9
1116960 1329.4
1116970 1329.4
1116980 1336.1
1116990 1342.5
1117000 1342.5
1117010 1347.2
1117020 1351.5
1117030 1351.5
1117040 1355.5
1117050 1358.3
1117060 1358.3
1117070 1360.3
1117080 1362.5
1117090 1362.5
1117100 1364.9
1117110 1367.4
1117120 1367.4
1117130 1369.1
1117140 1371.0
1117150 1371.0
1117160 1372.2
1117170 1373.1
1117180 1373.1
1117190 1374.0
1117200 1374.3
1117210 1374.3
1117220 1374.2
1117230 1373.5
1117240 1373.5
1117250 1372.2
1117260 1370.5
1117270 1369.2
1117280 1369.2
1117290 1367.9
1117300 1366.7
1117310 1366.7
1117320 1365.8
1117330 1365.3
1117340 1365.3
1117350 1364.4
1117360 1363.1
1117370 1363.1
1117380 1362.0
1117390 1361.4
1117400 1361.4
1117410 1360.3
1117420 1358.7
1117430 1358.7
1117440 1357.1
1117450 1355.3
1117460 1355.3
1117470 1355.0
1117480 1347.4
1117490 1347.4
1117500 1345.4
1117510 1352.3
1117520 1352.3
1117530 1358.9
1117540 1359.3
1117550 1359.3
1117560 1356.2
1117570 1356.2
1117580 1356.2
1117590 1358.3
1117600 1359.8
1117610 1363.9
1117620 1363.9
1117630 1367.6
1117640 1368.5
1117650 1368.5
1117660 1367.6
1117670 1365.7
1117680 1365.7
1117690 1363.7
1117700 1361.4
1117710 1361.4
1117720 1359.3
1117730 1356.8
1117740 1356.8
1117750 1354.6
1117760 1352.5
1117770 1352.5
1117780 1350.3
1117790 1348.0
1117800 1348.0
1117810 1345.4
1117820 1343.3
1117830 1336.2
1117840 1337.0
1117850 1337.0
1117860 1337.0
1117870 1335.9
1117880 1333.6
1117890 1333.6
1117900 1330.2
1117910 1329.1
1117920 1329.1
1117930 1328.0
1117940 1326.4
1117950 1326.4
1117960 1324.6
1117970 1322.4
1117980 1320.1
1117990 1320.1
1118000 1318.7
1118010 1321.9
1118020 1321.9
1118030 1322.7
1118040 1322.2
1118050 1322.2
1118060 1320.5
1118070 1316.6
1118080 1316.6
1118090 1313.5
1118100 1311.5
1118110 1311.5
1118120 1308.7
1118130 1307.2
1118140 1307.2
1118150 1309.8
1118160 1310.8
1118170 1310.8
1118180 1301.6
1118190 1299.7
1118200 1299.7
1118210 1297.2
1118220 1294.3
1118230 1294.3
1118240 1292.3
1118250 1289.8
1118260 1289.8
1118270 1287.0
1118280 1289.2
1118290 1289.2
1118300 1294.9
1118310 1306.4
1118320 1308.1
1118330 1308.1
1118340 1306.6
1118350 1305.2
1118360 1305.2
1118370 1304.4
1118380 1308.6
1118390 1308.6
1118400 1317.9
1118410 1331.8
1118420 1331.8
1118430 1339.7
1118440 1342.1
1118450 1342.1
1118460 1346.5
1118470 1353.2
1118480 1353.2
1118490 1370.6
1118500 1378.7
1118510 1378.7
1118520 1368.8
1118530 1366.1
1118540 1366.1
1118550 1363.1
1118560 1361.8
1118570 1361.8
1118580 1361.0
1118590 1359.9
1118600 1359.9
1118610 1358.3
1118620 1358.3
1118630 1358.3
1118640 1357.9
1118650 1357.0
1118660 1356.8
1118670 1356.8
1118680 1357.2
