1100000 588.2
1100010 585.2
1100020 586.1
1100030 586.1
1100040 587.0
1100050 587.7
1100060 587.7
1100070 586.4
1100080 585.0
1100090 585.0
1100100 584.8
1100110 584.0
1100120 584.0
1100130 582.3
1100140 579.9
1100150 577.0
1100160 577.0
1100170 576.6
1100180 575.4
1100190 575.4
1100200 574.6
1100210 574.1
1100220 574.1
1100230 573.7
1100240 573.5
1100250 573.5
1100260 573.3
1100270 572.6
1100280 572.6
1100290 570.9
1100300 570.9
1100310 570.9
1100320 570.2
1100330 569.0
1100340 567.2
1100350 568.0
1100360 570.0
1100370 570.0
1100380 570.7
1100390 571.4
1100400 571.4
1100410 571.7
1100420 570.5
1100430 570.5
1100440 570.1
1100450 569.1
1100460 569.1
1100470 567.1
1100480 563.5
1100490 561.5
1100500 561.5
1100510 560.0
1100520 560.5
1100530 560.5
1100540 559.4
1100550 564.8
1100560 564.8
1100570 571.1
1100580 574.9
1100590 574.9
1100600 578.8
1100610 579.2
1100620 579.2
1100630 577.6
1100640 577.5
1100650 577.5
1100660 584.5
1100670 588.0
1100680 588.0
1100690 594.8
1100700 602.9
1100710 602.9
1100720 605.7
1100730 604.4
1100740 604.4
1100750 606.1
1100760 609.2
1100770 609.2
1100780 609.4
1100790 608.3
1100800 608.3
1100810 608.7
1100820 610.7
1100830 610.7
1100840 613.1
1100850 614.8
1100860 615.5
1100870 615.5
1100880 616.5
1100890 618.0
1100900 618.0
1100910 620.2
1100920 621.1
1100930 621.1
1100940 620.5
1100950 620.8
1100960 620.8
1100970 621.0
1100980 621.7
1100990 621.7
1101000 623.2
1101010 622.2
1101020 622.2
1101030 621.8
1101040 620.6
1101050 620.6
1101060 619.3
1101070 617.0
1101080 617.0
1101090 614.4
1101100 612.3
1101110 612.3
1101120 611.1
1101130 609.8
1101140 609.8
1101150 606.9
1101160 602.1
1101170 602.1
1101180 597.9
1101190 595.2
1101200 594.6
1101210 594.6
1101220 593.3
1101230 592.1
1101240 592.1
1101250 592.0
1101260 593.2
1101270 593.2
1101280 594.4
1101290 593.2
1101300 593.2
1101310 592.0
1101320 593.2
1101330 593.2
1101340 592.5
1101350 591.8
1101360 591.8
1101370 590.9
1101380 590.2
1101390 590.2
1101400 590.4
1101410 590.9
1101420 590.9
1101430 592.1
1101440 594.6
1101450 594.6
1101460 597.7
1101470 600.1
1101480 600.1
1101490 600.5
1101500 600.5
1101510 600.5
1101520 600.6
1101530 600.1
1101540 597.1
1101550 597.1
1101560 593.8
1101570 591.2
1101580 591.2
1101590 592.0
1101600 592.1
1101610 592.1
1101620 592.7
1101630 592.9
1101640 592.9
1101650 593.0
1101660 593.0
1101670 593.0
1101680 592.8
1101690 591.4
1101700 591.4
1101710 590.1
1101720 589.4
1101730 589.4
1101740 588.3
1101750 588.2
1101760 588.2
1101770 589.7
1101780 590.9
1101790 590.9
1101800 591.5
1101810 591.9
1101820 591.9
1101830 592.2
1101840 592.3
1101850 592.3
1101860 591.2
1101870 591.0
1101880 591.0
1101890 592.8
1101900 593.3
1101910 592.9
1101920 592.9
1101930 591.5
1101940 588.7
1101950 588.7
1101960 586.5
1101970 584.1
1101980 584.1
1101990 579.4
1102000 576.5
1102010 576.7
1102020 573.6
1102030 569.8
1102040 569.8
1102050 564.0
1102060 555.3
1102070 555.3
1102080 548.0
1102090 546.0
1102100 546.0
1102110 543.6
1102120 540.9
1102130 540.9
1102140 538.1
1102150 535.2
1102160 535.2
1102170 534.4
1102180 534.6
1102190 534.6
1102200 529.2
1102210 523.4
1102220 523.4
1102230 521.2
1102240 519.4
1102250 518.0
1102260 518.0
1102270 517.5
1102280 517.4
1102290 517.4
1102300 517.2
1102310 517.2
1102320 517.2
1102330 517.9
1102340 516.6
1102350 516.6
1102360 516.8
1102370 516.9
1102380 516.9
1102390 516.9
1102400 516.7
1102410 516.7
1102420 516.5
1102430 516.3
1102440 516.3
1102450 516.3
1102460 517.0
1102470 517.0
1102480 520.7
1102490 524.1
1102500 524.1
1102510 526.1
1102520 528.3
1102530 528.3
1102540 531.4
1102550 535.8
1102560 535.8
1102570 540.0
1102580 547.3
1102590 547.3
1102600 554.5
1102610 559.5
1102620 568.1
1102630 568.1
1102640 578.2
1102650 585.0
1102660 585.0
1102670 587.1
1102680 598.3
1102690 598.3
1102700 602.2
1102710 606.1
1102720 606.1
1102730 608.7
1102740 607.9
1102750 607.9
1102760 607.8
1102770 610.1
1102780 610.1
1102790 611.9
1102800 607.9
1102810 607.9
1102820 612.8
1102830 616.1
1102840 616.1
1102850 616.7
1102860 617.4
1102870 617.4
1102880 619.9
1102890 621.8
1102900 621.8
1102910 623.6
1102920 625.6
1102930 625.6
1102940 627.7
1102950 629.8
1102960 630.9
1102970 630.9
1102980 631.1
1102990 630.0
1103000 630.0
1103010 635.9
1103020 642.3
1103030 642.3
1103040 645.6
1103050 645.8
1103060 645.8
1103070 640.1
1103080 635.3
1103090 635.3
1103100 629.9
1103110 626.2
1103120 626.2
1103130 620.3
1103140 610.0
1103150 610.0
1103160 605.5
1103170 610.8
1103180 610.8
1103190 620.9
1103200 630.4
1103210 630.4
1103220 637.7
1103230 643.5
1103240 643.5
1103250 650.4
1103260 660.4
1103270 660.4
1103280 669.5
1103290 679.3
1103300 679.3
1103310 687.2
1103320 690.4
1103330 692.0
1103340 692.0
1103350 693.1
1103360 695.1
1103370 695.1
1103380 696.5
1103390 697.5
1103400 697.5
1103410 698.0
1103420 698.7
1103430 698.7
1103440 699.4
1103450 700.1
1103460 700.1
1103470 700.8
1103480 701.7
1103490 701.7
1103500 702.2
1103510 702.5
1103520 702.5
1103530 702.7
1103540 702.8
1103550 702.8
1103560 703.0
1103570 703.5
1103580 703.5
1103590 704.5
1103600 705.8
1103610 705.8
1103620 707.3
1103630 709.1
1103640 709.1
1103650 709.5
1103660 710.1
1103670 710.4
1103680 710.1
1103690 710.3
1103700 710.6
1103710 710.6
1103720 710.9
1103730 710.9
1103740 710.9
1103750 711.0
1103760 711.2
1103770 711.2
1103780 711.3
1103790 711.4
1103800 711.4
1103810 711.6
1103820 711.5
1103830 711.5
1103840 710.7
1103850 709.7
1103860 709.7
1103870 708.5
1103880 707.5
1103890 707.5
1103900 706.9
1103910 706.5
1103920 706.5
1103930 706.6
1103940 706.7
1103950 706.7
1103960 706.7
1103970 707.0
1103980 707.0
1103990 707.2
1104000 707.3
1104010 707.3
1104020 707.6
1104030 707.7
1104040 707.7
1104050 707.7
1104060 707.7
1104070 707.7
1104080 707.7
1104090 707.4
1104100 706.6
1104110 706.6
1104120 705.8
1104130 705.3
1104140 705.3
1104150 705.2
1104160 705.0
1104170 705.0
1104180 704.7
1104190 704.5
1104200 704.5
1104210 704.4
1104220 704.2
1104230 704.2
1104240 703.9
1104250 703.5
1104260 703.5
1104270 703.2
1104280 702.9
1104290 702.9
1104300 702.6
1104310 702.4
1104320 702.4
1104330 702.1
1104340 702.0
1104350 702.0
1104360 702.0
1104370 701.9
1104380 701.8
1104390 701.8
1104400 701.4
1104410 701.1
1104420 701.1
1104430 700.8
1104440 700.2
1104450 700.2
1104460 699.9
1104470 700.0
1104480 700.0
1104490 700.1
1104500 700.0
1104510 700.0
1104520 699.5
1104530 698.3
1104540 698.3
1104550 696.7
1104560 695.4
1104570 695.4
1104580 694.2
1104590 692.8
1104600 692.8
1104610 691.2
1104620 691.2
1104630 691.2
1104640 691.4
1104650 691.9
1104660 691.9
1104670 693.4
1104680 694.4
1104690 696.3
1104700 697.3
1104710 698.6
1104720 698.6
1104730 700.4
1104740 702.2
1104750 703.6
1104760 703.6
1104770 704.9
1104780 706.0
1104790 706.0
1104800 706.9
1104810 707.6
1104820 707.6
1104830 708.0
1104840 708.4
1104850 708.4
1104860 708.8
1104870 709.0
1104880 709.0
1104890 709.0
1104900 708.6
1104910 708.6
1104920 708.1
1104930 707.1
1104940 707.1
1104950 705.9
1104960 705.1
1104970 705.1
1104980 704.9
1104990 703.4
1105000 703.4
1105010 701.4
1105020 699.4
1105030 699.8
1105040 697.5
1105050 694.2
1105060 694.2
1105070 700.6
1105080 703.4
1105090 705.2
1105100 705.2
1105110 706.2
1105120 706.7
1105130 706.7
1105140 706.9
1105150 707.1
1105160 707.1
1105170 707.0
1105180 706.8
1105190 706.8
1105200 706.6
1105210 706.3
1105220 706.3
1105230 706.0
1105240 705.9
1105250 705.9
1105260 705.7
1105270 705.5
1105280 705.5
1105290 705.3
1105300 705.0
1105310 705.0
1105320 704.7
1105330 704.7
1105340 704.7
1105350 704.8
1105360 704.7
1105370 705.0
1105380 705.2
1105390 705.3
1105400 705.3
1105410 705.5
1105420 706.1
1105430 706.1
1105440 706.3
1105450 706.2
1105460 706.7
1105470 706.7
1105480 706.7
1105490 706.3
1105500 706.3
1105510 706.2
1105520 706.2
1105530 706.2
1105540 706.2
1105550 706.1
1105560 706.1
1105570 706.1
1105580 706.1
1105590 706.1
1105600 705.9
1105610 705.7
1105620 705.7
1105630 705.2
1105640 704.8
1105650 704.8
1105660 704.2
1105670 703.1
1105680 703.1
1105690 701.9
1105700 701.6
1105710 701.6
1105720 701.8
1105730 702.5
1105740 702.5
1105750 701.8
1105760 701.3
1105770 701.3
1105780 701.0
1105790 700.7
1105800 700.2
1105810 700.2
1105820 699.7
1105830 698.6
1105840 698.6
1105850 696.9
1105860 695.0
1105870 695.0
1105880 693.2
1105890 691.8
1105900 691.8
1105910 690.5
1105920 689.0
1105930 689.0
1105940 686.6
1105950 685.6
1105960 685.6
1105970 689.4
1105980 692.5
1105990 692.5
1106000 693.1
1106010 693.9
1106020 693.9
1106030 694.9
1106040 699.3
1106050 699.3
1106060 699.3
1106070 698.4
1106080 698.4
1106090 697.3
1106100 696.5
1106110 696.5
1106120 696.1
1106130 695.8
1106140 695.8
1106150 695.3
1106160 694.7
1106170 694.0
1106180 694.0
1106190 693.4
1106200 692.8
1106210 692.8
1106220 692.2
1106230 691.3
1106240 691.3
1106250 690.1
1106260 687.3
1106270 687.3
1106280 683.3
1106290 678.3
1106300 678.3
1106310 675.7
1106320 675.4
1106330 675.4
1106340 675.5
1106350 675.5
1106360 675.5
1106370 675.5
1106380 675.1
1106390 675.1
1106400 672.7
1106410 671.4
1106420 671.4
1106430 671.0
1106440 667.6
1106450 667.6
1106460 663.2
1106470 660.5
1106480 660.5
1106490 654.1
1106500 643.5
1106510 634.0
1106520 634.0
1106530 628.7
1106540 623.7
1106550 623.7
1106560 619.4
1106570 619.4
1106580 619.4
1106590 619.5
1106600 620.3
1106610 620.3
1106620 624.9
1106630 628.8
1106640 628.8
1106650 631.8
1106660 637.3
1106670 637.3
1106680 644.4
1106690 653.9
1106700 653.9
1106710 659.3
1106720 657.6
1106730 657.6
1106740 663.2
1106750 669.8
1106760 669.8
1106770 681.8
1106780 683.4
1106790 683.4
1106800 683.4
1106810 685.8
1106820 685.8
1106830 690.7
1106840 693.8
1106850 694.9
1106860 694.9
1106870 694.6
1106880 694.1
1106890 694.1
1106900 694.3
1106910 695.1
1106920 695.1
1106930 695.9
1106940 696.6
1106950 696.6
1106960 697.0
1106970 697.4
1106980 697.4
1106990 698.2
1107000 699.2
1107010 699.2
1107020 700.1
1107030 701.0
1107040 701.0
1107050 701.8
1107060 703.0
1107070 703.0
1107080 704.3
1107090 705.2
1107100 705.2
1107110 706.1
1107120 707.0
1107130 707.0
1107140 707.8
1107150 708.2
1107160 708.2
1107170 708.0
1107180 706.9
1107190 706.9
1107200 705.0
1107210 702.8
1107220 702.4
1107230 702.4
1107240 703.3
1107250 704.4
1107260 704.4
1107270 705.9
1107280 707.8
1107290 707.8
1107300 709.8
1107310 712.0
1107320 712.0
1107330 714.2
1107340 716.2
1107350 716.2
1107360 718.0
1107370 719.6
1107380 719.6
1107390 722.9
1107400 724.5
1107410 724.5
1107420 726.1
1107430 727.4
1107440 727.4
1107450 728.3
1107460 729.0
1107470 729.0
1107480 729.8
1107490 730.9
1107500 730.9
1107510 732.5
1107520 734.2
1107530 734.2
1107540 736.0
1107550 736.7
1107560 737.1
1107570 737.1
1107580 738.9
1107590 741.7
1107600 741.7
1107610 744.3
1107620 746.5
1107630 746.5
1107640 748.7
1107650 751.1
1107660 751.1
1107670 753.5
1107680 755.9
1107690 755.9
1107700 758.1
1107710 759.9
1107720 759.9
1107730 762.4
1107740 763.9
1107750 763.9
1107760 765.0
1107770 765.2
1107780 765.2
1107790 765.1
1107800 765.3
1107810 765.3
1107820 765.9
1107830 768.4
1107840 768.4
1107850 772.8
1107860 776.8
1107870 776.8
1107880 778.8
1107890 779.2
1107900 779.2
1107910 780.3
1107920 785.5
1107930 788.4
1107940 788.4
1107950 790.0
1107960 791.0
1107970 791.0
1107980 792.1
1107990 794.4
1108000 794.4
1108010 796.5
1108020 798.8
1108030 798.8
1108040 801.0
1108050 803.1
1108060 803.1
1108070 805.6
1108080 807.8
1108090 807.8
1108100 809.9
1108110 812.2
1108120 812.2
1108130 814.5
1108140 816.9
1108150 816.9
1108160 819.4
1108170 821.5
1108180 821.5
1108190 823.2
1108200 825.4
1108210 825.4
1108220 827.9
1108230 830.6
1108240 830.6
1108250 833.2
1108260 835.6
1108270 837.9
1108280 837.9
1108290 840.5
1108300 843.6
1108310 843.6
1108320 848.3
1108330 852.1
1108340 852.1
1108350 855.4
1108360 858.1
1108370 858.1
1108380 861.2
1108390 865.9
1108400 865.9
1108410 870.9
1108420 875.3
1108430 875.3
1108440 879.2
1108450 885.7
1108460 885.7
1108470 891.2
1108480 895.9
1108490 895.9
1108500 900.7
1108510 905.0
1108520 905.0
1108530 908.7
1108540 910.2
1108550 910.2
1108560 912.8
1108570 916.7
1108580 916.7
1108590 921.3
1108600 922.1
1108610 922.1
1108620 927.1
1108630 933.6
1108640 939.0
1108650 939.0
1108660 944.8
1108670 949.5
1108680 949.5
1108690 953.5
1108700 957.0
1108710 957.0
1108720 961.6
1108730 967.0
1108740 967.0
1108750 975.4
1108760 981.2
1108770 981.2
1108780 986.6
1108790 991.5
1108800 991.5
1108810 995.6
1108820 999.0
1108830 999.0
1108840 1003.7
1108850 1007.5
1108860 1007.5
1108870 1010.9
1108880 1017.9
1108890 1017.9
1108900 1023.3
1108910 1027.8
1108920 1027.8
1108930 1033.3
1108940 1040.1
1108950 1040.1
1108960 1047.3
1108970 1052.6
1108980 1056.6
1108990 1056.6
1109000 1061.9
1109010 1066.0
1109020 1066.0
1109030 1071.3
1109040 1077.2
1109050 1077.2
1109060 1083.9
1109070 1088.6
1109080 1088.6
1109090 1097.4
1109100 1104.6
1109110 1104.6
1109120 1110.4
1109130 1116.2
1109140 1116.2
1109150 1121.8
1109160 1126.6
1109170 1126.6
1109180 1131.2
1109190 1135.6
1109200 1135.6
1109210 1140.3
1109220 1146.6
1109230 1146.6
1109240 1152.3
1109250 1158.7
1109260 1158.7
1109270 1162.1
1109280 1164.0
1109290 1164.0
1109300 1166.9
1109310 1170.2
1109320 1170.2
1109330 1174.6
1109340 1181.6
1109350 1190.6
1109360 1190.6
1109370 1207.0
1109380 1216.4
1109390 1216.4
1109400 1220.7
1109410 1225.1
1109420 1225.1
1109430 1231.9
1109440 1234.8
1109450 1234.8
1109460 1236.8
1109470 1237.8
1109480 1237.8
1109490 1236.4
1109500 1235.1
1109510 1235.1
1109520 1234.9
1109530 1237.1
1109540 1237.1
1109550 1239.7
1109560 1242.6
1109570 1242.6
1109580 1244.5
1109590 1245.1
1109600 1245.1
1109610 1243.7
1109620 1241.6
1109630 1241.6
1109640 1239.8
1109650 1238.0
1109660 1238.0
1109670 1235.3
1109680 1232.8
1109690 1230.4
1109700 1230.4
1109710 1228.2
1109720 1227.0
1109730 1227.0
1109740 1226.4
1109750 1226.3
1109760 1226.3
1109770 1219.7
1109780 1217.6
1109790 1217.6
1109800 1215.8
1109810 1213.6
1109820 1213.6
1109830 1212.1
1109840 1210.9
1109850 1210.9
1109860 1210.0
1109870 1209.0
1109880 1209.0
1109890 1207.1
1109900 1204.6
1109910 1204.6
1109920 1203.9
1109930 1203.5
1109940 1203.5
1109950 1200.6
1109960 1199.7
1109970 1199.7
1109980 1200.3
1109990 1200.8
1110000 1200.8
1110010 1201.0
1110020 1203.9
1110030 1207.4
1110040 1207.4
1110050 1207.1
1110060 1206.0
1110070 1206.0
1110080 1208.1
1110090 1211.8
1110100 1211.8
1110110 1215.8
1110120 1215.9
1110130 1215.9
1110140 1216.2
1110150 1217.3
1110160 1217.3
1110170 1218.6
1110180 1218.9
1110190 1218.9
1110200 1218.7
1110210 1218.7
1110220 1218.7
1110230 1218.8
1110240 1218.8
1110250 1218.8
1110260 1218.8
1110270 1218.4
1110280 1218.4
1110290 1217.1
1110300 1218.6
1110310 1218.6
1110320 1217.5
1110330 1218.3
1110340 1218.3
1110350 1219.3
1110360 1219.8
1110370 1219.8
1110380 1220.5
1110390 1221.4
1110400 1222.2
1110410 1222.2
1110420 1222.9
1110430 1223.8
1110440 1223.8
1110450 1224.6
1110460 1226.7
1110470 1226.7
1110480 1227.4
1110490 1227.7
1110500 1227.7
1110510 1228.4
1110520 1230.3
1110530 1230.3
1110540 1233.5
1110550 1236.6
1110560 1236.6
1110570 1238.7
1110580 1241.1
1110590 1241.1
1110600 1244.4
1110610 1247.3
1110620 1247.3
1110630 1249.5
1110640 1251.8
1110650 1251.8
1110660 1253.6
1110670 1255.0
1110680 1255.0
1110690 1256.5
1110700 1257.8
1110710 1257.8
1110720 1258.8
1110730 1259.5
1110740 1259.9
1110750 1259.9
1110760 1260.2
1110770 1260.1
1110780 1260.1
1110790 1259.0
1110800 1256.8
1110810 1256.8
1110820 1256.0
1110830 1255.6
1110840 1255.6
1110850 1254.7
1110860 1253.6
1110870 1253.6
1110880 1253.8
1110890 1253.1
1110900 1253.1
1110910 1252.6
1110920 1253.3
1110930 1253.3
1110940 1253.5
1110950 1253.5
1110960 1253.5
1110970 1253.1
1110980 1252.5
1110990 1252.5
1111000 1251.4
1111010 1250.1
1111020 1250.1
1111030 1248.9
1111040 1247.2
1111050 1247.2
1111060 1244.9
1111070 1242.2
1111080 1242.2
1111090 1239.5
1111100 1237.1
1111110 1235.8
1111120 1235.8
1111130 1235.0
1111140 1235.2
1111150 1235.2
1111160 1234.0
1111170 1232.4
1111180 1232.4
1111190 1231.4
1111200 1229.2
1111210 1229.2
1111220 1227.3
1111230 1225.2
1111240 1225.2
1111250 1224.9
1111260 1223.5
1111270 1223.5
1111280 1221.9
1111290 1220.3
1111300 1220.3
1111310 1218.9
1111320 1217.7
1111330 1217.7
1111340 1217.1
1111350 1216.2
1111360 1216.2
1111370 1215.9
1111380 1215.5
1111390 1215.5
1111400 1215.3
1111410 1215.4
1111420 1215.4
1111430 1215.4
1111440 1215.6
1111450 1215.7
1111460 1215.7
1111470 1215.8
1111480 1216.1
1111490 1216.1
1111500 1216.1
1111510 1216.2
1111520 1216.2
1111530 1216.3
1111540 1216.4
1111550 1216.4
1111560 1216.6
1111570 1216.8
1111580 1216.8
1111590 1216.8
1111600 1216.8
1111610 1216.8
1111620 1216.9
1111630 1216.8
1111640 1216.8
1111650 1216.6
1111660 1216.6
1111670 1216.6
1111680 1216.6
1111690 1216.8
1111700 1216.8
1111710 1217.0
1111720 1217.1
1111730 1217.1
1111740 1217.3
1111750 1217.5
1111760 1217.5
1111770 1217.8
1111780 1218.4
1111790 1218.4
1111800 1218.8
1111810 1219.0
1111820 1219.4
1111830 1219.4
1111840 1219.9
1111850 1220.2
1111860 1220.2
1111870 1219.1
1111880 1219.1
1111890 1219.1
1111900 1220.1
1111910 1219.3
1111920 1219.3
1111930 1219.1
1111940 1219.3
1111950 1219.3
1111960 1219.5
1111970 1219.6
1111980 1219.6
1111990 1219.8
1112000 1220.0
1112010 1220.0
1112020 1219.9
1112030 1219.5
1112040 1219.5
1112050 1218.7
1112060 1218.2
1112070 1218.2
1112080 1218.6
1112090 1219.5
1112100 1219.5
1112110 1220.5
1112120 1221.5
1112130 1221.5
1112140 1222.7
1112150 1224.2
1112160 1226.1
1112170 1226.8
1112180 1229.0
1112190 1231.0
1112200 1231.0
1112210 1233.0
1112220 1234.9
1112230 1234.9
1112240 1235.7
1112250 1236.6
1112260 1236.6
1112270 1238.4
1112280 1240.2
1112290 1240.2
1112300 1241.7
1112310 1243.0
1112320 1243.0
1112330 1244.9
1112340 1247.2
1112350 1247.2
1112360 1249.1
1112370 1251.2
1112380 1251.2
1112390 1253.1
1112400 1254.9
1112410 1254.9
1112420 1256.4
1112430 1257.3
1112440 1257.3
1112450 1257.9
1112460 1257.7
1112470 1257.7
1112480 1256.4
1112490 1254.4
1112500 1251.9
1112510 1256.7
1112520 1253.5
1112530 1250.1
1112540 1250.1
1112550 1245.5
1112560 1241.9
1112570 1241.9
1112580 1239.8
1112590 1236.7
1112600 1236.7
1112610 1233.2
1112620 1231.1
1112630 1231.1
1112640 1229.7
1112650 1229.4
1112660 1229.4
1112670 1228.7
1112680 1228.0
1112690 1228.0
1112700 1227.1
1112710 1225.7
1112720 1225.7
1112730 1224.6
1112740 1223.6
1112750 1223.6
1112760 1222.5
1112770 1222.4
1112780 1222.4
1116660 1512.5
1116670 1512.5
1116680 1515.5
1116690 1518.5
1116700 1518.5
1116710 1521.9
1116720 1525.8
1116730 1525.8
1116740 1528.7
1116750 1530.6
1116760 1532.3
1116770 1532.3
1116780 1533.6
1116790 1535.1
1116800 1535.1
1116810 1537.4
1116820 1540.3
1116830 1540.3
1116840 1543.9
1116850 1547.4
1116860 1547.4
1116870 1550.9
1116880 1554.1
1116890 1554.1
1116900 1556.9
1116910 1561.1
1116920 1561.1
1116930 1564.5
1116940 1566.5
1116950 1566.5
1116960 1567.3
1116970 1568.5
1116980 1568.5
1116990 1571.6
1117000 1572.0
1117010 1577.8
1117020 1578.7
1117030 1580.7
1117040 1580.7
1117050 1581.3
1117060 1583.9
1117070 1583.9
1117080 1587.6
1117090 1590.1
1117100 1593.1
1117110 1593.1
1117120 1593.3
1117130 1594.0
1117140 1594.0
1117150 1596.3
1117160 1598.7
1117170 1598.7
1117180 1602.3
1117190 1604.2
1117200 1604.2
1117210 1606.2
1117220 1608.7
1117230 1608.7
1117240 1610.6
1117250 1612.3
1117260 1612.3
1117270 1614.4
1117280 1618.3
1117290 1618.3
1117300 1621.8
1117310 1623.0
1117320 1623.0
1117330 1622.9
1117340 1623.6
1117350 1622.7
1117360 1625.1
1117370 1627.9
1117380 1627.9
1117390 1629.2
1117400 1629.1
1117410 1629.1
1117420 1629.6
1117430 1630.6
1117440 1630.6
1117450 1627.5
1117460 1623.9
1117470 1621.6
1117480 1621.6
1117490 1617.4
1117500 1616.3
1117510 1616.3
1117520 1612.2
1117530 1604.0
1117540 1604.0
1117550 1597.1
1117560 1589.8
1117570 1589.8
1117580 1583.1
1117590 1577.6
1117600 1577.6
1117610 1571.9
1117620 1564.8
1117630 1564.8
1117640 1556.2
1117650 1550.3
1117660 1550.3
1117670 1544.7
1117680 1539.9
1117690 1539.9
1117700 1543.6
1117710 1541.2
1117720 1541.2
1117730 1538.4
1117740 1533.9
1117750 1533.9
1117760 1530.5
1117770 1526.8
1117780 1526.8
1117790 1523.7
1117800 1520.6
1117810 1515.2
1117820 1515.2
1117830 1511.5
1117840 1511.5
1117850 1511.5
1117860 1514.0
1117870 1514.5
1117880 1514.5
1117890 1503.5
1117900 1492.0
1117910 1492.0
1117920 1487.7
1117930 1483.5
1117940 1483.5
1117950 1479.6
1117960 1476.8
1117970 1476.8
1117980 1474.8
1117990 1471.7
1118000 1471.7
1118010 1468.8
1118020 1466.0
1118030 1466.0
1118040 1462.9
1118050 1465.7
1118060 1465.7
1118070 1463.9
1118080 1461.4
1118090 1461.4
1118100 1460.4
1118110 1461.7
1118120 1461.7
1118130 1464.1
1118140 1465.2
1118150 1465.4
1118160 1465.4
1118170 1465.1
1118180 1466.1
1118190 1466.1
1118200 1466.7
1118210 1467.0
1118220 1467.0
1118230 1465.6
1118240 1465.0
1118250 1465.0
1118260 1464.2
1118270 1464.9
1118280 1464.9
1118290 1465.2
1118300 1465.6
1118310 1465.6
1118320 1467.4
1118330 1469.7
1118340 1469.7
1118350 1471.8
