1100000 792.4
1100010 792.0
1100020 792.0
1100030 790.4
1100040 788.4
1100050 788.4
1100060 786.9
1100070 785.7
1100080 785.7
1100090 783.6
1100100 782.8
1100110 782.8
1100120 780.4
1100130 774.8
1100140 774.8
1100150 772.0
1100160 775.7
1100170 777.5
1100180 777.5
1100190 774.7
1100200 771.5
1100210 771.5
1100220 767.6
1100230 769.3
1100240 769.3
1100250 770.5
1100260 769.9
1100270 769.9
1100280 768.8
1100290 767.5
1100300 767.5
1100310 764.9
1100320 760.7
1100330 760.7
1100340 758.5
1100350 760.3
1100360 760.3
1100370 761.0
1100380 760.4
1100390 760.4
1100400 758.0
1100410 753.9
1100420 753.9
1100430 749.6
1100440 751.1
1100450 751.1
1100460 750.0
1100470 745.3
1100480 745.3
1100490 741.5
1100500 741.6
1100510 741.6
1100520 741.5
1100530 741.6
1100540 740.2
1100550 740.2
1100560 738.7
1100570 737.9
1100580 737.9
1100590 737.4
1100600 737.8
1100610 737.8
1100620 735.9
1100630 736.0
1100640 736.0
1100650 735.9
1100660 734.6
1100670 734.6
1100680 734.9
1100690 733.3
1100700 733.3
1100710 730.7
1100720 729.9
1100730 729.9
1100740 730.6
1100750 729.9
1100760 729.9
1100770 728.8
1100780 727.7
1100790 727.7
1100800 726.7
1100810 726.4
1100820 726.4
1100830 726.0
1100840 725.4
1100850 725.4
1100860 723.6
1100870 723.6
1100880 723.7
1100890 723.7
1100900 723.7
1100910 723.4
1100920 723.4
1100930 722.6
1100940 721.4
1100950 721.4
1100960 720.8
1100970 720.2
1100980 720.2
1100990 719.4
1101000 718.5
1101010 718.5
1101020 717.7
1101030 717.2
1101040 717.2
1101050 717.0
1101060 716.4
1101070 716.4
1101080 716.0
1101090 715.5
1101100 715.5
1101110 713.3
1101120 714.6
1101130 714.6
1101140 714.9
1101150 714.5
1101160 714.5
1101170 713.6
1101180 713.6
1101190 713.2
1101200 712.8
1101210 711.0
1101220 711.0
1101230 711.3
1101240 711.1
1101250 710.8
1101260 710.8
1101270 709.7
1101280 708.9
1101290 708.9
1101300 707.9
1101310 707.1
1101320 707.1
1101330 704.7
1101340 703.7
1101350 703.7
1101360 704.6
1101370 704.1
1101380 704.1
1101390 703.5
1101400 702.9
1101410 702.9
1101420 702.3
1101430 701.7
1101440 701.7
1101450 700.9
1101460 700.3
1101470 700.3
1101480 699.2
1101490 698.9
1101500 698.9
1101510 698.6
1101520 697.5
1101530 697.5
1101540 696.6
1101550 696.0
1101560 696.0
1101570 695.7
1101580 695.9
1101590 695.9
1101600 695.9
1101610 695.7
1101620 695.3
1101630 695.3
1101640 695.1
1101650 695.0
1101660 695.0
1101670 695.0
1101680 695.5
1101690 695.5
1101700 695.4
1101710 695.2
1101720 695.2
1101730 694.7
1101740 694.5
1101750 694.5
1101760 694.3
1101770 694.2
1101780 694.2
1101790 694.1
1101800 694.0
1101810 694.0
1101820 693.8
1101830 693.3
1101840 693.3
1101850 692.8
1101860 691.9
1101870 691.9
1101880 691.5
1101890 690.8
1101900 690.8
1101910 689.9
1101920 689.0
1101930 689.0
1101940 688.0
1101950 687.0
1101960 686.1
1101970 686.1
1101980 684.8
1101990 683.3
1102000 683.3
1102010 681.8
1102020 680.6
1102030 680.6
1102040 680.0
1102050 679.3
1102060 679.3
1102070 678.8
1102080 678.4
1102090 678.4
1102100 678.1
1102110 677.5
1102120 677.5
1102130 677.3
1102140 677.0
1102150 677.0
1102160 676.4
1102170 676.0
1102180 676.0
1102190 675.1
1102200 674.3
1102210 674.3
1102220 673.5
1102230 672.6
1102240 672.6
1102250 672.3
1102260 673.1
1102270 673.1
1102280 673.6
1102290 673.3
1102300 673.3
1102310 673.5
1102320 674.0
1102330 674.5
1102340 674.5
1102350 674.9
1102360 675.1
1102370 675.1
1102380 675.4
1102390 675.4
1102400 675.4
1102410 675.3
1102420 675.2
1102430 675.2
1102440 675.2
1102450 675.1
1102460 675.1
1102470 675.0
1102480 674.8
1102490 674.8
1102500 674.7
1102510 674.5
1102520 674.5
1102530 673.7
1102540 673.4
1102550 673.4
1102560 673.0
1102570 672.6
1102580 672.6
1102590 672.2
1102600 672.0
1102610 672.0
1102620 671.8
1102630 671.5
1102640 671.5
1102650 671.1
1102660 671.0
1102670 670.7
1102680 670.7
1102690 670.3
1102700 670.1
1102710 670.1
1102720 669.8
1102730 669.5
1102740 669.5
1102750 669.3
1102760 669.1
1102770 669.1
1102780 669.0
1102790 669.0
1102800 669.0
1102810 669.1
1102820 669.3
1102830 669.3
1102840 669.3
1102850 669.4
1102860 669.3
1102870 669.0
1102880 668.5
1102890 668.5
1102900 668.3
1102910 668.2
1102920 668.2
1102930 668.2
1102940 668.3
1102950 668.3
1102960 668.3
1102970 668.2
1102980 668.2
1102990 668.2
1103000 668.3
1103010 668.3
1103020 668.5
1103030 668.7
1103040 668.8
1103050 668.8
1103060 668.9
1103070 668.9
1103080 668.9
1103090 668.9
1103100 669.0
1103110 669.0
1103120 669.0
1103130 669.0
1103140 669.0
1103150 668.8
1103160 668.7
1103170 668.7
1103180 668.7
1103190 668.7
1103200 667.2
1103210 664.6
1103220 661.6
1103230 661.6
1103240 660.0
1103250 657.7
1103260 657.7
1103270 655.9
1103280 654.2
1103290 654.2
1103300 653.5
1103310 652.9
1103320 652.9
1103330 651.9
1103340 650.5
1103350 650.5
1103360 650.4
1103370 651.2
1103380 651.2
1103390 652.1
1103400 652.1
1103410 653.0
1103420 653.0
1103430 654.2
1103440 655.3
1103450 655.3
1103460 655.5
1103470 656.1
1103480 656.1
1103490 657.4
1103500 658.6
1103510 658.6
1103520 658.6
1103530 652.5
1103540 652.5
1103550 652.3
1103560 652.0
1103570 652.0
1103580 651.5
1103590 650.2
1103600 650.2
1103610 648.4
1103620 646.7
1103630 646.7
1103640 645.5
1103650 644.2
1103660 644.2
1103670 643.4
1103680 642.8
1103690 642.8
1103700 642.0
1103710 640.6
1103720 640.6
1103730 638.6
1103740 635.6
1103750 634.5
1103760 634.5
1103770 632.7
1103780 628.2
1103790 628.2
1103800 624.9
1103810 621.8
1103820 621.8
1103830 618.7
1103840 615.6
1103850 615.6
1103860 612.8
1103870 611.9
1103880 611.9
1103890 609.5
1103900 607.6
1103910 607.6
1103920 606.4
1103930 605.9
1103940 605.9
1103950 606.4
1103960 606.6
1103970 606.6
1103980 605.8
1103990 604.2
1104000 604.2
1104010 601.0
1104020 595.4
1104030 595.4
1104040 590.4
1104050 585.8
1104060 585.8
1104070 580.8
1104080 576.4
1104090 576.4
1104100 576.8
1104110 575.5
1104120 573.9
1104130 573.9
1104140 573.0
1104150 572.2
1104160 572.2
1104170 564.3
1104180 556.4
1104190 556.4
1104200 544.6
1104210 540.9
1104220 540.9
1104230 540.9
1104240 537.6
1104250 537.6
1104260 536.1
1104270 535.8
1104280 535.8
1104290 535.3
1104300 535.6
1104310 535.6
1104320 542.1
1104330 546.2
1104340 546.2
1104350 549.2
1104360 554.8
1104370 554.8
1104380 562.6
1104390 570.7
1104400 570.7
1104410 578.0
1104420 591.4
1104430 591.4
1104440 596.5
1104450 597.2
1104460 601.3
1104470 601.3
1104480 609.5
1104490 610.4
1104500 610.4
1104510 614.0
1104520 616.9
1104530 616.9
1104540 617.6
1104550 616.3
1104560 616.3
1104570 615.8
1104580 622.2
1104590 622.2
1104600 624.8
1104610 624.7
1104620 624.7
1104630 625.5
1104640 627.0
1104650 627.0
1104660 627.3
1104670 627.5
1104680 627.5
1104690 628.6
1104700 630.3
1104710 630.3
1104720 632.3
1104730 634.6
1104740 634.6
1104750 636.4
1104760 638.6
1104770 638.6
1104780 640.5
1104790 641.4
1104800 641.4
1104810 642.2
1104820 643.3
1104830 644.5
1104840 644.5
1104850 645.5
1104860 646.4
1104870 646.4
1104880 648.1
1104890 650.4
1104900 650.4
1104910 652.3
1104920 653.7
1104930 653.7
1104940 655.6
1104950 658.7
1104960 658.7
1104970 662.9
1104980 663.8
1104990 663.8
1105000 663.9
1105010 664.2
1105020 664.2
1105030 664.2
1105040 664.2
1105050 664.2
1105060 664.4
1105070 664.3
1105080 664.3
1105090 663.4
1105100 662.4
1105110 662.4
1105120 661.0
1105130 661.7
1105140 661.7
1105150 661.4
1105160 660.9
1105170 660.9
1105180 660.1
1105190 659.6
1105200 659.7
1105210 661.5
1105220 661.4
1105230 662.0
1105240 662.0
1105250 663.7
1105260 665.5
1105270 665.5
1105280 666.5
1105290 666.9
1105300 666.9
1105310 667.3
1105320 667.7
1105330 667.7
1105340 667.8
1105350 667.9
1105360 667.9
1105370 667.9
1105380 667.9
1105390 667.9
1105400 668.0
1105410 668.1
1105420 668.1
1105430 668.1
1105440 668.1
1105450 668.1
1105460 668.3
1105470 668.3
1105480 668.3
1105490 668.2
1105500 668.1
1105510 668.1
1105520 667.9
1105530 667.9
1105540 668.2
1105550 668.4
1105560 668.5
1105570 668.6
1105580 668.6
1105590 668.7
1105600 668.9
1105610 668.9
1105620 669.1
1105630 669.2
1105640 669.2
1105650 669.0
1105660 668.2
1105670 668.2
1105680 667.0
1105690 666.2
1105700 666.2
1105710 665.4
1105720 664.5
1105730 664.5
1105740 664.0
1105750 664.1
1105760 664.1
1105770 664.3
1105780 664.0
1105790 664.0
1105800 662.9
1105810 661.7
1105820 661.7
1105830 660.6
1105840 658.9
1105850 658.9
1105860 654.5
1105870 656.1
1105880 656.1
1105890 658.6
1105900 658.2
1105910 657.5
1105920 657.5
1105930 656.8
1105940 655.9
1105950 655.9
1105960 655.3
1105970 655.5
1105980 655.5
1105990 655.8
1106000 656.1
1106010 656.1
1106020 656.1
1106030 655.7
1106040 655.7
1106050 654.3
1106060 652.8
1106070 652.8
1106080 651.4
1106090 650.2
1106100 650.2
1106110 648.3
1106120 646.5
1106130 646.5
1106140 645.2
1106150 643.6
1106160 643.6
1106170 641.2
1106180 638.1
1106190 638.1
1106200 635.3
1106210 633.3
1106220 633.3
1106230 633.8
1106240 633.5
1106250 632.9
1106260 632.9
1106270 631.7
1106280 631.0
1106290 631.0
1106300 630.2
1106310 629.5
1106320 629.5
1106330 629.2
1106340 629.0
1106350 629.0
1106360 629.0
1106370 629.0
1106380 629.0
1106390 629.2
1106400 629.1
1106410 629.1
1106420 629.3
1106430 630.1
1106440 630.1
1106450 631.0
1106460 630.9
1106470 630.9
1106480 631.2
1106490 633.0
1106500 633.0
1106510 632.6
1106520 633.1
1106530 633.1
1106540 629.0
1106550 621.2
1106560 631.0
1106570 624.1
1106580 618.8
1106590 618.8
1106600 606.7
1106610 592.5
1106620 584.5
1106630 584.5
1106640 575.1
1106650 573.3
1106660 573.3
1106670 577.1
1106680 583.7
1106690 583.7
1106700 590.1
1106710 596.8
1106720 596.8
1106730 605.6
1106740 609.7
1106750 609.7
1106760 607.0
1106770 609.0
1106780 609.0
1106790 614.5
1106800 621.7
1106810 621.7
1106820 627.8
1106830 633.7
1106840 633.7
1106850 637.8
1106860 644.2
1106870 644.2
1106880 647.8
1106890 649.1
1106900 653.5
1106910 654.8
1106920 657.2
1106930 657.2
1106940 661.3
1106950 665.3
1106960 669.1
1106970 669.1
1106980 672.2
1106990 673.4
1107000 673.4
1107010 673.9
1107020 674.7
1107030 674.7
1107040 674.4
1107050 674.2
1107060 674.2
1107070 673.5
1107080 668.2
1107090 668.2
1107100 664.1
1107110 660.8
1107120 660.8
1107130 662.5
1107140 665.5
1107150 665.5
1107160 669.0
1107170 670.7
1107180 670.7
1107190 671.0
1107200 672.5
1107210 672.5
1107220 673.5
1107230 674.0
1107240 674.6
1107250 675.3
1107260 676.3
1107270 676.3
1107280 677.3
1107290 678.3
1107300 678.3
1107310 679.2
1107320 680.1
1107330 681.2
1107340 681.2
1107350 682.5
1107360 683.6
1107370 683.6
1107380 684.6
1107390 685.5
1107400 685.5
1107410 686.3
1107420 687.1
1107430 687.1
1107440 688.0
1107450 689.0
1107460 689.0
1107470 690.2
1107480 691.5
1107490 691.5
1107500 693.4
1107510 694.0
1107520 694.0
1107530 695.5
1107540 696.7
1107550 696.7
1107560 698.0
1107570 699.4
1107580 699.8
1107590 701.2
1107600 702.7
1107610 702.7
1107620 703.9
1107630 705.6
1107640 705.6
1107650 707.8
1107660 710.2
1107670 710.2
1107680 712.2
1107690 714.6
1107700 717.0
1107710 717.0
1107720 720.0
1107730 724.0
1107740 724.0
1107750 727.8
1107760 730.2
1107770 730.2
1107780 731.6
1107790 732.7
1107800 732.7
1107810 733.9
1107820 735.4
1107830 735.4
1107840 737.2
1107850 738.9
1107860 738.9
1107870 739.8
1107880 739.8
1107890 739.8
1107900 739.8
1107910 741.2
1107920 740.5
1107930 742.5
1107940 743.8
1107950 743.8
1107960 745.0
1107970 746.3
1107980 746.3
1107990 747.6
1108000 748.7
1108010 748.7
1108020 749.8
1108030 751.1
1108040 753.2
1108050 753.2
1108060 753.9
1108070 755.2
1108080 755.2
1108090 756.6
1108100 757.0
1108110 757.0
1108120 758.2
1108130 759.8
1108140 759.8
1108150 761.3
1108160 762.6
1108170 762.6
1108180 763.9
1108190 765.5
1108200 765.5
1108210 767.0
1108220 769.1
1108230 769.1
1108240 770.6
1108250 772.1
1108260 772.8
1108270 774.3
1108280 776.1
1108290 776.1
1108300 777.4
1108310 778.3
1108320 778.3
1108330 779.4
1108340 780.7
1108350 780.7
1108360 782.5
1108370 784.5
1108380 784.5
1108390 786.6
1108400 788.6
1108410 790.6
1108420 790.6
1108430 792.6
1108440 794.5
1108450 794.5
1108460 796.5
1108470 798.4
1108480 798.4
1108490 799.8
1108500 800.8
1108510 800.8
1108520 803.2
1108530 805.2
1108540 805.2
1108550 807.8
1108560 809.7
1108570 809.7
1108580 811.3
1108590 812.8
1108600 813.7
1108610 815.2
1108620 816.9
1108630 816.9
1108640 818.4
1108650 819.5
1108660 819.5
1108670 819.7
1108680 820.4
1108690 820.4
1108700 823.5
1108710 826.5
1108720 826.5
1108730 829.6
1108740 832.6
1108750 836.0
1108760 836.0
1108770 838.3
1108780 841.3
1108790 841.3
1108800 844.7
1108810 849.3
1108820 849.3
1108830 855.4
1108840 858.8
1108850 858.8
1108860 861.7
1108870 864.2
1108880 864.2
1108890 866.8
1108900 869.9
1108910 869.9
1108920 872.7
1108930 875.6
1108940 874.9
1108950 877.3
1108960 879.4
1108970 879.4
1108980 881.3
1108990 883.6
1109000 883.6
1109010 886.3
1109020 888.2
1109030 888.2
1109040 890.4
1109050 893.0
1109060 893.0
1109070 896.6
1109080 901.6
1109090 901.6
1109100 906.2
1109110 910.3
1109120 914.0
1109130 914.0
1109140 917.2
1109150 919.7
1109160 919.7
1109170 922.5
1109180 924.9
1109190 924.9
1109200 927.4
1109210 929.7
1109220 929.7
1109230 931.8
1109240 934.2
1109250 934.2
1109260 935.7
1109270 937.9
1109280 940.9
1109290 943.4
1109300 945.5
1109310 945.5
1109320 947.4
1109330 948.0
1109340 948.0
1109350 948.3
1109360 951.5
1109370 951.5
1109380 955.3
1109390 960.5
1109400 960.5
1109410 964.7
1109420 967.9
1109430 967.9
1109440 970.4
1109450 972.7
1109460 975.4
1109470 975.4
1109480 979.0
1109490 981.9
1109500 981.9
1109510 986.3
1109520 991.3
1109530 991.3
1109540 995.4
1109550 998.3
1109560 998.3
1109570 1000.5
1109580 1003.6
1109590 1003.6
1109600 1007.4
1109610 1010.9
1109620 1015.3
1109630 1019.4
1109640 1022.4
1109650 1022.4
1109660 1026.5
1109670 1031.8
1109680 1031.8
1109690 1037.0
1109700 1041.4
1109710 1041.4
1109720 1045.8
1109730 1049.5
1109740 1049.5
1109750 1053.9
1109760 1057.7
1109770 1057.7
1109780 1060.9
1109790 1065.2
1109800 1065.2
1109810 1069.0
1109820 1072.6
1109830 1075.7
1109840 1075.7
1109850 1079.3
1109860 1082.3
1109870 1082.3
1109880 1086.1
1109890 1090.0
1109900 1090.0
1109910 1093.5
1109920 1096.6
1109930 1096.6
1109940 1099.4
1109950 1102.0
1109960 1104.2
1109970 1106.7
1109980 1110.9
1109990 1110.9
1110000 1113.9
1110010 1117.0
1110020 1117.0
1110030 1121.3
1110040 1125.3
1110050 1125.3
1110060 1127.7
1110070 1129.9
1110080 1129.9
1110090 1132.2
1110100 1134.8
1110110 1134.8
1110120 1137.2
1110130 1139.8
1110140 1139.8
1110150 1142.3
1110160 1145.1
1110170 1147.2
1110180 1147.2
1110190 1149.1
1110200 1152.2
1110210 1152.2
1110220 1155.3
1110230 1158.1
1110240 1158.1
1110250 1159.9
1110260 1161.3
1110270 1161.3
1110280 1162.1
1110290 1162.5
1110300 1164.4
1110310 1166.0
1110320 1168.3
1110330 1168.3
1110340 1170.1
1110350 1170.0
1110360 1170.0
1110370 1172.0
1110380 1173.6
1110390 1173.6
1110400 1175.1
1110410 1177.0
1110420 1177.0
1110430 1178.9
1110440 1180.7
1110450 1180.7
1110460 1182.4
1110470 1185.3
1110480 1185.3
1110490 1187.6
1110500 1189.9
1110510 1189.9
1110520 1191.2
1110530 1193.3
1110540 1194.6
1110550 1194.6
1110560 1197.0
1110570 1200.6
1110580 1200.6
1110590 1204.0
1110600 1206.8
1110610 1206.8
1110620 1208.4
1110630 1210.7
1110640 1217.8
1110650 1219.9
1110660 1221.8
1110670 1221.8
1110680 1222.4
1110690 1222.2
1110700 1222.2
1110710 1224.7
1110720 1226.3
1110730 1226.3
1110740 1228.3
1110750 1229.8
1110760 1229.8
1110770 1232.1
1110780 1235.1
1110790 1235.1
1110800 1237.1
1110810 1239.1
1110820 1239.1
1110830 1240.1
1110840 1239.8
1110850 1239.8
1110860 1239.6
1110870 1239.9
1110880 1239.9
1110890 1241.1
1110900 1242.2
1110910 1242.6
1110920 1242.6
1110930 1241.0
1110940 1239.6
1110950 1239.6
1110960 1239.4
1110970 1239.1
1110980 1239.1
1110990 1238.3
1111000 1236.2
1111010 1236.2
1111020 1234.8
1111030 1234.6
1111040 1234.6
1111050 1235.6
1111060 1237.5
1111070 1237.5
1111080 1238.9
1111090 1241.5
1111100 1241.5
1111110 1244.4
1111120 1247.6
1111130 1247.6
1111140 1251.7
1111150 1258.1
1111160 1258.1
1111170 1264.1
1111180 1271.5
1111190 1271.5
1111200 1278.8
1111210 1284.0
1111220 1284.0
1111230 1285.8
1111240 1284.6
1111250 1284.4
1111260 1284.4
1111270 1282.8
1111280 1280.9
1111290 1280.9
1111300 1280.0
1111310 1280.4
1111320 1280.4
1111330 1278.4
1111340 1277.3
1111350 1277.3
1111360 1276.0
1111370 1274.8
1111380 1274.8
1111390 1273.4
1111400 1271.3
1111410 1271.3
1111420 1269.0
1111430 1266.7
1111440 1266.7
1111450 1264.2
1111460 1261.3
1111470 1261.3
1111480 1258.2
1111490 1255.7
1111500 1255.7
1111510 1253.0
1111520 1250.5
1111530 1250.5
1111540 1248.0
1111550 1245.3
1111560 1245.3
1111570 1242.3
1111580 1239.6
1111590 1239.6
1111600 1238.4
1111610 1237.2
1111620 1236.0
1111630 1236.0
1111640 1234.0
1111650 1231.6
1111660 1231.6
1111670 1228.3
1111680 1226.5
1111690 1226.5
1111700 1223.5
1111710 1221.4
1111720 1221.4
1111730 1219.7
1111740 1218.9
1111750 1218.9
1111760 1217.7
1111770 1216.8
1111780 1216.8
1111790 1216.4
1111800 1215.9
1111810 1215.9
1111820 1215.0
1111830 1214.9
1111840 1214.9
1111850 1214.5
1111860 1214.1
1111870 1214.1
1111880 1214.2
1111890 1213.9
1111900 1213.9
1111910 1213.8
1111920 1213.7
1111930 1213.7
1111940 1213.7
1111950 1214.0
1111960 1215.0
1111970 1215.0
1111980 1216.2
1111990 1218.1
1112000 1218.1
1112010 1220.2
1112020 1220.6
1112030 1220.6
1112040 1220.6
1112050 1220.3
1112060 1220.3
1112070 1219.9
1112080 1219.1
1112090 1219.1
1112100 1218.9
1112110 1218.6
1112120 1218.6
1112130 1218.3
1112140 1218.1
1112150 1218.1
1112160 1217.8
1112170 1217.5
1112180 1217.5
1112190 1216.7
1112200 1215.6
1112210 1215.6
1112220 1214.7
1112230 1214.0
1112240 1214.0
1112250 1213.3
1112260 1212.4
1112270 1212.4
1112280 1211.4
1112290 1210.8
1112300 1210.8
