1100000 794.2
1100010 794.2
1100020 794.2
1100030 793.0
1100040 791.2
1100050 791.2
1100060 789.5
1100070 787.5
1100080 787.5
1100090 786.6
1100100 785.5
1100110 782.4
1100120 782.4
1100130 776.0
1100140 776.5
1100150 776.5
1100160 779.3
1100170 779.8
1100180 779.8
1100190 778.8
1100200 775.9
1100210 775.9
1100220 776.4
1100230 776.0
1100240 776.0
1100250 774.8
1100260 773.8
1100270 773.8
1100280 772.2
1100290 769.6
1100300 769.6
1100310 765.2
1100320 761.5
1100330 761.5
1100340 762.7
1100350 764.2
1100360 764.2
1100370 763.4
1100380 762.8
1100390 762.8
1100400 761.1
1100410 757.1
1100420 757.1
1100430 755.8
1100440 755.8
1100450 755.8
1100460 753.5
1100470 747.6
1100480 743.7
1100490 743.7
1100500 744.8
1100510 747.4
1100520 747.4
1100530 747.5
1100540 746.3
1100550 746.3
1100560 744.3
1100570 741.5
1100580 741.5
1100590 740.0
1100600 741.2
1100610 741.2
1100620 741.8
1100630 741.4
1100640 738.3
1100650 737.5
1100660 737.4
1100670 737.4
1100680 737.9
1100690 737.2
1100700 737.2
1100710 733.5
1100720 732.3
1100730 732.3
1100740 733.0
1100750 732.8
1100760 732.8
1100770 731.9
1100780 730.8
1100790 730.8
1100800 729.2
1100810 728.0
1100820 727.5
1100830 727.5
1100840 726.8
1100850 726.6
1100860 726.6
1100870 726.7
1100880 726.8
1100890 726.8
1100900 726.6
1100910 726.1
1100920 726.1
1100930 725.2
1100940 724.2
1100950 724.2
1100960 723.9
1100970 722.0
1100980 722.0
1100990 721.5
1101000 720.6
1101010 720.6
1101020 719.5
1101030 718.9
1101040 718.9
1101050 718.6
1101060 718.0
1101070 718.0
1101080 717.5
1101090 716.5
1101100 716.5
1101110 714.4
1101120 716.5
1101130 716.5
1101140 716.4
1101150 716.2
1101160 716.2
1101170 715.2
1101180 714.8
1101190 714.3
1101200 714.3
1101210 713.9
1101220 713.7
1101230 713.7
1101240 714.0
1101250 713.6
1101260 713.6
1101270 713.1
1101280 711.5
1101290 711.5
1101300 710.4
1101310 708.6
1101320 708.6
1101330 706.9
1101340 705.5
1101350 705.5
1101360 705.8
1101370 705.3
1101380 705.3
1101390 704.7
1101400 704.0
1101410 704.0
1101420 703.3
1101430 702.6
1101440 702.6
1101450 702.0
1101460 701.3
1101470 701.3
1101480 700.5
1101490 700.2
1101500 700.2
1101510 700.0
1101520 699.8
1101530 699.5
1101540 699.5
1101550 699.5
1101560 699.1
1101570 699.1
1101580 698.5
1101590 698.3
1101600 698.3
1101610 698.4
1101620 697.6
1101630 697.6
1101640 695.5
1101650 695.3
1101660 695.3
1101670 695.5
1101680 695.9
1101690 695.9
1101700 696.0
1101710 695.9
1101720 695.9
1101730 695.2
1101740 695.0
1101750 695.0
1101760 694.9
1101770 694.6
1101780 694.6
1101790 694.5
1101800 694.3
1101810 694.3
1101820 694.1
1101830 693.8
1101840 693.8
1101850 694.4
1101860 694.9
1101870 694.9
1101880 694.4
1101890 692.6
1101900 691.7
1101910 691.7
1101920 690.8
1101930 690.1
1101940 690.1
1101950 689.3
1101960 688.4
1101970 687.1
1101980 685.9
1101990 684.6
1102000 684.6
1102010 683.4
1102020 682.1
1102030 682.1
1102040 680.7
1102050 680.0
1102060 680.0
1102070 679.5
1102080 679.2
1102090 679.2
1102100 678.6
1102110 678.1
1102120 678.1
1102130 677.7
1102140 677.0
1102150 677.0
1102160 676.5
1102170 676.3
1102180 676.3
1102190 675.9
1102200 675.3
1102210 675.3
1102220 674.8
1102230 673.9
1102240 673.9
1102250 674.2
1102260 675.3
1102270 675.6
1102280 675.6
1102290 675.7
1102300 675.6
1102310 674.9
1102320 675.3
1102330 675.5
1102340 675.5
1102350 675.5
1102360 675.5
1102370 675.5
1102380 675.4
1102390 675.4
1102400 675.4
1102410 675.4
1102420 675.3
1102430 675.3
1102440 675.2
1102450 675.1
1102460 675.1
1102470 675.0
1102480 674.9
1102490 674.9
1102500 674.8
1102510 674.6
1102520 674.6
1102530 674.5
1102540 674.3
1102550 674.3
1102560 674.1
1102570 673.9
1102580 673.9
1102590 673.7
1102600 673.5
1102610 673.2
1102620 673.2
1102630 673.0
1102640 672.0
1102650 672.0
1102660 671.9
1102670 671.5
1102680 671.5
1102690 671.1
1102700 670.8
1102710 670.8
1102720 670.6
1102730 670.4
1102740 670.4
1102750 670.2
1102760 670.0
1102770 670.0
1102780 669.9
1102790 670.0
1102800 670.0
1102810 669.9
1102820 670.0
1102830 670.0
1102840 670.2
1102850 671.1
1102860 671.1
1102870 671.5
1102880 670.5
1102890 670.5
1102900 669.7
1102910 670.2
1102920 670.2
1102930 670.4
1102940 669.9
1102950 669.9
1102960 669.5
1102970 669.4
1102980 668.7
1102990 668.7
1103000 668.8
1103010 669.0
1103020 669.0
1103030 669.2
1103040 669.3
1103050 669.3
1103060 669.4
1103070 669.5
1103080 669.5
1103090 669.5
1103100 669.5
1103110 669.5
1103120 669.4
1103130 669.2
1103140 669.2
1103150 669.1
1103160 669.1
1103170 669.1
1103180 669.1
1103190 669.1
1103200 669.1
1103210 669.2
1103220 668.9
1103230 668.9
1103240 668.0
1103250 666.7
1103260 666.7
1103270 665.1
1103280 662.9
1103290 662.9
1103300 661.7
1103310 655.8
1103320 655.2
1103330 655.2
1103340 654.6
1103350 655.0
1103360 655.0
1103370 656.1
1103380 656.0
1103390 656.0
1103400 656.2
1103410 657.3
1103420 657.3
1103430 658.0
1103440 658.6
1103450 658.6
1103460 659.7
1103470 661.2
1103480 661.2
1103490 662.4
1103500 663.4
1103510 663.4
1103520 663.6
1103530 663.2
1103540 663.2
1103550 662.6
1103560 661.6
1103570 661.6
1103580 659.6
1103590 657.1
1103600 657.1
1103610 654.9
1103620 653.2
1103630 653.2
1103640 651.6
1103650 647.6
1103660 647.6
1103670 646.5
1103680 645.9
1103690 645.4
1103700 645.4
1103710 644.8
1103720 643.6
1103730 643.6
1103740 638.7
1103750 634.2
1103760 634.2
1103770 631.4
1103780 626.6
1103790 626.6
1103800 624.7
1103810 621.1
1103820 621.1
1103830 617.2
1103840 614.4
1103850 614.4
1103860 611.4
1103870 608.6
1103880 608.6
1103890 606.3
1103900 604.5
1103910 604.5
1103920 603.2
1103930 600.6
1103940 600.6
1103950 597.2
1103960 595.2
1103970 595.2
1103980 601.9
1103990 602.8
1104000 602.8
1104010 600.7
1104020 595.9
1104030 595.9
1104040 591.8
1104050 588.3
1104060 581.8
1104070 581.8
1104080 575.3
1104090 572.0
1104100 572.0
1104110 569.5
1104120 566.5
1104130 566.5
1104140 562.8
1104150 561.7
1104160 561.7
1104170 560.3
1104180 555.5
1104190 555.5
1104200 549.5
1104210 544.1
1104220 544.1
1104230 539.4
1104240 536.3
1104250 536.3
1104260 535.6
1104270 535.4
1104280 535.4
1104290 535.2
1104300 537.4
1104310 537.4
1104320 544.4
1104330 553.3
1104340 553.3
1104350 554.3
1104360 558.6
1104370 558.6
1104380 564.8
1104390 573.3
1104400 582.8
1104410 582.8
1104420 591.7
1104430 602.4
1104440 602.4
1104450 606.6
1104460 605.8
1104470 605.8
1104480 611.0
1104490 614.0
1104500 614.0
1104510 615.8
1104520 618.0
1104530 618.0
1104540 620.5
1104550 622.7
1104560 622.7
1104570 624.3
1104580 625.2
1104590 625.2
1104600 626.2
1104610 627.2
1104620 627.2
1104630 629.4
1104640 631.8
1104650 631.8
1104660 630.8
1104670 631.2
1104680 631.2
1104690 631.7
1104700 631.9
1104710 631.9
1104720 633.6
1104730 635.5
1104740 635.5
1104750 637.4
1104760 639.4
1104770 640.9
1104780 640.9
1104790 641.9
1104800 642.9
1104810 642.9
1104820 644.1
1104830 645.4
1104840 645.4
1104850 646.2
1104860 647.2
1104870 647.2
1104880 649.1
1104890 651.2
1104900 651.2
1104910 652.8
1104920 654.5
1104930 654.5
1104940 657.2
1104950 659.9
1104960 659.9
1104970 662.8
1104980 663.3
1104990 663.5
1105000 663.6
1105010 663.9
1105020 663.9
1105030 663.9
1105040 663.7
1105050 663.7
1105060 663.3
1105070 662.1
1105080 662.1
1105090 661.0
1105100 660.1
1105110 659.8
1105120 659.8
1105130 659.5
1105140 659.2
1105150 659.2
1105160 659.0
1105170 658.6
1105180 658.6
1105190 658.3
1105200 658.6
1105210 658.6
1105220 659.0
1105230 659.6
1105240 659.6
1105250 660.7
1105260 662.2
1105270 662.2
1105280 664.0
1105290 665.8
1105300 665.8
1105310 666.5
1105320 667.0
1105330 667.5
1105340 668.6
1105350 668.6
1105360 668.6
1105370 667.8
1105380 667.7
1105390 667.7
1105400 667.7
1105410 667.7
1105420 667.7
1105430 667.8
1105440 667.8
1105450 667.8
1105460 668.1
1105470 668.0
1105480 667.7
1105490 667.7
1105500 667.7
1105510 667.8
1105520 667.8
1105530 668.0
1105540 668.2
1105550 668.2
1105560 668.4
1105570 668.6
1105580 668.6
1105590 668.7
1105600 668.8
1105610 668.8
1105620 668.6
1105630 667.3
1105640 667.3
1105650 665.9
1105660 665.0
1105670 666.6
1105680 665.6
1105690 664.9
1105700 664.9
1105710 664.1
1105720 663.0
1105730 663.0
1105740 662.0
1105750 661.9
1105760 661.9
1105770 661.8
1105780 661.2
1105790 661.2
1105800 660.2
1105810 659.3
1105820 659.3
1105830 658.5
1105840 657.5
1105850 654.3
1105860 654.3
1105870 652.6
1105880 654.1
1105890 654.1
1105900 654.2
1105910 654.1
1105920 654.1
1105930 653.9
1105940 653.5
1105950 653.5
1105960 652.8
1105970 651.9
1105980 651.9
1105990 651.1
1106000 653.3
1106010 653.3
1106020 653.7
1106030 653.6
1106040 653.6
1106050 652.9
1106060 652.2
1106070 652.2
1106080 651.2
1106090 649.6
1106100 649.6
1106110 647.6
1106120 646.1
1106130 646.1
1106140 644.4
1106150 642.3
1106160 642.3
1106170 640.3
1106180 638.0
1106190 635.0
1106200 635.0
1106210 632.2
1106220 630.6
1106230 630.6
1106240 630.2
1106250 629.8
1106260 629.8
1106270 629.0
1106280 628.5
1106290 628.5
1106300 627.9
1106310 627.0
1106320 627.0
1106330 626.6
1106340 627.8
1106350 627.8
1106360 627.4
1106370 628.0
1106380 628.0
1106390 628.4
1106400 628.8
1106410 628.8
1106420 629.1
1106430 629.5
1106440 629.5
1106450 629.7
1106460 628.1
1106470 628.1
1106480 626.5
1106490 626.4
1106500 626.4
1106510 624.2
1106520 623.2
1106530 623.2
1106540 619.0
1106550 611.7
1106560 605.4
1106570 605.4
1106580 596.3
1106590 588.9
1106600 588.9
1106610 579.6
1106620 573.9
1106630 573.9
1106640 573.7
1106650 574.6
1106660 574.6
1106670 579.5
1106680 584.6
1106690 584.6
1106700 593.6
1106710 599.9
1106720 599.9
1106730 607.7
1106740 617.4
1106750 617.4
1106760 614.8
1106770 611.3
1106780 611.3
1106790 611.2
1106800 616.5
1106810 616.5
1106820 621.4
1106830 627.1
1106840 627.1
1106850 635.7
1106860 640.9
1106870 640.9
1106880 643.5
1106890 645.6
1106900 646.0
1106910 646.0
1106920 647.5
1106930 649.4
1106940 649.4
1106950 652.4
1106960 655.5
1106970 655.5
1106980 657.9
1106990 659.6
1107000 659.6
1107010 663.4
1107020 671.1
1107030 671.1
1107040 674.6
1107050 674.6
1107060 674.6
1107070 674.2
1107080 670.9
1107090 670.9
1107100 663.7
1107110 660.0
1107120 660.0
1107130 662.3
1107140 665.1
1107150 665.1
1107160 667.7
1107170 670.0
1107180 670.0
1107190 670.7
1107200 672.1
1107210 672.1
1107220 673.1
1107230 673.8
1107240 673.8
1107250 674.6
1107260 675.6
1107270 676.4
1107280 676.4
1107290 677.0
1107300 677.9
1107310 677.9
1107320 679.3
1107330 680.5
1107340 680.5
1107350 681.7
1107360 683.1
1107370 683.1
1107380 684.0
1107390 684.9
1107400 684.9
1107410 685.8
1107420 686.6
1107430 686.6
1107440 687.6
1107450 688.7
1107460 688.7
1107470 689.9
1107480 691.0
1107490 691.0
1107500 692.5
1107510 693.6
1107520 693.6
1107530 695.0
1107540 696.3
1107550 696.3
1107560 697.6
1107570 698.9
1107580 698.9
1107590 699.9
1107600 701.0
1107610 702.4
1107620 702.4
1107630 703.8
1107640 705.3
1107650 705.3
1107660 707.2
1107670 710.6
1107680 710.6
1107690 714.5
1107700 717.9
1107710 717.9
1107720 721.0
1107730 724.5
1107740 724.5
1107750 727.8
1107760 730.3
1107770 730.3
1107780 732.0
1107790 733.2
1107800 733.2
1107810 734.4
1107820 736.1
1107830 736.1
1107840 737.8
1107850 739.3
1107860 739.3
1107870 739.8
1107880 740.1
1107890 740.1
1107900 740.3
1107910 741.3
1107920 741.3
1107930 743.6
1107940 744.3
1107950 744.3
1107960 745.1
1107970 746.2
1107980 747.5
1107990 747.5
1108000 748.4
1108010 749.6
1108020 749.6
1108030 750.7
1108040 752.5
1108050 752.5
1108060 753.6
1108070 754.7
1108080 754.7
1108090 756.7
1108100 756.8
1108110 756.8
1108120 757.3
1108130 759.1
1108140 759.1
1108150 760.8
1108160 762.2
1108170 762.2
1108180 763.5
1108190 765.0
1108200 765.0
1108210 766.5
1108220 768.2
1108230 768.2
1108240 769.8
1108250 771.2
1108260 771.2
1108270 772.7
1108280 773.8
1108290 773.8
1108300 774.5
1108310 775.7
1108320 775.7
1108330 777.4
1108340 779.4
1108350 781.5
1108360 781.5
1108370 783.7
1108380 786.2
1108390 786.2
1108400 788.4
1108410 790.4
1108420 790.4
1108430 792.4
1108440 794.3
1108450 794.3
1108460 796.2
1108470 798.0
1108480 798.0
1108490 799.5
1108500 800.3
1108510 800.3
1108520 801.9
1108530 803.9
1108540 803.9
1108550 806.4
1108560 808.4
1108570 808.4
1108580 810.0
1108590 811.3
1108600 811.3
1108610 812.7
1108620 813.8
1108630 813.8
1108640 814.4
1108650 814.4
1108660 814.4
1108670 816.8
1108680 820.9
1108690 824.4
1108700 824.4
1108710 826.7
1108720 830.0
1108730 830.0
1108740 833.2
1108750 836.4
1108760 836.4
1108770 838.2
1108780 839.7
1108790 839.7
1108800 842.2
1108810 845.9
1108820 845.9
1108830 851.4
1108840 856.6
1108850 856.6
1108860 861.3
1108870 863.5
1108880 863.5
1108890 866.1
1108900 868.9
1108910 868.9
1108920 871.8
1108930 875.3
1108940 875.3
1108950 879.0
1108960 882.3
1108970 882.3
1108980 885.3
1108990 888.2
1109000 888.2
1109010 891.1
1109020 894.3
1109030 894.3
1109040 897.4
1109050 900.4
1109060 900.3
1109070 900.3
1109080 904.8
1109090 908.6
1109100 908.6
1109110 911.6
1109120 914.6
1109130 914.6
1109140 917.4
1109150 919.7
1109160 919.7
1109170 922.0
1109180 924.1
1109190 924.1
1109200 926.2
1109210 928.4
1109220 928.4
1109230 930.6
1109240 932.4
1109250 932.4
1109260 934.2
1109270 935.9
1109280 935.9
1109290 936.8
1109300 937.6
1109310 937.6
1109320 940.0
1109330 942.4
1109340 942.4
1109350 944.5
1109360 948.8
1109370 948.8
1109380 953.4
1109390 956.8
1109400 962.6
1109410 962.6
1109420 965.4
1109430 967.9
1109440 967.9
1109450 970.5
1109460 973.4
1109470 973.4
1109480 976.7
1109490 980.3
1109500 980.3
1109510 984.2
1109520 988.7
1109530 988.7
1109540 992.6
1109550 994.8
1109560 994.8
1109570 997.3
1109580 1000.1
1109590 1000.1
1109600 1002.3
1109610 1004.7
1109620 1004.7
1109630 1010.4
1109640 1017.5
1109650 1017.5
1109660 1023.0
1109670 1028.1
1109680 1028.1
1109690 1032.4
1109700 1036.2
1109710 1036.2
1109720 1040.1
1109730 1043.8
1109740 1046.5
1109750 1050.2
1109760 1054.1
1109770 1059.1
1109780 1059.1
1109790 1063.5
1109800 1067.0
1109810 1067.0
1109820 1070.4
1109830 1073.2
1109840 1073.2
1109850 1076.6
1109860 1079.9
1109870 1079.9
1109880 1083.3
1109890 1086.8
1109900 1086.8
1109910 1090.8
1109920 1094.6
1109930 1094.6
1109940 1098.2
1109950 1101.1
1109960 1101.1
1109970 1104.4
1109980 1108.5
1109990 1108.5
1110000 1111.4
1110010 1113.8
1110020 1113.8
1110030 1116.7
1110040 1118.6
1110050 1118.6
1110060 1120.8
1110070 1123.5
1110080 1126.4
1110090 1128.8
1110100 1131.8
1110110 1134.2
1110120 1134.2
1110130 1136.6
1110140 1139.3
1110150 1139.3
1110160 1141.3
1110170 1143.6
1110180 1143.6
1110190 1147.4
1110200 1150.3
1110210 1150.3
1110220 1152.5
1110230 1155.5
1110240 1155.5
1110250 1156.8
1110260 1158.3
1110270 1158.3
1110280 1159.6
1110290 1160.8
1110300 1160.8
1110310 1162.0
1110320 1163.6
1110330 1163.6
1110340 1163.5
1110350 1164.3
1110360 1164.3
1110370 1167.1
1110380 1169.1
1110390 1169.1
1110400 1170.8
1110410 1172.1
1110420 1174.3
1110430 1175.7
1110440 1176.7
1110450 1176.7
1110460 1178.9
1110470 1181.7
1110480 1183.8
1110490 1183.8
1110500 1186.5
1110510 1188.7
1110520 1188.7
1110530 1189.5
1110540 1190.6
1110550 1190.6
1110560 1191.4
1110570 1194.6
1110580 1194.6
1110590 1197.9
1110600 1200.8
1110610 1200.8
1110620 1202.8
1110630 1204.7
1110640 1204.7
1110650 1207.0
1110660 1208.9
1110670 1208.9
1110680 1210.9
1110690 1212.8
1110700 1212.8
1110710 1215.0
1110720 1216.8
1110730 1216.8
1110740 1218.3
1110750 1219.2
1110760 1224.3
1110770 1226.5
1110780 1228.8
1110790 1228.8
1110800 1229.8
1110810 1232.4
1110820 1232.4
1110830 1234.6
1110840 1235.8
1110850 1236.4
1110860 1236.4
1110870 1237.2
1110880 1238.1
1110890 1238.1
1110900 1239.3
1110910 1240.3
1110920 1240.3
1110930 1238.9
1110940 1237.9
1110950 1237.9
1110960 1238.0
1110970 1237.2
1110980 1237.2
1110990 1235.9
1111000 1234.1
1111010 1234.1
1111020 1233.0
1111030 1232.5
1111040 1232.5
1111050 1232.9
1111060 1233.8
1111070 1233.8
1111080 1235.3
1111090 1238.5
1111100 1238.5
1111110 1242.6
1111120 1246.4
1111130 1246.4
1111140 1249.3
1111150 1253.0
1111160 1253.0
1111170 1259.2
1111180 1267.3
1111190 1273.1
1111200 1273.1
1111210 1278.0
1111220 1282.6
1111230 1282.6
1111240 1287.5
1111250 1287.8
1111260 1287.8
1111270 1286.5
1111280 1284.7
1111290 1284.7
1111300 1283.5
1111310 1282.8
1111320 1282.8
1111330 1282.7
1111340 1282.9
1111350 1282.9
1111360 1283.1
1111370 1282.7
1111380 1282.7
1111390 1281.7
1111400 1280.3
1111410 1280.3
1111420 1278.6
1111430 1276.3
1111440 1276.3
1111450 1269.1
1111460 1266.2
1111470 1266.2
1111480 1263.5
1111490 1260.9
1111500 1260.9
1111510 1258.0
1111520 1255.2
1111530 1255.2
1111540 1253.4
1111550 1250.9
1111560 1247.8
1111570 1247.8
1111580 1244.6
1111590 1242.3
1111600 1242.3
1111610 1240.4
1111620 1238.2
1111630 1238.2
1111640 1236.3
1111650 1233.3
1111660 1233.3
1111670 1231.2
1111680 1229.0
1111690 1229.0
1111700 1227.0
1111710 1224.8
1111720 1224.8
1111730 1222.9
1111740 1221.7
1111750 1221.7
1111760 1220.7
1111770 1219.7
1111780 1219.7
1111790 1216.9
1111800 1216.4
1111810 1216.4
1111820 1215.5
1111830 1214.8
1111840 1214.8
1111850 1214.2
1111860 1213.7
1111870 1213.7
1111880 1213.4
1111890 1213.2
1111900 1213.3
1111910 1213.3
1111920 1213.3
1111930 1213.2
1111940 1213.2
1111950 1213.3
1111960 1213.7
1111970 1213.7
1111980 1214.3
1111990 1216.4
1112000 1216.4
1112010 1217.7
1112020 1218.2
1112030 1218.2
1112040 1218.8
1112050 1218.9
1112060 1218.9
1112070 1218.5
1112080 1217.8
1112090 1217.8
1112100 1217.7
1112110 1217.7
1112120 1217.7
1112130 1218.0
1112140 1218.0
1112150 1218.0
1112160 1217.7
1112170 1217.5
1112180 1217.5
1112190 1217.0
1112200 1216.2
1112210 1216.2
1112220 1215.5
1112230 1214.5
1112240 1214.5
1112250 1213.5
1112260 1212.4
1112270 1211.9
1112280 1211.9
