1100000 950.9
1100010 950.9
1100020 953.1
1100030 954.0
1100040 951.7
1100050 950.0
1100060 947.5
1100070 947.5
1100080 945.3
1100090 945.4
1100100 945.4
1100110 947.9
1100120 951.0
1100130 951.0
1100140 954.1
1100150 956.9
1100160 956.9
1100170 958.7
1100180 958.6
1100190 958.6
1100200 957.2
1100210 955.7
1100220 954.3
1100230 954.3
1100240 953.0
1100250 950.0
1100260 950.0
1100270 946.3
1100280 943.1
1100290 943.1
1100300 940.1
1100310 937.6
1100320 937.6
1100330 935.7
1100340 934.8
1100350 934.8
1100360 934.5
1100370 933.1
1100380 933.1
1100390 930.0
1100400 926.3
1100410 926.3
1100420 923.1
1100430 918.8
1100440 918.8
1100450 917.3
1100460 914.9
1100470 914.9
1100480 912.5
1100490 911.2
1100500 911.2
1100510 912.7
1100520 913.0
1100530 913.0
1100540 912.7
1100550 912.0
1100560 912.0
1100570 910.4
1100580 908.2
1100590 905.8
1100600 905.8
1100610 904.3
1100620 902.3
1100630 902.3
1100640 900.2
1100650 898.8
1100660 898.8
1100670 896.6
1100680 893.2
1100690 893.2
1100700 886.0
1100710 882.8
1100720 882.8
1100730 882.1
1100740 880.1
1100750 880.1
1100760 877.1
1100770 874.6
1100780 874.6
1100790 873.1
1100800 871.9
1100810 871.9
1100820 868.3
1100830 865.3
1100840 865.3
1100850 864.8
1100860 863.7
1100870 863.7
1100880 863.0
1100890 863.2
1100900 863.2
1100910 865.1
1100920 866.2
1100930 866.2
1100940 866.2
1100950 865.8
1100960 865.4
1100970 865.4
1100980 865.2
1100990 864.4
1101000 864.4
1101010 863.4
1101020 861.7
1101030 861.7
1101040 859.0
1101050 857.8
1101060 857.8
1101070 856.6
1101080 854.7
1101090 854.7
1101100 852.8
1101110 850.6
1101120 850.6
1101130 849.6
1101140 848.5
1101150 848.5
1101160 847.2
1101170 844.3
1101180 844.3
1101190 843.8
1101200 844.1
1101210 844.1
1101220 844.5
1101230 844.6
1101240 844.6
1101250 844.8
1101260 845.1
1101270 845.1
1101280 845.2
1101290 845.3
1101300 845.4
1101310 845.4
1101320 845.5
1101330 845.4
1101340 845.4
1101350 845.4
1101360 844.7
1101370 845.2
1101380 845.2
1101390 844.3
1101400 844.3
1101410 839.8
1101420 833.2
1101430 833.2
1101440 829.0
1101450 830.2
1101460 830.2
1101470 833.6
1101480 836.4
1101490 836.4
1101500 835.4
1101510 833.7
1101520 833.7
1101530 832.5
1101540 831.2
1101550 831.2
1101560 829.2
1101570 827.5
1101580 827.5
1101590 826.3
1101600 824.0
1101610 824.0
1101620 821.4
1101630 819.1
1101640 819.1
1101650 816.8
1101660 814.5
1101670 812.7
1101680 812.7
1101690 810.6
1101700 806.2
1101710 806.2
1101720 804.8
1101730 803.9
1101740 803.9
1101750 803.4
1101760 803.7
1101770 803.7
1101780 808.1
1101790 808.9
1101800 808.9
1101810 808.9
1101820 810.3
1101830 810.3
1101840 811.6
1101850 813.7
1101860 813.7
1101870 815.8
1101880 818.1
1101890 818.1
1101900 820.7
1101910 822.4
1101920 822.4
1101930 821.1
1101940 819.3
1101950 819.3
1101960 819.0
1101970 817.6
1101980 817.6
1101990 813.9
1102000 809.7
1102010 809.7
1102020 805.8
1102030 803.0
1102040 800.3
1102050 800.3
1102060 801.3
1102070 806.2
1102080 806.2
1102090 808.8
1102100 806.3
1102110 806.3
1102120 801.5
1102130 795.7
1102140 795.7
1102150 790.2
1102160 786.7
1102170 786.7
1102180 785.6
1102190 784.4
1102200 784.4
1102210 783.6
1102220 782.7
1102230 782.7
1102240 781.6
1102250 780.2
1102260 780.2
1102270 778.5
1102280 776.6
1102290 776.6
1102300 774.8
1102310 772.3
1102320 772.3
1102330 770.7
1102340 769.3
1102350 769.3
1102360 768.0
1102370 765.4
1102380 764.4
1102390 764.4
1102400 763.3
1102410 762.3
1102420 762.3
1102430 761.2
1102440 760.1
1102450 760.1
1102460 759.1
1102470 758.0
1102480 758.0
1102490 756.6
1102500 755.1
1102510 755.1
1102520 753.1
1102530 751.9
1102540 751.9
1102550 750.8
1102560 749.3
1102570 749.3
1102580 747.9
1102590 746.0
1102600 746.0
1102610 744.4
1102620 743.0
1102630 743.0
1102640 741.6
1102650 740.2
1102660 740.2
1102670 738.9
1102680 737.9
1102690 737.9
1102700 737.1
1102710 735.6
1102720 735.6
1102730 734.6
1102740 733.7
1102750 732.4
1102760 732.4
1102770 731.2
1102780 730.0
1102790 730.0
1102800 728.5
1102810 727.1
1102820 727.1
1102830 726.0
1102840 724.6
1102850 724.6
1102860 722.3
1102870 720.3
1102880 720.3
1102890 718.8
1102900 717.2
1102910 717.2
1102920 715.4
1102930 713.6
1102940 713.6
1102950 711.8
1102960 710.2
1102970 710.2
1102980 708.7
1102990 707.2
1103000 707.2
1103010 705.8
1103020 704.1
1103030 704.1
1103040 701.7
1103050 700.3
1103060 700.3
1103070 699.1
1103080 698.0
1103090 698.0
1103100 697.2
1103110 696.3
1103120 695.3
1103130 695.3
1103140 694.4
1103150 693.3
1103160 693.3
1103170 692.2
1103180 691.0
1103190 691.0
1103200 689.7
1103210 688.2
1103220 688.2
1103230 686.7
1103240 684.3
1103250 684.3
1103260 683.1
1103270 681.4
1103280 681.4
1103290 678.6
1103300 675.6
1103310 675.6
1103320 672.4
1103330 666.2
1103340 666.2
1103350 658.0
1103360 651.0
1103370 651.0
1103380 649.4
1103390 641.4
1103400 641.4
1103410 633.2
1103420 627.2
1103430 627.2
1103440 625.8
1103450 625.7
1103460 624.8
1103470 624.8
1103480 623.6
1103490 622.6
1103500 622.6
1103510 620.7
1103520 617.5
1103530 617.5
1103540 615.2
1103550 614.0
1103560 614.0
1103570 611.9
1103580 610.5
1103590 610.5
1103600 608.4
1103610 607.9
1103620 607.9
1103630 606.8
1103640 611.9
1103650 611.9
1103660 610.5
1103670 607.0
1103680 607.0
1103690 602.7
1103700 600.2
1103710 598.5
1103720 596.7
1103730 595.2
1103740 595.2
1103750 593.2
1103760 590.9
1103770 590.9
1103780 589.7
1103790 588.3
1103800 588.3
1103810 585.7
1103820 584.0
1103830 582.8
1103840 582.8
1103850 582.4
1103860 582.3
1103870 582.3
1103880 582.9
1103890 582.6
1103900 582.6
1103910 582.7
1103920 583.9
1103930 583.9
1103940 586.0
1103950 587.7
1103960 587.7
1103970 587.2
1103980 586.3
1103990 586.3
1104000 586.5
1104010 587.1
1104020 587.1
1104030 588.0
1104040 586.5
1104050 585.4
1104060 583.2
1104070 580.1
1104080 580.1
1104090 577.4
1104100 575.2
1104110 575.2
1104120 572.2
1104130 568.9
1104140 568.9
1104150 566.2
1104160 566.3
1104170 566.3
1104180 565.8
1104190 564.8
1104200 562.8
1104210 562.8
1104220 561.9
1104230 561.4
1104240 561.4
1104250 559.6
1104260 558.9
1104270 558.9
1104280 556.9
1104290 554.6
1104300 554.6
1104310 553.1
1104320 551.3
1104330 551.3
1104340 549.4
1104350 545.7
1104360 545.7
1104370 545.2
1104380 554.8
1104390 554.8
1104400 564.5
1104410 570.3
1104420 570.3
1104430 573.6
1104440 578.0
1104450 578.0
1104460 581.5
1104470 582.7
1104480 582.7
1104490 587.8
1104500 591.0
1104510 591.0
1104520 593.4
1104530 597.0
1104540 597.0
1104550 601.2
1104560 604.6
1104570 605.9
1104580 605.9
1104590 606.2
1104600 606.6
1104610 606.6
1104620 606.6
1104630 605.9
1104640 605.9
1104650 605.7
1104660 605.5
1104670 605.5
1104680 605.3
1104690 605.1
1104700 605.1
1104710 604.7
1104720 603.1
1104730 603.1
1104740 602.4
1104750 601.5
1104760 601.5
1104770 600.5
1104780 600.2
1104790 600.2
1104800 600.2
1104810 600.9
1104820 600.9
1104830 602.7
1104840 603.9
1104850 603.9
1104860 602.4
1104870 601.7
1104880 601.7
1104890 602.3
1104900 603.7
1104910 605.7
1104920 605.7
1104930 605.3
1104940 604.0
1104950 604.0
1104960 602.7
1104970 601.3
1104980 601.3
1104990 600.0
1105000 598.6
1105010 598.6
1105020 596.2
1105030 593.5
1105040 593.5
1105050 590.4
1105060 586.5
1105070 586.5
1105080 585.6
1105090 585.4
1105100 585.4
1105110 585.6
1105120 586.4
1105130 586.4
1105140 587.4
1105150 588.4
1105160 588.4
1105170 589.5
1105180 590.3
1105190 590.3
1105200 591.6
1105210 593.6
1105220 593.6
1105230 595.3
1105240 596.8
1105250 596.8
1105260 597.9
1105270 599.0
1105280 600.6
1105290 600.6
1105300 602.0
1105310 603.6
1105320 603.6
1105330 607.1
1105340 612.7
1105350 612.7
1105360 617.4
1105370 620.8
1105380 620.8
1105390 623.3
1105400 625.9
1105410 625.9
1105420 628.3
1105430 629.6
1105440 629.6
1105450 629.5
1105460 628.8
1105470 628.8
1105480 628.2
1105490 627.8
1105500 627.8
1105510 627.4
1105520 627.0
1105530 627.0
1105540 626.7
1105550 626.6
1105560 626.6
1105570 626.8
1105580 627.3
1105590 627.3
1105600 628.2
1105610 628.6
1105620 628.6
1105630 629.2
1105640 630.2
1105650 630.5
1105660 630.5
1105670 631.0
1105680 631.8
1105690 631.8
1105700 632.6
1105710 633.2
1105720 633.2
1105730 630.9
1105740 631.0
1105750 631.0
1105760 631.8
1105770 632.8
1105780 632.8
1105790 633.3
1105800 634.0
1105810 634.0
1105820 635.1
1105830 635.9
1105840 635.9
1105850 636.1
1105860 636.2
1105870 636.2
1105880 637.2
1105890 638.2
1105900 638.2
1105910 638.3
1105920 638.0
1105930 638.0
1105940 638.1
1105950 638.5
1105960 638.5
1105970 638.7
1105980 639.3
1105990 640.0
1106000 640.0
1106010 641.1
1106020 642.6
1106030 642.6
1106040 646.6
1106050 652.6
1106060 652.6
1106070 651.1
1106080 657.2
1106090 657.2
1106100 659.2
1106110 659.2
1106120 659.2
1106130 659.2
1106140 659.4
1106150 659.4
1106160 659.6
1106170 659.8
1106180 659.8
1106190 660.0
1106200 660.2
1106210 660.2
1106220 660.1
1106230 660.1
1106240 660.1
1106250 660.2
1106260 660.5
1106270 660.5
1106280 660.6
1106290 660.6
1106300 660.6
1106310 660.7
1106320 660.8
1106330 660.8
1106340 661.0
1106350 661.2
1106360 661.2
1106370 661.2
1106380 661.3
1106390 661.3
1106400 661.3
1106410 661.6
1106420 661.6
1106430 661.6
1106440 661.6
1106450 661.6
1106460 661.6
1106470 661.5
1106480 661.6
1106490 661.6
1106500 661.7
1106510 661.8
1106520 661.8
1106530 661.9
1106540 662.0
1106550 662.0
1106560 662.1
1106570 662.1
1106580 662.1
1106590 662.2
1106600 662.4
1106610 662.4
1106620 662.5
1106630 662.5
1106640 662.5
1106650 662.5
1106660 662.5
1106670 662.5
1106680 662.6
1106690 662.7
1106700 662.7
1106710 662.9
1106720 663.1
1106730 663.1
1106740 663.1
1106750 663.2
1106760 663.3
1106770 663.3
1106780 663.5
1106790 663.7
1106800 663.7
1106810 663.9
1106820 662.5
1106830 662.5
1106840 654.4
1106850 651.4
1106860 651.4
1106870 649.9
1106880 646.6
1106890 646.6
1106900 642.7
1106910 640.0
1106920 640.0
1106930 638.3
1106940 636.2
1106950 636.2
1106960 636.3
1106970 637.0
1106980 637.0
1106990 637.7
1107000 638.9
1107010 638.9
1107020 640.7
1107030 643.4
1107040 643.4
1107050 646.9
1107060 650.3
1107070 650.3
1107080 653.7
1107090 657.0
1107100 659.9
1107110 659.9
1107120 663.5
1107130 667.1
1107140 667.1
1107150 670.2
1107160 673.3
1107170 673.3
1107180 675.5
1107190 677.2
1107200 677.2
1107210 680.2
1107220 682.2
1107230 682.2
1107240 684.2
1107250 685.9
1107260 685.9
1107270 687.8
1107280 689.7
1107290 689.7
1107300 691.4
1107310 692.9
1107320 692.9
1107330 694.2
1107340 695.1
1107350 695.1
1107360 696.6
1107370 697.6
1107380 697.6
1107390 698.4
1107400 699.5
1107410 699.5
1107420 702.6
1107430 703.8
1107440 704.6
1107450 704.6
1107460 705.1
1107470 705.5
1107480 705.5
1107490 705.8
1107500 706.2
1107510 706.2
1107520 706.9
1107530 708.1
1107540 708.1
1107550 709.3
1107560 710.9
1107570 710.9
1107580 712.2
1107590 713.0
1107600 713.0
1107610 713.4
1107620 713.5
1107630 713.5
1107640 713.5
1107650 713.4
1107660 713.4
1107670 713.1
1107680 712.6
1107690 712.6
1107700 712.2
1107710 712.0
1107720 712.0
1107730 711.8
1107740 711.6
1107750 711.6
1107760 711.1
1107770 711.0
1107780 711.0
1107790 710.7
1107800 710.6
1107810 710.7
1107820 710.7
1107830 710.8
1107840 710.8
1107850 710.8
1107860 712.0
1107870 713.1
1107880 713.1
1107890 714.0
1107900 715.4
1107910 715.4
1107920 716.8
1107930 718.3
1107940 718.3
1107950 719.6
1107960 721.6
1107970 721.6
1107980 724.0
1107990 724.3
1108000 724.3
1108010 725.6
1108020 726.3
1108030 726.3
1108040 726.6
1108050 726.5
1108060 726.5
1108070 726.1
1108080 725.7
1108090 725.7
1108100 724.9
1108110 725.9
1108120 725.9
1108130 727.5
1108140 730.1
1108150 730.1
1108160 733.5
1108170 737.1
1108180 739.9
1108190 739.9
1108200 740.8
1108210 741.5
1108220 741.5
1108230 741.4
1108240 741.1
1108250 741.1
1108260 741.7
1108270 742.9
1108280 742.9
1108290 744.2
1108300 745.2
1108310 745.2
1108320 746.8
1108330 748.6
1108340 748.6
1108350 750.9
1108360 752.7
1108370 752.7
1108380 753.7
1108390 754.6
1108400 754.6
1108410 755.3
1108420 755.4
1108430 755.4
1108440 755.7
1108450 755.0
1108460 755.0
1108470 754.3
1108480 753.9
1108490 753.9
1108500 753.6
1108510 752.9
1108520 752.0
1108530 752.0
1108540 751.1
1108550 750.2
1108560 750.2
1108570 749.6
1108580 749.1
1108590 749.1
1108600 748.7
1108610 748.4
1108620 748.4
1108630 748.0
1108640 747.8
1108650 747.8
1108660 747.9
1108670 748.0
1108680 748.0
1108690 748.1
1108700 748.3
1108710 748.3
1108720 748.9
1108730 749.4
1108740 749.4
1108750 749.9
1108760 750.5
1108770 750.5
1108780 751.9
1108790 753.1
1108800 753.1
1108810 754.5
1108820 755.8
1108830 755.8
1108840 757.1
1108850 758.6
1108860 758.6
1108870 760.1
1108880 761.6
1108890 763.0
1108900 763.0
1108910 764.2
1108920 765.3
1108930 765.3
1108940 766.4
1108950 767.6
1108960 767.6
1108970 768.8
1108980 769.3
1108990 769.3
1109000 770.2
1109010 771.8
1109020 771.8
1109030 772.8
1109040 772.9
1109050 772.9
1109060 773.2
1109070 774.8
1109080 774.8
1109090 776.3
1109100 777.7
1109110 777.7
1109120 782.1
1109130 784.0
1109140 784.0
1109150 785.9
1109160 788.0
1109170 788.0
1109180 790.1
1109190 792.2
1109200 792.2
1109210 794.3
1109220 796.5
1109230 796.5
1109240 799.2
1109250 802.0
1109260 804.2
1109270 804.2
1109280 806.1
1109290 807.6
1109300 807.6
1109310 809.1
1109320 810.8
1109330 810.8
1109340 812.5
1109350 813.7
1109360 813.7
1109370 814.7
1109380 815.7
1109390 815.7
1109400 816.5
1109410 817.2
1109420 817.2
1109430 818.0
1109440 818.9
1109450 818.9
1109460 825.3
1109470 826.3
1109480 826.3
1109490 827.1
1109500 828.4
1109510 828.4
1109520 830.0
1109530 831.6
1109540 831.6
1109550 832.9
1109560 834.3
1109570 834.3
1109580 835.7
1109590 836.4
1109600 836.5
1109610 836.5
1109620 835.5
1109630 836.6
1109640 836.6
1109650 837.6
1109660 838.0
1109670 838.0
1109680 835.5
1109690 834.4
1109700 834.4
1109710 838.7
1109720 842.6
1109730 842.6
1109740 844.2
1109750 842.7
1109760 842.7
1109770 840.8
1109780 840.5
1109790 840.5
1109800 844.6
1109810 844.9
1109820 844.9
1109830 846.8
1109840 850.1
1109850 850.1
1109860 854.2
1109870 859.2
1109880 859.2
1109890 864.5
1109900 867.8
1109910 867.8
1109920 871.5
1109930 875.9
1109940 875.9
1109950 880.0
1109960 883.4
1109970 887.0
1109980 887.0
1109990 890.1
1110000 893.1
1110010 893.1
1110020 896.4
1110030 899.8
1110040 899.8
1110050 903.4
1110060 906.5
1110070 906.5
1110080 909.3
1110090 911.6
1110100 911.6
1110110 913.9
1110120 916.6
1110130 916.6
1110140 919.4
1110150 921.7
1110160 921.7
1110170 925.0
1110180 928.6
1110190 928.6
1110200 932.5
1110210 936.2
1110220 936.2
1110230 940.1
1110240 943.9
1110250 943.9
1110260 947.6
1110270 950.7
1110280 950.7
1110290 954.7
1110300 958.7
1110310 958.7
1110320 962.3
1110330 965.5
1110340 968.1
1110350 968.1
1110360 970.1
1110370 971.6
1110380 971.6
1110390 972.8
1110400 973.6
1110410 973.6
1110420 974.2
1110430 976.0
1110440 976.0
1110450 978.1
1110460 980.4
1110470 980.4
1110480 982.5
1110490 984.4
1110500 984.4
1110510 985.3
1110520 986.9
1110530 986.9
1110540 989.0
1110550 991.3
1110560 991.3
1110570 993.7
1110580 996.5
1110590 996.5
1110600 998.4
1110610 996.9
1110620 996.9
1110630 992.2
1110640 987.4
1110650 987.4
1110660 982.8
1110670 980.8
1110680 985.9
1110690 985.9
1110700 989.5
1110710 992.6
1110720 992.6
1110730 995.5
1110740 997.5
1110750 997.5
1110760 999.4
1110770 1000.6
1110780 1000.6
1110790 1002.9
1110800 1005.7
1110810 1005.7
1110820 1008.1
1110830 1008.5
1110840 1008.5
1110850 1011.6
1110860 1012.9
1110870 1012.9
1110880 1014.0
1110890 1015.9
1110900 1015.9
1110910 1018.1
1110920 1019.3
1110930 1019.3
1110940 1020.5
1110950 1021.9
1110960 1021.9
1110970 1023.6
1110980 1025.2
1110990 1025.2
1111000 1027.7
1111010 1030.5
1111020 1030.5
1111030 1032.7
1111040 1034.4
1111050 1035.5
1111060 1035.5
1111070 1036.4
1111080 1037.7
1111090 1037.7
1111100 1039.8
1111110 1042.7
1111120 1042.7
1111130 1044.3
1111140 1044.5
1111150 1044.5
1111160 1043.8
1111170 1049.8
1111180 1049.8
1111190 1047.3
1111200 1045.6
1111210 1045.6
1111220 1045.5
1111230 1047.6
1111240 1047.6
1111250 1052.5
1111260 1055.4
1111270 1055.4
1111280 1056.0
1111290 1057.6
1111300 1057.6
1111310 1059.9
1111320 1061.9
1111330 1061.9
1111340 1063.2
1111350 1064.9
1111360 1064.9
1111370 1067.0
1111380 1068.4
1111390 1068.4
1111400 1069.5
1111410 1070.0
1111420 1069.8
1111430 1069.8
1111440 1070.2
1111450 1072.0
1111460 1072.0
1111470 1073.8
1111480 1075.3
1111490 1075.3
1111500 1076.7
1111510 1079.2
1111520 1079.2
1111530 1080.6
1111540 1079.7
1111550 1079.7
1111560 1077.9
1111570 1080.7
1111580 1080.7
1111590 1083.6
1111600 1086.4
1111610 1086.4
1111620 1089.2
1111630 1091.3
1111640 1091.3
1111650 1092.7
1111660 1094.0
1111670 1094.0
1111680 1095.8
1111690 1097.8
1111700 1097.8
1111710 1099.8
1111720 1101.6
1111730 1101.6
1111740 1103.6
1111750 1105.8
1111760 1108.0
1111770 1108.0
1111780 1109.7
1111790 1111.3
1111800 1111.3
1111810 1113.8
1111820 1116.4
1111830 1116.4
1111840 1118.5
1111850 1120.5
1111860 1120.9
1111870 1123.5
1111880 1125.7
1111890 1125.7
1111900 1127.6
1111910 1128.8
1111920 1128.8
1111930 1128.5
1111940 1129.1
1111950 1129.1
1111960 1132.8
1111970 1137.0
1111980 1137.0
1111990 1139.3
1112000 1141.6
1112010 1141.6
1112020 1144.3
1112030 1147.5
1112040 1147.5
1112050 1150.5
1112060 1153.0
1112070 1153.0
1112080 1155.6
1112090 1155.8
1112100 1155.8
1112110 1156.1
1112120 1161.9
1112130 1166.5
1112140 1166.5
1112150 1169.4
1112160 1173.1
1112170 1173.1
1112180 1177.0
1112190 1180.8
1112200 1181.4
1112210 1185.2
1112220 1187.9
1112230 1187.9
1112240 1187.9
1112250 1186.8
1112260 1186.8
1112270 1189.3
1112280 1191.9
1112290 1191.9
1112300 1199.6
1112310 1209.3
1112320 1209.3
1112330 1214.2
1112340 1217.9
1112350 1217.9
1112360 1221.4
1112370 1225.2
1112380 1225.2
1112390 1229.5
1112400 1233.1
1112410 1233.1
1112420 1236.0
1112430 1238.6
1112440 1238.6
1112450 1242.4
1112460 1248.1
1112470 1248.1
1112480 1255.4
1112490 1261.3
1112500 1267.7
1112510 1267.7
1112520 1274.1
1112530 1278.5
1112540 1283.7
1112550 1288.9
1112560 1293.6
1112570 1293.6
1112580 1298.5
1112590 1302.0
1112600 1302.0
1112610 1305.0
1112620 1309.7
1112630 1309.7
1112640 1313.3
1112650 1316.3
1112660 1316.3
1112670 1320.2
1112680 1323.4
1112690 1323.4
1112700 1326.2
1112710 1328.5
1112720 1328.5
1112730 1330.7
1112740 1333.7
1112750 1333.7
1112760 1336.7
1112770 1338.7
1112780 1338.7
1112790 1340.8
1112800 1344.3
1112810 1344.3
1112820 1348.0
1112830 1350.7
1112840 1353.0
1112850 1353.0
1112860 1356.1
1112870 1359.4
1112880 1359.4
1112890 1369.7
1112900 1366.8
1112910 1366.8
1112920 1369.0
1112930 1372.5
1112940 1372.5
1112950 1375.3
