1100000 830.2
1100010 830.2
1100020 832.3
1100030 828.8
1100040 828.8
1100050 823.7
1100060 828.6
1100070 828.6
1100080 833.8
1100090 838.4
1100100 838.4
1100110 842.7
1100120 846.2
1100130 846.2
1100140 849.2
1100150 852.6
1100160 852.6
1100170 856.3
1100180 860.1
1100190 863.4
1100200 867.6
1100210 871.4
1100220 871.4
1100230 874.2
1100240 875.8
1100250 876.6
1100260 876.6
1100270 877.1
1100280 877.6
1100290 877.6
1100300 878.3
1100310 879.2
1100320 879.2
1100330 880.4
1100340 882.3
1100350 882.3
1100360 884.8
1100370 887.8
1100380 887.8
1100390 890.0
1100400 891.1
1100410 891.1
1100420 892.6
1100430 894.1
1100440 894.1
1100450 895.5
1100460 897.0
1100470 897.0
1100480 898.9
1100490 901.1
1100500 901.1
1100510 903.0
1100520 908.2
1100530 908.2
1100540 911.8
1100550 915.6
1100560 915.6
1100570 919.0
1100580 923.4
1100590 923.4
1100600 927.6
1100610 930.8
1100620 931.3
1100630 931.3
1100640 931.2
1100650 933.0
1100660 933.0
1100670 936.0
1100680 939.5
1100690 939.5
1100700 942.9
1100710 946.3
1100720 946.3
1100730 949.9
1100740 952.0
1100750 952.0
1100760 952.1
1100770 951.5
1100780 951.5
1100790 951.3
1100800 951.7
1100810 951.7
1100820 952.9
1100830 954.2
1100840 954.2
1100850 955.2
1100860 955.0
1100870 955.0
1100880 955.5
1100890 956.0
1100900 956.0
1100910 956.3
1100920 956.4
1100930 956.4
1100940 956.4
1100950 956.1
1100960 956.6
1100970 956.6
1100980 957.1
1100990 957.5
1101000 957.5
1101010 957.8
1101020 958.2
1101030 958.2
1101040 958.5
1101050 958.3
1101060 958.3
1101070 957.1
1101080 954.8
1101090 954.8
1101100 952.6
1101110 950.3
1101120 950.3
1101130 947.6
1101140 945.3
1101150 945.3
1101160 943.4
1101170 941.6
1101180 941.6
1101190 935.1
1101200 931.1
1101210 931.1
1101220 926.7
1101230 921.6
1101240 921.6
1101250 917.8
1101260 914.5
1101270 914.5
1101280 911.6
1101290 909.0
1101300 909.0
1101310 907.6
1101320 905.0
1101330 902.7
1101340 902.7
1101350 901.3
1101360 901.3
1101370 901.3
1101380 900.3
1101390 897.6
1101400 897.6
1101410 896.1
1101420 894.7
1101430 894.7
1101440 893.2
1101450 891.9
1101460 891.9
1101470 890.4
1101480 889.8
1101490 889.8
1101500 888.0
1101510 886.1
1101520 886.1
1101530 884.1
1101540 884.5
1101550 884.5
1101560 884.6
1101570 884.8
1101580 884.8
1101590 884.6
1101600 888.2
1101610 888.2
1101620 891.4
1101630 893.6
1101640 893.6
1101650 893.6
1101660 892.5
1101670 892.5
1101680 890.9
1101690 889.2
1101700 887.7
1101710 887.7
1101720 886.7
1101730 885.8
1101740 885.8
1101750 885.2
1101760 885.5
1101770 885.5
1101780 885.8
1101790 886.1
1101800 886.1
1101810 886.6
1101820 886.6
1101830 886.6
1101840 886.2
1101850 885.6
1101860 884.1
1101870 883.7
1101880 882.7
1101890 882.7
1101900 880.4
1101910 877.2
1101920 877.2
1101930 874.0
1101940 876.6
1101950 876.6
1101960 880.8
1101970 881.2
1101980 881.2
1101990 880.8
1102000 880.3
1102010 880.3
1102020 879.0
1102030 879.8
1102040 879.8
1102050 880.0
1102060 879.8
1102070 879.4
1102080 879.4
1102090 878.5
1102100 877.6
1102110 877.6
1102120 877.7
1102130 878.0
1102140 878.0
1102150 877.7
1102160 877.2
1102170 877.2
1102180 876.1
1102190 872.3
1102200 872.3
1102210 872.0
1102220 872.5
1102230 872.5
1102240 872.8
1102250 872.7
1102260 872.7
1102270 872.8
1102280 872.6
1102290 872.6
1102300 871.5
1102310 869.3
1102320 869.3
1102330 865.3
1102340 860.7
1102350 860.7
1102360 856.2
1102370 852.4
1102380 852.4
1102390 848.7
1102400 845.6
1102410 842.8
1102420 842.8
1102430 840.7
1102440 839.0
1102450 839.0
1102460 837.2
1102470 835.7
1102480 835.7
1102490 834.1
1102500 832.6
1102510 832.6
1102520 831.1
1102530 827.0
1102540 827.0
1102550 825.5
1102560 824.3
1102570 824.3
1102580 823.6
1102590 823.4
1102600 823.4
1102610 822.6
1102620 821.1
1102630 821.1
1102640 819.2
1102650 816.6
1102660 816.6
1102670 814.0
1102680 812.4
1102690 812.4
1102700 810.9
1102710 808.8
1102720 808.8
1102730 807.3
1102740 806.2
1102750 806.2
1102760 804.1
1102770 800.4
1102780 797.1
1102790 797.1
1102800 794.3
1102810 791.4
1102820 791.4
1102830 786.8
1102840 782.2
1102850 782.2
1102860 774.4
1102870 772.9
1102880 772.9
1102890 771.7
1102900 770.4
1102910 770.4
1102920 768.8
1102930 767.1
1102940 767.1
1102950 765.5
1102960 764.1
1102970 764.1
1102980 762.0
1102990 756.0
1103000 756.0
1103010 750.3
1103020 744.1
1103030 744.1
1103040 736.7
1103050 734.7
1103060 734.7
1103070 738.7
1103080 741.6
1103090 741.6
1103100 746.5
1103110 749.0
1103120 749.0
1103130 748.8
1103140 748.3
1103150 747.6
1103160 747.6
1103170 746.2
1103180 744.4
1103190 744.4
1103200 742.7
1103210 741.7
1103220 741.7
1103230 741.1
1103240 740.5
1103250 740.5
1103260 739.3
1103270 738.7
1103280 738.7
1103290 738.1
1103300 737.4
1103310 737.4
1103320 736.5
1103330 735.3
1103340 735.3
1103350 734.4
1103360 733.4
1103370 733.4
1103380 732.4
1103390 731.2
1103400 731.2
1103410 729.8
1103420 728.1
1103430 728.1
1103440 726.3
1103450 724.4
1103460 724.4
1103470 722.6
1103480 720.6
1103490 720.6
1103500 718.7
1103510 716.8
1103520 715.3
1103530 714.2
1103540 712.8
1103550 711.5
1103560 711.5
1103570 710.7
1103580 710.3
1103590 710.3
1103600 709.2
1103610 707.2
1103620 707.2
1103630 704.9
1103640 701.1
1103650 701.1
1103660 697.6
1103670 696.7
1103680 696.7
1103690 696.4
1103700 695.1
1103710 695.1
1103720 692.4
1103730 689.0
1103740 689.0
1103750 684.3
1103760 678.5
1103770 678.5
1103780 671.1
1103790 665.2
1103800 665.2
1103810 667.0
1103820 670.3
1103830 670.3
1103840 676.9
1103850 676.4
1103860 676.4
1103870 672.9
1103880 668.6
1103890 664.4
1103900 664.4
1103910 660.5
1103920 656.0
1103930 656.0
1103940 651.8
1103950 647.3
1103960 647.3
1103970 642.4
1103980 640.7
1103990 640.7
1104000 639.4
1104010 637.5
1104020 637.5
1104030 636.6
1104040 634.8
1104050 634.8
1104060 632.8
1104070 631.5
1104080 631.5
1104090 629.1
1104100 626.7
1104110 626.7
1104120 624.8
1104130 622.4
1104140 622.4
1104150 619.9
1104160 617.9
1104170 617.9
1104180 616.5
1104190 615.7
1104200 615.7
1104210 615.5
1104220 615.3
1104230 614.4
1104240 614.4
1104250 612.2
1104260 611.8
1104270 611.8
1104280 613.4
1104290 614.3
1104300 614.3
1104310 613.9
1104320 613.4
1104330 613.4
1104340 611.3
1104350 602.2
1104360 602.2
1104370 594.2
1104380 590.1
1104390 590.1
1104400 589.0
1104410 589.4
1104420 589.4
1104430 589.3
1104440 587.7
1104450 587.7
1104460 586.7
1104470 585.2
1104480 585.2
1104490 584.7
1104500 586.2
1104510 586.2
1104520 586.8
1104530 586.3
1104540 583.4
1104550 584.6
1104560 585.8
1104570 585.8
1104580 589.6
1104590 591.1
1104600 590.6
1104610 590.6
1104620 589.7
1104630 591.2
1104640 591.2
1104650 592.2
1104660 589.9
1104670 589.9
1104680 588.0
1104690 585.9
1104700 585.9
1104710 584.4
1104720 581.5
1104730 581.5
1104740 578.4
1104750 574.7
1104760 574.7
1104770 570.5
1104780 569.7
1104790 569.7
1104800 569.7
1104810 568.8
1104820 568.8
1104830 566.3
1104840 566.4
1104850 566.4
1104860 566.0
1104870 561.2
1104880 554.8
1104890 554.2
1104900 554.1
1104910 554.1
1104920 554.2
1104930 554.3
1104940 554.3
1104950 554.9
1104960 554.7
1104970 555.4
1104980 555.4
1104990 556.8
1105000 560.0
1105010 560.0
1105020 566.4
1105030 570.9
1105040 570.9
1105050 574.9
1105060 577.5
1105070 577.5
1105080 576.8
1105090 580.4
1105100 580.4
1105110 583.1
1105120 583.9
1105130 583.9
1105140 582.2
1105150 579.6
1105160 579.6
1105170 577.1
1105180 572.1
1105190 572.1
1105200 562.6
1105210 558.9
1105220 558.9
1105230 560.1
1105240 564.0
1105250 564.0
1105260 572.6
1105270 580.5
1105280 580.5
1105290 589.1
1105300 594.7
1105310 594.7
1105320 597.5
1105330 600.6
1105340 602.7
1105350 602.7
1105360 602.9
1105370 602.8
1105380 602.8
1105390 602.5
1105400 601.6
1105410 601.6
1105420 600.3
1105430 598.6
1105440 598.6
1105450 596.9
1105460 595.2
1105470 595.2
1105480 593.9
1105490 592.9
1105500 592.9
1105510 592.2
1105520 591.1
1105530 591.1
1105540 590.0
1105550 589.7
1105560 589.7
1105570 589.1
1105580 588.5
1105590 588.5
1105600 587.9
1105610 587.2
1105620 587.2
1105630 586.5
1105640 585.9
1105650 585.9
1105660 585.4
1105670 585.2
1105680 585.2
1105690 585.3
1105700 585.6
1105710 585.2
1105720 585.2
1105730 585.0
1105740 585.2
1105750 585.2
1105760 585.4
1105770 585.7
1105780 585.7
1105790 585.9
1105800 586.1
1105810 586.1
1105820 586.2
1105830 586.4
1105840 586.4
1105850 586.4
1105860 586.5
1105870 586.5
1105880 587.0
1105890 587.7
1105900 587.7
1105910 588.3
1105920 588.9
1105930 588.9
1105940 589.3
1105950 589.7
1105960 589.7
1105970 589.9
1105980 590.0
1105990 590.0
1106000 590.1
1106010 590.1
1106020 590.1
1106030 590.1
1106040 590.1
1106050 589.6
1106060 589.6
1106070 588.7
1106080 587.7
1106090 587.7
1106100 587.0
1106110 586.4
1106120 586.4
1106130 585.7
1106140 585.0
1106150 585.0
1106160 584.8
1106170 584.8
1106180 584.8
1106190 584.8
1106200 584.9
1106210 584.9
1106220 585.2
1106230 589.1
1106240 589.1
1106250 590.4
1106260 590.8
1106270 590.8
1106280 591.1
1106290 591.5
1106300 591.5
1106310 590.9
1106320 590.6
1106330 590.6
1106340 591.4
1106350 591.8
1106360 591.8
1106370 592.4
1106380 593.1
1106390 593.1
1106400 593.5
1106410 594.0
1106420 594.6
1106430 594.6
1106440 595.3
1106450 595.4
1106460 595.4
1106470 594.9
1106480 594.6
1106490 594.6
1106500 594.7
1106510 594.2
1106520 594.2
1106530 594.0
1106540 594.4
1106550 594.4
1106560 594.1
1106570 596.5
1106580 596.5
1106590 596.2
1106600 594.5
1106610 594.5
1106620 594.0
1106630 593.9
1106640 593.9
1106650 594.6
1106660 596.5
1106670 596.5
1106680 599.6
1106690 601.7
1106700 601.7
1106710 604.5
1106720 608.1
1106730 608.1
1106740 609.8
1106750 611.4
1106760 611.4
1106770 613.6
1106780 616.4
1106790 618.6
1106800 618.6
1106810 619.7
1106820 621.4
1106830 621.4
1106840 623.2
1106850 623.9
1106860 623.9
1106870 625.8
1106880 627.9
1106890 627.9
1106900 630.3
1106910 630.6
1106920 630.6
1106930 632.2
1106940 634.3
1106950 634.3
1106960 636.9
1106970 638.8
1106980 638.8
1106990 641.0
1107000 643.3
1107010 643.3
1107020 645.1
1107030 646.8
1107040 646.8
1107050 647.9
1107060 648.7
1107070 648.7
1107080 649.3
1107090 649.5
1107100 649.5
1107110 649.4
1107120 649.2
1107130 649.2
1107140 649.0
1107150 648.9
1107160 649.0
1107170 649.0
1107180 649.2
1107190 649.4
1107200 649.4
1107210 649.6
1107220 649.8
1107230 649.8
1107240 650.7
1107250 650.9
1107260 650.9
1107270 651.2
1107280 651.4
1107290 651.4
1107300 651.8
1107310 652.2
1107320 652.2
1107330 652.5
1107340 652.7
1107350 652.7
1107360 652.7
1107370 652.4
1107380 652.4
1107390 651.7
1107400 650.5
1107410 650.5
1107420 648.9
1107430 647.5
1107440 647.5
1107450 646.5
1107460 645.5
1107470 645.5
1107480 644.9
1107490 643.8
1107500 642.4
1107510 642.4
1107520 641.4
1107530 642.0
1107540 642.0
1107550 642.7
1107560 642.6
1107570 642.6
1107580 643.2
1107590 643.3
1107600 643.3
1107610 643.4
1107620 643.6
1107630 643.6
1107640 644.0
1107650 644.5
1107660 644.5
1107670 644.6
1107680 644.8
1107690 644.8
1107700 646.8
1107710 650.1
1107720 650.1
1107730 652.9
1107740 656.3
1107750 656.3
1107760 658.5
1107770 662.5
1107780 662.5
1107790 666.7
1107800 667.4
1107810 667.4
1107820 670.4
1107830 676.9
1107840 676.9
1107850 681.4
1107860 684.9
1107870 688.2
1107880 688.2
1107890 691.5
1107900 694.5
1107910 694.5
1107920 700.7
1107930 702.8
1107940 702.8
1107950 704.8
1107960 706.4
1107970 706.4
1107980 707.6
1107990 708.6
1108000 708.6
1108010 709.5
1108020 710.1
1108030 710.1
1108040 710.4
1108050 710.7
1108060 710.7
1108070 711.2
1108080 712.1
1108090 712.1
1108100 713.3
1108110 715.3
1108120 715.3
1108130 717.9
1108140 720.5
1108150 720.5
1108160 722.8
1108170 724.7
1108180 724.7
1108190 726.4
1108200 727.9
1108210 727.9
1108220 729.2
1108230 730.3
1108240 731.3
1108250 731.3
1108260 733.3
1108270 733.2
1108280 733.2
1108290 732.8
1108300 732.3
1108310 732.3
1108320 731.5
1108330 730.3
1108340 730.3
1108350 729.0
1108360 727.5
1108370 727.5
1108380 726.1
1108390 724.9
1108400 724.9
1108410 723.8
1108420 722.3
1108430 722.3
1108440 720.9
1108450 721.2
1108460 721.2
1108470 722.2
1108480 723.1
1108490 723.1
1108500 723.7
1108510 724.2
1108520 724.2
1108530 724.2
1108540 723.8
1108550 723.8
1108560 723.0
1108570 722.8
1108580 722.8
1108590 722.5
1108600 723.9
1108610 722.5
1108620 722.5
1108630 721.4
1108640 720.0
1108650 720.0
1108660 718.0
1108670 721.2
1108680 721.2
1108690 722.7
1108700 724.0
1108710 724.0
1108720 725.0
1108730 726.0
1108740 726.0
1108750 726.8
1108760 726.9
1108770 726.9
1108780 725.1
1108790 721.8
1108800 721.8
1108810 719.6
1108820 713.2
1108830 713.2
1108840 710.4
1108850 709.9
1108860 709.9
1108870 709.4
1108880 709.5
1108890 709.5
1108900 708.7
1108910 707.7
1108920 707.7
1108930 706.5
1108940 707.3
1108950 709.6
1108960 709.6
1108970 713.9
1108980 722.3
1108990 722.3
1109000 728.9
1109010 734.8
1109020 734.8
1109030 738.7
1109040 740.4
1109050 740.4
1109060 742.5
1109070 744.6
1109080 744.6
1109090 746.6
1109100 748.8
1109110 748.8
1109120 751.2
1109130 753.6
1109140 753.6
1109150 756.0
1109160 758.3
1109170 758.3
1109180 759.6
1109190 761.3
1109200 761.3
1109210 763.3
1109220 765.7
1109230 765.7
1109240 768.5
1109250 771.2
1109260 771.2
1109270 774.4
1109280 780.1
1109290 780.1
1109300 783.7
1109310 787.5
1109320 791.8
1109330 791.8
1109340 796.0
1109350 798.8
1109360 798.8
1109370 799.8
1109380 800.0
1109390 800.0
1109400 800.2
1109410 800.2
1109420 800.2
1109430 800.6
1109440 800.8
1109450 800.8
1109460 801.0
1109470 801.3
1109480 801.3
1109490 801.6
1109500 802.2
1109510 802.2
1109520 803.1
1109530 804.3
1109540 804.3
1109550 805.5
1109560 806.9
1109570 806.9
1109580 808.2
1109590 807.9
1109600 807.9
1109610 807.4
1109620 806.9
1109630 806.9
1109640 806.2
1109650 805.9
1109660 805.9
1109670 805.5
1109680 805.0
1109690 804.9
1109700 804.9
1109710 804.8
1109720 804.8
1109730 804.8
1109740 804.9
1109750 805.0
1109760 805.0
1109770 805.3
1109780 805.7
1109790 805.7
1109800 806.9
1109810 808.1
1109820 808.1
1109830 809.0
1109840 810.1
1109850 810.1
1109860 811.4
1109870 813.0
1109880 813.0
1109890 814.7
1109900 816.8
1109910 816.8
1109920 818.9
1109930 821.6
1109940 821.6
1109950 823.8
1109960 828.6
1109970 828.6
1109980 831.7
1109990 834.9
1110000 834.9
1110010 838.6
1110020 842.1
1110030 842.1
1110040 845.6
1110050 850.0
1110060 854.9
1110070 854.9
1110080 858.8
1110090 863.0
1110100 863.0
1110110 867.7
1110120 871.7
1110130 871.7
1110140 875.2
1110150 879.8
1110160 879.8
1110170 881.1
1110180 881.0
1110190 881.0
1110200 887.9
1110210 892.8
1110220 892.8
1110230 896.2
1110240 900.0
1110250 900.0
1110260 906.2
1110270 911.3
1110280 911.3
1110290 915.0
1110300 918.7
1110310 922.0
1110320 927.0
1110330 931.0
1110340 931.0
1110350 934.3
1110360 938.1
1110370 938.1
1110380 940.9
1110390 943.9
1110400 946.7
1110410 946.7
1110420 949.8
1110430 952.9
1110440 952.9
1110450 955.6
1110460 958.6
1110470 958.6
1110480 961.7
1110490 965.4
1110500 965.4
1110510 968.9
1110520 972.7
1110530 972.7
1110540 976.1
1110550 979.5
1110560 979.5
1110570 982.7
1110580 986.0
1110590 986.0
1110600 989.2
1110610 991.4
1110620 991.4
1110630 992.5
1110640 993.0
1110650 992.9
1110660 993.1
1110670 993.4
1110680 993.4
1110690 994.0
1110700 994.9
1110710 994.9
1110720 995.8
1110730 996.7
1110740 996.7
1110750 997.7
1110760 998.8
1110770 1000.4
1110780 1000.4
1110790 1002.4
1110800 1003.7
1110810 1003.7
1110820 1005.6
1110830 1006.0
1110840 1006.0
1110850 1005.4
1110860 1004.5
1110870 1004.5
1110880 1003.0
1110890 999.7
1110900 999.7
1110910 996.5
1110920 993.9
1110930 993.9
1110940 991.7
1110950 989.7
1110960 989.7
1110970 988.1
1110980 988.2
1110990 990.8
1111000 991.8
1111010 992.7
1111020 992.7
1111030 993.6
1111040 994.7
1111050 994.7
1111060 995.9
1111070 997.9
1111080 997.9
1111090 999.4
1111100 1000.5
1111110 1000.5
1111120 1002.5
1111130 1003.4
1111140 1004.2
1111150 1004.2
1111160 1006.2
1111170 1007.7
1111180 1007.7
1111190 1008.2
1111200 1008.4
1111210 1008.4
1111220 1010.1
1111230 1010.4
1111240 1010.4
1111250 1010.4
1111260 1009.9
1111270 1009.9
1111280 1009.7
1111290 1010.3
1111300 1010.3
1111310 1010.1
1111320 1009.7
1111330 1011.7
1111340 1011.8
1111350 1011.8
1111360 1011.8
1111370 1011.4
1111380 1012.3
1111390 1012.3
1111400 1012.3
1111410 1013.6
1111420 1013.6
1111430 1013.9
1111440 1015.8
1111450 1015.8
1111460 1015.7
1111470 1014.5
1111480 1014.5
1111490 1016.3
1111500 1016.8
1111510 1017.4
1111520 1017.4
1111530 1017.6
1111540 1018.1
1111550 1018.1
1111560 1020.2
1111570 1022.0
1111580 1022.0
1111590 1023.5
1111600 1024.6
1111610 1024.6
1111620 1025.4
1111630 1025.7
1111640 1025.7
1111650 1026.3
1111660 1027.6
1111670 1027.6
1111680 1031.0
1111690 1032.3
1111700 1032.3
1111710 1034.0
1111720 1036.4
1111730 1036.4
1111740 1038.1
1111750 1039.6
1111760 1039.6
1111770 1040.8
1111780 1041.8
1111790 1041.8
1111800 1041.0
1111810 1041.6
1111820 1041.6
1111830 1045.5
1111840 1047.0
1111850 1047.0
1111860 1047.0
1111870 1048.5
1111880 1051.3
1111890 1051.3
1111900 1053.7
1111910 1054.4
1111920 1054.4
1111930 1056.4
1111940 1058.5
1111950 1058.5
1111960 1060.0
1111970 1060.2
1111980 1060.2
1111990 1061.8
1112000 1063.2
1112010 1063.2
1112020 1067.8
1112030 1069.3
1112040 1069.3
1112050 1069.7
1112060 1070.6
1112070 1070.6
1112080 1072.7
1112090 1073.0
1112100 1073.0
1112110 1073.9
1112120 1075.5
1112130 1075.5
1112140 1077.0
1112150 1078.7
1112160 1078.7
1112170 1079.8
1112180 1082.2
1112190 1082.2
1112200 1084.7
1112210 1086.2
1112220 1087.8
1112230 1087.8
1112240 1091.8
