1100000 830.7
1100010 830.3
1100020 830.3
1100030 829.3
1100040 829.1
1100050 829.1
1100060 828.7
1100070 827.5
1100080 825.6
1100090 819.6
1100100 820.6
1100110 824.5
1100120 824.5
1100130 827.8
1100140 829.6
1100150 829.6
1100160 832.2
1100170 834.0
1100180 834.0
1100190 835.7
1100200 838.2
1100210 838.2
1100220 840.2
1100230 842.9
1100240 842.9
1100250 845.8
1100260 847.9
1100270 847.9
1100280 849.3
1100290 850.8
1100300 850.8
1100310 852.8
1100320 855.3
1100330 855.3
1100340 858.0
1100350 860.9
1100360 860.9
1100370 864.4
1100380 868.2
1100390 868.2
1100400 872.4
1100410 876.8
1100420 885.5
1100430 885.5
1100440 889.4
1100450 892.6
1100460 892.6
1100470 894.8
1100480 896.2
1100490 896.2
1100500 895.4
1100510 892.4
1100520 892.4
1100530 888.1
1100540 883.8
1100550 883.8
1100560 880.8
1100570 879.5
1100580 879.5
1100590 879.7
1100600 880.3
1100610 880.3
1100620 881.6
1100630 884.2
1100640 884.2
1100650 887.2
1100660 890.2
1100670 890.2
1100680 892.9
1100690 896.5
1100700 896.5
1100710 899.7
1100720 901.5
1100730 901.5
1100740 902.6
1100750 904.5
1100760 904.5
1100770 905.4
1100780 905.7
1100790 905.4
1100800 905.4
1100810 905.1
1100820 905.0
1100830 905.0
1100840 904.7
1100850 904.9
1100860 904.9
1100870 905.4
1100880 905.9
1100890 905.9
1100900 906.7
1100910 908.2
1100920 908.2
1100930 910.0
1100940 911.9
1100950 911.9
1100960 914.3
1100970 917.2
1100980 917.2
1100990 920.0
1101000 920.9
1101010 920.9
1101020 919.1
1101030 914.9
1101040 914.9
1101050 914.4
1101060 917.4
1101070 917.4
1101080 919.9
1101090 926.9
1101100 926.9
1101110 930.9
1101120 934.8
1101130 934.8
1101140 938.2
1101150 939.9
1101160 942.1
1101170 942.1
1101180 945.2
1101190 948.4
1101200 948.4
1101210 950.2
1101220 954.2
1101230 954.2
1101240 959.7
1101250 963.8
1101260 963.8
1101270 966.5
1101280 968.6
1101290 968.6
1101300 970.6
1101310 972.5
1101320 972.5
1101330 974.1
1101340 975.4
1101350 975.4
1101360 976.7
1101370 977.3
1101380 977.3
1101390 977.4
1101400 977.5
1101410 977.5
1101420 976.2
1101430 977.2
1101440 977.2
1101450 978.2
1101460 979.0
1101470 979.0
1101480 980.3
1101490 981.8
1101500 981.8
1101510 983.2
1101520 983.3
1101530 982.0
1101540 982.0
1101550 980.9
1101560 980.2
1101570 980.2
1101580 979.2
1101590 978.1
1101600 978.1
1101610 977.2
1101620 976.7
1101630 976.7
1101640 976.5
1101650 976.4
1101660 976.4
1101670 975.7
1101680 974.4
1101690 974.4
1101700 972.2
1101710 968.2
1101720 968.2
1101730 964.9
1101740 963.2
1101750 960.8
1101760 959.1
1101770 957.9
1101780 957.9
1101790 957.0
1101800 956.1
1101810 956.1
1101820 955.2
1101830 954.4
1101840 954.4
1101850 953.7
1101860 953.0
1101870 953.0
1101880 951.8
1101890 950.4
1101900 949.8
1101910 949.8
1101920 949.1
1101930 948.5
1101940 948.5
1101950 947.3
1101960 945.6
1101970 945.6
1101980 943.9
1101990 941.9
1102000 941.9
1102010 939.8
1102020 937.2
1102030 937.2
1102040 934.8
1102050 933.7
1102060 933.7
1102070 932.9
1102080 931.0
1102090 929.4
1102100 929.7
1102110 931.2
1102120 931.2
1102130 933.6
1102140 935.6
1102150 935.6
1102160 937.7
1102170 939.0
1102180 939.0
1102190 939.3
1102200 938.7
1102210 938.7
1102220 937.9
1102230 936.9
1102240 935.7
1102250 935.7
1102260 934.6
1102270 932.9
1102280 932.9
1102290 932.3
1102300 932.1
1102310 932.1
1102320 931.7
1102330 931.5
1102340 931.5
1102350 931.1
1102360 930.8
1102370 930.8
1102380 929.9
1102390 928.0
1102400 928.0
1102410 925.4
1102420 911.6
1102430 911.6
1102440 908.1
1102450 908.7
1102460 908.7
1102470 907.5
1102480 903.7
1102490 903.7
1102500 902.2
1102510 901.0
1102520 901.0
1102530 900.6
1102540 899.1
1102550 899.1
1102560 898.1
1102570 897.3
1102580 897.3
1102590 895.3
1102600 893.7
1102610 894.0
1102620 894.0
1102630 893.6
1102640 892.2
1102650 892.2
1102660 890.3
1102670 887.6
1102680 887.6
1102690 885.2
1102700 883.9
1102710 883.9
1102720 883.8
1102730 882.3
1102740 882.3
1102750 877.5
1102760 868.4
1102770 868.4
1102780 865.5
1102790 862.1
1102800 862.1
1102810 858.5
1102820 854.4
1102830 854.4
1102840 846.8
1102850 840.5
1102860 840.5
1102870 842.5
1102880 846.9
1102890 846.9
1102900 848.2
1102910 847.1
1102920 847.1
1102930 845.3
1102940 842.8
1102950 842.8
1102960 839.4
1102970 834.3
1102980 828.3
1102990 828.3
1103000 826.4
1103010 827.8
1103020 827.8
1103030 828.5
1103040 831.6
1103050 831.6
1103060 832.2
1103070 831.1
1103080 831.1
1103090 827.8
1103100 826.8
1103110 826.8
1103120 826.3
1103130 825.6
1103140 825.6
1103150 824.5
1103160 822.7
1103170 822.7
1103180 819.4
1103190 819.9
1103200 819.9
1103210 816.0
1103220 810.9
1103230 810.9
1103240 806.4
1103250 803.2
1103260 803.2
1103270 800.0
1103280 798.6
1103290 798.6
1103300 796.3
1103310 793.7
1103320 793.7
1103330 791.1
1103340 788.9
1103350 786.9
1103360 786.9
1103370 785.1
1103380 783.4
1103390 783.4
1103400 782.1
1103410 781.2
1103420 781.2
1103430 780.0
1103440 779.6
1103450 779.6
1103460 779.1
1103470 778.6
1103480 778.6
1103490 778.0
1103500 777.5
1103510 777.5
1103520 777.0
1103530 775.7
1103540 775.7
1103550 773.0
1103560 769.1
1103570 769.1
1103580 767.4
1103590 766.1
1103600 766.1
1103610 764.2
1103620 761.4
1103630 761.4
1103640 758.8
1103650 756.4
1103660 756.4
1103670 753.6
1103680 751.4
1103690 751.4
1103700 749.2
1103710 746.9
1103720 744.9
1103730 744.9
1103740 742.8
1103750 740.5
1103760 738.6
1103770 736.6
1103780 734.4
1103790 734.4
1103800 732.2
1103810 730.4
1103820 730.4
1103830 729.1
1103840 728.9
1103850 728.9
1103860 728.7
1103870 727.8
1103880 727.8
1103890 726.8
1103900 725.9
1103910 725.9
1103920 724.3
1103930 720.4
1103940 720.4
1103950 717.1
1103960 713.5
1103970 713.5
1103980 707.9
1103990 703.3
1104000 703.3
1104010 700.1
1104020 706.1
1104030 706.1
1104040 710.2
1104050 710.1
1104060 710.1
1104070 709.3
1104080 708.6
1104090 707.7
1104100 705.3
1104110 703.9
1104120 702.7
1104130 702.7
1104140 701.6
1104150 700.5
1104160 700.5
1104170 698.9
1104180 695.8
1104190 695.8
1104200 689.9
1104210 683.1
1104220 683.1
1104230 678.9
1104240 676.3
1104250 676.3
1104260 676.7
1104270 683.6
1104280 683.6
1104290 688.6
1104300 690.3
1104310 690.3
1104320 690.6
1104330 687.6
1104340 687.6
1104350 682.8
1104360 678.2
1104370 678.2
1104380 676.0
1104390 672.5
1104400 672.5
1104410 666.8
1104420 661.4
1104430 655.2
1104440 650.9
1104450 644.5
1104460 650.5
1104470 650.5
1104480 660.1
1104490 666.2
1104500 666.2
1104510 666.6
1104520 666.2
1104530 666.2
1104540 665.6
1104550 664.4
1104560 664.4
1104570 662.8
1104580 661.4
1104590 661.4
1104600 658.8
1104610 654.7
1104620 654.7
1104630 650.7
1104640 652.3
1104650 652.3
1104660 654.5
1104670 656.0
1104680 656.0
1104690 656.1
1104700 656.9
1104710 656.9
1104720 657.4
1104730 657.8
1104740 657.8
1104750 658.3
1104760 658.8
1104770 657.9
1104780 658.0
1104790 657.5
1104800 656.9
1104810 656.9
1104820 656.6
1104830 654.5
1104840 654.5
1104850 652.1
1104860 650.5
1104870 650.5
1104880 649.1
1104890 648.1
1104900 648.1
1104910 647.3
1104920 646.2
1104930 646.2
1104940 645.1
1104950 643.9
1104960 643.9
1104970 642.4
1104980 641.3
1104990 641.3
1105000 640.7
1105010 640.5
1105020 640.5
1105030 640.2
1105040 640.2
1105050 640.2
1105060 639.8
1105070 639.1
1105080 639.1
1105090 638.4
1105100 637.9
1105110 635.9
1105120 635.5
1105130 634.8
1105140 634.8
1105150 634.2
1105160 633.5
1105170 633.0
1105180 633.0
1105190 632.9
1105200 632.9
1105210 632.9
1105220 632.2
1105230 632.3
1105240 632.3
1105250 632.2
1105260 632.6
1105270 632.6
1105280 634.0
1105290 635.0
1105300 635.0
1105310 635.7
1105320 636.6
1105330 636.6
1105340 637.1
1105350 637.3
1105360 637.3
1105370 637.2
1105380 637.3
1105390 637.3
1105400 638.3
1105410 641.1
1105420 641.1
1105430 643.6
1105440 644.7
1105450 643.6
1105460 643.9
1105470 643.3
1105480 643.3
1105490 643.0
1105500 643.2
1105510 643.2
1105520 642.8
1105530 642.6
1105540 642.1
1105550 642.1
1105560 641.6
1105570 640.1
1105580 640.1
1105590 636.5
1105600 634.6
1105610 634.6
1105620 634.9
1105630 635.0
1105640 635.0
1105650 633.6
1105660 630.5
1105670 630.5
1105680 628.1
1105690 627.4
1105700 627.4
1105710 627.4
1105720 627.6
1105730 627.6
1105740 628.0
1105750 628.3
1105760 628.3
1105770 628.1
1105780 627.9
1105790 627.3
1105800 627.0
1105810 626.6
1105820 626.6
1105830 625.7
1105840 623.7
1105850 623.7
1105860 621.5
1105870 619.0
1105880 619.0
1105890 615.5
1105900 612.7
1105910 610.4
1105920 610.4
1105930 608.5
1105940 607.9
1105950 607.9
1105960 608.7
1105970 609.7
1105980 609.7
1105990 610.0
1106000 609.6
1106010 609.6
1106020 609.8
1106030 610.4
1106040 610.4
1106050 609.8
1106060 608.4
1106070 608.4
1106080 607.0
1106090 605.7
1106100 605.7
1106110 604.3
1106120 600.3
1106130 600.3
1106140 599.2
1106150 598.4
1106160 598.4
1106170 597.7
1106180 597.3
1106190 597.3
1106200 596.4
1106210 595.4
1106220 595.4
1106230 594.6
1106240 593.9
1106250 593.9
1106260 593.4
1106270 592.9
1106280 592.3
1106290 592.3
1106300 591.3
1106310 590.0
1106320 590.0
1106330 588.8
1106340 587.5
1106350 587.5
1106360 586.3
1106370 584.9
1106380 584.9
1106390 583.5
1106400 582.1
1106410 582.1
1106420 580.8
1106430 579.6
1106440 579.6
1106450 578.6
1106460 577.7
1106470 577.7
1106480 576.9
1106490 574.1
1106500 574.1
1106510 573.3
1106520 573.4
1106530 573.4
1106540 573.5
1106550 574.6
1106560 574.6
1106570 575.1
1106580 575.3
1106590 575.3
1106600 575.4
1106610 576.8
1106620 578.8
1106630 578.8
1106640 580.2
1106650 582.3
1106660 582.3
1106670 583.8
1106680 585.7
1106690 585.7
1106700 587.3
1106710 588.4
1106720 588.4
1106730 589.1
1106740 589.5
1106750 589.5
1106760 590.1
1106770 591.0
1106780 591.0
1106790 591.6
1106800 593.3
1106810 593.3
1106820 594.5
1106830 597.8
1106840 597.8
1106850 599.2
1106860 598.3
1106870 598.3
1106880 597.0
1106890 596.3
1106900 596.3
1106910 596.3
1106920 596.9
1106930 596.9
1106940 598.0
1106950 598.6
1106960 598.6
1106970 598.9
1106980 600.0
1106990 601.5
1107000 601.5
1107010 602.9
1107020 603.8
1107030 603.8
1107040 604.2
1107050 604.9
1107060 604.9
1107070 606.0
1107080 606.8
1107090 606.8
1107100 607.2
1107110 607.3
1107120 607.3
1107130 607.5
1107140 609.8
1107150 609.8
1107160 610.2
1107170 610.4
1107180 610.4
1107190 610.7
1107200 611.2
1107210 611.2
1107220 612.0
1107230 613.0
1107240 613.0
1107250 613.7
1107260 614.1
1107270 614.1
1107280 614.0
1107290 613.2
1107300 613.2
1107310 612.7
1107320 612.7
1107330 612.7
1107340 611.8
1107350 612.2
1107360 612.0
1107370 612.0
1107380 611.9
1107390 610.3
1107400 610.3
1107410 608.9
1107420 610.1
1107430 610.1
1107440 612.2
1107450 614.0
1107460 614.0
1107470 615.6
1107480 617.0
1107490 617.0
1107500 618.6
1107510 619.8
1107520 619.8
1107530 621.1
1107540 622.3
1107550 622.3
1107560 622.8
1107570 623.1
1107580 623.1
1107590 623.2
1107600 623.3
1107610 623.3
1107620 623.8
1107630 625.0
1107640 625.0
1107650 626.8
1107660 628.6
1107670 628.6
1107680 630.6
1107690 633.0
1107700 633.0
1107710 635.6
1107720 638.1
1107730 640.0
1107740 640.0
1107750 640.6
1107760 642.1
1107770 642.1
1107780 642.8
1107790 643.1
1107800 643.1
1107810 643.5
1107820 644.6
1107830 644.6
1107840 645.2
1107850 645.7
1107860 645.7
1107870 645.3
1107880 646.9
1107890 646.9
1107900 647.6
1107910 648.3
1107920 648.3
1107930 648.9
1107940 649.5
1107950 649.5
1107960 650.2
1107970 651.0
1107980 651.0
1107990 651.7
1108000 652.6
1108010 652.6
1108020 653.5
1108030 654.4
1108040 654.4
1108050 655.5
1108060 656.6
1108070 656.6
1108080 657.4
1108090 657.9
1108100 658.4
1108110 658.4
1108120 659.3
1108130 659.7
1108140 659.7
1108150 659.0
1108160 660.2
1108170 660.2
1108180 652.3
1108190 646.8
1108200 646.8
1108210 640.9
1108220 634.4
1108230 634.4
1108240 638.0
1108250 642.1
1108260 642.1
1108270 645.0
1108280 651.3
1108290 651.3
1108300 658.8
1108310 664.1
1108320 664.1
1108330 669.1
1108340 673.8
1108350 673.8
1108360 676.3
1108370 679.9
1108380 679.9
1108390 683.0
1108400 685.8
1108410 685.8
1108420 688.5
1108430 691.5
1108440 691.5
1108450 694.4
1108460 697.3
1108470 700.2
1108480 700.2
1108490 702.9
1108500 709.0
1108510 709.0
1108520 712.2
1108530 715.5
1108540 715.5
1108550 718.8
1108560 722.0
1108570 722.0
1108580 724.8
1108590 727.0
1108600 727.0
1108610 728.5
1108620 729.4
1108630 729.4
1108640 730.1
1108650 731.0
1108660 731.0
1108670 731.8
1108680 732.6
1108690 732.6
1108700 733.7
1108710 734.9
1108720 734.9
1108730 736.2
1108740 737.4
1108750 737.4
1108760 738.4
1108770 739.3
1108780 739.3
1108790 740.2
1108800 741.0
1108810 741.8
1108820 741.8
1108830 742.4
1108840 743.2
1108850 743.2
1108860 743.9
1108870 744.6
1108880 744.6
1108890 744.9
1108900 745.0
1108910 745.0
1108920 745.3
1108930 745.8
1108940 745.8
1108950 746.4
1108960 747.0
1108970 747.0
1108980 747.6
1108990 748.2
1109000 748.2
1109010 748.6
1109020 748.9
1109030 748.9
1109040 749.0
1109050 749.0
1109060 749.0
1109070 749.0
1109080 748.9
1109090 748.9
1109100 748.8
1109110 748.8
1109120 748.8
1109130 749.0
1109140 749.6
1109150 749.6
1109160 750.3
1109170 751.2
1109180 752.5
1109190 752.5
1109200 752.7
1109210 754.2
1109220 754.2
1109230 755.3
1109240 756.2
1109250 756.2
1109260 757.0
1109270 758.0
1109280 758.0
1109290 759.1
1109300 760.1
1109310 760.1
1109320 761.3
1109330 763.0
1109340 763.0
1109350 764.5
1109360 766.1
1109370 766.1
1109380 767.6
1109390 768.9
1109400 768.9
1109410 770.8
1109420 773.0
1109430 773.0
1109440 774.4
1109450 775.6
1109460 775.6
1109470 777.2
1109480 779.3
1109490 779.3
1109500 781.9
1109510 784.6
1109520 786.3
1109530 787.1
1109540 787.4
1109550 787.4
1109560 787.4
1109570 787.6
1109580 787.8
1109590 787.8
1109600 787.8
1109610 787.5
1109620 787.5
1109630 786.9
1109640 786.5
1109650 786.5
1109660 786.4
1109670 786.8
1109680 786.8
1109690 787.0
1109700 786.5
1109710 786.5
1109720 785.4
1109730 784.3
1109740 784.3
1109750 782.2
1109760 779.5
1109770 779.5
1109780 780.5
1109790 784.2
1109800 784.2
1109810 786.1
1109820 787.5
1109830 787.5
1109840 789.5
1109850 791.1
1109860 792.7
1109870 793.0
1109880 793.6
1109890 793.6
1109900 793.9
1109910 793.8
1109920 793.7
1109930 793.7
1109940 793.7
1109950 794.1
1109960 794.1
1109970 794.7
1109980 795.9
1109990 795.9
1110000 797.1
1110010 798.0
1110020 798.0
1110030 798.9
1110040 800.1
1110050 800.1
1110060 801.6
1110070 803.5
1110080 803.5
1110090 805.7
1110100 807.8
1110110 807.8
1110120 810.4
1110130 811.9
1110140 811.9
1110150 813.8
1110160 816.6
1110170 816.6
1110180 818.9
1110190 820.6
1110200 822.7
1110210 824.7
1110220 826.5
1110230 826.5
1110240 828.2
1110250 830.4
1110260 830.4
1110270 832.9
1110280 835.9
1110290 838.8
1110300 838.8
1110310 841.3
1110320 843.7
1110330 843.7
1110340 846.2
1110350 848.9
1110360 848.9
1110370 851.8
1110380 854.3
1110390 854.3
1110400 856.9
1110410 859.2
1110420 859.2
1110430 861.4
1110440 863.5
1110450 863.5
1110460 864.9
1110470 866.0
1110480 866.0
1110490 867.5
1110500 869.7
1110510 869.7
1110520 871.8
1110530 873.4
1110540 876.8
1110550 878.6
1110560 881.1
1110570 881.1
1110580 882.9
1110590 884.4
1110600 884.4
1110610 886.9
1110620 889.9
1110630 892.6
1110640 892.6
1110650 894.7
1110660 897.7
1110670 897.7
1110680 901.3
1110690 904.2
1110700 904.2
1110710 905.6
1110720 907.2
1110730 907.2
1110740 910.3
1110750 913.0
1110760 913.0
1110770 914.4
1110780 915.0
1110790 915.0
1110800 917.9
1110810 921.4
1110820 921.4
1110830 923.0
1110840 925.5
1110850 925.5
1110860 927.8
1110870 929.9
1110880 935.6
1110890 937.8
1110900 940.7
1110910 940.7
1110920 943.0
1110930 942.5
1110940 942.5
1110950 935.4
1110960 928.5
1110970 928.5
1110980 922.2
1110990 916.6
1111000 911.2
1111010 911.2
1111020 906.9
1111030 903.5
1111040 903.5
1111050 901.0
1111060 903.1
1111070 903.1
1111080 908.7
1111090 915.2
1111100 915.2
1111110 921.7
1111120 928.4
1111130 928.4
1111140 935.3
1111150 941.9
1111160 941.9
1111170 949.1
1111180 954.8
1111190 954.8
1111200 959.7
1111210 963.8
1111220 963.8
1111230 964.0
1111240 968.3
1111250 968.3
1111260 968.1
1111270 967.0
1111280 967.0
1111290 965.9
1111300 964.9
1111310 964.9
1111320 963.0
1111330 959.2
1111340 959.2
1111350 956.0
1111360 953.5
1111370 951.0
1111380 951.0
1111390 950.1
1111400 948.0
1111410 948.0
1111420 948.8
1111430 953.5
1111440 953.5
1111450 957.1
1111460 960.0
1111470 960.0
1111480 962.1
1111490 963.4
1111500 963.4
1111510 962.9
1111520 963.8
1111530 963.8
1111540 964.9
1111550 965.4
1111560 965.4
1111570 966.9
1111580 966.5
1111590 966.5
1111600 966.3
1111610 967.2
1111620 967.2
1111630 968.1
1111640 968.9
1111650 968.9
1111660 969.8
1111670 970.6
1111680 970.6
1111690 971.5
1111700 972.4
1111710 972.4
1111720 973.3
1111730 974.8
1111740 975.6
1111750 975.6
1111760 975.9
1111770 976.7
1111780 976.7
1111790 977.3
1111800 977.6
1111810 977.6
1111820 978.1
1111830 980.0
1111840 980.0
1111850 981.6
1111860 983.3
1111870 983.3
1111880 984.5
