1100000 820.7
1100010 820.7
1100020 823.7
1100030 826.1
1100040 826.1
1100050 828.5
1100060 830.7
1100070 830.7
1100080 832.8
1100090 835.2
1100100 835.2
1100110 836.8
1100120 839.1
1100130 839.1
1100140 842.2
1100150 845.3
1100160 845.3
1100170 848.3
1100180 851.1
1100190 851.1
1100200 853.9
1100210 857.4
1100220 857.4
1100230 860.9
1100240 862.6
1100250 862.6
1100260 866.3
1100270 868.1
1100280 868.1
1100290 869.6
1100300 871.6
1100310 871.6
1100320 873.2
1100330 874.0
1100340 874.0
1100350 873.4
1100360 872.4
1100370 871.8
1100380 871.8
1100390 872.8
1100400 875.5
1100410 875.5
1100420 879.3
1100430 883.0
1100440 883.0
1100450 886.8
1100460 890.2
1100470 890.2
1100480 893.6
1100490 896.5
1100500 896.5
1100510 898.3
1100520 899.8
1100530 899.8
1100540 901.3
1100550 902.4
1100560 902.4
1100570 903.5
1100580 904.5
1100590 904.5
1100600 906.2
1100610 907.2
1100620 907.2
1100630 907.6
1100640 907.6
1100650 907.6
1100660 906.8
1100670 905.5
1100680 905.5
1100690 905.3
1100700 905.6
1100710 906.4
1100720 906.4
1100730 907.8
1100740 909.9
1100750 909.9
1100760 913.2
1100770 916.1
1100780 916.1
1100790 919.5
1100800 922.5
1100810 922.5
1100820 924.7
1100830 925.7
1100840 925.7
1100850 925.4
1100860 924.2
1100870 924.2
1100880 923.3
1100890 923.4
1100900 923.4
1100910 923.9
1100920 924.5
1100930 926.6
1100940 928.4
1100950 931.3
1100960 931.3
1100970 934.9
1100980 938.8
1100990 938.8
1101000 942.8
1101010 947.7
1101020 947.7
1101030 952.6
1101040 956.9
1101050 956.9
1101060 960.8
1101070 964.4
1101080 966.8
1101090 966.8
1101100 968.7
1101110 970.1
1101120 970.1
1101130 970.4
1101140 969.1
1101150 969.1
1101160 967.8
1101170 966.4
1101180 966.4
1101190 965.8
1101200 965.3
1101210 965.3
1101220 964.7
1101230 964.2
1101240 964.2
1101250 964.2
1101260 964.5
1101270 964.5
1101280 964.2
1101290 963.2
1101300 963.2
1101310 961.8
1101320 961.0
1101330 961.0
1101340 960.8
1101350 960.1
1101360 960.1
1101370 959.3
1101380 958.8
1101390 958.8
1101400 958.3
1101410 957.9
1101420 957.9
1101430 957.2
1101440 956.3
1101450 953.9
1101460 953.9
1101470 951.3
1101480 949.4
1101490 949.4
1101500 948.4
1101510 946.4
1101520 946.4
1101530 943.7
1101540 941.5
1101550 941.5
1101560 939.8
1101570 938.3
1101580 938.3
1101590 936.4
1101600 931.8
1101610 931.8
1101620 931.3
1101630 931.1
1101640 931.1
1101650 930.3
1101660 928.9
1101670 928.9
1101680 927.4
1101690 925.8
1101700 925.8
1101710 924.8
1101720 923.5
1101730 923.5
1101740 922.6
1101750 921.8
1101760 921.8
1101770 920.9
1101780 920.3
1101790 920.3
1101800 919.9
1101810 919.8
1101820 920.4
1101830 920.4
1101840 920.7
1101850 919.9
1101860 919.9
1101870 918.1
1101880 916.1
1101890 916.1
1101900 915.1
1101910 914.3
1101920 914.3
1101930 912.2
1101940 911.1
1101950 911.1
1101960 910.2
1101970 908.9
1101980 908.9
1101990 907.1
1102000 905.9
1102010 905.9
1102020 905.6
1102030 906.9
1102040 906.9
1102050 908.5
1102060 909.3
1102070 909.3
1102080 910.0
1102090 910.4
1102100 910.4
1102110 910.8
1102120 911.1
1102130 911.1
1102140 911.6
1102150 912.2
1102160 912.2
1102170 912.5
1102180 912.5
1102190 912.3
1102200 912.3
1102210 912.0
1102220 911.6
1102230 911.6
1102240 910.8
1102250 910.3
1102260 909.4
1102270 909.1
1102280 908.6
1102290 908.6
1102300 907.8
1102310 907.1
1102320 907.1
1102330 906.0
1102340 904.3
1102350 904.3
1102360 902.3
1102370 900.4
1102380 900.4
1102390 898.5
1102400 896.4
1102410 896.4
1102420 894.4
1102430 892.0
1102440 892.0
1102450 889.6
1102460 887.3
1102470 887.3
1102480 886.0
1102490 885.6
1102500 885.6
1102510 882.9
1102520 879.5
1102530 877.6
1102540 877.6
1102550 876.6
1102560 875.1
1102570 875.1
1102580 873.4
1102590 871.8
1102600 871.4
1102610 871.4
1102620 871.5
1102630 871.5
1102640 867.5
1102650 861.4
1102660 861.4
1102670 855.1
1102680 849.9
1102690 849.9
1102700 847.0
1102710 845.2
1102720 845.2
1102730 843.1
1102740 840.8
1102750 840.8
1102760 837.3
1102770 833.6
1102780 833.6
1102790 830.1
1102800 826.0
1102810 826.0
1102820 822.8
1102830 820.3
1102840 820.3
1102850 819.1
1102860 817.5
1102870 817.5
1102880 815.1
1102890 813.6
1102900 812.9
1102910 812.9
1102920 814.1
1102930 811.7
1102940 811.7
1102950 813.8
1102960 814.0
1102970 814.0
1102980 812.0
1102990 799.6
1103000 799.6
1103010 791.4
1103020 794.8
1103030 794.8
1103040 793.0
1103050 788.6
1103060 788.6
1103070 781.9
1103080 780.1
1103090 780.1
1103100 780.7
1103110 777.6
1103120 777.6
1103130 776.2
1103140 774.7
1103150 774.7
1103160 773.5
1103170 773.0
1103180 773.0
1103190 772.5
1103200 772.0
1103210 772.0
1103220 771.8
1103230 771.8
1103240 771.8
1103250 771.3
1103260 770.3
1103270 769.7
1103280 769.7
1103290 768.9
1103300 765.4
1103310 765.4
1103320 762.1
1103330 757.7
1103340 757.7
1103350 754.5
1103360 755.1
1103370 755.1
1103380 756.0
1103390 754.5
1103400 754.5
1103410 752.7
1103420 751.1
1103430 751.1
1103440 749.8
1103450 748.8
1103460 748.8
1103470 747.6
1103480 746.2
1103490 746.2
1103500 744.8
1103510 742.6
1103520 742.6
1103530 740.7
1103540 739.5
1103550 739.5
1103560 738.6
1103570 738.0
1103580 738.0
1103590 737.3
1103600 736.5
1103610 735.6
1103620 735.0
1103630 733.8
1103640 732.4
1103650 732.4
1103660 731.7
1103670 730.5
1103680 730.5
1103690 729.0
1103700 727.2
1103710 727.2
1103720 726.1
1103730 725.3
1103740 725.3
1103750 724.7
1103760 724.0
1103770 724.0
1103780 722.1
1103790 719.3
1103800 719.3
1103810 716.8
1103820 714.8
1103830 714.8
1103840 713.0
1103850 711.3
1103860 711.3
1103870 709.2
1103880 707.4
1103890 707.4
1103900 705.2
1103910 700.0
1103920 700.0
1103930 692.6
1103940 685.6
1103950 685.6
1103960 682.2
1103970 678.4
1103980 678.4
1103990 672.9
1104000 668.2
1104010 665.3
1104020 665.3
1104030 662.5
1104040 660.9
1104050 660.9
1104060 659.8
1104070 658.9
1104080 658.9
1104090 659.2
1104100 657.8
1104110 657.8
1104120 659.0
1104130 662.5
1104140 662.5
1104150 663.5
1104160 663.2
1104170 663.2
1104180 659.5
1104190 655.4
1104200 655.4
1104210 649.9
1104220 647.0
1104230 647.0
1104240 645.0
1104250 643.1
1104260 643.1
1104270 641.7
1104280 639.8
1104290 639.8
1104300 637.1
1104310 631.9
1104320 631.9
1104330 630.8
1104340 629.3
1104350 629.3
1104360 629.3
1104370 630.3
1104380 627.4
1104390 627.4
1104400 623.2
1104410 620.2
1104420 620.2
1104430 621.4
1104440 622.9
1104450 622.9
1104460 622.1
1104470 620.2
1104480 620.2
1104490 617.8
1104500 619.9
1104510 619.9
1104520 628.3
1104530 632.0
1104540 632.0
1104550 634.3
1104560 637.7
1104570 637.7
1104580 643.0
1104590 644.3
1104600 644.3
1104610 642.9
1104620 642.1
1104630 642.1
1104640 641.2
1104650 640.5
1104660 640.5
1104670 639.3
1104680 637.0
1104690 637.0
1104700 633.3
1104710 628.4
1104720 624.1
1104730 624.1
1104740 620.8
1104750 625.9
1104760 625.9
1104770 633.7
1104780 636.8
1104790 636.8
1104800 636.3
1104810 635.7
1104820 635.7
1104830 635.1
1104840 634.6
1104850 634.6
1104860 634.0
1104870 633.1
1104880 633.1
1104890 632.2
1104900 630.8
1104910 630.8
1104920 628.2
1104930 626.3
1104940 626.3
1104950 620.9
1104960 619.6
1104970 619.6
1104980 618.3
1104990 616.7
1105000 616.7
1105010 613.6
1105020 610.7
1105030 610.7
1105040 609.1
1105050 607.4
1105060 607.4
1105070 609.7
1105080 611.1
1105090 611.5
1105100 611.5
1105110 610.4
1105120 607.6
1105130 607.6
1105140 603.3
1105150 608.3
1105160 608.3
1105170 612.1
1105180 614.6
1105190 614.6
1105200 615.9
1105210 616.2
1105220 616.2
1105230 616.5
1105240 616.6
1105250 616.6
1105260 616.6
1105270 616.5
1105280 616.5
1105290 612.7
1105300 611.4
1105310 611.4
1105320 611.7
1105330 610.8
1105340 610.8
1105350 606.9
1105360 605.8
1105370 605.8
1105380 609.3
1105390 609.6
1105400 609.6
1105410 611.0
1105420 610.9
1105430 610.9
1105440 609.4
1105450 607.5
1105460 606.5
1105470 606.5
1105480 605.8
1105490 606.1
1105500 606.1
1105510 606.2
1105520 605.8
1105530 605.8
1105540 606.5
1105550 607.1
1105560 607.1
1105570 607.5
1105580 606.6
1105590 606.6
1105600 605.6
1105610 604.2
1105620 600.8
1105630 600.0
1105640 602.6
1105650 602.6
1105660 604.7
1105670 605.0
1105680 605.0
1105690 604.7
1105700 604.3
1105710 604.3
1105720 603.4
1105730 602.0
1105740 602.0
1105750 600.6
1105760 599.6
1105770 599.6
1105780 598.6
1105790 597.6
1105800 597.6
1105810 596.2
1105820 594.1
1105830 592.0
1105840 592.0
1105850 590.3
1105860 588.2
1105870 588.2
1105880 585.9
1105890 584.2
1105900 584.2
1105910 584.2
1105920 585.7
1105930 585.7
1105940 585.6
1105950 585.3
1105960 576.4
1105970 574.7
1105980 573.1
1105990 573.1
1106000 572.0
1106010 571.7
1106020 571.7
1106030 571.6
1106040 571.1
1106050 571.1
1106060 571.2
1106070 571.7
1106080 571.7
1106090 572.0
1106100 573.1
1106110 573.1
1106120 575.6
1106130 578.6
1106140 578.6
1106150 579.4
1106160 579.9
1106170 580.0
1106180 580.0
1106190 579.9
1106200 579.6
1106210 579.6
1106220 579.4
1106230 579.0
1106240 579.0
1106250 578.6
1106260 578.1
1106270 578.1
1106280 577.7
1106290 577.3
1106300 576.3
1106310 576.0
1106320 575.7
1106330 575.7
1106340 575.4
1106350 575.1
1106360 575.1
1106370 574.9
1106380 574.7
1106390 574.7
1106400 574.6
1106410 574.5
1106420 574.5
1106430 574.1
1106440 572.0
1106450 572.0
1106460 573.1
1106470 574.0
1106480 574.0
1106490 574.1
1106500 574.0
1106510 574.0
1106520 574.5
1106530 576.6
1106540 578.5
1106550 578.5
1106560 581.1
1106570 583.6
1106580 583.6
1106590 584.4
1106600 584.8
1106610 584.8
1106620 585.4
1106630 587.4
1106640 588.4
1106650 590.7
1106660 592.8
1106670 592.8
1106680 594.4
1106690 595.7
1106700 595.7
1106710 597.1
1106720 598.3
1106730 598.3
1106740 599.3
1106750 600.6
1106760 600.6
1106770 602.3
1106780 604.3
1106790 604.3
1106800 605.7
1106810 606.1
1106820 606.1
1106830 607.1
1106840 608.6
1106850 608.6
1106860 609.4
1106870 610.7
1106880 610.7
1106890 610.9
1106900 610.2
1106910 610.5
1106920 610.5
1106930 613.5
1106940 616.3
1106950 616.3
1106960 617.6
1106970 619.4
1106980 620.4
1106990 621.6
1107000 622.5
1107010 622.5
1107020 622.9
1107030 623.0
1107040 623.0
1107050 621.8
1107060 622.2
1107070 622.2
1107080 623.2
1107090 623.9
1107100 623.9
1107110 624.4
1107120 624.3
1107130 624.3
1107140 623.7
1107150 623.7
1107160 623.7
1107170 624.5
1107180 625.7
1107190 625.7
1107200 626.2
1107210 626.4
1107220 626.4
1107230 626.6
1107240 628.0
1107250 628.0
1107260 629.5
1107270 630.5
1107280 630.9
1107290 630.9
1107300 631.1
1107310 630.9
1107320 631.3
1107330 630.6
1107340 630.8
1107350 630.8
1107360 631.4
1107370 631.6
1107380 631.6
1107390 631.1
1107400 630.7
1107410 630.7
1107420 630.7
1107430 630.5
1107440 630.5
1107450 629.6
1107460 627.9
1107470 627.9
1107480 626.1
1107490 626.0
1107500 626.0
1107510 626.0
1107520 625.2
1107530 625.2
1107540 624.4
1107550 624.0
1107560 624.0
1107570 624.4
1107580 625.9
1107590 625.9
1107600 626.6
1107610 626.8
1107620 626.8
1107630 627.0
1107640 627.2
1107650 628.2
1107660 628.2
1107670 628.3
1107680 628.7
1107690 628.7
1107700 629.2
1107710 629.6
1107720 629.6
1107730 630.2
1107740 631.1
1107750 631.1
1107760 631.6
1107770 632.4
1107780 632.4
1107790 635.2
1107800 637.1
1107810 637.1
1107820 637.3
1107830 637.6
1107840 637.6
1107850 638.4
1107860 639.5
1107870 639.5
1107880 640.5
1107890 641.5
1107900 641.5
1107910 642.8
1107920 643.8
1107930 643.8
1107940 644.8
1107950 645.7
1107960 645.7
1107970 647.0
1107980 648.8
1107990 652.4
1108000 652.4
1108010 655.9
1108020 659.5
1108030 659.5
1108040 662.9
1108050 666.7
1108060 666.7
1108070 670.4
1108080 673.4
1108090 673.4
1108100 675.6
1108110 675.6
1108120 675.6
1108130 675.7
1108140 678.3
1108150 678.3
1108160 681.9
1108170 685.0
1108180 685.0
1108190 687.0
1108200 689.4
1108210 689.4
1108220 692.5
1108230 692.9
1108240 692.9
1108250 685.6
1108260 673.4
1108270 673.4
1108280 663.5
1108290 653.5
1108300 653.5
1108310 656.2
1108320 666.2
1108330 663.4
1108340 670.5
1108350 676.9
1108360 680.0
1108370 680.0
1108380 687.7
1108390 697.5
1108400 697.5
1108410 703.2
1108420 703.7
1108430 703.7
1108440 706.9
1108450 714.9
1108460 714.9
1108470 719.0
1108480 720.0
1108490 720.0
1108500 721.2
1108510 722.4
1108520 722.4
1108530 724.0
1108540 725.5
1108550 725.5
1108560 726.9
1108570 728.3
1108580 728.3
1108590 729.7
1108600 731.2
1108610 731.2
1108620 732.5
1108630 733.8
1108640 733.8
1108650 734.7
1108660 735.5
1108670 735.2
1108680 736.4
1108690 737.7
1108700 737.7
1108710 738.6
1108720 739.2
1108730 740.0
1108740 740.0
1108750 741.2
1108760 741.9
1108770 741.9
1108780 742.2
1108790 742.0
1108800 742.0
1108810 741.7
1108820 741.8
1108830 741.8
1108840 742.0
1108850 742.4
1108860 742.4
1108870 742.8
1108880 743.0
1108890 743.0
1108900 743.1
1108910 742.5
1108920 742.5
1108930 741.4
1108940 739.9
1108950 739.9
1108960 737.5
1108970 735.4
1108980 735.4
1108990 734.3
1109000 735.5
1109010 735.0
1109020 737.4
1109030 740.5
1109040 740.5
1109050 743.0
1109060 744.2
1109070 744.2
1109080 745.1
1109090 746.2
1109100 747.3
1109110 747.3
1109120 748.3
1109130 749.0
1109140 749.0
1109150 749.9
1109160 752.8
1109170 752.8
1109180 754.1
1109190 754.6
1109200 754.6
1109210 755.3
1109220 757.0
1109230 757.0
1109240 759.2
1109250 761.0
1109260 761.0
1109270 762.7
1109280 764.4
1109290 764.4
1109300 766.1
1109310 767.9
1109320 767.9
1109330 770.0
1109340 772.9
1109350 772.9
1109360 777.3
1109370 780.3
1109380 780.3
1109390 781.9
1109400 782.7
1109410 782.7
1109420 783.0
1109430 783.7
1109440 783.7
1109450 785.6
1109460 787.7
1109470 790.6
1109480 790.6
1109490 793.8
1109500 796.1
1109510 796.1
1109520 797.3
1109530 797.8
1109540 797.8
1109550 797.8
1109560 796.9
1109570 796.9
1109580 795.3
1109590 793.4
1109600 793.4
1109610 791.5
1109620 789.8
1109630 789.8
1109640 788.8
1109650 788.0
1109660 788.0
1109670 787.6
1109680 787.6
1109690 787.6
1109700 788.8
1109710 789.3
1109720 789.3
1109730 790.0
1109740 790.5
1109750 790.5
1109760 791.1
1109770 791.9
1109780 791.9
1109790 792.8
1109800 793.8
1109810 794.7
1109820 794.7
1109830 795.8
1109840 796.7
1109850 796.7
1109860 797.3
1109870 797.9
1109880 797.9
1109890 798.5
1109900 799.4
1109910 799.4
1109920 800.5
1109930 801.5
1109940 801.5
1109950 802.9
1109960 804.6
1109970 804.6
1109980 804.7
1109990 806.1
1110000 806.1
1110010 807.9
1110020 810.3
1110030 810.3
1110040 814.9
1110050 817.9
1110060 817.9
1110070 821.1
1110080 824.3
1110090 824.3
1110100 828.1
1110110 832.6
1110120 832.6
1110130 836.6
1110140 840.3
1110150 840.3
1110160 843.6
1110170 846.6
1110180 849.1
1110190 849.1
1110200 851.4
1110210 854.0
1110220 854.0
1110230 856.7
1110240 859.5
1110250 859.5
1110260 862.6
1110270 865.8
1110280 865.8
1110290 868.6
1110300 871.3
1110310 871.3
1110320 874.5
1110330 879.2
1110340 879.2
1110350 883.3
1110360 887.1
1110370 887.1
1110380 891.0
1110390 894.2
1110400 894.2
1110410 898.0
1110420 901.8
1110430 901.8
1110440 906.1
1110450 910.4
1110460 910.4
1110470 914.1
1110480 917.0
1110490 917.0
1110500 920.4
1110510 923.8
1110520 923.8
1110530 927.0
1110540 930.0
1110550 933.0
1110560 933.0
1110570 936.7
1110580 940.0
1110590 940.0
1110600 943.3
1110610 946.6
1110620 946.6
1110630 949.6
1110640 952.0
1110650 952.0
1110660 954.5
1110670 957.2
1110680 957.2
1110690 959.4
1110700 961.1
1110710 961.1
1110720 968.7
1110730 970.9
1110740 970.9
1110750 973.1
1110760 975.0
1110770 975.0
1110780 976.2
1110790 977.4
1110800 977.4
1110810 978.8
1110820 979.3
1110830 979.3
1110840 979.8
1110850 979.8
1110860 979.8
1110870 980.1
1110880 981.1
1110890 981.1
1110900 982.0
1110910 982.6
1110920 982.7
1110930 982.7
1110940 982.4
1110950 982.0
1110960 982.0
1110970 980.3
1110980 976.6
1110990 976.6
1111000 973.6
1111010 969.3
1111020 969.3
1111030 965.5
1111040 964.3
1111050 964.3
1111060 964.7
1111070 964.0
1111080 964.0
1111090 963.1
1111100 960.9
1111110 960.9
1111120 963.0
1111130 964.1
1111140 964.1
1111150 964.6
1111160 964.6
1111170 964.6
1111180 964.3
1111190 964.4
1111200 964.4
1111210 965.1
1111220 965.8
1111230 965.8
1111240 965.9
1111250 966.1
1111260 966.1
1111270 966.9
1111280 967.7
1111290 967.8
1111300 967.8
1111310 968.2
1111320 968.9
1111330 968.9
1111340 970.2
1111350 971.6
1111360 971.6
1111370 972.2
1111380 972.5
1111390 972.5
1111400 972.8
1111410 973.9
1111420 973.9
1111430 974.2
1111440 974.8
1111450 974.8
1111460 975.7
1111470 976.9
1111480 976.9
1111490 977.3
1111500 977.5
1111510 977.5
1111520 977.8
1111530 978.7
1111540 978.7
1111550 979.4
1111560 980.2
1111570 980.2
1111580 980.9
1111590 981.8
1111600 981.8
1111610 982.7
1111620 983.8
1111630 985.5
1111640 985.5
1111650 987.5
1111660 990.2
1111670 990.2
1111680 992.8
1111690 995.1
1111700 995.1
1111710 996.6
1111720 997.7
1111730 997.7
1111740 998.6
1111750 1001.3
1111760 1001.3
1111770 1001.7
1111780 1001.3
1111790 1001.3
1111800 1000.6
1111810 1000.4
1111820 1000.4
1111830 1000.3
1111840 999.9
1111850 999.9
1111860 999.2
1111870 999.6
1111880 999.6
1111890 999.9
1111900 999.9
1111910 999.9
1111920 1000.4
1111930 1001.2
1111940 1001.2
1111950 1001.7
1111960 1002.4
1111970 1002.4
1111980 1003.1
1111990 1004.0
1112000 1005.0
1112010 1005.0
1112020 1005.4
1112030 1005.6
1112040 1005.6
