1100000 767.2
1100010 768.5
1100020 769.3
1100030 769.9
1100040 769.9
1100050 770.6
1100060 771.4
1100070 771.4
1100080 772.3
1100090 773.7
1100100 773.7
1100110 775.3
1100120 777.8
1100130 777.8
1100140 781.4
1100150 785.0
1100160 787.0
1100170 787.9
1100180 788.3
1100190 788.3
1100200 789.1
1100210 789.7
1100220 789.7
1100230 790.6
1100240 792.2
1100250 792.2
1100260 794.0
1100270 796.0
1100280 796.0
1100290 797.9
1100300 799.6
1100310 799.6
1100320 800.9
1100330 802.3
1100340 802.3
1100350 804.1
1100360 806.2
1100370 806.2
1100380 808.4
1100390 810.1
1100400 810.2
1100410 810.2
1100420 809.5
1100430 808.0
1100440 808.0
1100450 807.0
1100460 804.8
1100470 804.8
1100480 797.5
1100490 789.7
1100500 789.7
1100510 781.8
1100520 778.0
1100530 778.0
1100540 782.0
1100550 786.9
1100560 786.9
1100570 791.5
1100580 789.9
1100590 789.9
1100600 787.7
1100610 787.4
1100620 787.4
1100630 787.7
1100640 791.7
1100650 791.7
1100660 791.9
1100670 787.4
1100680 787.4
1100690 784.4
1100700 781.6
1100710 781.6
1100720 779.1
1100730 782.7
1100740 782.7
1100750 790.4
1100760 795.0
1100770 799.2
1100780 799.2
1100790 805.4
1100800 810.6
1100810 810.6
1100820 816.5
1100830 818.9
1100840 818.9
1100850 823.2
1100860 827.3
1100870 827.3
1100880 831.4
1100890 835.6
1100900 835.6
1100910 840.0
1100920 843.8
1100930 843.8
1100940 847.3
1100950 850.6
1100960 850.6
1100970 853.2
1100980 855.2
1100990 855.2
1101000 856.9
1101010 858.6
1101020 858.6
1101030 860.4
1101040 862.1
1101050 862.1
1101060 863.9
1101070 865.6
1101080 865.6
1101090 867.4
1101100 869.6
1101110 869.6
1101120 872.3
1101130 875.1
1101140 877.7
1101150 877.7
1101160 873.1
1101170 873.7
1101180 873.7
1101190 875.0
1101200 875.3
1101210 875.3
1101220 875.9
1101230 878.0
1101240 878.0
1101250 882.2
1101260 887.1
1101270 887.1
1101280 891.1
1101290 894.5
1101300 894.5
1101310 896.8
1101320 899.1
1101330 899.1
1101340 902.5
1101350 906.1
1101360 906.1
1101370 909.8
1101380 912.9
1101390 912.9
1101400 915.6
1101410 918.2
1101420 918.2
1101430 920.8
1101440 923.5
1101450 923.5
1101460 926.3
1101470 929.1
1101480 929.1
1101490 931.9
1101500 934.5
1101510 937.2
1101520 937.2
1101530 941.1
1101540 945.6
1101550 945.6
1101560 949.2
1101570 952.2
1101580 952.2
1101590 954.1
1101600 956.3
1101610 956.3
1101620 959.0
1101630 961.8
1101640 961.8
1101650 964.1
1101660 964.9
1101670 964.9
1101680 967.3
1101690 970.3
1101700 970.3
1101710 973.0
1101720 975.4
1101730 975.4
1101740 977.6
1101750 979.4
1101760 979.4
1101770 981.7
1101780 983.7
1101790 983.7
1101800 985.4
1101810 986.7
1101820 986.7
1101830 987.9
1101840 989.1
1101850 990.2
1101860 990.2
1101870 990.9
1101880 991.2
1101890 991.2
1101900 991.4
1101910 991.7
1101920 991.7
1101930 992.1
1101940 993.2
1101950 993.2
1101960 994.8
1101970 996.8
1101980 996.8
1101990 998.8
1102000 999.2
1102010 999.2
1102020 998.6
1102030 997.8
1102040 997.8
1102050 997.9
1102060 997.6
1102070 997.6
1102080 997.7
1102090 998.0
1102100 998.0
1102110 999.0
1102120 999.6
1102130 999.6
1102140 1000.0
1102150 1000.3
1102160 1001.4
1102170 1002.5
1102180 1003.3
1102190 1003.3
1102200 1004.0
1102210 1004.7
1102220 1005.5
1102230 1005.5
1102240 1006.0
1102250 1006.4
1102260 1006.4
1102270 1006.7
1102280 1006.8
1102290 1006.8
1102300 1006.9
1102310 1007.1
1102320 1007.1
1102330 1007.2
1102340 1007.2
1102350 1007.2
1102360 1007.6
1102370 1008.8
1102380 1008.8
1102390 1010.4
1102400 1010.5
1102410 1010.5
1102420 1008.2
1102430 1004.9
1102440 1004.9
1102450 1001.1
1102460 999.7
1102470 999.7
1102480 999.4
1102490 998.9
1102500 997.7
1102510 997.4
1102520 997.2
1102530 997.2
1102540 997.3
1102550 997.4
1102560 997.4
1102570 997.0
1102580 996.3
1102590 995.4
1102600 995.4
1102610 994.8
1102620 994.7
1102630 994.7
1102640 994.4
1102650 992.8
1102660 992.8
1102670 991.7
1102680 990.4
1102690 990.4
1102700 987.9
1102710 986.0
1102720 986.0
1102730 984.3
1102740 981.7
1102750 981.7
1102760 980.5
1102770 979.2
1102780 979.2
1102790 977.8
1102800 976.2
1102810 976.2
1102820 974.6
1102830 971.2
1102840 971.2
1102850 969.2
1102860 967.1
1102870 967.1
1102880 965.3
1102890 964.2
1102900 964.2
1102910 963.5
1102920 963.1
1102930 963.1
1102940 963.6
1102950 964.2
1102960 965.1
1102970 965.1
1102980 966.2
1102990 967.4
1103000 967.4
1103010 968.5
1103020 969.7
1103030 969.7
1103040 969.5
1103050 968.1
1103060 968.1
1103070 967.5
1103080 966.3
1103090 966.3
1103100 964.9
1103110 964.1
1103120 964.1
1103130 962.9
1103140 960.0
1103150 960.0
1103160 957.6
1103170 953.1
1103180 953.1
1103190 950.6
1103200 948.4
1103210 948.4
1103220 947.0
1103230 945.8
1103240 945.8
1103250 944.0
1103260 941.6
1103270 941.6
1103280 939.3
1103290 936.5
1103300 936.5
1103310 933.1
1103320 929.7
1103330 927.1
1103340 927.1
1103350 925.5
1103360 924.6
1103370 924.6
1103380 921.9
1103390 917.8
1103400 917.8
1103410 914.6
1103420 911.2
1103430 911.2
1103440 908.0
1103450 903.9
1103460 903.9
1103470 900.9
1103480 898.3
1103490 898.3
1103500 893.4
1103510 890.8
1103520 890.8
1103530 887.9
1103540 885.4
1103550 885.4
1103560 879.5
1103570 875.7
1103580 875.7
1103590 873.9
1103600 873.7
1103610 873.7
1103620 874.0
1103630 870.3
1103640 870.3
1103650 868.0
1103660 867.6
1103670 867.6
1103680 867.6
1103690 867.7
1103700 866.2
1103710 866.2
1103720 864.2
1103730 862.5
1103740 862.5
1103750 860.6
1103760 859.3
1103770 859.3
1103780 857.8
1103790 857.1
1103800 857.1
1103810 854.5
1103820 848.8
1103830 848.8
1103840 843.1
1103850 835.1
1103860 835.1
1103870 834.1
1103880 839.6
1103890 839.6
1103900 842.5
1103910 841.2
1103920 841.2
1103930 838.6
1103940 835.7
1103950 835.7
1103960 833.1
1103970 830.2
1103980 830.2
1103990 825.7
1104000 819.9
1104010 819.9
1104020 819.1
1104030 822.0
1104040 822.0
1104050 821.3
1104060 819.1
1104070 817.0
1104080 817.0
1104090 813.4
1104100 807.5
1104110 807.5
1104120 804.2
1104130 806.5
1104140 806.5
1104150 805.7
1104160 800.7
1104170 799.2
1104180 796.1
1104190 793.4
1104200 793.4
1104210 792.3
1104220 794.7
1104230 794.7
1104240 794.2
1104250 792.7
1104260 792.7
1104270 791.2
1104280 789.2
1104290 789.2
1104300 786.8
1104310 784.4
1104320 784.4
1104330 780.4
1104340 774.7
1104350 774.7
1104360 777.0
1104370 781.3
1104380 781.3
1104390 780.7
1104400 780.2
1104410 780.2
1104420 779.6
1104430 776.6
1104440 774.8
1104450 774.8
1104460 775.6
1104470 776.4
1104480 776.4
1104490 777.2
1104500 777.1
1104510 774.1
1104520 772.8
1104530 772.0
1104540 772.0
1104550 771.7
1104560 771.3
1104570 771.3
1104580 771.0
1104590 771.0
1104600 771.0
1104610 771.3
1104620 771.5
1104630 771.5
1104640 772.0
1104650 771.6
1104660 771.6
1104670 769.8
1104680 770.1
1104690 770.1
1104700 770.2
1104710 770.3
1104720 770.3
1104730 770.6
1104740 770.7
1104750 770.7
1104760 770.7
1104770 770.7
1104780 770.7
1104790 770.4
1104800 770.0
1104810 769.9
1104820 769.9
1104830 770.1
1104840 770.2
1104850 767.7
1104860 767.4
1104870 767.3
1104880 767.3
1104890 767.6
1104900 767.6
1104910 767.6
1104920 767.3
1104930 767.2
1104940 767.2
1104950 767.5
1104960 767.9
1104970 767.9
1104980 767.7
1104990 766.3
1105000 766.3
1105010 766.5
1105020 766.7
1105030 766.7
1105040 767.4
1105050 767.2
1105060 767.2
1105070 766.7
1105080 766.2
1105090 766.2
1105100 765.9
1105110 765.5
1105120 765.5
1105130 765.0
1105140 764.1
1105150 764.1
1105160 763.1
1105170 762.2
1105180 761.2
1105190 759.2
1105200 758.8
1105210 758.6
1105220 758.6
1105230 758.4
1105240 758.2
1105250 758.2
1105260 757.6
1105270 757.0
1105280 757.0
1105290 756.4
1105300 755.4
1105310 755.4
1105320 754.1
1105330 752.7
1105340 752.7
1105350 751.5
1105360 750.3
1105370 750.3
1105380 749.3
1105390 748.4
1105400 748.4
1105410 747.9
1105420 747.6
1105430 747.6
1105440 746.9
1105450 746.0
1105460 746.0
1105470 744.7
1105480 742.9
1105490 742.9
1105500 741.4
1105510 740.5
1105520 739.4
1105530 738.7
1105540 738.2
1105550 737.3
1105560 737.3
1105570 736.2
1105580 735.0
1105590 735.0
1105600 733.8
1105610 732.4
1105620 732.4
1105630 731.1
1105640 729.8
1105650 729.8
1105660 727.1
1105670 727.0
1105680 727.0
1105690 724.0
1105700 723.4
1105710 723.4
1105720 726.1
1105730 727.4
1105740 727.4
1105750 726.0
1105760 725.1
1105770 725.1
1105780 725.6
1105790 725.7
1105800 725.7
1105810 722.4
1105820 715.0
1105830 715.0
1105840 710.1
1105850 712.4
1105860 709.1
1105870 714.0
1105880 716.0
1105890 716.0
1105900 713.7
1105910 711.8
1105920 709.8
1105930 709.8
1105940 708.2
1105950 706.0
1105960 706.0
1105970 703.9
1105980 702.2
1105990 702.2
1106000 700.9
1106010 699.7
1106020 699.7
1106030 698.6
1106040 697.4
1106050 697.4
1106060 696.2
1106070 695.3
1106080 695.3
1106090 694.8
1106100 694.6
1106110 694.6
1106120 694.7
1106130 694.5
1106140 694.5
1106150 694.3
1106160 693.7
1106170 693.7
1106180 692.8
1106190 691.3
1106200 690.0
1106210 689.2
1106220 688.6
1106230 688.6
1106240 687.3
1106250 686.1
1106260 685.0
1106270 685.0
1106280 683.9
1106290 682.5
1106300 682.5
1106310 681.1
1106320 679.8
1106330 679.8
1106340 678.6
1106350 677.4
1106360 677.4
1106370 675.9
1106380 674.5
1106390 674.5
1106400 673.4
1106410 672.3
1106420 672.3
1106430 671.1
1106440 670.5
1106450 670.5
1106460 670.5
1106470 670.7
1106480 670.7
1106490 670.5
1106500 669.5
1106510 669.5
1106520 668.2
1106530 667.0
1106540 665.7
1106550 664.9
1106560 664.7
1106570 664.7
1106580 664.2
1106590 663.1
1106600 663.1
1106610 661.7
1106620 660.1
1106630 659.6
1106640 659.6
1106650 658.5
1106660 657.3
1106670 657.3
1106680 656.6
1106690 655.7
1106700 655.7
1106710 654.2
1106720 652.8
1106730 652.8
1106740 651.8
1106750 650.6
1106760 650.6
1106770 649.5
1106780 648.1
1106790 648.1
1106800 647.1
1106810 646.3
1106820 646.3
1106830 645.7
1106840 645.3
1106850 645.3
1106860 644.2
1106870 641.8
1106880 641.8
1106890 642.7
1106900 643.0
1106910 643.0
1106920 642.5
1106930 641.9
1106940 641.9
1106950 641.4
1106960 641.0
1106970 641.0
1106980 640.4
1106990 639.3
1107000 638.3
1107010 638.3
1107020 637.6
1107030 636.8
1107040 636.8
1107050 635.8
1107060 634.9
1107070 634.9
1107080 633.9
1107090 632.7
1107100 632.7
1107110 630.3
1107120 623.3
1107130 623.3
1107140 617.8
1107150 618.5
1107160 618.5
1107170 622.4
1107180 622.4
1107190 622.4
1107200 620.7
1107210 614.2
1107220 614.2
1107230 609.4
1107240 604.8
1107250 604.8
1107260 601.2
1107270 600.2
1107280 600.2
1107290 593.2
1107300 588.5
1107310 588.5
1107320 586.2
1107330 583.2
1107340 583.2
1107350 582.7
1107360 584.0
1107370 580.7
1107380 580.7
1107390 578.7
1107400 580.4
1107410 580.4
1107420 582.2
1107430 582.5
1107440 582.5
1107450 582.6
1107460 581.4
1107470 581.4
1107480 579.9
1107490 579.6
1107500 579.6
1107510 580.4
1107520 581.4
1107530 581.4
1107540 581.6
1107550 581.8
1107560 581.8
1107570 582.5
1107580 583.0
1107590 583.0
1107600 583.2
1107610 583.2
1107620 583.2
1107630 583.0
1107640 583.2
1107650 583.2
1107660 583.7
1107670 584.0
1107680 584.0
1107690 582.9
1107700 581.2
1107710 581.2
1107720 580.9
1107730 582.8
1107740 583.3
1107750 583.3
1107760 583.5
1107770 583.5
1107780 583.5
1107790 583.9
1107800 584.5
1107810 584.5
1107820 584.4
1107830 584.5
1107840 584.5
1107850 585.0
1107860 585.5
1107870 585.5
1107880 585.8
1107890 585.6
1107900 585.6
1107910 586.1
1107920 586.7
1107930 586.7
1107940 587.2
1107950 587.8
1107960 587.8
1107970 588.6
1107980 590.0
1107990 590.0
1108000 591.2
1108010 591.8
1108020 591.8
1108030 592.3
1108040 592.7
1108050 592.7
1108060 593.1
1108070 593.6
1108080 593.6
1108090 594.3
1108100 594.1
1108110 593.7
1108120 593.7
1108130 594.2
1108140 594.7
1108150 594.7
1108160 595.3
1108170 596.3
1108180 596.3
1108190 596.5
1108200 596.9
1108210 596.9
1108220 600.0
1108230 603.0
1108240 603.0
1108250 604.1
1108260 605.4
1108270 605.4
1108280 607.2
1108290 609.0
1108300 609.0
1108310 610.1
1108320 610.1
1108330 610.1
1108340 608.9
1108350 607.8
1108360 607.8
1108370 607.3
1108380 607.0
1108390 607.0
1108400 607.2
1108410 607.1
1108420 607.1
1108430 607.5
1108440 609.3
1108450 609.3
1108460 610.3
1108470 610.6
1108480 610.0
1108490 610.0
1108500 607.2
1108510 606.4
1108520 606.4
1108530 606.9
1108540 607.6
1108550 607.6
1108560 608.3
1108570 610.3
1108580 610.3
1108590 611.0
1108600 611.6
1108610 611.6
1108620 612.1
1108630 612.4
1108640 612.4
1108650 612.5
1108660 612.6
1108670 612.6
1108680 613.0
1108690 613.5
1108700 613.5
1108710 614.1
1108720 614.7
1108730 614.7
1108740 615.3
1108750 615.8
1108760 615.8
1108770 616.3
1108780 616.7
1108790 616.7
1108800 616.9
1108810 617.0
1108820 617.0
1108830 617.4
1108840 618.3
1108850 619.7
1108860 619.7
1108870 620.7
1108880 620.5
1108890 620.5
1108900 620.5
1108910 620.4
1108920 620.4
1108930 620.5
1108940 621.0
1108950 621.0
1108960 622.0
1108970 622.7
1108980 622.7
1108990 623.1
1109000 624.0
1109010 624.0
1109020 626.0
1109030 628.2
1109040 628.2
1109050 629.7
1109060 632.0
1109070 632.0
1109080 634.3
1109090 638.4
1109100 638.4
1109110 643.2
1109120 644.3
1109130 644.3
1109140 648.8
1109150 652.7
1109160 652.7
1109170 653.5
1109180 656.4
1109190 656.4
1109200 661.6
1109210 666.5
1109220 669.2
1109230 669.2
1109240 674.4
1109250 682.4
1109260 682.4
1109270 687.9
1109280 690.1
1109290 690.1
1109300 688.6
1109310 688.7
1109320 688.7
1109330 690.4
1109340 691.7
1109350 691.7
1109360 692.7
1109370 694.2
1109380 694.2
1109390 694.0
1109400 692.1
1109410 692.1
1109420 691.6
1109430 692.5
1109440 692.5
1109450 698.6
1109460 704.9
1109470 704.9
1109480 708.5
1109490 712.0
1109500 712.0
1109510 715.9
1109520 720.4
1109530 720.4
1109540 725.9
1109550 730.4
1109560 730.4
1109570 734.9
1109580 739.8
1109590 749.3
1109600 749.3
1109610 752.0
1109620 754.8
1109630 754.8
1109640 756.6
1109650 757.8
1109660 757.8
1109670 758.9
1109680 759.2
1109690 759.2
1109700 760.6
1109710 766.6
1109720 766.6
1109730 768.6
1109740 769.4
1109750 769.4
1109760 769.9
1109770 770.2
1109780 770.2
1109790 770.3
1109800 770.1
1109810 770.1
1109820 769.3
1109830 768.1
1109840 768.1
1109850 766.5
1109860 764.7
1109870 764.7
1109880 762.5
1109890 760.1
1109900 760.1
1109910 757.7
1109920 754.5
1109930 748.2
1109940 748.2
1109950 739.9
1109960 731.4
1109970 731.4
1109980 723.9
1109990 720.0
1110000 720.0
1110010 720.5
1110020 717.3
1110030 717.3
1110040 713.1
1110050 717.8
1110060 717.8
1110070 729.1
1110080 730.9
1110090 730.9
1110100 726.5
1110110 726.0
1110120 726.0
1110130 727.3
1110140 729.1
1110150 729.1
1110160 731.4
1110170 735.9
1110180 735.9
1110190 738.3
1110200 743.6
1110210 743.6
1110220 745.4
1110230 751.3
1110240 751.3
1110250 761.1
1110260 767.8
1110270 767.8
1110280 767.4
1110290 774.4
1110300 786.6
1110310 786.6
1110320 793.5
1110330 796.3
1110340 796.3
1110350 798.8
1110360 800.9
1110370 800.9
1110380 803.0
1110390 805.3
1110400 805.3
1110410 808.2
1110420 810.8
1110430 810.8
1110440 812.9
1110450 816.4
1110460 816.4
1110470 819.1
1110480 821.3
1110490 821.3
1110500 824.1
1110510 826.6
1110520 826.6
1110530 829.1
1110540 832.5
1110550 832.5
1110560 835.4
1110570 836.8
1110580 836.8
1110590 838.8
1110600 841.0
1110610 841.0
1110620 842.2
1110630 844.5
1110640 844.5
1110650 846.5
1110660 848.5
1110670 850.6
1110680 850.6
1110690 852.6
1110700 855.4
1110710 855.4
1110720 858.1
1110730 860.8
1110740 860.8
