1100000 755.7
1100010 757.6
1100020 759.6
1100030 759.6
1100040 761.5
1100050 763.4
1100060 763.4
1100070 765.2
1100080 762.5
1100090 762.5
1100100 763.4
1100110 763.5
1100120 763.5
1100130 763.9
1100140 765.2
1100150 765.2
1100160 763.7
1100170 760.8
1100180 762.3
1100190 762.3
1100200 769.4
1100210 775.6
1100220 775.6
1100230 777.4
1100240 778.3
1100250 778.3
1100260 778.3
1100270 778.2
1100280 778.2
1100290 777.9
1100300 782.7
1100310 782.7
1100320 787.1
1100330 789.8
1100340 789.8
1100350 791.9
1100360 795.3
1100370 795.3
1100380 797.9
1100390 800.2
1100400 800.2
1100410 801.3
1100420 803.3
1100430 803.3
1100440 805.3
1100450 807.6
1100460 807.6
1100470 810.2
1100480 812.6
1100490 812.6
1100500 814.9
1100510 816.9
1100520 816.9
1100530 818.8
1100540 820.1
1100550 815.1
1100560 815.1
1100570 806.8
1100580 800.1
1100590 800.1
1100600 796.3
1100610 793.4
1100620 793.4
1100630 793.7
1100640 799.2
1100650 799.2
1100660 804.9
1100670 811.7
1100680 811.7
1100690 819.3
1100700 825.4
1100710 825.4
1100720 828.4
1100730 830.6
1100740 830.6
1100750 829.4
1100760 831.8
1100770 831.8
1100780 832.6
1100790 834.4
1100800 834.4
1100810 835.2
1100820 834.1
1100830 834.1
1100840 832.4
1100850 830.9
1100860 830.9
1100870 836.3
1100880 840.7
1100890 840.7
1100900 841.7
1100910 843.2
1100920 846.5
1100930 846.5
1100940 848.8
1100950 851.2
1100960 851.2
1100970 853.7
1100980 855.7
1100990 855.7
1101000 857.6
1101010 859.2
1101020 859.2
1101030 861.0
1101040 862.9
1101050 862.9
1101060 864.9
1101070 866.8
1101080 866.6
1101090 869.0
1101100 871.4
1101110 871.4
1101120 873.7
1101130 875.9
1101140 875.9
1101150 878.5
1101160 881.7
1101170 881.7
1101180 885.2
1101190 888.0
1101200 888.0
1101210 890.7
1101220 893.6
1101230 893.6
1101240 896.6
1101250 899.6
1101260 899.6
1101270 902.8
1101280 906.0
1101290 909.1
1101300 909.1
1101310 912.3
1101320 915.4
1101330 915.4
1101340 918.3
1101350 921.6
1101360 921.6
1101370 924.9
1101380 928.2
1101390 928.2
1101400 931.5
1101410 935.1
1101420 936.9
1101430 940.3
1101440 943.5
1101450 943.5
1101460 946.4
1101470 948.5
1101480 948.5
1101490 950.1
1101500 952.0
1101510 952.0
1101520 954.1
1101530 956.0
1101540 956.0
1101550 958.8
1101560 961.2
1101570 961.2
1101580 962.9
1101590 964.6
1101600 964.6
1101610 966.1
1101620 967.2
1101630 967.2
1101640 968.0
1101650 968.4
1101660 968.5
1101670 968.5
1101680 968.8
1101690 970.0
1101700 970.0
1101710 971.4
1101720 972.5
1101730 972.5
1101740 973.4
1101750 974.5
1101760 974.5
1101770 976.1
1101780 977.1
1101790 977.1
1101800 978.2
1101810 980.2
1101820 980.2
1101830 981.9
1101840 983.1
1101850 983.1
1101860 984.5
1101870 985.9
1101880 985.9
1101890 987.4
1101900 988.9
1101910 988.9
1101920 990.2
1101930 991.2
1101940 991.2
1101950 991.5
1101960 991.9
1101970 991.9
1101980 992.0
1101990 991.3
1102000 991.3
1102010 990.0
1102020 988.4
1102030 986.6
1102040 986.6
1102050 984.6
1102060 982.7
1102070 982.7
1102080 980.5
1102090 978.1
1102100 978.1
1102110 975.3
1102120 972.7
1102130 972.7
1102140 970.7
1102150 969.1
1102160 969.1
1102170 968.2
1102180 968.2
1102190 968.2
1102200 968.2
1102210 968.3
1102220 968.3
1102230 968.4
1102240 968.5
1102250 968.5
1102260 968.6
1102270 968.6
1102280 968.6
1102290 968.3
1102300 967.7
1102310 967.7
1102320 967.3
1102330 967.0
1102340 967.0
1102350 967.3
1102360 968.0
1102370 968.0
1102380 968.4
1102390 968.7
1102400 968.9
1102410 968.9
1102420 968.5
1102430 967.6
1102440 967.6
1102450 967.5
1102460 967.6
1102470 967.6
1102480 968.1
1102490 968.3
1102500 968.3
1102510 968.1
1102520 968.0
1102530 968.0
1102540 968.5
1102550 969.5
1102560 969.5
1102570 969.9
1102580 969.4
1102590 969.4
1102600 969.5
1102610 970.4
1102620 970.4
1102630 971.5
1102640 972.9
1102650 972.9
1102660 975.0
1102670 977.0
1102680 977.0
1102690 978.5
1102700 979.4
1102710 979.4
1102720 979.3
1102730 979.5
1102740 979.5
1102750 981.5
1102760 982.3
1102770 982.8
1102780 982.8
1102790 983.4
1102800 983.7
1102810 983.7
1102820 984.6
1102830 985.4
1102840 985.4
1102850 986.2
1102860 986.6
1102870 986.6
1102880 986.2
1102890 985.1
1102900 985.1
1102910 986.8
1102920 988.3
1102930 988.3
1102940 990.2
1102950 991.8
1102960 991.8
1102970 993.4
1102980 995.1
1102990 995.1
1103000 996.6
1103010 998.5
1103020 998.5
1103030 999.5
1103040 1000.3
1103050 1000.3
1103060 1002.5
1103070 1004.5
1103080 1004.5
1103090 1005.5
1103100 1006.6
1103110 1006.6
1103120 1007.6
1103130 1009.5
1103140 1010.1
1103150 1010.1
1103160 1010.2
1103170 1010.0
1103180 1010.0
1103190 1009.8
1103200 1009.7
1103210 1009.7
1103220 1008.1
1103230 1008.1
1103240 1008.1
1103250 1009.3
1103260 1007.9
1103270 1007.9
1103280 1007.1
1103290 1007.2
1103300 1007.2
1103310 1006.8
1103320 1005.9
1103330 1005.9
1103340 1004.5
1103350 1002.2
1103360 1002.2
1103370 999.7
1103380 996.8
1103390 996.8
1103400 993.9
1103410 991.0
1103420 987.1
1103430 984.6
1103440 982.8
1103450 982.8
1103460 981.7
1103470 981.3
1103480 981.3
1103490 981.4
1103500 981.3
1103510 981.0
1103520 981.0
1103530 980.1
1103540 978.8
1103550 978.8
1103560 977.8
1103570 977.0
1103580 977.0
1103590 976.1
1103600 975.1
1103610 975.1
1103620 974.1
1103630 973.4
1103640 973.4
1103650 972.5
1103660 971.1
1103670 971.1
1103680 969.3
1103690 968.8
1103700 968.8
1103710 967.8
1103720 966.2
1103730 966.2
1103740 964.9
1103750 963.5
1103760 961.7
1103770 959.5
1103780 957.3
1103790 957.3
1103800 954.5
1103810 952.3
1103820 952.3
1103830 950.7
1103840 950.0
1103850 950.0
1103860 949.2
1103870 948.1
1103880 948.1
1103890 948.1
1103900 947.4
1103910 945.4
1103920 945.4
1103930 944.6
1103940 942.8
1103950 942.8
1103960 942.0
1103970 941.3
1103980 941.3
1103990 938.4
1104000 936.4
1104010 936.4
1104020 934.8
1104030 933.7
1104040 933.7
1104050 932.5
1104060 930.1
1104070 930.1
1104080 929.1
1104090 929.0
1104100 926.8
1104110 926.3
1104120 925.7
1104130 925.7
1104140 925.4
1104150 925.9
1104160 925.9
1104170 926.4
1104180 926.5
1104190 926.5
1104200 926.6
1104210 926.8
1104220 926.8
1104230 927.1
1104240 927.4
1104250 927.4
1104260 927.4
1104270 926.9
1104280 925.8
1104290 925.8
1104300 923.5
1104310 921.9
1104320 921.9
1104330 921.0
1104340 921.4
1104350 921.4
1104360 920.6
1104370 919.0
1104380 919.0
1104390 917.2
1104400 915.6
1104410 915.6
1104420 914.5
1104430 911.1
1104440 911.1
1104450 910.7
1104460 910.7
1104470 910.7
1104480 910.8
1104490 910.7
1104500 910.7
1104510 910.6
1104520 910.2
1104530 910.2
1104540 909.8
1104550 909.7
1104560 909.7
1104570 909.5
1104580 909.0
1104590 909.0
1104600 908.0
1104610 907.6
1104620 907.4
1104630 907.4
1104640 907.1
1104650 905.7
1104660 905.7
1104670 904.3
1104680 903.3
1104690 903.3
1104700 902.1
1104710 899.5
1104720 899.5
1104730 896.9
1104740 893.6
1104750 893.6
1104760 888.5
1104770 880.5
1104780 880.5
1104790 877.8
1104800 876.0
1104810 876.0
1104820 874.3
1104830 872.9
1104840 872.9
1104850 871.3
1104860 870.6
1104870 870.6
1104880 868.8
1104890 867.6
1104900 867.6
1104910 867.6
1104920 868.2
1104930 868.2
1104940 868.6
1104950 868.8
1104960 868.8
1104970 868.6
1104980 867.9
1104990 866.7
1105000 866.7
1105010 865.4
1105020 864.8
1105030 864.8
1105040 864.3
1105050 864.0
1105060 864.0
1105070 862.5
1105080 860.5
1105090 860.5
1105100 859.4
1105110 862.8
1105120 862.8
1105130 865.0
1105140 866.2
1105150 866.2
1105160 866.6
1105170 863.4
1105180 863.4
1105190 858.8
1105200 855.0
1105210 855.0
1105220 851.7
1105230 848.8
1105240 848.8
1105250 847.5
1105260 847.9
1105270 847.9
1105280 850.0
1105290 852.5
1105300 852.5
1105310 853.9
1105320 853.6
1105330 853.6
1105340 849.5
1105350 840.3
1105360 834.9
1105370 834.9
1105380 830.8
1105390 826.7
1105400 826.7
1105410 823.8
1105420 821.7
1105430 821.7
1105440 820.2
1105450 821.1
1105460 821.1
1105470 821.7
1105480 818.6
1105490 818.6
1105500 815.7
1105510 815.0
1105520 815.0
1105530 814.4
1105540 813.8
1105550 813.8
1105560 813.0
1105570 812.1
1105580 812.1
1105590 811.0
1105600 809.7
1105610 809.7
1105620 808.2
1105630 808.0
1105640 808.0
1105650 806.3
1105660 805.0
1105670 805.0
1105680 803.3
1105690 801.9
1105700 801.9
1105710 799.9
1105720 798.3
1105730 797.7
1105740 797.7
1105750 796.4
1105760 794.1
1105770 794.1
1105780 789.1
1105790 787.6
1105800 787.6
1105810 786.3
1105820 784.8
1105830 784.8
1105840 783.2
1105850 781.5
1105860 781.5
1105870 779.8
1105880 778.3
1105890 778.3
1105900 777.2
1105910 776.4
1105920 776.4
1105930 775.8
1105940 775.0
1105950 775.0
1105960 774.0
1105970 772.6
1105980 772.6
1105990 771.1
1106000 770.1
1106010 770.1
1106020 769.1
1106030 767.3
1106040 767.3
1106050 766.1
1106060 765.6
1106070 765.6
1106080 765.8
1106090 766.1
1106100 766.2
1106110 766.2
1106120 768.0
1106130 767.8
1106140 767.8
1106150 767.3
1106160 766.2
1106170 766.2
1106180 764.8
1106190 763.4
1106200 763.4
1106210 762.2
1106220 761.3
1106230 761.3
1106240 760.4
1106250 759.7
1106260 759.7
1106270 758.6
1106280 755.9
1106290 755.9
1106300 751.9
1106310 748.2
1106320 748.2
1106330 745.3
1106340 743.5
1106350 743.5
1106360 742.1
1106370 741.0
1106380 741.0
1106390 739.7
1106400 738.3
1106410 738.3
1106420 736.9
1106430 735.9
1106440 735.9
1106450 734.4
1106460 732.7
1106470 731.3
1106480 731.3
1106490 729.9
1106500 728.2
1106510 728.2
1106520 726.4
1106530 725.7
1106540 725.7
1106550 726.2
1106560 725.9
1106570 725.9
1106580 725.0
1106590 724.0
1106600 724.0
1106610 721.9
1106620 719.0
1106630 719.0
1106640 716.6
1106650 715.1
1106660 715.1
1106670 714.2
1106680 712.9
1106690 712.9
1106700 710.5
1106710 707.7
1106720 707.7
1106730 704.9
1106740 700.7
1106750 700.7
1106760 702.4
1106770 704.9
1106780 704.9
1106790 705.1
1106800 703.1
1106810 703.1
1106820 701.8
1106830 700.1
1106840 698.7
1106850 698.7
1106860 697.1
1106870 695.5
1106880 695.5
1106890 695.7
1106900 694.9
1106910 694.9
1106920 693.4
1106930 691.0
1106940 691.0
1106950 689.0
1106960 688.0
1106970 688.0
1106980 687.1
1106990 685.3
1107000 685.3
1107010 682.5
1107020 680.2
1107030 680.2
1107040 680.4
1107050 681.1
1107060 681.1
1107070 680.3
1107080 678.7
1107090 678.7
1107100 676.5
1107110 674.6
1107120 674.6
1107130 673.7
1107140 673.9
1107150 673.9
1107160 673.1
1107170 670.8
1107180 670.8
1107190 669.5
1107200 669.7
1107210 669.3
1107220 669.3
1107230 668.6
1107240 669.4
1107250 669.4
1107260 669.0
1107270 668.5
1107280 668.5
1107290 667.5
1107300 665.5
1107310 665.5
1107320 664.1
1107330 663.4
1107340 663.4
1107350 664.6
1107360 667.4
1107370 667.4
1107380 668.5
1107390 668.8
1107400 668.8
1107410 668.7
1107420 668.2
1107430 668.2
1107440 667.7
1107450 666.8
1107460 666.8
1107470 664.9
1107480 664.3
1107490 664.3
1107500 663.3
1107510 662.3
1107520 662.3
1107530 660.8
1107540 658.9
1107550 658.9
1107560 656.8
1107570 654.5
1107580 652.5
1107590 652.5
1107600 650.4
1107610 648.3
1107620 648.3
1107630 646.1
1107640 643.5
1107650 643.5
1107660 640.6
1107670 637.4
1107680 637.4
1107690 633.9
1107700 630.7
1107710 630.7
1107720 628.0
1107730 625.9
1107740 625.9
1107750 622.3
1107760 620.2
1107770 620.2
1107780 620.1
1107790 619.7
1107800 619.7
1107810 617.5
1107820 617.2
1107830 617.2
1107840 617.0
1107850 617.1
1107860 617.1
1107870 616.9
1107880 616.0
1107890 616.0
1107900 613.9
1107910 611.8
1107920 611.8
1107930 609.5
1107940 608.1
1107950 606.8
1107960 606.8
1107970 605.3
1107980 604.0
1107990 604.0
1108000 603.3
1108010 602.5
1108020 602.5
1108030 602.1
1108040 601.7
1108050 601.7
1108060 601.7
1108070 603.0
1108080 603.0
1108090 604.4
1108100 604.9
1108110 604.9
1108120 605.0
1108130 605.4
1108140 605.4
1108150 604.8
1108160 604.6
1108170 604.6
1108180 603.8
1108190 602.5
1108200 602.5
1108210 601.0
1108220 600.1
1108230 600.1
1108240 599.3
1108250 598.1
1108260 598.1
1108270 594.4
1108280 591.6
1108290 591.6
1108300 588.1
1108310 585.4
1108320 585.6
1108330 585.6
1108340 587.2
1108350 588.4
1108360 588.4
1108370 588.5
1108380 588.6
1108390 588.6
1108400 588.6
1108410 588.6
1108420 588.6
1108430 588.7
1108440 589.0
1108450 589.0
1108460 589.0
1108470 589.3
1108480 589.3
1108490 590.0
1108500 590.5
1108510 590.5
1108520 591.4
1108530 592.4
1108540 592.4
1108550 593.1
1108560 593.7
1108570 593.7
1108580 594.4
1108590 595.3
1108600 595.3
1108610 596.4
1108620 597.1
1108630 597.1
1108640 598.1
1108650 599.1
1108660 599.1
1108670 599.6
1108680 600.6
1108690 601.3
1108700 601.3
1108710 601.4
1108720 600.7
1108730 600.7
1108740 600.2
1108750 600.6
1108760 600.6
1108770 601.3
1108780 602.5
1108790 602.5
1108800 603.4
1108810 603.9
1108820 603.9
1108830 605.7
1108840 606.2
1108850 606.2
1108860 606.6
1108870 606.9
1108880 606.9
1108890 607.1
1108900 607.1
1108910 607.1
1108920 607.0
1108930 607.0
1108940 607.0
1108950 607.0
1108960 607.3
1108970 607.3
1108980 607.9
1108990 609.0
1109000 609.0
1109010 609.9
1109020 610.5
1109030 610.5
1109040 611.4
1109050 612.0
1109060 612.6
1109070 612.6
1109080 613.4
1109090 613.8
1109100 613.8
1109110 614.8
1109120 616.6
1109130 616.6
1109140 617.8
1109150 618.8
1109160 618.8
1109170 619.9
1109180 620.6
1109190 620.6
1109200 620.9
1109210 621.8
1109220 621.8
1109230 623.1
1109240 624.3
1109250 624.3
1109260 625.0
1109270 626.1
1109280 626.1
1109290 626.9
1109300 627.6
1109310 627.6
1109320 628.4
1109330 629.3
1109340 629.3
1109350 630.4
1109360 631.5
1109370 631.5
1109380 633.9
1109390 636.5
1109400 639.0
1109410 639.0
1109420 640.9
1109430 641.5
1109440 641.5
1109450 640.7
1109460 639.5
1109470 639.5
1109480 638.0
1109490 636.7
1109500 636.7
1109510 638.5
1109520 637.2
1109530 637.2
1109540 635.5
1109550 634.3
1109560 634.3
1109570 633.8
1109580 633.4
1109590 633.4
1109600 632.7
1109610 633.0
1109620 633.0
1109630 634.3
1109640 636.3
1109650 636.3
1109660 637.7
1109670 638.7
1109680 638.7
1109690 640.2
1109700 642.7
1109710 642.7
1109720 645.6
1109730 648.1
1109740 648.1
1109750 648.1
1109760 649.6
1109770 651.0
1109780 651.0
1109790 651.3
1109800 651.8
1109810 651.8
1109820 652.3
1109830 653.7
1109840 653.7
1109850 655.0
1109860 657.1
1109870 657.1
1109880 657.4
1109890 658.0
1109900 658.0
1109910 658.9
1109920 660.1
1109930 660.1
1109940 661.1
1109950 661.7
1109960 661.7
1109970 662.9
1109980 664.8
1109990 664.8
1110000 667.5
1110010 669.6
1110020 669.6
1110030 671.9
1110040 674.7
1110050 674.7
1110060 676.9
1110070 679.2
1110080 679.2
1110090 680.7
