1100000 773.8
1100010 775.9
1100020 777.6
1100030 777.6
1100040 779.0
1100050 780.5
1100060 780.5
1100070 782.4
1100080 784.6
1100090 784.6
1100100 787.0
1100110 790.0
1100120 790.0
1100130 792.8
1100140 795.9
1100150 797.0
1100160 799.9
1100170 802.6
1100180 802.6
1100190 805.3
1100200 807.9
1100210 807.9
1100220 811.0
1100230 813.1
1100240 813.1
1100250 815.3
1100260 815.7
1100270 815.7
1100280 815.9
1100290 817.1
1100300 818.7
1100310 818.7
1100320 818.8
1100330 819.6
1100340 819.6
1100350 820.6
1100360 821.5
1100370 821.5
1100380 822.3
1100390 823.1
1100400 823.1
1100410 824.0
1100420 824.6
1100430 824.6
1100440 824.8
1100450 825.5
1100460 825.5
1100470 826.4
1100480 826.4
1100490 826.4
1100500 827.8
1100510 829.1
1100520 829.1
1100530 830.6
1100540 831.9
1100550 831.9
1100560 833.4
1100570 835.1
1100580 835.1
1100590 836.3
1100600 837.7
1100610 837.7
1100620 839.4
1100630 840.0
1100640 840.0
1100650 839.7
1100660 839.2
1100670 838.6
1100680 838.6
1100690 838.3
1100700 838.6
1100710 838.6
1100720 840.0
1100730 842.0
1100740 842.0
1100750 844.1
1100760 846.2
1100770 846.2
1100780 847.9
1100790 849.3
1100800 849.3
1100810 850.8
1100820 853.8
1100830 853.8
1100840 855.6
1100850 857.3
1100860 857.3
1100870 859.2
1100880 860.5
1100890 860.5
1100900 862.0
1100910 861.7
1100920 861.7
1100930 862.4
1100940 863.4
1100950 863.4
1100960 864.9
1100970 867.4
1100980 867.4
1100990 869.3
1101000 871.8
1101010 871.8
1101020 874.2
1101030 876.1
1101040 877.6
1101050 877.6
1101060 878.6
1101070 881.2
1101080 881.2
1101090 883.6
1101100 885.4
1101110 885.4
1101120 886.9
1101130 888.6
1101140 888.6
1101150 890.5
1101160 892.2
1101170 892.2
1101180 894.2
1101190 895.7
1101200 895.7
1101210 896.7
1101220 897.3
1101230 897.3
1101240 898.3
1101250 899.5
1101260 899.5
1101270 900.6
1101280 901.8
1101290 901.8
1101300 903.1
1101310 904.3
1101320 904.3
1101330 904.8
1101340 905.9
1101350 905.9
1101360 906.8
1101370 907.2
1101380 907.2
1101390 908.1
1101400 908.3
1101410 909.0
1101420 909.0
1101430 911.3
1101440 914.9
1101450 914.9
1101460 917.7
1101470 920.6
1101480 920.6
1101490 924.5
1101500 926.7
1101510 926.7
1101520 928.0
1101530 928.6
1101540 928.6
1101550 930.5
1101560 933.7
1101570 933.7
1101580 937.9
1101590 941.0
1101600 941.0
1101610 943.0
1101620 944.7
1101630 944.7
1101640 946.9
1101650 949.1
1101660 949.1
1101670 951.2
1101680 953.7
1101690 953.7
1101700 956.1
1101710 958.1
1101720 958.1
1101730 960.2
1101740 962.8
1101750 962.8
1101760 965.2
1101770 967.5
1101780 969.7
1101790 969.7
1101800 971.8
1101810 973.7
1101820 974.4
1101830 976.5
1101840 978.3
1101850 978.3
1101860 980.3
1101870 981.9
1101880 981.9
1101890 983.3
1101900 984.4
1101910 984.4
1101920 985.4
1101930 986.6
1101940 986.6
1101950 987.5
1101960 988.1
1101970 988.1
1101980 988.8
1101990 989.6
1102000 989.6
1102010 990.3
1102020 990.9
1102030 990.9
1102040 991.2
1102050 991.1
1102060 991.1
1102070 991.0
1102080 990.9
1102090 990.9
1102100 990.4
1102110 989.8
1102120 989.8
1102130 988.9
1102140 988.0
1102150 987.8
1102160 987.8
1102170 987.0
1102180 985.7
1102190 985.7
1102200 984.7
1102210 983.8
1102220 983.8
1102230 982.2
1102240 980.1
1102250 980.1
1102260 977.6
1102270 975.0
1102280 975.0
1102290 972.2
1102300 970.3
1102310 970.3
1102320 968.7
1102330 967.4
1102340 967.4
1102350 966.1
1102360 965.1
1102370 965.1
1102380 964.0
1102390 963.0
1102400 963.0
1102410 962.3
1102420 962.1
1102430 962.1
1102440 961.9
1102450 961.8
1102460 961.8
1102470 961.8
1102480 961.8
1102490 961.8
1102500 961.9
1102510 962.1
1102520 962.2
1102530 962.2
1102540 962.5
1102550 962.7
1102560 962.7
1102570 963.0
1102580 963.5
1102590 963.5
1102600 963.8
1102610 964.0
1102620 964.0
1102630 964.1
1102640 964.3
1102650 964.3
1102660 964.5
1102670 964.8
1102680 964.8
1102690 965.4
1102700 965.7
1102710 965.7
1102720 966.0
1102730 966.3
1102740 966.3
1102750 966.6
1102760 967.0
1102770 967.0
1102780 967.3
1102790 967.5
1102800 967.5
1102810 967.7
1102820 968.5
1102830 968.5
1102840 968.9
1102850 969.6
1102860 969.6
1102870 970.4
1102880 971.4
1102890 972.4
1102900 972.4
1102910 973.2
1102920 974.1
1102930 974.1
1102940 975.0
1102950 976.7
1102960 976.7
1102970 978.1
1102980 979.0
1102990 979.0
1103000 980.0
1103010 981.2
1103020 981.2
1103030 982.2
1103040 983.1
1103050 983.1
1103060 984.0
1103070 984.8
1103080 984.8
1103090 985.8
1103100 987.2
1103110 987.2
1103120 988.2
1103130 989.8
1103140 989.8
1103150 991.4
1103160 995.6
1103170 995.6
1103180 997.1
1103190 998.2
1103200 998.2
1103210 998.8
1103220 999.3
1103230 999.3
1103240 999.5
1103250 999.4
1103260 999.2
1103270 999.2
1103280 999.3
1103290 999.5
1103300 999.5
1103310 999.7
1103320 1000.2
1103330 1000.2
1103340 1000.8
1103350 1001.8
1103360 1001.8
1103370 1003.4
1103380 1005.5
1103390 1005.5
1103400 1008.2
1103410 1009.1
1103420 1009.1
1103430 1010.4
1103440 1010.8
1103450 1010.8
1103460 1010.9
1103470 1010.8
1103480 1010.8
1103490 1012.0
1103500 1012.2
1103510 1012.2
1103520 1012.3
1103530 1012.6
1103540 1012.6
1103550 1013.1
1103560 1013.4
1103570 1013.4
1103580 1013.6
1103590 1013.8
1103600 1013.8
1103610 1014.1
1103620 1014.2
1103630 1014.2
1103640 1014.2
1103650 1014.1
1103660 1013.1
1103670 1013.1
1103680 1010.0
1103690 1006.7
1103700 1006.7
1103710 1005.4
1103720 1004.2
1103730 1004.2
1103740 1003.2
1103750 1002.3
1103760 1002.3
1103770 1000.9
1103780 1000.2
1103790 1000.2
1103800 998.7
1103810 998.6
1103820 998.6
1103830 995.0
1103840 996.2
1103850 996.2
1103860 994.6
1103870 991.5
1103880 991.5
1103890 991.1
1103900 992.8
1103910 992.8
1103920 992.3
1103930 991.3
1103940 991.3
1103950 989.9
1103960 988.8
1103970 988.8
1103980 988.0
1103990 987.2
1104000 986.7
1104010 986.7
1104020 986.4
1104030 985.9
1104040 985.9
1104050 985.6
1104060 985.8
1104070 985.8
1104080 985.7
1104090 985.3
1104100 985.3
1104110 985.0
1104120 985.2
1104130 985.2
1104140 985.6
1104150 985.5
1104160 985.5
1104170 983.1
1104180 982.3
1104190 982.3
1104200 981.6
1104210 980.9
1104220 980.9
1104230 980.1
1104240 979.1
1104250 979.1
1104260 978.1
1104270 977.1
1104280 977.1
1104290 975.6
1104300 973.8
1104310 973.8
1104320 972.0
1104330 970.7
1104340 970.7
1104350 969.8
1104360 969.1
1104370 968.1
1104380 968.1
1104390 966.7
1104400 964.1
1104410 964.1
1104420 961.3
1104430 959.0
1104440 959.0
1104450 957.1
1104460 955.5
1104470 955.5
1104480 954.5
1104490 954.0
1104500 952.5
1104510 952.3
1104520 952.6
1104530 952.6
1104540 953.1
1104550 953.6
1104560 953.6
1104570 954.1
1104580 954.8
1104590 954.8
1104600 955.5
1104610 955.9
1104620 955.9
1104630 956.2
1104640 956.3
1104650 956.3
1104660 956.1
1104670 955.9
1104680 955.9
1104690 956.0
1104700 956.2
1104710 956.2
1104720 956.0
1104730 955.3
1104740 956.0
1104750 956.0
1104760 956.6
1104770 953.4
1104780 953.4
1104790 952.3
1104800 951.8
1104810 951.8
1104820 950.4
1104830 948.0
1104840 945.1
1104850 942.8
1104860 940.4
1104870 940.4
1104880 938.3
1104890 936.3
1104900 936.3
1104910 935.0
1104920 935.3
1104930 935.3
1104940 935.7
1104950 935.8
1104960 935.8
1104970 934.8
1104980 931.8
1104990 931.8
1105000 927.4
1105010 923.5
1105020 923.5
1105030 920.7
1105040 918.2
1105050 918.2
1105060 915.8
1105070 913.8
1105080 913.8
1105090 911.1
1105100 908.9
1105110 907.0
1105120 907.0
1105130 904.7
1105140 902.0
1105150 902.0
1105160 899.5
1105170 897.1
1105180 892.8
1105190 890.1
1105200 887.0
1105210 887.0
1105220 884.6
1105230 881.4
1105240 881.4
1105250 878.3
1105260 877.6
1105270 877.6
1105280 877.0
1105290 874.1
1105300 874.1
1105310 869.2
1105320 865.4
1105330 865.4
1105340 864.2
1105350 862.4
1105360 862.4
1105370 859.6
1105380 856.9
1105390 856.9
1105400 853.3
1105410 849.3
1105420 849.3
1105430 847.1
1105440 846.2
1105450 846.2
1105460 845.7
1105470 846.0
1105480 846.0
1105490 846.0
1105500 844.7
1105510 841.8
1105520 841.8
1105530 841.4
1105540 842.3
1105550 842.3
1105560 843.9
1105570 844.0
1105580 844.0
1105590 843.2
1105600 840.0
1105610 840.0
1105620 834.0
1105630 829.0
1105640 829.0
1105650 827.9
1105660 828.2
1105670 828.2
1105680 827.8
1105690 828.0
1105700 828.0
1105710 827.3
1105720 825.4
1105730 825.4
1105740 823.1
1105750 821.6
1105760 821.6
1105770 820.6
1105780 821.5
1105790 821.5
1105800 824.1
1105810 825.6
1105820 825.6
1105830 824.7
1105840 819.8
1105850 811.6
1105860 811.6
1105870 810.6
1105880 810.0
1105890 810.0
1105900 809.7
1105910 809.5
1105920 809.5
1105930 809.4
1105940 809.7
1105950 809.7
1105960 810.4
1105970 811.4
1105980 811.4
1105990 812.5
1106000 813.9
1106010 813.9
1106020 815.0
1106030 815.5
1106040 815.5
1106050 815.4
1106060 815.3
1106070 815.3
1106080 815.1
1106090 815.1
1106100 815.1
1106110 814.1
1106120 811.9
1106130 811.9
1106140 808.8
1106150 802.5
1106160 802.5
1106170 797.0
1106180 793.9
1106190 790.0
1106200 787.6
1106210 784.7
1106220 782.2
1106230 782.2
1106240 781.0
1106250 781.0
1106260 781.0
1106270 781.6
1106280 781.2
1106290 781.2
1106300 779.5
1106310 778.5
1106320 778.5
1106330 778.2
1106340 775.5
1106350 775.5
1106360 773.2
1106370 772.1
1106380 772.1
1106390 771.2
1106400 768.8
1106410 768.8
1106420 766.8
1106430 765.5
1106440 765.5
1106450 763.8
1106460 761.7
1106470 761.7
1106480 757.3
1106490 753.8
1106500 753.8
1106510 750.7
1106520 749.4
1106530 748.4
1106540 747.8
1106550 747.4
1106560 747.4
1106570 747.0
1106580 746.2
1106590 744.7
1106600 744.7
1106610 742.7
1106620 740.5
1106630 740.5
1106640 738.6
1106650 736.5
1106660 736.5
1106670 734.4
1106680 733.6
1106690 733.6
1106700 733.0
1106710 732.2
1106720 732.2
1106730 731.4
1106740 730.5
1106750 730.5
1106760 729.4
1106770 728.1
1106780 728.1
1106790 726.9
1106800 726.7
1106810 726.7
1106820 727.2
1106830 727.2
1106840 727.2
1106850 727.0
1106860 726.9
1106870 725.6
1106880 725.6
1106890 725.3
1106900 725.3
1106910 725.0
1106920 724.5
1106930 724.5
1106940 723.9
1106950 722.6
1106960 720.1
1106970 720.1
1106980 720.1
1106990 720.0
1107000 720.0
1107010 718.8
1107020 717.9
1107030 717.9
1107040 716.7
1107050 715.2
1107060 715.2
1107070 714.1
1107080 713.2
1107090 713.2
1107100 712.1
1107110 710.8
1107120 710.8
1107130 709.6
1107140 708.6
1107150 708.6
1107160 707.4
1107170 706.0
1107180 706.0
1107190 704.8
1107200 703.1
1107210 703.1
1107220 702.5
1107230 701.2
1107240 701.2
1107250 699.9
1107260 699.7
1107270 699.7
1107280 699.1
1107290 698.2
1107300 698.2
1107310 697.1
1107320 695.3
1107330 694.0
1107340 694.0
1107350 693.0
1107360 691.8
1107370 691.8
1107380 690.7
1107390 689.7
1107400 689.7
1107410 688.4
1107420 686.8
1107430 686.8
1107440 684.7
1107450 681.7
1107460 681.7
1107470 679.3
1107480 676.8
1107490 676.8
1107500 673.7
1107510 670.4
1107520 670.4
1107530 667.0
1107540 667.0
1107550 667.0
1107560 664.8
1107570 662.8
1107580 662.8
1107590 661.1
1107600 659.7
1107610 659.7
1107620 658.1
1107630 655.9
1107640 655.9
1107650 653.2
1107660 651.6
1107670 651.6
1107680 651.8
1107690 653.2
1107700 652.6
1107710 652.6
1107720 651.5
1107730 650.3
1107740 650.3
1107750 648.8
1107760 646.7
1107770 646.7
1107780 645.9
1107790 645.5
1107800 645.5
1107810 645.2
1107820 644.8
1107830 644.8
1107840 644.3
1107850 643.4
1107860 643.4
1107870 642.5
1107880 640.6
1107890 640.6
1107900 639.6
1107910 638.5
1107920 638.5
1107930 637.3
1107940 636.2
1107950 636.2
1107960 634.3
1107970 634.1
1107980 634.1
1107990 635.3
1108000 635.3
1108010 635.3
1108020 634.3
1108030 632.5
1108040 632.5
1108050 630.9
1108060 630.4
1108070 630.0
1108080 630.0
1108090 628.9
1108100 627.9
1108110 627.9
1108120 627.1
1108130 626.2
1108140 626.2
1108150 625.1
1108160 624.0
1108170 624.0
1108180 622.7
1108190 621.0
1108200 621.0
1108210 619.2
1108220 615.9
1108230 615.9
1108240 614.1
1108250 612.5
1108260 612.5
1108270 611.0
1108280 609.5
1108290 609.5
1108300 608.2
1108310 607.7
1108320 607.7
1108330 607.8
1108340 607.6
1108350 607.6
1108360 607.3
1108370 607.0
1108380 607.0
1108390 606.6
1108400 606.2
1108410 606.2
1108420 605.8
1108430 605.3
1108440 604.2
1108450 604.2
1108460 603.2
1108470 601.6
1108480 601.6
1108490 599.9
1108500 598.0
1108510 598.0
1108520 596.3
1108530 594.5
1108540 594.5
1108550 592.1
1108560 589.5
1108570 589.5
1108580 589.5
1108590 589.6
1108600 589.6
1108610 589.6
1108620 589.5
1108630 589.5
1108640 588.4
1108650 587.4
1108660 587.4
1108670 586.6
1108680 586.9
1108690 586.9
1108700 587.6
1108710 588.1
1108720 588.1
1108730 588.4
1108740 588.8
1108750 588.8
1108760 589.2
1108770 589.6
1108780 589.6
1108790 589.9
1108800 590.2
1108810 590.4
1108820 590.4
1108830 590.7
1108840 591.0
1108850 591.0
1108860 591.7
1108870 591.8
1108880 591.8
1108890 591.7
1108900 591.6
1108910 591.6
1108920 591.4
1108930 591.8
1108940 591.8
1108950 593.0
1108960 594.4
1108970 594.4
1108980 596.1
1108990 597.8
1109000 597.8
1109010 599.3
1109020 600.5
1109030 600.5
1109040 601.4
1109050 601.8
1109060 601.8
1109070 601.6
1109080 601.6
1109090 601.6
1109100 601.5
1109110 602.0
1109120 602.0
1109130 602.8
1109140 603.0
1109150 603.0
1109160 603.2
1109170 603.1
1109180 603.4
1109190 603.4
1109200 604.6
1109210 606.0
1109220 606.0
1109230 606.9
1109240 609.3
1109250 609.3
1109260 609.3
1109270 609.2
1109280 609.2
1109290 609.2
1109300 609.4
1109310 609.4
1109320 609.0
1109330 608.2
1109340 608.2
1109350 610.1
1109360 612.2
1109370 612.2
1109380 613.9
1109390 615.5
1109400 615.5
1109410 616.9
1109420 618.2
1109430 618.2
1109440 618.9
1109450 619.6
1109460 619.6
1109470 620.2
1109480 620.3
1109490 620.3
1109500 620.6
1109510 621.3
1109520 621.3
1109530 621.9
1109540 622.8
1109550 623.8
1109560 623.8
1109570 624.0
1109580 624.1
1109590 626.2
1109600 626.7
1109610 627.6
1109620 627.6
1109630 628.0
1109640 628.4
1109650 628.4
1109660 628.5
1109670 629.0
1109680 629.0
1109690 630.0
1109700 631.2
1109710 631.2
1109720 632.0
1109730 633.3
1109740 633.3
