1100000 664.3
1100010 665.7
1100020 667.1
1100030 667.1
1100040 668.7
1100050 670.8
1100060 670.8
1100070 673.1
1100080 674.9
1100090 674.9
1100100 676.6
1100110 678.4
1100120 678.4
1100130 681.0
1100140 684.4
1100150 684.4
1100160 690.4
1100170 697.5
1100180 697.5
1100190 705.6
1100200 711.2
1100210 714.7
1100220 714.7
1100230 719.6
1100240 723.2
1100250 723.2
1100260 726.8
1100270 730.0
1100280 730.0
1100290 731.1
1100300 724.7
1100310 732.1
1100320 730.0
1100330 730.7
1100340 730.7
1100350 729.7
1100360 731.4
1100370 731.4
1100380 731.9
1100390 734.4
1100400 734.4
1100410 735.2
1100420 735.8
1100430 735.8
1100440 736.6
1100450 738.0
1100460 738.0
1100470 743.5
1100480 748.4
1100490 748.4
1100500 752.2
1100510 755.1
1100520 755.1
1100530 757.7
1100540 760.3
1100550 760.3
1100560 764.8
1100570 768.9
1100580 768.9
1100590 772.0
1100600 775.7
1100610 780.4
1100620 780.4
1100630 784.6
1100640 790.0
1100650 790.0
1100660 794.2
1100670 797.4
1100680 797.4
1100690 800.2
1100700 803.1
1100710 803.1
1100720 807.3
1100730 810.2
1100740 810.2
1100750 812.6
1100760 815.2
1100770 815.2
1100780 817.8
1100790 820.1
1100800 820.1
1100810 822.2
1100820 824.1
1100830 824.1
1100840 826.0
1100850 827.7
1100860 827.7
1100870 829.4
1100880 831.1
1100890 831.1
1100900 832.8
1100910 834.6
1100920 834.6
1100930 836.3
1100940 838.4
1100950 838.4
1100960 840.3
1100970 842.5
1100980 846.3
1100990 846.3
1101000 849.0
1101010 851.4
1101020 851.4
1101030 853.2
1101040 854.0
1101050 854.0
1101060 854.3
1101070 854.5
1101080 854.5
1101090 855.0
1101100 855.3
1101110 855.3
1101120 855.5
1101130 853.3
1101140 853.3
1101150 852.5
1101160 858.8
1101170 858.8
1101180 863.9
1101190 867.2
1101200 867.2
1101210 868.1
1101220 868.8
1101230 868.8
1101240 872.5
1101250 875.1
1101260 875.1
1101270 877.2
1101280 879.1
1101290 879.1
1101300 881.1
1101310 883.2
1101320 883.2
1101330 885.5
1101340 888.0
1101350 890.6
1101360 890.6
1101370 893.1
1101380 895.8
1101390 895.8
1101400 898.4
1101410 901.0
1101420 901.0
1101430 903.9
1101440 906.5
1101450 906.5
1101460 908.7
1101470 910.5
1101480 910.5
1101490 912.0
1101500 913.7
1101510 913.7
1101520 915.4
1101530 917.0
1101540 917.0
1101550 918.3
1101560 919.4
1101570 919.4
1101580 919.9
1101590 920.2
1101600 920.2
1101610 921.0
1101620 922.2
1101630 922.2
1101640 923.9
1101650 925.5
1101660 925.5
1101670 927.0
1101680 928.7
1101690 928.7
1101700 930.4
1101710 932.1
1101720 933.8
1101730 933.8
1101740 935.8
1101750 938.1
1101760 938.1
1101770 940.1
1101780 942.2
1101790 942.2
1101800 944.4
1101810 946.6
1101820 946.6
1101830 948.9
1101840 951.0
1101850 951.0
1101860 953.1
1101870 955.4
1101880 955.4
1101890 957.7
1101900 959.9
1101910 959.9
1101920 961.9
1101930 963.9
1101940 963.9
1101950 966.1
1101960 968.1
1101970 968.1
1101980 970.0
1101990 971.0
1102000 971.0
1102010 971.0
1102020 970.5
1102030 970.5
1102040 969.5
1102050 968.0
1102060 968.0
1102070 968.8
1102080 970.4
1102090 971.4
1102100 971.4
1102110 971.9
1102120 972.0
1102130 972.0
1102140 972.2
1102150 972.4
1102160 972.4
1102170 972.6
1102180 973.3
1102190 973.3
1102200 974.2
1102210 975.2
1102220 975.2
1102230 976.0
1102240 976.4
1102250 976.4
1102260 976.4
1102270 976.1
1102280 976.1
1102290 975.8
1102300 975.5
1102310 975.6
1102320 975.4
1102330 975.0
1102340 975.0
1102350 974.7
1102360 974.3
1102370 974.3
1102380 973.9
1102390 973.4
1102400 973.4
1102410 972.4
1102420 970.7
1102430 970.7
1102440 968.4
1102450 966.6
1102460 965.3
1102470 965.3
1102480 964.5
1102490 963.9
1102500 963.9
1102510 963.3
1102520 962.7
1102530 962.7
1102540 962.1
1102550 961.2
1102560 961.2
1102570 960.1
1102580 959.5
1102590 959.5
1102600 959.6
1102610 959.9
1102620 959.9
1102630 959.8
1102640 959.3
1102650 959.5
1102660 959.1
1102670 958.6
1102680 958.6
1102690 959.0
1102700 959.9
1102710 959.9
1102720 960.3
1102730 960.5
1102740 960.5
1102750 960.6
1102760 960.6
1102770 960.6
1102780 960.6
1102790 961.3
1102800 961.3
1102810 962.0
1102820 962.0
1102830 961.9
1102840 961.9
1102850 961.3
1102860 961.5
1102870 961.5
1102880 961.3
1102890 961.3
1102900 961.3
1102910 961.6
1102920 962.0
1102930 962.0
1102940 962.6
1102950 963.6
1102960 963.6
1102970 964.5
1102980 965.5
1102990 965.5
1103000 966.0
1103010 966.2
1103020 966.2
1103030 966.9
1103040 967.6
1103050 967.6
1103060 968.2
1103070 969.7
1103080 969.7
1103090 971.2
1103100 972.4
1103110 972.4
1103120 973.3
1103130 974.4
1103140 974.4
1103150 975.5
1103160 976.2
1103170 976.2
1103180 976.2
1103190 976.3
1103200 976.7
1103210 976.7
1103220 977.3
1103230 977.9
1103240 977.9
1103250 978.6
1103260 979.6
1103270 979.6
1103280 980.6
1103290 981.2
1103300 981.2
1103310 981.4
1103320 981.0
1103330 981.0
1103340 980.6
1103350 980.7
1103360 980.7
1103370 981.0
1103380 981.3
1103390 981.3
1103400 981.3
1103410 981.5
1103420 981.5
1103430 982.5
1103440 983.7
1103450 983.7
1103460 984.8
1103470 985.9
1103480 985.9
1103490 986.3
1103500 986.0
1103510 986.0
1103520 986.6
1103530 987.1
1103540 987.1
1103550 987.5
1103560 987.5
1103570 987.7
1103580 987.7
1103590 989.2
1103600 989.9
1103610 989.9
1103620 990.6
1103630 991.3
1103640 991.3
1103650 994.3
1103660 995.5
1103670 995.5
1103680 997.1
1103690 998.4
1103700 998.4
1103710 999.7
1103720 1000.9
1103730 1000.9
1103740 1002.4
1103750 1003.5
1103760 1003.5
1103770 1003.9
1103780 1006.3
1103790 1006.3
1103800 1008.8
1103810 1010.2
1103820 1010.2
1103830 1011.2
1103840 1012.3
1103850 1012.3
1103860 1013.2
1103870 1014.0
1103880 1014.0
1103890 1014.9
1103900 1015.5
1103910 1015.5
1103920 1016.1
1103930 1016.4
1103940 1016.8
1103950 1016.8
1103960 1017.2
1103970 1017.3
1103980 1017.3
1103990 1019.2
1104000 1019.5
1104010 1019.5
1104020 1019.8
1104030 1020.0
1104040 1020.0
1104050 1020.1
1104060 1020.0
1104070 1020.0
1104080 1019.6
1104090 1019.2
1104100 1019.2
1104110 1017.7
1104120 1017.8
1104130 1017.8
1104140 1018.7
1104150 1019.1
1104160 1019.1
1104170 1019.1
1104180 1018.6
1104190 1018.6
1104200 1018.9
1104210 1019.7
1104220 1019.7
1104230 1020.5
1104240 1021.2
1104250 1021.2
1104260 1021.5
1104270 1021.9
1104280 1021.9
1104290 1023.5
1104300 1023.1
1104310 1022.2
1104320 1022.2
1104330 1021.6
1104340 1021.1
1104350 1021.1
1104360 1020.4
1104370 1019.5
1104380 1019.5
1104390 1018.4
1104400 1017.6
1104410 1017.6
1104420 1017.0
1104430 1016.6
1104440 1016.6
1104450 1016.2
1104460 1015.9
1104470 1015.9
1104480 1015.6
1104490 1015.5
1104500 1015.5
1104510 1015.0
1104520 1013.9
1104530 1013.9
1104540 1012.5
1104550 1010.9
1104560 1010.9
1104570 1009.0
1104580 1008.0
1104590 1008.0
1104600 1006.9
1104610 1005.3
1104620 1005.3
1104630 1003.8
1104640 1002.4
1104650 1002.4
1104660 998.0
1104670 996.7
1104680 995.6
1104690 995.6
1104700 994.6
1104710 993.6
1104720 993.6
1104730 992.8
1104740 991.9
1104750 991.9
1104760 991.1
1104770 990.4
1104780 990.4
1104790 989.8
1104800 989.1
1104810 989.1
1104820 988.7
1104830 988.5
1104840 988.5
1104850 987.9
1104860 986.8
1104870 986.8
1104880 985.5
1104890 984.2
1104900 984.2
1104910 983.1
1104920 981.7
1104930 981.7
1104940 980.7
1104950 979.8
1104960 979.8
1104970 979.2
1104980 978.6
1104990 978.6
1105000 976.4
1105010 975.6
1105020 975.6
1105030 974.7
1105040 973.8
1105050 973.0
1105060 973.0
1105070 972.2
1105080 970.5
1105090 970.5
1105100 969.3
1105110 968.2
1105120 968.2
1105130 968.0
1105140 966.2
1105150 966.2
1105160 963.7
1105170 962.7
1105180 962.7
1105190 960.9
1105200 958.6
1105210 958.6
1105220 955.7
1105230 955.7
1105240 955.7
1105250 955.3
1105260 953.6
1105270 953.6
1105280 951.4
1105290 950.6
1105300 950.6
1105310 949.1
1105320 948.2
1105330 948.2
1105340 943.9
1105350 942.5
1105360 942.5
1105370 941.1
1105380 938.2
1105390 938.2
1105400 934.6
1105410 932.1
1105420 932.1
1105430 929.5
1105440 927.0
1105450 923.8
1105460 923.8
1105470 921.2
1105480 919.3
1105490 919.3
1105500 917.8
1105510 915.9
1105520 915.9
1105530 913.9
1105540 912.4
1105550 912.4
1105560 911.1
1105570 910.8
1105580 910.8
1105590 909.9
1105600 908.8
1105610 908.8
1105620 907.7
1105630 906.2
1105640 906.2
1105650 902.1
1105660 898.7
1105670 893.7
1105680 892.1
1105690 888.5
1105700 888.5
1105710 885.4
1105720 884.4
1105730 884.4
1105740 884.1
1105750 884.1
1105760 884.1
1105770 882.3
1105780 885.4
1105790 885.4
1105800 886.1
1105810 881.9
1105820 877.8
1105830 877.8
1105840 875.9
1105850 873.2
1105860 873.2
1105870 868.7
1105880 864.4
1105890 864.4
1105900 858.9
1105910 854.7
1105920 854.7
1105930 852.5
1105940 852.5
1105950 852.5
1105960 857.2
1105970 859.1
1105980 859.1
1105990 856.7
1106000 852.0
1106010 845.3
1106020 842.6
1106030 841.6
1106040 841.6
1106050 842.7
1106060 843.6
1106070 843.6
1106080 843.2
1106090 841.2
1106100 841.2
1106110 837.4
1106120 835.1
1106130 835.1
1106140 832.9
1106150 831.0
1106160 831.0
1106170 829.5
1106180 828.0
1106190 827.1
1106200 827.1
1106210 824.2
1106220 819.9
1106230 819.9
1106240 817.5
1106250 816.8
1106260 816.8
1106270 817.3
1106280 816.5
1106290 816.5
1106300 815.2
1106310 814.2
1106320 814.2
1106330 813.4
1106340 812.8
1106350 812.3
1106360 812.4
1106370 813.8
1106380 813.8
1106390 814.9
1106400 815.2
1106410 815.2
1106420 814.9
1106430 815.1
1106440 815.1
1106450 815.3
1106460 815.2
1106470 815.2
1106480 815.0
1106490 814.3
1106500 814.3
1106510 812.8
1106520 810.8
1106530 810.8
1106540 809.0
1106550 807.0
1106560 805.0
1106570 805.0
1106580 802.7
1106590 801.3
1106600 801.3
1106610 800.5
1106620 799.4
1106630 799.4
1106640 798.9
1106650 798.1
1106660 798.1
1106670 796.6
1106680 794.8
1106690 792.4
1106700 790.6
1106710 788.1
1106720 788.1
1106730 785.0
1106740 782.6
1106750 782.6
1106760 781.5
1106770 781.4
1106780 781.4
1106790 781.4
1106800 781.8
1106810 781.8
1106820 782.2
1106830 782.0
1106840 782.0
1106850 781.5
1106860 781.2
1106870 781.2
1106880 780.4
1106890 779.5
1106900 779.5
1106910 782.7
1106920 784.9
1106930 786.0
1106940 786.0
1106950 787.1
1106960 789.0
1106970 789.0
1106980 791.3
1106990 793.4
1107000 793.4
1107010 794.2
1107020 794.2
1107030 793.7
1107040 792.7
1107050 791.7
1107060 791.7
1107070 791.3
1107080 790.7
1107090 790.7
1107100 788.9
1107110 788.2
1107120 788.2
1107130 787.5
1107140 786.7
1107150 786.7
1107160 785.7
1107170 784.5
1107180 784.5
1107190 783.3
1107200 782.3
1107210 782.3
1107220 782.1
1107230 782.0
1107240 782.0
1107250 781.8
1107260 780.9
1107270 780.9
1107280 779.0
1107290 777.7
1107300 777.2
1107310 777.2
1107320 776.2
1107330 775.7
1107340 775.7
1107350 775.9
1107360 775.5
1107370 774.1
1107380 772.7
1107390 770.5
1107400 770.5
1107410 768.5
1107420 767.4
1107430 767.4
1107440 766.2
1107450 764.6
1107460 764.6
1107470 762.7
1107480 760.7
1107490 760.7
1107500 758.4
1107510 756.0
1107520 756.0
1107530 753.4
1107540 750.6
1107550 750.6
1107560 748.0
1107570 745.9
1107580 745.9
1107590 743.9
1107600 742.0
1107610 742.0
1107620 740.0
1107630 737.7
1107640 737.7
1107650 735.6
1107660 733.4
1107670 731.0
1107680 731.0
1107690 728.9
1107700 726.7
1107710 723.9
1107720 721.8
1107730 720.0
1107740 720.0
1107750 718.4
1107760 716.9
1107770 716.9
1107780 715.1
1107790 713.0
1107800 713.0
1107810 710.5
1107820 707.7
1107830 707.7
1107840 705.0
1107850 702.3
1107860 702.3
1107870 699.3
1107880 696.8
1107890 696.8
1107900 694.5
1107910 692.5
1107920 692.5
1107930 690.7
1107940 689.3
1107950 689.3
1107960 688.0
1107970 686.5
1107980 686.5
1107990 685.2
1108000 684.0
1108010 684.0
1108020 682.3
1108030 680.1
1108040 679.2
1108050 679.8
1108060 679.0
1108070 677.7
1108080 677.7
1108090 676.6
1108100 675.3
1108110 675.3
1108120 674.3
1108130 673.7
1108140 673.7
1108150 673.0
1108160 672.2
1108170 672.2
1108180 671.4
1108190 670.5
1108200 670.5
1108210 668.8
1108220 667.3
1108230 667.3
1108240 666.4
1108250 665.9
1108260 665.9
1108270 664.6
1108280 664.0
1108290 664.0
1108300 663.4
1108310 664.5
1108320 664.5
1108330 666.9
1108340 666.6
1108350 666.6
1108360 663.3
1108370 660.2
1108380 660.2
1108390 652.7
1108400 650.5
1108410 648.4
1108420 648.4
1108430 646.6
1108440 644.9
1108450 644.9
1108460 643.3
1108470 641.8
1108480 641.8
1108490 640.3
1108500 639.1
1108510 639.1
1108520 637.8
1108530 637.0
1108540 637.0
1108550 636.5
1108560 636.0
1108570 636.0
1108580 635.2
1108590 634.6
1108600 634.6
1108610 634.1
1108620 633.6
1108630 633.6
1108640 633.6
1108650 633.4
1108660 633.4
1108670 632.7
1108680 632.6
1108690 632.6
1108700 632.8
1108710 633.0
1108720 633.0
1108730 631.9
1108740 631.2
1108750 631.2
1108760 631.2
1108770 630.1
1108780 628.2
1108790 628.2
1108800 626.3
1108810 623.8
1108820 623.8
1108830 621.5
1108840 623.1
1108850 623.1
1108860 624.2
1108870 625.2
1108880 625.2
1108890 625.7
1108900 626.5
1108910 626.5
1108920 625.5
1108930 624.6
1108940 624.6
1108950 624.5
1108960 623.7
1108970 623.7
1108980 622.8
1108990 621.7
1109000 621.7
1109010 620.6
1109020 619.6
1109030 619.6
1109040 618.6
1109050 618.1
1109060 618.1
1109070 616.3
1109080 615.7
1109090 615.7
1109100 615.3
1109110 615.0
1109120 615.0
1109130 614.6
1109140 614.0
1109150 613.4
1109160 613.4
1109170 613.2
1109180 613.0
1109190 613.0
1109200 612.2
1109210 610.6
1109220 610.6
1109230 608.9
1109240 606.2
1109250 606.2
1109260 604.0
1109270 602.1
1109280 602.1
1109290 600.3
1109300 598.4
1109310 598.4
1109320 596.6
1109330 595.7
1109340 595.7
1109350 595.6
1109360 595.7
1109370 595.7
1109380 595.7
1109390 595.9
1109400 595.9
1109410 596.2
1109420 596.3
1109430 596.3
1109440 596.5
1109450 596.6
1109460 596.6
1109470 596.6
1109480 596.4
1109490 596.4
1109500 595.7
1109510 595.7
1109520 595.9
1109530 595.9
1109540 596.0
1109550 596.2
1109560 596.2
1109570 595.8
1109580 595.2
1109590 595.2
1109600 594.4
1109610 591.0
1109620 591.0
1109630 592.9
1109640 593.9
1109650 593.9
1109660 593.8
1109670 594.0
1109680 594.0
1109690 595.6
1109700 597.9
1109710 597.9
1109720 597.7
1109730 597.1
1109740 597.1
1109750 599.5
1109760 600.9
1109770 600.9
1109780 602.4
1109790 603.7
1109800 603.7
1109810 605.0
1109820 606.1
1109830 606.1
1109840 606.9
1109850 608.0
1109860 608.0
1109870 609.5
1109880 611.1
