1100000 682.9
1100010 682.9
1100020 685.5
1100030 687.2
1100040 689.8
1100050 689.8
1100060 692.6
1100070 695.7
1100080 695.7
1100090 699.1
1100100 702.6
1100110 702.6
1100120 705.4
1100130 708.3
1100140 708.3
1100150 711.4
1100160 716.7
1100170 716.7
1100180 720.9
1100190 724.9
1100200 724.9
1100210 729.5
1100220 733.5
1100230 733.5
1100240 736.1
1100250 740.0
1100260 740.0
1100270 743.9
1100280 748.5
1100290 748.5
1100300 753.4
1100310 757.6
1100320 757.6
1100330 761.8
1100340 766.8
1100350 766.8
1100360 770.8
1100370 774.2
1100380 774.2
1100390 777.2
1100400 779.8
1100410 782.0
1100420 782.0
1100430 783.5
1100440 784.9
1100450 784.9
1100460 786.2
1100470 786.7
1100480 786.7
1100490 793.5
1100500 794.9
1100510 794.9
1100520 794.8
1100530 793.4
1100540 793.4
1100550 792.0
1100560 791.3
1100570 791.3
1100580 790.9
1100590 789.1
1100600 789.1
1100610 795.5
1100620 800.0
1100630 800.0
1100640 802.5
1100650 804.6
1100660 804.6
1100670 807.0
1100680 809.0
1100690 809.0
1100700 811.3
1100710 813.7
1100720 813.7
1100730 815.9
1100740 818.0
1100750 818.0
1100760 820.3
1100770 822.8
1100780 825.8
1100790 825.8
1100800 829.2
1100810 832.2
1100820 832.2
1100830 836.0
1100840 838.7
1100850 838.7
1100860 841.3
1100870 843.8
1100880 843.8
1100890 847.2
1100900 851.1
1100910 851.1
1100920 854.0
1100930 856.5
1100940 856.5
1100950 859.6
1100960 862.9
1100970 862.9
1100980 866.8
1100990 870.4
1101000 870.4
1101010 873.7
1101020 877.0
1101030 877.0
1101040 880.2
1101050 882.7
1101060 882.7
1101070 884.5
1101080 886.0
1101090 886.0
1101100 886.9
1101110 887.1
1101120 887.1
1101130 886.0
1101140 882.8
1101150 880.2
1101160 883.0
1101170 883.9
1101180 884.6
1101190 884.6
1101200 884.3
1101210 881.8
1101220 881.8
1101230 880.0
1101240 880.6
1101250 880.6
1101260 881.6
1101270 881.2
1101280 881.2
1101290 877.5
1101300 880.7
1101310 880.7
1101320 879.8
1101330 875.9
1101340 875.9
1101350 879.6
1101360 883.9
1101370 883.9
1101380 886.8
1101390 889.5
1101400 889.5
1101410 892.4
1101420 894.2
1101430 894.2
1101440 896.3
1101450 898.6
1101460 898.6
1101470 900.0
1101480 902.3
1101490 903.0
1101500 904.7
1101510 906.6
1101520 908.9
1101530 908.9
1101540 910.7
1101550 912.4
1101560 912.4
1101570 914.2
1101580 916.4
1101590 916.4
1101600 918.6
1101610 920.2
1101620 920.2
1101630 922.1
1101640 924.2
1101650 924.2
1101660 926.1
1101670 928.3
1101680 928.3
1101690 930.4
1101700 932.4
1101710 932.4
1101720 934.1
1101730 935.9
1101740 935.9
1101750 938.1
1101760 940.5
1101770 940.5
1101780 942.7
1101790 944.8
1101800 944.8
1101810 946.9
1101820 949.0
1101830 949.4
1101840 951.5
1101850 953.7
1101860 953.7
1101870 955.9
1101880 958.3
1101890 958.3
1101900 960.7
1101910 962.8
1101920 965.0
1101930 965.0
1101940 967.3
1101950 969.3
1101960 969.3
1101970 971.3
1101980 973.4
1101990 973.4
1102000 975.3
1102010 976.7
1102020 976.7
1102030 977.1
1102040 976.8
1102050 976.8
1102060 976.8
1102070 977.7
1102080 977.7
1102090 978.5
1102100 978.9
1102110 978.9
1102120 979.2
1102130 979.4
1102140 979.4
1102150 979.6
1102160 979.5
1102170 979.5
1102180 979.7
1102190 979.5
1102200 979.5
1102210 979.2
1102220 978.9
1102230 978.9
1102240 978.5
1102250 978.2
1102260 978.2
1102270 977.6
1102280 976.7
1102290 975.6
1102300 975.6
1102310 974.5
1102320 973.5
1102330 973.5
1102340 972.3
1102350 971.2
1102360 971.2
1102370 970.6
1102380 970.1
1102390 970.1
1102400 969.2
1102410 968.7
1102420 968.7
1102430 968.4
1102440 968.1
1102450 968.1
1102460 967.7
1102470 967.2
1102480 967.2
1102490 966.6
1102500 966.2
1102510 966.2
1102520 965.4
1102530 964.5
1102540 964.5
1102550 963.5
1102560 962.5
1102570 962.5
1102580 961.8
1102590 961.4
1102600 961.4
1102610 960.9
1102620 960.3
1102630 960.3
1102640 960.1
1102650 959.9
1102660 959.7
1102670 959.7
1102680 959.8
1102690 959.8
1102700 959.8
1102710 959.8
1102720 959.9
1102730 959.9
1102740 960.0
1102750 960.0
1102760 960.0
1102770 960.1
1102780 960.1
1102790 960.1
1102800 960.2
1102810 960.2
1102820 960.2
1102830 960.3
1102840 961.6
1102850 961.6
1102860 962.6
1102870 962.8
1102880 962.8
1102890 962.9
1102900 963.0
1102910 963.0
1102920 963.5
1102930 964.9
1102940 964.9
1102950 965.7
1102960 966.3
1102970 966.3
1102980 966.7
1102990 967.8
1103000 967.8
1103010 969.7
1103020 971.2
1103030 971.7
1103040 971.7
1103050 971.8
1103060 971.8
1103070 971.8
1103080 971.8
1103090 972.4
1103100 972.4
1103110 972.8
1103120 973.5
1103130 973.5
1103140 974.3
1103150 974.8
1103160 974.8
1103170 975.3
1103180 975.8
1103190 975.8
1103200 976.3
1103210 976.7
1103220 976.7
1103230 977.1
1103240 977.6
1103250 977.6
1103260 978.3
1103270 979.1
1103280 979.1
1103290 980.3
1103300 981.4
1103310 981.4
1103320 982.4
1103330 983.4
1103340 983.4
1103350 983.6
1103360 984.1
1103370 984.1
1103380 985.5
1103390 986.4
1103400 987.2
1103410 987.2
1103420 987.9
1103430 988.6
1103440 988.6
1103450 989.3
1103460 989.7
1103470 989.7
1103480 989.7
1103490 990.1
1103500 991.7
1103510 992.5
1103520 993.4
1103530 993.4
1103540 993.8
1103550 994.5
1103560 994.5
1103570 995.9
1103580 997.3
1103590 997.3
1103600 998.3
1103610 1000.0
1103620 1000.0
1103630 1002.5
1103640 1006.0
1103650 1006.0
1103660 1007.5
1103670 1008.2
1103680 1008.2
1103690 1010.3
1103700 1012.9
1103710 1012.9
1103720 1014.7
1103730 1016.6
1103740 1016.6
1103750 1018.5
1103760 1020.1
1103770 1021.4
1103780 1021.4
1103790 1022.9
1103800 1024.0
1103810 1024.0
1103820 1025.1
1103830 1026.0
1103840 1027.1
1103850 1027.8
1103860 1028.6
1103870 1028.6
1103880 1029.4
1103890 1030.0
1103900 1030.0
1103910 1030.5
1103920 1030.9
1103930 1030.9
1103940 1031.0
1103950 1030.3
1103960 1030.3
1103970 1029.0
1103980 1027.3
1103990 1027.3
1104000 1027.6
1104010 1028.2
1104020 1028.2
1104030 1028.5
1104040 1028.2
1104050 1028.2
1104060 1027.8
1104070 1026.2
1104080 1026.2
1104090 1024.1
1104100 1022.9
1104110 1022.9
1104120 1022.3
1104130 1022.0
1104140 1021.7
1104150 1021.7
1104160 1021.4
1104170 1020.9
1104180 1020.9
1104190 1020.4
1104200 1019.9
1104210 1019.9
1104220 1018.0
1104230 1016.9
1104240 1016.9
1104250 1016.3
1104260 1015.7
1104270 1015.7
1104280 1015.1
1104290 1014.3
1104300 1014.3
1104310 1013.2
1104320 1012.2
1104330 1012.2
1104340 1010.7
1104350 1008.0
1104360 1008.0
1104370 1004.6
1104380 1002.3
1104390 1002.3
1104400 1000.3
1104410 998.4
1104420 998.4
1104430 997.2
1104440 996.6
1104450 996.6
1104460 995.1
1104470 994.3
1104480 994.3
1104490 993.9
1104500 993.1
1104510 991.2
1104520 991.2
1104530 990.0
1104540 988.3
1104550 988.3
1104560 986.7
1104570 985.2
1104580 985.2
1104590 983.6
1104600 981.5
1104610 981.5
1104620 982.2
1104630 982.2
1104640 982.2
1104650 981.7
1104660 981.2
1104670 981.2
1104680 980.6
1104690 980.2
1104700 980.2
1104710 979.7
1104720 978.8
1104730 978.8
1104740 977.3
1104750 976.8
1104760 976.8
1104770 976.0
1104780 974.6
1104790 974.6
1104800 973.5
1104810 972.4
1104820 972.4
1104830 971.3
1104840 970.4
1104850 969.2
1104860 968.6
1104870 968.3
1104880 968.1
1104890 968.1
1104900 967.7
1104910 967.1
1104920 967.1
1104930 965.8
1104940 963.9
1104950 963.9
1104960 961.8
1104970 960.8
1104980 960.8
1104990 960.7
1105000 960.2
1105010 960.2
1105020 959.5
1105030 958.8
1105040 958.8
1105050 958.3
1105060 957.8
1105070 957.8
1105080 956.7
1105090 956.2
1105100 956.2
1105110 955.7
1105120 955.0
1105130 955.0
1105140 953.6
1105150 951.5
1105160 951.5
1105170 946.4
1105180 940.1
1105190 940.1
1105200 936.5
1105210 937.2
1105220 937.2
1105230 936.5
1105240 933.4
1105250 928.9
1105260 928.9
1105270 924.2
1105280 920.3
1105290 920.3
1105300 919.4
1105310 919.6
1105320 919.6
1105330 921.7
1105340 922.3
1105350 922.3
1105360 922.4
1105370 922.3
1105380 922.3
1105390 921.8
1105400 920.6
1105410 920.6
1105420 916.3
1105430 911.7
1105440 911.7
1105450 911.9
1105460 914.6
1105470 914.6
1105480 917.3
1105490 920.5
1105500 920.5
1105510 920.7
1105520 917.4
1105530 917.4
1105540 914.4
1105550 911.2
1105560 911.2
1105570 908.6
1105580 906.0
1105590 906.0
1105600 903.3
1105610 900.6
1105620 897.8
1105630 897.8
1105640 894.9
1105650 891.5
1105660 891.5
1105670 888.2
1105680 884.4
1105690 884.4
1105700 880.5
1105710 876.4
1105720 876.4
1105730 873.5
1105740 871.3
1105750 871.3
1105760 868.6
1105770 865.4
1105780 865.4
1105790 862.2
1105800 859.2
1105810 859.2
1105820 856.3
1105830 853.5
1105840 853.5
1105850 850.8
1105860 850.3
1105870 850.3
1105880 849.2
1105890 847.8
1105900 847.8
1105910 846.5
1105920 845.8
1105930 845.8
1105940 844.4
1105950 843.1
1105960 843.1
1105970 841.9
1105980 840.8
1105990 839.3
1106000 839.3
1106010 837.4
1106020 835.5
1106030 835.5
1106040 832.6
1106050 830.1
1106060 830.1
1106070 827.9
1106080 825.3
1106090 825.3
1106100 822.9
1106110 821.2
1106120 821.2
1106130 819.8
1106140 818.5
1106150 818.5
1106160 817.6
1106170 816.8
1106180 816.8
1106190 816.0
1106200 814.3
1106210 814.3
1106220 813.0
1106230 811.6
1106240 811.6
1106250 810.4
1106260 808.6
1106270 808.6
1106280 806.5
1106290 804.4
1106300 804.4
1106310 802.6
1106320 801.2
1106330 801.2
1106340 800.3
1106350 799.7
1106360 799.1
1106370 799.1
1106380 798.8
1106390 798.2
1106400 798.2
1106410 797.5
1106420 796.4
1106430 796.4
1106440 795.1
1106450 793.8
1106460 793.8
1106470 793.5
1106480 793.3
1106490 793.3
1106500 793.2
1106510 794.8
1106520 794.8
1106530 795.0
1106540 798.2
1106550 798.2
1106560 799.9
1106570 801.6
1106580 801.6
1106590 803.1
1106600 803.0
1106610 803.0
1106620 800.8
1106630 798.5
1106640 798.5
1106650 795.7
1106660 793.4
1106670 793.4
1106680 793.7
1106690 794.4
1106700 794.4
1106710 794.2
1106720 793.5
1106730 793.4
1106740 793.4
1106750 793.6
1106760 794.0
1106770 794.0
1106780 794.5
1106790 795.2
1106800 795.2
1106810 795.8
1106820 796.4
1106830 796.4
1106840 796.7
1106850 796.8
1106860 796.8
1106870 796.7
1106880 795.5
1106890 795.5
1106900 794.3
1106910 792.9
1106920 792.9
1106930 791.7
1106940 790.4
1106950 790.4
1106960 788.9
1106970 787.3
1106980 787.3
1106990 785.7
1107000 784.6
1107010 784.6
1107020 783.4
1107030 782.0
1107040 782.0
1107050 780.5
1107060 779.6
1107070 779.6
1107080 779.0
1107090 778.5
1107100 777.9
1107110 777.9
1107120 776.9
1107130 775.5
1107140 775.5
1107150 774.4
1107160 773.4
1107170 773.4
1107180 772.1
1107190 770.8
1107200 770.8
1107210 766.6
1107220 765.0
1107230 765.0
1107240 763.3
1107250 761.6
1107260 761.6
1107270 759.6
1107280 757.8
1107290 757.8
1107300 756.9
1107310 756.1
1107320 756.1
1107330 755.1
1107340 754.0
1107350 754.0
1107360 752.8
1107370 751.5
1107380 751.5
1107390 750.2
1107400 749.0
1107410 749.0
1107420 747.8
1107430 746.5
1107440 746.5
1107450 745.4
1107460 743.8
1107470 743.8
1107480 741.8
1107490 739.8
1107500 738.1
1107510 738.1
1107520 736.8
1107530 734.6
1107540 734.6
1107550 732.3
1107560 730.4
1107570 730.4
1107580 728.6
1107590 726.3
1107600 726.3
1107610 723.2
1107620 719.6
1107630 719.6
1107640 716.7
1107650 714.4
1107660 714.4
1107670 712.9
1107680 711.1
1107690 711.1
1107700 708.6
1107710 706.1
1107720 706.1
1107730 704.1
1107740 702.6
1107750 702.6
1107760 701.3
1107770 700.0
1107780 700.0
1107790 698.6
1107800 697.0
1107810 697.0
1107820 695.6
1107830 694.2
1107840 694.2
1107850 693.1
1107860 691.8
1107870 690.3
1107880 690.3
1107890 687.3
1107900 685.4
1107910 685.4
1107920 683.9
1107930 682.5
1107940 682.5
1107950 681.2
1107960 679.6
1107970 679.6
1107980 677.7
1107990 675.6
1108000 675.6
1108010 673.9
1108020 672.3
1108030 672.3
1108040 670.9
1108050 669.4
1108060 669.4
1108070 667.9
1108080 666.5
1108090 666.5
1108100 665.1
1108110 663.4
1108120 663.4
1108130 661.4
1108140 659.9
1108150 659.9
1108160 658.3
1108170 656.4
1108180 656.4
1108190 655.0
1108200 653.8
1108210 653.8
1108220 652.9
1108230 650.9
1108240 650.0
1108250 650.0
1108260 649.3
1108270 648.7
1108280 648.7
1108290 647.8
1108300 646.8
1108310 646.8
1108320 646.0
1108330 645.2
1108340 645.2
1108350 644.2
1108360 642.4
1108370 642.4
1108380 640.6
1108390 638.8
1108400 638.8
1108410 636.9
1108420 635.2
1108430 635.2
1108440 633.9
1108450 632.6
1108460 632.6
1108470 631.1
1108480 629.8
1108490 629.8
1108500 628.6
1108510 627.7
1108520 627.7
1108530 627.4
1108540 627.1
1108550 627.1
1108560 626.7
1108570 624.3
1108580 624.3
1108590 623.6
1108600 621.1
1108610 619.2
1108620 619.2
1108630 618.3
1108640 617.3
1108650 617.3
1108660 616.4
1108670 615.9
1108680 615.9
1108690 614.9
1108700 613.3
1108710 613.3
1108720 612.3
1108730 610.9
1108740 610.9
1108750 611.4
1108760 611.3
1108770 611.3
1108780 610.4
1108790 609.1
1108800 609.1
1108810 608.5
1108820 607.6
1108830 607.6
1108840 606.6
1108850 605.0
1108860 605.0
1108870 603.9
1108880 605.5
1108890 605.5
1108900 606.2
1108910 605.4
1108920 605.4
1108930 605.8
1108940 606.5
1108950 606.5
1108960 606.8
1108970 606.8
1108980 606.6
1108990 606.6
1109000 606.2
1109010 605.6
1109020 605.6
1109030 604.5
1109040 603.2
1109050 603.2
1109060 602.1
1109070 601.5
1109080 601.5
1109090 601.6
1109100 601.8
1109110 601.8
1109120 601.6
1109130 601.4
1109140 601.4
1109150 601.3
1109160 601.1
1109170 601.1
1109180 600.5
1109190 599.9
1109200 599.9
1109210 599.5
1109220 598.6
1109230 598.6
1109240 597.4
1109250 596.3
1109260 596.3
1109270 595.5
1109280 594.9
1109290 594.9
1109300 594.5
1109310 594.5
1109320 594.5
1109330 594.6
1109340 594.6
1109350 594.7
1109360 594.7
1109370 594.6
1109380 594.9
1109390 594.9
1109400 595.2
1109410 595.2
1109420 595.2
1109430 595.3
1109440 595.3
1109450 595.3
1109460 595.4
1109470 594.8
1109480 594.8
1109490 593.1
1109500 592.4
1109510 592.4
1109520 591.4
1109530 590.4
1109540 590.4
1109550 591.4
1109560 592.8
1109570 592.8
1109580 593.5
1109590 594.3
1109600 594.3
1109610 596.1
1109620 598.6
1109630 598.6
1109640 600.8
1109650 603.6
1109660 603.6
1109670 605.6
1109680 606.1
1109690 606.1
1109700 606.7
1109710 608.7
1109720 610.2
1109730 610.2
1109740 611.5
1109750 613.4
1109760 613.4
1109770 616.6
1109780 620.2
1109790 620.2
1109800 622.9
1109810 625.0
1109820 625.0
1109830 624.1
1109840 623.9
1109850 623.9
1109860 624.7
1109870 625.8
1109880 625.8
1109890 627.7
